DLN_2_0.3_0.3_0.3             [  45.78   31.09   30.23   29.91   29.48   27.15   26.89   26.24   26.16   25.53 ]
DLN_2_0.3_0.3_0.8             [  41.14   27.34   26.74   25.22   24.75   24.58   24.08   23.37   22.93   22.53 ]
DLN_2_0.3_0.8_0.3             [  43.61   31.19   30.58   28.87   28.41   27.76   27.07   26.66   25.75   25.16 ]
DLN_2_0.3_0.8_0.8             [  38.90   27.35   26.69   26.62   25.48   24.59   23.77   23.10   22.28   22.22 ]
DLN_2_0.8_0.3_0.3             [  43.65   31.82   29.80   28.78   28.52   25.26   24.62   24.27   23.20   22.98 ]
DLN_2_0.8_0.3_0.8             [  41.45   26.71   26.49   25.95   25.73   25.06   24.12   24.10   23.66   22.71 ]
DLN_2_0.8_0.8_0.3             [  42.95   30.80   29.19   28.29   27.39   27.01   26.09   25.36   25.02   24.74 ]
DLN_2_0.8_0.8_0.8             [  42.64   26.72   26.13   25.99   24.69   24.10   23.97   23.81   23.80   23.15 ]
drosophila_genetic_multiplex  [  30.42   29.43   28.59   27.93   26.32   25.77   25.71   25.10   24.41   24.34 ]
homo_genetic_multiplex        [ 170.97  135.57   87.40   69.48   68.24   67.78   64.82   62.60   61.50   60.98 ]
MoscowAthletics2013_multiplex [   8.63    8.05    7.73    7.11    7.11    7.09    7.07    7.05    7.03    6.98 ]
NYClimateMarch2014_multiplex  [  19.56   11.84   11.16    9.34    9.31    8.99    8.98    8.79    8.76    8.44 ]
sacchcere_genetic_multiplex   [ 292.77  291.88  267.94  265.26  260.22  259.44  247.15  231.51  229.52  224.58 ]
sacchpomb_genetic_multiplex   [ 263.13  246.79  186.91  145.24  106.56  100.67   97.24   92.87   88.21   87.57 ]
SLN_2_0.3_0.3_0.3             [  62.52   54.44   46.52   37.54   37.52   37.46   37.36   34.81   33.94   32.65 ]
SLN_2_0.3_0.3_0.8             [  45.59   38.59   33.39   27.00   26.56   25.45   24.92   24.72   23.54   23.04 ]
SLN_2_0.3_0.8_0.3             [  60.24   50.75   39.05   37.04   36.07   35.62   33.60   33.25   32.43   31.51 ]
SLN_2_0.3_0.8_0.8             [  45.20   38.43   28.47   26.62   26.45   25.04   23.65   23.05   22.99   22.64 ]
SLN_2_0.8_0.3_0.3             [  66.85   55.85   41.20   37.03   36.77   34.73   33.58   33.39   32.62   31.89 ]
SLN_2_0.8_0.3_0.8             [  45.09   38.68   30.70   28.05   27.95   27.61   24.97   24.08   22.98   22.67 ]
SLN_2_0.8_0.8_0.3             [  61.34   50.59   42.87   37.92   36.35   35.35   34.40   33.05   32.83   31.01 ]
SLN_2_0.8_0.8_0.8             [  45.16   37.12   30.67   26.90   26.50   25.65   25.61   24.37   24.04   23.60 ]