10876 34740
18.7429
12.4381
4.19048
12.781
6.2
7.65714
12.8857
5.90476
13.1238
14.9143
15.9429
6.20952
12.0095
7.49524
18.5619
11.8762
4.21905
13.8
6.45714
17.1429
21.0667
9.11429
4.37143
13.6095
4.40952
15.6667
13.019
4.18095
4.67619
5.2381
4.84762
6.39048
8.2
8.8
7.26667
5.38095
11.4095
11.5143
16.5714
9.6
4.25714
12.2476
27.3619
15.5619
5.98095
8.34286
16.6952
11.4
4.19048
14.8
7.2
11.1619
14.5238
6.22857
9.82857
20.4381
4.30476
12.7143
9.37143
8.17143
14.7333
16.2095
22.4762
10.5333
5.34286
15.7905
7.4381
4.52381
19.9429
4.50476
23.8952
9.53333
9.28571
12.9048
14.0667
7.65714
6.8
10.1238
11.2952
9.4
9.08571
5.97143
5.69524
15.3143
7.32381
9.07619
17.0476
14.819
8
8.48571
6.74286
9.30476
4.30476
12.6571
9.08571
6.44762
12.4667
17.819
7.19048
12.4667
20.4095
13.9429
11.3524
4.14286
9.2
14.9905
10.8857
4.59048
4.6381
15.9333
11.4095
8.39048
16.0286
6.84762
10.2
10.6857
6.78095
11.0381
14.5143
9.28571
22
7.8381
6.35238
6.49524
4.78095
21.5524
15.0857
20.181
23.6952
17.381
9.85714
14.8095
11.8476
5.38095
16.1619
12.6476
16.2476
13.4857
12.0095
5.41905
15.8571
21.581
14.2381
13.6
5.26667
17.819
12.4762
14.2952
12.7619
10.2857
7.82857
21.3333
17.6667
12.7143
10.0667
15.8381
16.819
10.1524
5.85714
9.26667
8.8381
19.8286
14.1619
11.5333
21.6762
9.28571
9.30476
7.30476
13.4095
7.38095
11.6952
11.4952
9.68571
8.99048
4.46667
4.30476
11.2381
12.0667
17.8286
13.6381
13.9905
20.3429
6.6
19.5333
10.8762
11.1143
9.72381
6.90476
14.4762
25.3714
15.8381
11.7524
12.1333
9
18.4952
8.26667
6.41905
8.62857
6.95238
18.1238
10.0476
8.01905
10.819
13.4476
4.53333
4.70476
14.6952
7
14.5524
15.781
8.60952
15.1143
4.32381
14.9048
13.019
9.32381
8.89524
4.39048
13.2476
4.3619
7.71429
6.17143
10.5429
22.3905
8.4381
6.2
11.2381
4.21905
6.13333
5.71429
12.181
7.62857
8.72381
7.69524
7.01905
6.24762
13.4667
7.24762
4.81905
9.01905
4.8
6.13333
4.09524
9.01905
16.1714
17.1143
14.9238
15.8095
13.8571
10.581
10.2667
10.0095
11.8286
4.61905
8.99048
8.95238
12.5905
10.2571
11.8952
8.12381
13.0667
12.5238
14.981
4.87619
9.2381
4.50476
13.9429
17.6667
17.8381
13.9429
16.8381
23.0667
23.019
11.381
5.68571
11.8952
12.1048
4.33333
15.5524
18.4762
18.4
11.981
4.35238
7.77143
17.6
20.6381
6.24762
19.9333
11.8286
16.8952
12.7714
15.9333
15.7714
18.2381
12.7619
15.1714
8.52381
16.7524
15.6
6.1619
5.60952
12.6571
13.1429
18.019
12.2952
10.2857
10.0762
7.0381
4.35238
15.2857
22.4571
16
10.9619
19.0476
15.5905
7.73333
4.30476
11.2762
20.0476
12.8952
5.89524
4.39048
11.9619
9.88571
9.82857
7.32381
10.9143
14.581
15.419
10.2286
4.20952
23.619
4.81905
5.01905
6.7619
8.86667
5.47619
5.05714
12.2952
15.1524
12.4762
4.97143
5.00952
10.6381
5.05714
9.51429
23.781
5.40952
9.44762
7.90476
13.8476
12.3714
15.8571
4.20952
8.86667
9.2381
11.6095
5.60952
8.70476
5.05714
4.37143
13.6571
4.42857
10.2286
8.51429
11.5619
11.0762
13.3238
7.08571
10.6762
9.94286
7.26667
6.90476
9.62857
4.3619
4.44762
6.20952
6.48571
11.0381
16.0667
8.15238
6.34286
17.7905
15.7143
5.27619
28.8571
17.9238
19.3619
12.9714
12.4667
11.4952
17.7619
17.3905
13.1714
16.6667
14.0571
18.019
11.619
9.05714
11.019
4.60952
14.0286
8.68571
22.5143
4.50476
7.46667
15.4095
17.7429
14.3048
11.781
4.64762
6.61905
13.0095
9.89524
12.3429
9.57143
6.19048
12.2952
11.8286
5.55238
23.1714
7.18095
12.8095
4.48571
11.2381
8.78095
9.88571
4.84762
4.70476
6.84762
8.53333
7.34286
9.59048
4.34286
11.9143
9.86667
15.3714
7.29524
11.4476
10.7619
13.2762
8.34286
9.78095
7.81905
12.2
12.4476
13.4857
9.24762
6.71429
9.18095
14.1143
10.4857
22.3333
7.04762
12.1333
11.4286
13.6095
9.79048
17.2095
8.07619
11.3238
9.62857
14.6095
11.2476
8.42857
6.15238
7.37143
4.44762
4.02857
9.39048
15.8762
7.85714
4.20952
9.26667
10.219
12.9429
15.4857
15.2952
14.0857
13.8476
7.80952
10.5619
14
4.40952
16.8667
8.35238
14.8286
11.2857
14.5048
13.0286
25.7143
10.6952
12.7714
16.8667
11.581
10.0762
6.95238
10.6476
14.6857
6.07619
11.6381
18.9143
15.7429
4.51429
12.0476
9.15238
19.3619
13
19.5143
20.6381
10.4381
4.66667
8.28571
9.00952
13.7333
6.06667
18.8476
10.0476
4.32381
10.1333
4.42857
15.6667
14.1048
9.38095
6.45714
17.0571
10.1333
7.38095
13.5048
13.3429
11.3429
4.2381
5.60952
4.67619
9.46667
4.44762
9.2381
21.0476
14.4286
4.39048
8.31429
6.25714
14.1524
20.5714
13.781
14.3524
12.2952
10.4667
7.21905
8.53333
12.7143
11.9905
5.94286
5.60952
11.7238
4.84762
14.9238
9.17143
4.47619
8.1619
7.71429
16.8667
10.8857
5.25714
5.50476
18.2571
13.781
18.4952
15.6476
12.6857
28.0952
14.0286
11.8667
12.4667
11.2476
15.0857
9.02857
21.7333
4.19048
21.0571
11.3048
9.25714
10.2095
11.4095
4.2381
5.90476
8
27.8476
11.2667
11.0095
18.4
4.6
15.5619
8.62857
5.35238
19.6857
5.74286
10.1238
7.74286
15.3524
11.5714
6.44762
13.5905
10.4381
11.2952
6.14286
10.4571
17.6095
10.5238
9.90476
20.3143
19.619
4.28571
4.6
7.34286
4.11429
15.6
4.21905
15.3714
13.6
7.19048
4.6
11.7238
9.6381
14.2381
21.619
5.93333
11.9714
11.981
9.7619
5.61905
8.8381
6.20952
5.11429
4.2381
11.9048
7.95238
14.3143
13.981
26.5333
6.68571
7.31429
22.3333
8.07619
4.18095
5.5619
5.0381
4.54286
10.2952
12.0381
7.10476
8.25714
14.8762
7.18095
20.9619
9.55238
11.4476
13.8952
12.1048
17.2857
6.32381
7.60952
8.93333
13.381
18.3048
7.46667
8.52381
18.4952
11.9238
14.5524
12.1905
11.5143
4.2381
4.15238
11.6762
10.6286
11.8571
12.5429
10.9905
12.3333
9.00952
14.1905
10.9238
12.0857
14.8857
7.12381
14.5048
21.2762
13.0762
9.7619
10.0571
8.27619
17.8857
11.4
8.61905
10.9333
15.9238
5.70476
11.0571
6.75238
6.6
16.3048
19.7048
9.84762
7.27619
8.9619
19.5143
5.57143
9.29524
6.61905
7.47619
13.381
9.62857
10.8381
8.84762
4.4
9.58095
14.4
12.4667
4.40952
14.4095
6.98095
15.8762
18.8667
13.1048
9.57143
11.0381
12.4667
19.8952
6.77143
10.1524
18.1905
12.5048
19.4667
4.12381
4.45714
4.37143
9.86667
7.9619
18.6952
4.10476
5.39048
15.6286
7.06667
4.65714
12.9905
6.39048
17.4095
9.12381
10.1238
13.9905
16.3048
6.00952
8.17143
4.53333
4.68571
9.11429
15.7143
4.20952
20.0857
11.6286
9.02857
10.5238
10.0571
5.85714
17.7905
5.45714
15.6762
10.2667
13.6
19.0286
4.31429
9.7619
23.4095
6.78095
13.381
15.2857
12.3238
15.8476
8.0381
15.1524
15.8286
17.181
12.5048
13.5905
7.68571
14.4571
5.2
14.581
8.50476
7.08571
17.6667
13.6381
21.6095
13.9048
8.77143
20.6571
13.1238
16.0095
11.2095
5.20952
14.1238
19.419
13.7429
8.31429
8.84762
15.9905
4.8
5.61905
19.3714
21.1333
10.0857
4.69524
11.6667
4.65714
14.8381
12.9905
6.29524
13.4952
13.7238
16.419
11.9048
12.4476
34.3238
4.57143
9.39048
13.1905
12.4
7.26667
9.3619
19.0571
12.2857
9.77143
10.5048
8.06667
17.8952
10.8667
10.981
8.97143
11.6762
10.981
9.6
5.64762
5.3619
4.00952
7.06667
10.9048
8.54286
8.81905
15.7143
7.92381
14.1429
6.05714
9.30476
13.181
12.3429
4.6381
12.5524
5.21905
4.77143
4.68571
9.35238
8.26667
4.3619
4.2381
15.019
17.0667
10.9143
8.12381
13.8667
12.219
9.41905
18.0857
7.19048
8.26667
4.28571
7.68571
7.8
13.6095
4.15238
15.2286
5.94286
9.61905
9.22857
13.5333
8.54286
5.51429
6.44762
6.7619
4.3619
8.65714
4.24762
10.8
20.3333
15.1238
12.8952
12.4952
4.65714
8.35238
6.33333
8.4381
12.0476
12.4
4.54286
6.81905
8.26667
8.11429
8.4
12.4381
10.1524
7
13.9905
7.07619
15.0571
7.8
14.9905
8.45714
16.6476
13.0381
14.4381
6.00952
8.99048
14.7714
12.1524
9.9619
6.9619
6.38095
10.1524
4.93333
4.67619
20.619
11.9429
8.41905
15.1238
25.3524
14.7714
4.65714
9.05714
16.6762
11.3238
7.99048
10.5333
18.3714
19.7714
4.25714
19.4286
18.8952
16.5619
17.7238
7.77143
4.99048
22.0857
13.1524
12.4
9.75238
10.7048
4.1619
8.18095
11.2
16.4095
12.8762
14.419
6.19048
19
15.3143
6.09524
15.8857
16.5619
13.9048
6.93333
18.419
12.9905
13.2952
5.99048
8.22857
10.5048
14.3524
12.3143
21.4
14.6762
17.4381
4.73333
4.70476
4.58095
6.22857
8.86667
14.0381
16.219
17.7905
7.65714
16.819
6.13333
7.9619
14.8952
7.08571
14.8
14.1143
11.9429
18.3143
5.86667
4.71429
18.5143
4.6381
8.59048
14.619
12.6476
4.72381
8.48571
5.38095
8.66667
5.57143
7.27619
13.4762
7.47619
16.4667
12.2952
17.6286
16.6476
18.5429
14.381
13.7048
7.87619
8.31429
13.2952
6.12381
7.1619
15.5429
16.7524
4.40952
12.0095
16.2762
9.19048
23.6286
12.8762
11.8667
7.37143
8.35238
27.381
7.92381
15.2857
28.6762
7.01905
6.69524
12.219
10.9714
12.3524
6.40952
4.99048
4.58095
11.7238
15.8
15.9238
11.2286
11.8667
14.7238
8.8381
19.2762
11.7143
14.5048
9.73333
8.29524
17.4952
9.41905
13.9905
18.8571
12.781
13.8286
4.34286
19.019
10.7524
6
13.7429
4.72381
4.27619
8.14286
11.7429
6.73333
11.4571
21.3238
12.3714
12.3714
6.04762
5.82857
14.7333
14.6667
6.09524
5.98095
7.5619
6.26667
9.65714
15.0952
7.35238
19.2381
7.82857
9.39048
4.78095
4.64762
22.2762
7.35238
18.7143
4.51429
5.14286
8.14286
18.8762
14.6952
13.4095
12.6095
14.2476
10.3048
5.08571
10.4667
7.30476
6.05714
8.71429
6.47619
10.6952
4.75238
15.219
7.34286
11.2952
11.2476
11.4762
15.1048
18.8
9.7619
19.9429
12.5714
13.9429
10.9905
4.6
20.0286
14.3714
11.1333
7.74286
12.4
8.99048
12.1333
4.55238
10.0952
6.46667
8.71429
11.8381
4.81905
11.3619
4.99048
7.38095
17.2
27.7048
13.2286
13.7619
9.42857
7.86667
5.3619
4.40952
10.4952
10.9714
11.1524
15.419
4.30476
6.72381
7.25714
14.2857
23.1048
16.419
10.8095
12.1333
4.70476
14.9333
11.2476
6.60952
12.8286
16.581
12.2286
23.6857
8.97143
6.74286
18.0476
6.20952
7.30476
14.9905
8.46667
13.5429
9.05714
11.019
10.7905
4.15238
6.80952
5.09524
12.0095
6.57143
9.39048
9.25714
4.45714
17.5333
8.39048
12.7619
13.7238
11.0952
4.94286
11.1714
18.5238
10.2381
9.94286
4.27619
9.95238
18.2476
9.60952
16.581
9.59048
5.53333
6.0381
12.019
6.31429
7.26667
7.93333
13.819
7.31429
7.19048
10.1238
19.4
5.27619
11.8286
14.2476
5.22857
11.5238
8.10476
16.1333
8.84762
7.89524
9.53333
10.4762
14.3238
8.80952
4.33333
4.47619
6.11429
14.3238
4.51429
5.44762
4.2381
16.7429
9.01905
8.73333
18
13.2476
7.58095
5.37143
4.37143
13.4667
6.10476
18.4952
6.8381
16.8952
8.7619
11.7048
9.77143
4.45714
17.0571
5.5619
4.25714
9.2381
9.5619
19.6667
17.2857
10.9048
12.8
10.8571
9.89524
12.219
11.181
14.0952
9.86667
14.1238
10.2381
20.4381
9.78095
9.22857
7.01905
11.6952
6.40952
5.68571
9.50476
20.8095
8.84762
15.5143
11.0762
4.30476
8.35238
7.40952
6.86667
12.0286
15.0381
5.67619
16.8762
12.3238
10.0857
4.92381
7.32381
5.20952
7.14286
8.32381
6.74286
11.2952
6.80952
11.3048
6.72381
20.7429
9.82857
29.5143
6.12381
15.6952
8.90476
9.34286
8.45714
13.3714
13.9905
15.1048
12.2476
8.29524
12.4
17.2286
9.55238
20.4381
9.07619
17.7333
19.1048
5.99048
7.06667
6.41905
7.9619
9.40952
8.65714
11.3429
7.84762
7.86667
8.02857
15.3429
5.74286
4.75238
11.7524
11.3905
9.65714
7.75238
5.82857
5.79048
14.6381
11.619
8.44762
10.0952
7.48571
11.219
14.4
4.7619
11.9238
5.69524
5.54286
10.5524
9.68571
12.8571
10.0857
9.60952
4.26667
9.31429
9.80952
14.1238
13.6286
5.66667
9.74286
15.7238
4.31429
6.47619
11.6857
6.68571
9.37143
24.4857
4.24762
4.50476
12.8667
8.21905
6.41905
15.9048
11.019
6.66667
14.4952
4.41905
8.87619
12.1714
12.5524
4.3619
10.2381
5.47619
9.42857
15.4762
8.6
10.8286
6.97143
7.17143
4.05714
16.0857
10.5238
4.51429
14.1524
7.75238
6.14286
12.2952
13.1333
8.21905
16.7048
15.181
8.4
17.9905
4.65714
12.5714
8.58095
22.8762
10.9048
13.7905
15.581
16.5238
4.99048
12.2571
8.79048
11.2381
16.7048
9.39048
8.48571
10.3429
7.94286
8.45714
6.32381
17.6286
7.12381
11.4857
4.45714
8.06667
11.9429
5.59048
15.8952
11.1524
21.8762
6.62857
4.24762
17.9238
11.8095
7.46667
17.5905
10.1619
13.8095
25.1429
26.8571
4.47619
10.2571
8.67619
13.5714
13.0762
7.89524
10.581
4.69524
7.04762
11.6762
7.06667
11.3714
15.3714
18.1238
15.6762
5.33333
5.25714
10.2476
12.2571
13.6286
13.3429
17.4667
10.1048
5.02857
15.3905
10.8476
19.3619
14.9429
13.6286
12.6952
16.4286
7.57143
12.3238
14.819
9.35238
14.4667
11.4286
10.6857
17.581
22.4
12.8952
4.40952
8.51429
8.72381
12.0667
10.2286
17
15.9048
4.18095
13.6095
7.40952
15.2762
13.6
19.1143
9.47619
8.47619
4.33333
4.25714
9.79048
15.1333
5.12381
12.8286
12.8381
24.6095
15.1143
14.4571
8.51429
19.2
5.80952
8.19048
5.22857
22.2857
27.1619
7.1619
8.17143
6.6381
13.5048
10.6286
9.86667
9.09524
4.77143
5.54286
9.70476
4.88571
6.09524
8.50476
7.39048
13.4952
12.5714
15.1048
10.1143
4.38095
7.86667
9.57143
13.4381
10.1238
20.7048
7.10476
4.15238
13.0286
9.04762
12.3905
10.6952
10.6667
11.3333
6.02857
14.2857
10.7429
22.5619
4.14286
16.5429
8.74286
5.07619
15.2762
13.8762
23.2476
7.97143
9.13333
12.6286
12.9524
10.9524
13.6667
4.9619
14.181
8.41905
20.5905
11.1524
12.8571
14.1524
14.2476
15.0381
10.981
7.52381
9.18095
18.1429
8.24762
12.7143
8.58095
4.24762
6.92381
8.1619
11.8667
16.419
11.7905
9.7619
16.5238
9.00952
10.9238
4.51429
7.91429
9.41905
7.5619
8.11429
4.37143
4.18095
4.33333
4.22857
5.89524
7.6
4.14286
9.64762
6.92381
19.6857
9.80952
17.8286
4.48571
12.4667
7.28571
11.8381
14.6571
20.4381
5.85714
5.34286
4.2
12.1619
11.619
9.74286
4.58095
15.1333
18.6
9.42857
10.8762
13.9905
10.5619
7.66667
23.4762
7.91429
4.17143
4.65714
10.7524
12.3429
17.4857
15.0476
9.41905
16.2381
12.0857
17.5714
5.8
5.05714
9.59048
11.0286
9.47619
6.18095
4.3619
12.8857
14.5619
8.85714
7.51429
11.1429
7.3619
9.45714
8.4381
4.0381
9.80952
9.4
5.70476
13.781
13.9905
14.6
10
4.25714
5.79048
5.91429
22.9619
12.7619
4.69524
4.38095
9.64762
6.8
7.73333
6.35238
12.7524
17.8476
13.1905
15.6095
10.6
4.26667
13.3333
4.50476
9.98095
18.9333
9.09524
12.0762
13.8286
12.6381
4.3619
5.81905
6.22857
13.5714
6.77143
5.32381
7.60952
4.34286
4.28571
4.92381
23.3333
10.6095
8.95238
5.47619
9.82857
9.1619
5.49524
8.11429
6.47619
12.1333
6.68571
4.50476
7.21905
7.39048
20.4762
12.0667
12.619
22.9238
4.61905
17.6762
14.3238
14.981
13.3619
13.4952
5.52381
14.1524
15.419
12.4381
4.58095
5.29524
9.30476
14.5429
5.60952
5.02857
8.5619
18.5429
4.50476
16.6571
15.7048
4.32381
6.00952
17.0762
11.1714
7.97143
8.41905
12.781
6
5.69524
13.019
4.35238
10.4952
17.3905
10.6095
10.6762
4.14286
13.7524
10.3238
8.95238
9.21905
4.37143
9.18095
7.35238
4.94286
10.2762
17.4571
6.04762
8.85714
16.1619
10.5333
8.7619
4.38095
4.53333
4.69524
7.32381
9.45714
6.50476
5.51429
12.0381
7.90476
4.38095
15.0095
7.51429
6.06667
10.8
5.3619
10.2667
5.64762
11
4.70476
11.0667
7.18095
9.6
40.1048
15.2476
14.9619
15.6476
6.99048
12.2667
7.84762
17.3524
14.0952
12.019
13.1143
20.7429
15.3905
13.3714
11.8095
10.019
6.45714
7.14286
4.21905
9.74286
20.819
9.54286
15.6
16.381
6.55238
14.6571
4.86667
13.1524
4.4381
7.99048
13.5429
11.2476
4.08571
9.92381
10.3143
5.81905
10.3619
10.6381
15.6095
15.1619
6.64762
10.5429
6.13333
8.28571
16.4667
18.8857
8.57143
13.7905
5.94286
6.71429
16.6952
6.12381
7.61905
9.95238
8.8381
4.40952
14.7238
6.47619
9.3619
10.8
4.7619
13.3714
9.82857
14.7524
18.0667
14.7143
10.0857
10.6095
16.0762
9.27619
9.11429
17.7238
8.12381
8.41905
6.08571
11.381
11.981
4.57143
13.2476
9.00952
15.0952
10.1619
5.66667
16.0857
9.69524
16.3048
19.419
10.9714
17.4476
8.53333
10.6095
4.0381
12.6
14.5333
14.819
12.8286
5.73333
9.22857
10.3524
18.6571
5.50476
13.4667
5.69524
4.26667
8.12381
11.9143
14.8952
4.34286
11.3238
6.29524
18.4381
5.34286
11.019
12.7524
9.52381
6.95238
5.6381
14.1143
16.3619
17.3143
12.619
7.01905
10.4857
5.44762
4.29524
4.6381
11.4286
5.7619
4.8
13.8571
11.8952
8.8
9.4
6.71429
6.93333
9.26667
4.32381
9.67619
4.2381
9.6381
17.619
13.1048
17.419
14.0476
9.87619
12.5619
7.94286
4.41905
4.5619
9.31429
4.39048
10.8476
15.9619
16.5905
9.40952
11
5.68571
8.79048
10.019
14.9048
13.5333
9.4381
14.219
6.8381
13
7.92381
12.0667
12.2667
13.9714
6.05714
13.7714
6.59048
4.13333
15.1333
8.5619
10.7048
13.6286
6.46667
7.61905
9.58095
13.5905
16.0571
4.50476
15.7429
23.3714
8.87619
10.7143
23.3143
11.0381
10.5333
8.72381
9.80952
8.30476
13.8286
7.27619
12.2476
14.6286
18.7333
4.14286
7.06667
6
11.0286
6.52381
10.6857
4.45714
15.9333
5.78095
22.4857
9.42857
11.2476
9.47619
4.30476
6.61905
7.41905
5.94286
6.6
12.3905
5.99048
4.78095
10.0952
8.85714
9.10476
9.54286
7.65714
5.9619
14.6286
9.39048
6.9619
13.819
4.08571
14.0952
7.09524
8.69524
8.87619
15.419
10.6952
10.6952
7.21905
4.77143
12.4571
10.3333
6.70476
8.05714
8.14286
8.61905
11.0095
19.2952
12.3429
5.68571
14.1714
24.381
6.86667
4.99048
14.8095
4.05714
13.2571
21.4095
10.7143
16.2381
14.6762
8.31429
10.3905
9.97143
4.38095
13.7619
12.2
12.4476
6.85714
12.9143
8.25714
12.2762
5.75238
13.9333
13.5524
4.6381
13.7905
9.66667
8.32381
13.4667
5.14286
8.78095
12.4667
8.34286
6.62857
12.8952
6.82857
5.71429
9.45714
4.22857
19.1619
7.95238
16.3048
17.019
5.4
10.381
9.41905
4.66667
19.3714
6.61905
15.1143
10.0476
20.9524
4.51429
10.1714
11.5429
8.47619
7.18095
12.2571
20.8857
12.2
4.38095
12.6286
6.45714
17.7333
18.6381
7.34286
19.3714
10.8381
9.11429
11.5048
17.3429
5.8381
12.8476
6.93333
8.25714
7.12381
14.5429
9.42857
4.2
16.4952
20.4667
12.3524
6.86667
8.01905
15.381
12.0667
18.9143
18.4857
7.64762
9.58095
10.3238
14.3619
11.8
12.5619
4.75238
4.85714
4.2
17.2476
4.80952
12.4381
10.219
5.4
9.4381
11.7429
11.2286
15
7.14286
5.4
15.0857
4.19048
4.37143
9.73333
15.419
7.70476
9.60952
19.1905
18.581
19.8286
11.7905
13.7143
11.1714
15.419
17.6095
4.38095
14.8286
11.3333
6.02857
4.40952
6.84762
6.02857
10.5619
6.68571
7.08571
4.42857
16.3333
10.381
13.5619
17.7905
10.6095
8.22857
4.38095
15.9524
16.1905
8.27619
6.26667
13.8476
10.6381
10.4095
12.3333
16.981
9.38095
11.9143
9.91429
4.50476
4.5619
13.2095
12.4952
12.8
8.13333
4.47619
4.46667
20.3429
9.21905
7.54286
10.2857
17.4952
10.419
6.77143
11.8
4.31429
4.71429
17.5429
4.41905
5.37143
4.46667
10.2286
5.30476
11.2
4.11429
10.7048
13.6
7.47619
4.39048
12.619
16.181
11.4
4.11429
11.1714
10.5238
10.6857
14.019
11.1524
7.79048
5.08571
15.7714
14.8667
10.4095
8.67619
8.72381
4.60952
6.27619
4.7619
5.99048
4.77143
10.9619
8.72381
5.65714
10.8095
16.0095
14.1333
5.1619
19.3333
11.6095
9.30476
14.5429
10.0952
15.1619
11.4571
4.47619
10.0857
11.0381
12.019
21.3333
4.27619
15.6571
15.5619
4.68571
5.60952
17.3048
15.6857
4.81905
6.61905
11.7524
11.0476
8.35238
11.781
12.5524
19.0571
13.9238
17.1333
8.84762
19.8095
9.84762
8.2
4.1619
7.21905
16.6
6.8
7.02857
17.981
10.6571
15.1048
7.92381
4.41905
24.4095
8.58095
14.7905
21.219
7.57143
6.3619
4.04762
14.0095
11.4952
7.01905
19.6952
4.86667
12.3333
12.3143
11.1619
16.3333
16.9143
15.2952
11.7048
13.6
11.0952
15.3143
8.58095
21.9619
8.74286
8.54286
7.99048
7.53333
12.4286
4.81905
8.09524
8.05714
6.39048
4.37143
18.8667
4.19048
4.4381
7.75238
9.06667
10.9333
17.6
11.2095
10.8857
13.4286
9.49524
6.45714
4.39048
14.0476
8.29524
6.02857
17.9619
4.50476
6.87619
22.0667
10.6952
8.15238
8.18095
9.17143
7.79048
4.27619
7.38095
6.2
4.25714
15.4762
14.1048
6.47619
6.87619
22.4667
17.7524
14.6286
9.49524
4.73333
9.8381
9.49524
9.51429
13.9905
10.4667
15.8381
14.3333
7.06667
6.10476
14.3619
13.5429
6.7619
8.22857
8.81905
9.46667
9.46667
6.2
9.5619
10.8095
14.2286
12.9905
7.28571
20.3143
4.4
6.4381
12.3905
5.0381
12.8476
4.24762
16.0762
9.8381
8.10476
14.1429
6.94286
16.2
10.3143
5.39048
7.0381
11.2381
6.62857
12.4381
18.7048
7.49524
7.4381
8.93333
7.58095
5.19048
5.58095
15.5714
7.4381
4.95238
6.15238
11.2952
14.2667
6.47619
26.4571
15.3619
10.581
13.7619
4.6
9.59048
4.2381
18.9048
12.6952
17.7238
18.6381
15.4
6.55238
5.81905
11.419
14.619
7.80952
13.8857
15.3238
9.15238
9.25714
17.6381
12.2095
7.78095
15.381
9.74286
6.32381
13.7048
11.0286
7.2
17.8381
5.75238
6.6381
13.3429
8.85714
9.87619
4.99048
13.3048
7.54286
12.9143
17
17.0571
15.2381
5.47619
8.59048
7.46667
7.10476
4.40952
19.0476
9.62857
4.27619
6.78095
8.59048
6.09524
9.07619
6.10476
7.12381
9.85714
12.6476
6.25714
4.75238
9.18095
4.67619
8.69524
6.02857
14.1619
8.52381
11.3429
11.9429
6.61905
8.33333
16.4381
6.41905
11.7429
9.57143
7.65714
9.59048
18.6762
11.7619
4.75238
20.0286
9.92381
4.52381
5.33333
10.1429
10.3238
7.79048
7.58095
5.2
24.5905
6.11429
4.74286
8.34286
18.2381
19.5905
7.87619
9.6
9.91429
20.4952
14.0286
10.9524
4.52381
13.6952
10.6571
20.5429
7.81905
5.55238
12.1905
8.87619
25.9238
5.98095
6.86667
24.2857
7.37143
25.2667
10.0667
9.10476
10.981
8.48571
6.5619
13.3524
14.7714
5.61905
19.6857
4.71429
9.32381
11.2286
6.82857
4.55238
14.2952
11.0857
10.9619
12.8952
8.29524
18.8095
17.9714
6.06667
9.57143
4.37143
4.13333
4.35238
11.0286
22.6571
8.55238
10.6952
13.819
12.8857
6.82857
15.4571
6.55238
10.9333
14.4
4.10476
14.7429
6.30476
11.0095
4.27619
11.6857
17.7333
17.9143
11.2
4.7619
5.14286
9.73333
8.59048
13.7143
15.8762
10.2857
21.3238
11.8
5.98095
13.1238
9.26667
13.219
12.4762
14.6571
8.19048
11.2
13.1429
4.60952
17.019
13.9143
16.6095
13.1238
15.5905
10.5714
20.4952
15.0095
10.2762
9.4
5.49524
4.61905
43.0381
8.40952
6.79048
14.1429
8.28571
7.49524
12.0286
20.6
6.73333
15.6
11.4
4.45714
4.35238
14.2
4.17143
5.38095
11.2571
17.019
4.33333
9.01905
15.6095
9.8381
21.7524
17.8
11.4952
4.14286
13.5714
6.38095
14.8667
6.60952
16.7905
10.5905
4.21905
6.87619
7.30476
6.07619
4.02857
4.91429
5.41905
10.0762
17.1048
11.6286
5.12381
14.0476
13.419
9.32381
9.81905
14.1048
4.25714
11.1143
4.28571
14.0571
12.1619
17.0762
8.27619
9.7619
15.5238
17.1048
20.6095
5.78095
10.619
13.0952
11.7143
4.28571
4.64762
6.07619
8.57143
10.5429
15.6286
20.2952
12.1333
10.8476
10.0095
4.7619
10.8857
14.3238
7.77143
9.98095
13.1048
7.91429
10.8762
4.90476
4.34286
10.0667
12.8476
13.8762
4.22857
11.8095
14.8762
14.6476
10.4952
18.3333
12.4476
4.08571
7.89524
20.6095
19.9143
7.80952
11.3714
18.1619
9.57143
8.75238
10.6857
9.29524
17.2857
10
10.6762
11.7238
13.819
19.6286
4.29524
7.57143
6.30476
9.72381
9.8
10.2
10.581
8
6.89524
11.0762
8.7619
9.94286
4.70476
7.10476
9.31429
9.38095
11.0762
4.60952
13.0381
9.87619
12.5429
9.21905
10.3714
9.2
6.28571
8.67619
10.3714
4.4381
9.88571
16.2286
11.8095
7.58095
8.14286
5.24762
8.88571
7.09524
8.22857
10.8952
10.3714
8.65714
13.8476
12.3429
8.80952
10.9714
9.33333
4.38095
9.85714
5.45714
26.7333
9.30476
6.57143
5.77143
4.68571
11.1714
4.32381
13.0095
13.9238
8.19048
8.68571
4.73333
13.9619
6.50476
11.6857
5.19048
11.5238
7.88571
4.12381
13.2952
12.9429
11.1429
9.54286
6.3619
4.2381
5.58095
8.75238
8.39048
10.8571
8.64762
6.2381
16.5333
14.0667
14.419
14.8381
15.0571
13.4857
12.1238
9.05714
23.8
7.69524
12.5333
14.0095
10.1905
10.2286
7.20952
4.67619
4.51429
13.1619
5
14.3048
4.72381
7.22857
15.7905
9.80952
13.2667
9.98095
4.41905
8.34286
12.8952
4.49524
6.4
7.68571
10.6286
9.40952
8.12381
5.08571
7.79048
9.86667
4.30476
5.9619
8.14286
10.181
17.2857
10.0095
18.2762
15.4762
7.80952
4.27619
7.6381
7.30476
5.22857
12.2476
4.7619
11.2857
21.581
12.7143
16.0381
9.34286
5.75238
20.219
4.41905
16.181
15.4571
10.4857
7.82857
12.8286
13.219
11.9238
4.13333
5.90476
12.9905
4.13333
14.7143
4.79048
10.4
12.3905
12.9905
21.0095
19.2857
17.2381
4.87619
6.68571
8.22857
12.781
4.8381
4.82857
12.7524
11.3429
5.02857
6.34286
4.51429
6.27619
14.6286
14.6667
6.14286
13.2381
4.52381
14.181
15.1524
4.28571
4.33333
9.87619
11.2
12.0476
22.619
16.1333
5.02857
14.7238
22.0762
4.24762
9.11429
7.8381
7.11429
9.95238
4.62857
24.3333
7.00952
15.8667
13.2095
4.30476
4.10476
20.219
10.8286
7.57143
22.2762
11.0762
4.28571
11.1238
8.28571
4.71429
13.4762
4.88571
9.64762
8.05714
10.2476
7.70476
5.62857
9.81905
12.181
12.7048
12.6952
17.7429
8.8381
10.619
25.181
7.72381
15.8667
10.8095
7.31429
4.62857
4.53333
6.33333
10.6857
4.71429
15.8381
13.9429
9.37143
6.92381
4.14286
5.94286
10.1714
11.2476
13.1619
4.35238
7.41905
14.4857
16.4476
13.5048
11.0952
10.5524
23.0476
6.50476
7.59048
9.61905
14.6952
15.6952
15.1714
7.86667
12.2286
7.0381
11.9905
4.61905
4.29524
10.5333
8.68571
15.9048
9.10476
16.1619
13.8381
5.69524
8.68571
11.981
4.66667
13.1524
19.6095
15.6667
10.9905
8.91429
17.1619
12.3048
11.6095
7.24762
4.29524
13.6095
6.07619
7.59048
11.8952
11.6571
11.7905
5.79048
8.80952
9.5619
15.1619
9.45714
13.0762
7.59048
5.54286
9.27619
6.49524
8.11429
4.87619
17.5048
4.3619
17.8667
16.4381
5.1619
5.06667
5.59048
14.4667
9.78095
18.8952
4.4381
8.92381
5.10476
13.1048
13.4476
9.73333
4.26667
11.8857
9.11429
12.5238
14.3143
14.3333
14.1524
10.3619
6.78095
10.8
20.4857
4.27619
21.7333
16.9619
6.17143
22.9429
10.7905
6.2381
4.94286
16.6667
7.62857
8.9619
4.58095
14.1905
6.93333
8.12381
4.42857
17.2286
18.0762
18.7429
6.29524
4.20952
16.581
26.6762
9.0381
11.7714
9.04762
20.4857
10.4952
8.65714
8.28571
15.7143
4.44762
4.67619
12.181
9.84762
15.819
18.0571
19.8571
4.06667
7.15238
20.6476
4.31429
15.7524
7.44762
9.70476
7.48571
15.981
13.5429
13.6095
4.27619
7.10476
13.6667
6.46667
7.54286
11.8476
12.6381
7.61905
9.47619
18.1905
24.4571
8
11.3333
8.20952
4.10476
11.6
9.7619
17.019
6.01905
6.4
10
11.8286
10.4095
6.26667
4.34286
8.52381
8.02857
8.0381
5.89524
9.84762
8.84762
13.0381
6.88571
11.3619
10.7048
9.1619
10.6667
13.5524
12.5048
4.95238
22.5238
5.20952
8.09524
7.07619
6.51429
7.80952
7.68571
10.381
8.27619
8.14286
15.1143
8.64762
4.39048
11.8762
6.00952
4.24762
4.62857
10.781
7.85714
11.981
4.70476
13.9524
7.92381
8.14286
4.20952
10.2095
9.8
16.019
10.5143
6.26667
12.9905
7.20952
4.6381
6.10476
12.3524
8.95238
16.7524
4.37143
4.17143
4.4381
11.5048
6.93333
8.54286
13.7238
7.77143
8.12381
10.7524
8.84762
8.4
15.8667
8.33333
4.27619
4.22857
5.11429
4.29524
9.09524
8.79048
6.77143
11.2095
15.2952
9.44762
10.5333
19.5143
6.61905
13.8857
8.08571
10.3048
5.80952
12.3429
5.9619
17.2762
4.35238
7.70476
9.86667
12.8286
4.46667
4.2
11.9714
12.3238
8.60952
5.75238
25.8286
20.019
12.4
4.74286
7.61905
12.3143
4.11429
8.44762
6.47619
12.219
16.5524
6.62857
4.19048
6.54286
7.82857
10.1905
20.2857
10.4095
7.31429
11.7714
7.79048
15.8095
7.06667
6.32381
7.14286
7.90476
6.34286
5.92381
8.48571
4.1619
8.20952
9.34286
12.0571
9.35238
14.8095
10.2857
12.3429
13.8476
11.581
10.5238
4.39048
4.2
11.381
14.9429
5.10476
12.8571
13.019
14.3333
7.98095
4.08571
8.34286
9.80952
12.2381
14.3048
4.27619
13.6762
14.819
6.86667
6.90476
4.32381
12.0381
10.5238
6.06667
11.5333
9.0381
8.80952
4.18095
15.5048
19.4
9.94286
13.4
12.5333
4.13333
70.2571
5.37143
13.7143
8.21905
13.1238
13.2
5.47619
6.60952
6.67619
4.2381
11.1429
4.29524
16.6667
5.40952
14.4381
21.3619
4.14286
16.0667
5.07619
11.7048
9.25714
5.49524
9.27619
11.3714
12.2667
5.11429
14.9524
24.9619
14.4476
16.5048
16.6762
27.0381
11.8381
14.1905
14.5238
7.8
20.5619
14.5714
9.99048
9.05714
16.1238
14.9714
10.7619
12.0095
4.62857
10.2667
11.6952
14.3238
4.42857
7.17143
5.5619
15.0571
8.47619
5.5619
14.9429
8.60952
10.3524
14.7619
15.7524
9.11429
6.69524
8
6.62857
4.6
9.01905
14.6
4.98095
7.8381
16.7333
10.1143
7.42857
4.38095
6.9619
5.26667
9.6
11.2381
12.4095
9.19048
5.55238
19.7524
12.7619
10.8762
4.54286
4.11429
4.57143
11.3143
16.6476
9.49524
15.9333
20.4381
10.8
7.26667
9.19048
8.92381
14.3143
19.0095
13.0952
8.80952
5.01905
13.2095
6.60952
5.12381
15.0667
12.0286
8.4381
5.06667
9.91429
11.6
7.6381
9.26667
9.89524
9.84762
4.19048
8.51429
9.19048
5.59048
10.0667
8.3619
10.6857
4.27619
10.781
4.20952
14.5619
10.6762
16.8476
15.2857
13.6095
8.98095
7.91429
17.1524
17.3143
5.37143
9.64762
4.3619
14.0476
13.4
7.6
10.6762
15.2762
12.8
9.10476
16.8857
15.6476
6.39048
10.4762
17.3524
10.6571
8.24762
4.38095
6.98095
4.2
18.619
4.39048
9.95238
11.6476
5.86667
6.45714
12.9143
4.67619
12.9429
13.5619
5.6381
13.5238
8.5619
6.90476
5.20952
14.2952
6.53333
13.3333
9.64762
12.3048
8.98095
11.5048
18.6476
11.6095
4.72381
4.26667
15.5905
11.3048
9.07619
4.18095
6.53333
8.29524
13.8286
10.8571
10.781
16.9048
4.74286
14.7238
5.30476
5.00952
8.12381
5.57143
7.84762
4.54286
19.5714
9.89524
4.48571
12.7619
9.50476
14.7048
5.55238
11.5048
11.9238
7.18095
7.69524
11.2952
8.38095
12.8762
4.2
12.2381
4.37143
21.4476
5.25714
16.1714
9.81905
19.1048
7.71429
14.781
14.7333
6.90476
9.25714
6.2
10.5524
14.7905
4.82857
4.85714
6
10.7905
15.0571
8.87619
8.49524
10.7333
4.28571
11.1238
14.219
9.07619
14.8952
6.69524
11.1238
8.73333
7.79048
8.12381
21.019
5.61905
11.4571
4.95238
4.30476
7.38095
4.37143
20.7143
5.66667
8.21905
16.5429
4.54286
12.0571
5.52381
4.34286
4.53333
10.8476
6.7619
11.5619
4.4381
15.6952
6.8
17.2286
19.5905
12.7714
13.4476
8.15238
9.29524
10.8
14.619
17.1333
4.22857
10.0857
4.92381
13.8
16.4381
8.6
7.4
6.27619
18.4476
18.9143
10.5714
6.4381
10.3905
14.9714
8.73333
8.86667
17.3238
8.45714
10.0762
10.7238
5.74286
14.3524
9.61905
7.77143
14.9714
8.98095
13.419
10.4667
11.8381
14.1524
8.49524
6.97143
4.2381
7.72381
4.19048
11.6762
21.7429
9.2381
4.49524
8.84762
18.3714
9.50476
13.4571
10.1429
8.54286
4.38095
15.2857
18.5143
19.6381
18.0476
12.3524
9.94286
8.98095
9.54286
14.8667
7.13333
14.1238
8.45714
13.4952
23.4571
7.71429
7.87619
4.2
14.2476
10.5714
4.44762
9.71429
9.67619
20.1619
8.24762
7.70476
13.4095
21.3048
4.67619
11.381
12.1905
7.24762
10.8571
15.219
12.819
21.2857
13.5714
9.4381
8.01905
6.97143
12.3333
11.2286
4.07619
7.21905
8.06667
11.0857
4.95238
13.6381
13.6952
11.7333
16.1143
15.419
4.50476
12.6
10.1238
11.1238
11.3143
10.0857
19.9333
10.181
5.68571
15.4857
9.85714
5.8381
18.9333
7.4381
23.4
6.30476
14.8952
11.1429
5.84762
7.65714
8.13333
6.85714
10.219
4.61905
6.31429
4.01905
13.3238
5.77143
12.7333
10.6667
10.4857
8.6
4.6
5.58095
27.1429
8.64762
5.2
5.88571
12.3619
5.67619
18.6571
8.28571
4.51429
8.85714
16.6381
8.69524
12.6476
22.9143
10.6381
17.1619
9.04762
7.41905
12.219
8.19048
7.48571
15.3238
13.2095
9.2
11.1524
8.82857
18.0952
17.5619
11.6286
8.22857
6.67619
8.68571
5.64762
5.73333
8.54286
4.85714
8.92381
19.0381
8.70476
7.82857
14.8762
5.65714
4.4381
15.5333
15.2476
7.94286
7.77143
12.7238
4.60952
11.2095
5.2
10.181
14.9429
12.1143
12.9143
4.1619
8.33333
5.12381
4.35238
4.26667
16.7048
8.05714
8.48571
4.10476
11.3429
4.10476
9.28571
11.7619
4.17143
10.8762
14.4095
8.62857
11.1905
4.18095
6.21905
11.3238
4.11429
10.6
11.1429
12.2762
6.94286
11.4381
10.7429
8.90476
16.3048
14.0571
27.4381
15.1619
10.3048
13.7905
13.8
12.8095
12.7619
12.3333
28.5238
10.1048
6.00952
8.1619
7.51429
13.8095
6.95238
6.7619
5.08571
11.0667
15.0286
4.8
7.19048
14
11.4286
15.5429
13.1524
17.6762
9.21905
16.581
4.37143
9.26667
4.85714
10.0571
10.9143
17.2667
16.3333
17.6857
12.2571
16.7905
5.40952
4.07619
5.82857
11.5143
7.29524
10.7143
8.28571
14.2571
10.4667
10.9238
18.1143
8.47619
16.5429
12.2667
17.219
16.2286
9.74286
10.6952
13.9524
19.3524
9.55238
16.8571
8.82857
10.6952
4.13333
12.2857
19.2952
7.75238
9.93333
9.52381
4.71429
10.5619
6.14286
6.4381
5.88571
7.06667
18.019
9.05714
9.7619
9.2381
7.75238
13.5048
4.97143
4.4381
10.9905
7.22857
6.97143
12.1429
13.5905
19.4952
11.9333
9.74286
12.6476
9.02857
4.41905
5.21905
15.3524
10.8571
9.67619
4.6381
6.34286
12.2286
14.4952
5.21905
7.88571
12.0857
19.019
6.66667
10.3619
10.2476
11.1429
4.8381
4.6
11.3333
12.3714
4.87619
4.37143
4.26667
7.78095
6.1619
10.7524
12.4952
7.17143
23.6476
12.8095
10.9143
4.82857
8.37143
12.1905
13.2476
15.9238
8.73333
15.2381
6.73333
13.1238
14.2857
7.35238
5.6381
11.3714
4.27619
9.45714
12.9714
7.07619
22.0762
19.1333
13.3333
11.6667
11.3048
4.5619
8
4.22857
8.42857
4.53333
14.5429
9.4
4.29524
5.90476
7.93333
10.9238
8.31429
9.97143
4.10476
13.8571
10.8286
11.181
11.2476
9.12381
4.65714
10.1524
12.4286
16.3905
4.44762
28.2857
6.04762
10.1905
10.219
6.33333
8.29524
8.60952
4.87619
20.1333
7.98095
6.06667
10.0952
5.48571
11.8476
10.4571
14.4571
8.46667
8.86667
13.0952
11.7619
15.9905
12.4
4.31429
12.0095
4.18095
4.11429
9.93333
10.8476
18.1238
7.20952
11.2571
4.98095
8.17143
15.381
15.1238
4.62857
13.6952
13.8095
16.1429
9.60952
6.31429
10.9905
17.3333
5.66667
15.9048
6.6
9.26667
7.24762
6.4381
17.6857
5.62857
11.1429
13.8762
4.53333
15.5238
8.84762
10.2857
16.8381
9.65714
4.58095
6.70476
6.6
9.71429
6.28571
8.91429
7.39048
8.77143
6.18095
5.48571
12.4381
10.2286
8.27619
18.8
6.26667
5.29524
12.381
4.35238
5.67619
12.7524
9.87619
15.981
4.30476
13.3238
6.33333
7.20952
24.1238
23.5619
5.8
4.09524
12.4571
7.45714
10.219
13.219
4.93333
7.51429
4.34286
10.5238
9.61905
13.2857
7.72381
18.9143
4.5619
9.46667
9.05714
30.0476
13.4381
9.81905
6.41905
4.38095
8.05714
4.45714
17.7333
10.381
15.2
11.2476
8.10476
14.1143
12.9048
8.44762
9.12381
17.4
13.3238
5.02857
9.86667
11.9429
21.3524
9.04762
7.97143
9.44762
14.4762
15.9619
16
21.0381
5.94286
9.81905
17.6476
10.0667
8.2381
4.27619
10.9048
4.81905
7.35238
4.17143
13.0857
4.08571
16.2857
23.8095
7.09524
19.2095
5.64762
9.75238
4.2
8.11429
16.0476
4.49524
6.39048
14
23.1048
7.28571
15.9429
15.0857
16.0381
13.0857
13.8571
4.25714
7.14286
9.7619
16.2762
11.9333
4.71429
8.21905
4.49524
6.85714
6.4
4.62857
11.7429
8.90476
14.5238
4.8381
13.2762
11.9524
14.5048
9.22857
14.0476
17.6571
8.21905
7.14286
14.4
7.37143
12.781
4.2381
4.32381
9.12381
4.3619
8.67619
10.019
16.4571
12.1619
11.6571
17.5048
9.24762
13.6571
11.3238
12.1524
16.3238
14.2667
12.9714
26.4
13.1714
5.24762
6.37143
10.581
13.6095
10.0476
19.8952
9.72381
4.34286
17.3143
18.181
14.219
6.74286
13.0381
12.0952
11.5333
11.1524
10.8857
17.1143
4.32381
15.1333
4.33333
12.6667
10.6667
8.06667
7.31429
12.0095
7.15238
14.4476
15.7238
5.02857
11.3429
18.0667
14.1238
19.3714
14.6857
7.6381
4.12381
4.52381
12.5714
13.8762
5.40952
15.3333
32.2286
19.619
20.5619
12.5429
8.90476
11.8476
12.5048
4.21905
6.45714
5.90476
8.17143
4.54286
4.84762
4.2381
12.4476
13.8857
22.9619
12.8952
4.2381
5.87619
9.54286
9.32381
4.31429
4.42857
15.7524
11.9905
16.4286
11.8857
12.5619
13.2286
10.819
10.0286
13.7524
13.1524
21.3905
14.7905
20.6571
9.5619
7.9619
4.54286
5.7619
10.381
17.1714
7.49524
19.6857
11.3333
8.0381
8.91429
13.1619
6.22857
4.78095
6.59048
5.72381
4.53333
9.99048
4.31429
5.41905
7.68571
15.6095
19.7048
6.41905
9.27619
4.31429
4.15238
8.66667
6.00952
7.0381
14.2
4.49524
12.5429
7.10476
7.93333
6.41905
4.46667
22.7524
8.79048
16.3238
11.2286
14.0667
10.7619
10.0857
9.73333
11.4857
19.7714
7.29524
11.3238
4.49524
12.0095
13.2
4.60952
16.7048
14.8952
5.3619
8.19048
4.2
4.32381
10.5714
13.2571
9.21905
10.1143
9.07619
8.41905
19.9905
16.2095
8.88571
6.90476
18.4095
4.46667
9.40952
13.7143
6.48571
4.32381
6.07619
12.219
7.50476
14.3714
6.9619
12.0762
9.38095
7.50476
5.49524
4.05714
12.619
10.2667
9.99048
11.8095
7.66667
6.13333
7.13333
16.1238
7.32381
4.39048
7.89524
15.9714
4.68571
6.79048
12.9524
4.32381
4.07619
8.30476
8.06667
14.6
14.4857
6.98095
14.5905
5.29524
14.8857
6.61905
15.981
10.1905
4.25714
4.40952
4.27619
5.30476
6.29524
6.28571
7.14286
24.1429
9.35238
12.0286
23.3714
15.7905
6.25714
21.0667
9.95238
12.4095
16.5048
6.07619
14.7619
13.8571
4.41905
11.6952
10.4857
20.7333
19.6571
7.04762
7.62857
9.3619
9.11429
13.3524
6.68571
6.05714
5.38095
17.9524
9.01905
4.18095
12.019
8.85714
5.01905
9.66667
9.82857
8.33333
19.3048
13.7524
4.64762
6.10476
6.28571
8.99048
7.38095
13.3619
12.1524
19.7429
15.0476
10.019
9.87619
4.9619
9.17143
9.98095
9.38095
14.4476
4.44762
7.80952
10.4095
11.4762
8.69524
4.57143
17.0476
8.88571
25.3905
11.2667
15.6476
9.17143
6.50476
11.619
15.7524
4.72381
10.0667
12.981
5.4381
8.49524
16.8381
13.0952
4.60952
4.71429
7.29524
4.35238
15.2095
10.419
11.0476
22.1429
8.48571
17.981
21.6095
10.981
14.9048
4.52381
7.55238
11.0571
5.79048
9.57143
8.01905
9.40952
5.94286
4.54286
12.7238
11.581
4.31429
6.50476
14.0667
7.85714
8.07619
15.9143
9.29524
15.9714
8.98095
4.11429
16.4095
12.781
15.3238
6.78095
10.2476
12.3524
19.2857
13.1905
15.7905
12.3524
13.4095
7.98095
8.70476
27.2952
11.1429
10.2286
6.44762
4.57143
5.3619
8
4.89524
7.61905
5.2381
7.10476
7.93333
6.50476
12.7333
11.8762
8.69524
9.38095
11.3143
14.0286
7.98095
9.50476
5.19048
6.2381
20.8
7.13333
5.08571
7.75238
6.65714
18.9333
4.4381
9.70476
10.7619
11.019
14.9619
6.90476
8.90476
4.00952
8.85714
4.39048
6.41905
11.9048
8.30476
11.8857
10.0667
6.47619
6.44762
14.581
8.81905
19.1333
6.29524
15.1143
15.8762
11.819
8.3619
9.59048
13.0381
6.38095
11.7333
11.9905
6.60952
12.3429
10.8571
12.1238
12.6095
7.78095
7.85714
8.01905
4.34286
6.52381
4.42857
11.2381
27.0952
4.17143
10.0952
5.60952
10.7143
14.5238
11.9143
10.6667
17.3524
7.48571
4.59048
7.71429
10.419
11.5238
9.65714
18.2571
4.62857
11.3333
10.7333
5.66667
18.4095
8.29524
5.4
6.18095
4.94286
10.4476
7.61905
9.85714
12.7714
20.2476
8.00952
14.0286
9.64762
8.25714
8.30476
12.219
12.0952
5.18095
15.3238
4.6381
12.0667
7.17143
17.3524
15.8571
6.97143
11.6381
10.8762
12.4095
4.6
4.38095
6.27619
9.5619
6.0381
14.2
10.2095
6.05714
16.8095
6.40952
6.89524
4.24762
6.98095
5.34286
13.5524
10.0857
10.2667
14.5524
10.8286
8.18095
10.2762
9.26667
13.1524
14.1619
4.47619
8.26667
5.01905
9.6381
7.49524
4.48571
14.5714
5.21905
4.28571
10.5524
6.35238
4.31429
6.08571
11.8571
6.35238
12.1333
4.4
13.1048
6.12381
15.581
8.4381
10.4095
4.6381
13.2381
10.0381
12.0286
11.2476
10.6667
4.3619
10.019
7.80952
4.98095
11.2762
16.6
9.1619
4.5619
9.37143
9.99048
5.8
10.8857
4.5619
4.21905
27.5429
22.6
14.3524
13.4381
13.8857
6.97143
4.12381
5.64762
5.95238
12.4571
4.29524
20.4762
10.7333
13.3143
7.55238
4.37143
18.4
4.2381
15.5429
5.84762
8.73333
8.66667
7.47619
14.8381
9.25714
4.27619
4.1619
4.42857
8.85714
10.6095
4.20952
10.0762
7.9619
17.4857
4.89524
10.381
7.5619
4.45714
4.53333
17.0952
23.2952
5.6381
7.9619
9.14286
13.3714
15.8
4.33333
15.019
9.54286
13.0381
7.37143
6.15238
9.45714
14.6381
19.8571
9.39048
16.4286
7.61905
7.86667
9.79048
6.62857
11.4286
9.68571
7.37143
5.88571
12.4571
13.3524
4.2381
9.11429
5.18095
11.7333
13.0381
8.87619
9.85714
24.5524
15.1238
9.57143
6.35238
7.53333
6.35238
8.61905
9.40952
15.1619
16.6952
7.93333
10.3238
14.6095
7.64762
8.53333
11.8
6.72381
7.68571
7.37143
19.781
4.31429
8.92381
8.11429
9.73333
9.95238
10.0857
8.8
6.60952
4.33333
5.90476
10.5429
8.50476
4.38095
5.62857
5.54286
7.2381
5.92381
17.4667
12.9714
4.48571
12.5143
6.08571
11.6952
5.32381
9.29524
19.4857
11.1333
8.93333
4.50476
10.1143
9.80952
6.31429
6.5619
5.81905
5.58095
9.70476
14.9143
9.57143
6.45714
7.98095
6.75238
9.00952
21.0476
5.19048
5.50476
8.12381
12.3714
12.1714
7.69524
4.61905
4.28571
17.5429
8.33333
17.181
6.64762
14.3524
8.08571
10.7714
7.4
12.219
13.1905
10.8667
27.1524
8.31429
12.7619
8.26667
4.34286
4.0381
17.9333
13.1143
10.1524
6.35238
12.5143
10.0667
9.24762
15.8095
4.66667
11.1619
8.37143
7.38095
10.181
12.7143
12.6952
18.7048
7.46667
7.4381
5.69524
4.26667
4.31429
6.09524
14.4571
4.42857
9.46667
5.73333
5.22857
8.53333
4.2381
8.57143
19.2952
5.87619
4.27619
8.00952
10.6286
17.3143
17.2762
13.781
6.97143
13.2857
7.04762
12.0952
4.33333
10.3048
6.38095
4.73333
7.54286
11.7429
7.54286
12
12.4667
9.58095
10.3905
6.66667
14.2571
10.4571
8.25714
8.02857
12.3143
14.2762
8.2381
14.4762
9.2
16.0286
6.86667
6.11429
14.2571
15.3619
12.1429
8.6381
5.50476
15.8952
6.90476
4.54286
18.1905
6.2
10.1714
4.54286
21.7333
17.9619
10.4667
16.819
8.08571
12.581
11.8571
11.8667
14.3429
16.9048
7.8
4.26667
6.86667
11.9619
14.9714
10.0095
5.51429
10.6095
8.7619
12.1619
13.2381
12.8571
12.4286
18.7714
14.1905
14.3143
5.33333
7.00952
12.0095
13.8667
6.47619
8.8
5.70476
6.92381
8.13333
4.61905
13.4
5.2381
9.08571
5.33333
5.92381
4.13333
7.30476
6.97143
6.12381
15.8
20.2095
10.1429
4.2381
19.9619
14.0857
14.8095
7.74286
11.3524
4.86667
9.93333
8.37143
6.89524
9.98095
13.381
4.24762
6.14286
10.6762
6.4381
7.99048
11.7524
7.87619
13.3429
4.53333
15.181
10.8476
5.91429
5.74286
8.57143
8.71429
18.2
4.10476
11.2952
4.57143
18.2
6.5619
8.87619
7.30476
12.419
14.181
4.38095
22.9714
6.21905
12.3429
22.1333
4.4381
5.17143
14.219
10.0762
12.619
11.3524
4.39048
4.3619
10
4.25714
12.4762
4.6381
14.7524
6.24762
11.4952
4.80952
10.3429
12.4667
16.2
5.2
17.8286
16.3048
6.32381
20.1429
8.04762
4.12381
4.67619
16.7905
18.181
13.3143
11.3524
8.20952
13.381
4.99048
14.4381
7.05714
7.26667
10.6952
13.019
13.1619
10
6.37143
6.9619
15.4762
8.44762
7.39048
13.7714
16.1714
15.7524
18.3238
12.9048
16.0571
12.781
18.1524
8.39048
7.24762
13.1238
4.4381
4.26667
4.59048
22.6571
9.52381
12.2095
6.97143
12.819
4.66667
6.39048
8.27619
9.69524
7.00952
15.8476
16.0952
8.00952
10.1048
5.21905
4.98095
4.57143
6.67619
10.5905
7.79048
7.98095
16.2381
11.9048
18.8286
5.82857
4.44762
11.4381
5.25714
10.6571
4.0381
4.47619
4.30476
13.1905
4.22857
4.5619
7.26667
6.40952
8.14286
10.5524
7.33333
8.99048
12.2381
12.0667
16.4857
17.8952
14.5619
7.21905
19.1714
9.33333
6.78095
6.38095
15.7429
10.8667
4.02857
8.6381
4.26667
12.8381
15.6286
21.819
15.3143
6.62857
7.81905
5.0381
6.87619
8.02857
4.59048
4.35238
4.2
7.78095
8.14286
15.4952
6.00952
8.67619
12.6571
8.97143
6.4
9.40952
14.219
7.01905
10.4095
13.9619
11.2286
4.28571
16.781
11.2571
9.6381
6.57143
8.05714
13
5.37143
18.4095
19.181
4.59048
4.9619
8.82857
9.98095
15.2476
17.3143
9.66667
9.26667
8.51429
8.69524
13.7048
9.44762
15.6095
13.2667
6.51429
6.97143
10.1143
18.4667
6.98095
4.68571
10.4857
6.48571
10.4095
6.64762
9.04762
4.37143
9.19048
6.8381
8.26667
4.1619
13.819
7.80952
10.1333
13.381
4.77143
14.2571
11.581
15.7429
16.4
21.581
8.3619
4.41905
4.25714
6.29524
8.85714
7.82857
16.9238
16.4667
15.3048
12.9048
8.35238
4.33333
4.64762
7.31429
7.46667
5.99048
4.62857
7.33333
7.13333
9.86667
11.2571
4.55238
12.3333
13.8571
6.91429
16.1619
7.94286
14.2286
8.79048
14.5238
10.019
16.8571
24.3714
19.7905
7.8
10.2286
4.73333
9.3619
5.09524
8.02857
4.77143
5.42857
9.00952
11.3714
7.50476
9.44762
4.45714
4.08571
9.93333
6.26667
14.2857
15.3429
7.05714
6.8381
14.4
7.02857
13.2476
6.2381
10.9619
6.22857
4.4
6.34286
7.5619
10.9905
9.55238
4.49524
4.37143
9.1619
6.47619
8.60952
6.73333
4.73333
12.0952
6.44762
12.6571
11.8571
14.9143
6.09524
4.3619
7.74286
13.7143
9.2
4.29524
11.2381
11.2571
8
12.5048
6.15238
10.4857
10.6381
11.1714
4.11429
10.2381
4.10476
4.69524
8.46667
5.69524
10.5619
14.819
15.0286
6.73333
4.58095
16.0762
4.31429
13.2095
13.2667
5.4381
16.8
11.8952
5.1619
4.20952
12.4571
4.28571
6.48571
17.8286
17.8571
8.73333
5.92381
6.80952
11.419
7.94286
4.66667
18.0667
18.5143
18.4286
4.25714
7.77143
9.27619
14.3429
5.98095
7.97143
17.4762
22.4
6.38095
19.6476
15.4381
4.61905
8.31429
14.6381
11.2381
4.1619
9.87619
4.53333
9.80952
15.0095
6.75238
10.9905
10.9905
8.35238
5.14286
11.981
9.46667
5.69524
9.51429
9.08571
8.06667
6.55238
12.4667
4.57143
14.0762
7.7619
10.4
9.18095
9.7619
4.57143
4.47619
4.18095
4.78095
14.0571
10.8095
7.58095
4.4
7.49524
4.99048
21.5429
5.65714
9.28571
6.25714
20.2476
12.2571
4.86667
7.61905
11.8571
16.4952
5.37143
4.47619
5.75238
4.79048
9.13333
4.40952
10.8762
18.2952
4.35238
17.1238
22.9238
4.45714
8.74286
10.2381
4.58095
9.51429
12.019
5.51429
11.2286
5.72381
13.5143
9.22857
12.1143
10.1048
14.6857
4.5619
16.8762
11.9238
19.019
5.14286
21.2
17.2095
17.4571
24.581
7.80952
4.18095
5.87619
8.04762
6.01905
9.8381
14
7.02857
4.29524
4.39048
7.8381
4.19048
7.8
18.1905
4.39048
4.66667
11.381
12.219
21.419
13.2571
20.8952
9.89524
6.12381
10.019
16.7714
8.66667
16.1714
12.9143
13.5429
6.19048
14.8381
5.79048
4.06667
7.45714
4.47619
4.67619
4.77143
9.60952
9.8381
4.42857
19.4095
13.1238
8.90476
9.85714
7.41905
10.8762
10.381
20.0857
7.1619
7.87619
13
13.9905
14.3429
4.3619
10.6095
7.20952
18.1429
11.2095
9.38095
16.4286
10
6.58095
12.2667
7.85714
11.4476
13.0857
18.2667
9.32381
21.2762
14.7333
6.20952
5.1619
4.37143
12.5524
13.9619
14.2
7.45714
15
4.4381
10.6381
7.50476
12.2667
14.0476
4.73333
12.5333
8.50476
14.9714
9.4381
7.4381
5.30476
4.2
9.8381
4.25714
9.80952
4.08571
10.8857
4.75238
4.27619
4.30476
6.29524
21.9333
14.8095
9.88571
7.13333
8.3619
5.30476
9.2
13.4381
14.5905
4.58095
5.33333
11.0571
13.8762
10.0571
11.0857
8.24762
10.7619
9.90476
7.87619
9.4381
10.2
9.81905
9.28571
15.9524
4.40952
4.31429
9.42857
4.32381
8.38095
11.5905
23.0286
18.4
11.8476
7.9619
12.181
20.8571
5.39048
4.27619
10.0667
4.39048
12.581
7.09524
14.8381
9.21905
9.3619
11.0762
7.2381
4.57143
16.4571
9.44762
6.18095
4.6381
7.90476
4.50476
5.6
7.48571
20.0381
13.4857
15.819
7.02857
7.51429
8.00952
20.1333
5.85714
12.2381
12.5238
10.7619
13.6095
11.4381
21.3143
8.4381
4.55238
7.2381
25.0762
10.0571
12.7524
15.3238
12.0762
6.12381
6.8
9.15238
14.4476
4.51429
19.6571
21.4381
13.1143
12.0952
11.9333
5.82857
9.99048
4.4
11.7429
29.2667
6.46667
4.59048
18.4952
8.18095
11.4762
4.58095
12.8
8.57143
22.8286
10.9714
18.9905
9.77143
11.0762
9.85714
6.8
13.8571
20.6476
7.48571
4.55238
9.2
7.31429
15.1429
8.00952
6.77143
4.06667
6.4
4.28571
6.69524
6.05714
12.1905
6.19048
13.1905
4.41905
12.7333
6.2
4.51429
4.6
16.5143
4.2
12.4667
4.45714
8.65714
12.0667
6.94286
7.57143
6.11429
14.4381
6.82857
11.419
4.11429
14.7524
4.15238
12.2952
7.44762
4.49524
7.61905
13.9905
14.9143
9.73333
12.6381
10.9143
22.0952
6.27619
11.4667
4.28571
4.27619
4.59048
5.68571
17.019
7.3619
12.6286
4.29524
4.73333
17.7905
10.4762
7.21905
16.6286
5.3619
5.2
11.2286
11.9333
4.69524
7.8381
6.87619
5.46667
7.81905
8.09524
12.5619
8.1619
5.8381
4.80952
4.49524
4.40952
11.4
11.2476
10.381
16.2667
10.9905
8.10476
5.49524
8.70476
15.7429
7.88571
10.4667
7.38095
9.29524
12.4095
10.2857
4.46667
6.80952
6.37143
11.1619
4.19048
29.0667
16.2571
4.6381
14.6762
4.62857
11.2762
4.54286
4.37143
9.73333
18.9524
13.4
10.381
5.09524
7.32381
7.35238
6.5619
12.7238
11.4762
9.47619
6.69524
6.9619
10.5714
5.46667
11.2952
6.42857
7.39048
4.21905
4.73333
4.41905
5.88571
5.00952
6.68571
9.84762
19.8095
4.17143
5.98095
5.80952
8.97143
6.55238
4.25714
10.0667
6.9619
7.52381
5.45714
6.4
4.04762
4.02857
12.2
8.09524
4.71429
9.08571
8.52381
14.6857
4.91429
5.21905
13.7429
8
15.5905
5.62857
10.4095
7.84762
17.7429
16.5143
15.2476
6.99048
10.181
16.981
9.44762
8.5619
18.7714
10.6095
11.3238
19.3714
12.2762
4.41905
14
11.6476
7.42857
4.66667
11.0857
7.02857
30.4286
16.0286
8.08571
16.6571
9.69524
15.2
7.19048
10.181
18.1714
12.9619
8.25714
13.7333
15.1619
10.1524
8.52381
10.2286
10.4571
10.1905
7.87619
7.37143
17.3238
4.24762
7.44762
4.15238
4.84762
11.5333
15.0095
8.06667
9.88571
4.05714
10.819
4.12381
18.1714
15.819
15.2095
16.1048
6.79048
13.0667
7.85714
10.2571
9.35238
10.3143
4.58095
5.8
7.7619
16.5238
9.97143
13.0095
17.7238
4.8
4.32381
4.0381
13.2952
5.79048
10.3429
4.09524
9.89524
12.5048
6.74286
12.6476
5.8
16.981
12.7905
12.019
4.89524
13.3524
12.2381
10.3048
10.7619
14.3333
7.75238
5.34286
6.77143
8.99048
11.3619
15.4381
12.2667
10.6095
15.8095
4.62857
6.35238
13.3048
4.07619
8.81905
5.89524
4.27619
6.78095
5.87619
4.48571
8.09524
4.10476
8.95238
4.52381
13.781
10.4286
5.0381
12.1619
4.10476
8.12381
5.69524
12.2952
8.75238
8.0381
10.8952
4.44762
4.75238
4.49524
8.68571
8.73333
9.88571
9.66667
4.2381
7.97143
9.40952
11.0571
6.52381
4.47619
11.9333
7.04762
4.47619
11.6571
9.29524
8.88571
9.72381
8.21905
9.6
6.55238
4.21905
8.26667
17.1429
9.70476
13.5714
9.1619
6.59048
7.85714
4.35238
13.2476
6.04762
12.4952
6.26667
7.81905
10.4095
10.6095
5.51429
8
12.7714
4.66667
8.47619
6.50476
9.87619
15.1143
9.6381
7.42857
5.13333
5.89524
8.31429
4.38095
8.2
6.04762
7.64762
4.44762
11.419
19.3238
15.5905
10.419
19.2857
4.92381
6.95238
4.26667
8.3619
14.8286
12.5905
13.6762
15.4952
14.4952
13.4095
10.3905
8.6381
9.0381
13.3619
13.3429
4.5619
6.02857
10.1143
29.0667
10.1333
8.81905
8.5619
5.87619
13.8476
7.67619
4.22857
10.5429
15.619
7.4381
16.9333
4.41905
5.73333
9.51429
10.781
4.89524
10.7524
7.58095
36.0857
14.1714
9.70476
18.3429
9.45714
9.38095
10.3143
5.64762
12.6381
4.20952
9.45714
5.04762
13.2381
9.31429
11.419
13.1714
20.9524
7.51429
4.52381
5.6
4.57143
12.1143
14.1143
4.75238
14.1524
4.39048
8.01905
14.3429
10.1714
8.09524
9.8381
4.4
5.92381
6.15238
8.37143
7.51429
10.0095
6.66667
10.0476
5.99048
13.0286
5.28571
4.2381
4.4
5.59048
9.9619
12.3333
6.80952
10.219
8.02857
5.91429
4.39048
4.41905
4.28571
4.22857
7.22857
14.3143
20.8571
4.68571
8.88571
8.51429
16.4286
10.3619
7.87619
19.4857
4.27619
19.3429
19.2476
13.6571
13.181
4.51429
4.2
4.4
4.6
14.4476
24.9714
12.7048
19.0571
7.72381
21.2286
17.5048
14.2952
9.53333
18
4.27619
17
5.2381
12.6571
14.5333
9.65714
13.3333
7.61905
4.6
10.6667
5.73333
4.93333
5.94286
4.17143
4.95238
10.0571
7.65714
15.6952
4.67619
12.5905
18.6286
4.45714
11.8571
12.6667
11.2667
4.41905
5.82857
12.3429
8.94286
7.18095
4.53333
17.0286
7.74286
14.2952
16.3714
21.8381
7.15238
8.59048
6.9619
19.1619
10.2381
8.32381
10.219
6.00952
8.91429
11.819
7.31429
8.48571
9.24762
34.181
11.9905
4.68571
4.7619
5.37143
15.0857
12.7714
4.87619
7.87619
5.26667
4.92381
8.7619
5.70476
11.1048
4.12381
14.9714
12.1238
4.07619
5.67619
6.65714
16.8286
4.39048
8.7619
9.18095
8.54286
10.3619
22.5905
14.0381
7.74286
7.05714
4.26667
4.85714
4.14286
6.07619
16.8286
8.1619
8.10476
11.7238
6.71429
6.18095
11.9238
11.0095
6.26667
7.4381
16.8476
7.46667
4.70476
7.4
13.0667
9.41905
10.419
4.31429
5.54286
4.57143
4.6381
11.1714
9.28571
4.66667
10.6952
8.4381
15.1524
4.5619
4.58095
4.57143
4.25714
17.019
14.2667
7.1619
4.17143
4.34286
11.4095
6.98095
5.88571
4.27619
4.52381
10.2476
7.45714
4.45714
12.7333
9.07619
12.3619
7.95238
4.4
12.6952
4.44762
13.981
11.9333
15.1048
12.0857
12.1524
6.05714
14.9524
7.59048
14.7048
10.6667
14.3524
10.5238
9.6
11.1619
16.381
16.6857
4.24762
8.47619
12.3143
6.60952
8.86667
8.53333
4.2381
8.61905
4.66667
9.69524
8.64762
6.27619
12.5238
7.7619
10.0857
4.51429
16.7143
4.42857
4.87619
8.72381
11.1048
15.5048
4.20952
11.7905
12.6952
13.6762
19.9714
5.01905
4.24762
12.2857
6.45714
9.80952
7.30476
5.2381
10.019
17.7714
14.4571
15.7714
6.75238
13.8762
8.1619
11.2095
9.28571
8.55238
4.53333
16.7429
5.71429
10.3238
14.1429
4.32381
4.26667
4.12381
4.08571
4.2381
14.0381
10.3143
9.4
8.34286
7.8381
8.88571
13.2286
4.19048
4.99048
11.5619
12.1048
7.1619
7.38095
9.74286
3.19048
5.69524
3.07619
8.33333
13.8
12.8857
5.64762
4.98095
3.50476
7.57143
3.09524
8.0381
3.45714
3.93333
3.13333
10.6095
7.8
4.78095
11.4667
5.9619
7.44762
17.3524
10.5238
6.5619
3.31429
3.61905
6.12381
16.0095
4.80952
11
5.15238
6.17143
7.80952
9.71429
3.21905
6.27619
12.8667
11.1143
16.0762
7.45714
5.7619
5.97143
5.21905
10.7619
14.7619
5.7619
9.87619
7.93333
3.61905
3.1619
5.11429
9.18095
9.30476
3.55238
5.44762
10.2095
14.4286
3.40952
13.1714
12.3143
3.1619
4.66667
3.18095
22.2762
7.90476
9.87619
16.9714
6.99048
7.01905
9.67619
11.981
15.4286
14.581
10.019
11.2571
13.6095
6.84762
6.02857
8.72381
3.95238
3.27619
7.20952
4.57143
11
4.2
3.31429
3.95238
6.25714
9.00952
3.25714
5.80952
6.11429
3.09524
10.0381
10.5333
7.20952
3.20952
9.29524
14.3905
3.40952
4.22857
9.6381
15.8571
14.2667
3.09524
8.47619
5.1619
12.6571
3.25714
3.20952
5.35238
3.25714
4.8
7.21905
6.72381
7.73333
6.90476
9.91429
3.66667
7.09524
5.31429
6.69524
6.60952
7.19048
5.51429
4.07619
9.69524
7.4381
7.05714
3.17143
3.49524
3.04762
5.61905
6.6381
3.55238
13.2857
9.37143
9.86667
3.08571
12.619
3.07619
11.1619
3.41905
4.02857
5.95238
7.27619
3.04762
8.14286
6.00952
7.22857
5.09524
7.12381
7.35238
3.70476
4.2381
3.66667
16.8286
12.0857
6.5619
3.73333
7.10476
10.5619
15.1905
8.12381
10.4381
3.02857
16.0762
18.5333
4.18095
4.57143
11.8667
5.0381
10.4095
7.64762
11.2095
3.93333
10.4952
3.33333
7.49524
3.1619
3.35238
3.38095
11.6
3.08571
5.61905
6.11429
3.20952
8.2381
37.4095
6.09524
5.46667
3.55238
9.05714
3.38095
7.21905
3
9.53333
3.4381
11.9619
9.8381
7.5619
17.2095
6.48571
5.98095
6.66667
6.89524
3.37143
7.02857
6.41905
8.50476
5.88571
16.619
10.8095
3.21905
11.9333
4.62857
9.74286
4.15238
3.11429
7.74286
7.06667
9.05714
3.18095
6.98095
10.0286
8.48571
6.25714
5.54286
5.46667
9.60952
7.9619
11.7143
9.73333
3.1619
4.01905
13.419
15.5238
11.6286
3.58095
14.5333
5.35238
7.00952
3.42857
23.181
3.08571
14.6857
3.72381
10.3333
8.3619
19.4286
3.15238
6.02857
3.26667
5.93333
11.1333
16.781
3.88571
3.49524
23.6857
5.38095
3.2
12.4
14.1619
8.15238
9.22857
6.4381
11.5143
5.86667
8.80952
13.1143
18.3333
7.9619
10.2667
3.61905
3.2381
7.61905
7.07619
12.4095
7.53333
3.39048
3.3619
3.60952
3.05714
8.31429
3.49524
11.2667
3.26667
8.81905
9.06667
11.1714
5.26667
9.66667
11.8952
8.41905
3.37143
10
10.6
6.33333
4.15238
3.37143
7.29524
8.28571
6.93333
11.2286
3.28571
12.181
3.19048
3.29524
8.37143
4.58095
3.92381
13.8381
3.38095
3.22857
3.57143
3.02857
3.60952
3.04762
10.5048
3.08571
3.81905
3.13333
3.04762
3.54286
9.81905
7.88571
3.57143
7.65714
11.6952
3.7619
8.73333
15.1238
5.69524
8.50476
3.88571
14.2571
7.13333
3.10476
10.2286
3.94286
6.3619
9.07619
3.25714
9.58095
5.50476
12.5524
9.52381
7.90476
11.7905
15.8667
3.05714
13.7524
5.11429
9.61905
17.6095
16.7048
7.81905
4.53333
8.90476
3.19048
3.44762
4.2
7.06667
9.09524
3.24762
8.17143
3.21905
17.5524
7.2381
14.019
10.619
12.7238
21.8
3.37143
7.8
3.13333
6.57143
10.1429
7.62857
3.6381
10.4667
3.14286
6.26667
7.39048
8.10476
21.5048
13.781
9.00952
9.40952
51.3143
12.8476
8.67619
3.28571
3.33333
3.35238
4.91429
9.69524
10.9524
9.41905
7.09524
11.6857
3.72381
11.9429
3.26667
3.7619
3.29524
3.42857
15.7619
4.01905
13.5333
7.44762
12.0095
8.04762
15.8095
5.90476
8.07619
6.88571
4.39048
3.15238
9.72381
11.1714
17.9714
3.30476
3.97143
6.19048
6.4
10.7048
6.17143
6.53333
7.39048
11.0667
12.8952
4.65714
3.46667
6.62857
7.38095
4.4381
13.1905
3.02857
17.0857
8.92381
6.08571
3.29524
9.28571
3.19048
10.5048
4.31429
3.58095
9.67619
6.51429
7.32381
6.46667
15.2857
7.59048
8.67619
3.26667
5.97143
10.1143
9.11429
6.99048
16.6952
8.60952
3.79048
7.81905
3.13333
10.5524
5.97143
10.9905
3.31429
5.00952
6.31429
5.72381
3.21905
4.24762
3.07619
6.30476
7.61905
4.70476
10.4952
14.1333
6.39048
4.70476
4.72381
9.6
7.0381
3.5619
10.4476
4.92381
3.67619
4.8
3.31429
4.06667
11.9524
14.6
6.07619
6.12381
5.24762
14.3143
3.25714
10.7238
6.14286
12.7905
12.5333
9.91429
5.28571
5.8381
8.77143
5.32381
3.2381
19.8095
15.2286
13.8476
8.11429
10
16.5143
11.6476
7.62857
10.8381
16.0857
5.09524
17.6286
10.2381
7.20952
5.85714
8.47619
3.35238
3.00952
12.8667
3.09524
3.02857
3.51429
13.6571
3.9619
8.86667
3.65714
5.02857
6.5619
3.80952
3.53333
6.52381
3.48571
6.24762
11.2095
3.13333
3.25714
5.86667
11.4571
3.39048
6.4381
5.70476
9.92381
3.25714
3.32381
3.22857
9.91429
3.08571
3.06667
4.46667
3.11429
4.35238
3.06667
6.02857
3.35238
8.51429
6.54286
14.2762
6.11429
9.25714
5.58095
5.9619
15.9524
5.38095
3.86667
3.13333
3.61905
7.08571
5.01905
5.70476
11.6571
18.4952
6.82857
4.14286
13.8381
6.2
7.73333
3.84762
3.71429
3.24762
3.17143
6.34286
12.2476
16.2381
3.71429
12.9048
14.8095
11.4952
5.49524
8.58095
7.49524
16.9905
13.0952
3.29524
4.15238
3.06667
7.24762
8.39048
5.61905
7.35238
11.3333
11.181
3.58095
7.72381
8.65714
3.52381
3.67619
7.84762
13.6
3.2
24.0286
5.8381
13.3905
12.6095
10.2952
10.9524
4.09524
7.68571
3.74286
3.79048
3.52381
7.73333
13.0571
3.29524
7.85714
11.9333
3.5619
3.22857
3.30476
9.18095
9.15238
7.82857
5.12381
10.8952
3.15238
5.10476
3.93333
9.55238
16.2476
8.00952
5.74286
7.61905
9.12381
8.9619
4.60952
3
7.2
4.18095
7.90476
6.29524
3.34286
11.981
6.61905
3.13333
3.29524
6.59048
3.61905
10.781
12.8952
3.66667
3.35238
3.30476
3.94286
8.13333
5.2
7.51429
3.74286
11.619
5.44762
10.1905
3.48571
8.12381
3.21905
3.55238
4.70476
8.0381
3.22857
3.25714
8.27619
10.1714
7.39048
3.75238
4.85714
6.21905
3.72381
3.02857
4.93333
16.2952
4.62857
3.98095
3.19048
7.54286
10.1333
6.00952
10.6857
3.35238
14.7333
4.05714
4.79048
15.3333
3.29524
11.7333
3.3619
6.6381
5.49524
3.51429
9.19048
3.10476
9.24762
9.04762
3.3619
4.05714
3.39048
12.8571
10.8095
5.73333
3.14286
13.6095
3.22857
7.15238
7.84762
9.93333
3.3619
3.04762
6.51429
3.06667
3.12381
20.8667
3.60952
13.2095
4.18095
22.6857
3.53333
10.0095
8.79048
6.17143
3.20952
3.38095
3.18095
16.0857
14.3524
7.41905
8.19048
3.53333
7.42857
10.5429
3.38095
10.2857
14.7905
3.48571
13.4381
3.30476
9.69524
15.4762
9.3619
4.27619
9.58095
10.1429
6.6
21.0095
11.1238
7.05714
3.10476
3.2381
3.08571
3.05714
6.1619
17.6952
3.40952
4.12381
3.2381
3.19048
3.71429
3.04762
9.97143
3.22857
3.01905
10.3619
3.26667
16.9714
13.2857
8.89524
13.0667
6.74286
3.45714
6.10476
3.17143
14.0857
6.09524
6.35238
3.59048
6.89524
7.18095
3.10476
3.2
3.15238
7.42857
11.1714
3.30476
8.74286
3.32381
13.5333
9.37143
3.13333
4.01905
7.5619
9.06667
9.25714
7.1619
8.55238
7.32381
3.02857
9.59048
12.1048
7.58095
3.34286
11.8095
6.31429
3.37143
3.88571
5.52381
4.65714
3.68571
3.21905
9.07619
14.6571
3.1619
3.24762
12.4952
8.06667
7.05714
9.2381
13.4476
17.0762
7.82857
6.60952
13.5714
6.3619
3.19048
3.12381
3.28571
3.19048
13.0095
3.51429
3.65714
3.37143
11.5048
12.7714
6.06667
13.3524
10.1905
6.09524
11.5619
6.98095
4.72381
8.2
3.2
6.33333
6.29524
8.33333
7.2
6.21905
18.3238
9.92381
7.73333
9.40952
10.619
3.10476
7.62857
9.82857
3.2381
10.6571
10.181
14.1048
4.8
14.3429
3.25714
6.45714
10.9619
9.2
6.34286
5.71429
3.30476
3.97143
6.18095
16.4095
13.5429
3.42857
6.01905
6.85714
4.79048
11.9238
11.1714
11.7524
14.6381
14.2952
14.4
7.91429
12.1905
10.8667
3.39048
12.981
11.4476
3.46667
11.4952
11.419
11.3429
6.75238
5.70476
3.51429
13.2095
12.8286
10.5333
3.19048
9.48571
4.19048
3.24762
8.13333
7.8
3.60952
3.34286
11.8952
11.0095
13.5524
3.37143
3.34286
3.33333
6.5619
5.24762
3.2381
8.06667
3.85714
3.13333
3.31429
5.91429
7.17143
8.67619
9.02857
9.70476
10.8381
5.69524
23.0667
3.20952
5.14286
8.34286
3.1619
3.17143
3.24762
11.0095
5.35238
4.05714
3.07619
4.55238
3.2381
3.15238
4.84762
6.70476
7.10476
3.11429
4.30476
6.74286
5.19048
3.0381
7.29524
9.01905
12.219
8.21905
7.59048
6.8381
6.04762
13.9429
5.34286
7.31429
3.13333
8.39048
3.3619
3.81905
6
15.4667
6.05714
3.26667
3.22857
3.50476
6.35238
3.11429
3.19048
10.6952
12.3143
12.1714
11
3.98095
7.07619
7.17143
8.24762
5.90476
8.97143
6.72381
6.60952
3.28571
12.2381
3.31429
7.42857
9.94286
11.2571
11.3143
8.20952
11.2762
11.9143
3.21905
5.35238
12.3238
9.61905
3.52381
7.29524
7.58095
14.4286
8.1619
3.40952
15.6476
3.15238
3.49524
4.69524
3.12381
4.14286
10.1143
5.65714
7.12381
6.35238
4.3619
9.57143
12.9714
8.97143
13.9714
3.20952
4
3.06667
6.92381
9.6
11.3048
6.29524
3.65714
7.75238
3.50476
14.4952
7.08571
8.37143
3.2381
12.981
14.1429
10.6
5.4
5.8381
9.94286
3.26667
3.54286
11.5143
5.50476
6.62857
9.1619
13.4381
3.02857
5.47619
17.2476
3.13333
6.74286
3.7619
3.57143
8.38095
13.0381
7.12381
7.35238
14.5905
5.49524
13.0762
8.15238
10.1619
3.44762
3.54286
3.2
9.65714
3.5619
6.88571
6.20952
15.9619
4.00952
12.219
10.219
6.59048
3.87619
14.4286
24.9048
13.4
8.74286
10.6476
12.4952
5.99048
9.19048
16.7333
9.90476
7.54286
11.781
12.019
13.581
7.74286
11.581
14.1714
5.5619
10.3143
3.24762
6.77143
14.0571
7.32381
14.0667
15.4857
6.79048
10.2762
18.8381
7.91429
3.44762
8.93333
11.5333
3.46667
7.91429
9.39048
13.3143
7.31429
5.70476
17.0381
3.24762
6.93333
3.09524
12.4667
6.59048
3.3619
3.4381
8.48571
5.93333
7.58095
4.21905
20.6381
17.2571
8.4
3.87619
10.5238
9.78095
3.57143
15.1429
8.30476
3.12381
6.38095
10.0095
3.02857
9.22857
5.13333
4.94286
6.58095
3.17143
10.981
9.4381
16.4381
12.8857
3.0381
3.34286
6.99048
13.4381
4.3619
10.6
3.8381
4.1619
13.9905
4.08571
3.30476
21.819
7.72381
7.27619
17.4952
13.5048
7.98095
4.98095
9.28571
9.6381
18.419
7.02857
5.30476
6.4
12.2571
11.619
5.78095
5.98095
9.60952
9.01905
3.0381
5.09524
6.52381
3.24762
14.6
3.4381
9.82857
12.219
13.7714
16.8571
11.2667
3.28571
11.8952
5.81905
5.65714
5.87619
13.6762
9.47619
6.35238
3.66667
3.66667
3.27619
3.40952
6.2381
9.61905
7.89524
3.33333
9.06667
3.28571
7.35238
3.5619
3.86667
4.3619
7.86667
8.10476
11.5524
6.07619
3.48571
11.6667
3.41905
9.9619
3.30476
10.8
20.1429
6.31429
3.38095
20.6571
13.3048
3.24762
3.18095
8.55238
14.0952
12.2
3.33333
8.10476
3.02857
17.4
6.41905
15.3619
7.27619
11.0857
3.60952
3.70476
7.62857
3.11429
8.82857
12.5714
8.68571
11
7.10476
11.381
9.0381
5.69524
3.26667
17.2762
8.2381
3.3619
7.61905
11.1619
3.00952
3.46667
6.37143
8.20952
3.11429
16.3333
12.6952
3.44762
5.87619
11.2286
8.28571
6.07619
8.97143
6.38095
3
5.07619
10.3143
7.05714
6.70476
9.87619
3.15238
12.9524
8.42857
8.4381
7.4
3.10476
10.9238
5.84762
3.38095
7.75238
13.3238
10.1238
3.30476
6.70476
3.2
11.6762
3.33333
8.85714
5.78095
7.90476
3.17143
8.67619
3.12381
15
3.26667
14.2
9.98095
3.13333
3.06667
8.57143
3.30476
10.9524
18.2476
6.77143
3.77143
3.13333
6.6
8.24762
7.66667
3.45714
8.02857
3.24762
5.48571
23.181
9.42857
14.819
9.22857
5.88571
3.66667
5.39048
15.9524
3.92381
7.28571
3.46667
3.64762
15.0095
7.09524
3.85714
5.71429
3.11429
12.6571
3.62857
8.54286
12.1619
6.02857
6.64762
6.29524
11.4381
5.38095
11
7.57143
3.51429
3.08571
3.27619
5.85714
6.48571
6.61905
3.39048
7.68571
10.3238
3.42857
3.28571
5.40952
3.09524
3.41905
3.13333
9.46667
8.01905
4.73333
3.02857
8.84762
7.92381
6.71429
3.25714
10.7524
9.31429
3.66667
3.20952
3.49524
9.17143
3.01905
3.15238
13.6571
3.95238
3.3619
4.47619
17.5524
3.2
3.40952
14.3048
3.01905
5.37143
7.11429
8.33333
5.07619
4.60952
6.87619
12.8381
10.3905
10.3905
9.0381
9.81905
16.7714
8.95238
5.4
12.5048
10.9429
6.93333
6.71429
3.92381
3.33333
6.39048
8.04762
10.2952
3.72381
3.33333
6.49524
7.82857
8.4
3.71429
5.05714
4.70476
5.80952
9.84762
3.84762
3.59048
20.1429
7.54286
9.58095
11.0667
4.42857
9.86667
12.4762
3.51429
3.6
8.50476
6.67619
3.40952
3.47619
7.31429
23.981
10.2286
7.40952
19.8857
13.3714
6.18095
3.47619
3.47619
3.06667
7.67619
7.21905
7.20952
3.18095
5.93333
6.99048
15.4476
9.99048
10.781
8.01905
3.48571
3.24762
10.9238
6.92381
15.8667
17.9524
8.20952
6.35238
13.5905
7.22857
10.5619
7.81905
3.15238
3.57143
3.26667
3.35238
4.99048
3.14286
3.22857
15.0667
10.5905
10.8476
13.3524
5.73333
10.4095
3.28571
11.6857
11
7.64762
4.86667
15.9238
7.88571
3.06667
4.78095
9.41905
16.3048
3.2
6.8
3.21905
8.74286
3.30476
3.14286
8.94286
4.26667
7.60952
3.37143
7.60952
11.6857
3.30476
3.68571
3.32381
9.31429
5.87619
6.91429
4.24762
3.22857
3.82857
6.50476
4.86667
10.6381
6.19048
3.21905
14.6667
8.82857
3.18095
17.9143
10.1714
8.2
3.85714
9.97143
8.49524
6.97143
6.46667
10.6857
3.84762
4.99048
13.3429
3.57143
8.53333
8.0381
8.11429
7.5619
7.67619
3.20952
10.381
13.619
3.72381
12.2476
3.39048
4.84762
11.581
6.6381
9.82857
4.68571
5.22857
9.1619
11.8857
13.8095
11.1238
11.7524
4.09524
3.09524
9.87619
3.58095
5.07619
5.66667
8.20952
14.4286
4.3619
16.4
3.99048
4.75238
8.18095
6.06667
4.1619
7.67619
7.01905
8.99048
6.6
6.69524
3.27619
7.13333
20.3429
3.1619
12.219
9.31429
3.98095
17.0857
11.0095
9.33333
9.8
4.80952
11.4952
3.13333
6.97143
11.8381
5.64762
3.22857
9.89524
16.8762
9.77143
9.38095
6.79048
6.38095
12.0286
3.35238
6.85714
3.66667
6.64762
3.40952
14.4
3.40952
8.93333
3.29524
3.4
3.13333
7.4381
6.13333
7.9619
14.381
5.45714
8.26667
5.98095
12.4286
7.82857
5.31429
6.59048
14.8476
6.72381
3.30476
5.3619
12.0095
3.6
7.50476
11.1333
3.05714
6.37143
7.87619
14.1619
5.04762
8.48571
3.2
6.44762
13.6952
6.38095
3.61905
10.6286
3.57143
3.7619
9.38095
3.34286
15.3238
6.15238
3.46667
3.35238
8.8
11.581
6.07619
8.40952
6.1619
12.7048
3.80952
4.34286
4.14286
4.71429
8.49524
3.40952
10.9524
5.49524
4.05714
3.2
3.60952
15.9905
5.0381
5.60952
3.18095
3.13333
13.4286
5.04762
3.81905
8.82857
3.35238
3.53333
17.1238
3.51429
10.5905
5.34286
12.2381
15.581
7.02857
7.07619
6.25714
19.1048
10.6857
3.10476
9.51429
3.52381
14.2762
6.81905
3.88571
7.72381
16.2476
3.15238
20.1048
8.22857
6.68571
3.24762
5.81905
3.31429
5.11429
12.8476
8.41905
11.8476
10.019
3.75238
5.69524
3.09524
13.4
13.781
3.5619
3.38095
4.06667
7.15238
9.49524
21.3429
10.3333
16.3714
11.1429
4.15238
8.78095
12.6476
4.9619
16.2381
12.219
14.4857
8.91429
3.28571
4.65714
6.12381
6.85714
6.2
9.19048
5.93333
6.40952
10.8476
3.07619
3.33333
13.1429
11.5143
3.28571
11.0476
3.19048
14.0952
4.97143
8.18095
6.90476
7.08571
8.09524
10.4286
9.42857
7
3.50476
15.0857
10.981
9.04762
13.5238
11.8095
10.619
10.5429
3.11429
12.7524
6.45714
16.9619
4.82857
3.38095
4.51429
10.2762
5.85714
10.6
5.20952
6.71429
3.67619
3.86667
5.97143
8.53333
9.65714
3.6381
12.5048
10.0952
11.8667
12.7238
8.2
3.37143
4.08571
5.4
3.39048
9.42857
3.25714
11.2381
7.08571
3.1619
3.80952
3.61905
7.05714
3.09524
6.8381
18.2762
13.5524
7.70476
18.5714
8.31429
8.51429
6.38095
9.70476
5.95238
11.6381
7.33333
8.55238
11.419
3.21905
8.19048
4.37143
9.08571
8.07619
3.4
3.15238
11.3714
7.3619
3.37143
3.05714
3.10476
10.8952
3.70476
9.68571
3.89524
6.61905
3.24762
6.62857
3.33333
7.41905
11.4571
3.82857
4.69524
10.4571
7.68571
5.67619
12.1143
11.9429
6.92381
10.1238
7.35238
9.8
3.2381
5.94286
5.95238
4.37143
3.18095
11.9429
8.18095
5.08571
3.08571
10.9524
8.8
12.5048
8.59048
9.4381
10.8476
16.8095
8.01905
6.77143
3.49524
9.52381
14.2571
9.55238
3.44762
3.34286
7.55238
7.61905
3.2
3.38095
17.6667
12.181
9.95238
7.19048
3.29524
10.9143
3.31429
3.84762
6.6381
14.2
8.68571
6.05714
4.64762
12.3619
6.4
6.38095
12.6857
5.33333
11.6095
3.80952
14.4857
3.1619
9.74286
3.3619
7.30476
4.91429
9.78095
3.28571
9.88571
4.06667
11.4
3.57143
14.6667
6.05714
3.45714
6.71429
12.5524
14.6571
4.33333
3.1619
13.181
3.30476
6.90476
6.92381
6.47619
3.32381
4.59048
8.90476
8.6381
11.9048
3.58095
8.12381
3.08571
8.51429
5.99048
7.17143
22.5238
15.4857
13.2762
3.20952
4.86667
3.30476
12.4
3.72381
3.1619
11.8857
3.67619
3.40952
8.73333
9.78095
4.27619
3.18095
3.40952
10.0095
3.4381
3.14286
9.26667
6.68571
10.381
4.88571
6.25714
4.34286
3.13333
8.82857
4.95238
5.60952
11.6667
8.12381
4.65714
4.69524
7.19048
3.59048
16.1619
10.9524
7.55238
8.39048
3.41905
3.61905
3.45714
11.6476
3.50476
33.6286
3.75238
7.30476
11.6286
6.50476
3.60952
10.9429
3.22857
7.6
3.15238
9.68571
9.84762
6.18095
3.39048
5.47619
3.26667
3.10476
5.12381
9.21905
3.14286
8.04762
3.00952
7.94286
3.12381
5.32381
11.3048
11.4095
7.8381
7.32381
6.70476
3.00952
4.86667
7.69524
3.32381
6.12381
7.00952
7.72381
16.8381
6.0381
11.6095
10.6762
3.66667
5.29524
8.69524
12.181
3.34286
8.97143
7.6381
4.27619
14.3333
12.2381
3.27619
3.71429
6.85714
3.38095
8.70476
3.0381
3.59048
7.4
7.31429
8.37143
6.70476
9.57143
9.60952
7.92381
14.6
3.19048
6.74286
7
8.99048
3.48571
9.37143
7.60952
5.8381
6.22857
5.74286
11.181
14.8476
5.13333
9.22857
4.81905
15.3048
10.9048
7.50476
10.9524
11.1048
6.84762
3.40952
3.24762
15.4857
10.0571
10.4095
6.57143
6.59048
7.70476
6.0381
5.18095
3.19048
3.11429
9.20952
16.6762
3.2381
3.58095
3.42857
3.08571
3.33333
13.9524
3.19048
9.59048
13
10.4667
9.45714
7.00952
5.31429
12.5333
9.06667
3.06667
3.30476
8.35238
3.75238
3.02857
13.1048
6.55238
11.5619
3.17143
3.67619
7.70476
3.0381
6.95238
3.73333
11.0571
3.4
12.4667
7.06667
9.55238
11.1238
10.6762
3.29524
7.38095
3.19048
8.69524
15.9524
9.25714
5.95238
3.2381
21.4095
16.6952
3.09524
3.44762
3.05714
8.6
7.27619
5.06667
3.00952
5.81905
12.0952
13.4381
9.34286
5.85714
3.33333
5.8381
6.52381
8.62857
4.53333
10.6095
8.1619
9.49524
12.2667
9.95238
7.07619
13.4095
13.5429
6.7619
5.8
12.2381
12.7048
8.41905
9.51429
8.34286
8.3619
4.13333
7.40952
6.58095
7.71429
15.5333
11.5048
9.54286
6.24762
8.41905
7.04762
6.70476
5.74286
6.09524
5.66667
5
16.381
9.32381
5.20952
5.88571
9.4
10.4286
12.5905
8.98095
7.11429
14.5714
5.40952
7.74286
6.90476
8.64762
11.2571
6.11429
4.74286
3.75238
3.29524
3.55238
15.5333
6.69524
3.33333
7.85714
3.06667
5.42857
14.7333
13.219
10.9429
7.1619
6.28571
6.45714
3.40952
8.30476
8.89524
7.85714
14.7143
5.6
8.09524
6.33333
3.13333
10.6571
3.08571
3.95238
3.22857
7.49524
3.73333
10.7905
3.70476
3.45714
3.5619
3.34286
3.19048
3.27619
3.24762
8.14286
5.11429
12.3048
10.3619
10.4857
8.49524
11.5238
11.1524
17.1238
10.8095
13.4667
18.7619
3.85714
8.61905
10.8857
4.59048
7.64762
3.05714
9.39048
10.7905
21.1143
3.35238
9.8
3.19048
12.9333
12.4762
3.49524
11.2476
3.14286
7.68571
7
11.1714
12.2476
6.79048
5.55238
8.72381
3.30476
3.31429
7.18095
9.91429
7.04762
5.65714
3.53333
14.9238
5.44762
17.5238
9.48571
3.08571
7.6381
20.0286
10.3238
5.4
6.14286
7.49524
14.7905
6.93333
3.87619
6.55238
13.1048
10
14.6571
9.78095
8.74286
11.2667
13.7429
6.27619
6.28571
12.781
3.31429
3.24762
6.20952
3.65714
8.49524
4.5619
5.90476
9.41905
7.78095
3.27619
5.74286
3.11429
12.4476
14.1905
9.21905
3.02857
3.28571
3.04762
11.8286
6.3619
17.1048
9.33333
3.14286
3.26667
6.50476
12.7048
14.4857
9.99048
6.86667
3.80952
3.1619
6.70476
5.49524
3.41905
3.22857
3.14286
6.15238
3.87619
4.69524
6.52381
11.3619
13
7.04762
7.08571
3.26667
5.39048
3.21905
6.44762
10.3524
12.9714
6.10476
6.84762
4.07619
3.09524
8.42857
9.58095
19.0667
16.0381
3.15238
8.57143
13.019
11.4095
6.73333
7.35238
9.0381
4.19048
13.2095
10.9333
3.20952
12.2
3.64762
3.54286
10.5238
8.79048
4.22857
3.05714
10.5048
9.30476
3.3619
5.91429
3.84762
6.58095
3.15238
7.2
18.5524
16.8952
3.77143
15.381
5.14286
7.87619
9.26667
8.91429
10.6762
12.1048
2.29524
8.67619
6.19048
4.4381
2.17143
2.22857
2.34286
4.72381
2.15238
2.30476
5.10476
5.2
2.02857
6.88571
2.19048
4.59048
2.80952
5.60952
8.4381
2.17143
3.92381
3.91429
3.91429
2.41905
2.22857
6.33333
7.98095
2.1619
15.619
3.40952
2.35238
2.61905
2.39048
5.42857
2.35238
2.08571
4.38095
2.50476
3.2
2.94286
5.40952
2.34286
2.07619
5.18095
2.29524
2.07619
5.10476
10.2762
4.68571
5.19048
2.34286
2.20952
11.6667
2.35238
8.19048
2.60952
6.28571
2.59048
2.08571
2.82857
5.85714
2.1619
2.20952
10.419
3.04762
15.019
43.381
4.14286
10.2762
3.2
5.30476
2.24762
11.8095
13.2857
2.44762
3.31429
2.02857
2.08571
2.08571
5.3619
2.40952
2.06667
5.77143
2.00952
2.05714
2.81905
5.5619
2.33333
8.6381
12.8952
13.2667
11.2667
7.80952
2.25714
8.70476
2.5619
4.88571
5.2381
7.04762
16.1048
2.75238
4.54286
2.14286
6.74286
4.31429
2.94286
3.12381
9.26667
2.5619
2.27619
5.24762
5.27619
2
2.18095
2.11429
2.02857
2.20952
3.2381
9.40952
5.8
2.26667
2.42857
6.8
8.9619
11.4667
2.4381
3.71429
8.46667
9.64762
1.01905
6.52381
1.01905
6.65714
12.6667
1.33333
4.53333
2.70476
1.15238
1.0381
1.19048
7.72381
4.41905
1.31429
5.39048
1
2.27619
1.01905
1.12381
8.91429
4.04762
1.10476
1.07619
3.99048
6.84762
1.57143
6.4
1.05714
1
1.07619
1.14286
1.12381
1
1.65714
16.3143
1.1619
1.05714
1.29524
1
5.52381
1.25714
6.82857
10.4381
6.22857
1.8381
1.00952
11.2857
1.01905
1.19048
1
1.2381
11.2857
9.13333
1.06667
1.07619
7.38095
1.14286
1
1.17143
7.85714
5
2.14286
4.10476
1.14286
1.19048
1.04762
1.04762
6.85714
10.1429
1
3.0381
3.84762
1.15238
1.18095
1.39048
1.15238
3.15238
1
1.09524
1.04762
1.08571
7.07619
1.06667
1.02857
1.18095
1
1.00952
1.12381
1
10.0762
1
1.01905
12.4952
11.4667
5.09524
9.87619
1.01905
7.85714
1.32381
1.14286
7.10476
6.92381
1.38095
1
10.1143
1
1.04762
8.87619
1.00952
1.01905
1.05714
1
6.15238
10.2571
1.02857
7.3619
1.10476
1.04762
7.94286
1.07619
5.89524
1.15238
1.75238
1
7.45714
1.11429
3.70476
9.18095
1
1.01905
1.10476
1
3.81905
1.59048
1.4
2.39048
1.2
1.11429
9.18095
1.15238
6.44762
1.17143
7.66667
1.20952
3.10476
1.34286
10.3619
6.93333
2.09524
1
6.52381
10.1714
7.66667
1.55238
1.06667
1
1.12381
1.01905
1.5619
2.38095
1.10476
1.17143
6.24762
7.84762
1.00952
2.2381
1.14286
6.94286
8.8
1.06667
1.14286
1
7.49524
6.90476
4.45714
1.18095
6.14286
1.17143
1
1
1
1.0381
1.00952
1.08571
1.07619
7.79048
6.2
8.59048
1
1.34286
1.06667
1.02857
6.22857
7.00952
4.27619
1.25714
8.75238
1.08571
7.82857
7.6381
1.19048
1.30476
1.06667
2.74286
1.08571
1.00952
8.27619
8.73333
1.00952
1.00952
1
1.06667
2.09524
1.7619
6.06667
1.13333
3.91429
7.07619
1.00952
1.08571
1.0381
1.00952
6.5619
1.01905
1.12381
1.05714
1.08571
1.33333
1
1.53333
1.17143
4.9619
1.07619
1.0381
1.09524
2.11429
4.18095
1.06667
1
2.75238
1.49524
1.10476
5.51429
1.0381
2.2381
1.09524
1.11429
1.14286
1.0381
1
8.74286
1.0381
1.00952
1.15238
1.05714
1.05714
1.04762
1.22857
1.0381
1.09524
1.09524
1.00952
1
1.05714
1.18095
8.27619
1
1.11429
1.2381
5.42857
13.5143
1.05714
1.22857
1.13333
8.72381
1.02857
8.75238
10.5333
1
6.62857
1.00952
1
1
1
3.54286
5.34286
1.00952
1.00952
1.01905
4.29524
1.10476
3.84762
1.02857
8.04762
8.24762
4.95238
7.57143
12.1905
7.4381
10.0381
1.79048
1.06667
1.5619
5.32381
1.0381
1.10476
1.01905
1.10476
1.05714
1.06667
6.9619
5.24762
1.08571
1.07619
10.1429
8.33333
1.09524
1.3619
6.07619
1.00952
1.06667
1.01905
8.61905
1
1.00952
8.22857
9.30476
1.08571
8.69524
9.32381
1
6.91429
5.88571
1.12381
11.3905
6.50476
6.79048
2.85714
1.11429
1.15238
1
9.2381
1.19048
1
4.02857
1
1.05714
1.65714
1.20952
1.08571
1.04762
2.6381
7.14286
5.73333
1.05714
7.55238
4.57143
1.06667
1.24762
1.28571
1.0381
1
1.0381
2.81905
1.20952
4.52381
9.68571
6.4381
6.10476
1.14286
1.02857
1.1619
7.71429
2.2
1
1.84762
8.84762
1
3.2
5.85714
4.7619
9.66667
1.0381
6.18095
1
8.28571
5.02857
1.04762
2.21905
3.1619
6.27619
8.6
1
1.04762
8.73333
1
1
1.32381
6.79048
7.45714
1.29524
1.04762
1.12381
1.11429
1.39048
6.80952
10.5619
5.87619
1.00952
1
1.12381
1.13333
6.68571
4.7619
4.10476
6.2
1.0381
1.04762
8.7619
1.01905
1.08571
1.40952
1.13333
1.01905
16.1429
6.6381
7.77143
1.48571
6.90476
1.00952
6.7619
4.84762
1
7.30476
11.8952
5.53333
1.0381
1.0381
1.00952
1
1.12381
1.27619
1.00952
5.99048
1.12381
1.01905
7.31429
1.32381
1.09524
1.3619
1.31429
1.01905
6.18095
1.04762
1.01905
1.38095
1.01905
1.08571
8
1.09524
1.05714
8.2
13.2476
1.02857
1.01905
1.08571
1.04762
1
8.80952
3.22857
6.95238
1.26667
1.41905
7.90476
1.97143
1.04762
8.17143
6.10476
1.05714
3.94286
1.05714
1.15238
1.11429
1.90476
1.19048
1.00952
4.2
1.10476
1.06667
8.61905
1.04762
1
7.90476
1.06667
6.2381
1.14286
1.09524
1
1.04762
1
5.34286
1.89524
6.46667
8.98095
5.34286
1
1.12381
12.3238
1.06667
1.11429
8.74286
6.88571
1.05714
1.00952
7.47619
5.40952
1.1619
4.09524
6.11429
1.0381
6.44762
1.24762
2.65714
1.01905
1
1.11429
1.25714
1.05714
1.00952
3.89524
1.00952
1.34286
1.13333
4.93333
5.08571
1.40952
1.01905
1
1.17143
1.44762
1.17143
8.47619
1.19048
1.01905
1.02857
1.13333
9.8381
6.48571
12.1429
7.79048
1
1.06667
13.8095
1.02857
3.97143
1.27619
8.29524
6.82857
10
1.00952
5.09524
1.0381
1.05714
1.81905
1.27619
1.80952
8.24762
1.28571
1.13333
1.18095
10.6952
1.21905
1.10476
1.04762
1.1619
13.3429
1.11429
1.61905
1.05714
1.20952
1.14286
7.41905
1.37143
1.31429
1.15238
1.06667
1.08571
1.00952
6.84762
1.13333
5.02857
1.00952
4.49524
1.08571
5.78095
1.15238
5.80952
6.7619
7.58095
1.05714
1.09524
2.80952
6.53333
1
1.13333
1.09524
1.1619
1.42857
1.07619
10.6857
1.01905
1.02857
1.28571
1.12381
3.97143
1.34286
9.28571
1.37143
1.14286
1.11429
1.00952
1.25714
7.28571
2.11429
1.18095
1.0381
1.01905
1.17143
8.57143
1.05714
4.86667
13.0381
1.04762
9.14286
1.0381
1.06667
1.98095
4.34286
1.11429
1.13333
1.06667
1.01905
1.13333
11
1.00952
11.1524
1
5.78095
1.14286
1.13333
1.25714
1.07619
1.00952
3.64762
6.26667
1.30476
1.11429
1.00952
1.01905
9.3619
8.84762
1.2381
2.37143
6.75238
1.1619
1.0381
1.19048
1.00952
1.00952
1.01905
8.89524
1
8.34286
6.11429
8.25714
1.04762
1.04762
6.40952
1
10.7048
1.2
1.1619
10.8095
1
3.57143
1.06667
5.42857
11.0095
1.10476
1.00952
5.98095
8.82857
1.02857
1.11429
1.0381
1.30476
10.9429
1.04762
7.86667
3.95238
1.28571
1.0381
1.04762
10.3429
1.00952
1.29524
9.37143
1.01905
1.15238
9.29524
1.40952
11.5143
2.27619
1.09524
1.79048
1
6.93333
1.05714
6.1619
3.51429
5.46667
12.8952
5.0381
1.05714
1
1.2
1.06667
3.3619
1.01905
1.04762
6.41905
1.31429
4.60952
7.09524
1.0381
1.04762
1.21905
1.05714
1
3.54286
1.14286
6.86667
4.48571
1.01905
1.29524
11.419
5.53333
6.8
1.19048
1.01905
1.5619
1.04762
1
1.02857
4.8
1.01905
6.91429
1.02857
3.71429
1.45714
1.10476
3.67619
5.35238
1.02857
1.06667
1.31429
1.07619
6.35238
1.39048
1.27619
1.12381
1.24762
1.1619
1
1.17143
1
5.73333
1.35238
5.98095
1.20952
6.10476
1.01905
1.2
1.02857
7.08571
1.08571
1.15238
1.86667
1
5.28571
1.07619
1.02857
1
4.57143
7.61905
3.18095
1.0381
4.4
5.31429
1.02857
1.19048
2.11429
8.4381
1.01905
1.11429
1.02857
1.02857
7.11429
1.28571
5.08571
1.05714
1.08571
1.13333
1.01905
7.77143
3.64762
1.05714
1.24762
1
1.19048
1.94286
1.28571
1.02857
8.33333
1.14286
1.89524
1.00952
1
5.34286
1.10476
1.09524
1
8.99048
1.01905
1.87619
10.5714
1
1.04762
1.2
1.0381
1.00952
3.69524
4.87619
1.02857
1.07619
1.40952
12.2762
1.17143
8.20952
1.24762
1.19048
4.69524
1.17143
1.06667
1.28571
1.0381
1
1.29524
1.71429
1.0381
4.77143
4.30476
7.46667
4.2381
8.8381
1.1619
1.04762
1
1.10476
3.61905
9.22857
1.29524
1.37143
4.52381
1.00952
1.07619
2.58095
1.20952
2.25714
8.42857
1.01905
1
1.09524
1.18095
1.22857
1
9.9619
8.85714
1.17143
1.38095
1.2
1
4.14286
1.04762
10.3905
11.9714
13.781
1.22857
1.13333
3.25714
1.12381
5.66667
1.34286
1.2381
1.05714
5.22857
7.3619
1.33333
1.00952
2.02857
2.57143
1.14286
9.37143
1
1.20952
1.05714
1.06667
8.94286
2.74286
9.30476
6.30476
1.40952
1.64762
5.98095
1.07619
10.1333
1.02857
5.2381
1
1.10476
6.61905
1
1.15238
1.1619
1.10476
1.00952
1.11429
7.39048
9.51429
5.05714
1.39048
7.40952
1.2381
1.12381
1
1.37143
6.87619
1
14.3238
1.99048
5.9619
6.32381
7.6381
1.37143
1.01905
6.7619
1.14286
9.55238
1.34286
1.02857
1.1619
1.10476
9.4
1.05714
1.14286
8.54286
1.34286
1.04762
7.70476
1
1.18095
1.17143
1.02857
8.54286
11.6
7.33333
1
1.00952
1.29524
1.49524
9.6
2.08571
5.26667
1.04762
2.00952
6.75238
1.74286
1.19048
1.06667
1.35238
5.28571
8.45714
8.77143
1.18095
1
4.93333
1.20952
5.01905
1.04762
1.02857
1.22857
1.17143
1
8.47619
1.0381
7.21905
1.08571
5.89524
2.74286
1.89524
4.54286
1
1.10476
1
1
5.05714
7.47619
6.15238
11.181
1.12381
1.01905
2.77143
1.8381
10.0476
1.0381
9.55238
1.00952
1.1619
1.18095
6.4381
1.11429
1.08571
15.1333
11.5714
5.7619
1.20952
3.53333
1.06667
5.27619
1.12381
1.05714
1.02857
1.20952
2.8
1.00952
8.7619
1.00952
4.6381
1.10476
1.07619
9.80952
1.12381
1.17143
9.79048
9.21905
7.22857
1.15238
1.32381
1.31429
1.0381
1.20952
1
1.07619
4.85714
5.79048
1.04762
1.02857
1.1619
1.33333
1.57143
1.08571
4.51429
1
5.50476
7.7619
1.11429
9.93333
1.31429
1.01905
1
1
1.12381
1.15238
1.19048
1.04762
1
1.12381
3.77143
1.01905
1.13333
1.00952
1
5.91429
7.6381
2.4381
1.34286
1
1
1
1.1619
1
1.45714
1.21905
1.38095
1.07619
1.07619
1.50476
1
9.18095
12.1048
1.24762
7.20952
1.12381
4.19048
6.67619
1
1.27619
1.0381
1.15238
1.04762
1.1619
1.6381
1
1.17143
1.2381
1.31429
1
1.04762
1.1619
1.04762
6.60952
3.75238
1.0381
1
1.15238
1.01905
4.8
5.65714
1.15238
1.90476
1.00952
3.81905
5.41905
1.02857
9.30476
1.22857
7.0381
4.54286
5.85714
1.48571
7.59048
1
1.07619
3.98095
1.11429
9.15238
1.11429
10.4762
2.04762
1.12381
10.1714
9.02857
1.17143
9.48571
1
1.10476
1.05714
7.38095
9.80952
1.4381
10.2952
2.05714
6.65714
7.4
8.55238
1.04762
6.59048
2.93333
1.2381
1.10476
1.0381
11.0762
1.28571
9.26667
6.78095
4.82857
5.02857
1.01905
5.78095
9.98095
1
1.01905
8.80952
1.14286
1.00952
1.12381
1.07619
1.60952
6.34286
1.00952
1.34286
7.00952
1.06667
9.78095
7.69524
1
1.02857
8.92381
1
1
1.32381
7.18095
1.09524
2.4
7.72381
11.1048
1.2381
1
1
1.12381
7.41905
1.01905
9.95238
1
1.0381
9.98095
1.13333
1.12381
1.02857
1.73333
8.64762
10.2952
6.58095
1
8.30476
1.14286
1.01905
1.08571
9.8
1.11429
1.84762
1.00952
15.7333
8.26667
5.54286
1
1.35238
3.64762
1
1.04762
1.2
1.28571
5.97143
1.09524
2.29524
1.20952
1.06667
7.25714
1.00952
1.02857
4.9619
1.86667
1.53333
1.00952
1.15238
1.01905
10.1238
1.33333
1.22857
1.1619
1
4.49524
1.04762
1
2.71429
2.54286
1
1
1.1619
1.10476
12.0095
4.97143
5.90476
1.08571
1.49524
4.29524
2.65714
1.0381
1.02857
2.20952
1.08571
6.32381
4.14286
1.14286
2.0381
1.81905
5.31429
8.47619
2.22857
8.5619
10
3.08571
10.3429
1.07619
2.24762
18.4
3.60952
6.35238
1.07619
8.04762
1.0381
1.37143
1.20952
8.42857
1.17143
1.04762
1.97143
2.82857
1.04762
1.18095
1.1619
1
7.31429
4.78095
2.68571
5.9619
1.48571
5.18095
2.11429
1.22857
1.50476
4.42857
5.18095
6.93333
3.21905
9.93333
1
1
6.86667
6.54286
7.88571
1.05714
5.93333
1.00952
1.1619
1.07619
1.12381
1.13333
1.06667
1.02857
1.6
1.17143
1.13333
1
1.14286
1
1
1.05714
1.04762
1.28571
1.01905
1.06667
1
9.74286
1.07619
1.08571
1.30476
5.6381
1.01905
1.04762
1.04762
7.89524
7.42857
1.1619
1
8.17143
5.46667
2.8381
1.22857
1.14286
5.4
1.14286
1.21905
1
1
11.7048
7.91429
6.60952
1.12381
3.73333
1.05714
7.9619
1.20952
11.8095
5.62857
4.64762
6.52381
5.65714
2.91429
1.17143
5.07619
12.9619
12.5714
1
4.29524
2.15238
1.04762
1.12381
1.02857
5.04762
1.20952
4.89524
6.10476
1.31429
1.4
1.39048
2.60952
1
9.39048
1.01905
1.20952
1.06667
4.27619
4.69524
1.12381
1.20952
6.72381
1.13333
1.01905
7.94286
3.41905
1.13333
1.02857
1.04762
1
5.06667
6.78095
5.87619
6.24762
1
1.6
6.00952
1.34286
1.39048
5.58095
1
12.3429
6.81905
1.06667
1.1619
1.08571
4.17143
8.69524
1.20952
1
1.2
5.60952
1.12381
7.37143
1.6381
1.05714
1
1.02857
1.11429
1.06667
1.05714
1.01905
1
1.01905
1.28571
1
2.79048
1.07619
7.00952
2.87619
1.17143
1.02857
1.67619
1.26667
1.01905
18.5619
1
1.00952
5.99048
1
8.77143
1.06667
4.17143
2.59048
1.00952
1.09524
1.1619
1
4.94286
1.21905
2.30476
6.31429
1.09524
1
1
1.01905
1.0381
1.20952
1.41905
6.46667
9.18095
6.40952
1.02857
1.09524
1.01905
3.37143
8.60952
5.38095
1.02857
5.6
11.7524
1.31429
1
1
5.01905
1.00952
2.84762
1.0381
1.11429
1.33333
1.02857
9.17143
1.27619
2.07619
4.21905
1.35238
1.22857
3.24762
1.11429
1.30476
1.09524
3.88571
1.12381
1.20952
8.02857
1.09524
1.10476
1.25714
12.0476
8.94286
1.06667
1
4.18095
1.0381
1.0381
6.57143
1.22857
1.2381
14.5714
1.17143
11.9524
12.019
6.41905
1.17143
2.08571
1.26667
1
1.06667
5.33333
1
1.55238
1.20952
6.66667
1.05714
1.07619
1.04762
8.8381
1.05714
1.12381
1.09524
1.01905
1.10476
1.21905
8.89524
7.4381
1.08571
1.2
6.79048
7.38095
1.20952
4.98095
1.04762
1.08571
8.81905
5.9619
1.09524
1.45714
6.22857
4.2
1
7.57143
3.47619
1.06667
7.52381
1.08571
7.2
1
13.4286
1.27619
1
6.46667
1.14286
8.86667
5.22857
1.77143
1.19048
1.09524
1
1.00952
1.06667
1.09524
1.2381
5
7.94286
9.07619
10.0095
1.11429
1.05714
3.4
8.41905
7.59048
1.31429
1.00952
1.21905
1.00952
5.0381
1.0381
1.44762
1
1
2.3619
1
6.08571
1.09524
8.08571
7.66667
1
1.01905
5.14286
9.68571
1.13333
10.581
1.00952
1.78095
3.67619
9.65714
5.67619
9.47619
1.08571
1.17143
1
1
4.1619
8.7619
8.46667
1.01905
5.61905
9.59048
1.00952
1
10.7333
13.1714
1
2.5619
1.06667
2.22857
7.9619
4.68571
1.05714
1
1.00952
9.7619
3.02857
1
5.13333
1.06667
5.94286
1.17143
6.2
1.35238
1.01905
1.12381
5.91429
10.7524
1.2
1.00952
1.13333
1
7.99048
1.11429
1.01905
1.28571
6.68571
6.94286
5.86667
1.21905
1
1.18095
8.15238
10.019
1
1.34286
13.7714
11.8381
4.30476
1.01905
5.93333
1.10476
1.04762
12.0476
1.44762
1.01905
4.35238
1.30476
1.01905
1.08571
1.01905
3.80952
8.46667
1.62857
1
1.00952
1.42857
1.86667
7.47619
12.4286
4.09524
1.6
1.05714
1.15238
8.48571
9.53333
6.1619
3.67619
1.01905
3.70476
1.06667
8.14286
7.21905
7.17143
1.32381
5.59048
1.09524
1.00952
1
6.08571
1.01905
1.02857
1.21905
1.05714
1.2
8.6381
1.26667
1.21905
5.99048
12.2571
8.70476
7.48571
1.0381
1.01905
1.00952
1.30476
2.30476
9.79048
1.97143
1.07619
6.07619
1.01905
1.22857
11.8571
3.07619
1.18095
1.00952
9.00952
8.5619
1.88571
5.22857
1.1619
1.0381
1.1619
1
1.28571
1.12381
1.41905
1.01905
1.53333
1.2
1.51429
2.72381
6.19048
1.09524
1.07619
1.10476
8.04762
1.27619
1.00952
4.27619
7.61905
2.38095
1.07619
1.0381
10.219
1.01905
1
9.1619
1
1.17143
1.08571
1.06667
1.08571
1.10476
10.4381
1
1.12381
1.28571
10.581
8.35238
1.05714
1.09524
1.14286
6.79048
5.80952
1.12381
7.44762
3.12381
1.19048
1
1.13333
8.08571
8.30476
1.18095
6.97143
1.04762
1.01905
1.30476
1.22857
12.181
3.69524
1.20952
1.10476
7.68571
1.06667
13.9143
9.01905
1.0381
4.52381
1.58095
1.07619
1.06667
1.19048
1.15238
1
1.08571
10.0286
1.0381
1
1.00952
1.20952
1.08571
11.4476
1.0381
1.17143
5.99048
8.71429
1.13333
6.35238
1
5.21905
1.08571
3.67619
6.46667
1.27619
2.99048
1
7.6381
1
1
1.2
4.6
1.12381
6.80952
1.01905
6.58095
7.55238
1.08571
8.13333
1.09524
1.24762
7.19048
1.05714
4.31429
9.6381
1.39048
1.24762
7.87619
1.10476
1.09524
8.20952
1.28571
1
8.74286
4.94286
1.21905
1.57143
8.41905
11.1905
4.69524
6.14286
1.79048
6.24762
1.04762
4.00952
1.00952
1.1619
16.1714
7.13333
1.27619
1.05714
5.11429
1.02857
1.00952
1.22857
4.67619
1.49524
10.0762
1
6.82857
1.00952
8.17143
1.0381
2.25714
1.29524
5.11429
1.17143
1.0381
1.68571
1.30476
5.22857
1.27619
11.2667
7.38095
1.06667
5.99048
1
1.10476
1.1619
1.21905
1.02857
5.4
7.53333
7.9619
1.08571
1.08571
1.00952
1.11429
1.46667
1.39048
13.1905
1.02857
6.2
1.01905
1.26667
6.29524
5.28571
1
1
3.37143
1.28571
1.08571
11.7048
1.07619
1.25714
1
1.2381
1.44762
1.11429
8.91429
1.40952
3.22857
7.50476
1
1
1.02857
10.3143
3.8
13.5905
6.02857
4.12381
1.07619
7.82857
1.68571
7.86667
8.27619
5.05714
1
6.55238
2.87619
8.04762
1.2381
9.12381
2.45714
1.06667
1.09524
1.25714
1.0381
1.00952
6.06667
1.05714
1.02857
1.34286
2.45714
1.04762
1.00952
1.39048
1.01905
1.82857
1
1.57143
1
1.15238
1.00952
6.91429
1.00952
1.0381
