10876 34740
223.6
29.9
14.5
94.7
35.6
51.5
80.8
30.5
69.2
60
130.2
21.5
291.5
51.1
46.7
27.3
9.8
22.1
91.9
108.2
54.1
39.1
9.7
57
14.3
70.5
111.5
73.3
10.5
10
12.9
16
29.9
63.7
24.2
10.7
44.7
29.2
201
44.5
53
194.9
371.2
113.8
78.5
30
169.9
109.6
9.4
46.4
29.9
27.2
132.8
26.7
40.7
356.3
35
256.1
20.1
14.3
44
41.7
356.5
25.9
12.9
137.8
23.4
91.8
81.6
8.7
383.3
27.8
76.2
181.5
185
26.3
84.8
59.4
17
131.3
17.5
12.4
14.7
114.3
23.6
189.2
67.8
164
27.8
33.6
33.8
11.6
8.8
174.8
26.3
15.9
25.9
306
87.1
258.1
127.2
128.3
117.2
9.8
43.2
107.5
220.4
10.8
9.3
213.4
225.9
26
225.2
11.2
71.5
20.3
65.7
66.7
133.7
137.8
181.8
32
12.3
127.8
10
109.3
111.5
142.5
119.7
258.7
107.5
149.9
59.5
49.7
160.9
178.1
223.1
155.1
111
136.7
74.6
99.5
28
255.8
31.6
245.2
254.9
203.7
88.2
50.4
42.9
188.4
214.1
230.1
114.8
156.3
126
27.6
48.5
20.3
113.5
80.7
54.1
23.6
55.6
46.9
28.9
14.1
40.6
45.4
99.1
64.5
17
39.1
9.2
8.1
39.4
114.9
150.7
39.4
87.8
68.8
14
143
47.2
183.8
77.4
12
286.9
146
33.8
112.6
105.7
15.1
264.4
80.3
15
15.9
24.2
142.9
79.4
16.1
87.9
33.6
8.6
19.3
54.8
25.5
172.6
64.8
13.4
277.2
10.7
126.6
30
20.4
20.3
11.2
134.3
8.1
56.7
73.7
233
157
26.9
12.9
44.9
9.8
27.8
125.7
27
85.5
21.3
19.4
53.4
19.8
97.4
11.6
9.2
73.5
18
11.5
21.7
12.4
49.8
211.3
215.2
79.4
52.2
50.9
57.6
28.8
120.1
52.7
29.7
176.6
32.4
140.8
28.2
38.6
34
23.8
98.9
12.6
46.1
44.9
77.6
167.6
190
21.3
134.2
127.2
266.8
146.4
181
53.6
217.5
42.5
218.3
97.2
111.7
30.2
17.2
15.3
85.4
63.4
68.7
146.7
60.1
202.2
22
39.3
121.4
65.4
28.2
155.3
80.8
167.5
348.9
18.1
19.7
25.8
121.5
287.8
165.5
60.5
125.8
31.3
11.2
207.2
37.9
100.1
48.1
254.3
29.5
10.1
39
160.9
195.9
89.6
11.1
9.1
138.9
100.6
81.3
18.9
57.7
110.2
151.3
73.8
8.4
46.4
10.5
16
22.7
15.2
27.9
11.1
30.9
26.7
213.6
12.6
15.2
58.7
9.6
19
111.8
14.1
72.9
33.1
87.1
134.1
59.5
8.5
22.5
40.9
101.8
13
126.6
11.6
17.1
92.3
27.1
20
49.2
43.7
50.2
20.2
25.2
127.9
97.3
13.7
17.8
31.8
9.5
9.7
12.7
106.9
40.5
176.2
26.2
16.4
216.9
76.5
18.9
107.4
70.8
107
156
222.5
90.9
144.8
143.6
40.7
253.6
129.4
262.7
254.3
17.4
52.9
11.7
118.8
93.5
127.5
8.7
24.1
42
204
94.2
182.7
20.1
131.6
211
14.8
61.1
19.3
209.1
25
179.3
29.3
383.6
12.7
24.7
10.1
174.1
14.4
112.6
32.4
42.2
27.3
15
59.3
31.9
9.2
55.9
20.8
64.9
11.6
44.8
29.9
71
191.4
33.2
12.4
42.5
46.7
50.1
77.9
13.6
26.7
45.6
91.9
118.9
20.8
59.5
119.2
188.4
47.2
98.9
41.3
146.6
244.7
44.3
22.8
101.3
44.1
36.9
9.9
10.9
109.8
30.8
21.4
9.7
128.8
91
49.3
142.3
90.1
149.5
269.5
94.4
97.9
71.5
98.2
193.2
131.7
121.7
104.7
177.7
101.8
230.1
18.7
196.3
46.3
81
36.1
48.2
17.6
123.6
118.9
85.2
212.2
208.8
18.2
169.1
57.7
179.1
109
96.4
276.6
88.5
8.6
36.6
28.4
161.3
10.2
154.9
47.4
19
134.6
8.2
30.7
45.8
67.3
15.2
236
32.1
12.9
284.5
50.4
66.8
8.1
14.9
8.6
52.2
19.4
13.3
382.8
56.5
8.5
40
200.5
223.8
178.4
154.7
269.2
237.9
92.5
34
73
41.4
41.7
34.6
53.4
82.2
13.2
30.6
27.9
8.9
47.5
93
65
92.5
22
25.3
191.1
191.9
271.3
43.6
33.3
93.3
69
180.2
44.5
44.2
146.3
47.2
186
8
264.8
85
175.8
31.9
49.5
9.2
24.1
31.2
153.5
58.5
30.1
142.8
9.8
134.3
70.4
10.2
93.1
15.6
16.2
61.6
101.7
137.7
11.8
204.5
113.3
25
9.9
133.7
126.5
30.1
112.9
133.5
108.2
13.1
189.2
22.8
8.2
235
15.2
99.3
60.1
15.5
8.9
109.5
21.4
47
98.2
10
67.4
18.2
62.6
18.6
107
14.5
13.2
8.5
53.2
115.8
86.8
215.6
287.2
11.4
38.1
97.8
12
15.5
36.4
9.5
9
50.1
58.1
15.9
28.1
221.8
13.1
133.9
17.5
143.5
167.8
106.5
206
36.7
13.8
41.7
77.1
264.3
38.8
119.9
209.4
60.6
54.6
125.1
132.8
8.6
11.7
221.7
263
33.5
170.5
166.1
88.4
42.4
169.8
117
84
237.6
15.4
78.3
97.6
34.8
14.6
69.5
24.3
85.7
145.2
280.8
36.2
148.8
31.5
108.7
28
16.1
198.7
58.9
37
62.2
19.8
136.1
18.6
43.7
50.3
16.2
185.1
105.5
153.1
23.5
15.2
149.7
104.3
67.3
10.2
207
17.2
130
103.3
149
55.8
29.1
85.7
187
15.7
49
171.2
164.2
119.5
17.2
8.7
9.4
99.8
26.1
203.3
8.7
21.6
204.7
11.2
69.5
98.2
16.4
84.9
42.9
142.8
149
94.8
11.2
25.8
8.5
12
32.6
43.1
9.6
74.8
133.8
42.5
20.3
34.7
12
78.9
24.3
85.1
241
37.1
210.4
8.7
19.8
79.8
27
207.1
70.5
165.1
112.8
97.5
272.9
295.6
80.9
37.7
54.1
17.2
141.3
34
57.1
69
73.5
137.6
195.8
292.7
60.3
29.3
219.5
73.3
25.7
188.5
9.5
25
93.2
80.3
37.5
20.6
307.4
9.4
92
127.4
169.6
26.4
8.6
102.9
8.8
271.4
43.3
80.2
91.1
122.4
126.2
47.5
176.1
322
10.9
65.2
217.1
30.7
40.2
19.3
124.6
83
17.2
49.7
16.9
259.6
33.5
45.4
117.5
30.4
97.7
48.9
17.1
117.6
83.6
20
96.1
21.1
33.7
166.7
286.6
108.3
20.5
115.8
43.9
68.6
10.6
444.6
83.8
9.4
12.7
55.3
220.9
13
8.9
95.2
55.6
22.6
155.6
43.6
136.5
23
154.6
63.2
198.8
99
271.1
61.6
203.7
10.2
45.3
21
183.5
96.6
69.4
14.3
14.9
55
33.6
10.2
23.8
26.6
36.8
181.1
49.7
90.3
44.2
70.9
13.1
30.5
43.7
37.6
128.6
8.6
193.5
102.3
37.1
14.6
39.2
15.5
99.9
44.6
19.3
177.3
56.4
111.9
39.5
57.6
110.7
174.9
170.1
110.4
48.8
38.3
201.8
13.6
24.8
14.3
13.1
12.2
123.6
297
14.6
44
277.2
241
8.7
37.2
123
232.1
19.9
41.4
387.3
50.5
30.3
120.7
135.1
62.2
136.2
15
17.5
115.3
61.7
71
170.4
63
8.1
26.3
58.8
92.1
106
105.9
22.7
149.8
379.7
26.1
138.9
154.4
141.4
21.1
119.8
143.1
77.3
48.8
28.1
90.4
66
48.1
135.9
104
87.7
10.4
13.6
11.2
15.8
22.1
66.3
135.3
110
74.5
211.8
38.4
15.8
56.1
11.7
191.5
69.2
72.7
110.5
11.7
11.4
78.2
9.8
53.2
147.4
55.5
12.7
16
10.8
120.1
45.3
26.2
77.3
27.6
197
30.4
303.6
69
89.5
35.8
292.2
64.4
21.5
155
16.8
30.4
122.8
188.1
18.4
84.4
101.9
68.8
96.1
21.2
119.7
84.1
144.2
284.1
136.2
127.7
175.8
20.6
116.3
174.9
55.6
34.6
12.9
28.5
11.6
122.4
160.9
43.3
33.7
15.2
121
121.4
163.3
35.7
141.6
128
41.7
95.7
161.4
70.7
80.5
92.4
109.6
14.8
225.8
35.4
238.2
67.7
177.1
8.4
20
160.5
16.4
24
95.4
250.2
108.8
16
19
118.3
60.4
201.7
16.8
14.7
13
25.8
227
28.3
298.3
219.4
16.5
10.3
8.1
204.6
24.5
138.7
63.7
10.9
30.6
276.9
188.4
214.4
50.1
63.3
30.3
93.4
50.1
38.6
14.6
31.2
29.4
194.5
9.1
115.3
10.3
139.3
46.9
32.7
89.4
155.8
80.7
172.1
55.2
47.9
96.6
9.1
127.2
260.3
105.7
11.9
150.1
37
22.1
11.5
44.6
61.5
80.9
46.1
9.7
207
8.6
82
30.7
305.8
69.8
150.8
22.7
31.2
9.2
9
29.5
106.2
150.3
101.7
11.2
15.9
14.4
39.7
132
62.9
14.6
82
11.4
33.5
72.8
12.2
154.4
77.1
217.8
74.6
18.9
25.3
45
79.9
35.5
195.3
78.2
104
53.4
43.5
17.6
14.3
149.6
24.9
212
18.6
15.7
30.2
9.2
55.9
43
140.1
44.5
88.6
12.9
31.4
49.7
18.2
13
54.1
40.6
47.8
164.6
139.9
214.9
11.6
21.3
68.2
156.8
26.1
17
195.6
11.4
143.1
20.3
93.8
17.9
70.5
68
9.4
49
16
206.3
22.9
116.8
33.4
95.5
45.2
62.3
132.3
12
16.1
134.9
10
14.2
8.8
179.1
111.8
15.8
107.3
130.8
118.4
23.9
9.2
42.4
10.1
254
37.3
120.9
52.9
41.1
86.6
8.8
65.3
111.6
12
17.7
37
60.1
307.3
36
32.9
36.2
29.2
152.7
28.7
169.8
141.5
95.7
17.5
317.1
14.8
119
66.4
73.3
14.2
18.4
49.6
110.2
39.4
240.1
139.1
9.1
31.3
43.3
16.5
48.9
95.6
14.2
329.1
120.7
73.3
17
33.2
10.6
59.1
92
13
49.4
10.8
25.9
126.1
264.5
35.3
216.1
18.3
178.3
46.1
26
102.8
102.9
76.3
214.7
32.3
17.8
74.5
252.3
49.1
150.2
25.4
126.5
113.9
15.4
112
56.3
11.8
70.2
123.7
132.2
21.6
82.4
69.4
39.7
13.6
15.6
113.7
24.8
34.4
28.6
11.4
21.8
150.3
32.1
40.7
118
13.3
73.1
127.5
8.1
59.3
90.6
71.3
156.5
114.3
80.5
72.4
139.4
10.5
69.5
108.8
98.5
145.6
27
21.1
153.9
13.5
15.7
73.7
22.4
25.7
209.2
8.4
12.9
158.6
102
26.4
97.5
29.8
14.7
61.4
15.3
25.5
68.7
78.4
10.4
106.8
13
131.8
66.7
22.9
24.4
11.5
57.3
12.5
154.7
26.4
11.5
181.7
28.4
47.5
153.8
72
65.8
38.5
268.8
17.5
94.5
28.5
192.1
26.1
142.1
94.1
86.7
147.3
54.2
16
102.7
35.4
28.6
48.3
22.6
71.3
130.4
15.8
32.9
25.2
112.3
74.7
211.5
21.1
37.4
63.2
35.2
202.2
35.3
178.6
24.5
8.6
144.6
46.5
17.4
116.1
42.8
85.2
178
118.2
15.6
96.3
19.8
50.4
64.5
20.8
32.1
10.7
36.4
43.8
11.3
24.8
254.1
161.6
89.4
18.3
10.1
43.9
178.2
39.8
117.5
30.6
189.4
10.8
67.8
34.1
164.4
58.6
79.9
192.3
102.9
39
121.4
107.9
24.9
52.8
49.9
52.3
87
207.5
165.5
9
37.5
17.1
21.3
30.9
89
419.7
9.9
89.2
89.5
81.3
34.3
76.2
129.6
53.8
9.6
19.4
28.3
164
10.2
36.4
56.8
475.2
51.6
116.1
14.8
285.1
56.2
39.4
11.1
160.4
197.1
18.2
38.1
84.2
187.7
60.4
195.7
14.9
9.5
32.9
23.6
13
10.4
20.3
236.3
142.2
60.7
34.4
169.8
8
23.9
114.2
260
34.4
170.1
13.8
9.3
127.4
62
51.3
51.8
68
18.6
165.2
32.6
96.4
128.9
8.3
54.4
53
12.7
199.4
71.2
255.9
32.9
24.4
77.2
298.9
57.9
93.3
12
94.6
68
53.1
25.8
256.9
98.5
71
97.6
42.1
20.3
60.4
148
20.1
35.6
27.7
14
19.2
103.7
68.7
62.7
60.6
31.7
228.4
20.9
191.7
9.3
12.9
101.3
39.4
151.2
9.9
11.1
13
9
12.5
27.6
10.9
62.7
46.9
143.9
32
191.9
8.7
31.2
20.5
116.6
148.6
74.6
41
10.4
12.2
32.5
157.7
47.9
76.5
181
147
18.4
90.5
47.7
101.6
47.2
213.8
60.6
59.1
35.2
76.1
187.2
78.6
53.3
35.8
148.8
36.4
224.2
70.2
20.9
16.4
35.2
14.3
119.5
95.8
135.3
56.2
18.1
235.8
67.5
67.2
16.2
29.8
11.3
37.5
76.1
55.2
90.8
53.4
97.6
15.7
116.5
10.8
13.9
106.3
130.4
8.9
11.3
200.3
14.1
100
73.9
210.5
55.8
301.3
97.1
42.9
8.4
110.2
8.8
89.4
211.2
63.3
26.8
92.3
62.7
25.6
10.7
40
293.7
53.3
16.7
10.9
12.2
8.6
19.7
82.2
28.2
33.4
19.3
153.1
74.1
15.1
187.1
24.6
76.4
17.6
9.9
23.9
11.9
80.1
30.2
20.5
162.8
13.7
40
51.3
93.4
134
59.2
37.9
143.6
52.6
42.8
11.7
14.3
25.9
203.7
8.6
8.3
37.9
131
31.8
181
186.9
8.2
30.5
161.6
58.2
24.6
119
106.5
59.4
13.9
127
12.9
147.4
307.3
22.9
59.5
17.3
47.7
35.3
26.7
134.8
18.1
26.5
54.1
16
21
78.5
16.9
14.9
54.5
128
17
12.6
11
33
14.8
93.3
44.9
12.9
124
57.2
9
53.7
11.5
27.1
106
125.6
42.7
19.4
108.7
9
23.1
32.2
21.4
414
24.2
221.2
142.7
20.8
101.2
18.5
108.5
39.3
68.4
151.9
80.9
65.2
202.5
17.5
54.8
146.7
25.4
11
15.7
277
42
163.6
43.1
13.6
78.7
10.4
52.4
46.1
16.7
135
48.4
8.3
21.1
139
10.6
35.6
99.1
53.1
131.4
19.3
96.3
132.1
46.6
455.9
319
17.8
66
16.1
102.7
103.3
36.4
119.9
135.9
60.6
9
184.7
64.4
18.2
82.2
10.3
138.5
44.3
143.8
268.6
264.9
285.2
44.2
87
122.8
212.5
125.2
94.2
28.2
16.6
42.5
30.4
9.1
97.3
103
73
68.1
10.9
171.4
58.8
218.7
80.3
120.8
32.1
50.3
31.2
9.7
68
27.9
155.1
114.5
12.3
96.9
63.3
193.1
16
81.4
69.5
9.1
44
49.1
296
24.2
14.5
12.5
129.5
120.3
127.2
27.5
158.4
70.9
95
33
42.7
288.3
104.2
12.6
118.1
11.4
12.2
8.7
38.4
20.6
8.7
138.7
16.9
87.1
110.1
73.4
25.1
178.1
47.2
127.6
8.7
41.4
62.6
77.5
93.3
92
41.7
39.1
19.1
11.6
9.5
82.3
12.5
91.2
91.4
89.5
40.5
28.4
76.2
50.9
175.9
73.5
66.9
28.1
117.2
116.6
54.8
19.1
142.4
41.4
126.2
11
265
52.5
97.1
142.7
54.1
90.4
181
69.4
28.2
90.7
120.4
155.9
17.7
30.4
308.8
160.3
76.6
216.4
228.8
89.6
199.2
92.1
76.4
115.4
134.2
224.9
231.1
213.5
8.8
105.6
47.5
68.4
15.9
68.6
9.6
176.8
129.1
250.7
25.3
102.1
69.2
9.8
22.9
114.6
32.6
24.2
91.9
12.7
11.7
33.5
81.9
109.4
83.7
41.7
18.8
166.9
25.5
10
220.9
8.7
78.1
11.9
25.2
221.6
108.9
143.2
145.2
21.9
8.6
65.9
65.7
23.7
69.5
39.9
184.1
25.7
91.5
47
13
276.4
263.6
16.3
36.3
80.9
11.7
95.3
127.5
97.7
151.9
244.5
33
21.3
21.8
10.9
64.6
102.8
44.9
14.8
168.2
22.2
41.3
14
33
177.7
10.8
95.4
89.5
23.3
23.7
17.1
136.5
32.7
13.8
46.9
44.7
118.7
18.9
41.8
25
216.9
257
174.6
25.5
12
14.1
32.1
10.7
45.8
20.4
162.8
107.5
178.6
9.3
140.6
46.7
14.9
17.1
221.5
73
88.5
9.7
205.6
176.6
89.3
90.3
12.9
32.4
17.7
23.3
25.4
93.5
11.9
69.8
31.8
33.6
116.4
45.1
20.6
22.9
175
132.1
33.6
61
185.5
245.2
122.3
180.6
123.3
117.5
52.1
152.9
43
229
48.8
8.3
8.8
12.8
93.7
9.7
110.5
53.2
16.5
124.8
236.8
36.9
231.3
15
9.6
83
9.5
28.6
186
114.4
101
40.9
69.2
264
213.5
51.3
27.8
36.8
213.7
132.9
15.2
72.5
71.1
12.6
23.6
27.2
188.7
65.5
50.9
40.1
17.2
192.6
21.5
71.1
83
40.5
26
14.3
25
82.4
21.6
59.8
35.3
41.5
176.8
26
77.8
151.4
42.6
40.9
10.3
9
24
17
129.5
56.8
40
8.6
158.2
137.8
34.3
71
179.5
53.8
13.9
91.8
52.2
15.4
163.1
18.8
37.6
10.3
38
20.8
46.6
9.9
111.2
106.7
17.9
9.8
43.9
156.4
87.3
11.7
147.5
35.4
40.2
106.2
34.4
29.4
11.5
36.5
159.3
12.8
36.9
42.6
9.6
14.9
8.3
75.9
10.7
62
16.1
200
51.9
174.4
97.3
9.2
199.7
106.2
29.9
193.2
26
158.9
31
8.4
204.6
110.1
47.5
76.3
12.7
65.6
103.8
9.5
17.6
85.9
106.9
8.5
45.5
192.9
88.9
51.9
130.2
163.3
215
136.8
51.2
49
160.9
24.5
78.4
91.7
18.7
166.5
11.5
91.9
170.7
82.1
54.9
25.1
34.2
100.7
74
301.7
88.8
82.4
18.3
14.5
235.2
115.8
20.9
78.1
10.4
40.5
35.8
186.1
267.4
57.6
138.7
78.4
113.8
22.6
135.3
28.9
176.1
131.1
34.3
39.8
19
32.2
27.7
76.9
165.2
130.4
9.6
170
120.5
9.3
18.8
21.1
18.7
212.5
52.3
58.6
115.7
82.1
18.1
9.5
241.1
17.7
13.7
30.8
10.1
80
97.5
20.7
27.7
16.2
23.1
146.3
22.7
20.3
19.7
9.5
216
133.2
14.9
129.3
139.5
169.8
165
166.1
11.3
24.1
17.5
17.9
58.8
48.7
84.7
33.8
22.1
95.8
405.6
63
20.8
45.7
75.4
11.2
30.2
35
100.8
144.3
39.1
90.1
60.8
241.8
12
12.4
34.9
25.3
36
57.9
166.2
50.8
21.9
160.7
81.7
55.1
77.5
9.1
15.7
31.7
58.2
182.5
416.4
22.7
19.6
26.5
14.2
41.3
23.2
121.9
11.9
19.5
11
64
37.4
15.6
70.6
365.5
26.5
72.6
8.8
15.3
10.7
67.9
201.8
139.7
71.9
45.1
77.2
17.8
112.5
75.7
15.5
158
62.3
82.3
69.5
182.3
27.9
14.3
218.6
29.4
14.6
41.4
52.4
22.3
127.4
152.3
19.4
90.5
14.1
51.9
70.3
188.9
85
27.7
65.3
299.6
121.8
11.6
13.2
13.7
21.7
9.2
93.1
114.5
8.2
15.8
27.5
11.8
66.7
35.6
51.8
115.9
48
9.5
17.7
24.9
9.3
29.4
16.9
195.1
30.7
57.4
153.2
59.2
48.5
52.3
11.5
34.2
13.8
115.9
92.2
250.7
67.7
11.1
118.2
71
8.9
19.1
80.6
302
93.7
20.3
10.3
156.4
35.7
21.3
28.1
165.3
161.3
25.3
75
194.5
166.3
229.7
153.9
10.3
71.4
50.6
216.8
47.3
10.7
81.8
24.7
96.6
19.1
74
270.9
20.8
366
26.3
27.6
46.2
34.5
12.1
42.5
183.3
10.6
308.9
9.3
44.2
62.4
19.5
15.9
94.4
96.8
35.4
141
17.5
67.6
158.8
11.1
124.2
63.3
8.5
10.6
67.8
139.7
22.3
44.6
58.1
190.4
33.7
61.9
26.7
45.8
137.8
12
82.7
25.3
95.5
16.3
257.3
289.4
125.4
103.4
14.1
11.3
103.5
33.1
148.8
66.3
116.6
142.6
44.6
71.3
35.9
112.4
318.8
79.2
118.6
74
44.1
111.9
9.3
156.5
76.4
65.7
110.4
158.4
25.6
74.6
91.6
23.5
23.6
10.6
8.7
294.2
45.7
21.4
122.1
67.4
19.4
32.1
190.7
33.6
141.3
55.6
23.1
21
100.6
10.1
8.9
105.3
55.3
15.2
18.9
50.6
256.7
75
206.5
85.1
10.8
31.9
12.5
254.2
20.5
57
15.4
9.1
28.1
111.9
13.4
13.6
9.1
21.5
78.7
62.5
114.4
10.7
82.2
53.3
95.6
25.8
85.7
9
20.5
9.4
180.7
73.3
176.5
18.6
31.5
52.9
82
192.7
22.9
77
62.7
286.8
10.2
15.9
69.2
102.2
30
385
43.8
99.8
65.1
17.2
11.5
51.3
132
32
23.9
247.9
19.6
154.6
17.1
95
25.3
198.3
124.9
9
102.5
428.9
178.7
27.4
172.6
121.9
8.4
21.1
208.6
100
118.1
235.7
234.6
162.6
21.1
40.9
13.1
134.1
67.1
88.4
98.3
43.6
295.9
11.6
78.1
12.5
115.4
30.9
80.8
65.1
14.5
22.4
129.7
16.9
103.1
17.7
39.2
11.9
21.5
112.4
39.9
24.7
41.7
22.9
23.1
59.3
233
12.7
49.3
18.2
10.1
16.6
40.2
148
10.3
151
16.7
20.9
16.6
49.2
88.8
70
91.6
106.8
295
109.5
21.4
119.2
28.1
28.9
9.9
217.1
14.8
115.9
27.8
110.6
65.6
8.7
137.3
138.1
22
72.6
51.4
147
121
21.9
10.1
40.2
22.6
14.1
54.4
57.3
131.4
45.2
86.6
10.4
87.5
36.1
101.5
53.4
19.3
12.9
197.2
132.9
71.5
117.3
78.7
63
26.2
49.3
261.8
35.6
84
137.7
110.1
100
21.7
67.5
29
46.4
8.9
73.2
14.5
67.2
51
106.6
192.5
32.6
9.7
103
58
8.2
10.7
19.1
17.4
18.9
17.1
11.6
45.8
68.2
10.1
14.9
15.9
58.8
98.8
32.1
61.8
73.7
143
10.1
80.3
11.1
9.6
84
8.6
89.7
190
71.9
104.3
65.4
36.9
55.3
9.4
69.4
101
14.1
13.1
106.5
63.8
86.9
9.2
11.8
114.7
8.6
25.7
80
28.4
182.9
16.3
166.4
165.8
77.9
9.2
13.1
30.3
47.1
8.4
24.2
34.2
143
10.3
25.6
8.9
18.5
74.3
263.6
16.7
38
8.2
104
134.5
11.5
9.6
39
105.4
42.8
104.8
246.3
8.9
78.1
171
28.5
83.7
70.2
32.3
73.9
8.4
199.4
67.7
65.5
190.7
9.6
12.7
247.1
27.4
14.8
145.3
57.3
9.4
192.1
18.8
21
102.7
62.7
90.6
28.2
63.4
12.2
13.4
17.4
18.5
60.2
106
140.8
58.5
117.6
295
66.2
88.7
188
29.3
26.3
8.6
18.1
16
23.4
294.7
44.5
116.9
131.8
8.9
9.6
19.4
51.4
127.2
22.9
77.8
364.4
96.6
72
25.1
22.2
246.3
12.3
20
80.6
69.6
245.7
102.9
17.1
35.7
47.6
33.9
9.1
8.9
25.2
80.2
139.5
109.2
57.1
135.4
69.7
136
27.1
10.5
58.6
249.3
199.1
45.5
48.7
308
84.9
147.5
70.7
16.8
100.7
35.1
21.5
181.2
51.1
54
19
67.9
18.2
185.2
89
51.1
144.2
14.6
68.8
12.3
23.6
9.8
33.2
9
143.4
286.5
11.7
10.9
147.1
83.1
19.7
115.8
76.5
115.6
24.4
58.4
31.3
110.9
19.4
70.4
27.9
29.2
106.5
319.1
37.1
103.9
132.9
120.7
106.1
8.6
264.9
107.9
160.4
210.1
20.1
9.7
8.6
310.4
28.1
15.7
24.4
260.7
14.4
17.9
8.1
74.6
186.9
198.3
71.1
46.2
136.1
242.3
131.1
146.1
82.7
283.5
38.6
25.3
58.4
31.5
53.9
9.5
45.5
230
105.4
86.7
98.7
9
79.4
108.7
12.4
181.7
21
29.6
15.6
80.2
100.8
135.6
9.3
28.2
41.3
195.7
38.8
93.3
247.9
39.7
50.3
56
160.4
24.8
51.3
27.6
10.5
69.8
54.5
201.5
19.1
22
137.4
23.9
156.3
48.3
8.5
83.6
78.6
41.4
15.8
119.9
24.3
23.6
17.4
25.2
30.2
26.2
106.5
48.4
50.5
17.9
159.6
14.1
56.5
72.9
70.6
33.7
20.4
33.2
16
18.9
174.4
185.7
9.4
59.9
12.8
9.3
10.4
47.4
10.8
25.5
100.4
89.8
106.6
29.8
8.3
71.3
74.6
51.8
68.8
145.8
34.1
37.7
15.2
48.4
55.9
16.4
118.5
51.9
16.2
10.1
106
11.5
98.2
99.8
17.6
14
25.2
46.9
40.6
124.4
165.3
22.9
28.4
13.9
8.6
82.7
105.7
20.5
134.1
87.1
37.4
67.6
58.7
76.6
105.5
41.5
36.8
12.2
51.6
22.9
201.5
9
14.4
14.7
34.5
9.7
8.8
22.9
21.7
50.2
15
198.9
163
22.3
8.6
12.8
334.6
190.8
63.9
89.2
66.5
73.1
79.1
9.2
11.6
23.6
46.5
124
69.5
15.7
78.2
22.4
26.3
33.6
12.7
42.2
29.6
13.8
12.7
14.3
9.2
12
21.7
90.4
31.9
93.6
161
60.2
40.7
117
56.9
8.6
41.9
94.1
80
24.7
155.4
43.8
92.6
19.5
10.6
44.4
154.8
68
33.6
23.7
38.6
110
12.5
13.7
15.2
125.2
104
14.7
30.4
52.2
31.6
14.3
153.7
260.3
36
200.2
45.8
10.7
665.8
43.2
27.1
17
27.4
239.6
11.8
23.7
18.2
47.5
20.5
25.7
133.5
12.4
53.9
222.7
13.8
43.9
37.2
194.1
14.2
19.1
61.4
30.1
94
19.5
83.9
185
45.8
151.9
79.5
462.4
161.1
35.7
126.8
77.5
127.4
85.9
128.8
24.2
243.5
133.5
106.5
218.1
15.8
24.5
122.5
55.5
9.3
99.8
29.6
151.5
197.7
11.6
141.7
28
20.9
91.1
196.8
30.6
14.4
15.1
40.6
20.7
99.4
191.3
36.2
18.8
161.6
18.1
15.7
16.5
40.8
8.2
31.1
59.1
180.7
186.6
93.9
415.1
48
36.1
63
18.1
10.9
26.8
100.9
53
114
55.4
15.7
43.5
33.7
93.1
75.3
256.8
36.6
17.1
10
294.9
12.1
69.2
50.6
227
11.7
21
29.7
46.1
20.1
182.6
82.6
77.2
10.4
16.2
48.2
12.9
42.8
13
26.8
11.3
19.3
8.8
256
39.3
31.5
59.4
72.8
95.9
14.2
109.6
218.5
16.7
80.3
8.8
39.3
29.1
20.2
22.8
134.5
126.2
83
50.1
233.4
12.8
36.3
32.9
20.2
27.6
9
85.9
25.6
20.2
8.5
24.4
43.6
10.8
24.3
32.8
9.3
134.8
79.2
62
242
15.3
48.6
16
146.9
15.3
103.3
183.4
161.7
14.7
74.8
106.1
66.8
19.2
10.2
76.4
74.3
42.2
10.2
11.3
12
121.3
179.9
42.7
478.7
8.6
69.3
12.1
10.1
28.2
117.7
17.6
8.5
109.7
17.6
17.6
63.6
115.8
222.5
12.6
188.3
35
53.5
60.5
152.9
50.5
101.8
18.5
57.6
12.3
385
10.9
176
161.8
82.1
57.6
173.3
196.6
69
78.7
17.3
34.7
143.7
13.8
9.9
11.7
140.2
115
25.1
153.2
34.4
8.7
102.1
128.6
103.5
206.9
16.9
50.4
28.3
53.9
126.9
149.9
25.7
33.4
20.7
15
16.1
20.5
262.1
9.4
14.9
132.4
10
116.2
17.9
8.3
12.1
159.9
15.6
38.2
12.9
182
13.6
89.5
116
172.4
120.9
22.8
34.9
99.1
70.7
35.6
11.5
255
93
136.3
55.4
33.2
58.5
113.6
167
182.7
58.7
72.6
29.5
151.8
16.5
51.5
197.3
34.8
120.8
119.6
9.1
136.7
48.6
26.1
51.4
136.3
119.5
72.7
54.4
67.6
57
23.6
23.6
102.1
13.3
99.7
178.4
214.3
9.6
13.7
60.5
16.7
192.7
74.6
23.3
26.5
150.3
105.4
153.4
319.5
233.9
135.2
23.3
22.4
80
27.6
227.5
37
40.9
162.4
25.3
186.7
64.4
40.4
40.5
13.4
32.5
83.1
31.4
14.9
51.5
49.5
86.3
13.6
38.3
40
165.4
18.4
116.7
102.4
285.1
21.3
125.7
13.5
14.6
111.8
25.5
21.4
20
24.5
76.3
15.3
93.1
70.5
41
161.5
144
9.2
106.1
25.2
29.6
206.3
150
38.8
29.2
85
181.5
38.5
48.6
78.2
36.4
142.9
10.9
297.4
27.8
14.1
13.8
15.1
122.3
20.7
21.5
23.2
41.3
24.5
9.6
68.9
98.6
22.9
17
26.8
33.4
125.8
91.9
102.1
9.7
87.7
9.5
306.4
14.9
8.5
72.8
38
49.6
24.9
175.2
32.6
142.8
43.2
14.4
89
18.9
59.7
111.2
194
24.7
92
15.7
32.7
74.2
44.9
13.5
52.9
25.4
26.5
22.4
88.2
19.4
65.3
210.4
10.4
21.5
162
36.9
9.9
52.3
105.9
20.5
49.9
248.2
8.7
102.5
11.4
59.6
39
285.4
111.5
10
75
15.4
38.9
8.7
107.8
12.4
17.8
11.7
27.3
9.6
40.7
107.9
10.7
38.8
61.9
23.7
23.4
9.3
46.6
127.7
12
121.3
238.5
72.1
42.5
128.4
36.9
118.7
126.2
330.6
431.6
147
131.8
44.4
31.9
90.3
74
21
257.3
24.2
70.2
36.8
18.5
34.8
15.7
29.4
73.9
203.9
287.1
9.9
39.6
87.5
273
115.4
69.6
246.7
75.7
67.7
14.7
19.7
9.2
35.8
63.3
201.9
35.2
44.7
29.7
214.9
23.7
9.4
9.4
72.9
13.3
32.9
194.8
59.2
143.7
91.3
171.1
23.6
82.1
60.4
115.9
190.1
18.3
81.5
111.6
57.6
135.5
160
23.7
47.4
9.2
54.7
189.4
22.1
45
27.9
10.7
187.6
116.4
23
12.1
13.5
172.6
17.1
94
35.9
43.3
86.1
22.5
13.9
34.2
12.4
24.7
27.4
161.8
84.4
124.4
57.8
188.1
149
20.5
38.9
146.7
43.5
23.3
8.9
12.4
68
79.5
56.5
52.9
21.2
135.9
27.5
43.3
84.7
32.6
9.3
17.8
73.1
117.2
41.7
12.4
13.1
80.9
34.1
81.3
196.6
10.7
181.2
221.8
190
45.1
37.1
28.7
144.1
216
69.7
89.2
16.4
144.2
191.4
21.4
10.6
63.5
9.4
107.1
131.9
23.7
66.9
82.3
27.3
25
64.7
8.4
22.6
11.1
17.3
10.5
265.1
237.6
8.4
9.2
14.5
41.9
39.7
24.9
8.1
34.6
35
92.1
36.5
48.2
10.1
31.9
56
361.6
10.1
228
69.8
23.1
114.8
17.9
138.7
119.8
45.9
139.7
30.9
50.4
70.3
10.9
34.3
174.8
61.9
60.3
17.7
38.2
68.7
117.3
44.5
10.5
108.3
21.1
9.5
82.2
28
107.5
71.2
188
13.8
111.8
133
35.5
19.1
40.3
33.5
80.5
159
18.8
155.4
168.6
23.2
238.4
23.5
98.9
73.5
16
38.4
97.8
191
197.9
53.3
85.9
18.1
17.7
142.1
24.4
24
67.8
14.1
149.7
15.2
27
15.8
25.3
10.3
10.9
67.4
29.9
26.8
50.7
12.7
8.6
103.2
8.9
46.4
82.9
50.3
48.1
90.9
153.9
23.3
15.2
341.3
311.5
9.3
8.9
55.5
98.6
150.6
65.4
28.4
39.1
12.4
17.2
26.8
75.4
68.7
188.1
8.7
23.1
16
280.7
250.3
23.7
54.9
28.4
67.8
8.9
89
36.6
211
23.2
24
69.3
136.1
124.8
55.8
235.8
32.8
10.5
28.6
39
138.8
54.3
14
78.5
166.3
108.6
146.3
123.5
41.8
20.8
75.3
18.5
20.6
59.5
67.2
10.8
11.7
9.6
23.4
13.9
76
154.6
12.2
149.4
23
49.9
8.8
60.9
84.4
11
17.4
18.1
132.2
49.2
187.7
109
189.5
146.1
49
9.6
14
245.9
83.3
69.2
8.4
13.7
60.6
108.8
19.7
12.3
222.8
12.8
134.9
10.5
49.5
148.5
115.9
16.5
21.7
99.6
15.3
34.4
39
151.6
61.2
62.6
8.3
23.2
11.1
29.7
68.9
62.5
60.2
25.1
148.7
32.2
118.6
144.5
66.3
77.4
86
46.1
250.7
28.8
29.5
11.3
31.4
153.4
303.3
173.8
20.1
11.4
108.8
203.2
101.4
10.5
107.3
150.9
22.5
148
149.7
60.1
9.8
126
11.2
45.5
67.3
19.6
204.2
53.2
47.2
44.2
53.5
8.9
33.2
124.5
188.5
226.4
59.7
62.9
8.5
9.5
53.4
122.6
13.9
178.5
171.9
217.6
411.4
108.9
19
50.6
51.5
74.8
87.8
65.6
71.1
9.7
15.8
9.4
122.5
72.8
60.7
160.5
12.8
25.6
88.3
120.2
10.3
8.4
25.2
29.4
276.1
32.6
62.3
24.6
139.5
45.6
54.9
102.7
166.8
72.6
186.6
126.1
37.8
35.3
12.5
97.6
236
26.4
404.7
17.9
130.4
127.2
306.2
39.4
8.6
37.1
14.1
9.8
31.8
126.9
10.8
16.5
227.4
74
104.3
105.7
11.7
8.6
40.3
12.1
255.7
123.1
11.7
178.1
26.5
23.8
17.5
9
76.4
13.9
371.7
215.3
90.3
47.6
69.9
35.6
234.9
97.7
18.8
23.9
13.3
35.8
185.8
13.8
120.1
101.9
13.6
155.9
10.9
70.5
50.1
153.9
143.2
70.1
155.4
57.5
197.5
208.6
68.2
70.6
72.7
65.6
216.9
82.2
30.8
8.3
44.1
148.3
56.8
26
15.7
46.7
45.5
29.6
9.5
9.2
32.7
60.8
113.2
260.1
16.4
20
16
162.1
51.2
8.6
12.5
89.9
22.4
13.8
161.8
14.6
10.9
22.1
20.4
105.8
72
45.2
37.8
9
41.1
17.4
138.2
62.6
17.3
9.4
9.1
16.4
14.1
47.1
64.6
239.1
105
38.1
238.3
184.3
10.9
339.5
22.2
116.2
100
26.7
87.7
248.1
9.2
21.9
95.1
140.5
302.4
71.6
32.7
141.2
151.6
280.8
83.8
16.7
11
132.9
21.9
9.9
29.2
31.1
27
48.3
57.6
23.3
47.2
41.1
50.7
170.7
37
181.8
13.6
142.1
32.9
151.1
235.3
32.1
17.7
11.2
25.3
56.5
31.1
170.5
8.3
129
43.5
26.6
104.3
140.3
113.2
22
285
99
75.3
20
19.3
72
73.4
15
81.4
34.4
8.7
57.5
119.8
191
8.5
11.5
17.2
8.7
137.3
166.8
106.8
316.1
52.6
67.1
303.2
65.6
267.5
10.7
22
43.8
174.5
258
40.2
23
15.9
90.2
230.5
79.3
8.4
15.5
362
152.8
28.3
154.2
81.2
103.7
34
9
137.9
156.6
33.2
62.8
58.5
192.2
223.9
103.6
45.2
38.9
41.9
53.4
22
88.8
111.4
91.1
90.4
8.9
9.4
63.2
14.3
14.6
9.7
59.1
16.2
37.9
203.2
102.8
21.4
85.3
100.2
118.9
21.5
49.6
9
40
134.8
15.8
14.4
30.7
28.9
190
10.6
20.4
167.4
78
65.6
17.1
22.2
8.9
18.8
12.7
17.2
45.4
39.6
55.4
20.2
28.8
64.6
38
70.2
146.2
33
43.2
30.2
161.3
24.7
179.6
331.5
50.6
46.5
170.9
11.5
135
39
106.2
34.3
24.7
78.4
81.5
9.1
17.4
10.9
117.1
240.2
12.9
27.7
34.7
43.5
234.4
25.9
116.3
27.9
13.2
9.8
81.6
48.7
116.8
42.5
37.1
26.1
75
109
13.6
185.9
191.2
9.8
42.7
31.3
49.7
67.7
32
61
78
19
41.2
42.8
15.5
16.3
187.4
87.9
9.7
139
68.5
57.9
13.7
42
28.8
130.1
176.1
100.4
161
30.5
8.8
12.4
153.1
13.4
48.8
62.2
14.2
105.5
49.5
32.6
39.2
18.2
33.5
130
14.6
21.4
188.5
33.2
11.6
162.5
69.3
30.7
75.2
16.1
13.2
9.6
175.9
24
13.7
191.2
14.3
8.5
24.4
174.1
22.6
23.4
109.1
24.7
120.1
64.9
22.8
30.1
61.4
31.1
36.5
8.9
112.3
227.3
29.6
46.3
26.8
9.5
62.5
17.1
9.4
356.7
130
14
9.4
108.4
44.6
97
63.3
9.9
12.3
122.9
106.3
83.1
161.6
163
90.6
8.8
14
13.4
77.5
25.3
309.2
59.7
138.5
24.8
12.4
155.9
50.6
61.6
14.9
113.1
50.4
61.6
316
14.6
105.7
12
23.8
36.9
176.5
9.5
182.4
67.6
135.4
8.2
62.7
133
11.4
8.5
89
60.4
49.4
30
24.4
153
86.8
9.1
230.5
34.1
120.1
29.9
11.2
74.2
56.9
170.8
22.7
222
70.3
17.3
109
18.2
30.7
40.8
107.9
21.7
59.8
55.7
9.3
56
8.9
28.5
164
23.2
53.8
133.3
57
36.9
12.1
107.4
52.8
20.2
354
189
158.2
38.7
17.2
221.3
25.3
17.5
27.4
110.2
115.6
23.5
262.7
16.9
80.3
13.6
17.9
64.6
38.5
33.2
57.7
9.7
18.1
86.9
22.1
10.3
9.2
10.2
16.9
10.9
129
81.9
89.9
102.8
18.2
268.5
17.8
160.1
105.2
40.4
28.7
9
72.6
118.2
15.4
121.1
30
11.2
60
77.9
95.8
13.4
32.2
11.8
19.2
59.6
12.2
26.1
112.9
242.8
27.9
11
9.1
8.5
107.2
14.6
117.6
38.3
67.6
45.6
15
21.5
139.3
19
54.8
117.5
36
27.9
41.9
9.4
18.5
67.2
168.4
37
27.5
150.9
61.7
79.7
85.4
8
16.4
18
91.5
93.6
43.1
194.7
408
69.2
60.2
8.7
26
9.3
85.6
61.7
155.6
22.6
14.8
143.8
32.8
10
52.7
113
61.3
9.5
15.2
50.8
56.2
147.4
21.1
24
223.7
52.7
103.7
50.9
170.2
60.1
8.9
13.8
45.3
12.9
154.7
43.9
51.3
131.7
13.6
96.1
21.9
149.8
39.1
59.3
131.4
18
81.6
37.8
116.7
19.2
79.2
129.4
77.9
46
18.1
13.6
124.6
24.8
9
73.8
15.8
65.5
10.1
407.8
50.1
47.5
36.2
13.7
52.8
48
61.9
23.6
84.7
88.8
14
9.7
80.8
24.3
153
8.6
51
18
239.5
183.9
158.8
106.4
46.4
106.3
122
106
133.7
53.1
71.1
175.6
38.2
10.7
17.2
59.2
25.7
213.7
9.9
83.4
29.2
47.4
8.9
18.7
17.5
166.8
120.9
50.2
87.4
55.4
96.8
66
142.3
41.2
29
20.3
61.6
79.4
54.7
55.4
62.7
13
19.1
289
17.6
13.6
186.4
39.2
20.9
11.3
88.3
31.1
10.4
10.2
75.1
22.2
154.7
15.8
115.3
10.1
174.8
12.2
26.5
15.6
46.6
71.9
21.5
228.2
11
91.7
146.9
11.3
46.5
42.9
52
173.4
120.1
36.5
24.4
180.2
10.7
84.7
59.6
32.2
30
35.7
15
87.7
28.1
183.8
29.6
384
160.4
17.5
94.1
21.1
26.2
44.4
141.4
244.1
78.8
48.5
109.7
24
8.6
46.2
257.9
34.4
51.1
72.7
332.1
39.8
13.8
178.5
172.5
20.8
12.3
157.8
245.6
103.8
38.8
88.9
119.5
151.7
99.7
204.7
47.6
46.9
8.2
10.9
56.9
52.4
30.6
179
37
202.9
11.2
57.4
17
138.6
12.1
31.6
39.8
11.9
155
8.7
63.6
12.3
19.9
105.9
14.8
186.6
258.7
185.1
404.2
14.2
22.5
101.5
15.3
50.4
10.8
15
11
133.5
10.7
19.2
39.6
16.3
22.5
35
14.5
63.9
27.7
43.4
125.1
82.1
71
62.4
162.3
108.6
11.9
28.8
60.3
67
11.3
36.1
194.8
182.6
117.5
220
119.8
13.4
30.1
11.1
30.9
28.8
19.9
16.4
12.8
156.3
15.5
285.8
117.1
95.9
69.2
14.5
21.2
17.3
103.1
28.2
42.5
169.5
39.3
11.9
122.2
170.2
29.9
88.9
33.6
59.3
12.5
202.6
141.4
10.1
13.9
99.3
54.8
178.5
185.7
51.5
14.9
212.9
54.1
77
54.2
89
114.9
37.3
17.7
44
60.6
93.1
12.2
27.6
137.9
99.7
19.5
67.9
9.4
87.3
79.3
28.4
11.9
261.7
148.1
117.9
106.1
9.6
493.9
37.7
71.8
30.8
33.2
74.5
10.4
20.5
28.2
23.8
39.8
149
342
42.7
169.9
16.5
13.1
8.4
27
23
37.7
15.3
27
18
109.5
25.9
9.2
240
133
12.8
164.2
47.7
44.4
12.6
46.7
45
146.7
74.1
139.9
15.2
180.1
23.9
54.2
9.6
23.3
18.7
74.8
90
99.3
15.8
23.1
175.4
86.4
88.4
15.7
237.4
195.5
26.1
22.6
53.6
12.9
28.6
16.7
18.8
16
21.1
61.9
23.1
165
22.8
14.1
11.1
14.5
228.7
50
37.7
9.1
164.7
28.9
69.4
38.1
119
22.5
112.4
186.6
63
83.1
10
34
58.1
20.2
33.1
26
115.8
24.8
138.2
10.1
116.6
21
18.7
89.3
26.4
34.4
164.9
112
28.9
9.7
266.3
9.2
137.8
155.4
116.7
236
73.5
10.6
13.6
111.7
10.3
59.7
23.1
138.8
99.4
16
37.5
85.2
15.8
10.5
242.1
73.3
121.9
8.7
22.1
30.2
117.2
75.2
129.3
51.8
130.8
12.5
236.2
59.8
10
17.3
85.9
34.7
8.5
87
14.9
48
33.7
15.9
48.9
155.4
21.5
20.2
237.1
24.9
76
31.6
16.8
26.5
10.3
26.4
107.2
55.4
47.7
64.7
35.1
62
22.6
10
8
10.5
186.4
125.3
20.5
39.7
15.1
11
43
87
26.2
34.4
117.8
50.1
10.3
13.7
93.9
111.3
18.8
90.7
10.1
14.8
269.2
8.8
102
99.1
8.9
86.4
408.7
16.4
52.9
26.4
25.5
29.4
140.3
12.9
35
18.2
172.1
43.9
68.7
57
106.6
22.3
74.4
93.5
157.9
17.8
252.3
73.2
179.8
212.2
78.1
10.7
89.4
17.2
44.1
62.5
94.6
16.1
8.6
12.6
26.2
8.8
49.2
243.8
9.1
42.3
47.5
34.5
153.6
83.1
211.3
230.2
56.2
19.7
169.5
25.6
83.7
39.3
67.1
48.9
94.2
107.2
40.8
12.6
22.3
53.1
56.9
20.9
61.9
18
278.8
125.6
127.2
37.1
37.7
129.9
17
253.1
15.1
16.1
181.4
97.5
23
129.5
16.6
75.2
166.3
35.5
91.9
141
21.9
116
43.4
19.4
54.3
227.5
78
19.8
117.2
78.7
181
21
15.8
84.5
32.3
67.9
41.9
43.1
11.7
41.9
45.3
207.1
18.3
21.8
184.8
20.5
42.4
46.4
28.5
10.3
12.2
46.8
8.1
91.4
8.1
214.5
8.4
9.5
8.4
14.1
198.6
87.1
57.7
27.9
17.2
10.5
56
67.1
171.2
14.4
11.3
102
131.9
52.8
90.9
116.2
94.1
179.9
126.9
176.3
70
118.2
28.6
113.8
8.6
8.8
89.4
9.4
151.7
41.4
132.1
92.5
93.5
18.6
117.6
258.9
14.7
66.4
28.1
25.2
21.7
24.2
154.6
15
33.5
35
46.1
108.9
78
122.8
24.3
35.3
75.4
10.1
78.6
16
296.4
81.2
90
21.2
13.2
16.3
292.2
172
126.7
112.9
29.2
270.9
72.3
336.4
25.8
84.5
57.7
313
95.4
51.5
59
35.6
19.7
149.1
101.5
181.9
16.3
138.9
116.6
99.2
17.2
110.3
11.2
38.7
8.7
175.3
137.6
15.8
8.7
128.5
29
62.8
11
167.8
35.1
245.4
192.3
279.6
26.9
104.2
43.7
25
65
182
64.1
23.6
49.5
13.9
38
57.4
29.4
26.9
15.1
9.8
18.1
13.9
70.5
21.4
25.8
18.1
71.1
31.6
10.3
18.3
119.3
10.6
45.8
9.4
167.9
37.2
70.8
18.9
19.8
234.9
17.6
25.7
32.8
77.8
16.4
206.3
14.1
54.9
18.7
109.3
200.1
15.1
46.2
81.5
230
49.9
27.7
21.1
19.5
18.1
23.7
103.5
13.6
202.7
9.1
9.5
150.7
100.6
15.2
286.4
139
90.2
29.9
81.3
126.2
39
16
14.1
63.5
84.1
122.9
73.5
35.8
8.1
67.1
10.6
121.1
34.6
32.6
45.6
91.7
29.2
70.6
13.9
107
207.6
59.9
18.4
177.6
65.8
108.3
10.3
84.7
13
51.9
9.8
142.9
132.5
21.9
50.1
9.8
24.2
8.6
10.2
43
126.8
112.9
103.7
12
23
27.3
37.4
91.3
69.6
43.6
15.6
28.8
156.8
128.2
81
71.2
21.5
10.8
14.6
8.5
16.2
12.4
147.9
17.7
208.9
9.4
14.9
20.4
66.4
21.7
9.2
199.9
89.1
67.3
16.6
16.1
10.2
9.1
252.5
16.1
9.6
30.4
38.1
30.4
8.8
20
240
41.8
92.2
16.2
34.9
27.5
65.7
240
78.4
19.8
21.9
193.6
47.9
33.9
49.9
142.3
58.1
135.3
136.9
9.7
31.8
129
55.4
13.8
24
184.5
136.4
131.1
16.5
89.9
100.1
117.7
27.3
283.6
114.3
41.8
35.7
25.8
48.5
32
45.7
32.4
49.2
35.3
41.1
162.7
63.4
9.1
88.5
9.8
19.8
146.5
78.4
45
203.6
24.6
54.9
8.6
150.9
49.2
169.7
128.6
43
62
86.2
29.6
51.4
20
18.4
11.7
96
99.3
93.6
129
130.1
13.7
8.6
8.1
45.9
23.7
16.2
17.1
130.4
28.3
19.4
103.3
39.3
161.1
150.8
33.1
8.4
155.6
66.1
66.1
37.5
48.8
92.9
9.1
71.5
117.5
22.7
140.3
110.5
158.7
54.4
9.5
29.7
68.5
75.5
30.6
112.7
17.5
11.7
18.7
11.8
27.1
9.8
75.6
11.5
76.3
23
20.9
134.6
28.3
122.3
14.5
84.8
91.2
43.8
18.2
8.7
12.2
9.5
25.5
38.1
32.6
29.9
8.5
16.3
97.3
26.1
74.5
9.6
80.5
31.8
11.6
208.2
57.8
16
115.5
108.6
25.1
13.9
10.8
59.3
127.3
69.9
96.9
85.1
18.2
140
21.2
48
21.5
121.5
11.8
32.2
178.7
120.2
19.7
16.1
250.1
13
64.6
65.6
197.9
99.2
19.1
142.8
8.4
25.3
33.2
12.6
142
10.1
41.5
13.1
178.1
162
179.1
30.8
61.3
8.9
15.7
8.2
53.1
52.7
88.2
162.1
185.7
146.8
45.9
93
116
30.8
61.8
40.6
11.3
14.1
33.8
166.6
43.8
36.7
50.1
29.3
142
102.2
24.4
30.5
115.9
36.7
234.8
9.2
23.2
74.9
110.5
99.6
90.3
12.5
301.8
22.7
61.6
59.5
118.4
17
50.2
12
242
9.1
152.8
9
58.2
155.6
152.3
160.4
124.8
24.8
15.6
14.9
9.3
134.7
322.3
44.3
164.9
20.4
25.2
103.2
23.1
18.1
107.2
13.5
18.5
13.3
233.6
52.8
23.9
17
115
17.8
27.4
8.7
9.8
8.7
10.6
86.2
130.7
64.6
52.6
105.5
125.2
45
11.7
15.3
124
22.5
75.8
247.4
9.9
10.9
18.7
131.4
15.2
16.6
34.9
14.4
60.1
306.7
97.2
148.3
8.5
10.2
8.4
10.4
160.1
107.3
21.1
57.1
18.2
172.2
73
173.3
69.8
189.2
53
119.9
10.5
78.6
50.3
33.5
28.8
50.9
13.4
28.6
15.8
12.1
106.5
9.3
102.7
14.7
16.3
70.2
13
86.8
122.2
18.2
76.4
32.5
39.2
8.2
11.1
127.9
21.7
61.4
9
155.2
34.7
26.7
210.1
253.3
14.4
74
14.9
154.8
30.8
27.3
155.5
40.2
83.3
105.2
16.9
23.4
162.7
178
52
16.5
17.9
10
85.5
341.7
15.1
96.8
12.1
8.9
259.9
156
34.7
9.5
55.4
32
9.8
11.9
110.4
50
33.2
68.2
146.4
112.3
115.2
133.1
333.2
53.2
16.6
13.9
8.6
8
25.4
48.7
28.7
15.2
46.9
11.2
13.3
157.8
153.6
25.4
23
128.6
33.8
9.5
154.6
43.6
28.9
113.8
11.2
11.5
11.9
10.6
125.7
147.3
9.6
56.4
37
171.7
14.8
8.4
40.4
10.3
67.7
196.4
13.4
10.6
9.7
132.2
20.2
12
8.7
18.6
99
15.2
10.6
92.1
92.6
34.9
28.3
22.9
83.6
8.6
74.1
86.8
197.3
40.6
68.4
15.3
159.3
15.4
117.1
95.2
90.4
39.3
22.4
28.8
142.3
115.8
8.3
99.9
181.5
18
62.7
20.4
24.6
38.3
34.1
26.7
16.7
64.9
25.5
130.8
16.1
24.2
111.3
50
64.3
18.5
119.3
92.2
25
120.6
114.3
269.6
163.1
8.8
8
32.1
19.9
24.8
14.5
57.4
356.8
200.6
151.9
51.5
110
197.7
23.5
98.6
19.4
195.5
9.3
138.9
11.8
17.7
72.4
9.7
68
24.8
10.3
90
108.9
158.6
65
44.1
55.6
159.6
74.5
7.4
9.9
92.8
170.9
23.7
12.7
78.8
7.7
15.4
8.4
28.3
171.5
64.6
33.2
26.6
9.9
84
13.2
16
10
108.6
10
132
174.9
9.8
60.4
27.3
18.8
197.2
41.6
118
7
139.1
55.7
245.6
11.7
228.3
68
26.1
47.3
35
7.9
28
233.7
20.1
253.7
156.7
28.2
66.4
10.7
19.3
242.5
10.7
111.8
14.8
7.8
8.1
18.1
44.6
27.6
7.9
11.5
73.1
180.4
36.7
161
92.8
7.1
8.7
7.4
195.5
41
54.9
356.8
14.5
16.7
67.1
31.1
222.4
99.3
18.9
90.1
145.6
9.2
97.8
19.9
10.7
7.8
246
16.5
88.3
7.3
7.1
8.6
83.6
32.1
89.6
12.3
14.2
7.5
117.8
178.3
118.3
7.2
251.3
89
12.5
28.9
40.2
70.1
273.9
7.4
29.3
16.5
45.7
9.9
22.8
163.1
7.6
11
195
11.7
135
110.6
97.1
8.2
103.4
29.1
113.4
22.8
155.8
47.4
9.7
37
52.7
44.8
122.7
8.2
8.9
13
15.9
63.7
96.9
31.8
33.8
7.2
301.5
8.9
42.1
8.2
9.3
13.6
14.3
10.6
23.7
86.8
11.8
11.4
44.8
32
7.8
7.6
93.4
109.5
98.9
15.5
70.2
19.4
45.2
214
115.5
51.1
9.3
508.7
35
103
10.3
43.1
226.6
107.6
13.5
23.6
27.9
38.6
10.6
21
7.4
7.9
7.4
133.9
8.9
18
15.2
11.8
32.5
226.7
9.8
19.2
12.1
35.9
9.8
30.3
20
38.1
14.8
17.7
53.2
60
45.5
68.1
16.2
58.7
83.6
7.2
27.2
82.7
91.4
12.8
60.8
137.4
54.9
101.3
10.3
42.6
7.2
8.6
11
168.8
49.2
21.5
16
49.4
21.2
128
33
68.1
35.2
82.1
151.4
196.5
12
7.4
114.7
254.2
107.8
14
75
10.8
29.1
7.1
377.9
8.7
174.4
36.5
60.8
100.8
109.2
7.2
16.5
7.4
22.2
51.7
89.6
9.4
7.7
216.8
157.1
7.4
80
49.6
95.4
24.6
14.7
143.6
15.7
131.4
58.3
357.3
84.6
144.9
14
7.9
20.4
31.4
79.2
42.6
58.3
7.5
8.5
8.9
43.4
9.4
83.5
7.6
12.8
11.6
31.9
63.5
130.1
120.3
16.2
8.3
117.7
40.5
17.8
25.1
7.2
82.9
183.5
97.8
103.5
27
103.9
46.9
8.6
87.4
95.5
10
136
7.6
8.5
10.4
13.3
26.8
7.6
23.3
13
9.8
34.4
9.4
13.6
53
54.4
7.8
78.9
64.8
8.1
29.6
102
38.2
25
7.8
37.5
55.3
7.6
74.1
12.8
33.1
80
8
89.9
69.4
153.7
59.2
13.1
123.6
210.6
8.9
54
15.1
65.9
357.4
255.7
114.2
28.9
33.5
7
7.7
7.5
26.3
93.1
7.3
67.9
8.4
85.9
84.3
186.4
40.1
139.2
349.9
13.1
15.2
7.9
21.5
78.3
198.4
10.6
162.1
8.1
20
46.3
23.2
132.1
159.5
51.8
80.6
291.2
204.5
89.7
7.5
8
9.5
84.4
18.5
18.3
21.2
74
118.9
8
106
14.3
49.7
7.8
7.4
295.8
14.2
70.1
140.2
84.6
25.7
298.3
14.3
25.4
47.6
13.3
7
25.7
223.7
364.6
8.7
38.8
80.1
10.8
92
11
14.8
62.1
29.7
244
42.3
7.8
101.8
92.9
8.3
48.9
28.9
85.6
92.2
145.6
8.4
192.4
16.2
13.8
27.8
8.4
169.9
13.9
12
12.9
42.8
11.4
24.2
9.2
11.1
127.1
23.8
15.4
47.4
96.9
63.2
14.4
7.7
36.2
16.2
166.3
12.9
15.9
11.6
12.4
7.4
10.1
7
27
72.8
12.4
232.5
51.9
89.4
17.9
41.3
21.2
30
70.9
75.1
79.4
7.6
20
37.7
7.3
83.9
146.8
11.8
29.1
19.6
116.6
9.9
23.2
152.3
64.3
75.4
76.8
11.8
18.9
52.3
36.5
7.4
197.1
338.5
108.8
131.9
244.3
84
54
111.1
63.8
59.5
12.8
53.2
41.3
19.8
35.8
31.2
8.7
7.2
28.3
7.8
9.1
9
36.5
168.1
74.5
18.5
24.4
37.8
8.9
18.4
15.8
8.4
61
112.2
9
8.2
14.6
98
23.3
16.9
84.1
168.4
7.2
7.7
7.3
58
11.7
7.5
15
16
83.3
34.9
21.9
7.5
31.1
15.7
113
95.5
46.1
14.7
145.3
45
13.9
120.2
8.4
8.5
119.2
36
31.6
88.9
148.5
65.5
7.8
72.5
128.3
14.7
9.7
7.6
7.8
84.3
11.5
48.2
99
8.1
303.5
138.8
122.1
155.3
23.4
31.2
42.9
113.3
8.6
7.9
8.2
106.5
85.6
16.5
21.5
45.6
110.3
7.3
167.8
57.9
14.3
13.5
106.7
17.5
11
263.7
19.8
128.1
240
102
33.9
8.7
69.2
7.6
11
8.2
18.8
116
7.8
29.9
16.3
92.6
22.5
7.2
40.5
332.6
52
11.6
106.2
9.3
46.9
9
54.5
72.3
25.7
12.4
8.7
30.4
18.1
9.4
8
17
41.4
11.6
25.5
11.8
79
85.1
12
10.5
24.8
9.2
156.1
78.5
7.5
15.9
7.7
65.8
13.3
14.5
21.9
8.6
45.1
13.3
124
14.6
240.9
10.2
7.5
18.3
36.9
8.3
56.6
95
41
120.6
8.4
53.1
73
7.9
37.5
12
284.3
9.7
10.7
8.1
83.8
143.2
27.2
160
9.7
69
18.4
23
118.5
8.6
55.8
8
41.5
60.8
8.1
75.6
10.5
139
39.2
8.9
7
10
172.6
114.5
12.2
8
299.5
8.3
21.3
52.4
60.4
7.7
7.3
82.3
13.4
16.1
166.6
8
116.4
14.3
123.7
14.2
13.6
211
28.4
8.7
39.9
8.2
167.7
77.5
205
53.4
7.5
15.9
53.3
7.5
45.5
122.2
11
30.9
9.3
20.6
92.8
17.8
8.5
81.8
20.5
18.3
126.8
50
72.9
7.2
8.1
7.2
7.1
14.9
72.6
7.4
68.1
9.7
7.2
7.7
7.6
36.6
7.8
22.1
46.1
12.2
157.2
106.3
26.3
60.2
116.7
13.2
83.7
7.9
142.3
19.8
208.7
20.4
76.7
101
9
10.1
8.4
77
31.1
27
24.4
41.2
125.1
106.6
7
11.6
24.2
29.8
73.8
120.8
72.1
42.2
8.4
30.4
56.1
18.4
7.4
70.3
84.4
12.4
7.5
13.4
30.6
8.5
10.1
42.1
77.5
9.9
8.4
98.9
22.5
40.9
151.7
339.4
112
111.2
13.1
213.1
65.2
10.9
8.4
7.9
10.9
178.2
7.9
7.9
9.8
75.3
257.9
71.5
68.7
39.2
18
57.8
19
8.5
52
8.2
29.7
15
21.8
29.8
26.4
336.4
93.7
14.7
39.7
120.9
7.2
24.9
24.4
40.8
36.2
195.9
130.9
152.5
152.7
91.1
88.9
59.4
92
177.6
119.2
8
7.7
10.2
64.6
172.7
8.2
20.7
125.6
43
90
158
113.9
30.7
289.1
174.9
28.2
33
16.3
8.9
64.8
52.6
67.3
171.3
25.9
208.8
13.9
9.6
18.6
158.5
202.2
22
9.4
39.8
15.9
12
11
65.4
8.2
9.9
35.7
285.7
132.8
11.9
9.2
8.4
39.9
9.6
7.9
21.7
9
41.1
7.7
19.2
13.4
17.1
13.7
37
117.8
26.9
109.3
13.1
17.9
92.7
8.7
8.4
7
118.8
80.6
10.1
7.2
66.6
11.8
8.5
105.3
22.1
19.1
7.3
11
123.6
14.6
7.3
142.2
18.4
194.5
95.2
59.7
49.8
107.3
47.7
78.7
21.6
9.9
59.3
11
7.4
10.4
50.8
24.9
7
7.4
7.5
33.1
8.6
7.6
172.4
55.4
30.3
16.4
8
50.6
44.5
45.5
76.2
143.1
19.2
11.3
10.3
200.8
7.7
275.4
159.2
28.1
185.2
44.5
116.8
141.9
46.9
15
91.9
150.7
7.1
109.5
18.6
38.9
19.6
8
65.2
7.5
7.9
39.8
97.9
11.7
16.9
110.8
20.8
137.2
18.2
35.6
99.7
107.2
208.3
71.9
13.4
7.7
38.1
68.9
304.6
138.3
7.2
51.8
7.6
112.6
23.6
124.9
7.5
55.4
53.8
65.3
40.4
57
254.2
28
7.5
161.9
15.2
92.7
28
36.2
7.3
81.9
297.4
8
144.1
13.2
7.1
122.3
207.7
10.2
13.8
75.4
9
33.7
98.8
67.6
11.3
82.5
9.3
37.6
9
19.4
10.9
62.9
8.4
189.4
93.2
43.9
9.1
203.2
111.2
30.8
14
95.3
146.5
20.3
89.1
164.8
41.9
12.8
62.2
149.1
105.2
49.3
27
76.1
10.7
28.9
7.6
35.7
90.8
16.4
177.9
110.6
16.7
88.2
151.8
17.4
16.6
174
133.5
11.4
31.5
14.7
122.7
18.3
13.9
134.6
8.8
146.2
8
57
15.8
10.9
11.2
58.5
20.5
57.9
22.1
459.2
225.1
26.8
11.5
14.9
78.6
10.4
106.4
15.7
8.9
48.9
61.2
10.5
156.2
38.8
13.1
18.4
17.2
113.6
86
179.2
56.4
10.7
14.2
18.1
360.3
10
92.1
12.3
9.2
71.2
13
22.5
199.8
138
67.2
139.1
160.9
15
99.2
252.6
96.1
90.4
19.8
63.6
152.1
130.7
44.6
15
23.4
84.3
150.3
13.2
10.6
11.7
7.2
195.2
8.3
63
89.1
113.3
122.4
59.6
17.5
23.7
107.7
57.6
84.2
54.8
33.2
103.1
10.5
10.2
62
7
105.6
372.9
23
15.9
16.6
8
112.8
8.9
35.5
63.3
78.9
85.9
33
33
7.2
30.2
7.4
161.4
7.5
54.6
186.9
39.6
10.1
184
100.3
8.3
7.8
27.5
62.2
150
11.9
11.4
7.1
99.4
47.8
64.3
28
117.1
8.5
7.1
140.7
7
13.7
63.4
49.2
96.4
46.2
114
150
11.5
7.7
133.9
36.4
11.3
64.4
63.8
7.3
7.8
26.2
31.9
8.4
188.9
120.9
7.4
14
53.8
27.1
10.7
35.5
22.6
8.5
12.8
79.9
75.7
23
29.7
8.4
64.6
29.7
59.5
37.3
18.6
62.1
54.8
10.5
16.4
32.4
52.1
7.5
16.2
8.2
51.6
11.7
56.5
29.8
104.4
9.8
39.5
7.6
45.9
9.4
91.2
60.5
33.2
10.5
58.4
8.3
45.4
376.9
13.8
7.3
11
25
34.3
22.8
10.5
37.5
8.8
23.9
212.8
86.8
44.8
209.5
15.6
14
10.9
105.9
117.1
17.3
8.1
9.1
141.3
172.7
34
21.4
16.9
108.7
44.1
25.3
128.4
24.5
21
11
85
16.2
62.3
42
9.3
95.5
7.4
16.4
69.6
13.3
7.9
81.1
89.2
7.6
12.7
15.6
8.6
7.6
80.9
30.8
14.5
16.1
104.4
35
66.8
26.3
8.5
191.7
42.1
7.8
9.3
7.7
33.1
10.8
7.9
293
7
9.5
7.5
78.6
7.2
8.4
181.2
8.3
72.6
131.5
77.4
44.6
21.5
15.1
82.5
39.7
44.7
92.4
129.8
238.4
47.5
34.9
27.9
159.6
13
34.1
7.8
7.9
30.2
77.8
79.6
14
10.5
67.3
48
18
19.6
168.3
31.1
11.3
89.8
8.8
7.4
156.1
54.9
41.6
49.8
12
201.1
29.2
11.5
20.3
53.2
39.4
9.3
11.2
73.8
163.4
30.8
56.1
258.7
29.8
10.4
7.6
7.2
7.7
15.4
10.4
23.7
7.9
11.3
14.2
35.9
60.5
54.7
40.9
11.3
11.7
105.7
67.1
115.7
27.6
42.2
17.3
52.5
19.3
23.7
164.3
9.8
7.5
7.5
7.2
142.4
18.9
13.7
53.1
156.2
60.4
67.7
20.6
160.8
7.8
76.7
46
131.9
39.9
70.1
61.3
17.4
22.2
37
58.5
9.7
138.8
9.6
49.4
9.5
8.6
61.7
13.6
56.2
8.5
15.6
26
12.7
20.7
7.4
48.3
11.4
13.2
26
8.5
92.5
24
12.3
90.8
10.4
8.5
159.5
54.9
7.9
254.6
65.8
13.3
23.4
31.6
44.5
35.1
48.2
38
9.6
40.7
72.6
7.3
72.2
11.9
10.4
14.6
18.5
8.5
183.7
86.8
7.5
140.7
8.9
8.9
21.7
46.7
65.6
7.3
39.5
33.8
140.8
121.2
49.7
204.9
13.3
7.4
16.8
8.4
9.9
19.2
12.8
81.3
8.5
155
7
11.7
67.3
116.3
115.2
39.2
54.3
15.8
14
33.4
9.6
218.9
122.9
8.5
57.3
131.5
11.8
255.8
104.3
24.3
28.4
19.8
242.4
10
12.1
113.1
16.4
8.3
65
214.6
70.6
171.6
37.5
13.9
60.2
9.9
68
7.9
9.1
15.8
198.4
58.5
25.7
8.3
7.3
9.2
82.7
14.8
52.5
94.4
11.8
29.7
22.1
88
117.1
17
12.3
75.1
10.2
8.1
12
40.3
8.8
17.9
137
8
87.2
25.6
73.3
40.7
18.5
17.9
10.7
138.2
23.9
20.4
34.8
7.4
48.4
24.2
9.1
73.7
11.2
10.6
92.3
53.7
68.1
128.3
14.8
18.5
117.1
12
7.8
8.4
16.8
40.6
8.6
35
53.9
11.1
7.6
9.4
115.9
15.3
33.5
7.1
84.3
163.6
40.3
31.8
28.2
9.8
7.4
154.8
8.3
100.2
12.3
107.3
90.3
70.2
114.2
16
198.1
41.8
178.4
47.4
10.2
37.5
17.7
57
94
146.3
11.9
112.3
17.9
44.6
7.9
12
7.5
10.7
153.7
114.5
161.7
25.2
7.5
10.8
9.3
100.6
75.4
7.4
7.5
16.7
30.3
55.6
175.1
50.1
143.3
58
8.8
32.2
61.8
9.6
47.1
80.6
195.8
11.9
9.2
32.5
12.7
15.8
16.3
18.9
14.3
45.1
32.8
10.3
64.3
284.6
27.7
8.9
164.8
8
219.7
12.1
73.4
25
68
90.3
94.6
18.9
86.7
7.8
48.8
167.8
30.4
70.2
257.9
23.8
49.2
8.8
156
17.3
200.8
9
11.3
10.8
76.5
23.3
74.6
65.8
234
11
69.1
117.2
147.5
147.9
7.3
145.9
17.3
112
51.8
65.4
8.1
10.5
256.1
14
18.3
7.3
36.3
118.7
7.8
58
9.2
21.5
9.3
17
283.1
56.6
51.1
198.4
28.3
86.1
11.7
12
54.9
151.1
13.3
53.3
215.1
10.8
12.7
8.4
109.9
65.9
21.4
10.5
30.4
16.7
18.6
7.7
10
51.7
8
97.5
9.3
34.7
15.1
50
7.7
28.9
24.5
22.6
19.4
40.8
17.3
48.9
88
77.1
79
21.9
40.8
19
41.1
36
37
34
7.7
71.8
13.9
12.9
7.1
29.4
30.7
67.7
12.7
80
36.6
32.8
42.8
51.6
81.2
109.9
198.8
131.7
10.2
7.3
76
17.6
10.6
38.2
205.1
27.5
211.6
41.1
7
60.8
7.8
8.5
15.8
82.2
19.7
17.8
40.5
167.6
15.9
20.2
53.3
10.4
42.1
11.5
95.6
7.6
87
7.6
18.4
113.1
111.1
38.6
65.6
10.7
38.6
8.3
150.1
12.5
7.6
141.5
208.6
232
48.1
7.2
321.9
27.9
19.9
67.2
11.8
10.2
65.3
31
31.2
36.7
7.9
34.6
9.7
19.2
154.5
21
261.5
229.6
95.8
41.6
22.8
7.8
104.6
7.4
7.4
173.5
10.9
49.7
10.9
94.4
7.3
9.7
8.1
25.7
11.4
7.7
136.6
77
116
13.1
25.2
7
8
132.7
14.3
15.2
126.5
53
12.6
15.6
34.9
7.3
85.4
106.5
26.2
23.4
7.4
17.6
7.2
109
8.4
298.5
10.5
15.2
124.9
92.1
49.8
184.7
8.3
93.4
7
110.9
36.3
12.5
8.2
19.5
9.9
11.2
11.6
50.2
23.4
24.2
8.7
14.2
11.1
28.5
222.6
146.2
128
18.3
34.5
145.3
9.4
26.7
7.1
11.5
60
26.3
84
13.4
83.4
174.2
7.4
47.5
28.4
45.3
7.3
49
31.7
11.9
300.6
24
7.8
92.3
129.6
8.5
16.9
7.1
7.8
13
50.3
83.5
22.4
54.8
23.6
45.5
52.5
60.8
15.8
61.3
52
34.7
89
315.4
33.8
37.3
117.2
98.9
120.3
8.9
243.3
8.4
140.8
46.1
30
73.8
36.6
105.8
7.5
8.5
53.1
34.6
113.3
11.8
26.6
99.2
13.1
38
8.8
7.8
29.9
41.8
8.4
7.2
9.3
16.3
10.7
106
9.5
34.2
109.8
54.5
42.9
15.4
77.3
41.1
145.6
8
9
130.2
8.6
16.6
117.3
69.4
30.4
36.5
70.1
28.9
8.8
37.8
7.6
122.7
7.6
38.9
18.8
13.3
96.1
31
7.8
18
81.4
53.2
86
23.8
11.6
8.7
199.7
137
7.8
7.5
7
31.9
26.4
70.2
20.9
16.7
136.1
90.1
150.9
12.1
7.5
39
18.9
13.3
18.3
21.7
61.6
164
83.8
23.2
9.9
120.8
214.7
220.1
164.8
273.7
147.7
100.2
52.5
112.5
21.7
8.9
74.3
62.7
35.2
110.2
211
54.6
26.7
42.5
97.7
18.3
88.1
8.9
13.6
14.1
122.5
52
13.8
10.3
36.9
171.1
81.6
60
15.9
113.3
23.9
115.1
17
18.2
70.9
21.5
144.5
7.7
7
7.4
133.2
48.5
7.1
16.3
93.5
97.7
98
20.4
128.6
25.4
17.2
29.5
16.5
22.5
32.2
54.9
144.6
14.4
93.1
139.5
8.3
32.3
9
9.2
8.1
184.1
12.6
29.1
7.9
42.9
7.5
49
12.7
9.5
48.1
33.5
20.8
199.5
83.8
45.5
20.8
127.3
36.3
135.6
78
243.4
123.9
19.1
107.3
36.1
11
41.9
9.2
37.9
125.7
192.4
8.1
14.3
7
79.5
73.1
7.1
143.2
9.4
20.1
66.1
78.7
219.3
81.8
15
122.1
95.7
10.8
179.7
157.5
15
15.3
11.9
60.7
148.6
218.7
104
11.8
37.5
114.2
108.6
19.5
82.4
200.6
81.6
29
14.4
143.4
82.2
45.2
172.8
75.1
50.3
289.4
85.2
20
63
60
8.8
7.5
13
18.6
31.4
37.3
61
96.1
47
7.7
10.3
8.3
17
35.2
36.6
106.7
20.7
7.5
46
10.7
78
65.5
7.2
7
94.4
15.5
41.9
72.7
17.7
105
15.6
25.8
10.2
12.3
9.7
8.1
15.2
8.6
9.3
22.1
150.6
56.8
26.9
90.8
56
11
10.8
79.4
170.8
129.2
26.2
237.5
25.5
7.7
160.2
40.8
52.8
196.7
7.3
43.9
94.3
108.7
86.3
14.7
79.9
9.9
61.8
33.5
7
144.7
15
10.6
14.6
81.7
9.3
8.5
22
43.8
7.7
102.9
24.2
142.9
8.4
22.8
218.7
343.3
10.9
219.1
44.6
10.8
63.2
20.5
88.4
71.1
6.7
164.1
15.1
63
6.4
13.1
18
19.6
6.8
7.3
50.7
9.8
6.2
16.5
8.6
22.6
12.4
40.7
109.3
7.7
22.2
50.5
115.8
6.8
6.5
116
31.1
6.6
173.2
6.3
6.5
6.2
29.9
30.7
6.3
6.6
16.9
12.9
9.3
8.5
77.4
18.1
6.5
10.6
6.4
6.2
144.5
73
61.6
91.4
6
7.1
43.8
12.3
122.1
6.3
55
7.1
7.4
6.5
27.2
6
8.4
85.3
9.6
134.3
290.8
12.7
26.4
110.1
11.1
6.8
29.8
36.8
6.4
6.4
6
8.4
6
18.2
6
8.5
21.2
7.2
6
35
10.2
30.7
24.1
177.8
145.3
218.3
16.9
7.3
56.3
6.6
12.6
42.7
15.4
72.6
7.4
8.3
6.9
33.4
105.3
10.6
8.3
57.1
6.3
6.4
15.8
18.8
6.2
6.3
6.7
52.5
6.1
7
157.4
89.8
7.9
6.1
28.1
136.6
60.5
21
10.5
11.5
100.5
5
14.3
9.3
140.5
62
5.1
36.7
8.7
5
5.2
5
119.6
47.9
5.7
145.3
5.4
108.5
5
5
116.6
54.3
5.1
5.5
6.6
43.2
59.6
35.4
5.1
5
5.5
6.2
5
5
7.1
223
5
6
5.5
5
141.9
5.5
136.3
165.2
113.2
5.3
5.5
72.6
5.4
5.8
14.3
5
256.8
114.4
5
5.1
22.9
5.3
5.2
7.2
134.4
96.5
10.1
29.6
5
5
5.3
6.6
65.4
87.5
5.4
88.8
7.1
5
5.5
5.2
19.9
129.8
5
5.2
5.1
5.5
113.4
8.3
9
5
6.4
11.7
5.6
5.4
150.7
6.3
6.2
62.8
140
178.2
206.3
5.2
65.8
5.2
5.2
121
22.4
5.2
12.1
14.2
5.3
7.2
136.1
5.3
5
5
5.1
78.1
117.2
5
18.6
5.9
5
33.8
6.4
43.7
5.3
7.5
7.7
57.5
8.6
8.4
71.3
23.5
6.2
5.2
5
42
5.5
5
5
5.7
12.7
115
5
35.6
6.6
213.9
5.2
62.3
5.1
140.8
33.1
5.1
5
27.1
130.8
102.8
7.8
6.6
5.2
5.6
5.8
5.8
8.8
5
6.5
10.7
44.9
5.1
13.7
5.1
33.2
66.3
5
5
5.3
93
16.4
10.9
7.2
130.4
5.1
7.2
5.1
5.3
5.3
5.2
5
5
117.5
89.9
93.8
5.7
6.1
5
76
112
70.2
27.1
5.1
32
5.4
32.5
72.3
5.5
5.4
5
7.3
5.1
5.3
199.1
230.6
5
5.4
5
5.6
25.2
6.6
68
5
21.7
36.4
5
5
7.1
5
40.9
5
5.2
5
5
5.3
6.2
6.9
5.2
19.8
5.7
5.1
5.4
10.4
101.5
5
5.5
107.6
7.6
5
115.7
5.5
54.3
5
5.8
5.9
6.8
5.3
303.8
5
5.1
5
5
6.5
6
5
5.1
5
6.3
5.4
5.7
5
5
74.7
7.7
7.8
5.3
9.9
138.8
5
5.1
5.1
48.7
5.1
37.2
68.7
29.8
43.8
6.1
5.1
13.4
5.1
66.4
17.4
15.1
5
5.2
15.4
5
10.7
7.1
62.6
112.5
20.5
53.1
191.4
20.9
14.3
5.5
165.8
6.3
10.7
5
5.5
5.6
5
5
6.5
200
23.6
5.5
5.6
149.4
40.5
5
7.8
89.5
9
5
6
36.9
6.8
5.1
321.9
178.1
6.6
10.6
76.6
5
96.9
68.9
5
157.5
149.7
58.6
29.4
5.5
5
5
108.5
5
5.1
23.6
5.5
5
7
5.8
5.1
5
5.2
52.3
11.1
5.2
81
24.4
6.1
5.5
5.4
5
5.2
5
32.8
5.3
128.2
54.7
19.4
52.9
16.8
6.1
57.1
163.8
5.2
5.5
6.8
173.7
5.1
12.8
135.4
174.6
151.2
5.4
28.4
5
179.8
7.5
6
115
34.4
55.2
125.3
5
5.3
113.7
24.4
5.3
14.9
10.3
153.8
5.6
5.6
5.2
5.5
5.2
45.7
165.6
75.9
5
5.6
10.1
5.2
41.7
7.4
72.5
113.5
5
5.2
40.4
5.1
12.4
5.2
6
5.1
24.2
75
31.1
5.3
226.4
12.7
13.4
14.2
5.5
165.7
336.8
85.7
5.1
5
5
5.3
5.1
5.6
12.7
43.1
8.8
5.4
34.6
5.5
5
5.7
16.3
6.6
39.2
5.6
5
5.1
5.3
5.2
19.4
5.1
9.7
62
187.8
5
5.1
14.5
5.1
35.7
49
8.7
78.2
5.6
5.3
61.7
9.1
5.3
28.6
78.2
5.5
29.2
5.2
118.9
5
6.8
5.2
5.5
24.4
5
6.7
17.8
5.3
5.3
103.6
5.4
22.2
5
5
5.2
5.6
5
124.3
6.3
140.5
76.5
13.5
5
5.9
60.1
5
7.3
31.6
117.4
5.4
5.2
82
105.5
5
27.7
22.3
7.2
42.8
5.4
5
6
5.1
5
5
5.1
40.6
12.6
5.6
5.5
5.3
29.6
10.4
5.1
5
5
5.3
5.5
5.2
61.1
7.2
5.3
6
10.9
121.9
41.2
57.3
62.7
5
10.1
233.8
5.2
13.9
6.5
115
49.2
14
5.4
11.9
5
6.7
6.7
5
6.7
12.9
5.7
5
5.5
29.3
5
5.2
5.1
5
199.4
5
38.9
5.8
33.1
5.7
53.6
5
5
6
5
5
5
131.7
5
57.2
5
31.8
12.9
61.9
5
19
45.4
296.8
5.3
5.6
5.3
99.7
5
5
5.6
5
5.1
5.1
81.5
5.3
5
5.2
5.7
47
5.1
164.1
5.2
5.3
5.7
5.5
5
10.9
10.4
5.7
5
5.3
6.4
202.6
5.2
16
159.5
5.2
97.4
5.1
6.2
71.2
13.2
7.2
5
5.2
5.6
5.4
59.5
5
9.3
5.6
68
5.1
6.3
5
6.2
5
8.1
20.4
5.2
5
5.2
5.7
24.8
107.2
5.1
7.7
27
22
5
5.7
5
5.9
5
203.6
5
151
11.1
65.1
5.5
6.3
84.6
5.2
30
5
12.1
91.6
5.3
37.5
5.1
156.4
134.3
5.3
5.1
26.2
26.9
5.3
5.1
5.1
5.5
208.2
7.1
11.1
49.4
5.7
5.4
5
22.2
5.2
5.5
94
5.6
5
71.4
5.2
184.9
5.3
5
5
6.2
29.8
6.7
23
9
16.7
74.2
15.5
5
7.6
5.2
5.4
11.7
5.3
5.5
13.3
5
105
19.9
7.1
5
6.2
5.8
21.7
63.2
5
269.7
25.2
5.7
5.5
98.6
115.3
30.4
8.3
5.2
8.7
23.4
5.1
5
21.9
5.4
57.7
5
5.9
11.3
5.6
38.2
7.9
5.6
5
5.9
5.3
9.1
5.7
8.8
5.5
6
5
5.6
5.4
5.1
68.6
6.1
53.3
5.6
35.4
5
5.6
8.2
186.4
5.1
5
26.8
5
33.1
7.5
5
5
9.6
35.4
36.2
7.3
19.8
17.6
5.2
5
8.7
48.3
5.1
119.6
5.1
5
195.5
5
8.7
5
5.5
5.2
5.3
17
10.7
5.1
6.4
5
5.3
9.2
5
6.5
194.5
5
5
5.1
5
26.3
5.1
6.7
5
43
5
14
57.6
5.3
5
5.2
5.1
5
7.7
48.8
5.5
6.7
5
63.8
5
170.4
8.8
5
53.6
12.5
5.7
6.4
6.6
5
5
5.6
5
14.4
8.8
102.3
26
59.8
5
5
5
5
7
158.6
6.7
5
23.4
6.6
5.6
7.1
5.4
11
186
5
5.4
5.2
5
5.1
35.6
16.1
33.5
13.4
8
5.1
6.4
12
5.5
158.6
30.4
55.7
5
5
31.3
6
12.3
5
6.2
5.3
129.9
22
14.8
5.3
29.4
12.7
6.8
128.1
5.1
5
5.9
6.2
140.8
67.5
197.3
18.7
5.5
7.5
48.9
5
147.3
5.3
10.4
58.4
16.4
86.9
5
5.1
6.8
5.1
6.6
5.5
16.5
154.6
39.8
5.2
88.4
5.1
7.6
5
5.3
224.4
5.6
222.2
20.4
22
10.7
46.6
5.3
5
112.7
5.1
59.4
5.2
23.7
5
5
45.5
5
5.4
63
5.4
5.6
29.2
8.7
6.5
5.8
5.9
78
75.2
26.4
5
5.2
5.2
5.3
81.5
7.5
230.1
5
6.9
50.7
7.7
5.1
5.1
5
180.4
30.8
120.7
5
18
86.5
7
7.8
5.1
5.2
29.6
8.6
5.1
23.7
5.1
52.2
5
235.3
5
6.7
9.9
5.2
5.9
5.5
5.2
13.1
41.3
86.5
13.8
5
5
9.4
28.3
216.6
5.2
134
7.6
5
5.5
80.1
5.1
5
104.6
27.2
77.9
5
13.7
60.1
19.8
5.1
5.1
5
5
90.4
5
141.5
5
13.8
5
5.8
86.5
9.3
6.1
20.6
28
159.6
6
5.6
6.7
5.1
5.1
7.3
7.2
68.1
9.6
5.6
5.1
5.8
5
5.9
6.9
84.4
42.9
45.3
26.7
5.2
66.5
5.3
21.2
89.5
5
5.7
5
6.7
5.1
5.1
5
11
5
5
5
5.2
105.7
65.4
8.2
9.2
5.2
5
7.5
7
5.6
5.6
71.2
5.1
5.2
5.1
5.3
6.3
38.6
140.5
5.4
75.5
5
82.8
37.5
5.1
5
5
25.7
14.1
5
5
5.4
5
5
6.6
7.2
6
6.8
5.2
48.9
6.3
5.8
11
5
5.5
93
158.7
5.6
8.5
5
13.8
10.3
5.1
76.7
5
34.7
100.4
42.1
5.5
86.4
5.7
7.5
79.7
5.7
129.8
5
135.5
6.1
10.7
50.3
170.7
5.9
112.5
5
51.3
5
12.6
61.2
5.1
223
6.5
11.8
46.6
18.5
5.4
52.7
6
5
5
5
161.2
7.5
172.6
48.6
51.3
27.8
5.2
181.8
86.8
5.2
5
125.1
7.7
5.3
5
5
16.8
50.4
5.4
8.1
171.9
11.6
48
33.2
5.2
5
11.7
5.5
5.4
5.8
21.6
6.9
7.7
39.5
162.6
5.4
5.7
6
5
152.6
5
35.7
5.2
5.3
92.3
5.4
20
6.2
6.4
44.3
209.4
25.5
5.7
21.5
7.3
5
5
88
5
6.3
5.6
186.6
46
35
5.1
8.5
54.8
5.1
7.6
6
5.6
160.5
5
11.3
7.4
5.5
120.2
5.2
37.8
48.9
5.3
5.3
5.3
6.7
5.3
227.7
5.4
5.3
5.8
5.2
7.9
5
5
15.6
7.4
5.5
5.1
5.9
5.3
137.7
13.1
60.3
5.1
5.8
60.3
64.8
19
52.4
6.7
5.1
101.5
13.6
5.9
5.9
70.2
129
118.4
11
20.8
182.4
9.2
52.7
5
6.6
140.8
5.2
100.5
5.1
77.2
5.3
5.8
5.3
125.9
5.1
6.5
8.9
6.1
6.6
7.7
5.2
9.9
14.9
54.2
9.5
98.3
7.9
18.3
5
5.3
5.7
10.9
17.7
18.5
15.8
143.5
5
5.2
72.2
40
28.2
5
60
5.5
5.4
5.3
5.1
5.3
5
5.6
11.8
5
5
5
5.1
5
5.8
15.6
6.4
5.5
5
9.9
10.4
205.6
5.2
5.2
5.4
99.4
5.2
5.1
5
233.1
143.6
5
5.4
178.3
11.3
9.1
5
144.1
10.2
19.4
6.1
29.3
5.5
73.4
159.1
65.4
5
8.2
5.1
160.3
5.1
96.1
11
63.9
26.4
76.8
19.1
5.5
119.2
51.9
40.3
5.5
88.8
6.1
5.1
6.9
5.1
72.7
6.3
23
22.1
5
6.1
5.1
5.3
5.4
130.4
10.2
7.6
5
56.6
111.6
5
5
14.1
5.2
5
99.3
200.6
5
5.3
5
5
20.2
43.4
32.2
71
5.1
5
120.9
5
12.5
114.6
5.1
103.4
79.2
5
6.1
5.3
127.7
30.1
5
5.8
5.7
17.1
13.4
150.1
6.7
6
5.1
22.3
5
5
5
122.3
5
5
5.2
5
8.3
5
59.9
45
5.1
5.6
5.1
5
5
254.7
5.3
8
130.5
11.9
54.5
5.3
47.8
8.3
5
5.8
5.8
5.1
50.7
5
6.6
20.7
5.7
5
5.5
5.3
12.7
10
5
193.8
46.2
137.4
5
5.2
5
11.2
139.3
16.6
5.2
12.2
94.5
61
5
63.6
53.4
5
100.5
7.2
5
5.6
7.7
111.7
6
24.9
15.1
5.7
16.1
16.5
6.8
5
5.1
14.5
5
5.6
13.5
5.1
5
5.2
161.8
79.5
5
5
50.1
5.4
5
15.5
6.4
5.4
76.1
5.3
240.6
132.8
140.9
5.5
5.9
10.7
5.5
7.3
20.2
5.7
5
5.1
10
5
7.8
6
150.1
7.4
6.7
5
5
5.2
6
52.1
25.8
5
5.4
47.7
31.9
5.7
62.8
5
5.2
37.6
45.3
5
9.9
125
7.6
5.6
28.6
19.6
5.2
47.4
5
182.4
5.5
99.1
6.2
5
43.5
5.2
81.8
173.6
27.7
6.9
5
7.8
5.1
5.2
5.6
5
175.1
99.2
22.4
31.1
5.2
5
89.5
155.5
112.7
5
5.2
17.8
5
56.1
5
5.3
5
6.3
79.8
5.9
52.2
5.1
272
46.3
5.5
5.9
37.6
18.5
5.1
78
8.1
5.8
21
151.4
53.9
124.9
5.1
5
5.1
5
15.4
246.5
113.5
5
25.1
12
5.1
11.5
80.2
133.4
5.2
7.6
9.3
6.4
21.8
16.2
5.5
5
5
12.6
5.4
5.1
107.6
5
32.4
5.2
62.9
5.1
5
5.6
11.5
133
10.1
5
6.5
5.7
85.9
5.1
5.1
5.7
15.3
27.2
76.3
5
5
5.1
23.3
136.2
5.2
6.7
76.1
29
12.7
5
70.8
5.2
5
187.7
5.1
5.3
8
5.2
5.1
5
5.1
7.4
159.5
21.4
5.4
5.1
5.9
28.7
154.7
352.3
43
53.2
5
5.7
152.3
80.8
112.3
47.6
5
9
10.6
48.9
81.8
11.5
5
49.7
5.3
5
5.5
63.8
5.9
5.4
6.7
5.2
5
142.5
5.3
5.2
23.4
190.2
40.6
92.8
5
5
9.6
5.5
6.6
16.2
63.4
5
23
5
5.3
171.3
24.1
31.2
5.1
39.8
87.7
50.4
73.8
5.4
5.2
5
5
7.6
5
5.4
39.1
5.6
5.5
5.1
7.9
37.9
11.9
5
5.2
6.8
5
5.4
97.6
79
12.7
5
5.4
145.5
83.7
5.9
118.5
5.5
5.6
5
5.2
5
5
69.1
5.3
5
5.4
124
78.7
5
5.4
5.3
68
74
5
12.6
12.1
5.2
5
5
146.7
39.9
5.1
126.6
7.1
5.5
5.6
5.2
37.6
64.1
5.2
6.9
17.8
5
16.5
100.5
11.4
72.2
6.6
5
5
5.5
5
5.1
5.3
121.1
5.6
5.9
5
5
5
88.8
7.5
5.1
15.6
79.1
5.1
34.5
5.2
80.8
5
18.6
134.7
5.1
25.8
5
35.1
5
7
37.7
27.3
5.1
67.7
6
18.8
11.7
5
14.2
5.1
6.5
167.2
6
14.8
122.6
5.2
5
46.5
7.6
7.4
31
5.7
5
76
43.1
5.8
6.7
138.7
52
21.3
19.7
5.6
41.1
5.1
22.4
5.4
5.1
71.8
43.6
5.7
5.1
9.4
5.6
5.4
5.3
35.2
6
143.1
5.1
59.6
5.1
193.1
5
5.3
5.1
12.9
5
5
6.8
5.8
75.6
8.1
176.7
148.7
5
68.9
5.1
5.5
5.4
6.6
5.6
151
28.3
43.7
8.8
5.4
8.1
5.8
6.8
5.1
94.3
5
59.7
5.3
7.5
23.5
12.7
57.5
5.1
14
5
5
84.5
6.2
5.3
9.1
5.2
5.4
7.7
166.5
6
9.3
21.1
5.3
5.1
5
71.1
21.5
154.5
160.3
7.7
5
32.9
8.5
126.5
115.6
24.8
5
98.8
10.7
151.8
5.2
174.9
44.8
5.4
12.2
5.2
5.5
7.5
11.2
6.7
5
5.3
45.6
5.3
5.7
10.8
5.4
19.3
5.8
5.1
5.6
5
5.7
37.6
5
20
