3878 11634
23.0762
7.91429
10.4095
3.29524
3.12381
3.12381
3.05714
163.267
43.2476
91.8095
3.37143
16.1333
3.38095
14.7905
3.29524
18.8476
67.3333
10.5048
3
33
190.657
23.6571
3.18095
126.924
8.37143
3.19048
98.6857
8.32381
5.08571
3.07619
13.219
42.5905
80.6381
181.99
6.68571
38.2
23.8571
3.78095
3.04762
7.4
21.0381
23.3905
15.9714
147.333
143.067
24.3333
52.3333
73.5619
13.819
6.54286
9.58095
4.8
9.84762
19.4286
10.8
6.77143
13.0095
3.2
6.62857
17.9143
100.581
3
3.08571
19.9714
3.28571
3.02857
186.524
26.9333
12.8571
7.24762
7.13333
8.2381
41.8857
3.2
3.14286
18.8857
80.019
178.8
106
3.38095
11.0476
29.9333
5.70476
30.8381
73.7238
3.75238
132.543
28.2762
16.8
51
107.676
3
15.6571
3.29524
9.6
33.6476
22.6762
8.07619
5.35238
9.38095
26.3714
173.448
7.46667
4.04762
4.61905
104.762
40.8
3.34286
10.0667
19.5238
3.33333
29.4667
208.152
102.819
7.88571
3
4.57143
3.0381
12.0381
194.476
3.59048
19.3143
18.5905
19
54.6952
77.8381
25.9619
5.12381
4.51429
3
38.3619
9.9619
3.20952
11.6571
36.7619
104.238
27.581
4.15238
21.1619
26.5619
3.10476
17.3143
3.24762
4.00952
3.19048
15.5143
85.5619
8
3.17143
3.04762
19.381
13.1143
3.18095
76.0667
91.2952
44.781
6.68571
3.33333
3
3.41905
6.90476
17.2952
12.419
3.55238
6.4381
28.4095
69.3905
4.27619
7.25714
18.0095
3.50476
67.4667
92.6952
57.8
12.2857
43.4952
61.4857
43.4381
41.2286
89.7333
71.5048
13.7048
60.8571
25.1048
10.3619
43.419
27.9524
89.4286
26.8762
43.9429
9.11429
47.5048
3.01905
7.12381
31.4286
3.41905
70.5143
80.0381
45.5714
23.7905
24.0762
41.1143
92.2286
3.51429
7.04762
3.31429
57.1905
11.581
79.1429
42.4095
46.0095
11.0667
36.4762
57.0667
35.3143
4.45714
3.39048
7.3619
15.2952
4.53333
3.06667
3.42857
13.781
37.9714
29.3143
40.4762
9.61905
16.819
28.5333
28.3524
10.9619
38.9619
19.0286
19.3048
66.419
10.1524
7.13333
3.06667
46.6667
5.81905
65.381
30.419
55.2381
99.8952
23.981
3.79048
4.66667
133.286
52.2381
18.6286
14.2571
12.2762
23.4571
40.8
3.17143
149.667
22.8667
6.52381
10.3048
10.3048
6.38095
10.1714
24.8095
43.7714
90.3238
3.28571
3.38095
24.419
40.7905
53.5143
6.1619
62.6667
38.7333
23.4095
56.5143
81.2476
18.5143
27.8286
3.86667
45.9048
3.0381
30.3905
11.1619
19.3524
11.8667
17.1714
3.33333
21.8571
45.7524
34.4762
3.50476
4.07619
23.9905
6.44762
3.07619
8.29524
19.219
8.94286
3.14286
24.9524
31.7905
18.9333
10.6667
3.05714
91.5238
3.29524
3.2
44.2667
3.92381
116.838
11.9714
4.25714
3.20952
74.3333
11.9048
26.5619
22.819
9.00952
9.58095
3.58095
8.34286
3.67619
14.6286
4.22857
3.65714
6.02857
6.86667
6.53333
46.6095
53.6095
38.6
3.14286
23.0476
25.5238
34.8
7.1619
39.7143
29.1429
5.57143
16.7905
3.12381
5.46667
13.7619
11.2571
11.3905
7.10476
23.0381
5
3.6381
3.04762
14.981
11.9905
29.619
3.49524
3.74286
3.17143
18.6381
22.981
49.581
92.2476
7.50476
3.2381
3.89524
3.25714
8.06667
42.1619
9.11429
18.0571
3.3619
133.41
90.5048
69.8952
81.019
4.93333
3.4381
58.5905
27.9524
4.09524
3.09524
3
119.952
31.6952
58.1333
216.552
38.9619
67.7143
27.219
32.4857
7.22857
80.181
18.6571
3.18095
74.019
26.5048
3.01905
27.6952
38.7048
134.771
33.2
20.4
17.8667
14.1429
19.4952
3.60952
3.10476
4.59048
97.8
24.5143
8.68571
3.22857
6.73333
16.181
4.81905
18.7048
85.4762
21.4667
3.29524
3.01905
59.5714
14.3238
36.3333
3.0381
21.5429
31.8
45.2857
42.8286
40.4952
3.79048
35.6381
3.07619
3.22857
7.34286
68.4286
7.61905
17.5048
3.59048
8.74286
3.77143
6.54286
59.619
63.3143
11.8762
3
3.39048
4.84762
8.18095
9.97143
4.20952
27.8857
16.6381
15.9048
25.8286
3
3
37.5714
77.4
24.4095
3.39048
3.33333
4.07619
14.1429
3.26667
3.50476
11.619
6.48571
3
5.51429
3
4.1619
34.819
7.78095
7.55238
7.19048
85.0667
55.2
12.619
3.02857
3.9619
7.68571
11
38.1524
20.2571
13.219
6.10476
107.295
57.1048
3.24762
3.2
34.6095
66.0762
3
18.3524
6.92381
3.35238
3.14286
7.62857
3.06667
43.7429
35.3524
34.6952
3.0381
21.1714
8.75238
24.9238
3.0381
21.8095
4.59048
3
3
3.25714
46.4
55.419
33.7714
3
3.6
3
138.343
3.30476
28
3.07619
15.4286
11.4667
41.8667
18.9429
3.14286
3.02857
11.6762
24.4095
3.51429
3.02857
13.7619
3.41905
5.5619
3.13333
4.46667
3.93333
17.1048
67.1714
3
3.21905
8.79048
44.1333
3.93333
3
11.3905
3.14286
9.72381
3.60952
3.70476
7.15238
3.1619
13.8
7.45714
16.8476
34.5333
11.4952
8.04762
3.85714
12.619
3.14286
11.4
82.2762
36.1619
3.55238
13.1333
21.4
3
90.5143
61.5429
83.3905
3.49524
3.11429
11.1524
30.4952
19.3905
20.5429
11.2762
3.71429
15.2667
4
4.27619
7.26667
3.44762
83.181
3
5.98095
3.29524
37.9619
69.4762
19.7143
28.9333
3.09524
12.219
74.6952
3.51429
27.8286
27.5238
5.04762
17.4476
5.24762
3.89524
3.27619
4.2
3.47619
10.4952
7.41905
3
14.5048
3.08571
25.5524
3.95238
4.68571
6.50476
8.04762
4.0381
9.39048
3.35238
3.69524
42.3238
64.6952
9.78095
4.20952
6.98095
3
59.0381
3.4381
19.0476
12.2571
3.07619
9.54286
40.5905
14.9048
8.1619
63.8381
34.8
57.619
23.2095
12.2476
43.0381
73.9333
5.82857
20.1048
31.2381
76.2095
45.5524
40.1238
19.1524
23.4952
42.7429
35.9619
3
14.3143
3.38095
8.14286
12.9429
3.2
6.91429
48.4286
9.59048
9.67619
28.8095
110.448
7.1619
3.17143
21.2762
3.35238
7.65714
30.3714
6.4
5.66667
3.47619
3.1619
30.2762
41.6952
3.35238
191.571
3.97143
3.09524
3.12381
12.4667
3.55238
11.4095
11.3905
68.7048
29.381
20.7429
3.42857
52.6571
3.3619
7.3619
64.1143
31.0857
26.4571
3
13.5524
5.64762
4.07619
29.7524
7.11429
235.029
95.7714
3.50476
7.28571
3.19048
3.21905
12.5905
3.10476
23.5238
9.19048
39.0857
18.2381
4.14286
44
3.08571
3.73333
3.2381
3.77143
3.53333
3.71429
4.37143
8.67619
36.5333
3.26667
38.0286
9.14286
8.50476
4.01905
3.06667
3.58095
7.19048
22.0381
37.2381
3.88571
4.13333
3.26667
72.2857
26.0476
37.8095
14.6381
8.33333
129.095
90.2857
4.53333
3
4.78095
13.0095
3.50476
9.30476
42.8667
4.12381
8.95238
8.9619
4.8
3.18095
54.4
54.7714
11.9619
18.4857
6.84762
4.1619
20.5333
48.6095
25.019
36.3048
6.49524
44.8762
72.4952
8.8381
10.9143
3
3.06667
7.17143
67.3048
14.8095
41.6667
47.7429
3.22857
3.17143
5.7619
26.5714
3.06667
3.25714
23.2762
27.5714
19.1238
23.181
3
31.9619
37.5524
23.6571
104.248
7.50476
149.562
3.28571
154.076
49.7714
3.55238
3.64762
23.5524
3.55238
28.9524
3.34286
3.30476
3.4
3.08571
3.07619
3.2381
3.05714
4.8
26.7714
3.01905
32.6667
3.72381
3.19048
3.30476
3.54286
5.32381
4.01905
3.10476
7.34286
4.20952
3.45714
3.19048
12.9619
76.3333
3.20952
8.91429
91.1143
17.2667
3.40952
13.9905
3.60952
3.24762
3.53333
11.1429
45.1143
3.99048
3
26.0952
11.4667
43.8476
3.4381
3.39048
13.2857
5.75238
3.19048
3.10476
3.17143
12.7714
3.05714
18.0095
23.4381
10.819
19.4857
48.3333
57.5429
17.4286
17.381
37.5143
6.25714
3.97143
21.8381
33.8095
61.9238
7.97143
3.04762
3
35.9238
4.80952
3.12381
68.181
47.3619
4.10476
4.42857
3.34286
3.69524
16
12.1714
67.819
3
12.5619
3.28571
36.8286
5.33333
48.4857
228.505
12.381
59.3143
14.6952
3.04762
19.0476
3.0381
3.08571
4.07619
5.05714
3.51429
3.10476
15.3048
3.21905
3.55238
8.60952
3.47619
39.0667
17
3.29524
3.68571
3.18095
11.6381
3.12381
3.4
8.53333
3.60952
3.00952
3
10.5429
6.48571
3.50476
87.8571
3.08571
17.6667
14.8667
3.55238
5.71429
3.4
3.04762
30.8571
3.4
3.01905
3.2381
13.4857
3.15238
3.24762
11.2476
156.067
15.9714
3.08571
6.80952
3.15238
46.7429
3.93333
3.04762
9.46667
3.75238
13.4286
80.9238
3.14286
3.01905
3.04762
3.46667
4.32381
3.01905
3.33333
3.19048
7.46667
3.10476
3
3
3.11429
3
3.79048
3.13333
4.60952
25.1429
3.88571
12.6762
106.314
8.44762
51.219
14.419
3.4
3.14286
23.9524
18.6095
110.762
36.981
52.8571
9.08571
3.93333
3.6381
17.6762
17.2857
3
19.2857
27.8
61.6476
22.619
4.07619
3.17143
8.57143
3.13333
3.37143
3.2381
12.4857
17.2286
3.01905
3.01905
3.05714
3.62857
3.07619
5.22857
3.08571
3
5.82857
10.3429
3.08571
3.66667
11.5619
129.676
10.7905
7.00952
37.1429
3.40952
22.2667
3.02857
37.2952
14.4762
6.84762
25.2762
32.6667
8.07619
3.28571
5.11429
3.17143
18.0571
3.18095
3
3.07619
3
3.42857
3
3.00952
3.08571
3.37143
3.02857
3.06667
3.50476
6.72381
3
3.08571
3.08571
21.1524
3.02857
3
3.31429
3.37143
3.04762
7.17143
16.181
75.3333
3
3.21905
12.4857
21.2857
34.6381
3.62857
11.6952
26.0762
3.39048
3.24762
3.75238
3.0381
3
3.09524
3.2
16.7905
4.47619
36.1619
3.0381
3.14286
3.52381
3.27619
3
3
3.17143
3.10476
3.19048
5.98095
5.69524
8.51429
25.8095
3.05714
3.42857
12.0667
7.70476
24.9429
11.619
3.38095
3.07619
3.18095
3.01905
3
3.2381
3.0381
3.01905
3.30476
25.9238
8.88571
23.3905
93.1524
3.00952
7.22857
28.2095
4.2
7.53333
6.35238
44.9238
21.6095
9.50476
3
3
3.22857
4.3619
3.05714
3.46667
21.819
3.59048
3.4
17.4952
16.2381
23.2095
12.5429
3.08571
23.5143
36.1524
3.2
3.07619
3.30476
34.2095
19
4.59048
6.81905
3
3.18095
3.34286
3.02857
64.2857
3.05714
3.04762
50.5048
7.54286
7.97143
3.10476
3.04762
60.2
17.3143
3.81905
3.31429
3.11429
3
3.02857
50.8381
3.04762
3
3.53333
4.95238
3
24.0857
3
3.20952
3.06667
3.01905
128.371
3.05714
3.27619
3.20952
44.3333
3
39
3.10476
19.0952
6.53333
6.55238
3.07619
7.06667
7.80952
3.13333
32.1333
109.095
91.9524
24.5048
68.4762
3
3
19.9143
67.2095
22.1524
20.1524
31.219
3.10476
3.39048
3.10476
3.80952
3.1619
4.07619
44.581
27.9905
3.38095
38.3429
3
3
56.9048
12.4476
3.64762
3.19048
26.819
7.32381
13.7905
29.9429
3.98095
5.27619
3.20952
27.2095
3.10476
5.38095
11.6857
5.78095
3
72.9524
9.40952
26.9524
13.4952
3
3.05714
3.10476
20.7429
3.09524
3.07619
3.45714
13.3714
3
4.01905
3.22857
4.50476
3.17143
57.581
32.2286
3.68571
28.619
21.4286
15.5714
12.4286
3.1619
3.74286
99.8286
3.8
37.5238
4.48571
12.0667
3
40.819
16.1714
4.70476
5.68571
5.19048
3.42857
3
32.6286
3.73333
3.08571
3
6.47619
8.31429
3
7.7619
7.17143
3
20.5714
30.619
41.6857
3
3
3.27619
3.10476
34.8571
107.781
37.1238
19.3143
5.99048
19.4952
28.9048
60.019
19.6476
29.8571
18.5143
3.0381
4.07619
4.07619
3.50476
3.51429
3.09524
15.7238
3.2381
7.32381
9.62857
3.71429
23.7524
3.65714
9.51429
3.1619
3.12381
4.61905
11.0952
3.09524
8.3619
16.7619
3.15238
8
6.24762
9.58095
3.06667
3.73333
7.34286
3
34.6286
3.45714
12.7619
30.3048
3
54.3905
22.819
54.0952
12.5905
18.7714
10.5619
356.305
3.6
3
103.4
10.2571
13.0286
3.07619
15.1619
8.65714
28.3048
19.5429
5.18095
32.2857
37.7429
9.75238
5.62857
3.0381
3.02857
3.04762
98.4381
13.3143
15.2762
8.79048
3
4.95238
42.9143
9.42857
6.28571
3.04762
3.53333
5.17143
10.4857
8.7619
14.9143
3
16.3429
3.01905
3.5619
6.88571
6.2381
5.17143
29.5048
3.64762
11.2
3
7.98095
3.35238
11.5143
71.5429
24.7429
3.52381
3.14286
3
3.41905
3.02857
3.09524
3
26.3048
4.41905
37.3524
3.01905
10.5524
3.38095
3.34286
3.0381
6.92381
3.07619
34.4381
3.6381
3.07619
11.581
3
3.54286
7.50476
27.3524
4.46667
14.8381
3.79048
3.74286
4.19048
31.8
26.7429
3.04762
3.09524
13.4095
43.5048
75.8571
38.981
3.17143
5.47619
92.7524
4.38095
16.7048
3.57143
52.5333
3.04762
3.01905
3.32381
7.25714
3.26667
15.9238
3.07619
9.06667
3.71429
3.18095
3
15.9429
3.22857
3.02857
3.20952
110.819
7.14286
3.18095
3.38095
38.6857
3
18.5524
3.47619
24.181
21.0286
28.9048
3.0381
22.3714
25.619
3.06667
19.7238
14.8762
43.0381
62.1619
3.01905
3
3.24762
3.11429
3.06667
3
3
3.53333
3.2381
10.5143
11.6857
4.01905
11.8
14.4667
14.9048
53.6667
3
143.686
43.2667
26.9905
3.17143
3.14286
27.2667
4.42857
16.6286
3.0381
13.8286
3.59048
15.3619
3.13333
3
3.07619
18.7333
3.31429
64.2571
3
4.40952
3.66667
18.0952
3
17.6667
3.15238
7.70476
53.7524
6.35238
12.1333
42.9429
3
17.8952
3.22857
25
6.45714
3.31429
3.3619
3.64762
3.22857
22.6762
3
3.07619
3
7.13333
3.85714
3.44762
4.2
3.32381
3.06667
12.0857
5.48571
7.6
34.019
3.86667
3.52381
3
3
47.5714
3.59048
14.9048
3.41905
15.6
3.04762
32.1905
3
5.72381
3
3.26667
3.28571
3
16.1619
3.30476
11.8952
3.02857
3.28571
16.4857
3.20952
3
3.46667
3.22857
3
96.2857
6.12381
39.5048
9.1619
6.87619
13.7048
3.12381
6.74286
3.29524
5.3619
29.619
3.20952
4.14286
3.55238
3.04762
3
24.7714
20.2762
14.6857
12.5524
49.1905
3
65.5333
3
3
3.09524
31.619
7.20952
8.79048
16.2857
15.6476
7.52381
72.3714
3.19048
9.94286
3.07619
4.71429
3.80952
3.91429
28
9.48571
3.67619
29.5143
5.15238
7.97143
3.71429
3.01905
3.31429
4.8
3
3.10476
3
3
4.69524
3.27619
3.11429
3
11.7048
11.2952
3.04762
3.73333
12.0476
41.381
3.11429
4.55238
29.6667
3.67619
19.581
6.11429
3.01905
31.4571
3.08571
3.38095
23.219
4.25714
3.07619
3.06667
4.10476
13.8
3.13333
3.19048
50.0762
3
3.40952
20.7333
3.2
3.21905
7.29524
8.6381
3.04762
3.14286
3
3.15238
14.2762
3.61905
4.19048
3.9619
4.44762
3
3.94286
3.34286
5.17143
3.98095
49.0381
18.8
3
3.0381
3.30476
3
3.47619
14.3619
4.13333
14.5524
3.98095
3.07619
3.07619
3.05714
3.95238
3
3.42857
6.95238
3.14286
21.4476
44.1238
3
3.2381
3.09524
3
3.51429
3.77143
3.2
5.81905
67.8381
38.4476
3.94286
106.686
5.24762
4.27619
3.0381
24.2857
7.87619
20.3238
3.25714
18.2476
17.0095
3.10476
3.0381
7.27619
33.9238
29.5429
23.619
37.2571
19.0667
3.21905
3.2
3.09524
3.0381
4.30476
31.9524
3.17143
3
4.4
3.44762
3.05714
17.2762
22
52.9429
21.8476
39.4476
4.29524
16.7143
20.6667
32.6857
3.42857
3.20952
4.82857
16.4381
26.1238
5.1619
12.3905
14.0286
12.581
3.15238
43.2857
3.05714
3
9.19048
3
43.7524
4.85714
22.2286
8.69524
33.2762
57.219
10.3905
3.82857
3
37.8762
85.8857
3.49524
57.8476
15.1905
34.2476
65.7524
3.04762
3.04762
3.12381
3.11429
25.3905
34.1429
3.11429
3
10.5143
23.1333
19.7905
52.6
24.1048
56.6857
206.229
3.54286
24.0762
7.25714
79.9333
11.019
6.04762
37.419
3.34286
91.981
3.26667
15
13.0095
7.19048
3.19048
3.0381
3.28571
14.7048
3
3
3.79048
56.8286
37.381
4.28571
7.26667
29.8762
211.095
90.4286
133.305
9.26667
76.7143
40.1429
35.4857
3.06667
19.4857
20.9524
3.73333
27.1238
26.7524
8.50476
3.39048
3.09524
135
5.10476
34.8286
8.3619
38.8762
61.7333
21.2762
75.2857
3.85714
3.92381
7.41905
10.1619
3.90476
4.39048
13.3429
14.6095
3.80952
3.22857
5.1619
8.82857
3.79048
8.2
3.70476
13.0857
11.2286
65.019
3.34286
38.4857
80.219
12.1143
7.24762
36.9905
3.92381
13.1429
7.51429
20.4381
3.0381
3.93333
21.6095
3.06667
3.1619
3.74286
6.22857
31.181
4.64762
5.62857
3.22857
37.1429
3.33333
3
11.9714
3
19.9048
5.93333
50.2
8.50476
11.8571
3.8381
18.6571
3.24762
3
7.72381
6.2381
46.6667
8.31429
189.476
20.6857
15
3.26667
11.4286
5.94286
59.5238
3
15.7143
7.7619
3.07619
37.4
3
3.81905
80.7143
3
4.46667
17.7143
3.42857
94.6381
5.65714
3.0381
3.27619
6.7619
15.0286
18.7238
3.49524
22.0857
3.66667
40.8857
37.7714
3.67619
3
3.26667
15.3714
3.06667
3.11429
3.66667
3.00952
3.70476
32.8857
15.2381
3.33333
12.4286
32.181
3
23.0476
20.3333
3
3.64762
3.3619
3.11429
6.7619
20.3524
3.21905
6.00952
3.71429
3.06667
9.06667
3.22857
3.53333
27.0381
11.619
27.7619
6.29524
7.20952
6.40952
5.01905
3.17143
8.01905
19.4762
6.88571
3.04762
6.97143
29.5619
21.1238
19.7143
3.70476
3.22857
21.419
3.38095
5
22.7238
3.00952
3.91429
15.3905
3
3.05714
3
7.39048
3
10.8667
3.14286
12.619
3.07619
3
22.6095
12.9905
13.8286
8.02857
3
3.71429
3.01905
6.64762
6.81905
8.01905
3
10.1429
8.34286
26.2571
3.0381
12.419
4
3.01905
8.34286
3.15238
7.26667
3.28571
9.54286
4.72381
4.09524
3.04762
5.52381
13.6
13.3905
3.66667
3
31.9714
3.09524
3.35238
8.75238
3.05714
3.10476
16.619
16.3143
3.12381
16.0095
26.4667
36.181
3.52381
6.50476
3.33333
3.59048
3.69524
3.07619
3.08571
9.99048
8.37143
3
3.98095
7.44762
3.08571
8.31429
28.7714
3.6381
23.4571
3.18095
3
9.50476
3
13.3048
3.07619
7.7619
10.9905
3
5.81905
28.0571
3.82857
4.93333
3.05714
9.14286
3.3619
3.05714
40.7619
14.8857
3.51429
3.90476
3.15238
5.19048
3.04762
7.78095
3
3.15238
56.9714
3.09524
18.5333
8.94286
75.5333
18.4095
3.08571
9.06667
105.276
3.01905
3
3
8.77143
3.35238
3.48571
3
3.10476
5.99048
3.05714
6.18095
5.26667
9.59048
13.5143
3.88571
14.0857
12.2381
3.39048
3
3.42857
3.42857
3.21905
4.27619
3.07619
3
3.27619
3.31429
3
3.09524
3.06667
45.1238
3.12381
3
3.60952
14
3
44.7524
3.32381
3
60.4
4.52381
3.01905
3.07619
28.1524
9.10476
3.66667
14.3619
3.61905
41.8571
3.4381
3
3
3.06667
13.9905
3
3.13333
13.2381
15.1524
3
3.13333
3.05714
30.2
3
3.00952
3.18095
3.21905
3.0381
83.0667
3.04762
3.57143
3.04762
4.52381
20.9429
27.6381
13.8095
3.69524
7.58095
201.229
19.2762
4.94286
3.20952
3.33333
65.9619
3.04762
4.7619
14.1905
3
3
3.11429
44.9619
13.981
10.5048
4.97143
4.15238
3
3.46667
3.66667
3.30476
27.6762
7.1619
3
8.73333
3
52.4571
5.71429
15.6571
10.2286
15.6
14.581
3
3.73333
3
3
14.2
3
3
3.25714
7.4
8.08571
3.60952
3.46667
20.4667
3.25714
3.42857
3.51429
26.2095
3.4
30.9714
3.02857
8.69524
3
79.3905
3
4.2
4.80952
3
3.15238
12.819
21.4
14.2762
13.8381
3.06667
3.01905
3.10476
12.8571
4.59048
31.7905
3
3
3.4381
3.01905
3
14.5429
3.45714
19.6
33.2571
3.10476
3
9.4
3
3.10476
12.6857
3.19048
4.60952
24.9143
3.21905
3.13333
3.30476
3.35238
4.05714
25.8476
12.1333
3.06667
12.1429
3
3.11429
19.581
3.24762
15.2381
3
14.6476
3.50476
20.419
3.30476
3.25714
3
3
3
3
3.08571
16.6095
3.33333
3.2
3.61905
3.09524
77.2
8.08571
3
15.8381
3
11.7333
34.2286
3.07619
3.46667
9.0381
3.10476
3.00952
8.70476
3.53333
44.0952
20.7429
81.9524
3
3
5.30476
3.57143
3
3
3
16.6286
6.7619
3.78095
3.71429
24.5524
12.4
3.11429
3
3
48.2095
12.0667
8.46667
3.10476
3.02857
3.05714
3.35238
3.57143
18.3714
3.99048
3.25714
3.60952
3.47619
3.51429
16.9048
4.94286
11.0857
3.13333
3.09524
4.44762
3.27619
3.39048
59.8857
38.9429
8.09524
3.4
3
14.1714
7.53333
3.2381
11.8381
3.14286
7.40952
3.59048
3.10476
3.41905
27.1905
3.57143
4.0381
12.1048
3.2381
26.6286
3.0381
56.4952
57.7429
43.7619
74.4952
33.3143
29.7714
9.92381
3.6
16.6286
21.5143
10.6857
3.11429
47.2095
26.2095
29.7429
10.4667
33.9429
33.8952
32.9524
48.7905
28.1524
56.9143
57.819
31.2381
46.7143
3
3.12381
3.15238
3.12381
3.81905
5.1619
20.8857
4.34286
3.30476
3.40952
10.1238
5.94286
3.06667
3.62857
4.0381
3.19048
6.05714
5.51429
38.819
60.6476
3.30476
3
28.2476
58.4571
3.46667
43.419
59.1714
43.9619
3.66667
7.88571
16.0952
22.5333
3.0381
4.5619
3
28
3.65714
20.5429
20.8667
48.7524
81.2952
9.48571
40.0857
45.2571
35.381
3.07619
39.5143
65.2286
54.8762
137.019
3.61905
3.06667
3.95238
3.10476
28.219
3.27619
4.87619
3.09524
61.7524
35.2667
22.8762
3
16.181
24.1238
49.9048
8.10476
48.4095
26.3238
27.981
57.9619
13.2857
33.7143
42.2381
22.1429
41.2952
73.2571
3.11429
98.181
38.7524
7.12381
33.1524
3.0381
3.1619
3.00952
165.914
17.9048
74.4286
4.2
84.5429
5.75238
3.81905
210.343
47.4095
72.6952
3.1619
54.3048
61.1238
227.505
98.5905
63.6381
67.6857
54.6571
9.35238
3.51429
57.581
112.352
12.5333
4.75238
16.8286
14.7714
75.5524
41.3143
7.25714
20.2952
3
7.08571
3
3
15.2476
15.8667
3.11429
42.1714
9.20952
67.019
60.7905
24.0286
3.50476
23.2095
28.1238
13.9905
9.05714
20.4095
3
3.10476
3.08571
4.01905
7.98095
3.06667
3
10.8857
3.2381
83.1333
12.9048
20.2857
13.7333
3.22857
32.5905
3.41905
10.8476
4.29524
12.5905
3.1619
34.9524
16.0571
11.1238
49.0286
3.20952
66.3905
13.619
15.3048
3
3.24762
3.02857
6.92381
33.419
3
3.2381
16.0095
21.4476
7.19048
13.8381
10.9143
86.4857
7.32381
37.819
4.17143
3.18095
37.6286
118.8
3.02857
7.89524
19.4476
12.4095
21.3619
11.3619
20.4476
25.819
83.6952
3.15238
18.0286
5.52381
8.8
3.10476
17.5905
3.37143
27.1524
104.99
3.3619
12.019
21.2952
3.37143
19.981
7.24762
37.5048
70.3714
3.17143
26.3333
18.7524
9.2
6.48571
3.20952
10.219
3.30476
3.1619
3.02857
12.0857
3.08571
6.98095
6.48571
3.37143
31.2762
19.6476
66.5619
6.89524
26.3238
3.22857
7.19048
4.00952
3.25714
12.3333
3.07619
15.6286
9.4381
76.9714
56
45.5905
44.7429
6.27619
9.99048
8.37143
13.2762
15.4095
5.71429
4.74286
26.9524
9.45714
3.18095
9.24762
8.94286
7.37143
25.0095
3.10476
27.5905
17.3429
3
9.05714
32.1429
3.3619
5.75238
5.1619
3.13333
3.06667
3.8381
3.80952
9.60952
7.60952
77.9333
3.06667
14.2095
20.8476
13.8381
7.70476
26.419
3.14286
4.47619
3.09524
3.58095
3.28571
3.12381
3.06667
30.1905
9.81905
3.64762
13.5048
10.1143
3.01905
3.0381
3.30476
3
5.1619
13.3905
3.93333
3.1619
3.14286
3.07619
3.0381
3.19048
3.02857
3
3.35238
3
30.9524
53.9238
40.1048
81.5714
8.07619
3.05714
3.29524
3
6.35238
43.2857
3
12.1048
3.0381
3.7619
12.1714
3.59048
3.60952
3.4381
3.05714
3.04762
23.581
3.34286
3.1619
8.13333
8.48571
37.8
3.02857
3.48571
10.0571
38.5524
9.09524
17.581
20.0095
31.0571
3
20.2667
8.59048
4.28571
3
3.02857
3
61.1238
173.581
30.9048
15.8381
12.5619
22.419
123.695
82.781
3
3.09524
5.2
3.4
27.3333
3.2
21.7048
27.7905
3
86.2952
3.0381
3.06667
3.14286
3
3.46667
19.4857
3.0381
3.05714
3.34286
3.35238
3.11429
10.8857
90.1524
84.3333
3.51429
3.81905
61.019
52.1714
56.6476
3.26667
56.5238
9.7619
3.08571
13.8476
3
19.4667
17.3524
3
6.20952
9.08571
3.17143
94.6095
3
3.20952
5.91429
3.40952
3.02857
50.9905
8.67619
43.6286
3.04762
18.219
4.9619
5.75238
3.42857
3.1619
3.04762
3.50476
18.4667
46.5714
3.04762
16.6095
14.3333
3
6.53333
27.6667
3.09524
8.70476
19.181
4.17143
28.6762
3
3.50476
3.04762
9.6381
3.25714
3
17.4571
13.8095
31.9524
3
3.12381
108.248
3.6381
123.486
29.4476
3.30476
26.8
8.28571
3.07619
3.05714
5.77143
38.5048
3.1619
3.13333
3.20952
11.6667
7.35238
75.6762
13.7238
3
3.0381
48.2667
35.0286
3.1619
68.4286
13.8762
21.3143
3.64762
6.21905
3.2381
14.0667
3.58095
3.07619
12.6095
10.6286
4
3.3619
4.44762
3.13333
7.00952
3.40952
3.22857
3.06667
4.37143
3.14286
3.84762
3.42857
3.05714
3.35238
3.27619
7.1619
3.81905
71.7143
7.30476
17.6667
3
3.13333
7.41905
28.5905
25.9238
3.05714
18.8571
79.2762
9.57143
11.8667
5.55238
15.7429
3
3.24762
8.4
8.77143
17.2
8.20952
15.019
3.42857
84.381
57.5238
3.2
3.05714
43.6952
98.4
14.4
8.67619
5.8381
71.6952
51.3714
25.2762
3.17143
3.14286
3.31429
3.14286
3.24762
5.4381
16.1143
14.5333
21.5238
3.05714
3.94286
10.0857
7.09524
10.0381
13.5429
3.07619
23.8
3.3619
23.5238
3.0381
12.5143
3.04762
3.04762
4.60952
46.819
3.12381
17.181
3.04762
13.8
52.2857
26.4286
3.05714
7.68571
17.3524
49.9048
95.1714
3.02857
3.35238
4.38095
40.419
3.61905
8.38095
18.8286
6.80952
3.04762
7.89524
3.09524
11.0571
3.04762
3
15.0095
15.8571
3.0381
3.05714
70.7048
3.17143
17.8286
51.2952
34.981
19.9619
19.3238
3
12.2
3.18095
3.92381
31.1524
25.6286
3
3.24762
3.22857
3.4
3.57143
43.5238
8.71429
32.9429
3.35238
3
3
32.8476
3.4381
3
3.01905
3
3
4.73333
25.2762
3.01905
3.37143
50.1238
3.0381
15.7905
13.2286
25.5905
3.07619
3.13333
3.65714
3
11.3333
3
22.8762
3.02857
7.53333
3
3.10476
3.86667
3
3.20952
3
3.91429
15.9238
34.8571
42.2667
3.1619
18.1333
7.78095
25.0476
53.5238
7.2
3.19048
3.87619
4.68571
3.10476
3
3.32381
3.49524
13.4762
11.181
3.17143
3
3.1619
3.27619
54.7238
3.2381
3.01905
7.21905
3.02857
3.08571
5.21905
3.00952
4.24762
3.05714
3.11429
3.12381
6.34286
10.8476
6.55238
3.88571
3.00952
22.819
16.5905
3
3
16.8095
3.07619
10.1905
3.6381
3.14286
37.2667
12.1524
14.5238
3.18095
3.44762
3.15238
3.08571
13.5429
8.58095
16.4095
7.61905
5.60952
3
20.4
17.9143
6.74286
3.6381
12.8381
13.1333
3.33333
3.25714
13.3524
31.619
26.6095
29.9714
11.9333
10.1524
14.981
3.09524
3.18095
3.13333
3.04762
3.27619
3
3
3
71.5905
104.79
180.6
7.19048
3.2
4.44762
10.419
3.15238
20.4667
7.68571
3.10476
43.219
3.39048
3.02857
3.11429
50.7048
4.67619
3.05714
3
10.6381
3.58095
3.19048
3.50476
3.6381
3.68571
4.6381
22.7524
9
3.2
13.6
32.5333
32.381
65.6857
3.2
3.10476
3
3.2
3.01905
3.69524
3.57143
3.71429
4.0381
18.8476
53.7429
3.02857
13.6381
3.2
10.8
3
20.619
3.64762
8.52381
16.2476
28.7238
13.7238
36.9429
32.9619
84.9714
3
26.0762
17.2952
3.21905
62.4476
34.8286
3.01905
9.64762
49.3048
27.5238
3
6.53333
3.34286
3.25714
6.08571
3.12381
3
24.8476
3.40952
19.2857
59.3048
3.97143
33.4571
3.90476
60.0381
3.35238
34.1238
23.019
35.7429
3
3.6
3.54286
3.2381
6.54286
87.7429
3.0381
3
3.04762
68.8476
7.8
6.00952
3.05714
32.4667
3.53333
35.8952
25.4857
3.55238
3
3.34286
3.13333
12.5905
4.01905
3.07619
3.2381
3.19048
18.0762
53.7143
3.46667
3.58095
3.06667
3
57.2286
76.3619
4.54286
3
3.06667
3.04762
3.95238
4.92381
3
3.00952
3.74286
3.2381
4.89524
6.7619
7.33333
45.2857
3.42857
58.3333
7.77143
8.86667
4.4
46.0762
3.2
21.9333
27.4857
3.66667
3.27619
3
3.40952
3.17143
3.19048
3.26667
137.6
3.02857
15.019
17.4857
3.07619
4.67619
22.5429
8.08571
3.04762
3.31429
5.00952
3.35238
3
3.22857
4.6
3
44.3619
36.019
3.73333
3.04762
3.0381
15.3524
3.5619
3.05714
3.4
3
3.0381
3.00952
3.04762
3
3.09524
3.38095
4.92381
22.1429
3.93333
3.04762
3.11429
4.17143
3.06667
3.55238
36.9238
3.50476
3.04762
9.80952
3.35238
3.0381
3.1619
3.02857
3.14286
3.40952
3.4
3.07619
18.6381
11.3048
3.11429
4.2381
7.42857
5.21905
3.51429
40.2667
3.01905
14.3048
3.27619
4.34286
43.3619
3
15.3048
3.05714
19.419
115.667
3.20952
3.62857
3.01905
13.3524
3.04762
3.3619
13.4
3.00952
3
6.87619
3.22857
3.2381
3.11429
15.3905
7.34286
4.25714
3.0381
3.15238
3
10.4095
25.019
27.4571
4.45714
3.0381
6.15238
280.543
4.18095
3.05714
4.02857
3.2381
3
3.26667
3.77143
3
3.11429
6.80952
3.00952
109.695
3.02857
3.25714
4.19048
14.2095
32.6381
4.11429
3
3.0381
3.20952
3.02857
3.40952
3.0381
3.11429
3
3.22857
6
3
3
27.7524
4.29524
3.64762
5.14286
3.50476
3.6381
3.93333
3.64762
3
3.17143
3.02857
3.17143
35.419
17.7238
3.06667
10.4095
3.08571
3
8.64762
3.25714
3.05714
3.4
3.07619
3.90476
16.581
4.22857
24.2762
3.25714
5.55238
155.324
3.19048
3.0381
3.25714
45.6857
3.45714
3.14286
3.33333
3.53333
19.1714
14.8
3.08571
43.5048
9.35238
6.20952
7.13333
66.2095
3
6.68571
3.14286
6.5619
5.75238
3.09524
3
3
3.57143
3.30476
3.2381
4.21905
11.8476
7.17143
31.3048
3.2
11.619
3
3
13.3143
3.66667
11.8952
45.5333
19.1905
3.37143
6.24762
28.9429
230.819
18.7905
4.10476
17.8476
3.40952
12.2476
7.86667
3.53333
3
6.65714
3.01905
18.5048
3.10476
32.7905
3.02857
3.11429
100.895
3.33333
11.6667
3.44762
3.01905
7.66667
14.8762
3.31429
22.3429
3.50476
3
3.08571
32.7524
3.46667
3.0381
3.31429
14.1143
15.4762
13.9524
3
3
36.4571
3.04762
14.381
6.61905
3.42857
13.3619
6.69524
5.75238
3.31429
7.18095
39.0857
12.8952
4.12381
3.41905
3
3.30476
3.14286
3.17143
3.47619
7.98095
3
6.19048
9.89524
74.1429
3.38095
95.1905
4
13.4857
3.01905
3.33333
90.9333
3.40952
3
6.3619
25.0571
17.819
3.90476
3.07619
3.35238
3
10.0857
10.2476
12.6381
3.61905
16.6952
3.30476
26.5619
3.11429
34.9333
15.2476
3.00952
11.219
3.4
3.22857
7.18095
13.1905
30.2381
52.2476
9.57143
3.10476
26.4381
12.5714
9.84762
3
3.61905
3.45714
3.22857
38.5238
14.3143
63.7429
5.19048
3.33333
3.01905
11.1714
4
3.37143
6.18095
3.09524
31.4571
3
10.6476
17.5143
3
4.99048
25.3905
3.0381
39.4286
3.02857
3.37143
7.8
6.82857
96
3.11429
7.02857
18
8.13333
3
7.6381
5.91429
3
3
7.32381
20.1333
3.05714
4.08571
3.08571
33.8571
3.07619
10.581
3
3.17143
12.1143
10.4952
3.11429
3.00952
3.14286
3.24762
3
3.00952
3
3.28571
23.8857
30.9238
7.00952
4.0381
15.9619
4.3619
16.6952
3.7619
12.5143
4.18095
3.01905
3.31429
3.12381
3.1619
30.0476
3.92381
9.77143
25.5429
7.41905
7.87619
3
12.9429
6.04762
17.0095
3.02857
3.18095
54.8
15.8762
16.0286
24.0857
3
3.13333
3.3619
3.68571
3
3.94286
59.1714
14.3143
16.5143
3.37143
3
14.2762
6.92381
3.59048
11.5048
5.55238
3
3.25714
3.39048
11.7905
26.3333
3.00952
3.45714
10.2476
20.0952
5.37143
3
3
3.11429
3.09524
6.7619
23.7524
11.6286
8.57143
3
3.17143
7.84762
16.3238
16.3048
3.08571
3.00952
3.13333
3.17143
3.02857
15.9619
5.33333
4.10476
5.29524
3
3.05714
12.8095
15.6952
8.18095
41.0667
8.22857
3.93333
5.9619
4.97143
5.74286
10.8286
3.29524
3.51429
9.78095
3.09524
3
3.2
34.8952
3.62857
8.33333
58.0952
3
225.762
3.13333
12.219
3.28571
4.00952
51.5143
3.40952
3.6
73.6095
4.15238
3.6
3.65714
3.30476
3.10476
3.08571
3
24.0476
3.0381
20.1714
3
11.219
7
16.3524
3.94286
10.3619
3
3.01905
37.0381
3.10476
3.02857
3.11429
3.57143
3.02857
8.60952
3.26667
3.27619
9.31429
54.8571
3.08571
3.10476
3
3.15238
52.7619
5.8381
3.92381
7.00952
6.86667
3.07619
3.8
3.21905
3.59048
3.00952
25.1619
3.05714
4.2
3.71429
9.46667
26.2571
26.5048
3.42857
7.51429
3
3.95238
6.45714
12.1619
27.2571
3.53333
3.20952
19.3429
3
13.4952
21.1333
9.91429
3.21905
19.219
3.48571
15.019
3.10476
10.7905
3.50476
3.79048
7.70476
3
3.0381
10.6095
3
3.02857
5.13333
15.1333
3.21905
3
5.94286
3.89524
3.12381
13.4
19.9429
10.1048
3.09524
3
3.30476
6.87619
3.39048
3.47619
3.12381
22.9048
3.05714
20.781
3.18095
25.5524
3.13333
3.06667
3.2381
37.6
3
3.44762
3.12381
3
3
3
6.45714
6.55238
3.08571
3.35238
3.05714
3.05714
3
8.14286
5.55238
10.4857
14.2381
38.7333
4.85714
3.81905
3.04762
3.21905
3.34286
3.14286
3.06667
3.0381
9.94286
62.4762
3.29524
27.1238
3.73333
3.12381
6.41905
7.6381
3.10476
6.28571
5.30476
6.2381
3.04762
3.7619
12.8952
3.26667
6.58095
3
10.019
24.9524
14.219
3.51429
3.72381
7.33333
4.0381
4.04762
3.72381
12.8
3
23.7048
3
3
3.2
3.27619
46.5333
4.33333
14.5524
7.61905
14.4952
3.00952
4.6381
12.1429
7.42857
28.6095
6.6381
3.58095
3.19048
3.27619
3
7.02857
12.4667
9.87619
3.68571
3
16.019
