10876
16.76
12.64
8.04
11.72
8.56
10
14.52
9.64
15.16
13.48
17.84
9.24
12.16
10.28
17.68
10.88
8.68
14.84
9.56
15.56
15.56
10.96
10.12
13.04
8.88
16.28
15
8.48
8.44
8.4
10.32
9.88
9.96
12.6
10.2
9.12
12.76
13.32
16.64
10.92
8.72
14.48
19.76
14.32
10.8
11.68
13.52
13.24
8.12
15.16
9.4
11.56
15.44
8.92
11.68
15.6
8.2
11.92
9.8
10.52
15.24
16.28
19.04
13.2
8.92
12.44
9.44
8.56
16.24
8.44
19.4
10.04
12.36
11.24
15.48
10.64
10.68
10.96
10.56
12.12
11.68
10.48
9.64
15.12
9.72
11.12
14.04
14.72
11.44
10.96
10.28
11.68
8
11.88
10.4
8.84
14.68
14.56
9.96
13.72
15.44
14.44
10.84
8.16
11
13.56
12.12
8.68
8.32
14.64
12.16
10.48
15.36
9.08
12.2
12.32
9.92
12.44
13.88
13.44
18.32
10.92
10
9.48
8.16
18.2
14.48
15.08
20.8
14.56
10.72
12.32
11.24
9.76
19.44
13.88
15.88
12.36
11.96
9.4
15
18.76
12.64
12.36
9.16
18.04
12.76
12.96
12.08
14.68
9.92
14.68
13.52
11.68
11.84
18.04
12.48
11.08
9.4
9.88
11.56
16.2
13.8
12.16
14.08
12.48
11.2
9.72
14.48
10.16
12
13.24
11.04
10.88
8
8
12.72
14.16
14.64
15.32
14.96
18.24
10.4
17.28
11.36
12.84
11.32
9.92
13.32
17.08
13.88
12.04
13.76
11
18.6
10.44
9.72
10.28
8.64
14.76
13.24
10.64
12.76
14.56
9.24
8.32
13.8
10.12
13.56
14.12
12.44
15.88
8.6
14
12.84
11
12.76
8.16
14.44
8.56
12.28
10.08
10.72
20.6
11.68
9.52
12.16
8.44
8.92
10.32
13.24
11.32
11.88
10.84
10.36
8.72
15
9.32
8.28
10.92
8
9.28
8.24
10.72
16.44
13
14.24
15.32
13.32
11.52
12.64
11.04
11.32
8
11.52
11.48
13.72
10.44
14.12
11
13.36
12.28
14.2
8.48
12.08
8
14.52
16
16.32
15.32
15.8
18.16
20.2
11.4
9.28
12.64
14.52
8
14.04
14
14
11.52
8.12
10.24
14.84
13.4
9
14.64
12.44
14.8
12.24
16
15.72
16.28
12.2
14.84
9.6
15.64
14.92
10.44
9.16
13.76
10.6
17.68
11.76
12.84
12.32
9.64
8.32
15.96
16.76
17.36
13.08
14.64
12.88
9.4
8.68
13
17.12
13.44
8.44
8.04
13.12
11.04
13.08
9.72
12.24
14.28
13.64
12.6
8.44
19.24
8.4
8.36
9.84
10.2
8.6
8.16
13.6
12.72
14.12
8.68
8.72
11.8
8.2
13.48
17.52
8.84
10.92
10.12
12.32
11.96
15.44
8.72
10.76
10.88
11.88
9.44
10.84
8.08
8.08
14.08
8.32
11.28
11.72
14.52
11.4
12.84
9.36
13.28
11.2
10.92
8.72
11.24
8.84
8
9.16
9.56
12.04
15.04
10.96
9.16
14
15.44
9.04
18.36
13.44
15.08
13.72
15.8
11.84
13.12
16.4
12.64
14.84
13.56
15.52
13.96
10.96
12.52
8.32
13.12
10.64
14.36
8.96
10.08
14.76
16.68
13.92
14.36
8
10.32
11.64
10.68
12.84
12.08
9.76
12.8
13.72
9.24
16.2
11.36
11.16
8.08
12.72
11.44
11.36
8.92
8.04
9.84
10.28
11.48
12.04
8.12
12.84
11.52
12
11.92
12.84
11.08
11.84
9.84
11.36
11.84
13.24
14
11.16
10.32
9.48
10.68
16.92
11.4
16.24
10.48
13.24
12.04
13.68
11.04
14.68
9.68
13.12
14.04
15.8
12.72
9.32
8.88
10.04
8.36
8.92
10.92
14.12
10.12
9
13.92
11.44
11.72
14.96
15.36
11.64
13.32
10.4
11.68
13.04
8.44
15.64
10.32
14.96
9.84
15.08
15.4
18.16
10.12
12.64
14.2
11.28
13.76
10.6
11.44
12.2
9.76
12.88
17.4
13.96
8.12
12.08
10.88
14.64
12.88
16.44
14.44
12.08
8.72
10.08
10.68
13.28
8.84
15.28
12.16
8.52
10.64
8.2
12.92
11.96
11.88
9.12
14.16
13.52
12.2
15.68
10.84
13
8
8.48
8.52
12.4
8.16
10.28
15.8
14.36
8.2
11.04
9.16
17.12
16.6
14.64
13.72
16.72
13.64
12.04
10.6
11.2
13
10.8
9.52
12.84
9.16
16.6
11.48
8.12
10.24
11.16
13.44
11.44
8.96
8.8
16.36
19.44
15.8
17.8
12
18.32
15.04
12.64
12.88
13.2
13
10.88
19.16
8.4
19.12
11.2
10.28
11.88
12.28
8.56
8.88
10.76
20.96
14.16
9.32
15.36
8.2
14.04
10.72
8.96
16.08
9.08
11.4
9.16
12.72
11.64
10
13.12
13
11
8.6
11.32
16.12
13.16
10.68
16.8
17.12
8.12
8.4
10.52
8.72
11.52
8.16
14.24
13.32
8.92
8.08
12.6
10.4
14.52
16.24
9.2
12.56
13.08
11.36
9.36
11.6
10.68
9.32
8.2
15.24
10.32
12.92
16.12
17.28
9.64
10.04
17.64
10.36
8.12
8.72
8.96
8.36
10.92
11.16
9.76
11.72
12.56
10.48
16.76
9.76
11.68
13.4
13.96
13.52
10.8
9.92
10.36
14
13
10.48
11.08
17.04
13.96
14
12.76
12.56
8.44
8.12
13.56
12.6
12.76
11.52
11.6
12.56
11.28
14.88
17.28
12.04
12.88
9.44
11.84
18.44
15.32
10.08
11.8
9.72
17.48
11.2
12.72
10.84
15.4
10.2
10.92
9.56
8.76
13.16
16.16
10.08
10.84
10.8
15.6
9.6
11.12
9.08
10.12
13.96
10.92
11.04
10.44
8.2
10.08
13.12
13.72
8.08
12.68
9.24
15.2
15.28
13.84
11.96
12.44
14.72
16.56
9.04
11.48
16.2
14.88
17
8.28
8.08
8.24
11.92
10
15.24
8.24
8.16
13.28
11.48
8.44
13.6
9.36
13.6
12.12
11.44
12.84
18.2
10.48
11
8.6
8.44
12.84
15.6
8.68
18.12
11.12
11.48
11.32
13.8
9.52
15.08
9.6
17.08
9.92
14.96
16.44
8.08
10.92
22.92
9.56
15.28
14.48
11.56
12.56
10.96
16.2
12.56
13.76
14.96
15.96
10.12
16.56
8.96
13.4
12.96
9.8
17.12
12.48
15.24
12
10.28
16.92
14.32
15
12.68
8.84
11.36
16
15.84
9.92
10.16
13.16
8.24
8.52
16.16
16.08
10.84
8.12
11.88
8.36
13.52
14.68
9.72
12.92
15.12
15.56
11.76
12.08
20.68
8.68
10.8
13.56
12.96
10.44
11.52
14.92
13.24
16.52
10.88
11.52
17.64
12.24
10.8
10.64
12.12
11.76
12.4
9.12
9.08
8.12
11
11.48
11.36
12
15.8
11.16
13.96
8.68
9.92
11.76
11.96
8.52
13.44
8.56
8.04
8.12
12.36
10.44
8.52
8.64
13.6
14.36
12
10.36
11.4
11.72
11.56
16.48
10.36
13.52
8.44
10.6
11.8
15.16
8.28
12.64
8.92
9.16
10.8
14.8
11.4
9.24
10.04
10
8.4
11.36
8.56
11.8
18.32
13.52
11.6
15.04
8.2
10.04
9.8
10.16
13.48
12.08
9.4
9.6
9.8
10.92
11.12
14.64
11.84
9.84
16.52
9.6
16.2
10.2
13.64
10.76
15.16
11.64
15.6
10.04
11.2
15.2
14.32
11.4
10.12
8.8
10.44
8.76
8.2
14.92
13.4
9.68
12.36
18.24
11.28
8.52
11
12.48
11.12
11.36
12.92
17
19.76
8.84
18.12
15.36
16.08
15.8
10.6
8.2
16.4
13.44
12.52
11.84
12.76
8.48
9.12
12.68
18
12.2
13.48
8.92
15.68
14.76
9.88
14.88
15
12.2
9.72
15.56
12.04
13.76
9.36
10.88
12.96
17.76
15
15.88
14.64
15.68
8.16
8.28
8.16
9.04
12.44
15.48
15.72
15.36
12.48
15.48
9.16
11.08
14
9.96
11.68
15.6
15.6
19.56
10.32
8.2
10.76
8.36
12.52
11.88
14.6
8.48
10.48
8.84
10.4
8.8
9.8
17.08
10.96
13.04
12.4
17.4
12.56
16.88
12.84
14.12
12.24
11.16
13.24
9.64
10.28
14.04
13.6
8
12.12
16.08
12.2
17.76
13.84
14.16
11.48
11.08
16.4
11.72
14.44
22.28
9.44
11.56
11.6
11.8
13.28
9.64
8.96
8.04
12.2
11.52
13.36
11.64
11.56
16.08
11.24
14.68
15
14.6
11.44
11.36
16.92
11.08
12.56
16
12.36
13.2
8.44
11.88
13.68
9.48
12.92
8.72
8.76
11.24
13.04
10.84
11.36
20.92
11.88
11.56
9
8.96
11.92
13.56
9.28
9.8
9.48
9.2
11.12
14.84
10.2
16
10.76
11.08
8.56
8.32
18.32
10
17.92
8.4
9.32
10.92
16.4
14.64
14.44
14.12
14.24
10.2
8.84
12.4
9.72
8.72
10.76
9
11.76
8.2
15.12
9.52
10.24
12.2
13.76
14.72
12.96
10.28
18.28
13.44
14.88
12.72
8.72
14.96
13.56
12.96
10.64
12.6
13.32
14.24
9.04
12.4
9
10
12.52
8.44
12.6
8.08
10.24
13.84
17
11.6
16.16
11.08
11.8
8.56
8.04
13.84
12.36
12.04
16.04
8.08
10
9.96
15.04
20.72
17.44
14.44
11.04
8.32
15.68
12.56
9.6
13.12
12.88
11.72
16.32
10.48
9
13.68
9.4
11.2
14.12
9.88
14.36
12.28
11.56
11.28
8
9.52
8.36
13.68
10.72
10.72
13.08
8.68
15.44
10.76
15.32
13
12.72
8.44
11.08
14.16
13.32
11.88
8.52
10.64
16.92
11.76
16.8
12.44
8.56
9.32
12.4
10.12
11.48
11.92
13.2
10.48
9.52
13
13.8
8.28
12.28
12.8
9.24
16.08
10.6
16.4
11.6
10.48
14.64
13.48
12.72
10.16
8.04
8.12
10.44
11.4
8.04
9.36
8
16.2
12.4
11.4
14.32
13.4
9.4
8.64
8.28
13.08
9.72
15.44
11.04
15.84
10.48
12.8
12
8.16
15.48
8.4
8.96
10.76
12.08
18.08
17.48
12.84
14.88
16.92
11.88
11.36
11.88
12.36
11.76
15.6
11.92
15.52
10.44
10.8
11.92
15.24
9
9.36
11.56
16.36
11.24
12.64
13.12
8.44
10.16
10.64
9.68
10.64
16.64
9.12
15
14.48
13.6
8
10.4
8.76
12.96
9.68
10.32
12.32
10.24
12.96
9.24
16.04
10.84
18.56
9.16
16.76
10.92
12.2
10.36
14.04
12.24
13
13.8
10.16
11.6
15.52
11.2
15
10.08
15
14
9.92
10.64
9.68
9.36
11.04
11.44
11.92
11.64
10.32
10.76
14.32
9.08
8.72
12.6
12.84
12.16
9.64
9.8
9.4
16.48
13.72
11.4
12.72
10.6
12.68
13.04
8.16
14.2
9.2
9.04
12.12
12.52
15.8
11.24
12.88
8.12
11.72
11.4
12.52
12.84
9.12
12.88
12.96
8.32
9.84
10.48
9.96
11.4
15.36
8.12
8.44
14.16
11.2
9.92
13.04
11.2
10.2
12.6
9.48
10.12
13.92
14.36
8.08
10.84
8.44
10.52
14.08
9.72
11.92
9.76
8.92
8.12
15.64
11.36
8.04
13.52
10.36
9.2
15.12
11.88
10.08
13.92
16.56
11.64
14.92
8.28
12.68
11.8
19.92
11.16
14.96
15.88
14.44
8.36
12.44
11.6
11.4
17.4
13.36
14.12
10.04
10.44
10.56
9.48
13.88
9.32
12.84
8.2
10.48
10
9.76
13.92
12.32
15.8
9.32
8.24
17.76
14.24
10.72
17.48
10.04
13.52
19.96
17.92
9.28
10.88
11.44
13.6
11.4
11.52
12.68
8
9.68
12.32
9.36
11.52
15.48
14.64
13.36
8.96
8.04
12.76
13.92
14.32
15.8
13.6
13.72
8.4
16.08
11
16.2
12.36
12.52
11
13.76
11.68
13.48
13.4
10.6
14.92
12.56
12.12
14.76
15.76
13.24
8.04
10.88
11.52
15.64
12.92
15.68
14.36
8.72
12.2
8.88
15.52
13.8
16.04
10.64
11.56
8.08
8
10.44
13.88
9.08
12.6
14.4
20.48
14
16.24
10
18.08
9.08
11.2
9.2
17.08
16.6
10.12
9.92
10.08
12.96
11.72
11.48
12.28
9.36
10.24
10.6
8.68
9.04
9.6
10.24
14.28
14.64
14.64
12.96
8.08
10.16
10.52
14
12.84
19.16
10.76
8.04
13.96
11
11.6
10.76
12.96
10.64
11.32
13.52
10.96
13.32
8
13.24
13
8.12
15.28
13.04
18.08
11.08
9.44
12.8
14.52
13.96
14.76
8.8
12.84
9.12
18.04
13.24
12.96
16
13.24
16.6
11.6
9.4
11.16
16.88
10.84
12.24
10.88
8.52
9.52
9.76
13.44
14.48
15.68
12
16.48
11.2
16.44
8.12
9.76
12.44
9.96
10.4
8.24
8.32
8.68
8.08
8.96
9.96
8.04
10.6
9.8
16.72
11.16
17.16
8.08
14.6
11.64
11
11.8
19.16
8.6
9.52
8.08
12.84
13.32
10.44
8.16
15.4
12.6
12.16
12.56
14.32
10.16
10.68
18.08
11.36
8.28
9.32
13.76
13.36
15.12
13.24
11.92
19.6
13.44
15.76
9.12
8.48
10.88
13.48
9.64
10.04
8.4
15.36
12.96
9.84
10.96
10.2
10.92
11.28
10.4
8.16
10.36
11.6
8.64
12.16
14.92
12.96
11.68
8.56
9.12
8.64
18.48
13.84
8.28
8.24
11.36
9.04
10.64
9.52
12.52
14.6
11.88
14.16
11.44
8.2
13.48
8.2
12.4
18.2
11.08
14.08
15.28
13.32
8.04
11.2
9.28
13.36
9.32
9.24
10.8
8.2
8.4
9.08
20.92
13.12
13.24
9.2
10.76
12.08
8.68
10.72
9.88
10.48
9.64
8.36
10.8
9.88
17.56
15.68
13.12
17.92
8.8
12.96
14.64
12.8
12.88
12.92
8.92
13.64
13.84
12.88
8.16
9.4
12.84
14.52
8.2
9.12
13
15.16
8.72
14.68
13.12
8.2
9.84
18.76
10.88
10.84
9.24
12.84
8.88
9.32
12.76
8.24
11.16
14.36
11.52
11.64
8.28
13.28
11.36
11.76
10.68
8.16
11.24
10.52
8.64
11.64
16.04
8.92
11.84
13.32
13.2
11.08
9.48
8.12
8.52
12
12.6
8.84
9.72
12.8
10.64
8.08
14.8
10.36
9.72
11.04
9.44
15.36
8.68
11.04
8.64
9.72
11.48
11.32
27.08
15.32
17
12.88
10.52
12.8
10.76
17.68
15.4
13.36
12.56
16.28
13.56
11.56
13.68
10.8
9.16
10.28
8.24
12.6
19.44
11.32
15.68
12.48
9.8
12.52
8.76
13.04
8.76
9.84
11.88
10.76
8.08
9.44
12.28
8.28
12.96
12.52
14.08
17.32
9.2
11.24
9.48
12
18.24
17.44
10.8
16.68
9
10.52
13.88
9.32
9.72
10.4
12.36
8.2
15.36
10.56
10.8
12.2
8.56
12.88
11.84
14.64
16.64
14.48
12.24
11.48
14.2
10.68
10.04
17.52
10.52
9.88
10.36
14.12
13.68
8.68
11
11.28
15.04
12.36
9.52
13.32
12.52
17.32
16.36
11.64
15.84
11.52
11.04
8.68
12.96
13.36
16.76
12.6
8.72
13.28
11.32
15.32
9.2
14.16
8.96
8.2
9.28
11.76
12.6
8.04
12.96
9.92
15.48
9.52
15.48
14.52
13.04
10.16
9.2
10.96
13.88
16.56
14.24
10.6
13.28
8.6
8.36
8.36
12.92
8.8
8.8
13.44
14
11.44
10.24
10.24
10.16
11.12
8.6
11.2
8.24
10.68
16.44
13.4
15.4
15.36
11.52
11.04
9.48
8.36
8.44
11.36
8
13.08
15.32
14.76
10.08
10.36
8.24
11.08
10.36
14.28
13
10.8
15.32
10.4
11.8
10.68
13.08
12.16
14.28
9.16
13.92
9.96
8.24
15.32
10.16
12.08
14.76
9.68
9.92
13.08
15.76
12.92
8.36
14.48
24
12.36
11.32
18.32
11.6
13.28
9.48
10.84
11.68
15.36
9.88
16.68
12
13.56
8.04
10.4
10.8
11.72
9.48
11.16
8.32
14.2
9.88
17.52
9.48
12
12.92
8.36
9.4
10.76
8.88
9.68
12.68
9.2
8.56
12.76
9.6
11.44
11.88
11.4
9.68
14.36
10.56
9.76
14.56
8.08
13.48
10.24
10.24
11.44
15.44
11.12
11.72
10.08
8.68
13.24
12.28
9.28
9.92
11.04
11.08
11.64
14.28
12
9.16
17.56
17.6
9.6
8.2
13.36
8.04
13.36
17.72
14.64
16.68
13.92
11.44
11.72
11.28
8.76
15.2
12.8
14.52
10
13.24
10
12.68
9.48
13.96
13.88
8.04
12.56
12.64
11.36
13.56
10.68
10.28
11.84
10.12
9.64
14.12
9.68
11.28
11.44
8.32
17.4
11
20.28
11.48
8.92
12.12
12.16
8.2
17.2
9.96
16.16
14.04
15.84
8.32
10.56
12.04
9.96
9.8
12.64
14.16
12.68
8.68
13.08
10.24
13.24
16.6
10.72
15.84
12.4
12.88
11.68
13.36
9.32
12.16
9.84
10.84
10.8
11.52
9.44
8.04
16.28
19.32
12.56
10.08
9.48
17.04
13.12
17.8
16.72
12.32
10.08
12.8
13.32
12.64
12.52
8.36
8.72
8
13.72
8.64
12
12.56
8.4
11.36
12.36
13.64
12.92
10.64
8.4
15.08
9.04
8.24
12.76
13.24
10.72
12.44
15.72
12.6
19.24
13.44
12.68
11.16
11.6
16.6
8.48
13.84
12.6
9.32
8.08
9.44
9.44
11.48
9.08
9.24
8.84
15.36
11.76
11.92
14.96
10.92
12.28
8.12
14.52
15.64
10
9.08
14.16
10.28
10.52
12.04
16.68
10.16
11.6
11.04
8
8.6
11.84
11.28
10.64
9.72
8.32
9.04
18.84
11.16
10.32
12.24
17.92
11.16
10.76
11.48
8.68
8.32
15.96
8
9.08
8.56
11.4
8.4
12.04
8.2
14.64
13.96
9.44
8.2
12.92
15.96
11.32
8.36
10.56
11.52
9.88
14.56
11.72
12
8.8
11.36
12.76
10.92
10.84
10.6
8.52
9.28
8.28
9.92
8.56
12.56
11.48
8.48
11.6
13.64
12.52
9.28
19.68
14.48
9.92
14.96
11.12
11.08
11.12
8.16
12.44
12.64
13.16
16.24
8.68
11.64
15
8.28
9.64
17.08
16.36
8.12
10.16
12
14.04
11.08
12.92
14.2
16.6
13.56
16.2
11.32
18.8
10.96
10.36
8.2
10.4
13.64
10.04
8.92
17.6
11.72
13.32
10.48
8.44
18.6
11.28
17.08
21.72
11
9.68
8.08
13.68
11.76
9.88
17.92
8.16
13.16
11.64
13.36
12.8
16.48
15.04
11.68
12.92
12.4
16
10.52
15.2
10.76
9.56
10.56
10.44
14.16
8.56
11.16
12.6
8.96
8.44
17.92
8.44
8.48
9.48
11.16
12.56
16.56
12.92
13.88
14.6
11.36
10.24
8.16
12.2
8.84
10.48
16.64
8.2
10.92
15.96
11.28
12.32
11.8
14.04
11.76
8.32
12.12
9.48
9.32
13.12
15.12
9.68
10.28
15.64
16.48
13.04
12.2
8.52
11.56
12.36
11.12
18.12
11.04
14.52
14.6
9.96
9.28
14.44
13.96
10.2
10.24
11.52
11.12
13.84
10.52
11.44
10.48
12
12.88
9.96
17.48
8.56
9.08
12.28
8.16
13.28
8.2
16.24
12.4
10.84
11.2
9.32
12.48
12.12
9.36
9.56
11.88
9.56
12.04
15.76
10.44
9.48
11.24
9.6
8.72
8.44
12
10.72
8.4
9.84
14.92
11.8
8.64
18.44
15.16
10.76
13.28
8.04
10.68
8.2
15.84
12.4
15.88
17.08
12.84
9.2
8.84
12.36
15.08
11.12
13.76
12.56
12.56
11.32
15.12
14.32
9.64
13.48
12.04
9.08
13.96
14.64
10.68
15.64
8.56
9.6
14.32
11
11.48
8.44
20.04
10.24
12.76
16.6
14.8
15.16
9.12
10
9.08
9.56
8.2
16.52
11.88
8.08
9.4
11.28
9.92
10.16
10.04
10.56
12.12
10.48
8.52
8.2
9.48
8.28
11.12
10.12
13.48
10.16
12.88
13.04
9.04
10.4
15.84
9
12.48
10.44
10.84
10.24
16.28
13.16
8.44
14.8
11.28
8.36
9.16
11.32
11.8
10.36
11.16
8.28
14.76
9.44
8.6
11.08
16.8
15.96
10.36
13.52
10.48
17.32
12.12
13.8
8.04
13.96
11.48
17.04
9.8
8.88
12.56
12
18.6
9.28
10.04
16.36
10.8
21.36
11.2
11.88
12.12
10.28
10.24
13.76
13.92
9.44
14.08
8.04
9.96
12.72
9.24
8.56
13.16
14.72
12.32
13.52
11.72
13.68
14.04
9.28
11.96
8.32
8.48
11.32
12.28
19.32
9.72
12.24
10.68
10.12
9.64
12.8
10.04
10.68
13.76
8.12
14.52
8.92
12.28
8.48
11.16
13
14.64
12.8
8.32
8.36
10.72
10.24
14.28
12.84
11.32
15.52
13.76
10.24
11.48
12.76
13.16
12.4
14.6
11.2
11.32
13
8.72
17.04
13.64
17.2
15.04
13.64
9.8
19.08
13.36
12.64
11.52
9.24
8.28
31.68
10.44
9.48
13.88
11
10.72
12.84
17.68
10.32
15.48
12.4
9.16
8.4
13.64
8.44
8.84
14.12
13.92
8.2
9.96
15.12
13.12
17.2
14.8
15.44
8.08
11.84
9.36
14.04
9.76
16.64
12.36
8.88
9.36
9.12
9.96
8.04
8.48
9.16
9.64
13.6
15.36
8.6
14.52
11.84
10.84
9.56
12.72
8.88
14.32
8.48
13.04
17.6
17.52
10.96
10.32
15.32
13.04
14.84
9.6
13.24
14.08
13.04
8.2
8.28
9.88
11.84
11.08
13.32
20.24
12.6
11.56
12.08
8.4
11.96
12.88
10.2
10.64
13.48
10.56
13
8.76
8.32
13.28
13.8
12.48
8.2
11.84
15
14.84
10.76
18
13
8.24
10.52
18.56
15.76
10.52
13.28
15.44
11.04
11.68
11.64
11.96
16.28
11
11.8
12
12.52
15.84
8.36
10.52
10.12
12.04
12.08
10.96
13.52
11.6
9.72
12.2
10.6
9.72
8.64
9.48
12.92
11.68
11.24
8.2
10.88
11
12.48
13
13.56
16.2
8.64
10.68
10.76
8.2
11.2
14.96
13.28
11.44
10.88
9.36
11.48
10.48
10.56
13.56
12.84
10.28
14.08
12.32
12.6
12.24
9.56
8.72
12.2
9.32
18.32
12.04
9.64
9.24
8.56
12.84
8.56
12.2
14.32
12.48
13.04
8.4
13.24
11
11.64
9.4
12.36
9.4
8.36
14.28
12.96
11.64
11.36
9.64
8.08
8.36
11.36
11.16
10.92
11.64
9.6
16.32
12.28
15.56
14.52
15.4
12.6
11.4
10.88
22.4
11
14.36
12.68
11.56
10.2
10.48
8.8
8.2
13.04
8.36
12.32
8.44
10.56
18
12.04
14.12
12.8
8.08
11.68
12.4
8.52
8.64
11.36
11.36
11.72
11.48
8.24
10.84
12.08
8.4
9.28
11
13.4
14.48
10.96
15.12
14.04
9.56
8.24
12.4
9.4
8.2
13.52
8.88
12.12
17.52
12.12
13.96
11.32
8.76
17.44
8
13.92
14.24
11.92
9.88
13.92
12.68
11.08
8.36
9.2
14.72
8.16
13.92
8.16
11.68
13.68
13.76
16.88
14.4
14.68
8.2
10.32
10.64
14.04
8.72
8.52
12.88
13.88
8.2
9.2
8.56
8.36
14.08
16.48
8.44
12.52
8.16
11.68
16.28
8.44
8.04
12.28
12.52
10.56
18
14.52
8.32
12.64
16.8
8.24
11.88
9.84
10.68
11.72
8.32
17.48
10.96
16.28
12.84
8.2
8.2
15.2
12
9.92
17.64
12.92
8
11.04
11.6
8.12
14.44
8.52
10.8
12.08
12.8
10.76
8.88
12.28
13.88
13.2
13.72
16.56
10.72
10.04
18.08
11
14.4
10.8
9.84
8.08
8.4
9.28
12.32
8.04
18
13.96
9.04
10.72
8.2
9.16
11.68
12.88
13.12
8.28
10.12
12.52
16.04
11.68
11.68
11.6
16.72
9.36
10.36
13.32
15.52
15.68
14.12
10.8
12.96
10.6
13.52
8.16
8.16
11.48
11.56
14.24
9.64
13.76
11.44
9.76
10.92
11.04
8.2
12.4
14.28
13.44
13.2
12.6
14.84
14.24
12.32
10.76
8
13.52
8.96
11.44
13.84
14.68
12
9.56
10.44
12.72
14.8
11.36
14.12
10.16
8.36
11.52
9.12
10.04
8.12
15.24
8.56
14.44
14.28
9.28
8.76
8.48
19.32
11.48
18.32
8.08
11.88
8.36
14
12.84
11.84
8.12
13.4
11.28
13.4
14.2
11.76
13.16
12
9.48
11.6
15.88
8.4
16.28
14.2
9.8
16.76
12.24
10.6
9.04
12.48
10.16
11.12
8.12
14.44
9.28
9.16
8.6
13.8
16.04
15.2
8.68
8.12
17.8
21.88
10.04
11.52
11.08
15.92
11.92
10.4
11.12
13.04
8.56
8.28
12.12
12.32
15
14.44
17.24
8.12
9.28
14.88
8.36
13.8
11.08
13.8
10.36
15.56
11.52
13.84
8.2
9.24
11.52
9.88
10.08
13.76
12
9.88
15.2
17.12
19
9.32
11.8
10.6
8.4
13.88
11.72
17.6
9.4
10.92
11.04
11.24
10.72
8.84
8.56
10
12.6
10.8
10.2
12.04
11.12
13.96
10.08
10.36
12.2
11.44
12.16
12.4
13.8
8.24
18.08
9.56
13.2
9.08
10.16
10.28
11.36
10.2
10.76
11.16
14.92
9.72
8
11.88
9.12
8.12
8.12
11.48
9.72
12.16
8.12
12.96
10.4
11
8.24
11.28
10.2
15.08
11
8.8
11.88
9.56
8.28
10.72
11.92
10.84
12.28
8.28
8.24
8.08
12.92
9.52
11.56
12.16
10.4
9.88
12.36
10.72
12.04
13.72
11.8
8.68
8.2
9.32
8.48
12.72
11.68
11.08
12.4
14.76
12.16
12
15.28
9.08
15.64
10.2
12.48
8.72
12.96
9.12
15.96
8.32
10.24
12
12.28
8.28
9.48
12
11.16
11.8
8.72
17.2
15.88
13.24
8.08
9.52
14.44
8.76
10.16
9.96
12.12
14.6
8.84
8.76
9.84
10.52
12.24
20.32
11.68
9.64
10.88
11.24
13.36
9.8
9.36
9.4
10.56
9.4
8.96
12.32
8.12
10.08
9.6
12.36
10.88
15.48
10.8
11.32
12.32
13.24
11
8.92
8.12
12.32
15.48
9.48
12.4
14.68
13.88
11.4
8.52
10.72
11.76
12.92
12.72
8.16
12.76
14.28
9.92
10.68
8.76
12.8
10.84
10.12
11.96
12.16
12.52
8.52
13.92
18.88
10.12
14.24
12.08
8.32
45.16
8.64
13.28
11.12
13.64
13.68
8.8
8.72
10.2
8.68
14.08
8.44
12.84
9.36
13.6
17.48
8.2
13.72
9.08
13.32
10.56
8.68
10.4
11.84
13.64
8.32
11.96
17.24
13.88
17.32
15.32
18.16
12.84
13.92
15.76
10.76
16.36
15.76
11
11.6
14.96
15.6
10.4
14.4
8.24
11.12
12.28
13.88
8.08
10.64
9.24
12.76
11.64
9.2
14.44
10.08
12.24
14.24
15
11.28
9.8
10.12
10.8
8.16
10.8
12.32
8.28
9.8
15.52
11.64
10.16
8.2
9.2
8.16
10.96
11.2
11.84
11.4
8.96
16.12
12.32
12.72
8.2
8.24
8.6
12.32
14.08
11.12
13.32
15.72
11.92
11.64
10.76
11.2
13.24
16.36
11.24
10.56
8.56
11.96
9.68
9.08
15.84
13.36
11.32
8.16
12.4
13.2
10
11.2
10.92
10.68
8.08
10.4
11.24
8.84
10.88
9.84
12.72
8.12
11.92
8.08
13.2
11.64
16.48
13.96
14.64
12.76
10.2
16.4
14.16
8.96
11.32
8
13.96
15.2
9.76
11.8
16.76
13.4
11.16
15.12
14.36
9.88
12.04
12.84
12.12
10.8
8.12
9.76
8.56
15.24
8.12
11.48
13.16
9.24
9.36
13.6
8.04
13.6
12.84
8.8
14.04
11.8
9.6
9.32
13.24
10.28
12
12.24
12.64
11
14.16
17.08
11.64
8.84
8.4
13.28
16.84
9.84
8.96
11
10.08
12.8
9.84
12.56
15.6
8.32
14.12
8.72
8.64
11.04
8.64
9.6
8.24
14.72
10.2
8.48
13.04
11.44
15.2
9.44
12.92
11.36
9.88
10.68
12.44
10.64
13.2
8.28
12.48
9.84
14.16
9.56
12.92
10.4
18.36
9.68
14.12
12.96
10.44
10.44
9.2
13.12
13.72
9.8
9.32
9.4
12.92
13.28
10.84
12.8
13.72
8.72
11.64
13.44
10.76
13.44
10.6
12.48
10.64
9.76
13.16
13.44
8.6
15.8
8.52
8.6
9.6
8.2
17.64
8.88
11.16
16.44
8.48
13.08
10.24
8.04
8.08
10.04
10
10.96
8.68
14.84
10.12
13.64
12.6
12
10.72
11.2
10
12.92
14
19.08
8.24
13.12
9.44
13.12
14.32
9.64
9.76
9.24
14.28
16.56
15.08
8.8
10.2
12.48
9.84
12.16
13.56
10.8
13.16
12.2
9.68
11.76
10.72
11.12
14
12.44
13.76
10.48
13.52
13
11.96
9.56
8.32
9.96
8.24
11.96
15.6
10.64
8.16
9.72
15.44
12.44
13.4
10.96
13.64
8.12
14.2
16.52
17.24
17.72
12.6
11.92
11.36
13.08
13.24
10.4
14.76
12.04
14.12
16.84
10.4
10.96
8
14.32
13.12
8.16
12.64
14.12
16.28
10.12
10.6
13.32
18.28
9.12
11.72
11
9.24
10.64
14.68
14.64
19.4
14
10.56
11.28
11.08
12.64
13.76
8.52
10.8
9.52
12.52
8.04
12.24
12.76
13
13.04
13.64
8.12
13
11.72
10.68
10.88
11.6
14.92
11
9.24
15
11.68
9
16.2
9.56
15.84
9.52
16
13.08
10.2
10.44
10.36
8.96
11.8
8.2
10.04
8
13.88
9.52
12.64
12.84
12.64
9.72
8.52
9.24
16.44
14.4
8.8
9.8
12.64
9.16
18.88
12.56
8.24
9.44
13.84
10.4
12.44
18.6
12.08
18.16
11.24
10.48
14.68
11.76
9.88
14.52
11.96
11
12.48
8.16
13.96
18.24
12.04
10.4
9.64
11.04
10.52
9.52
10.84
8.28
10.88
16.8
10.48
10.44
11.12
9.36
8.28
18.6
15.88
11.36
11.24
14.16
8.04
13.48
8.96
11.88
12.92
14.2
14.28
8.2
11
9.24
8.24
8.32
15.2
10.64
12.4
8.12
12.56
8
11.4
11.96
8.24
10.48
13.96
10
11.24
8.48
9.36
11.12
8.32
11.04
12.4
11.64
11.2
11.84
11.8
10.4
16.2
14.36
18.6
14.68
11.44
14
16.24
12.64
9.92
11.04
24.52
11.8
8.6
9.92
11.56
12.72
10.44
9.92
8.8
11.24
11
8
9.68
11.92
13.88
16.56
14
15.48
11.84
14.56
8.36
11.32
8.32
12.16
12.6
14.76
11.72
15.76
13.96
11.44
9.12
8.56
9.72
11.96
10.56
12.48
11.92
13.2
12.84
12.72
14.88
10.84
17
11.76
12.96
15.32
10.6
12.84
12.96
17.16
10.32
11.52
8.28
12.52
8.64
12.32
14.68
11.52
12.04
9.96
9.12
13.88
10.32
9
9
10.16
14.92
11.2
10.88
11.2
10.28
13.64
8.4
8.16
15.28
10.04
9.84
11.6
12.24
18.44
12.76
12.2
13.72
9.92
8.32
8.8
15.04
12.12
12.16
8.28
10.08
12
16.24
10.44
9.68
10.88
14.44
10.16
11.2
11.6
12.24
8.48
8.04
12.72
11.2
8.52
8.44
8.52
10.6
9.2
11.28
14.56
10
18.36
12.84
10.76
8.88
10.4
11.68
12.32
15.92
10.64
13.28
9.64
11.44
12.72
9.8
8.96
12.48
8.24
10.64
14.16
9.56
16.16
16.32
14.52
12.12
13.52
8
10.76
8.12
10.84
8.4
14.84
11.68
8.36
8.32
11.16
13.44
10.8
10.4
8.72
14.44
12.4
12.04
13.64
11.84
8.88
12.2
12.76
17.88
9.72
19
9.16
10.12
10.8
9.24
13.72
12.28
8.68
13.88
11.28
9.8
12.56
8
11.12
13.88
14.32
10.44
12.32
13.28
14.4
13.24
14.36
8.52
10.24
8.52
8.92
10.92
13.12
13.12
9.76
10.24
8.48
11.2
14.52
14
9
13.16
14.64
16.6
12.08
9.16
12.68
12.8
8.92
15.4
9.96
11
9.56
10.36
13.24
11.56
12.8
13.84
8.04
14.44
12.24
11.88
20.84
10.48
8.08
10.2
10.44
11.12
9.92
11.48
11.48
10.92
8.92
9.92
12.92
12.6
10.8
17.32
10.24
8.52
14.32
8.16
9.52
12.28
12.04
13.76
8.4
14.04
8.92
9.36
18.2
16.92
9.04
8.52
15.16
9.48
12.12
12.56
8.08
9.56
8.12
12.68
11.24
14.48
13.16
14.92
8.08
10.68
10.64
20.76
13.52
11.4
9.28
8.44
10.28
8.32
18.6
11.4
15.2
10.48
10.76
11.44
12.24
11.28
10.64
16.28
13.2
8.56
10.88
12.32
17.76
11.36
12.2
10.24
13.2
16.52
16.44
14.48
10
11.6
18.08
10.4
10
8.08
9.92
8.04
9.32
8.36
15.24
8.16
15.12
19.08
10.04
15.96
9.48
9.48
8.36
9.96
14.88
8.96
10.08
13.12
16.08
11.24
13.6
14.12
15.12
15
14.48
8.08
9.48
11.4
16.08
13.32
8.28
9.84
8.44
9.52
9.24
8.24
11.24
10.16
12.08
8.28
15.12
11.2
14.72
9.88
16
16.12
10.4
11.4
11.88
11.08
14.64
8.28
8.24
13.32
8.28
10.8
10.84
14.04
11.44
11.04
14.32
9.76
15.52
11.64
14.96
13.84
13.08
13.12
18.4
12.6
9.48
9.6
10.88
13.72
11.08
18.48
13.4
8.08
13.8
17
14.28
10.4
13.72
12.04
13.32
12.64
11.48
14.88
8.24
13.28
8.28
12.6
14
9.32
10.76
13.16
11.56
12.36
13.72
8.36
12.28
12.08
13.28
14.96
13.52
10.04
8.68
8.28
13.72
14.68
8.8
15.64
18.56
15.68
16.48
13.68
11.68
11.24
9.76
8.16
9.68
8.96
11.04
8.48
8
8.12
13.32
13.92
15.72
13.16
8.04
9
12.8
10.64
8.4
8.08
12.4
12.32
14.04
12.12
11.6
13.04
13
13.48
13.28
13.28
14.88
14.16
18.24
10.72
10.8
8.76
9.08
11.56
13.24
9.52
15.6
10.8
11.44
11.04
12
8.96
8.4
9.12
9.4
8.2
12.76
8.16
8.64
11.08
15
15.04
9.08
11.64
8.16
8.76
11.2
10.8
12.48
14.16
8.08
12.52
9.68
9.04
8.8
8.12
17.72
11.12
13.88
13.2
12.8
12.12
11.64
11.84
12.44
16.12
9.72
11.84
8.88
13.16
13.36
8.2
14.28
15.52
9.16
9.44
8.24
8.04
11
14.2
11.32
11.28
10.04
11
14.92
12.44
9.88
9.68
15.8
8.4
12.4
13.28
9.96
8.2
9.2
13.8
10.44
11.8
10.28
12.8
10.76
10.32
8.96
8.08
15.48
12.48
14.56
11.28
9.32
9.32
10.04
13.12
10.04
8.96
10.08
12.08
9.28
9.36
12.64
8.44
8.48
11.2
10.68
14.08
14.44
9.24
13.24
9.2
18.8
9.76
13.72
12.64
8.28
8.16
9.24
8.6
9.08
9.6
9.44
20.4
13.08
11.72
19
12.72
9.68
18.88
11.76
13.44
15.6
10.44
17.2
15.52
8.24
12.76
10.8
16.68
14.92
12.2
10.88
11.64
10.88
12.92
9.64
9.44
8.88
14.56
12.92
8.2
12.32
11.68
8.68
12.24
12.24
10.28
13.72
14.64
8.32
10.56
9
11.16
11.04
13.72
12.68
12.04
12.68
12.32
10.96
8.24
11.44
12.76
12.16
13.96
8.6
9.56
12.4
12.4
12
9
16.84
11.52
17.88
13.56
15.56
11
10.52
13.08
15.16
8.16
12.24
12.44
8.64
10.56
12.44
15.2
8.36
8.24
9.88
8.04
15.6
11.44
11.24
18.56
10.84
16.72
17.36
12.6
14.96
9.12
10.04
13.48
9.52
10.92
11.92
11.76
9.36
8.64
13.04
14.04
8.24
9.36
11.68
10.96
9.48
18.16
12.44
13.8
12.16
8
16.16
14.72
12.96
10.56
12.4
11.48
15.8
14.52
14.92
13
13.88
10.12
10.8
23.36
11.24
11.76
9.88
8.64
8.96
11.6
8.6
9.08
8.76
10.76
11.08
9.12
12.92
11.12
10.68
11.52
12.28
13.44
11.48
10.72
8.32
9.44
18.92
10.28
8.68
9.68
10.56
14.32
10.8
10.24
13.04
13.32
13.88
10.2
11.56
8.28
11.16
8.52
9.6
11.16
11.8
11.88
11.32
9.08
11.6
14
10.56
14.6
9.6
13.92
13.76
12.96
11.24
10.76
15.2
10.28
13.76
12.28
9.96
13.12
12.24
16.12
12.32
11.08
10.52
9.92
9.36
9.6
8.64
11.4
16.96
8.16
12.56
10.16
12.36
12.6
14.88
11.12
15.04
9.96
9.04
9.48
11.2
13.32
11.28
15.24
8.84
14.16
11.36
8.88
13.84
12.8
8.84
8.92
8.52
10.68
10.12
11.52
13.12
15.12
11
12.16
12.24
10.88
9.28
12
11.96
8.68
15.28
8.16
12.72
9.96
15.72
15.32
10.36
12.68
11.28
13.72
8.36
8.44
9.8
10.92
9
13.44
13.68
9.28
13.92
9.6
9.4
8
10.12
8.84
15.8
12.32
11.68
15.88
9.84
10.84
11.2
11.56
12.56
12.76
8.08
10.28
9.56
11.16
11.36
8.44
15.72
8.8
8.08
11.2
10.16
8.8
9.6
11.84
8.6
12.2
8.16
13.84
9.08
13
10.28
14.8
8.04
10.96
11.28
11.08
13.48
11.72
8.4
10.76
10.32
8.32
12.08
15.12
11.4
8.16
11.6
10.68
9.28
12.24
8.32
8
18.04
17.68
13.72
13.28
13.36
10.28
8.12
9.24
9.68
13.32
8.68
17.36
11.84
16
10.24
8.08
14.24
8.64
15.6
8.96
11.52
11.16
10.24
12.24
10.48
8.44
8.44
8.16
12.32
11.56
8.56
11.96
9.92
19.56
8.56
12.4
8.84
8.48
8.32
14.04
16.64
10.84
10.56
11.68
12.12
16.48
8.12
11.36
11.8
13.04
9.28
8.8
13.72
13.76
19.72
10.68
15.68
8.84
10.12
12.36
9.88
11.72
10.04
10.52
9.2
15.6
11.64
8.4
9.6
9.36
12.12
13.12
11.8
11.6
16.96
14.6
11.8
9.08
11.36
10.04
14.76
11.28
12.36
16.32
10.04
12.96
13.36
11.52
11.28
14.88
9.6
14.32
12.24
15.36
8.52
11.04
10.24
10.8
11.56
12.72
10.72
9.84
8.2
9.84
10.24
10.44
8.6
9.88
8.88
10.68
12.36
13.84
13.76
8.36
12.88
9.6
14.04
9.12
11.28
15.08
11.4
10.2
8.12
9.52
12.16
8.96
9.88
8.72
10.36
13.16
14.56
11.52
11.04
9.36
9.84
12.12
18.16
8.48
9
12.08
13.28
12.52
10.72
8.08
8.08
16
9.08
21.16
10.32
12.84
9.44
10.68
10.92
10.68
14.2
12.08
21.48
10.72
12.8
9.96
8.52
8.16
16.4
13.16
11.52
10.04
12.48
11.72
11.16
14.6
8.4
12
10.36
10.96
11.32
11.36
12.76
17.92
9.2
10.64
8.04
8.24
8.28
9.12
15.08
8.32
12.24
9.64
8.76
10.04
8.04
10.68
14.48
9.04
8.52
9.88
11.92
13.88
16.84
13.4
10.88
13.28
9.48
12.84
8.12
11.16
9.48
8.44
10.88
14
10.12
14.4
12.04
12.52
11.4
8.8
13.2
10.16
10.16
11.48
10.16
11.84
11.16
14.56
12.08
13
10
9.24
14.76
13.96
13.08
9.8
9.24
12.64
9.76
8.04
13.44
9.52
12.12
8.6
13.68
13.76
13.16
17.12
10.28
13.2
11
11.28
13.04
14.24
10.08
8.2
9.2
12.2
11.4
11.16
9.08
12.48
11.4
11.76
14.6
13.08
12.56
15
14.36
13.4
8.8
9.44
11.92
12.8
10.08
9.04
8.64
10.08
10.68
8.32
12.88
8.28
12.28
8.6
9.36
8.2
9.48
9.48
9.6
13.36
16.84
11.16
8.2
15.2
10.56
13.48
9.8
12.68
8.72
12.2
11.64
10.12
11.76
12.08
8.16
9.16
10.92
9.24
11.76
14.44
12.72
11
8.28
16.48
12.84
8.84
9.32
11.08
10.6
13.44
8.16
12.44
8.36
15.84
9.88
10.56
9.08
11.36
14.4
8.48
14.84
9
11.32
17.88
8.32
9.32
14.52
12.48
11.8
10.76
8.16
8.12
11.76
8.04
14.4
8.04
13.92
9.76
13.24
8.32
11.96
11.48
13.52
8.52
20.88
14.16
10.72
21.04
9.6
8.32
8.08
14.84
16.2
10.24
12.04
11.4
12.32
8
12.76
9.84
10.52
11.28
12.08
12.4
10.48
9.68
9.92
11.08
10.2
9.12
12.72
15.4
13.2
14.2
15.68
16.28
14.68
15.32
11.96
10.2
12.92
8.04
8.52
8.52
19.96
11.24
14.72
11.16
15.28
8.44
9.76
9.8
10.28
10.6
14.36
18.8
10.16
11.6
8.04
8.72
8.12
9.88
11.48
10.8
12.16
14.28
13.28
14.64
9.72
8.36
11.76
9.08
10.72
8.96
8.4
8.16
10.96
8.84
8.44
10
9.52
11.8
10.84
10.72
10.76
11.2
13.56
16.16
13.56
14.12
11.44
19.88
12.56
11
9.68
14.56
11.04
9.12
9.72
8.12
14.08
15.36
17.96
12.6
10.6
13.2
8.32
10.56
10.88
9.24
8.16
8.32
11.64
9.52
13.68
8.44
12.36
12.2
10.72
9.72
12.48
13
9.8
10.8
14.6
14.24
8.52
15.16
12.72
11.16
9.24
11.4
11.48
9.04
20.44
16.44
8.24
8.68
10.08
10.36
14.92
14.68
9.52
10.28
11.12
9.92
14.24
12.6
14.6
14.36
10.32
8.96
11.08
15.84
10.64
8.2
11.36
9.16
11.8
9.04
11.56
8.2
10.68
10.68
10.16
8.56
14.08
10.12
11.52
12.92
8.36
15.64
12.44
14.76
15.6
16.84
10.4
8.36
8.12
9.28
9.76
9.64
14.12
14.92
14.52
13.64
10.96
8.16
8.08
10.04
10
9.08
8.24
10.12
8.84
11.32
11.08
8.36
12
14.32
9.32
14.88
9.84
13.16
11.08
12.2
12.4
12.68
17.44
12.52
10.6
11.8
8.12
12.08
8.12
11
8.64
8.8
11.2
13.08
11.44
11.56
8.12
8.16
12.08
9.64
14.84
18.04
9.32
10.92
13.6
9.32
12.64
9.32
11.08
10.28
8.32
9.52
10.56
10.6
10.72
9.32
8.48
10.48
8.84
11.48
10.08
8.68
11.16
9.32
11.44
13.36
13.56
9.52
8.12
9.56
14.48
13.44
8.08
11.72
13.32
11.52
10.84
9.64
12.2
12.4
13.16
8.36
12.52
8
8.32
11.2
9.16
12.24
12.64
14.96
10.04
8.4
14.48
8.2
13.04
14.68
9.84
12.84
9.84
8.44
8.12
12.88
8.48
9.2
15.24
14.84
10.8
9.4
9.88
12.4
11.08
8.44
15.36
18.56
13.76
8.56
10.08
11
15.32
8.56
11.12
15.24
17.72
9.28
14.04
14.96
8
11.56
12.8
12.8
8.76
11.64
8.68
10.12
14.08
9.84
11.84
11.84
10
9.76
13.08
12.48
10.96
9.92
10.96
9.28
9.36
11.76
8.36
13.84
9.92
12
11.24
12.4
8.48
8.72
8.28
8.2
15.08
13.84
10.76
8.12
9.64
8.36
15.92
10.04
10.96
10.52
16.76
11.32
8.8
10.96
12.84
14.72
12.32
9.88
8.16
8.04
12.08
8
13.36
15.92
8.4
15.48
18.16
9.12
12.44
12.4
8.24
9.52
12.76
9.68
13
9.84
14.36
12.4
12.68
13.2
14.36
8.04
16.52
11.44
20.08
8.16
26.72
14.48
16.52
15.84
10.6
8.2
9.36
10.8
9.44
12.2
13.84
11.36
8.36
8.6
9.52
8.84
11.52
14.72
8.04
8.76
11.76
11.16
15.24
12.08
17.24
12.88
9.68
11.76
12.08
11.56
13.24
11.08
12.52
9.24
14.92
9.4
8.16
9.76
8.72
8.12
8.12
10.32
10.4
8.8
15.2
13.48
10.48
11.4
10.44
12.88
15.72
15.84
10.12
10.76
12.96
14.04
15
8.28
13.4
9.76
14.68
12.84
10.84
11.2
11.36
9.32
11.44
10.84
15.56
12.36
17.2
11.52
17.08
12.52
10.36
9.28
8.44
13.36
14.08
13.68
10.44
14
8.16
10.64
9.72
13.64
12.56
8
14.44
10.44
13.12
13.72
10.4
8.04
8.28
10.6
8.36
10.6
8.4
13.88
8.2
8.28
8.16
9.56
20.88
14.76
10.52
10.52
10.16
9.96
11.08
10.8
12.72
9.44
8.68
11.8
14.72
11.88
10.88
11.52
11.64
9.92
11.84
11.32
12.08
10.32
11.88
14.44
8.2
8.24
13.2
8.72
10.72
13.48
19.68
15.48
13.8
9.56
14.84
15.12
8.56
8.08
11.84
8.8
14.24
10.24
14.36
12.52
10.36
11
10.36
9.68
13.96
11.48
9.44
8.4
9.68
8.4
9.52
12.52
18.48
13.44
16.16
10.8
13.2
13.16
16.84
9.92
11.88
13.6
10.92
17.36
12.44
17.52
8.96
8.2
10.32
20.64
12.64
15.16
14.8
13.16
9
9.96
12.4
13.24
8.04
16.96
19.24
11.76
12.2
12.24
9.52
12.12
8.28
12.84
18.12
9.96
8.08
19.6
11.6
14.88
8.68
10.68
10.56
15.92
14.24
15.44
11.04
13.56
11.04
10.08
12.4
15.96
9.36
9
11.6
9.68
16.88
11.64
9.4
8.12
8.56
8.68
9.16
9.8
12.24
10.64
12.8
8.2
12.4
11
8.04
8.28
13.92
8.2
12.08
8.76
11.24
10.8
10.32
10.08
10.24
14
12.24
10.64
8
15.44
8.16
20.24
9.84
8.36
10.2
12.4
13.08
9.24
12.28
12.76
22.72
10.48
12.28
8.24
8.28
8.28
8.96
14.2
8.76
14
8.16
8.08
14.12
13.6
10.2
14.76
9.12
8.68
12.12
13.96
9
11.48
10.8
9
11
10.84
13.72
9.96
9.36
8
8.2
8.56
12.72
10.12
10.64
14.2
11.84
11.4
9.92
10.8
16.16
10.16
11.64
9.24
11.08
14.52
11.6
8.12
8.96
9.36
13.6
8.28
24.48
13.8
8.84
13.12
8.56
12
8.44
8.28
10.96
13.24
11.8
12.52
9
11.08
11.6
10.08
13
14.08
10.64
11.08
9.4
11.24
10.8
15.12
9.28
11.04
8.36
8.56
8.32
9.76
9.08
10.8
10.28
19.36
8.24
9.12
9.36
11.2
10.24
8.24
11.12
10.2
9.44
8.88
10.4
8.28
8.08
13.6
9.4
8.28
9
10.28
14.16
8
8.68
14.52
12.68
12.72
9.44
13.56
10.56
13.92
14.68
13.2
9.56
11
15.68
11.12
11.36
16.36
12.16
11.6
18
11.92
8.08
12.24
10.04
10.36
8
12.12
11.44
17.16
13.64
10.4
15.92
10.8
13.52
10.92
11.08
14.24
10.52
9.6
13.92
17.28
10.24
10.84
12.52
11.4
11.16
9.8
9.76
13.24
8.2
11.52
9.8
8.32
13.84
12.72
10.88
12.8
8.32
12.12
8.32
13.24
13.16
13.56
16.2
10.64
11.52
12.88
10.48
12.2
11.68
8.72
10.08
11.64
15.92
13.08
13.92
15.12
8.36
8.64
8.56
14.72
9.28
11.24
8.52
10.08
12.8
10.6
11.52
9
14.96
13.72
10.88
9.08
14.72
14.84
11.2
12.68
14.4
10.76
9.4
11.08
11.64
11.44
14.36
13.24
11.8
16.84
8.24
8.76
13.28
8.08
10.72
8.44
8.04
10.44
9.52
8.12
11.48
8
12.08
8.4
12.72
10.52
8.52
12.88
8.24
11.8
9.36
12.52
11.16
11.36
11.68
8.68
8.56
8.28
10.2
12.24
14.44
11.72
8
11.4
11.4
12.12
8.96
9.2
13.36
10.52
8.28
13.44
11.32
11.64
10.08
11.52
11.32
9.8
8.24
9.84
15.4
11.84
14.92
13.12
8.96
10.52
8.28
12.84
9.36
13.76
9.72
9.92
12.88
13.88
8.96
10.4
14.36
8.08
10.88
9.96
10.84
13.6
9.4
11.32
8.4
10.12
9.76
9.92
10.88
8.84
10.08
8.04
13.08
17.48
16.08
12.44
19.44
8.56
9.8
8.28
10
15.2
10.84
16.12
13.52
16.68
13.44
10.16
10.24
11.56
12.6
13.92
8.36
9
11.16
25.24
12.04
11.2
10.24
8.84
14.08
9.8
8.44
11.84
11.68
10.64
15.16
8.2
10.76
10.2
12.48
8.44
14.6
10.64
28.92
11.96
10.36
16.24
10.92
10.28
11.88
9.6
12.28
8.2
12.04
8.36
13.36
11.68
14.16
12.64
15.36
9.28
8.12
9.44
8.36
12.44
15.76
8.88
14.24
8.28
11.48
18.24
12.72
10
12.32
8.76
9.6
9.12
10.04
10.84
12.2
9.88
11.72
9.16
13.2
8.36
8.2
8.52
8.96
10.8
10.64
9.08
12.28
11.12
8.08
8
9
8.48
8.12
9.24
13.16
16.6
8.32
11.76
10.32
16.04
12.32
9.56
16.48
8.52
14.6
15.76
12.84
13.76
8.16
8.36
8.2
8.32
17.2
18.4
14.04
18.16
9.04
19.16
14.32
13.88
12.08
16.64
8.08
17
8.24
11.8
12.6
13.12
14.88
11.52
8.48
11.6
10.76
8.6
8.56
8.56
9.16
11.16
9.92
15.92
8.2
13.08
17.84
9.12
12.44
11.72
11.6
8.48
9.12
13.28
10.6
9
8.48
15.08
11.36
15.92
16.2
17.96
10.08
11.72
10
16.72
10.84
10.28
10.44
8.44
10.88
12.2
10.08
10.32
12.8
27.44
15.84
8.48
8.28
8.16
11.52
10.32
8.4
10.48
8.12
8.32
10.08
9.04
11.84
8.08
14.92
12.32
8.44
9.4
10.24
15.84
8.08
10.76
10
9.2
10.12
17.28
13.36
11.12
10.4
8.2
8
8.52
9.68
17.16
11.08
10.88
14.16
10.08
9.16
13.16
12.4
9.6
9.12
15.08
10.24
8.68
9.96
12.44
11.08
11.88
8.56
9.52
8
8.32
11.28
12.72
8.64
12.72
13
12.56
8
8.2
8.36
8.92
15.52
14.44
10.64
8.2
8.2
10.56
11.24
10.44
8.28
8.2
10.76
12.56
8.6
10.08
10.88
13.08
10
8.12
15.32
8.08
14.68
14.04
14.44
11.24
11.48
8.96
14.76
10.52
13
12.76
14.08
10.44
10.44
11.68
14.68
14.92
8
10.84
13.48
11.32
11.28
9.32
8.84
11.04
8.36
11.28
11.6
9.32
17.44
11
10.12
8.44
16.08
8.8
8.24
10.88
11.6
15.08
8.16
11.2
13.64
13.72
14.24
8.16
8.04
15.12
10.92
12.52
10.56
9.16
12.6
15.64
9.68
12.4
9.44
11.6
10.08
11.16
12.08
11.04
8.16
13.4
9.04
12.04
14.84
8.48
8.04
8.16
8.2
8.44
12.84
10.64
11.32
10.64
9.56
10.6
11.96
7.28
7.4
13.8
12.88
9.88
9.12
10.76
7.16
8.76
7.52
10.8
17.4
13.44
10.44
7.52
7.44
10.8
7.12
8.6
7.16
7.12
7.52
10.24
9.56
7.6
11.92
8.8
9.08
13.64
10.4
8.96
7.2
7.24
8.4
15.24
9.64
13.76
8.2
9.64
10.32
10.56
7.28
9.96
13.4
10.12
13.8
10.44
8.56
10
8.32
10.76
12.4
8.84
11.76
9.56
7.92
7.8
8.16
10.04
11.28
7.4
8.36
13.08
14
7.2
12.68
14.04
7.08
7.68
7.04
17.56
9.12
10.52
12.8
8.32
10.32
10
10.8
16.92
14.64
10.4
11.72
14.24
10.12
10.52
10.2
7.28
7
10.36
7.88
11.2
7.12
7.32
7.12
9.04
10.44
7
9.04
8.92
7.48
11.72
10.6
8.8
7.32
10.48
13.16
7.52
8
10.08
16.8
11.68
7.16
9.68
8.12
9.48
7.32
7.48
8.68
7.88
8.84
10.8
8.56
12.68
9.28
11.12
7.12
11.36
8.52
9.4
9.24
9.4
10.24
9.24
12.48
9.4
8.92
7.08
7.4
7.08
8.76
8.32
7.2
12.96
11.2
10.04
7.16
12.84
7.04
12.6
7.28
8.4
8.76
8.28
7.04
10.04
8.68
9.32
9.44
9.28
9.24
7.24
7.12
7.32
15.6
12.32
8.56
7.44
9.44
10.92
13.28
12.76
11.24
7.12
13.28
14.52
8.2
8.12
12.6
8.32
12.32
8.4
11.4
7.52
12.52
7.32
10
7.12
7.08
7.24
11.68
7.08
9.08
10.88
7.56
8.52
30
9.12
7.88
7.64
11.16
7.04
9.36
7.16
10.48
7.4
10.04
10.6
10.12
16.2
9.44
9.56
10.4
9.32
7.48
8.92
9.04
11.76
9.88
17.08
8.76
7.12
14.44
7.72
9.84
7.32
7
10.76
10.56
11.08
7
8.96
10.36
10.88
10.48
9.24
9.2
9.72
12.12
11.68
11.32
7.24
7.04
13.36
15.24
9.72
7.64
11.96
8.6
8.56
7.52
16.28
7.28
12.08
7
11.2
10.24
18.04
7.36
9.04
7.12
8.36
10.44
14.84
7.72
7.12
14.4
10.2
7.32
13.4
11
9.2
10.76
8.88
11.12
9.84
12.32
11.52
14.68
8.52
11.52
7.56
7
10.08
8.96
15.56
9.72
7.32
7.32
7.52
7.16
10.04
7.08
11.08
7.16
10
9.28
11.8
8.36
12.12
14.6
8.8
7.08
11.12
12.84
8.96
8.08
7.32
9.64
11.6
9.28
12.44
7.08
14.52
7.56
7.08
9.52
7.92
7.2
12.24
7.4
7.24
7.32
7.64
7.68
7.08
10.04
7.6
7.8
7.16
7.28
7.56
9.68
11.84
7.2
11
11.84
7.56
9.4
13.28
8.84
10.2
7
10.12
8.88
7.44
12
7.8
8.96
9.84
7.44
10.84
8.12
10.28
10.08
10.04
12.48
12.56
7.52
13.04
8.68
8.56
15.8
15.68
12
7.76
10.76
7.16
7.16
7.16
8.96
11.76
7.2
9.76
7
15.56
10.6
11.72
10.2
12.32
17.72
7.04
9.2
8.32
10.76
11.6
10.68
7.68
10.72
7.2
8.6
9.04
13
17.52
13.2
10.72
9.36
37.8
12.52
10.68
7.56
7.24
7.08
8.12
10.04
12.28
11.12
10.84
10.04
7.32
12.96
7.24
7.28
7.08
7.44
19.28
7.4
15.2
9.96
14.16
8.72
12.88
8.36
9.32
9.24
8.12
7.2
10.12
9.88
13.48
7.32
7.28
10.6
9.24
13.48
8.64
10.96
9.36
11.04
13.6
7.52
7.16
9.6
9.68
7.24
11.56
7.2
12.96
10
9.04
7
10.6
7.08
9.08
8.16
8.32
10.16
10.52
8.2
8.48
10.92
10.12
10.84
7.64
8.8
10.8
12.2
9.72
11.8
11.72
7.12
10.4
7.2
9.92
9.32
11
7.2
7.72
8.68
8.88
7
7.24
7
8.64
11.56
10.24
10.08
15.64
9.36
8.72
8.08
10.64
8.28
7.12
10.96
8.4
7.44
8.64
7
7.16
12.76
12.44
8.76
9.96
8.16
13.08
7.04
11.68
9.56
12.16
13.16
11.76
8.08
8.48
9.4
8.76
7
15.84
12.08
12.4
9.4
10.48
12.88
11.44
10.24
12.52
15.76
9.28
12.32
11.36
10.2
11.04
9.36
7.28
7.08
14.92
7.4
7.28
7.32
12.72
8.56
9.72
7.04
8.4
8.8
7
8.04
8.76
7.4
9.2
10.48
7.12
7.56
8.6
10.64
7.24
9.48
8.56
11
7.4
7.04
7.16
13.84
7
7.36
8.24
7.44
8.84
7.16
11.36
7
10.76
9.64
11.48
9.12
10.76
8.24
9.88
12.08
8.24
7.08
7
7.44
8.96
7.6
9.76
12.64
13.68
9.48
7.04
13.2
11.36
8.72
7.16
7.56
7
7
10.04
10.24
14.56
7.2
12.4
11.56
13.08
8.44
9.56
8.96
12.4
13.64
7.28
7.6
7.24
9.92
8.84
9.48
10
12.2
11.08
7.28
9
9.32
7.72
7.28
9.12
13.28
7.32
16.6
8.8
12.36
9.96
10.64
13.64
7.6
10
7.24
7.12
7.12
9.36
15.12
7.12
9.92
10.84
7.2
7.28
7.08
10.16
10.08
10.52
8.52
10.52
7
9.16
7.6
10.2
17.24
8.88
8.64
10.16
10.08
10.76
7.4
7.08
8.72
8.24
8.8
8.2
7.88
12.76
9.68
7.8
7.28
9.92
7.44
12.04
10.96
8.24
7.2
7.2
7.08
9.24
8.64
10.04
7.28
15
8.28
10.92
7.4
9.56
7.12
7.92
8.64
10.04
7.12
7.12
9.32
12.12
10.04
8
8.32
8.92
9.48
7.16
7.68
13.52
9.24
8.08
7.72
9.92
12.76
8.72
10.4
7.84
15.32
7.4
8.24
13.28
7.12
11.52
7.04
8.44
8.52
7.28
13
7.04
9.56
9.32
7.72
7.24
7.12
15.12
11.92
10.04
7.36
12.88
7.12
9.08
9.48
10.76
7
7.08
9.36
7.16
7.48
14.6
7.08
11.6
7.64
16.76
7.6
9.08
12.32
8.4
7.52
7.28
7
15.04
11.12
10
9.4
7.16
11.04
10
7.44
11.48
13.2
7.44
11.52
7.28
10.56
14.12
9.12
8
10.76
10.96
9
17.24
13.92
10.08
7.08
7.56
7.16
7.48
9.4
14.44
7.08
7.72
7.12
7.36
7
7.04
13.44
8.36
7.08
12.52
7.12
15.08
12
10.4
13.28
9.44
7.04
9.88
7.08
14.36
8.44
8.68
7
9.88
9.6
7.52
7.16
7.12
11.32
11.08
7
11.96
7.24
13.4
10.36
7.16
7.84
9.32
9.08
11.48
9.12
10.28
9.36
7.4
9.4
12.84
9.8
7.48
10.76
9.8
7
7.28
9.08
8.52
7.56
7.48
10.28
11.4
7.2
7
12.8
11.08
8.48
9.12
12.56
13.48
10.68
8.76
16.12
10.84
7.2
7.2
7.68
7.2
11.16
7.08
7.36
7.2
8.6
13.04
8.64
11.4
12.48
8.32
12.2
9.16
8.36
10.24
7.36
9.4
8.52
9.6
10.72
8.6
13.84
9.92
9.04
8.28
13.08
7.32
8.48
12.2
7.12
10.88
10.04
14
8.28
15.6
7.84
8.92
10.04
10.04
10.84
8.32
7.28
7.44
8.76
15.52
11.76
7.92
7.96
10.4
8.72
11.64
12.64
13.16
15.24
12.64
14.76
11.64
11.56
11.32
7.4
13.64
8.68
7.32
13.2
14.48
10.48
8.68
8.2
7.04
12.4
14
12
7.4
10.24
7.64
7.08
9.36
9.88
7.12
7.36
12.32
11.84
14.16
7.08
7.68
7.76
9.4
8.12
7.24
8.68
8.16
7.08
7.4
8
9
9
11.48
9.96
9.92
8.36
19.72
7.28
8.28
11.4
7.24
7.08
7.08
11.56
8.76
8.2
7.24
8.16
7.2
7.12
8.56
8.76
8.64
7.76
8.24
9.12
9.04
7.12
10.12
8.92
10.96
9.56
9.8
9.64
9.8
11.36
9.32
9.28
7.08
9.24
7.28
7.64
9.48
11.68
9.28
7.4
7.04
7.08
8.68
7.16
7.44
13.76
13.64
9.76
11.16
7.92
9.8
10.24
9.64
9.52
12.28
9.08
8.56
7.2
12.24
7.4
9.36
11.4
10.64
10.04
9.52
11.52
12.04
7.04
8.88
13.76
12.56
7
10.28
9.08
14.6
9.32
8.08
14.4
7.28
7.44
8
7.44
7.2
11.4
9.56
9.56
10.12
8.64
12.4
12.4
10.92
11.56
7
7.16
7.64
10.64
10.12
11.12
10.2
7.32
11.2
7.12
11.52
9.48
11.76
7.24
14.56
12.92
10.28
8.84
8.24
11.48
7.24
7.16
11.16
8.24
8.92
9.72
12.24
7
9.44
16.92
7.04
9.48
7.24
7.56
9.72
14.28
8.56
8.8
13.4
8.68
11.2
11.4
10.88
7.36
7.04
7.92
12.32
7.68
9.36
9.28
12.56
8.24
10.84
9.68
9.68
7.52
14.24
20.28
11.2
10.12
10.52
10.64
9.36
11.8
12.32
8.92
10.32
12.68
11.28
12.32
9.96
12.36
11.32
8.52
10.08
7.24
11.2
13.28
9.76
14.44
13.32
9.32
11.12
16.96
11.32
7.28
9.08
12.48
7.76
10.28
9.6
12.24
10.64
9.12
14.68
7.04
10
7.04
10.56
8.76
7.12
7.16
11.52
8.8
10.44
7.76
19.68
12.6
9
7.76
9.4
10.48
7.16
9.48
8.88
7.24
9.96
12.88
7.24
10.2
9.52
8.8
9.28
7.04
10.12
11.88
18.72
13.6
7.04
7.28
11.4
12.68
7.48
13.92
8.44
7.44
14.44
8.8
7.2
13.92
10.84
8.76
14.12
11.08
10.76
8
10.92
10.04
20.32
8.48
7.56
9.44
10.28
9.84
7.2
8.92
13.12
10.2
7.08
8.12
9.52
7
12.56
7.32
11.48
12.64
10.56
13.04
9.84
7.32
13.88
8.68
9.36
9.08
13.36
14.04
9.12
7.48
7.4
7.16
7.12
10.12
12.36
9.28
7.04
10.84
7.04
9.64
7.04
8.8
7.36
8.96
9.52
12.92
9.2
7.16
10.12
7.08
9.6
7.2
12.84
21.08
8.36
7.24
16.04
11.24
7.16
7.12
9.48
12.72
11.76
7.48
10.36
7.28
15.28
9.92
12.44
10.08
11.92
7.84
7.04
9.28
7.24
11.76
14
10.48
12.48
8.44
10.2
9.28
8.68
7.04
13.92
10.68
7.68
10
11.8
7.44
7.4
9.84
8.88
7
16.6
11.84
7
8.36
11.36
13
8.72
13.16
8.84
7.04
8.24
13.52
9.08
10.64
12.08
7.28
13.28
10.08
10.68
9.36
7.16
15.8
9.6
7.48
9.4
11.92
12
7.48
9.36
7.32
11.88
7.76
11.64
8.4
10.12
7.12
9.6
7.32
13.28
7.24
14.48
10.28
7.32
7
9.6
7
11.76
14.28
9.08
7.28
7.16
9.52
9.36
11.6
7.8
11.32
7.04
8.4
16.04
13.12
15.36
10.04
9
7.08
9.2
14.12
7.4
7.68
7.6
7.16
11.12
11.08
7.04
8
7.04
12.52
7
10.88
10.4
9.48
9.12
8.96
12.92
8.64
10.8
10.08
7.16
7
7.44
9.28
9.2
9.92
7
10.24
11.16
7.16
9.2
8.32
7
7.12
7.68
9.48
9.8
7.48
7.44
10.88
10.48
8.28
7.64
13
10.56
7.24
7.12
7.08
9.68
7.16
7.16
11.4
7.12
7
7.12
13.4
7.08
7
13.28
7.32
9.68
9.24
9.64
8.72
7.72
8.72
15.84
9.4
10.92
11.12
10.96
17.72
9.8
8.16
10.52
11.88
8.12
8.76
7.12
7.96
8.36
9.08
10.48
7.32
7.08
9.56
10.28
10.16
7.48
8.04
8.6
9.28
9.6
7.48
7
14.16
8.68
11.64
8.96
8.8
12.16
10.84
7.12
7.12
10.92
10.6
7.16
7
9.88
15.68
9.04
9.64
17.48
12.16
11.12
7.12
7.16
7.2
9.56
9.36
10.08
7.08
8.12
7.84
12.84
10.6
11.8
8.96
7
7.16
10.68
9.4
12.64
17.6
9.2
11.12
10.44
10.44
13.4
10
7
7.48
7.36
7.04
8.24
7.12
7.56
12.56
11.6
12.32
10.72
9.88
10.96
7
12.64
13.04
9.84
9.04
14.24
10.24
7.24
8.96
13.68
16.6
7.36
9.04
7.16
11.36
7
7.68
9.44
7.52
8.52
7.72
9.96
11.64
7.24
7.2
7.24
9.28
8.36
8.68
7.76
7.04
7.76
9.4
7.84
11.52
9.08
7.72
14.64
9.96
7.6
14.8
15.8
9.12
7.68
12.2
11.4
9.16
10.36
11.88
8.4
8.88
11.96
7.28
8.6
10.24
9.8
12.12
9.32
7.04
12.04
15.16
7.4
13.4
7.24
8.4
12.72
9.08
12.52
7.48
7.76
11.36
10.72
12.84
11.08
12.04
7.36
7
10.08
7.68
7.04
8.56
9.6
16.04
8.08
14
7.04
7.88
10.48
9.48
7.92
11.48
10.36
10.52
9.4
9.72
7.16
8.76
15.92
7.48
11.24
10.48
7.2
14.44
11.44
11.16
11.36
7.8
13.64
7.08
8.6
11.36
9.2
7.08
9.72
18.2
13.36
10.48
9.28
8.56
12.92
7.2
8.52
7.24
8.92
7.16
13.84
7.88
10.24
7.4
7.2
7.36
8.72
10.44
9
13.48
8.88
8.68
8.08
11.44
9.36
9.56
9.52
12.48
8.88
7.24
8.48
12.52
7.36
9.16
9.16
7
8.72
10.92
14.24
7.4
10.48
7.2
9
14.6
9.96
7.16
12.24
7.48
7.56
11.64
7.84
10.76
9
7.24
7.2
11.36
12.24
8.88
9.52
8.68
13.68
7.56
7.4
7.48
7.32
9.6
7.04
13.24
8.44
7.24
7
7.04
12.64
8.12
8.8
7
7.2
14.24
8.12
7.12
8.68
7.24
7.64
12.96
7.08
9.4
8.72
11.64
13.72
10.48
10.8
9.36
15.88
10.08
7.04
10.44
7.56
11.84
9.88
7.64
8.52
14.08
7.6
13.36
9.56
10.96
7.6
8.88
7.2
8.88
15.44
11.92
11.08
13.76
7.24
8.64
7.48
14.16
13.04
7
7
7.72
9.96
10.52
13.96
12.16
13.56
12.72
7.28
9.88
12.08
8.2
11.8
9.92
12.84
10.6
7.2
8.32
9
9.24
8.68
11
8.96
8.92
12.4
7
7.56
11.36
12.72
7.16
13.12
7
9.88
7.56
9.28
8.92
11.88
10.16
10.64
10.8
9.12
7.24
9.68
10.36
11
10.96
9.76
11
11.92
7.12
12.44
9.04
14.56
7.8
7.16
9.48
9.8
9.2
9.16
9.72
9.8
7.2
7.72
9.32
9.44
9.68
7.4
11.56
9.44
11.68
13.52
11.48
7.52
7.36
9.88
7.08
9.64
7.2
11.76
11.28
7
7.32
7.36
8.12
7.04
12.24
15.08
12.44
9
12.2
8.76
9.64
8.76
11.08
9.84
11.84
9.84
9.36
12.96
7.2
9.92
8.28
12.2
11.24
7.28
7.4
11.96
8.48
7.76
7.2
7.6
9.32
7.28
11.64
8.12
7.88
7.08
10
7.52
9.04
11.72
7.6
7.68
11.4
8.76
8.88
10.56
11.52
9.32
9.92
9.96
10.36
7
9.56
9.72
7.28
7.04
12.88
10.36
8.28
8.2
13.28
10.68
12.2
11.32
10.44
11.88
19.08
9.2
8.48
7.16
9.6
13.12
10.76
7.32
7.04
9.08
9.84
7
7.36
16.48
12.32
12
8.76
7.24
10.8
7.2
7.92
8.04
15.08
10.28
8.48
7.56
12.56
10.4
9.2
12.24
8.6
11.12
7.24
12.44
7.44
9.28
7.24
9.6
8.08
13.2
7.16
12.88
7.44
11.48
7.24
13.48
9.16
7.32
8.08
9.36
14.68
7.48
7.36
11.6
7.44
9.4
9.92
9.56
7.08
7.72
9.84
12
12.56
7.28
10
7.08
9.16
9.96
8.52
18.72
12.68
14.12
7.6
8.04
7.44
12
7.36
7.04
11.64
7.4
7.08
11.6
10.24
7.56
7.16
7.64
11.84
7.04
7.2
10.48
9.52
11.72
8.24
9.8
7.28
7.8
8.88
8.24
9.4
14.68
10.32
7.8
9.52
9.32
7.64
15.84
9.96
9.68
10.8
7.24
7.16
7.12
12.76
7.32
22.44
7.2
10.92
11.92
9
7.08
14.04
7.2
10.68
7.36
10.36
11.84
8.24
7.2
8.8
7.04
7.08
8.32
9.56
7.08
8.8
7.32
9.6
7
10.32
11.68
12.28
10.68
10.88
8.32
7
9.2
10.44
7.08
9.16
9.8
11.2
14.4
9.12
11.84
12.12
7.08
9.72
9.12
12.6
7.36
12.76
9.72
7.64
11.56
9.76
7.6
7.12
9.16
7.28
9.44
7.44
7.28
10.64
10.04
10.52
9.44
14.36
9.96
10.76
17.16
7.2
8.56
8.84
12.16
8
10.32
10.08
10.16
8.76
9.28
10.52
14
9.04
12.92
7.56
15.4
11.56
9.32
12.08
11.52
11.08
7.56
7.08
12.84
12
11.96
7.76
8.88
10.12
10.32
8.32
7.28
7.04
10.4
15.8
7.16
7.52
7
7.28
7.24
12.44
7.04
9.48
10.88
9.92
10.88
8.6
8.36
11.56
10.32
7.16
7.16
10.08
8.36
7.32
12.72
8.72
11.76
7.08
7.72
8.96
7.04
8.72
7.24
13.6
7.2
11.84
9.44
10.12
15.68
10.36
8.28
9.32
7.12
10.56
12.44
11.16
8.96
7.08
17.28
12.16
7.16
7.88
7.04
10.12
8.72
9.4
7.04
8.12
13.84
12.16
10.64
9.48
7.24
9.12
9
11.52
8.04
10.64
9.48
11.92
11.24
11.08
9.56
14.52
15.48
8.96
7.88
14.56
15.28
9.76
10.48
10.32
10.72
8.08
9.8
9.84
8.72
12.64
15.08
12.04
9.08
11.44
8.96
8.76
10.28
9.24
8.28
8.52
17.44
11.16
9.28
7.08
9.68
11.96
14.28
9.76
9.48
15.48
9.04
9.48
9.56
9.44
10.64
9.2
8.52
7.2
7.8
7.2
11.92
9.8
7.72
8.76
7.32
9.96
14.56
12.8
11.92
11
7.88
8.04
7.08
10.72
8.68
10.24
15.52
9
9.24
9.44
7.2
11.24
7.16
7.52
7.08
9.04
7.2
11.04
7.04
7
7.28
7
7.32
7.2
7.16
9.48
7.96
11.4
11.56
11.04
9.8
12.12
13.64
16.84
12.28
13.32
14.92
7.4
10.4
13
8.16
9.68
7.2
9.32
11.84
14.44
7
11.56
7.12
13.12
15.72
7
12.04
7.08
9.36
8.44
11.84
14.32
9.44
9.92
11.68
7.24
8.04
11.4
11
8.36
8.92
7.16
14.48
8.64
15.96
12.24
7.16
7.64
15.96
11.32
8.04
8.96
8.88
14.2
9.52
7.28
10.4
13.56
12.24
11.96
11.72
9.52
10.76
14.2
9.2
9.48
13.24
7.32
7.12
9.04
7.36
10.64
7.92
11
11.88
9.6
7.08
9.24
7.04
9.28
13.52
10.92
7.12
7.16
7.6
11.8
8.44
12.2
11.92
7.12
7.44
9.84
11.2
10.64
10.24
9.44
7.56
7.08
8.52
11.4
7.28
7.32
7.08
9.44
7.28
7.24
8.68
13.16
13.8
9.56
9.52
7
8.96
7.2
9.44
13.4
13.36
10.24
8.84
7.68
7.08
8.8
9.48
12.84
13.88
7.12
10.84
13.24
13
10.36
10.2
11.92
8.96
10.76
11.72
7.04
9.72
7.2
7.6
9.68
9.64
8.2
7.2
10.28
9.92
7.2
9.72
7.16
9.28
7.28
8.84
16.4
15.4
7.28
14.84
9.28
9
11.52
11.12
12.24
12.48
6.28
9.72
9.04
7.08
6
6.2
6.44
8.8
6.16
7.08
8.88
7.52
6.16
8.48
6.28
7.8
6.2
7.2
9.96
6.08
7.64
7.24
6.76
6.84
6.08
7.96
9.72
6.16
15.88
6.64
6.4
6.08
6.36
7.84
6.04
6
7.28
6.16
6.12
6.36
8.52
6.24
6.04
7.92
6.24
6
7.92
9.84
7.64
7.64
6
6.32
11.32
6.08
8.76
6.2
8.32
6.24
6.04
6.04
9.36
6.04
6
10.44
6.92
19.4
24.28
7.8
10.36
7.96
7.24
6.08
8.88
12.08
6.24
6
6
6.04
6.16
7.72
6.28
6.36
8.88
6.28
6
6.32
8.32
6.24
9.24
12
10.8
13.2
8.88
6.48
11.72
6.04
7.44
7.8
8.88
15.08
6.6
7.28
6.04
10.12
7.24
6.32
6.2
8.96
6.08
6.04
7.8
8
6.08
7
6
6
6.12
7.24
10.16
9.08
6.08
6.04
8.88
8.48
9.56
6.24
6.96
9.6
8.6
5
7.36
5.12
8.6
9.48
5.08
7.72
5.2
5
5.04
5
9.56
7.28
5.32
8.32
5
5.68
5
5
6.64
6.96
5.08
5.04
5.92
7.08
5.28
10
5.32
5
5
5
5.08
5.44
5.92
11.76
5
5
5.12
5
6.6
5.16
8.84
9.6
7.64
5
5.04
9.72
5
5.2
5
5.04
10.72
6.68
5.28
5.2
7.84
5
5
5
6.96
7.28
5.56
6.44
5
5
5
5.16
7.56
8.36
5
6.32
7.36
5
5.04
5.24
5
5.76
5.08
5.04
5
5
13.68
5
5.32
5
5
5.44
5
5.24
14.24
5
5
12.72
10.68
6.84
8.16
5.08
9.32
5
5.04
7.56
10.32
5.2
5.12
6.72
5.24
5
8.2
5
5
5
5
7.28
8.68
5
9.6
5.04
5
8.12
5
7.44
5
5
5.08
7.96
5
6.28
10.16
5.04
5.08
5.04
5.04
6.72
5.16
5.36
5.8
5
5
8.76
5.08
7.28
5
7.76
5.2
5.96
5.76
8.72
6.76
5.44
5
8.52
9.76
6.96
5.92
5.08
5
5
5
5.32
5.4
5.12
5.12
6.72
8.44
5.04
5.56
5
7.88
9.52
5
5
5.6
7.52
7.68
7.48
5
7.32
5.16
5.16
5.6
5
5
5
5
5.6
8.36
9.24
7.12
5
5.4
5.2
5
9.56
9.48
7.92
5
7.56
5.04
7.44
10.32
5
5.28
5.04
6.28
5.04
5.16
8.52
8.56
5
5
5.16
5
5.92
5.72
9.48
5.28
7.12
7.16
5
5
5
5.8
7.36
5
5.32
5
5.16
5.28
5
5.4
5.04
6.92
5.56
5
5.4
5.12
6.64
5
5
7.08
5.6
5
6.68
5
5.56
5.36
5
5.04
5.04
5
9
5
5
5
5.04
5.04
5.04
5
5
5
5.16
5.2
5
5
5.04
9.68
5
5.2
5.04
8.24
13.68
5.16
5.16
5
7.8
5
7.48
10.36
5
8.44
5
5
5.16
5
5.96
8.4
5.28
5
5
9.08
5
6.32
5
9.24
9.64
6.96
7.2
12.16
6.68
11.72
5
5
5.48
6.36
5
5.08
5
5.28
5
5
7.56
8
5
5.56
9.96
9.24
5.04
5
10.72
5
5
5
7.76
5.08
5.04
10.32
9.68
5
8.76
8.04
5
8.8
9.32
5.2
9.4
7.4
9.04
6.12
5.2
5
5.08
7.32
5.16
5
6.44
5.44
5.04
5.16
5.28
5.16
5
5.68
8.88
7.28
5.2
8.12
6.4
5
5
5.04
5.12
5.32
5.16
6.12
5.8
7.04
9.8
8.16
6.8
5.08
5.04
5.16
7.88
6.16
5
5.28
8.6
5
7.6
7.28
8.68
8.4
5.08
8
5
7.2
5.88
5.16
5.92
5.44
8.6
8
5.28
5
8.68
5
5.28
5.16
8.28
7.84
5
5
5
5.12
5.08
7.72
7.56
6.96
5
5.52
5
5.08
8.92
6.52
6.96
8.72
5
5.16
9.84
5.08
5
5.2
5.12
5.2
8.6
9.44
8.48
5.32
8.08
5.08
8.48
7.88
5.12
7.64
10.92
8.44
5.04
5.24
5
5
5
5.16
5
7.76
5
5
6.12
5.24
5.04
5.04
5.16
5
9.12
5
5.08
5.08
5
5
9.28
5
5.04
8.92
9.52
5.04
5
5
5.2
5.04
10.52
6.68
8.08
5.08
5.16
8.2
5.8
5
8.76
7.44
5.24
7
5.36
5.2
5.04
5.28
5.16
5.04
7.16
5
5
9.76
5.12
5.68
8.76
5.12
6.2
5.04
5
5.04
5
5.16
8.2
5.44
6.96
7.4
7.16
5.08
5.08
10.44
5.56
5
7.64
10
5.04
5
9.24
7.28
5
6.24
8.44
5.08
8.44
5.12
5.16
5.04
5.04
5.12
5.24
5
5
7.44
5
5.12
5
8.16
6.2
5
5
5.04
5.16
5
5.16
8.04
5.28
5.04
5
5.04
7.32
8.08
9.08
6.8
5.08
5.12
10.32
5.12
6.76
5.28
7.2
7.4
9.16
5.04
6.44
5.12
5.04
5.44
5
5.12
8.76
5.04
5.12
5.04
8.84
5.08
5
5.36
5
8.8
5
6.6
5.16
5
5.08
7.92
5.16
5.08
5
5.16
5
5.04
8.2
5
8.28
5
8.52
5
8.48
5.08
6.92
8.56
8.84
5.4
5.12
6.12
7.64
5.08
5.04
5.08
5.2
5.12
5
9.6
5.08
5
5.24
5
6.8
5
11.12
5.08
5
5.04
5
5.08
8.36
5.56
5.28
5
5.12
5
9.76
5
7.64
9.04
5
8.32
5
5.16
5.64
7.04
5.28
5.48
5.04
5
5
9.6
5
8.68
5
9.24
5.12
5
5
5
5
6.16
7.68
5.2
5
5
5
8.36
9.96
5.52
5.52
7.4
5.04
5.12
5.4
5.12
5.04
5
8.76
5.2
8.48
8.04
8.56
5.04
5.24
10.96
5.04
7.96
5.04
5.28
9.24
5
5.84
5
8.32
9.68
5.12
5.12
8.6
7.68
5.4
5.16
5.04
5.04
10.04
5
7.96
6.76
5.12
5
5
10
5
5.08
8.84
5.04
5
10.88
5.08
9.6
5.28
5.16
5
5.2
9
5.2
7.04
6.8
9.96
14.2
6.8
5.12
5
5
5.28
6.28
5
5
7.52
5
6.32
6.84
5.12
5.76
5.12
5
5.08
7.84
5.12
9.52
8.16
5
5.08
12.08
8
9.8
5.08
5.04
5.52
5
5
5.04
7.56
5
8.8
5.04
5.4
5.08
5
5.92
8.16
5.04
5.12
5.12
5.16
8.36
5.04
5.84
5.04
5
5
5.08
5.08
5
7.88
5.16
7.8
5.16
9.32
5
5.44
5
7.76
5
5
6.36
5.16
6.96
5.08
5.04
5.4
7.12
8.2
6.4
5.04
8.48
6.72
5.04
5.08
6.32
9.6
5.04
5
5
5.24
9.48
5
6.88
5
5.16
5.04
5
8.12
6.56
5.04
5.12
5.08
5
5.36
5.12
5.08
7.12
5
5.04
5.24
5
7.68
5.08
5.44
5.24
7.28
5.12
6.2
9.08
5.24
5
5.24
5.32
5
6.48
7.88
5
5.04
5.04
6.2
5.4
11.64
5
5
7.84
5.12
5
5.2
5.24
5.12
5
5.84
5.16
6.84
7.08
7.44
6.88
8.88
5
5
5.24
5
7.2
8.8
5.12
5
7.4
5.04
5
6.88
5.08
5.24
12.08
5.28
5
5
5
5.2
5
8.72
8.36
5
5.28
5
5.16
6.64
5
8.68
10.08
7.6
5
5.04
6.44
5
9.96
5.08
5.12
5.04
7.32
8.64
5.08
5
5.04
5.48
5
8.28
5.04
5
5
5.44
7.12
6.28
10.08
8.8
5.44
5.28
8.32
5.04
9.4
5
7.8
5
5.24
7.32
5.08
5
5.36
5.08
5.12
5.04
8.16
9.52
6.52
5.16
8.28
5
5
5.12
5.08
8
5.08
14.36
5.76
8.88
8.2
8.88
5.04
5.08
7.2
5
9.72
5.24
5
5.04
5.04
8.88
5.04
5.12
10.44
6.04
5
7.64
5
5
5.08
5.08
7.44
13.04
9.08
5.12
5.04
5.12
5
10.04
6.12
8.08
5
5.12
9
5.92
5
5
5.24
6.52
7.96
7.36
5.12
5.08
8
5.4
7.28
5
5
5
5
5.24
7.4
5.2
8.16
5.24
7.96
7.24
5.24
7.64
5
5.12
5
5.04
7.64
9.28
7.88
11.16
5.68
5.16
5.36
5.52
8.88
5
8.92
5.48
5
5
8.8
5
5.04
10.24
7.68
8.6
5
6.56
5.16
8.12
5.04
5.08
5.2
5
7.68
5.04
9.84
5.28
7.08
5
5
8.56
5
5
8.96
8.44
6.28
5.08
5.32
5.08
5
5.28
5
5.2
7.32
8
5.08
5.48
5.16
5
5
5.12
7.88
5
6.76
9.8
5
9.4
5.16
5.28
5.36
5.2
5.16
5.08
5.2
5
5
5.08
5.16
5
5.2
5
5
9.36
10.12
5.32
5.04
5
5.12
5.08
5
5.08
5.12
5.08
5.08
5
5
5
5.12
8.84
10.04
5.2
9.68
5
6.8
6.72
5
5
5
5.12
5
5.08
5
5.04
5
5.08
5.12
5
5
5.04
5
8.08
8.36
5
5.04
5.04
5.08
7.92
8.24
5
6
5
6.6
8.08
5.12
7.36
5
8.24
7.32
11.48
5
9.28
5
5.04
8.52
5.12
8.88
5.16
8.36
5.8
5.2
8.96
11.32
5
12.24
5
5
6.2
9.2
12.52
5.52
9.56
5.2
9.04
10.72
8.84
5.2
9.12
5.64
5.4
5.12
5.2
9.84
5.16
9.04
8.2
7.44
6.64
5
7.16
7.32
5
5
7.96
5.56
5.16
5.2
5.12
5.16
8.8
5
5
8.76
5.24
9.76
9.32
5.12
5.12
7.48
5.04
5.16
5.16
8.04
5.04
5.16
8.8
10.84
5
5.24
5.2
5.08
8.6
5
11.08
5
5
8.56
5
5.08
5
5.2
6.92
8.12
7.88
5
7.72
5.64
5.08
5
6.76
5.04
5.48
5
9.48
9.56
7.68
5
5.16
5.8
5.28
5.08
5
5
8.72
5.12
6.32
5.08
5.04
10.08
5.04
5
7.92
5.48
5
5.6
5.08
5
10.92
5
5.08
5.04
5
7.48
5
5
5.92
5.44
5.08
5.28
5.04
5
10.92
8
7.8
5.04
5.16
6.76
6.12
5
5.4
8
5.04
9.72
8.52
5.12
5.84
5.36
8
8.8
5.2
9.16
7.8
5.68
12.16
5
6.28
18.76
5.04
8.88
5.04
8.2
5
5
5
9
5
5
5.28
5.68
5.04
5.32
5.24
5
8.56
7.16
6.36
7.32
5.04
8.4
5.68
5.2
5
6.52
6.68
9
6.24
8.68
5
5.04
7
7.36
7.92
5
7
5
5.48
5
5
5
5
5
5.16
5.16
5
5.72
5.52
5.08
5.56
5.04
5.08
5
5
5
5.08
9.72
5.04
5.2
5
9
5.48
5.24
5.64
7.32
9.92
5.16
5
7.16
5.92
6.64
5
5
7
5.08
5.12
5.16
5.08
8.64
7.68
7
5
6.16
5
10.16
5.04
10.48
7.36
7.48
9.56
6.6
5.52
5
6.56
10.08
7.56
5
5.84
5.28
5.04
5
5
8.64
5
6.4
8
5
5.4
5.24
6.2
5
8.08
5.12
5.08
5
7.04
8.8
5.16
5
8.16
5.32
5.08
6.56
8.28
5.16
5
5.16
5
8.4
7.4
7.8
7.16
5
5.2
7.32
5.16
5
7.04
5
8.84
7.68
5.04
5
5.08
8.68
8.44
5.04
5.16
5.52
8.72
5.04
10.28
5.28
5
5.04
5.04
5.12
5.36
5
5.4
5.4
5
5
5.04
6.12
5
7.48
6.52
5
5.2
5
5.08
5
12.68
5
5
7.92
5
11.4
5
8.36
5.12
5
5.04
5.2
5
7.2
5
5.2
9.08
5.2
5.04
5
5.04
5
5.04
5
9.72
8.96
6.84
5.12
5.24
5
10.24
9.48
7.2
5.2
7.88
8.56
5.72
5
5.12
8.36
5
7.32
5.24
5
5.44
5
10.36
5
5.24
7.6
5.4
5.04
7.12
5
5.04
5
6.96
5.04
5.16
8.96
5.08
5
5
8.44
8.24
5
5
6.76
5.24
5.08
7.8
5
5.16
15.48
5.04
13.8
11.4
9.76
5
5.6
5.12
5.36
5
7.64
5
5.12
5.08
8.76
5
5.12
5
10.52
5.04
5.08
5
5
5
5.28
8.36
7.36
5
5.24
9
8.52
5.48
7.16
5.44
5
10.92
7.76
5.24
5.72
7.96
5.28
5.08
6.68
8.08
5
7.16
5
9.52
5.72
13.64
5
5.36
8.76
5
11.72
8.56
7.16
5
5
5
5
5
5
5.12
6.16
7.48
11.4
10.48
5
5
7.2
9.44
9.8
5.44
5
5.08
5
6
5.32
5.16
5.08
5.04
5.6
5
7.2
5.56
7.52
7.92
5.2
5.08
7.48
10.24
5.24
10.88
5.28
5.2
6.68
8.56
6.28
10.44
5
5
5.04
5
7.48
8.64
8.84
5
7.28
8.44
5
5.92
7.04
7.24
5
5.6
5.04
7
8.16
7.76
5
5
5
8.04
6.08
5
8
5
6.96
5
9.2
5.12
5.04
5.04
8.2
10.36
5.24
5.04
5
5
8.04
5.2
5
5.16
7.24
7.88
8.2
5.04
5
5.12
7.48
8.72
5
5.32
11.84
13.08
6.16
5
7.2
5
5
9.68
5.08
5
6.44
5.24
5
5.08
5
6.68
8.44
5.28
5.08
5
5.28
6.32
7.48
9.36
8.8
5.52
5.04
5
7.64
9.44
7.76
6.32
5
7
5
7.16
8.92
7.72
5.36
8
5
5
5.2
8.52
5
5
5.12
5.08
5.08
8.92
5.24
5
7.64
9.28
8.04
9.4
5.04
5
5.2
5.28
5.92
7.4
5.16
5.04
6.68
5
5.56
8.64
7.28
5.16
5
8.24
9.28
6.36
7.48
5.16
5
5
5
5.36
5
5
5.12
5
5
5.44
6
7.72
5
5
5.16
7.64
5
5.2
6.16
7.64
5.16
5.08
5.04
8.88
5.28
5.28
7.2
5.32
5.2
5
5.2
5
5.04
8.24
5.04
5
5.12
12.08
10.24
5.24
5.04
5.04
7.88
8.28
5.08
8.88
6.32
5.12
5.08
5
7.6
7.16
5.36
7.56
5.4
5
5.12
5.08
9.2
6.48
5.32
5.12
6.8
5.16
10.6
9.4
5
7.12
5.52
5
5.32
5.12
5.04
5.04
5.12
10
5
5
5
5.08
5
10.8
5
5
7.52
8.2
5.04
6.8
5
6.76
5.48
6.68
7.4
5
6.08
5
8.04
5
5.2
5.16
7.8
5.04
8.76
5.04
7.08
7
5.2
9.08
5.12
5.28
7.76
5.12
7.76
7.88
5
5
10.2
5.4
5.56
7.12
5.32
5.04
7.52
6.76
5.04
5.48
9.76
9.84
8.48
8.16
5.36
7.12
5
8.32
5
5.4
12.56
9.68
5
5.12
7.84
5.16
5
5.32
6.6
5.08
8.84
5.04
8.6
5.08
7.28
5
6.84
5.16
6.76
5
5
5.16
5.4
6.2
5.08
13.28
9.44
5
7.64
5
5.04
5
5.56
5
8.12
6.48
8.56
5
5
5.32
5
7.56
5
9.56
5
8
5
5.2
7.76
6.92
5
5
6.52
5
5.08
8.56
5.12
5.2
5.6
5
5.04
5.16
8.72
5
6.36
7.64
5
5
5.08
7.08
5.48
9.76
7.88
6.4
5
7.4
5.6
8.64
10.28
7.12
5.04
8.48
9.24
7.36
5
8.16
7.52
5.08
5
5.12
5.08
5.04
7.56
5.12
5.2
5.04
6.28
5.04
5.12
5
5.08
5
5
5.04
5
5.12
5.04
8.04
5
5.64
