10876 34740
13.3048
9.11429
4.62857
10
5.20952
6.5619
9.82857
5.4
11.9905
10.5619
13.4286
5.4381
9.12381
6.40952
14.8
6.88571
4.45714
10.7333
6.46667
14.7714
12.7048
8.14286
4.21905
11.219
4.00952
11.9048
10.6667
4.21905
4.59048
4.93333
4.62857
5.72381
8.11429
8.04762
6.55238
4.84762
8.92381
7.84762
11.9619
8.2381
4.44762
11.3333
17.0476
11.381
6.31429
7.34286
12.0667
11.8952
4.21905
10.2762
5.87619
8.69524
10.8762
5.70476
7.69524
16.1333
4.13333
7.34286
6.90476
6.58095
12.2667
12.4
14.5048
9.54286
5.32381
11.6667
6.29524
4.32381
11.3238
4.68571
15.4762
7.57143
7.40952
7.10476
9.00952
7.41905
6.89524
7.40952
7.45714
8.95238
7.20952
5.64762
5.33333
10.9714
7.05714
7.48571
13.8381
9.99048
7.17143
6.65714
6.51429
8.05714
4.14286
9.39048
6.44762
5.75238
9.60952
13.2952
6.70476
10.6476
14.4286
10.5048
8.11429
4.48571
7.19048
11.219
9.89524
4.12381
4.24762
12.1714
7.77143
7.60952
10.6286
6.22857
7.13333
9.47619
5.79048
8.67619
11.0857
8.81905
16.3048
6.52381
6.57143
5.98095
4.33333
16.7048
12.2
12.9143
16.0667
13.8476
7.48571
9.8
7.4381
5.26667
13.4667
10.7524
12.1048
9.37143
9.49524
5.15238
12.0667
16.1714
10.8667
8.11429
5.10476
14.6381
9.00952
10.9429
9.58095
10.3143
6.26667
13.5524
12.0095
9.38095
7.6381
11.4095
10.6762
8.27619
5.39048
7.07619
7.21905
13.3333
9.75238
8.0381
12.4571
8.7619
9.2
6.48571
9.39048
5.93333
6.8381
10.4286
7.60952
7.88571
4.15238
4.19048
9.45714
8.8
13.2571
11.2952
11.0952
14.3238
6.64762
13.6
9.8
9.4381
7.80952
7.57143
9.70476
17.4
12.0095
9.74286
9.91429
7.8
13.6286
7.1619
5.01905
6.54286
5.85714
12.5714
9.78095
7.07619
7.32381
9.53333
4.08571
4.4
12.9143
6.06667
10.8571
11.8095
7.06667
11.219
4.53333
12.0667
11.0857
7.98095
7.61905
4.18095
9.89524
4.18095
7.70476
5.57143
7.97143
16.5524
8.51429
5.47619
8.54286
4.2
6.1619
5.52381
8.69524
7.38095
7.19048
6.44762
7.17143
5.8
10.8286
5.35238
4.26667
6.97143
4.78095
5.80952
4.60952
7.65714
11.4952
13.2762
11.8571
12.8
9.78095
8.41905
8.95238
7.11429
8.51429
4.17143
7.75238
7.45714
9.2
7.90476
9.82857
8.02857
9.8
9.6381
12.0667
4.34286
6.39048
4.10476
11.4286
13.0571
12.1714
9.77143
14.4857
14.2381
18.5714
8.25714
5.42857
9.64762
9.42857
4.1619
11.619
12.3333
11.3619
9.51429
4.40952
6.88571
11.9524
12.2667
5.66667
11.7048
10.419
12.1048
10.1429
9.74286
10.6381
12.0952
10.4571
10.8
6.82857
14.0952
9.7619
5.6381
5.22857
9.74286
9.78095
11.981
10.1619
8.66667
9.69524
6.97143
4.3619
12.7333
14.0952
12.619
9.74286
13.3143
10.1333
5.57143
4.2381
9.01905
15.6095
10.8381
5.50476
4.3619
9.88571
9.75238
8.79048
6.51429
9.47619
10.8476
11.981
9.38095
4.4
19.619
4.25714
4.48571
6.59048
6.14286
4.67619
4.38095
8.93333
8.98095
8.94286
4.84762
4.53333
8.17143
4.38095
7.32381
16.4667
5.10476
7.59048
7.05714
10.8571
10.6762
11.3048
4.44762
7.84762
7.73333
9.2
5.6381
7.24762
4.46667
4.2381
10.2952
4.12381
8.25714
7.3619
8.60952
9.05714
8.91429
5.98095
8.74286
8.07619
6.02857
5.98095
7.42857
4.60952
4.30476
5.97143
6.51429
9.81905
10.781
6.75238
5.33333
11.3048
11.981
5.47619
16.3048
13.8857
13.2571
11.9143
9.80952
7.4
11.0857
13.4571
10.5619
12.581
10.5524
13.1238
10.1048
8.17143
7.8
4.34286
11.3048
7.52381
14.5619
4.20952
6.10476
11.5905
14.0095
10.5714
10.8095
4.17143
6.45714
8.40952
7.91429
9.09524
8.11429
5.33333
8.64762
9.66667
5.72381
15.4762
6.95238
7.7619
4.38095
9.10476
8.53333
9.35238
4.92381
4.27619
5.59048
6.17143
7.07619
8.07619
4.4381
9.01905
8.6
9.61905
6.84762
9.34286
7.92381
10.0476
6.73333
8.10476
7.29524
9.13333
10.1143
9.46667
7.68571
5.91429
7.45714
9.39048
9.24762
16.0857
5.5619
10.8667
8.85714
10.5905
9.02857
12.5143
7.15238
9.13333
7.72381
10.219
9.07619
7.11429
5.61905
7.21905
4.47619
4.1619
7.68571
10.7714
6.91429
4.22857
7.84762
7.70476
9.08571
11.2857
10.3619
8.74286
9.75238
6.46667
8.73333
9.42857
4.33333
12.019
6.98095
12.9143
8.94286
9.39048
11.4571
18.4952
6.90476
10.0476
10.8286
10.0095
8.80952
6.62857
9.02857
9.21905
5.80952
8.55238
13.581
10.8381
4.8381
9.70476
7.95238
13.8762
8.57143
15.9905
12.7333
8.84762
4.3619
7.08571
6.86667
8.9619
5.70476
13.3429
7.46667
4.80952
8.33333
4.5619
10.4667
10.1238
8.58095
5.79048
11.8857
8.87619
6.93333
11.6571
10.7333
11.5905
4.2381
4.44762
4.25714
8.19048
4.45714
7.73333
13.2
12.3238
4.2381
6.24762
6.18095
10.981
13.9714
9.69524
10.381
10.1524
8.3619
6.31429
7.31429
9.71429
10.4571
5.6
5.61905
9.38095
5.28571
11.7333
6.54286
4.66667
7.27619
7.25714
11.0667
8.90476
4.47619
5.31429
13.9714
12.5905
12.7429
11
10.5619
18.1619
10.9333
9.98095
10.3048
8.68571
10.7905
8.08571
14.2571
4.3619
13.7905
7.59048
6.92381
8.01905
7.99048
4.44762
4.91429
6.88571
17.9333
9.50476
9.67619
13.4381
4.42857
13.0571
8.24762
5.55238
13.5238
5.64762
8.72381
7.27619
9.90476
11.019
5.8381
9.46667
9.11429
8.98095
4.64762
8.13333
13.2
9.46667
7.51429
15.5333
13.819
4.34286
4.17143
6.55238
4.62857
8.6
4.00952
14.1143
10.6857
5.45714
4.2381
8.2381
7.73333
10.619
16.9524
5.38095
8.21905
9.10476
7.8381
5.47619
7.6381
6.09524
4.85714
4.21905
7.61905
6.06667
10.7524
9.55238
18.9333
6
6.05714
13.6
6.4
4.46667
5.77143
5.04762
4.47619
8.61905
8.06667
6.38095
7.90476
10.419
5.97143
16.0286
6.1619
8.25714
11.6952
10.6762
9.02857
6.05714
6.26667
6.88571
10.6381
10.7333
6.6
6.61905
13.819
9.8381
10.8667
7.7619
9.45714
4.04762
4.30476
10.0762
9.13333
8.82857
9.04762
8.5619
8.11429
7.2
10.7429
10.5333
9.70476
11.2762
6.21905
12.2
13.2095
11
6.28571
8.00952
6.52381
14.0762
7.89524
7.81905
8.25714
11.219
6.13333
9.37143
6.18095
5.38095
12.781
14.381
7.44762
6.5619
7.80952
14.419
4.81905
7.88571
6.29524
6.15238
10.9714
8.13333
7.97143
6.90476
4.44762
8.14286
10.1048
7.61905
4.14286
12.2571
5.84762
11.7524
13.4762
9.85714
8.41905
9.21905
10.5048
15.6762
5.93333
8.39048
16.5429
10.2
13.6476
4.35238
4.45714
4.45714
7.05714
7.2
13.6095
4.24762
4.72381
8.89524
6.8
4.31429
10.981
5.81905
14.2286
7.58095
8.71429
10.0095
14.0762
5.98095
7.08571
4.0381
4.6381
8.4381
10.7333
4.26667
13.4857
10.5714
7.8
8.15238
8.51429
5.87619
15.0857
5.71429
10.8286
7.66667
10.381
12.6952
4.32381
8.29524
16.8286
6.00952
10.5714
10.2667
8.98095
12.4762
7.40952
14.0476
10.6
9.90476
9.4381
10.1714
7.19048
9.2381
4.22857
10.1429
7.59048
6.08571
14.3048
8.9619
15.6952
10.4762
7.53333
15.5048
10.3048
12.6571
9.88571
4.69524
8.20952
13.2
11.981
6.90476
8.40952
9.00952
4.15238
4.79048
14.6381
13.4476
8.52381
4.12381
7.73333
4.08571
11.0952
9.77143
5.87619
10.5905
9.92381
12.1048
9.62857
9.6381
20.8
4.44762
7.81905
9.05714
9.81905
6.29524
7.72381
13.0095
12.019
9.08571
7.35238
7.44762
11.8095
7.73333
7.00952
8.1619
7.06667
10.6952
9.98095
5.2
5.17143
4.30476
6.77143
8.14286
7.93333
9.12381
10.7333
7.44762
10.8381
5.21905
6.75238
9.68571
9.50476
4.27619
9.74286
4.71429
4.59048
4.27619
7.82857
7.32381
4.30476
4.32381
11.8
11.019
8.31429
6.82857
10.4857
9.26667
7.6381
13.8952
6.53333
7.97143
4.15238
6.73333
7.1619
10.5238
4.74286
10
5.20952
7.2381
6.5619
10.7333
7.2381
5.86667
6.07619
6.2
4.24762
7.61905
4.69524
9.18095
13.9619
9.22857
11.4857
11.0857
4.25714
7.25714
6.34286
6.64762
9.32381
11.3429
4.26667
6.47619
7.86667
7.27619
6.75238
10.7333
8.58095
7.70476
10.5905
6.45714
10.8762
6.7619
10.819
8.53333
11.1905
8.46667
10.4667
6.19048
7.22857
10.8952
8.2381
7.84762
5.53333
5.98095
6.62857
4.78095
4.11429
13.581
9.53333
7.01905
10.8667
15.9619
9.15238
4.19048
8.35238
9.75238
10.3524
7.27619
9.6
12.5333
12.7714
4.40952
14.4667
14.5619
12.1524
11.7429
6.79048
4.32381
13.7524
9.8
11.0952
7.72381
7.31429
4.0381
6.73333
9.92381
13.7619
10.0476
10.1905
5.82857
12.8762
10.3905
5.8381
10.9238
11.3524
11.4381
5.6381
12.3048
8.94286
10.381
5.21905
6.6381
8.61905
11.7238
10.1143
13.5714
10.5333
14.3905
4.09524
4.09524
4.12381
5.59048
8.39048
11.2952
11.3429
13.6476
7.97143
11.9333
5.60952
6.49524
11.419
6.30476
9.7619
8.79048
11.0571
12.2
5.67619
4.46667
10.6571
4.53333
7.49524
9.91429
11.1524
4.45714
6.92381
5.02857
6.9619
5.84762
6.1619
12.0095
6.8381
10.6381
11.0762
13.2667
10.9048
10.8095
10.3714
11.5333
6.7619
6.85714
10.7619
5.4
5.39048
11.9333
11.819
4.46667
10.2476
12.9143
7.4381
17.7238
9.74286
9.25714
6.40952
6.89524
15.4381
7.40952
13
19.9238
6.22857
6.84762
8.11429
7.7619
9.44762
6.57143
5.18095
4.06667
9.19048
11.0952
10.3238
7.14286
8.89524
12.2571
7.68571
11.2476
9.94286
14.8476
10.1524
7.38095
10.3429
8.6
9.5619
14.3714
10.0952
11.4667
4.1619
12.0095
9.58095
4.61905
10.0952
4.21905
4.35238
7.39048
9.12381
5.65714
9.20952
14.4381
9.79048
9.41905
5.08571
5.57143
9.88571
10.6857
5.61905
5.42857
6.12381
5.41905
6.89524
10.7524
6.45714
12.7524
7.05714
6.69524
4.5619
4.66667
14.981
5.94286
15.619
4.31429
5.04762
6.86667
13.0381
12.619
11.0381
10.8
12.2667
8.47619
5.31429
9.24762
5.79048
5.15238
7.15238
4.51429
10.2857
4.24762
11.1238
5.78095
7.78095
8.65714
8.78095
11.2381
11.3524
8.54286
15.0667
11.1524
9.55238
8.65714
4.35238
12.8857
11.0476
10.0286
6.68571
10.3714
7.74286
9.78095
4.41905
8.04762
5.9619
7.85714
8.81905
4.24762
9.17143
4.15238
6.6381
12.181
15.6571
9.91429
9.11429
7.93333
6.14286
4.87619
4.33333
7.48571
8.69524
10.0762
11.8476
4.46667
5.85714
6.1619
11.7714
14.981
11.7524
9.30476
7.53333
4.4381
11.0667
9.22857
5.65714
10.2857
11.2571
9.95238
14.2095
7.06667
5.67619
12.4095
6.22857
7.86667
9.33333
7.15238
10.1238
9.35238
9.46667
8.15238
4.40952
5.73333
4.61905
9.18095
6.01905
6.8
7.35238
4.28571
11.9143
6.8
10.3143
10.4571
10.3714
4.41905
9.33333
11.7048
8.7619
7.75238
4.38095
6.94286
11.7524
7.6
12.7143
7.8381
4.6381
5.26667
10.3714
5.54286
5.61905
7.07619
9.8
6.10476
6.34286
9.08571
13.1333
4.61905
10.0571
9.3619
4.88571
9.32381
7.09524
12.819
8.17143
6.32381
8.05714
10.4762
9.35238
7.62857
4.2381
4.13333
5.52381
9.09524
4.17143
5.35238
4.08571
9.99048
7.72381
9.1619
13.3524
9.46667
7.58095
5.08571
4.11429
9.4381
5.87619
13.6476
6.26667
12.7714
7.21905
10.2381
8.24762
4.10476
10.781
5.05714
4.2381
6.88571
6.77143
14.3238
13.4
8.30476
10.7429
11.2286
7.89524
7.67619
7.21905
8.86667
8.12381
12.3714
7.06667
13.6381
6.9619
7.10476
5.59048
9.06667
5.12381
5.67619
7.6
12.6952
7.5619
10.7524
8.32381
4.38095
6.15238
6.13333
6.29524
8.97143
9.98095
5.6381
12.3905
8.86667
8.66667
4.26667
6.75238
4.59048
6.93333
7.33333
6.82857
9.28571
5.81905
10.419
5.89524
14.0857
7.47619
18.981
5.39048
11.8762
7.60952
8.52381
7.01905
10.3714
10.4571
9.87619
9.09524
7.51429
9.54286
12.7905
9.57143
14.5619
6.61905
12.7238
14.9429
6.29524
6.64762
6.0381
6.31429
7.97143
6.55238
8.34286
8.15238
6.65714
6.81905
13.2762
5.17143
4.73333
9.4381
8.44762
8.78095
7.21905
5.14286
5.39048
11.9619
9.5619
7.85714
9.09524
7.28571
8.46667
10.8952
4.48571
10.781
5.34286
5.45714
10.1238
8.62857
11.1429
8.49524
7.29524
4.25714
7.44762
7.25714
9.47619
9.81905
5.09524
7.52381
11.5905
4.19048
5.88571
8.15238
5.53333
7.40952
13.019
4.30476
4.5619
8.24762
7.90476
5.66667
12.0857
8.35238
5.34286
9.38095
4.2
6.11429
10.3048
9.44762
4.42857
8.42857
5.14286
7.91429
10.2
7.33333
7.09524
5.9619
5.4
4.2
13.2762
9.4381
4.46667
9.85714
6.54286
5.75238
10.1333
8.18095
7.97143
10.7619
11.1048
7.67619
10.6095
4.48571
7.92381
8.39048
15.8952
9.01905
10.8
13.2095
12.0952
4.2381
9.51429
9.27619
8.74286
8.44762
8.2
7.62857
8.59048
7
6.53333
6.20952
10.7143
5.3619
9.17143
4.57143
7.09524
6.49524
5.6381
10.2
8.07619
17.5333
5.52381
4.38095
13.6857
10.4
6.77143
12.6
6.4
8.27619
18.7714
19.2857
5.3619
7.6381
7.85714
12.7238
9.42857
6.7619
9.87619
4.45714
7.79048
8.89524
6.0381
8.24762
10.9429
10.9238
10.8762
5.01905
4.34286
8.40952
11.9619
11.7238
9.73333
11.3714
8.34286
4.94286
12.7048
8.00952
12.3619
9.79048
11.2476
10.4762
11.3238
6.66667
9.47619
9.58095
7.64762
13.1524
8.95238
7.82857
12.9905
15.2095
8.89524
4.58095
7.55238
7.78095
9.46667
9.12381
12.6952
10.9333
5.2381
9.00952
5.89524
11.4952
10.3333
13.3524
7.69524
7.58095
4.26667
4.22857
7.18095
11.3143
4.67619
9.2
10.5714
16.9619
8.81905
10.3524
7.58095
12.8095
5.42857
7.31429
5.2381
13.0762
14.9048
6.65714
6.97143
6.25714
11.6
7.75238
7.40952
8.12381
4.22857
6.08571
7.28571
4.52381
5.32381
6.75238
6.55238
10.2667
10.6857
11.3238
8.33333
4.29524
5.9619
6.69524
10.7143
7.27619
17.5429
6.26667
4.45714
11.1619
8.05714
8.88571
8.35238
9.80952
8.34286
6.82857
10.8667
9.3619
16.1048
4.25714
10.4381
7.48571
4.68571
10.8571
9.34286
14.181
7.52381
6.84762
9.29524
11.0095
8.46667
10.781
4.4
10.8095
6.07619
13.3143
8.65714
9.32381
10.981
11.9333
12.5238
8.80952
6.06667
7.87619
13.5333
8.44762
10.4286
7.12381
4.21905
6.91429
5.98095
10.9238
12.4857
9.48571
8.54286
12.181
9.05714
8.95238
4.42857
6.2381
7.64762
7
7.06667
4.19048
4.32381
4.24762
4.7619
5.34286
6.64762
4.20952
7.86667
7.20952
12.2667
8.12381
13.2286
4.53333
10.0857
7.85714
9.11429
10.0095
13.6667
5.27619
5.22857
4.25714
10.381
10.6381
7.99048
4.22857
11.619
11.8
8.34286
9.66667
10.3619
8.81905
6.8
14.3619
8.18095
4.18095
4.57143
8.65714
10.7048
10.8286
9.99048
8.78095
11.1143
8.85714
13.7714
5.55238
4.32381
9.34286
8.54286
6.8
5.60952
4.21905
10.6952
9.8381
7.25714
6.53333
8.74286
7.51429
7.59048
6.94286
4.08571
7.38095
7.60952
4.92381
11.8
10.0762
9.6381
7.75238
4.21905
5
5.33333
15.8381
9.71429
4.38095
4.3619
9.26667
6.48571
7.2381
6.04762
10.9143
11.4
11.1238
13.1714
8.27619
4.2
10.0095
4.14286
6.97143
11.8
7.65714
8.90476
11.6
8.72381
4.22857
5.01905
5.11429
12.2381
5.12381
4.88571
6.66667
4.21905
4.12381
4.78095
16.619
9.01905
8.91429
5.09524
7.57143
7.61905
4.66667
6.02857
6.27619
8.31429
6.27619
4.28571
7.37143
6.32381
13.819
9.65714
7.46667
15.2857
4.37143
11.2286
12.8286
10
9.75238
10.0667
4.94286
9.69524
10.8762
9.54286
4.48571
5.2
8.06667
11.581
4.33333
4.52381
7.80952
12.7238
4.14286
13.1048
12.6571
4.17143
5.72381
14.4667
7.92381
7.85714
5.28571
10.3524
4.98095
5.52381
8.33333
4.49524
7.68571
11.5905
8.19048
9.86667
4.15238
9.7619
7.85714
8.19048
7.58095
4.35238
7.75238
7.71429
4.69524
9.30476
12.581
5.71429
9.88571
11.4
8.13333
7.09524
4.51429
4.22857
4.58095
6.90476
7.65714
5.3619
5.4
8.7619
6.97143
4.80952
11.419
5.57143
5.7619
8.91429
5.04762
9.25714
5.24762
8.44762
4.29524
8.08571
5.8
7.20952
24.819
10.7619
11.0381
11.0095
6.51429
9.21905
6.72381
11.9429
11.1143
9.21905
9.65714
12.419
10.7238
9.4381
9.26667
7.2381
6.38095
5.93333
4.17143
8.29524
15.5619
7.70476
11.4381
11.9619
5.49524
9.22857
4.7619
9.2381
4.58095
6.26667
9.00952
8.5619
4.12381
6.60952
9.20952
4.89524
9.69524
7.99048
11.4
9.74286
5.57143
8.13333
5.93333
7.24762
12.6476
13.8476
8.02857
8.66667
5.21905
6.13333
12.219
5.89524
6.12381
7.60952
8.51429
4.1619
11.0381
6.22857
7.20952
8.35238
4.81905
10.1429
8.80952
10.7238
12.5333
11.1714
9.0381
8.78095
9.92381
7.47619
6.78095
12.2095
7.4
6.79048
6.06667
9.1619
7.8381
4.50476
8.91429
8.72381
12.2286
7.57143
5.70476
11.7143
9.32381
15.1238
13.5429
7.93333
12.6
7.84762
6.84762
4.11429
10.9714
9.59048
11.1619
9.57143
5.11429
8.62857
7.30476
12.6
5.7619
11.0857
5.07619
4.35238
6.34286
8.44762
11.5905
4.27619
8.73333
5.98095
11.4095
5.62857
9.10476
9.45714
7.90476
6.69524
6.48571
8.02857
12.1143
16.8571
11.2476
5.91429
8.81905
4.46667
4.35238
4.6381
10.0381
5.06667
4.58095
11.4667
9.72381
8.20952
8.8
5.89524
6.4381
6.73333
4.19048
9.79048
4.38095
7.64762
13.181
9.01905
14.9429
9.44762
7.00952
6.69524
6.44762
4.49524
4.28571
6.8
4.2381
9.89524
11.2
11.4952
7.4
8.50476
4.15238
6.26667
7.19048
10.8
9.91429
8.81905
9.79048
6.65714
9.17143
6.97143
9.99048
11.1238
12.5143
6.00952
11.4762
5.7619
4.40952
10.7524
7.9619
7.18095
10.619
5.70476
6.9619
7.54286
10.1238
10.781
4.22857
11.1714
15.8476
7.59048
8.22857
17.419
8.19048
7.72381
6.53333
7.21905
7.14286
10.7619
6.48571
9.17143
10.9429
10.6762
4.11429
6.3619
5.45714
10
5.41905
8.38095
4.25714
10.1714
5.75238
14.819
7.84762
8.48571
8.87619
4.31429
5.52381
7.48571
5.92381
6.33333
9.5619
5.75238
4.13333
9.00952
7.11429
7.66667
9.18095
7.8381
5.69524
12.019
7.19048
6
9.39048
4.3619
9.6
7.52381
7.14286
7.06667
11.1048
8.88571
8.12381
7.55238
4.66667
9.45714
8.2
5.68571
6.5619
6.47619
7.55238
8.72381
11.5714
9.04762
5.4381
11.6952
15.3905
6.72381
4.39048
12.2381
4.07619
11.2286
15.8381
9.89524
10.6952
10.5524
7.21905
7.11429
6.64762
4.3619
10.8667
10.0952
10.1143
6.30476
9.44762
7.2
10.2095
5.44762
9.04762
11.1333
4.50476
10.181
8.12381
7.46667
9.62857
5.24762
7.25714
8.99048
6.81905
5.18095
11.7619
5.8381
5.01905
7.72381
4.22857
13.7905
7.01905
11.5619
10.581
4.86667
8.82857
8.19048
4.45714
12.8667
5.89524
11.4095
8.2381
13.9238
4.49524
7.09524
7.7619
7.08571
6.82857
10.381
13.1714
9.65714
4.4381
9.29524
6.0381
13.9619
13.8
6.92381
13.3238
8.35238
6.77143
8.26667
8.85714
5.71429
9.34286
6.3619
7.4
5.8381
8.92381
5.8
4.11429
11.2476
13.4095
9.09524
6.39048
7.48571
12.019
8.72381
14.4381
14.8571
6.98095
8.46667
6.70476
10.3524
8.26667
9.02857
4.81905
4.34286
4.3619
15.0667
4.59048
8.61905
8.07619
5.1619
7.68571
8.1619
10.0857
9.93333
6.87619
4.29524
11.8286
4.49524
4.41905
8.6381
12.9429
7.47619
7.20952
11.9333
11.6762
14.4095
9.61905
10.6857
9.06667
12.2286
11.8952
4.35238
10.1238
8.86667
5.9619
4.14286
5.77143
5.67619
7.53333
6.12381
5.9619
4.14286
13.2381
8.47619
9.2
10.5048
8.8381
6.46667
4.14286
13.419
12.5048
7.10476
5.32381
11.0286
8.02857
9.0381
8.25714
12.5524
7.02857
8.7619
8
4.69524
4.18095
10.7429
8.87619
8.9619
6.54286
4.26667
4.1619
16.3905
8.59048
6.17143
8.20952
13.819
6.58095
6.47619
8.7619
4.06667
4.52381
12.3619
4.18095
4.66667
4.34286
8.59048
4.72381
8.47619
4.34286
9.9619
10.5429
5.99048
4.42857
10.8476
11.4857
8.17143
4.06667
8.79048
8.22857
7.79048
9.73333
9.95238
7.1619
4.6
11.1143
10.4857
8.2
7.94286
7.3619
4.27619
5.8
4.3619
5.34286
5.22857
8.31429
9.10476
5.12381
8.53333
10.419
8.93333
4.90476
16.3524
9.6
6.81905
10.1524
8.1619
10.9238
7.33333
4.24762
8.10476
9.32381
9.10476
13.4952
4.50476
9.64762
10.9619
4.5619
6.57143
13.6476
13.4476
4.42857
6.28571
9.91429
9.81905
6.81905
8.97143
9.48571
13.4286
10.7048
11.5524
7.2
15.1905
8.05714
6.37143
4.32381
6.31429
11.7619
6.35238
5.62857
15.7143
7.44762
10.9143
7.70476
4.21905
14.4762
7.3619
11.1048
16.2095
6.17143
5.25714
4.32381
9.77143
9.3619
6.66667
13.5238
4.19048
9.53333
9.85714
8.94286
10.181
12.819
9.55238
8.7619
10.5619
7.78095
13.2952
6.19048
14.6
7.2
7
6.06667
8.24762
9.7619
5.28571
7.64762
7.34286
6.4381
4.85714
14.6667
4.2
4.22857
6.4
7.64762
9.41905
13.0857
9.73333
8.29524
11.1619
9.02857
5.61905
4.13333
10.781
6.13333
5.38095
11.6286
4.47619
6.40952
13.4952
9.37143
8.70476
8.30476
7.25714
6.4
4.24762
6.99048
5.82857
4.15238
10.8
11.6571
6.33333
7.0381
16.8286
10.9429
12.4857
8.24762
5.34286
7.00952
7.89524
7.44762
9.82857
9.02857
9.50476
11.3429
6.6381
5.38095
11.2
9.92381
6.6
6.39048
6.6
6.08571
8.06667
6.49524
8.17143
9.02857
10.0762
10.0571
6.24762
13.2952
4.27619
5.45714
9.25714
4.37143
9.65714
4.3619
12.8095
9.48571
7.33333
10.219
5.59048
10.9905
8.02857
4.39048
5.69524
9.02857
6.69524
9.02857
11.7714
6.54286
6.34286
7.90476
6.73333
4.89524
4.79048
10.5524
6.62857
4.65714
5.53333
10.0952
9.50476
5.62857
16.3143
10.1619
7.58095
11.7905
4.46667
7.46667
4.64762
12.1714
11.3619
12.1714
12.5238
9.86667
5.88571
5.37143
9.34286
11.0667
7.33333
9.81905
11.019
8.98095
7.05714
11.8
9.55238
6.64762
12.0667
8.14286
5.8381
12.381
9.40952
6.70476
14.8381
5.22857
6.42857
9.95238
8.10476
7.94286
4.45714
13.1333
7.09524
10.2381
13.0857
12.3238
10.5143
5.59048
6.81905
5.48571
6.3619
4.6381
14.5238
7.90476
4.22857
5.34286
7.12381
5.7619
6.88571
5.11429
5.90476
8.84762
8.04762
4.95238
4.46667
7.42857
4.6381
7.7619
5.44762
13.2952
7.0381
8.5619
8.62857
5.88571
7.41905
12.781
5.46667
8.04762
7.26667
7.12381
6.70476
12.7238
9.02857
4.72381
15.6667
9.38095
4.69524
5.00952
7.19048
10.8571
6.93333
6.32381
5.0381
14.5333
6.6381
4.46667
6.89524
14.1619
14.3048
6.3619
8.87619
7.67619
15.1714
9.42857
9.13333
4.26667
9.58095
8.5619
11.8476
6.54286
5.70476
10.3619
7.78095
14.9238
5.28571
5.8381
16.5714
6.98095
17.9048
7.69524
7.80952
9.66667
7.21905
5.37143
11.9619
9.87619
5.41905
13.2
4.42857
7.02857
10.4381
6.26667
4.4381
9.77143
9.50476
8.46667
8.47619
6.91429
14.6667
12.3524
5.19048
7.1619
4.08571
4.20952
4.17143
9.02857
14.4381
7.85714
8.31429
9.49524
8.73333
6.0381
12.1143
5.18095
8.06667
10.5714
4.34286
8.98095
5.79048
8.32381
4.0381
8.98095
10.8762
11.219
7.71429
4.32381
4.91429
9.60952
8.2
10.9238
10.6571
8.50476
13.3143
8.61905
5.35238
8.57143
7.6
11.2952
9.8
10.9143
6.80952
8.05714
10.3714
4.39048
12.4095
9.99048
11.981
9.4
12.1524
6.35238
13.0667
11.1714
8.58095
8.58095
5.12381
4.4381
29.9429
6.81905
5.72381
11.8381
6.66667
7.2
10.0095
14.6
5.54286
11.7333
9.15238
4.51429
4.2381
11.5333
4.10476
4.26667
8.72381
11.0476
4.17143
7.40952
10.781
9.3619
15.4762
11.7524
8.80952
4.13333
7.74286
5.44762
10.819
5.8
14.6571
8.0381
4.06667
6.4381
5.55238
5.94286
4.26667
4.04762
5.32381
7.20952
12.6762
10.8762
4.68571
9.28571
10.381
7.35238
6.94286
10.219
4.37143
8.84762
4.18095
11.1143
12.5238
11.819
7.09524
7.42857
12.5238
10.5714
10.781
5.28571
8.6
8.67619
8.6381
4.34286
4.59048
6.26667
7.38095
9.55238
12.3333
12.3429
10.7619
8.7619
8.81905
4.21905
8.4
10.2857
7.26667
7.48571
11.0857
6.84762
9.40952
4.53333
4.05714
8.44762
9.00952
10.6286
4.30476
9.12381
12.4
11.5238
7.66667
14.8
11.0571
4.44762
7.10476
17.9714
16.9429
8.02857
9.53333
11.6381
7.2
7.54286
8.90476
7.82857
13.4286
8.11429
8.77143
8.11429
7.82857
13.5524
4.2
6.44762
5.65714
9.33333
8.77143
8.02857
8.32381
6.86667
6.26667
8.94286
7.94286
7.41905
4.35238
5.5619
6.95238
7.02857
8.11429
4.42857
7.93333
8.9619
8.50476
6.73333
10.0952
8.4
4.84762
7.8
7.54286
4.40952
7.49524
12.5905
8.40952
6.39048
6.28571
5.80952
8.20952
6.34286
6.70476
10.0476
8.8381
6.81905
11.0571
9.01905
7.05714
8.79048
7.38095
4.28571
8.79048
5.55238
16.2571
6.55238
7.27619
5.5619
4.40952
9.75238
4.09524
11.3429
10.9714
7.17143
8.27619
4.51429
9.31429
5.25714
8.39048
4.86667
9.74286
6.32381
4.24762
9.37143
10.6
8.6
7.7619
5.84762
4.28571
4.82857
7.31429
6.71429
7.15238
7.31429
5.52381
10.8571
8.62857
12.7143
10.5619
12.6571
10.9619
9.93333
7.88571
17.381
6.52381
7.70476
11.4476
9.1619
7.84762
6.57143
4.78095
4.20952
10.9429
4.71429
8.08571
4.5619
6.24762
10.7714
8.13333
10.2762
8.34286
4.38095
6.84762
8.34286
4.52381
5.42857
6.65714
7.39048
8.04762
6.79048
4.15238
8.22857
7.94286
4.72381
5.78095
6.17143
8.47619
13.9143
6.98095
14.2762
10.7333
7.62857
4.22857
7.79048
6.08571
4.2
9.42857
4.26667
7.06667
12.981
9.68571
12.2952
7.55238
5
14.5238
4.22857
12.1524
11.9048
7.97143
6.86667
10.5048
11
8.78095
4.45714
5.15238
10.5143
4.47619
11.3429
4.32381
8.29524
8.46667
10.2
11.0667
13.8286
12.6
4.13333
6.22857
5.90476
10.7905
4.11429
4.7619
10.3238
10.2
4.71429
5.71429
4.09524
5.35238
11.2286
14.3429
5.18095
10.181
4.40952
9.75238
11.6571
4.72381
4.42857
8.22857
9.08571
6.95238
13.619
11.9238
4.24762
11.4
15.0571
4.07619
8.88571
6.70476
6.52381
9.08571
4.31429
15.6095
6.92381
12.0095
10.9429
4.12381
4.22857
16.0857
7.85714
6.99048
16.8571
9.10476
4.28571
8.99048
5.60952
4.67619
10.619
4.75238
7.47619
6.87619
8.59048
6.6381
5.50476
8.28571
9.68571
9.6381
9.44762
13.0286
8.6
7.57143
17.819
7.66667
10.1143
8.9619
6.04762
4.64762
4.41905
5.48571
8.47619
4.28571
11.2857
10.3524
7.05714
5.9619
4.14286
5.62857
7.18095
9.65714
9.60952
4.42857
5.81905
10.2476
11.5714
8.60952
8.32381
7.91429
13.8667
5.62857
7.25714
7.9619
9.99048
11.3714
11.1333
5.90476
9.07619
6.48571
9.57143
4.75238
4.20952
8.27619
7.8
10.181
6.7619
12.6095
7.87619
6.4381
7.92381
8.52381
4.38095
8.32381
13.9333
11.5524
8.33333
6.98095
11.3905
9.15238
8.30476
6.55238
4.25714
9.46667
5.34286
6.50476
8.35238
9.67619
8.6
5.29524
6.98095
9.15238
11.4857
7.49524
9.39048
6.75238
5.59048
8.29524
5.5619
6.81905
4.13333
13.9238
4.1619
11.3143
11.1524
5.2381
5.08571
4.93333
12.5333
8.7619
13.6286
4.13333
6.80952
4.45714
9
9.90476
8.53333
4.12381
10.2952
7.88571
10.0762
11.0952
9.1619
11.0286
8.45714
6.20952
7.65714
15.1238
4.39048
11.7524
11.8381
5.50476
14.5143
8.71429
5.84762
4.30476
12.5429
6.30476
7.64762
4.26667
10.381
5.68571
5.94286
4.09524
12.3333
13.7333
13.5048
5.77143
4.30476
11.4952
20.9429
7.33333
9.89524
7.81905
13.4381
7.4
6.48571
6.57143
10.8381
4.27619
4.34286
9.84762
8.72381
11.3524
9.74286
14.1524
4.20952
6.34286
14.9619
4.67619
10.9048
6.06667
9.62857
6.4381
13.7333
9.51429
11.1333
4.48571
5.80952
11.2857
6.40952
5.95238
9.73333
10.6095
7.24762
8.78095
14.3238
16.8667
5.77143
9
7.95238
4.22857
9.81905
8.3619
12.3238
5.70476
6.5619
8.21905
9.13333
8.77143
5.30476
4.33333
6.38095
6.66667
7.95238
5.25714
8.54286
6.50476
9.69524
5.73333
8.60952
5.8381
8.34286
10.3429
9.97143
8.8
4.42857
14.9619
5.53333
7.68571
6.2381
5.79048
7.1619
7.4381
8.39048
7.4381
6.80952
14.0952
6.3619
4.8381
8.55238
5.54286
4.42857
4.49524
7.67619
6.34286
8.33333
4.33333
11.9905
6.08571
7.26667
4.37143
9.55238
7.97143
11.8
9.1619
5.59048
10.3905
7.15238
4.31429
6.21905
7.64762
7.6
11.3048
4.15238
4.19048
4.12381
9.24762
6.07619
6.79048
10.0952
7.6381
7.28571
7.54286
7.10476
7.49524
13.2762
7.45714
4.15238
4.17143
5.55238
4.35238
7.69524
7.88571
6.19048
10.5143
13.0952
8.88571
8.74286
12.6762
5.58095
10.2952
7.29524
8.7619
6.0381
8.72381
4.59048
11.6476
4.6381
6.27619
8.45714
9.68571
4.19048
4.58095
9.07619
7.4
7.39048
5.26667
16.0476
15.4381
10.8286
4.37143
6.26667
10.6381
4.28571
6.27619
6.26667
9.37143
10.7429
4.98095
4.21905
5.91429
7.70476
7.93333
15.4381
8.78095
5.99048
10.4857
7.38095
10.4
6.28571
6.55238
7.58095
6.68571
5.44762
5.58095
9.37143
4.11429
6.15238
10.0667
8.86667
8.30476
11.1619
8.11429
9.44762
9.32381
8.02857
9.13333
4.49524
4.30476
8.48571
12.3905
4.92381
8.58095
12.3714
10
7.57143
4.27619
7.38095
9.07619
8.46667
11.7905
4.21905
8.4
12.1619
5.2
6.05714
4.17143
9.32381
8.08571
5.33333
8.58095
8.9619
7.39048
4.64762
11.1714
14.6762
8.6381
11.3333
10.7048
4.29524
47.5143
5.47619
9
7.2
9.78095
10.8381
5.4381
5.6
6.84762
4.2
9.2381
4.1619
12.2
5.21905
10.8
14.8952
4.40952
12.0667
5.17143
9.30476
6.81905
5.66667
6.46667
8.67619
10.0571
4.40952
9.34286
15.4381
11.1333
10.6095
10.9905
16.2095
11.4
10.3333
10.1429
7.5619
13.6095
10.0286
7.71429
8.4
10.7333
12.2667
7.50476
11.019
4.47619
8.54286
8.67619
10.8667
4.40952
7.44762
5.14286
10.6381
8.30476
5.07619
12.8286
7.00952
9.37143
9.98095
11.0762
7.61905
6.27619
7.04762
5.82857
4.24762
7.19048
10.8095
4.14286
5.97143
11.2286
8.93333
6.93333
4.28571
5.78095
4.11429
6.89524
9.00952
10.1524
8.35238
5.47619
12.2571
10.1905
8.2
4.3619
4.5619
4.26667
8.00952
12.3429
7.3619
12.9143
13.819
8.07619
6.50476
6.15238
6.98095
10.9143
13.1714
8.34286
6.4381
5.11429
10
5.59048
5.32381
10.981
8.47619
6.53333
4.2381
9.44762
10.5333
6.5619
7.0381
7.53333
8.09524
4.41905
7.8
7.89524
5.02857
7.47619
6.47619
9.90476
4.73333
9.81905
4.4
10.6286
8.99048
11.4381
10.2
9.31429
8.79048
7.71429
13.3143
12.819
5.89524
8.84762
4.09524
11.8286
10.1524
7.58095
8.86667
9.95238
9.30476
6
12.4952
10.8667
6.54286
8.51429
10.781
8.73333
6.38095
4.33333
6.79048
4.27619
12.9048
4.59048
8.06667
10.4095
5.81905
5.41905
10.2857
4.3619
9.81905
10
4.91429
10.6095
6.45714
6.30476
5.78095
9.51429
5.45714
7.73333
8.98095
10.6095
7.57143
11.1238
13.7333
9.75238
4.51429
4.70476
10.7429
8.92381
6.47619
4.48571
5.98095
6.51429
9.75238
9.2381
8.20952
11.8
4.79048
12.0476
4.74286
5.04762
8.19048
5.20952
5.57143
4.68571
16.2571
6.46667
4.52381
9.68571
7.75238
10.6476
5.30476
9.35238
8.98095
6.64762
7.05714
9.31429
7.75238
9.84762
4.18095
10.1143
4.41905
14.4095
4.38095
11.819
7.6
14.3714
6.51429
11.9333
10.8095
6.46667
7.14286
5.78095
8.55238
12.2857
4.53333
4.54286
6.04762
7.81905
11.3905
8.29524
6.85714
9.2381
4.06667
8.74286
9.72381
6.90476
9.87619
6.41905
9.32381
7.59048
6.84762
6.95238
10.981
5.58095
9.5619
4.49524
4.20952
6.4381
4.3619
14.7619
5.30476
7.26667
13.2476
4.31429
7.6
5.29524
4.47619
4.42857
8.21905
5.55238
8.2
4.18095
10.7143
6.18095
13.2476
12.7524
9.37143
10.4571
6.49524
8
10.5333
12.1524
11.9143
4.33333
9.28571
5.40952
11.2286
11.5238
7.27619
6.84762
5.24762
11.6095
11.8762
8.91429
5.35238
7.69524
10.1619
6.40952
7.54286
13.0762
7.37143
8.54286
10.0381
5.62857
9.28571
7.6
7.13333
10.2857
9.1619
9.82857
7.98095
9.73333
13.3238
6.93333
7.08571
4.21905
7.11429
4.71429
8.8381
15.4381
6.28571
4.4381
6.37143
10.9429
7.55238
10.4476
8.5619
8.93333
4.48571
11.5429
13.981
13.2095
14.4095
10.0095
7.70476
8.55238
7.99048
10.0762
6.18095
9.00952
7.32381
10.0857
14.9619
7.41905
6.97143
4.07619
9.60952
7.08571
4.44762
7.27619
8.58095
13.619
7.15238
6.69524
8.45714
14.8286
4.30476
8.1619
8.45714
6.26667
8.0381
8.51429
10.6857
16.2095
10.6762
7.08571
7.40952
6.54286
9.38095
8.66667
4.34286
6.38095
6.41905
8.74286
4.42857
10.2476
10.8381
8.64762
9.98095
10.2762
4.09524
10.4857
7.79048
8.33333
8.77143
9.95238
11.1714
8.05714
5.29524
9.58095
8.2381
5.51429
12.2762
5.7619
16.0381
5.37143
9.98095
7.46667
5.66667
6.68571
6.59048
5.57143
8.48571
4.40952
5.6381
4.19048
9.73333
5.65714
9.69524
8.99048
7.85714
6.6381
4.50476
5.18095
15.9238
7.82857
4.67619
5.49524
8.82857
5.2
13.8476
6.70476
4.09524
6.81905
10.181
7.87619
9.17143
17.3238
8.1619
13.0857
6.92381
6.55238
10.6476
6.84762
6.6381
11.1714
10.1619
6.98095
9.8
5.33333
9.07619
14.4095
10.8
7.05714
5.00952
7.47619
5.50476
5.62857
7.9619
4.32381
8.07619
15.1048
8.64762
6.7619
10.7238
6.13333
4.40952
11.5429
10.3429
7.11429
6.64762
9.93333
4.04762
9.38095
4.48571
7.38095
12.4667
9.44762
9.49524
4.2381
7.30476
4.75238
4.37143
4.32381
10.8667
7.17143
7.60952
4.87619
9.2
4.21905
7.54286
7.69524
4.08571
8.02857
10.2571
7.60952
8.10476
4.33333
5.58095
7.38095
4.42857
8.28571
7.58095
9.95238
6.19048
7.3619
8.4
8.14286
12.2857
11.2571
20.1905
11.7238
8.91429
9.06667
12.5619
9.01905
9.4
8.25714
17.6571
7.44762
5.85714
7.98095
6.86667
9.74286
6.24762
6.27619
5.05714
9.60952
8.90476
4.28571
7.01905
9.85714
8.89524
11.9048
9.61905
13.8095
7.97143
13.619
4.24762
7.5619
4.6381
7.8
8.3619
14.5619
11.0381
14.5524
9.88571
10.6667
4.97143
4.53333
5.32381
8.25714
6.50476
8.97143
6.34286
11.5333
9.60952
8.4381
10.9238
6.2381
12.3714
9.58095
11.819
10.5238
8.04762
8.98095
9.77143
13.7333
7.47619
9.57143
5.30476
8.35238
4.4381
9.05714
16.3429
6.8
7.50476
7.18095
4.6
8.8381
6.0381
5.55238
6.00952
6.47619
13.0952
7.30476
8.7619
7.4
6.20952
11.7905
4.5619
4.37143
8.11429
6.25714
6.55238
7.68571
9.52381
16.1429
8.52381
8.25714
9.87619
6.85714
4.11429
4.2381
11.819
8.70476
7.37143
4.4381
5.74286
10.0095
11.3143
4.75238
5.38095
9.06667
10.5619
6.32381
8.39048
8.30476
9.20952
4.61905
4.40952
7.59048
8.54286
4.54286
4.4381
4.18095
6.19048
5.00952
7.59048
11.1333
4.91429
16.9048
8.49524
9.26667
4.53333
6.49524
7.57143
10.2476
11.1048
7.10476
10.2381
6.40952
10.1143
9.94286
6.48571
5.46667
8.44762
4.30476
7.44762
10.2476
5.8
13.019
13.4857
10.9238
8.90476
8.07619
4.27619
6.93333
4.4381
7.10476
4.28571
14.4476
7.98095
4.30476
4.35238
7.21905
9.34286
6.77143
8.44762
4.05714
11.1524
10
9.39048
9.13333
7.92381
5.4381
8.57143
10.219
11.6857
4.37143
18.8476
5.41905
7.49524
8.98095
5.85714
7.18095
7.35238
5.28571
13.181
6.58095
5.79048
7.50476
4.30476
7.66667
8.8
10.9905
7.26667
7.97143
10.2095
9.3619
13.0476
8.2381
4.46667
8.1619
4.55238
4.46667
7.81905
9.94286
11.2571
6.01905
9.11429
4.78095
6.93333
12.4667
11.419
4.25714
10.0571
10.8476
11.3905
8.27619
6.2381
9.09524
8.98095
5.40952
13.2762
5.55238
7.18095
6.7619
6.25714
12.181
4.8381
8.67619
10.5048
4.47619
11
6.80952
8.72381
11.6476
7.17143
4.38095
5.78095
6.2
7.72381
5.3619
7.80952
6.90476
7.35238
4.7619
5.40952
7.95238
10.4667
7.06667
14.4286
5.52381
4.05714
11.3619
4.46667
5.71429
8.0381
7.08571
11.4571
4.15238
11.6381
5.53333
5.84762
14.781
13.1238
5
4.41905
9.54286
7.01905
7.39048
9.85714
4.39048
6.6381
4.4381
8.62857
7.18095
10.9714
6.60952
12.619
4.21905
6.97143
7.30476
20.8286
10.9143
7.4
6.15238
4.2381
7.14286
4.46667
13.1048
8.49524
12.2286
7.12381
7.69524
11.4857
9.70476
7.22857
7.84762
12.4762
8.59048
4.82857
8.3619
8.29524
15.0667
7.09524
8.40952
6.52381
11.3524
13.2
11.581
13.381
5.34286
9.15238
12.0381
7.90476
7.62857
4.69524
7.28571
4.41905
5.68571
4.12381
11.6095
4.25714
12.2952
14.2857
6.09524
13.9714
5.6
7.35238
4.28571
5.48571
10.6762
4.69524
5.90476
10.019
16.5238
7.14286
12.2952
10.0381
12.8
9.7619
11.6667
4.46667
6.37143
10.3714
13.2476
9.08571
4.55238
6.57143
4.22857
6.01905
5.20952
4.2381
7.68571
6.11429
11.6952
4.53333
11.7048
8.60952
11.0571
8.09524
10.7905
11.981
6.50476
6.13333
9.51429
7.25714
10.219
4.34286
4.12381
7.02857
4.40952
7.78095
7.9619
11.219
9.39048
8.92381
14.7333
6.8381
10.2476
9.44762
8.73333
11.4286
9.11429
10.3905
16.9333
9.77143
5.55238
5.45714
7.30476
10.9238
8.28571
12.0095
8.10476
4.27619
9.74286
15.2
11.3143
5.67619
10.6286
10.1143
9.3619
8.07619
7.86667
13.1905
4.32381
10.5524
4.44762
10
8.93333
6.58095
6.49524
10.2667
6.99048
12.6762
13.2476
4.29524
8.8381
11.4286
10.2952
13.5619
9.32381
7.55238
4.77143
4.33333
10.3333
12.4857
4.19048
11.0571
19.5143
13.6
14.0476
10.2095
6.75238
10.3048
8.73333
4.39048
6.10476
5.20952
6.91429
4.65714
4.10476
4.2381
8.74286
9.09524
14.4571
10.4667
4.20952
5.73333
8.28571
10.4286
4.27619
4.4
9.47619
9.8
13.6286
8.22857
8.78095
9.08571
7.89524
9.28571
9.2381
9.44762
14.3619
9.10476
14.181
7.24762
7.05714
4.47619
5.48571
8.44762
13.4857
7.27619
11.4952
8.92381
6.92381
8.51429
10.4
5.26667
4.19048
5.62857
5.88571
4.15238
8.46667
4.37143
4.6
5.94286
13.3619
13.2952
5.98095
7.60952
4.51429
4.19048
7.4
6.54286
7.18095
10.1143
4.09524
10.1619
6.05714
7.34286
7.06667
4.29524
16.5429
7.75238
11.9238
9.4381
9.13333
8.11429
6.62857
8.01905
10.2476
13.619
7.04762
9.13333
4.51429
9.60952
10.219
4.29524
12.3048
8.78095
5.42857
6.19048
4.41905
4.29524
8.85714
11.7524
7.87619
7.51429
6.86667
6.98095
14.019
11.0095
8.52381
6.72381
13.581
4.28571
7.88571
9.90476
5.66667
4.25714
5.79048
10.0476
6.78095
8.1619
6.64762
9.9619
7.94286
7.04762
5.28571
4.20952
9.88571
8.92381
9.07619
9.4
6.70476
5.82857
5.87619
10.4952
6.70476
4.69524
6.26667
10.1143
4.92381
5.65714
10.5333
4.21905
4.07619
6.58095
6.99048
10.7238
10.2952
6.18095
11.8667
5.1619
13.019
6.15238
13.2667
8.24762
4.20952
4.2381
4.59048
5.47619
5.3619
5.27619
6.55238
16.981
9.11429
8.44762
16
12.3714
6.00952
15.019
8.6381
10.3619
12.419
5.57143
10.8095
10.3524
4.49524
10.5333
7.9619
13.7143
13.5524
6.65714
7.04762
7.4381
8.48571
8.98095
5.25714
5.64762
5.32381
13.9524
7.3619
4.06667
10.0857
8.5619
4.4381
7.67619
8.17143
6.8381
13.8286
10.8286
4.58095
5.58095
6.4
8.31429
6.3619
11.7619
9.04762
12.9905
9.71429
8.6381
7.60952
4.4
8.95238
8.8
8.12381
11.0857
4.14286
6.33333
7.90476
9.2
7.62857
4.84762
11.219
7.15238
18.4762
8.58095
12.0095
7.86667
6.18095
9.62857
12.2667
4.3619
9.24762
9.75238
4.27619
6.95238
12.4286
11.1714
4.4381
4.52381
6.22857
4.19048
13.419
7.85714
8.32381
15.5905
7.85714
15.381
15.7905
9.64762
10.5048
4.64762
7
10
5.86667
7.22857
7.86667
7.49524
5.90476
4.49524
8.45714
9.60952
4.32381
5.77143
10.2476
8.26667
6.52381
11.5333
9.32381
12.019
8.94286
4.38095
9.97143
8.9619
8.51429
6.22857
7.94286
7.01905
12.7714
10.6667
11.2381
8.07619
10.6667
7.00952
7.09524
15.8952
7.54286
7.38095
5.95238
4.9619
5.4381
7.30476
4.82857
7.92381
4.04762
6.41905
6.47619
5.24762
9.07619
10.0857
8.2
7.46667
8.91429
10.019
7.40952
6.73333
4.11429
5.45714
15.1905
6.39048
4.75238
6.42857
6.05714
13.9429
4.20952
5.84762
9.08571
7.15238
10.1048
5.81905
6.72381
4.19048
7.00952
4.21905
6.02857
8.95238
7.51429
9.97143
8.33333
6.41905
6.02857
11.2857
7.08571
13.8952
5.2381
10.1524
11.0762
8.75238
8.37143
8.79048
9.22857
6.19048
9.32381
9.30476
6
8.91429
9.44762
8.40952
9.04762
7.13333
7.08571
7.06667
4.34286
6.07619
4.26667
9.41905
15.9524
4.42857
9.93333
5.6381
10.0857
8.97143
9.18095
8.55238
13.9238
6.99048
4.44762
6.70476
8.85714
10.8095
7.93333
11.4286
4.72381
9.53333
8.44762
5.08571
11.9714
9.08571
4.32381
5.48571
4.20952
9.44762
6.82857
6.54286
9.99048
12.6571
7.38095
9.29524
7.59048
6.59048
8.11429
9.0381
10.4762
4.64762
10.6762
4.18095
9.75238
5.93333
13.1905
11.6476
6.44762
8.22857
8.4381
11.7905
4.39048
4.3619
5.95238
8.15238
5.51429
8.88571
8.65714
5.59048
11.3524
6.48571
6.27619
4.20952
6.64762
5.00952
11.8286
7.93333
7.7619
11.581
7.8
6.81905
8.29524
8.20952
8.2381
10.3429
4.12381
7.05714
5.21905
7.39048
6.93333
4.33333
11.3238
5.21905
4.13333
7.79048
6.18095
4.21905
5.99048
8.64762
5.21905
10.2476
4.09524
9.09524
6.05714
9.24762
7.95238
9.69524
4.02857
9.4
8.49524
7.39048
8.58095
8.27619
4.79048
7.81905
6.71429
4.20952
9.97143
12.2
7.57143
4.25714
8.8381
7.84762
5.06667
8.62857
4.30476
4.29524
16.4476
16.4476
9.40952
9.26667
9.84762
6.65714
4.17143
6.35238
5.66667
9.28571
4.11429
13.5333
7.50476
10.0571
7.05714
4.30476
12.619
5.02857
10.9143
5.71429
8.44762
6.86667
6.02857
10.4667
7.52381
4.27619
4.11429
4.15238
8.47619
7.91429
4.50476
7.19048
6.50476
12.1143
4.52381
8.45714
6.42857
4.38095
4.7619
10.3429
15.2857
5.79048
6.66667
6.75238
10.1524
11.9143
4.27619
10.9619
8.14286
9.7619
6.2
5.21905
8.49524
10.6762
13.5905
7.53333
12.3905
6.30476
6.06667
8.6381
5.85714
9.26667
8.1619
6.19048
5.46667
11.219
8.33333
4.29524
7.45714
4.64762
8.50476
10.4381
7.51429
7.18095
16.3333
11.5905
8.79048
5.25714
6.49524
6.20952
7.14286
7.15238
11.9429
13.3048
6.05714
7.81905
11.4857
7.14286
7.8381
9.61905
5.98095
7.97143
6.19048
12.3524
4.10476
7.55238
6.54286
7.6
7.3619
8.19048
7.44762
6.40952
4.2381
5.50476
8.54286
5.71429
4.2
5.35238
4.93333
6.31429
6.20952
12.0571
8.88571
4.45714
8.7619
6.04762
9.09524
4.39048
7.80952
11.3048
8.52381
6.19048
4.47619
7.17143
7.6
5.79048
5.73333
5.58095
5.51429
7.75238
11.019
7.58095
6.05714
6.48571
5.97143
7.84762
14.3333
5.33333
5.27619
6.69524
10.7048
9.59048
7.00952
4.17143
4.49524
11.7143
6.07619
14.0095
6.47619
13.219
6.18095
6.46667
6.88571
7.9619
11.3429
8.94286
16.1714
7.21905
9.88571
6.57143
4.25714
4.08571
13.0667
9.58095
8.09524
5.52381
8.29524
7.53333
7.54286
10.4952
4.18095
7.24762
6.85714
6.18095
9.64762
7.67619
9.85714
11.4095
6.02857
6.22857
4.97143
4.44762
4.41905
5.21905
11.7048
4.2
7.98095
5.82857
5.35238
6.02857
4.62857
7.13333
16.3048
5.68571
4.30476
6.27619
7.67619
14.0857
14.0476
10.981
7.12381
11.7238
5.82857
9
4.14286
9.14286
6.38095
4.2
6.34286
10.4571
5.79048
9.50476
9.60952
7.92381
7.82857
6.37143
11.181
7.55238
7.57143
6.4381
8.18095
9.06667
6.30476
10.4762
7.70476
13.0571
6.82857
5.68571
11.9048
12.7905
8.31429
7.02857
5.87619
11.8381
6.10476
4.1619
14.219
5.8381
7.24762
4.37143
13.181
12.5048
8.65714
12.0571
6.14286
10.781
8.02857
9.78095
10.5238
11.9238
6.60952
4.2
4.9619
9.2381
10.5238
8.97143
4.51429
7.93333
8.1619
10.419
10.9048
11.4667
9.32381
14.2286
11.3905
10.0667
4.55238
6.50476
10.0095
8.4
5.20952
5.40952
5.4
6.57143
6.94286
4.13333
10.9524
4.2
8.40952
5.0381
5.52381
4.27619
6.19048
5.33333
5.7619
9.02857
13.3048
9.65714
4.44762
13.6476
9.67619
11.3905
6.5619
10.4667
5.08571
9.01905
6.48571
5.9619
8
7.53333
4.12381
5.66667
7.72381
6.31429
6.42857
8.6
6.68571
8.57143
5.20952
11.5143
7.37143
5.22857
4.4
9.04762
8.33333
11.6857
4.47619
9.78095
4.29524
11.4
6.1619
7.86667
7.37143
10
9.55238
4.24762
13.1905
5.50476
10.9429
16.4667
4.27619
4.8
10.5524
8.82857
9.66667
6.85714
5.07619
4.90476
7.87619
4.47619
9.30476
4.30476
11.4762
5.68571
10.0857
4.31429
8.85714
9.14286
11.0952
6.17143
12.2381
12.4571
6.07619
14.4952
6.44762
4.05714
4.20952
11.9619
14.181
9.24762
9.30476
7.91429
8.66667
4.12381
11.6286
6.02857
6.8
7.99048
9.73333
9.35238
8.72381
5.75238
6.41905
8.72381
6.72381
5.60952
10.981
9.89524
12.3619
13.2762
10.181
15.0286
10.0476
12.6
7.62857
6.18095
10.3238
4.44762
4.4381
4.21905
18.3429
7.90476
10.9333
6.65714
11.2952
4.73333
6.22857
5.66667
9.39048
6.38095
11.1619
12.9143
6.94286
8.66667
4.40952
4.91429
4.6381
5.82857
7.3619
6.27619
7.00952
13.0667
9.91429
12.8762
5.42857
4.15238
8.48571
4.53333
8.8
4.26667
4.24762
4.71429
10.0286
4.07619
4.22857
5.64762
5.92381
6.72381
9.27619
6.75238
7.54286
9.35238
10.7429
11.5238
12.2
9.94286
7.65714
12.3524
7.38095
6.62857
6.13333
12.3143
7.40952
4.33333
6.91429
4.07619
10.0476
13.0667
12.9905
10.0381
6.02857
5.81905
4.67619
6.39048
7.44762
4.45714
4.09524
4.44762
6.71429
6.85714
12.0952
5.15238
7
9.35238
8.04762
6.69524
6.65714
11.6
6.11429
7.4
10.4667
8.94286
4.20952
12.2571
8.58095
8.40952
5.21905
6.8381
8.44762
5.52381
12.1524
13.819
4.12381
4.97143
6.8381
9.85714
11.0381
12.8286
8.21905
8.31429
7.58095
7.17143
10.2952
8.38095
11.1714
10.4857
5.91429
5.71429
7.02857
12.981
5.50476
4.72381
8.97143
5.58095
7.41905
5.64762
7.06667
4.59048
7.04762
5.92381
6.89524
4.11429
11.1143
7.04762
8.93333
10.9238
4.78095
10.1333
10.3714
11.3619
10.6571
11.9714
7.61905
4.24762
4.2
5.72381
7.99048
7.19048
8.47619
10.9619
10.8857
10.581
6.09524
4.57143
4.61905
6.89524
6.32381
5.7619
4.6381
6.8
5.78095
9.07619
8.49524
4.98095
9.4381
10.6476
5.07619
12.9143
7.67619
9.26667
7.42857
8.94286
7.50476
12.5333
15.0381
11.7238
7.37143
8.12381
4.57143
8.29524
4.4
6.07619
5.48571
5.32381
8.12381
10.6857
7.26667
7.73333
4.11429
4.33333
8.6381
5.6381
11.9619
11.181
6.35238
7.02857
9.91429
5.6
7.9619
5.97143
7.1619
6.10476
4.1619
6.51429
6.1619
8.55238
8.39048
4.20952
4.71429
7.68571
5.12381
6.60952
5.66667
4.77143
8.40952
6.14286
8.48571
8.53333
13.9238
5.31429
4.26667
7.15238
10.419
6.51429
4.50476
7.91429
9.22857
7.2381
9.70476
6.52381
8.90476
8.95238
7.98095
4.47619
8.77143
4.24762
4.7619
6.99048
5.50476
8.6
10.0381
11.9429
6.17143
4.75238
11.5714
4.69524
10.1524
10.4
5.71429
12.6667
9.40952
4.66667
4.26667
10.9619
4.54286
5.67619
11.2095
11.6952
7.5619
5.80952
6.20952
7.39048
6.55238
4.44762
11.7905
13.1333
12.0095
4.21905
6.93333
7.86667
10.8571
5.4381
6.98095
13.5238
16.3524
6.00952
10.7905
11.1143
4.89524
7.28571
11.381
8.6381
4.49524
8.82857
4.69524
7.89524
13.5429
6.07619
6.2
7.53333
6.48571
5.4
11.3619
7.62857
6.28571
8.2381
7.55238
6.8381
5.9619
10.1429
4.24762
10.5524
7.06667
8.37143
7.60952
8.45714
4.58095
4.50476
4.07619
4.4
11.5143
9.5619
5.48571
4.49524
5.84762
4.40952
14.3238
5.12381
8.01905
5.41905
14.8
9.85714
4.74286
6.92381
9.11429
9.78095
4.91429
4.2381
4.41905
4.32381
6.68571
4.22857
9.80952
13.9714
4.89524
14.6762
17.0857
4.70476
7.92381
7.27619
4.78095
6.98095
8.2381
6.06667
7.33333
5.67619
11.2571
8.54286
8.98095
8.10476
11.9619
4.58095
13.0571
8.95238
13.2286
4.26667
15.8286
12.3238
11.7714
17.1238
6.68571
4.5619
5.15238
7.57143
5.73333
7.88571
8.6381
6.0381
4.55238
4.13333
6.93333
4.48571
7.79048
14.4667
4.25714
4.17143
8.91429
10.5524
12.2095
11.2571
14.2
7.21905
5.2
8.61905
10.0476
7.32381
9.1619
7.28571
9.89524
5.65714
12.4667
5.5619
4.22857
5.90476
4.26667
4.20952
4.7619
7.75238
6.82857
4.14286
12.8381
11.1429
7.94286
8.14286
7.14286
7.33333
8.21905
12.4571
5.93333
6.68571
10.0571
11.2381
11.3048
4.59048
9.21905
5.94286
12.819
9.12381
8.20952
11.0762
8
5.92381
7.65714
6.29524
8.6381
9.00952
14.5429
7.48571
13.3524
10.5905
5.97143
5.06667
4.2
7.84762
9.39048
10.3619
6.4381
11.619
4.17143
6.53333
6.2
9.27619
8.80952
4.5619
9.79048
7.57143
9.81905
7.02857
6.49524
5.73333
4.22857
7.66667
4.50476
7.55238
4.6
8.70476
4.28571
4.40952
4.80952
5.78095
18.2762
10.7333
6.81905
6.2381
7.39048
4.77143
6.4381
9.81905
10.0857
4.4
4.34286
9.3619
10.4381
8.0381
8.6
6.6
7.90476
7.40952
7.25714
8.80952
8.37143
7.55238
8.29524
11.7429
4.25714
4.33333
8.88571
4.26667
7.71429
8.93333
15.3714
12.781
8.93333
5.97143
10.5619
13.3524
4.73333
4.29524
9.32381
4.34286
12.0476
6.18095
11.8667
8.78095
7.59048
8.30476
6.9619
4.19048
10.6286
7.82857
5.52381
4.39048
5.77143
4.45714
5.0381
7.11429
15.381
9.97143
12.3714
6.31429
6.26667
6.02857
16.3429
5.4
9.79048
10.0762
7.81905
10.5048
8.67619
12.4762
6.44762
4.06667
6.80952
20.619
8.37143
9.95238
10.6571
9.53333
5.05714
5.60952
6.52381
11.8381
4.75238
14.0857
13.819
9.10476
7.48571
11.9238
6.1619
8.40952
4.59048
9.46667
16.019
6.69524
4.30476
12.8952
7.69524
9.00952
4.49524
9.20952
7.48571
13.9048
10.2857
14.4095
7.9619
8.92381
7.89524
5.77143
10.1048
12.2667
6.70476
4.14286
8.05714
7.62857
10.6952
7.24762
5.3619
4.31429
4.5619
4.35238
6.62857
5.46667
9.3619
5.3619
9.42857
4.54286
9.05714
5.14286
4.40952
4.2
14.0857
4.2381
8.28571
4.70476
7.62857
8.8
6.31429
6.5619
5.78095
10.8
5.92381
9.05714
4.39048
11.7905
4.88571
10.4
6.8381
4.22857
6.55238
11.0476
12.7905
6.5619
10.7524
9.45714
15.7714
5.98095
9.42857
4.48571
4.40952
4.22857
6.18095
11.2571
5.35238
9.11429
4.18095
4.6381
11.0476
7.61905
6.25714
11.981
4.79048
4.6
7.13333
11
4.59048
6.4
6.66667
5.74286
6.68571
7.0381
9.78095
6.81905
5.6
4.38095
4.40952
4.46667
8.6381
8.09524
7.20952
11.4095
7.95238
7.06667
5.30476
6.98095
13.4095
6.35238
7.89524
6.12381
7.01905
9.73333
10.2286
4.53333
6.51429
5.08571
9.21905
4.11429
17.8381
11.0857
4.74286
8.46667
4.71429
9.0381
4.35238
4.11429
8.08571
12.7619
9.70476
7.6381
4.33333
6.69524
5.86667
5.11429
9.54286
9.28571
7.32381
6.74286
6.50476
8.4381
5.59048
9.45714
6.31429
6.3619
4.22857
4.68571
4.37143
5.84762
5.26667
6.08571
7.97143
14.3238
4.19048
5.2
4.93333
8.06667
5.59048
4.22857
7.8381
6.8
5.79048
5.2
5.89524
4.29524
4.41905
9.41905
7.31429
4.66667
7.58095
6.61905
9.68571
4.35238
4.8381
9.60952
6.78095
10.8571
5.41905
8.70476
7.14286
11.981
12.7905
10.8
6.25714
7.06667
12.5905
7.72381
7.27619
13.0286
9.22857
9.2
11.8
7.27619
4.48571
11.1619
9.33333
6.75238
4.24762
10.381
7.34286
16.6667
12.1333
7.12381
11.6
9.89524
10.8286
6.74286
8.71429
10.8762
8.15238
7.3619
8.85714
11.4571
8.06667
6.86667
9.6381
8.4381
7.88571
6.26667
5.86667
12.2952
4.24762
6.0381
4.34286
4.31429
8.65714
10.0381
7.94286
8.0381
4.45714
8.13333
4.2381
14.6952
10.5143
10.8762
12.3333
6.08571
8.77143
7.79048
8.9619
9.66667
8.75238
4.38095
5.54286
6.85714
10.5619
9.60952
9.79048
10.819
4.57143
4.12381
4.18095
9.6381
5.98095
7.27619
4.74286
8.52381
11.2
5.97143
8.61905
5.59048
11.819
8.26667
9.38095
4.58095
12.6381
9.77143
7.82857
8.34286
10.6381
7.28571
5.5619
5.89524
7.27619
8
10.381
11.3905
8.08571
13.8762
4.54286
5.79048
11.0762
4.85714
7.22857
5.34286
4.18095
6.00952
5.54286
4.8
7.77143
4.51429
7.46667
4.13333
9.8
8.25714
5.18095
9.02857
4.10476
6.92381
5.50476
10.0476
7.40952
7.59048
9.31429
4.4
4.22857
4.12381
6.53333
7.34286
9.61905
9.25714
4.34286
6.9619
7.82857
9.19048
5.55238
4.15238
8.97143
6.2
4.21905
9.74286
7.9619
6.81905
8.00952
8.07619
8.1619
6.2381
4.61905
7.4
12.7048
8.95238
10.5524
8.07619
6.64762
6.61905
4.34286
8.75238
5.38095
9.00952
5.55238
7.45714
7.73333
8.20952
5.26667
6.15238
10.2
4.55238
8.72381
6
8.52381
11.4952
7.10476
5.95238
5.18095
6.29524
6.57143
4.61905
6.87619
5.07619
5.62857
4.2381
8.18095
13.3048
12.1048
8.35238
15.0286
4.30476
5.6381
4.39048
7.01905
11.9524
9.01905
10.9048
10.4476
10.6095
10.3714
7.67619
8.14286
8.8381
10.1238
8.77143
4.12381
5.55238
9.02857
18.8476
6.79048
7.54286
6.01905
5.32381
10.3905
5.82857
4.24762
8.42857
9.88571
7.68571
12.1524
4.38095
5.4381
7.80952
7.90476
5.04762
8.15238
5.90476
24.819
9.48571
6.86667
11.6381
7.7619
7.26667
7.68571
5.69524
10.4952
4.82857
7.7619
4.92381
9.58095
7.34286
8.78095
10.9143
12.1333
6.92381
4.06667
5.97143
4.42857
9.42857
10.7429
5.04762
9.54286
4.54286
7.32381
9.75238
7.77143
6.44762
8.41905
4.51429
4.84762
5.70476
6.61905
6.64762
8.67619
6.6381
8.51429
5.3619
9.8
4.61905
4.38095
4.59048
5.2
6.60952
6.98095
5.62857
8.57143
6.57143
4.24762
4.27619
4.6381
4.25714
4.33333
6.69524
11.019
15.2381
4.39048
7.45714
7.86667
12.2095
7.93333
6.33333
14
4.38095
14.0857
14.0571
11.6095
11.3429
4.20952
4.28571
4.45714
4.33333
12.2952
17.4571
9.67619
11.6381
5.73333
14.6381
10.7238
14.3048
7.95238
12.2952
4.7619
12.3048
4.30476
9.17143
8.67619
9.54286
10.1524
6.41905
4.19048
8.85714
6.01905
4.18095
5.12381
4.2
4.72381
7.6381
5.87619
11.0667
4.46667
10.1048
13.5429
4.62857
8.87619
10.3238
9.38095
4.25714
5.28571
9.25714
6.57143
5.7619
4.60952
9.90476
6.98095
12.2476
12.9048
15.7143
6.46667
6.72381
6.62857
13.181
8.85714
6.35238
7.4381
4.99048
6.71429
9.4
6.71429
7.90476
7.72381
24.9333
10.4476
4.17143
4.52381
4.32381
8.72381
10.3429
4.45714
6.65714
4.69524
4.32381
9.01905
5.42857
8.84762
4.18095
11.581
10.5238
4.11429
5.60952
5.53333
12.0762
4.44762
7.88571
8.15238
6.29524
7.66667
14.8952
12.4667
7.01905
6.90476
4.38095
4.31429
4.32381
5.54286
8.87619
7.19048
6.81905
9.46667
7.30476
5.18095
7.79048
8.32381
5.6381
6.53333
12.7143
6.01905
4.2
6.27619
8.1619
7.75238
7.1619
4.47619
5.72381
4.2
4.52381
8.9619
7.24762
4.61905
8.67619
7.61905
13.8286
4.55238
4.12381
4.68571
4.2
12.981
8.26667
6.35238
4.47619
4.13333
8.6
6
5.81905
4.34286
4.29524
8.0381
5.92381
4.31429
8.40952
6.70476
9.07619
7.39048
4.4381
10.219
4.45714
11.381
9.55238
10.6095
7.86667
9.11429
4.5619
10.1905
7.04762
10.0095
8.67619
9.4
7.0381
8.81905
7.89524
11.7714
14.219
4.39048
7.11429
9.40952
5.99048
7.8381
6.28571
4.07619
6.6381
4.42857
8.26667
7.81905
5.15238
9.25714
7.0381
8.65714
4.57143
13.7714
4.4
4.22857
6.80952
8.3619
11.7238
4.15238
8.99048
8.25714
10.0667
13.5143
4.64762
4.18095
9.4381
6.15238
8.79048
6.86667
4.95238
7.45714
14.8
8.64762
11.5429
6.10476
9.98095
7.39048
9.38095
8.22857
7.92381
4.30476
10.9143
5.34286
7.92381
9.74286
4.06667
4.07619
4.32381
4.4381
4.06667
11.4
8.47619
7.10476
6.64762
6.29524
7.8
7.51429
3.42857
4.22857
9.60952
6.71429
5.9619
5.40952
7.21905
3.24762
5.2
3.1619
5.95238
8.58095
9.88571
6.07619
3.60952
3.3619
6.17143
3.31429
6.7619
3.34286
3.34286
3.06667
8.11429
7.4381
4.77143
9.67619
4.91429
5.6381
11.4571
7.68571
5.12381
3.24762
3.44762
5.31429
10.1524
4.80952
8.05714
5.0381
4.67619
5.68571
7.48571
3.33333
5.20952
8.90476
7.7619
13.0286
5.5619
6.05714
5.6
4.5619
7.89524
10.1619
4.54286
7.44762
6.2
3.65714
3.20952
4.61905
7.14286
7.73333
3.42857
4.70476
8.67619
10.9905
3.34286
9.74286
10.0667
3.2
3.77143
3.21905
13.419
6.21905
6.88571
9.71429
4.78095
6.26667
6.6381
8.18095
12.3048
11.1524
8.32381
9.00952
11.0476
5.47619
4.88571
7.82857
3.00952
3.17143
7.10476
4.06667
7.98095
3.17143
3.28571
3
5.8
5.65714
3.29524
5.20952
4.71429
3.21905
6.48571
7.6381
6.3619
3.00952
6.29524
10.8381
3.32381
4.25714
6.70476
10.3333
9.64762
3.10476
6.00952
4.99048
7.68571
3.18095
3.35238
5.25714
3.10476
4.62857
6.85714
4.87619
6.85714
5.30476
8.2
3.52381
6.33333
4.8381
5.70476
5.68571
6.51429
5.30476
3.80952
8.87619
5.88571
5.52381
3.58095
3.30476
3.40952
5.52381
5.05714
3.17143
8.62857
7.84762
7.88571
3.15238
8.72381
3.10476
8.2
3.40952
3.64762
5.22857
5.34286
3.35238
6.59048
5.09524
5.14286
4.35238
6.11429
5.70476
3.19048
4.05714
3.28571
10.6095
9.62857
6.59048
3.71429
5.54286
7.30476
9.19048
6.84762
8.70476
3.25714
11.2857
13.1429
3.62857
4.8
8.85714
4.26667
8.12381
6.14286
8.50476
3.57143
6
3.39048
5.30476
3.28571
3.12381
3.29524
10.2857
3.28571
5.12381
5.68571
3.2
7.6
23.5143
4.5619
4.40952
3.52381
7.28571
3.30476
6.41905
3.60952
6.09524
3.30476
9.13333
8.29524
5.72381
12.0476
5.51429
4.52381
5.54286
5.60952
3.29524
7.00952
6.32381
7.4
5.69524
11.5143
7.09524
3.14286
10.7905
4.2381
6.94286
3.40952
3.32381
6.35238
5.90476
7.71429
3.07619
5.85714
7.71429
8
6.08571
5.19048
4.84762
7.13333
7.22857
9.26667
7.45714
3.32381
3.17143
9.4381
9.74286
7.35238
3.61905
10.3333
4.74286
5.55238
3.27619
15.3333
3.29524
9.25714
3.1619
6.54286
5.78095
15.3048
3.31429
5.41905
3.04762
4.75238
8.78095
12.0667
4.46667
3.04762
12.4667
5.40952
3.50476
8.10476
7.98095
6.91429
7.70476
6.09524
9.19048
5.53333
6.19048
9.69524
11.1524
6.94286
9.35238
3.17143
3.06667
6.58095
5.27619
9.32381
6.21905
3.14286
3.12381
3.0381
3.04762
7.69524
3.5619
9.48571
3.14286
6.13333
7.17143
9.46667
4.39048
9.0381
8.86667
6.50476
3.08571
8.08571
8.81905
4.98095
4.18095
3.09524
5.85714
7.04762
6.90476
9.20952
3.4381
8.33333
3.20952
3.61905
6.8381
4.07619
3.45714
10.9143
3.28571
3.20952
3.10476
3.12381
3.6
3.4381
6.22857
3.12381
3.29524
3.09524
3.09524
3.80952
7.19048
7.09524
3.30476
5.18095
9.8
3.51429
7.27619
9.72381
5.02857
6.81905
3.4
9.8
5.33333
3.15238
8.72381
4.07619
5.05714
7.08571
3.4381
6.8
5.42857
7.89524
7.35238
6.33333
8.93333
11.019
3.40952
10.1143
4.57143
7.8
13.2286
10.7714
6.1619
4.68571
7.7619
3.13333
3.41905
3.2381
6.12381
7.1619
3.12381
6.44762
3.00952
12.2381
7.65714
8.97143
8.6381
9.80952
13.2667
3.0381
7.29524
3.21905
5.58095
7.65714
6.87619
3.17143
6.50476
3.13333
4.85714
5.26667
6.92381
14
9.20952
7.8
7.54286
37.5619
8.39048
5.85714
3.46667
3.18095
3.18095
4.55238
7.78095
9.50476
8.26667
6.95238
9.45714
3.27619
8.10476
3.29524
3.2
3.25714
3.19048
10.6952
3.46667
7.84762
6.6
8.27619
5.88571
9.02857
4.91429
5.90476
4.93333
4.49524
3.12381
8.07619
8.77143
11.6095
3.27619
3.2
6.24762
5.38095
9.48571
5.02857
6.02857
7.20952
9.29524
9.49524
3.58095
3.38095
5.50476
6.54286
3.31429
9.51429
3.1619
11.3429
7.13333
4.69524
3.27619
7.68571
3.42857
6.74286
3.62857
3.19048
7.44762
5.8
5.44762
5.4381
8
7.78095
6.08571
3.48571
5.93333
6.70476
7.75238
6.13333
11.6286
7.30476
3.15238
5.48571
3.22857
8.84762
5.8381
8.54286
3.44762
4.38095
5.4
6.26667
3.12381
3.86667
3.17143
5.57143
5.05714
4.78095
7.50476
9.29524
5.15238
4.26667
5.05714
7.28571
5.34286
3.10476
8.09524
4.7619
3.40952
4.57143
3.09524
3.20952
8.3619
9.61905
5.22857
5.53333
5.35238
10.1524
3.08571
8.06667
5.2381
8.19048
8.19048
7.49524
4.60952
4.84762
6.33333
5.04762
3.2
12.1238
11.219
8.77143
6.17143
7.14286
11.1238
9.77143
5.20952
8.72381
11.1524
4.94286
9.48571
8.46667
5.68571
4.90476
6.84762
3.18095
3.24762
10.2952
3.19048
3.27619
3.34286
9.28571
4.33333
7.35238
3.87619
4.6
5.30476
3.2381
3.53333
5.49524
3.35238
5.31429
7.53333
3.21905
3.17143
4.4
6.92381
3.39048
5.67619
4.73333
7.31429
3.08571
3.3619
3.22857
7.37143
3.24762
3.07619
4.09524
3.21905
3.87619
3.24762
5.8381
3.10476
7.11429
5.64762
9.14286
4.82857
7.24762
5.49524
4.69524
9.8
4.68571
3.3619
3.55238
3.52381
5.27619
5.24762
4.99048
7.53333
13.4857
6.49524
3.04762
11.5905
6.93333
6.48571
3.19048
3.35238
3.50476
3.04762
5.85714
7.3619
14.0952
3.31429
8.66667
9.77143
9.70476
5.26667
7.66667
5.69524
11.7429
10.3714
3.15238
3.4
3.21905
5.60952
6.40952
5.08571
5.77143
7.98095
7.80952
3.22857
6.01905
6.92381
3.84762
3.42857
7.10476
8.46667
3.37143
15.0381
5.78095
9.25714
9.42857
7.51429
7.0381
3.19048
6.8381
3.32381
3.01905
3.19048
5.82857
10.2286
3.24762
6.24762
8.17143
3.46667
3.42857
3.18095
7.24762
7.99048
7.28571
4.46667
8.07619
3.4
5.21905
3.80952
6.60952
10.581
6.9619
4.92381
5.08571
5.80952
6.58095
3.2381
3.15238
6.78095
3.77143
6.2381
5.14286
3.07619
9.95238
5.8
3.10476
3.19048
5.59048
3.6
6.40952
9.61905
3.13333
3.29524
3.22857
3.21905
5.99048
4.84762
5.75238
3.31429
9.11429
4.38095
6.42857
3.1619
6.40952
3.24762
3.24762
4.37143
6.58095
3.35238
3.24762
6.82857
6.22857
5.54286
3.19048
4.89524
5.65714
3.39048
3.10476
4.31429
13.0381
4.25714
4.14286
3.15238
5.5619
9.37143
6.06667
6.2381
3.53333
10.7048
3.62857
4.14286
10.1905
3.22857
8.46667
3.2
5.69524
5.24762
3.07619
7.20952
3.07619
6.84762
7.44762
3.11429
3.73333
3.29524
10.0476
7.81905
5.5619
3.09524
11.3714
3.52381
5.94286
7.17143
7.54286
3.27619
3.09524
5.53333
3.14286
3.35238
12.0095
3.08571
8.4
3.67619
14.8571
4.15238
6.82857
6.84762
5.42857
3.07619
3.31429
3.38095
10.8571
9.34286
6.06667
6.86667
3.20952
5.71429
6.8
3.33333
8.0381
12.9333
3.46667
7.94286
3.09524
7.20952
11.7714
6.1619
3.82857
7.18095
7.93333
5.98095
13.3905
8.65714
5.35238
3.18095
3.14286
3.22857
3.28571
5.32381
12
3.12381
3.89524
3.20952
3.09524
3.19048
3.31429
7.75238
3.34286
3.21905
7.7619
3.33333
11.1333
8.89524
7.17143
10.9524
6.38095
3.31429
5.79048
3.01905
10.7143
5.3619
5.32381
3.05714
6.68571
5.65714
3.12381
3.05714
3.26667
6.6
7.21905
3.1619
7.99048
3.10476
10.4571
7.01905
3.10476
3.75238
6.58095
7.28571
7.09524
6.06667
7.12381
5.62857
3.04762
6.72381
9.00952
5.42857
3.1619
9.40952
5.41905
3.1619
3.19048
5.28571
4.28571
3.25714
3.44762
6.81905
9.87619
3.0381
3.22857
9.73333
7.26667
7.47619
6.4381
8.41905
11.7524
6.71429
5.92381
9.71429
4.87619
3.17143
3.4
3.09524
3.11429
10.0476
3.10476
3.31429
3.47619
7.30476
8.49524
4.99048
9.0381
7.60952
5.13333
10.2571
5.37143
4.55238
7.09524
3.2381
4.91429
4.58095
5.94286
5.86667
5.84762
10.4762
8.32381
6.54286
6.93333
7.80952
3.22857
6.0381
8.01905
3.19048
8.50476
6.70476
9.80952
4.61905
9.40952
3.2
5.69524
7.94286
6.52381
5.58095
5.02857
3.14286
3.49524
4.90476
11.7905
9.9619
3.55238
5.38095
6.27619
4.40952
8.84762
6.97143
9.8
8.91429
9.14286
10.1048
5.90476
8.44762
7.8
3.19048
8.26667
7.6
3.08571
9.49524
9.41905
8.71429
5.01905
5.04762
3.20952
8.80952
9.68571
8.11429
3.2381
6.51429
3.59048
3.10476
5.30476
8.27619
3.14286
3.22857
8.47619
9.2
9.84762
3.30476
3.3619
3.30476
5.32381
4.4381
3.04762
6.37143
3.70476
3.12381
3.40952
4.89524
5.46667
6.3619
7.85714
7.35238
7.35238
5.72381
15.9905
3.27619
4.47619
7.98095
3.26667
3.26667
3.04762
9.41905
5.28571
3.60952
3.30476
4.48571
3.20952
3.21905
4.24762
5.6
6.74286
3.15238
5.00952
6.06667
5.04762
3.15238
5.99048
5.4
8.30476
7.11429
7.04762
6.38095
5.60952
9.01905
5.40952
5.52381
3.48571
5.82857
3.12381
3.15238
4.80952
10.0762
5.09524
3.10476
3.10476
3.47619
5.77143
3.27619
3.26667
10.5714
8.86667
7.33333
6.0381
3.6381
5.5619
6.6
8.13333
4.44762
7.68571
5.92381
5.25714
3.19048
9.29524
3.44762
4.71429
7
8.21905
8.6381
5.73333
8.31429
9.34286
3.25714
5.11429
7.0381
6.40952
3.27619
6.67619
6.1619
10.0857
6.04762
3.24762
12.2571
3.10476
3.20952
3.41905
3.61905
3.40952
8.00952
5.62857
6.05714
6.54286
4.20952
8.02857
9.04762
7.61905
10.9429
3.24762
3.65714
3.18095
5.58095
7.02857
9.32381
4.67619
3.74286
7.33333
3.46667
8.35238
5.71429
6.65714
3.29524
10.8571
9.32381
7.50476
4.8
5.4
7.92381
3.59048
3.22857
8.68571
5.52381
5.55238
6.6
8.7619
3.22857
4.9619
13.7524
3.22857
6.61905
3.75238
3.05714
6.94286
9.51429
5.50476
5.92381
11.2381
5.09524
8.05714
7.00952
10.1524
3.57143
3.06667
3.37143
7.07619
3.65714
6.46667
5.14286
12.2476
3.11429
8.27619
7.78095
5.70476
3.20952
9.71429
16.581
7.46667
6.4381
7.3619
8.78095
5.06667
8.94286
14.1524
7.54286
6.89524
9.70476
7.62857
9.10476
6.31429
8.90476
10.0952
5.71429
7.44762
3.08571
5.29524
10.3048
5.40952
9.32381
10.7238
5.69524
7.25714
12.2857
7.33333
4.00952
7.87619
8.94286
3.54286
5.94286
6.44762
10.1714
7.3619
4.92381
11.8952
3.32381
5.3619
3.25714
7.6
5.54286
3.4381
3.15238
8.41905
4.88571
6.51429
3.30476
13.4667
10.1429
5.65714
3.73333
6.35238
6.79048
3.4381
8.84762
5.7619
3.4
5.32381
8.02857
3.15238
7.87619
5.44762
5.19048
5.2
3.31429
7.49524
7.09524
10.4286
11.981
3.05714
3.50476
5.47619
10.9619
3.67619
7.59048
3.90476
3.59048
9
3.94286
3.15238
11.1048
6.80952
6.29524
13.6762
9.89524
5.86667
4.20952
6.31429
7.52381
14.7143
5.32381
5.06667
5.69524
9.80952
8.25714
3.66667
5.37143
8.38095
7.30476
3.27619
4.79048
5.78095
3.22857
10.2952
3.13333
8.11429
9.90476
8.66667
10.6571
6.74286
3.22857
7.98095
4.86667
4.61905
5.29524
8.04762
7.30476
5.66667
3.47619
3.30476
3.42857
3.27619
5.90476
7.39048
6.30476
3.38095
7.48571
3.33333
6.31429
3.7619
4.09524
3.38095
5.50476
6.59048
8.26667
4.62857
3.1619
6.94286
3.15238
7.19048
3.15238
9.85714
12.6381
5.46667
3.24762
12.4571
11.7619
3.2
3.13333
6.87619
10.1143
10.7619
3.35238
6.84762
3.29524
12.0381
5.62857
9.45714
6.54286
8.61905
3.40952
3.64762
7.46667
3.24762
6.80952
9.74286
6.62857
8.87619
6.77143
8.55238
7.19048
4.77143
3.01905
11.3714
6.99048
3.49524
7.0381
9.54286
3.11429
3.12381
5.26667
6.51429
3.11429
11.4857
8.14286
3.30476
5.06667
9.32381
6.10476
5.05714
8.12381
5.31429
3.67619
5
6.92381
5.85714
5.14286
8.29524
3.24762
10.3048
6.04762
7.26667
6.64762
3.14286
8.1619
5.86667
3.31429
7.57143
12.2
8.1619
3.12381
4.88571
3.12381
8.30476
3.67619
7.45714
5.54286
6.50476
3.19048
7.01905
3.37143
10.6095
3.25714
11.7714
7.60952
3.25714
3.31429
5.92381
3.34286
7.92381
10.2952
6.47619
3.25714
3.17143
6.21905
6
7.05714
3.71429
7.21905
3.32381
4.94286
16.8762
7.72381
8.92381
6.88571
5.04762
3.08571
5.9619
10
3.64762
6.05714
3.21905
3.29524
12.5143
5.32381
3.55238
5.18095
3.1619
9.18095
3.00952
6.6
7.25714
5.10476
4.77143
5.61905
9.26667
4.80952
7.05714
7.3619
3.07619
3.10476
3.08571
5.66667
5.82857
4.84762
3.12381
7.11429
8.21905
3.3619
3.02857
5.24762
3
3.33333
3.46667
7.0381
6.69524
4.02857
3.47619
6.24762
6.52381
5.5619
3.02857
9.17143
8.71429
3.24762
3.40952
3.13333
8.24762
3.35238
3.40952
8.47619
3.06667
3.2
3.80952
11.3238
3.07619
3.19048
10.7524
3.15238
4.9619
5.48571
7.00952
4.92381
4.09524
5.40952
11.019
6.14286
7.27619
6.78095
6.51429
12.1048
7.00952
4.78095
7.2381
8.45714
5.00952
5.61905
3.44762
3.61905
5.67619
6.02857
5.75238
3.37143
3.1619
6.2381
6.35238
5.94286
4.0381
4.42857
4.53333
4.79048
7.49524
3.26667
3.1619
11.9619
5.77143
6.34286
7.48571
4.6
6.3619
6.87619
3.0381
3.41905
7
6.4
3.09524
3.17143
5.71429
15.219
6.01905
5.60952
10.781
11.0095
5
3.19048
3.05714
3.72381
6.11429
5.54286
6.19048
3.04762
4.8
5.22857
12.181
7.40952
8.05714
7.07619
3.24762
3.11429
10.3048
5.58095
11.7048
10.2952
5.82857
6.34286
10.6571
5.97143
7.26667
6.48571
3.10476
3.05714
3.27619
3.59048
4.74286
3.18095
3.09524
8.92381
7.69524
8.84762
9.95238
4.9619
7.49524
3.27619
7.89524
10.0952
6.57143
4.73333
9.51429
6.9619
3.12381
4.8381
11.9619
13.3048
3.04762
5.38095
3.22857
7.4
3.25714
3.31429
5.30476
4.27619
5.58095
3.28571
6.81905
7.55238
3.18095
3.41905
3.39048
6.68571
5.8381
6.30476
3.54286
3.06667
3.70476
4.9619
4.17143
9.15238
5.5619
3.24762
11.7048
7.47619
3.13333
10.7333
7.90476
5.2381
3.82857
8.97143
7.09524
6.20952
6.00952
8.32381
4.0381
4.73333
9.51429
3.4381
6.34286
5.95238
6.47619
7.13333
5.90476
3.33333
7.62857
9.95238
3.26667
9.8
3.0381
4.68571
8.81905
5.38095
6.78095
3.39048
3.88571
7.26667
9.34286
9.61905
10.3333
8.30476
3.31429
3.10476
7.52381
3.26667
3.1619
4.90476
4.87619
11.6
4.21905
11.6476
3.1619
4.10476
7.33333
4.91429
3.82857
6.2381
5.62857
6.28571
5.61905
5.21905
3.07619
6.41905
13.7143
3.22857
8.60952
7.70476
3.70476
10.1524
6.59048
6.3619
8.44762
3.88571
8.39048
3.21905
6.33333
7.66667
5.57143
3.27619
7.37143
12.6952
6.90476
7.52381
6.4
5.15238
9.66667
3.45714
4.2381
3.42857
5.02857
3.19048
11.7048
3.26667
6.75238
3.3619
3.51429
3.19048
6.21905
6.05714
6.17143
10.7238
4.62857
6.28571
4.8381
9.26667
5.67619
5.27619
5.92381
10.2381
6.05714
3.22857
4.13333
8.77143
3.4381
6.41905
6.31429
3.2381
5.01905
7.13333
8.71429
4.50476
6.01905
3.14286
4.92381
11.9048
4.98095
3.26667
8.75238
3.38095
4.28571
6.92381
3.41905
9.2381
5.31429
3.31429
3.51429
8.27619
10.019
6.10476
6.35238
4.89524
9.51429
3.98095
3.92381
3.51429
3.73333
6.02857
3.15238
7.40952
4.81905
3.39048
3.0381
3.13333
10.2095
4.41905
4.8381
3.08571
3.11429
9.41905
4.66667
3.38095
6.81905
3.70476
3.11429
11.7143
3.26667
8.14286
4.99048
8.7619
9.93333
5.58095
5.71429
5.55238
14.1048
10.3333
3.21905
6.99048
3.2
9.2
5.97143
3.4
7.2381
10.2095
3.2381
14.1524
6.98095
6.55238
3.09524
4.89524
3.18095
4.95238
11.2095
7.47619
7.39048
10.9619
3.44762
6.21905
3.11429
10.819
12.1238
3.15238
3.12381
4.09524
4.89524
5.58095
12.6286
8.95238
11.8762
7.60952
3.8381
5.51429
8.72381
4.94286
10.181
9.54286
11.3143
6.5619
3.32381
4.89524
6.1619
4.73333
5.20952
7.30476
4.81905
5.75238
8.37143
3.33333
3.4
9.47619
8.9619
3.02857
10.9238
3.24762
9.10476
4.04762
5.51429
6.21905
6.22857
7.0381
7.73333
6.64762
6.1619
3.70476
7.74286
8.06667
7.98095
7.84762
10.581
9.07619
8.32381
3.3619
8.30476
4.85714
11.0762
3.49524
3.32381
4.39048
7.24762
5.06667
6.8
5.67619
5.41905
3.35238
4.06667
5.38095
6.1619
8.46667
3.44762
9.40952
7.74286
7.33333
8.69524
7.45714
3.71429
3.52381
5.41905
3.41905
7.26667
3.1619
9.30476
6.74286
3.18095
3.20952
3.34286
5.4
3.4381
6.85714
12.3714
8.90476
6.4381
12.4571
5.8
6.7619
4.61905
7.10476
6.55238
8.42857
6.0381
5.92381
9.01905
3.38095
5.6381
3.85714
8.13333
7.64762
3.38095
3.09524
9.82857
5.92381
3.46667
3.10476
3.17143
6.70476
3.1619
6.98095
3.39048
3.6381
3.11429
7.10476
3.09524
5.00952
9.69524
3.51429
4.13333
7.25714
5.9619
5.11429
7.24762
9.15238
5.70476
6.30476
6.32381
7.3619
3.68571
5.33333
5.05714
3.74286
3.08571
8.37143
5.85714
5.12381
3.07619
10.6476
6.89524
8.68571
6.99048
7.50476
9.3619
12.0857
4.80952
5.95238
3.34286
7.29524
7.22857
7.38095
3.40952
3.50476
5.12381
6.46667
3.20952
3.60952
12.3238
8.91429
8.79048
5.49524
3.09524
7.87619
3.39048
4.2
5.91429
12.7619
7.68571
5.4381
3.37143
9.9619
5.20952
4.78095
7.86667
5.08571
7.46667
3.80952
12.0952
3.25714
8.78095
3.26667
5
4.6381
7.13333
3.22857
9.04762
3.67619
8.27619
3.34286
10.4
6.13333
3.4381
5.80952
8.49524
8.09524
3.8
3.09524
8.99048
3.24762
5.44762
5.73333
5.4
3.24762
4.5619
7.69524
6.4381
9.72381
3.48571
5.51429
3.0381
6.41905
5.53333
5.14286
16.019
8.51429
8.28571
3.35238
3.85714
3.53333
9.85714
3.72381
3.34286
8.2381
3.18095
3.64762
7.66667
8.41905
3.64762
3.08571
3.12381
7.1619
3.40952
3.6
7.72381
5
6.65714
4.60952
5.60952
4.41905
3.10476
5.48571
4.4381
4.37143
9.98095
6.47619
4.5619
5.10476
5.98095
3.52381
9.65714
9.54286
6.21905
5.60952
3.30476
3.42857
3.02857
8.42857
3.06667
22.8571
3.55238
5.41905
8.73333
5.6381
3.2381
8.40952
3.18095
6.17143
3.15238
8.09524
7.65714
6.11429
3.38095
3.98095
3.17143
3.13333
4.53333
6.6381
3.35238
7.8
3.13333
5.72381
3.1619
5.11429
9.81905
9.06667
8.47619
5.46667
5.18095
3.37143
5.2
6.04762
3.11429
6.26667
5.46667
8.6381
10.581
5.69524
10.1714
7.70476
3.41905
5.06667
5.55238
9.25714
3.07619
7.31429
5.84762
3.90476
9.58095
8.52381
3.05714
3.34286
6.85714
3.29524
7.11429
3.17143
3.4
5.59048
6.52381
5.92381
5.24762
7.8381
6.73333
6.11429
13.4857
3.02857
4.99048
5.3619
6.86667
3.14286
7.8
5.25714
5.46667
5.33333
5.87619
8.14286
9.58095
4.20952
6.35238
3.94286
9.93333
8.7619
5.55238
8.4
8.89524
5.80952
3.19048
3.26667
10.1048
9.67619
7.4
5.26667
5.09524
5.82857
5.35238
4.77143
3.28571
3.35238
7.12381
11.2286
3.51429
3.27619
3.10476
3.07619
3.30476
7.07619
3.29524
5.8381
7.86667
6.86667
8.27619
6.18095
5.1619
8.52381
7.10476
3.12381
3.34286
5.89524
3.24762
3.42857
10.2381
5.66667
9.35238
3.05714
4.08571
5.88571
3.0381
5.42857
3.20952
8.44762
3.3619
10.0286
5.82857
8.4381
8.4
5.86667
3.44762
5.61905
3.37143
7.35238
9.2
7.98095
4.82857
3.21905
10.0667
10.1714
3.28571
3.84762
3.07619
5.58095
6.19048
5.07619
3.0381
4.82857
7.82857
8.30476
8.53333
5.35238
3.15238
4.78095
5.44762
7.55238
4.3619
7.4381
6.35238
7.06667
9.32381
7.95238
5.95238
9.02857
8.59048
6.30476
6.12381
9.09524
9.72381
7.10476
8.08571
6.42857
6.78095
4.79048
6.0381
6.22857
5.20952
10.5429
9.58095
7.44762
6.20952
7.12381
4.91429
5.78095
4.6
4.95238
5.30476
4.77143
11.5238
8.32381
4.66667
3.60952
6.77143
8.49524
11.5619
6.33333
7.29524
10.0095
4.29524
5.29524
5.99048
5.82857
8.64762
6.62857
4.6381
3.62857
3.53333
3.12381
12.381
5.06667
3.0381
6.14286
3.08571
4.89524
9.30476
9.25714
8.86667
5.91429
4.33333
4.71429
3.06667
7
6.4381
6.17143
10.6
5.38095
7.31429
5.45714
3.10476
7.93333
3.18095
3.68571
3.09524
6.17143
3.65714
7.92381
3.49524
3.19048
3.40952
3.13333
3.02857
3.17143
3.11429
6.28571
3.7619
8.31429
8.15238
6.98095
7.0381
9.89524
8.14286
10.6
8.37143
9.97143
12.9905
4.2381
6.93333
7.5619
4.01905
6.44762
3.17143
6.80952
7.78095
11.7714
3.51429
8.17143
3.08571
8.97143
10.7619
3.20952
7.88571
3.11429
6.20952
4.99048
7.91429
10.4667
6.72381
4.86667
8.65714
3.24762
3.35238
8.1619
7.04762
6.48571
5
3.1619
10.7619
4.71429
10.9524
8.8381
3.21905
5.28571
11.7238
6.82857
4.99048
5.04762
5.92381
10.6762
6.84762
3.46667
6.2
10.3333
8.37143
8.94286
7
6.90476
7.69524
10.7524
4.88571
6.5619
7.25714
3.17143
3.37143
5.37143
3.24762
6.81905
4.04762
5.53333
9.18095
5.82857
3.15238
5.08571
3.07619
10.8571
9.0381
5.81905
3.38095
3.01905
3.17143
9.73333
4.53333
13.5524
6.86667
3.20952
3.34286
7.84762
7.50476
9.54286
7.49524
6.06667
3.4381
3.10476
6.05714
5.2
3.17143
3.25714
3.32381
5.32381
3.42857
3.54286
6.31429
8.61905
8.48571
5.94286
5.61905
3.05714
4.75238
3.22857
6.4381
9.9619
9.18095
5.5619
5.94286
3.28571
3.12381
5.53333
5.78095
11.3429
11.4
3.1619
4.77143
9.66667
8.39048
6.27619
5.54286
7.25714
4.01905
8.87619
8.27619
3.2381
8.09524
3.85714
3.64762
7.32381
6.92381
4.00952
3.17143
6.70476
7.86667
3.14286
5.35238
3.3619
6.7619
3.3619
6.08571
12.8571
10.7524
3.54286
8.24762
5.04762
5.77143
6.21905
7.2381
8.02857
8.11429
2.02857
8.71429
4.28571
3.65714
2.09524
2.24762
2.2
4.01905
2.10476
2.14286
4.8
4.07619
2.07619
5.79048
2.28571
4.91429
2.19048
4.08571
6.20952
2.34286
4.09524
2.91429
2.50476
2.19048
2.31429
4.99048
5.10476
2.11429
8.4381
2.67619
2.18095
2.25714
2.31429
4.06667
2.01905
2
3.86667
2.21905
2.53333
2.28571
4.42857
2.08571
2.06667
3.82857
2.48571
2.32381
3.69524
5.5619
4.30476
3.8381
2.02857
2.14286
7.55238
2.22857
5.5619
2.87619
6.55238
2.47619
2.09524
2.27619
4.11429
2.24762
2.10476
7.74286
2.70476
12.1905
28.3429
4.39048
8
3.57143
3.92381
2.18095
7.28571
8.8381
2.28571
2.28571
2.14286
2.53333
2.0381
3.9619
2.05714
2.14286
5.08571
2.12381
2.10476
2.29524
3.8
2.12381
6.84762
9.90476
9.10476
9.8381
6.07619
2.35238
7.3619
2.18095
3.8381
4.21905
4.73333
11.0571
2.07619
3.07619
2.06667
6.06667
3.74286
2.59048
2.3619
6.10476
2.13333
2.4381
4.3619
4.32381
2.0381
2.0381
2.09524
2.13333
2.15238
2.99048
5.87619
4.27619
2.07619
2.05714
4.69524
6.07619
5.37143
2.60952
2.61905
6.88571
6.30476
1.12381
3.85714
1
5.98095
8.57143
1.04762
3.9619
1.84762
1.1619
1.01905
1.15238
4.86667
3.30476
1.18095
4.18095
1.17143
1.6
1.05714
1.07619
5.77143
2.80952
1.15238
1
2.86667
4.0381
1.72381
4.79048
1
1
1.01905
1.0381
1.0381
1
1.55238
5.69524
1.20952
1
1.28571
1.08571
3.4
1.29524
6.5619
6.61905
3.80952
1.00952
1.13333
5.53333
1.06667
1.12381
1.01905
1.08571
5.88571
5.77143
1.1619
1.14286
4.1619
1.07619
1.08571
1.08571
5.18095
3.7619
2.07619
3.07619
1.01905
1.17143
1.09524
1.02857
4.46667
4.44762
1.09524
2.92381
2.71429
1.01905
1.2
1.24762
1.02857
1.4
1.00952
1.18095
1.09524
1.32381
5.04762
1
1.07619
1.15238
1.04762
1
1.02857
1.01905
6.69524
1.07619
1.2
6.04762
7.15238
3.41905
5.40952
1.02857
6.17143
1
1
5.6
4.2381
1.01905
1.14286
5.59048
1
1.14286
5.55238
1
1.50476
1.02857
1.0381
4.49524
6.4381
1.28571
3.75238
1
1.11429
4.53333
1.0381
5.72381
1.07619
1.01905
1.05714
4.77143
1.06667
2.6
5.82857
1.04762
1.02857
1.00952
1.00952
3.44762
1.19048
1.02857
2.1619
1.13333
1
5.66667
1.2
4.90476
1.14286
4.39048
1.28571
1.64762
1.32381
6.37143
4.78095
2.27619
1.0381
5.12381
6.04762
4.19048
1.25714
1.09524
1.02857
1.1619
1
1.02857
1.6
1.10476
1.20952
5.0381
4.50476
1.13333
1.6381
1.05714
4.31429
7.49524
1.29524
1.04762
1.2381
4.50476
6.27619
3.30476
1.0381
5.14286
1.05714
1.06667
1.07619
1
1
1.18095
1.08571
1.05714
4.4
4.19048
5.61905
1.05714
1.26667
1.01905
1.01905
4.34286
5.2381
4.05714
1.01905
5.38095
1.05714
4.85714
5.18095
1.02857
1.3619
1
2.6381
1
1.09524
4.54286
5.44762
1.10476
1.12381
1.00952
1.20952
1.64762
1.73333
6.67619
1.08571
2.85714
5.14286
1
1.02857
1
1
3.93333
1.0381
1.27619
1.00952
1.05714
1.54286
1.21905
1.49524
1.08571
2.94286
1
1.0381
1.13333
1.60952
2.77143
1
1.00952
1.94286
1.66667
1.06667
4.21905
1
1.57143
1.11429
1.00952
1.01905
1.15238
1.05714
4.95238
1.12381
1.01905
1.07619
1.14286
1
1
1.12381
1
1.01905
1.10476
1.00952
1
1
1.07619
6.94286
1.07619
1.09524
1.06667
3.95238
6.1619
1.04762
1.0381
1.05714
4.66667
1.01905
6.24762
5.2
1
3.33333
1.17143
1.07619
1.06667
1.14286
3.08571
4.19048
1.07619
1.15238
1.0381
4.12381
1.01905
3.17143
1.02857
5.18095
6.29524
3.24762
4.71429
8.01905
4.47619
6.3619
1
1.0381
1.51429
3.64762
1.09524
1.0381
1.1619
1.01905
1
1.0381
3.17143
4.09524
1
1.02857
6.89524
5.79048
1.17143
1.0381
4.65714
1.12381
1
1.02857
3.80952
1
1.04762
5.73333
6.60952
1.00952
5.2381
6.13333
1.12381
4.8381
6.00952
1
7.74286
3.71429
4.48571
1.99048
1.11429
1.11429
1.00952
5.05714
1.07619
1.10476
2.95238
1.0381
1.04762
1.73333
1.2
1.0381
1.00952
1.65714
4.69524
3.8381
1.06667
4.01905
3.74286
1.09524
1.00952
1.06667
1.10476
1.12381
1.10476
1.77143
1.3619
4.12381
5.69524
5.94286
4.87619
1
1.00952
1.1619
4.06667
1.49524
1.11429
1.40952
5.84762
1.15238
2.09524
4.4
4.74286
4.47619
1.18095
4.18095
1.00952
4.81905
3.37143
1.11429
2.53333
1.53333
5.34286
5.25714
1.2
1.14286
4.85714
1.04762
1.0381
1.09524
4.08571
6.67619
1.19048
1
1
1.1619
1.39048
4.34286
5.60952
4.46667
1.02857
1.08571
1.05714
1.18095
5.09524
2.58095
3.4
4.72381
1
1
5.79048
1.00952
1.24762
1.12381
1.00952
1.13333
6.27619
4.95238
4.41905
1.42857
5.22857
1.08571
4.88571
3.72381
1.09524
4.0381
10.4857
3.4
1.01905
1
1.0381
1.06667
1.11429
1.20952
1.01905
4.66667
1.08571
1.04762
3.59048
1.2
1.08571
1
1.4381
1.09524
5.29524
1.00952
1.0381
1.19048
1.00952
1.17143
5.13333
1.05714
1.08571
4.79048
7.28571
1.19048
1
1.06667
1.09524
1.00952
5.00952
2.9619
6.4381
1.1619
1.17143
5.81905
2.41905
1.01905
4.99048
4.64762
1.20952
4.42857
1
1
1.0381
2.05714
1.10476
1.01905
3.28571
1.00952
1.00952
6.49524
1
1.2
4.87619
1.02857
4.74286
1.02857
1
1.04762
1.12381
1.01905
4.4
1.89524
5.48571
6.2
3.5619
1.0381
1.22857
6.05714
1.04762
1.0381
5.65714
4.32381
1.62857
1.07619
6.13333
2.75238
1.2
3.46667
5.14286
1
4.48571
1.06667
1.59048
1.05714
1.01905
1.0381
1.04762
1.0381
1.04762
2.11429
1.01905
1.38095
1.10476
5.11429
3.62857
1
1.2381
1
1.22857
1.08571
1.0381
4.89524
1.18095
1.06667
1
1.04762
6.82857
4.39048
7.17143
3.67619
1.06667
1.0381
7.93333
1.0381
3.58095
1.14286
4.89524
4.98095
7.54286
1.05714
4.19048
1
1
1.44762
1
1.71429
4.89524
1.13333
1.13333
1.04762
6.1619
1.08571
1.08571
1.12381
1.14286
5.24762
1
1.9619
1.0381
1.06667
1.01905
4.92381
1.0381
1.08571
1.00952
1.02857
1.12381
1.10476
4.8381
1.04762
4.98095
1.09524
2.6
1.01905
3.86667
1.00952
3.80952
3.94286
5.9619
1.02857
1
1.48571
4.30476
1.01905
1.08571
1.02857
1.18095
1.1619
1.31429
5.90476
1.00952
1.11429
1.41905
1
3.24762
1.21905
5.6
1
1.2
1.20952
1.09524
1.00952
5.67619
1.48571
1.45714
1.20952
1.06667
1.05714
6.54286
1.0381
3.2381
8.78095
1.02857
6.55238
1.07619
1.0381
1.58095
3.27619
1.00952
1.1619
1.02857
1
1.00952
7.65714
1.06667
6.95238
1.17143
4.15238
1.04762
1.1619
1.17143
1.09524
1.00952
2.91429
4.12381
1.20952
1.13333
1.09524
1.05714
4.71429
5.5619
1
1.65714
4.90476
1.12381
1.06667
1.07619
1
1.02857
1.00952
4.52381
1.06667
5.13333
3.51429
6.11429
1.02857
1.13333
6.35238
1.12381
5.6381
1.17143
1.01905
8.79048
1
1.98095
1
4.52381
6.51429
1.07619
1.02857
5.12381
5.30476
1
1.13333
1
1.10476
5.79048
1.13333
5.17143
3.10476
1.09524
1.09524
1.11429
5.90476
1.1619
1.38095
8.94286
1.04762
1.01905
6.19048
1.12381
6.53333
1.5619
1.06667
1.02857
1.06667
4.35238
1
4.22857
2.91429
4.87619
5.02857
2.84762
1.04762
1.00952
1.11429
1
2.26667
1.0381
1.06667
4.25714
1.11429
3.21905
4.61905
1.10476
1.14286
1.14286
1
1.15238
3.38095
1.01905
4.12381
3.30476
1.04762
1.15238
6.54286
4.54286
4.82857
1.01905
1.09524
1.4
1.15238
1.12381
1.15238
4.28571
1
5.38095
1.0381
1.77143
1.33333
1.08571
3.75238
4
1
1.17143
1.01905
1.35238
3.80952
1.20952
1.27619
1.08571
1
1.04762
1.0381
1.08571
1.05714
3.89524
1.30476
3.31429
1.32381
4.14286
1.00952
1.21905
1.12381
4.54286
1
1.09524
1.4381
1.06667
3.53333
1.01905
1.01905
1.25714
3.21905
5.00952
3.38095
1.09524
3.24762
4.13333
1
1.10476
1.45714
5.01905
1.08571
1.21905
1.05714
1.11429
4.32381
1.01905
3.34286
1.08571
1.07619
1
1
5
3.01905
1.08571
1.0381
1.07619
1.0381
1.61905
1.09524
1.08571
7.02857
1.10476
1.18095
1
1
3.45714
1.10476
1.05714
1.12381
5.21905
1.10476
2.07619
4.77143
1.10476
1.14286
1.19048
1.06667
1.06667
3.5619
3.64762
1.0381
1.00952
1.11429
6.25714
1.25714
5.31429
1.08571
1.13333
4.46667
1.14286
1.19048
1.13333
1.0381
1
1.04762
1.39048
1
3.24762
3.33333
5.42857
3.32381
4.57143
1.2381
1.07619
1.22857
1.00952
3.01905
5.8381
1.04762
1
3.39048
1.04762
1.1619
2.40952
1.42857
1.44762
6.35238
1.04762
1.01905
1.19048
1
1.2
1.14286
6.51429
6.4
1.01905
1.47619
1.24762
1.00952
2.41905
1.11429
6.54286
6.74286
6.71429
1
1.05714
2.88571
1.00952
4
1.07619
1.01905
1.06667
5.22857
5.26667
1.2381
1.18095
2.27619
1.94286
1.0381
5.87619
1.2
1
1.08571
1.08571
6.9619
2.40952
4.74286
3.99048
1.1619
1.25714
4.92381
1.15238
7.17143
1.12381
3.77143
1.00952
1.01905
4.2381
1.00952
1
1.15238
1.10476
1.00952
1.14286
5.22857
4.74286
4.21905
1.2
6.62857
1.00952
1.10476
1.29524
1.00952
5.3619
1.10476
7.1619
1.82857
4.11429
3.86667
3.85714
1.08571
1.06667
4.07619
1
8.05714
1.1619
1.01905
1.08571
1.00952
5.57143
1.01905
1.25714
5.41905
1.49524
1
4.48571
1
1.06667
1.24762
1.19048
4.8381
6.93333
4.6
1.0381
1
1.05714
1.17143
5.91429
1.67619
5.4381
1.02857
1.95238
5.05714
2.85714
1.09524
1.00952
1.32381
3.77143
4.94286
4.8
1.24762
1.1619
4.21905
1.20952
3.38095
1.04762
1.05714
1.15238
1.02857
1.01905
5.09524
1.10476
4.87619
1
4.11429
2.00952
1.74286
3.77143
1.40952
1.11429
1.00952
1.05714
2.73333
6.27619
3.88571
7.31429
1.04762
1.2
1.64762
1.62857
5.26667
1.0381
5.80952
1.10476
1.24762
1.01905
4.51429
1.04762
1
8.31429
5.98095
5.79048
1.06667
3.27619
1.17143
3.73333
1.04762
1
1.05714
1
2.93333
1.58095
5.8381
1.00952
3.35238
1.0381
1.02857
4.88571
1.20952
1.09524
6.25714
5.18095
4.8381
1.09524
1.29524
1.21905
1.0381
1.21905
1.13333
1.09524
3.90476
3.09524
1
1.04762
1.07619
1.06667
1.11429
1.0381
2.75238
1.15238
4.29524
4.30476
1.30476
6.53333
1.13333
1.14286
1.01905
1
1.20952
1
1.30476
1
1.00952
1.07619
1.57143
1.00952
1.06667
1.12381
1.08571
5.44762
6.01905
1.74286
1
1.09524
1.00952
1.00952
1.06667
1.02857
1.25714
1.24762
1.0381
1.01905
1.33333
1.12381
1.14286
4.1619
9.88571
1.13333
4.84762
1
3.68571
3.5619
1
1.2
1.09524
1.12381
1.0381
1.08571
1.04762
1.02857
1.01905
1.09524
1.15238
1.22857
1.0381
1.18095
1.07619
4.28571
3.22857
1.01905
1.0381
1
1.13333
5.0381
5.94286
1.20952
1.7619
1
3.2381
3.57143
1.00952
6.54286
1.01905
4.94286
3.48571
4.42857
1.05714
5.86667
1.31429
1.01905
3.33333
1.02857
6.31429
1.45714
5.73333
1.74286
1.11429
6.58095
6.35238
1.07619
5.30476
1.08571
1.04762
1.19048
4.87619
7.49524
1.60952
5.95238
1.59048
5.50476
5.7619
4.57143
1
4.21905
3.17143
1.25714
1.02857
1.00952
5.59048
1.12381
4.85714
5.4
4.02857
3.17143
1.10476
5.55238
5.19048
1.04762
1.05714
5.26667
1.1619
1.01905
1.2381
1
1.42857
4.66667
1.02857
1.0381
6.32381
1.05714
5.46667
4.59048
1.0381
1.00952
6.54286
1.10476
1.21905
1.26667
4.87619
1.06667
1.86667
5.54286
7.02857
1
1
1.09524
1
4.53333
1.04762
6.19048
1.1619
1.02857
6.85714
1
1
1.05714
1.66667
5.6
6.33333
4.59048
1.00952
6.2
1.07619
1.00952
1.0381
5.47619
1.10476
1.69524
1.05714
8.3619
5.28571
5.3619
1
1.21905
2.48571
1.01905
1
1
1.01905
3.49524
1
1.90476
1.14286
1.02857
4.17143
1.00952
1.10476
4.00952
1.5619
1
1.19048
1.0381
1.22857
6.81905
1
1.11429
1.13333
1.06667
3.64762
1
1.04762
2.4
1.4381
1.00952
1.06667
1.2
1.0381
5.90476
4.06667
4.6
1.1619
1.29524
3.88571
2.11429
1.13333
1.01905
1.59048
1
4.2381
2.92381
1.32381
1.94286
1.1619
3.24762
4.97143
1.82857
5.4
7.24762
2.47619
5.98095
1.02857
1.8381
10.0571
2.28571
4.37143
1.05714
4.91429
1.12381
1.05714
1.0381
6.54286
1.0381
1.06667
1.3619
1.69524
1.05714
1.26667
1.00952
1.02857
4.65714
4.95238
2.35238
5.47619
1.1619
5.26667
1.47619
1.19048
1.13333
3.72381
3.61905
4.19048
3.79048
8.97143
1.00952
1.14286
4.2381
4.58095
5.01905
1.13333
4.52381
1
1.20952
1.02857
1.2
1
1.09524
1.02857
2.31429
1.0381
1.09524
1.19048
1.13333
1.10476
1.02857
1.0381
1.0381
1.20952
1.08571
1.04762
1.05714
5.98095
1.01905
1.02857
1.10476
4.38095
1
1.06667
1.02857
4.85714
6.57143
1.11429
1
4.27619
3.4
2.70476
1.01905
1.07619
3.91429
1.00952
1.06667
1.05714
1.07619
5.19048
6.09524
4.57143
1.06667
3.39048
1.17143
5.4
1.02857
7.01905
4.8
4.58095
4.22857
4.37143
1.89524
1.08571
3.90476
7.48571
5.5619
1.06667
3.31429
2.21905
1.02857
1.14286
1.07619
3.57143
1.0381
3.90476
4.08571
1.02857
1.47619
1.21905
1.49524
1.0381
6.12381
1.21905
1.31429
1.06667
3.4381
4.28571
1.0381
1.07619
4.68571
1
1.11429
5.25714
4.07619
1.09524
1.14286
1.01905
1
4.15238
3.73333
4.40952
4.51429
1.05714
1.33333
5
1.02857
1.32381
3.6381
1.02857
7
4.19048
1.10476
1.01905
1.01905
4.2
6.88571
1.00952
1.02857
1.18095
4.88571
1.01905
5.21905
1
1.01905
1.04762
1
1.01905
1.29524
1.09524
1.15238
1.02857
1.02857
1
1
2.54286
1.10476
3.98095
1.58095
1.05714
1
1
1.15238
1
10.5905
1.0381
1
3.95238
1.00952
5.78095
1.05714
3.13333
1.73333
1
1.01905
1.22857
1.05714
2.49524
1.04762
1.57143
4.68571
1.08571
1.24762
1
1.02857
1
1.2
1.07619
5.17143
5.48571
3.90476
1.02857
1.01905
1.04762
2.11429
5.5619
4.98095
1
4.12381
5.90476
1.79048
1.04762
1.0381
3.50476
1
2.64762
1.04762
1.15238
1.1619
1
6.31429
1
1.50476
2.49524
1
1.06667
2.75238
1
1.08571
1.06667
2.74286
1.01905
1.29524
4.94286
1
1.0381
1
5.78095
4.4
1.12381
1.0381
2.93333
1
1.04762
4.74286
1.05714
1.09524
6.64762
1.12381
7.09524
5.38095
3.54286
1.2381
1.70476
1.27619
1.33333
1.06667
2.94286
1.10476
1.20952
1
3.54286
1.05714
1.10476
1.00952
6.06667
1.06667
1
1.06667
1.02857
1.08571
1.12381
7.17143
5.1619
1.21905
1.24762
6.06667
4.07619
1.17143
3.99048
1.21905
1.07619
5.70476
5.57143
1.08571
1.5619
4.6
1.68571
1.00952
5.46667
3.64762
1.18095
4.97143
1.00952
5.10476
1.2
6.39048
1.04762
1.11429
5.39048
1.05714
5.99048
3.87619
1.51429
1.04762
1.05714
1.24762
1.06667
1.07619
1.20952
1.01905
4.21905
4.98095
5.62857
5.67619
1.05714
1
3.24762
5.59048
5.72381
1.04762
1
1.17143
1.01905
2.46667
1.0381
1.39048
1
1.12381
2.30476
1
3.60952
1.04762
6.13333
4.59048
1.2
1.06667
3.99048
5.17143
1.11429
7.81905
1
1.2
3.06667
5.82857
3.47619
6.82857
1.06667
1.04762
1.04762
1.04762
3.52381
3.81905
5.50476
1
3.48571
5.9619
1.09524
1.17143
6.11429
5.72381
1.21905
2.2
1
2.12381
4.47619
3.72381
1.00952
1.07619
1.01905
5.57143
2.1619
1.04762
4.94286
1.07619
4.27619
1.07619
4.88571
1.2
1.22857
1.10476
4.4
6.86667
1.31429
1.09524
1.08571
1.05714
5.07619
1.0381
1.04762
1.20952
5.08571
5.26667
4.2381
1
1.06667
1.17143
4.55238
5.40952
1.10476
1.62857
7.6381
7.45714
3.22857
1.01905
5.18095
1.09524
1
7.14286
1.69524
1.18095
3.45714
1.28571
1.01905
1
1.06667
2.90476
6.70476
1.81905
1.15238
1.08571
1.35238
1.4381
5.40952
6.45714
4.7619
1.8381
1.04762
1
5.27619
5.92381
5.14286
2.89524
1.08571
3.05714
1.1619
3.11429
6.0381
4.51429
1.34286
4.12381
1.00952
1.12381
1.00952
4.02857
1.13333
1.09524
1.0381
1.12381
1
5.85714
1.44762
1
3.93333
7.52381
4.88571
6.89524
1.01905
1.38095
1.1619
1.31429
1.64762
5.74286
1.87619
1.1619
4.14286
1.05714
1
5.95238
2.78095
1.19048
1.00952
5.24762
6.31429
1.9619
4.60952
1.31429
1.00952
1.18095
1
1
1.02857
1.01905
1.10476
1.12381
1.06667
1.09524
2.35238
4.01905
1.05714
1.11429
1.29524
5.72381
1.0381
1
2.74286
4.24762
1.51429
1.17143
1.01905
7.79048
1.08571
1.14286
5.08571
1.2
1.12381
1.00952
1
1.09524
1.05714
6.74286
1.0381
1.00952
1.48571
5.97143
5.65714
1.10476
1.04762
1.15238
3.98095
4.26667
1.01905
4.90476
2.37143
1.21905
1.12381
1
6.10476
4.48571
1
4.40952
1.00952
1.12381
1.10476
1.04762
7.90476
3.46667
1.05714
1.05714
3.95238
1.05714
7.67619
6.24762
1.02857
3.57143
1.22857
1
1
1.15238
1
1.11429
1
5.6
1.07619
1
1.02857
1.06667
1.01905
5.00952
1.01905
1.21905
4.84762
6.20952
1
3.67619
1
3.18095
1.08571
3.22857
4.73333
1.00952
2.01905
1.01905
5.44762
1.08571
1.10476
1.15238
4.60952
1.00952
4.50476
1.10476
3.85714
4.8
1.00952
5.98095
1.00952
1.20952
4.98095
1.12381
3.72381
6.37143
1.07619
1.08571
4.73333
1.15238
1.21905
6.10476
1.30476
1.05714
4.22857
3.27619
1.05714
1.34286
5.19048
6.80952
4.92381
3.58095
1.20952
4.05714
1.13333
3.69524
1.07619
1.01905
9.20952
4.86667
1.08571
1.05714
3.84762
1.05714
1
1.24762
3.05714
1.24762
5.75238
1.06667
4.38095
1.10476
4.9619
1.00952
1.81905
1.19048
4.26667
1
1.02857
1.65714
1.15238
3.37143
1.11429
7.45714
5.21905
1.02857
4.0381
1.25714
1.01905
1.02857
1.00952
1.17143
3.58095
4.06667
5.4
1.01905
1.02857
1.05714
1.13333
1.77143
1.06667
6.77143
1
4.91429
1
1.35238
4.97143
3.31429
1.0381
1.04762
2.90476
1
1.08571
6.52381
1.08571
1
1
1.06667
1.12381
1.19048
5.86667
1.00952
3.05714
5.08571
1
1.0381
1.00952
3.50476
2.6
7.59048
3.1619
3.51429
1.01905
3.89524
2.4
3.32381
4.59048
4.20952
1.01905
4.4
2.82857
4.97143
1.21905
3.84762
2.48571
1.14286
1.13333
1.08571
1.07619
1.00952
4.33333
1.15238
1
1.46667
2.0381
1.00952
1.01905
1.08571
1.06667
1.31429
1.02857
1.02857
1.01905
1.20952
1
5.45714
1.04762
1.05714
