3121 15605
241.1
43.6
69.7
135.1
116.5
94
97.8
81.2
58.6
48.9
24.3
31.9
13.2
14.6
16.9
11
12.2
54.2
30.6
62.8
31.6
12
14.7
50.7
13.7
81
11.8
13.6
13.7
10.5
103.1
53.4
109.9
88.3
45
74.2
21.4
35.8
15.9
114.7
27.3
165.4
103.3
69.6
11.3
114.9
23
14.8
15
12.9
85.6
28.4
33.4
11.5
57.3
10.2
11.6
20.8
38
11.5
14.6
25.2
142.6
12.9
179.2
299.5
66.7
250.9
19.6
13.3
243.5
182.6
145.2
49.8
213
10.5
24.9
20.7
58.1
11.1
12.5
10.1
10.4
10.3
14.2
11.9
11.4
50.7
15.3
13.8
17
10.4
11.9
10.1
22.3
10.3
11.3
10.4
59
10.3
13.2
10
11.4
10.4
21.3
10.8
10
10.2
12.6
102.9
10.2
18.4
11.5
10.9
60.5
10.6
21.4
10.4
15.1
10.4
91
134
195
38.1
178.2
14.1
23.9
163.5
22.5
10.4
12.5
83.6
52.9
23.9
26.2
42
24.8
23.2
36.5
16.7
41.7
102.3
49.7
61.2
22
12.1
40.9
264.9
24.8
149.8
97.5
55.9
43.7
273.4
10
55
18.4
77.3
47.7
57.8
99.8
19.2
46.1
119.5
106.3
12.6
81.6
10.6
60
10.7
288.3
147.3
56.6
56.8
84.7
17.8
109.7
227.4
292.1
280
28.6
46.9
13.6
108.1
220.3
33.9
50.3
51.3
199.2
103.3
50.7
210.3
40
57.1
203.6
10
15.7
111.8
124.4
118.7
24.7
69.9
16.9
59.6
159.7
132.2
35.2
95.8
90.5
55.2
43
68.9
20.3
10
90.5
12.3
10.8
215.6
55.6
33.7
83.2
22.2
10
67.6
40.3
70.8
27.7
137.1
52.3
104.1
32.4
21.8
98.9
25.8
10.1
10.2
49.3
52
48
19.7
43.9
50.4
14.6
32.4
39.4
12.1
68
15.3
16.3
53.5
12.3
148.9
105
64.2
164.3
265
25.3
13.6
67.1
72.9
161.9
73.8
10.8
43.2
59.2
27.4
13.7
10
25.8
11.5
16
43.6
168
17.1
135
302.7
37.7
11
70.1
23.4
13
10.6
17.9
16.3
104.7
13.8
20.9
28.1
10.8
19.2
10.3
27
11.5
10.8
16
10.1
27.2
13.6
16.2
11.2
16.2
12.1
20.6
129.3
68.2
11
10.5
35
28.8
17.1
19.3
36.8
109.6
13.5
64.7
55.5
10.3
23.6
17.4
49.9
12.2
11.7
58.9
20.5
39.5
14.6
86
10.4
258
26.3
10.9
28.1
15.5
11.7
16.8
30.9
29.6
22.6
24.9
11.6
11.8
10.8
16.6
22.5
19.6
11.2
90.9
12.8
72.9
20.4
19.7
11.7
16.8
27.1
60.5
99.1
35.8
62.4
34.2
17
15.3
58.4
185.1
12
48.1
11.6
48.1
28.7
20.6
13.6
10.9
12.8
14.6
81.9
11.2
51
72.6
19.7
20
13.1
17.4
13.3
14.2
50.2
83.5
36.6
12.7
18.1
16.8
13.5
52.8
24.9
10
68.4
30.6
12.8
19.4
13.9
17.9
10.7
22.6
16
31.9
48.8
39.2
13.5
13.5
12.3
11.1
14.8
13.9
10.2
11.4
10.6
192.1
20.1
49.6
12.3
11.8
28.4
20.2
11
10.7
10.5
10.5
16.6
21.2
13.7
11.7
11.3
14.8
12.5
15.1
27.3
55.3
15.1
27.5
10.2
10.7
192.4
165.4
164.8
69.3
11.4
22.1
10.6
10.2
31.6
12.7
15.8
10.4
67
13
11.2
10
11.4
11.9
10.1
13.4
14.6
10.8
13.1
10.1
12.2
36.7
10.3
13.9
11.8
15.7
12.1
26.1
33.7
16.3
13.4
14.4
12.9
10.7
31.3
15.8
22.5
10.9
15.3
87.7
16.2
12.6
84.9
30.1
11.4
10.1
100.9
219.9
21.7
12.8
11.6
296.7
10.4
39.7
11
55
13.2
12.4
10.7
41.7
62.4
47.8
53.7
31.2
10.4
11.5
12
10.1
10
61.7
12.1
10.3
125.9
16.9
12.6
62.5
12.1
10.6
10.3
11.5
18.4
19
112.5
13.5
10.4
10.8
125.7
27.6
20.9
16.9
33.5
31.4
316.9
68.5
36.3
91.5
119.8
47.1
47
46.7
12.9
125.3
48.9
29.3
61.4
16.1
19.8
174.8
286.2
130.2
11.9
16.5
13.2
10.3
19.3
21
10.9
39.7
63
41
19.2
24
11.6
14.6
11.7
16.7
22.9
48.6
36.4
16.3
24
42.6
10.7
17.8
10.7
13.8
11.2
10.4
11.4
27.1
85
10.5
55
57.6
11
13.4
131.1
27
27.7
10.6
74.2
51
11
105.6
20.3
15.8
30.2
10.3
12.1
14.5
29.9
25
12.5
173.8
12.5
11.1
17.4
19.2
152
20.5
26.6
27.3
22.9
19.2
13.7
11.4
12.5
11.6
39.8
12
33.7
13.7
12
129.8
19.6
52.6
110.1
12.3
43.5
46.5
21.8
12.5
136.9
51.5
27.4
14.3
58.2
14.5
19
11.2
73
10.6
11.1
19.8
11.7
12.2
130.3
10.4
29.7
18.6
44.5
28.2
21.6
16.5
11.2
37.1
35.7
32.5
76.6
11.7
37.6
12.9
33.9
10.4
70
10.6
11
26.7
12.5
23.6
10.9
13.5
11.8
11.1
14.5
32.2
13.5
19.2
12.4
95.2
33.1
11.1
47.3
55.1
21.8
11.9
11.1
100.3
109.5
48.1
114.4
54.1
10.5
21.6
164
93
14.8
63.2
75
23.8
17.3
21.5
96
16.1
14.5
20.2
10.6
29.6
22.3
13.3
10.1
35.5
23.1
11.6
42.1
10.6
32
10
165.1
18.1
14
46.4
12.8
18.9
10.3
11.2
65.9
30.7
24.8
27.1
16.1
10.6
18.8
20.4
63.1
81.9
10.4
10.3
10.3
33.1
25.5
10
10
10.1
12.9
74.2
124.2
73.9
147.8
48
10.2
15.2
12
12.3
113.3
71.8
92.9
21.7
12.7
13
110.7
113
187.3
10.3
10.9
24.9
10
68.1
10.1
50.3
10
64.8
10.1
10.1
12.2
15.7
26.6
10
10
45
10.5
10
27.5
13.1
10.2
20.5
166.4
142.2
53.1
10.7
28.7
269
26.7
38.5
216.9
43.1
11.7
10.7
92.7
10.4
10.1
110.4
62.8
26.7
39.5
11.7
143.7
26.6
18.1
10.1
20.3
14.1
19.1
25
83.6
59
61.9
67.7
45.6
10.7
10.5
15.4
46.2
23.4
64
13.8
20.7
51.7
146
18.2
102.9
14.3
12.9
19.4
15.2
61.7
11.9
42.1
10.3
10.2
10.9
10
53.4
52.7
58.3
22.8
12.3
10.3
34.7
11.9
22
11.1
12.5
25.2
22.6
10.1
111
24.8
27.4
27.2
12.6
11.1
12.6
15.1
10.3
60.1
14.9
14.5
338.6
14.7
10.1
14.4
10.6
14.3
71.1
32.7
18.2
11.7
94.6
72.9
13.2
10.2
135.8
11.8
10.5
161.2
41.2
11.4
10.3
11.2
23.6
10.4
10.2
54.5
56.6
10.3
10.2
11.1
27
100.6
28.7
10.5
130.2
56.6
270
12.4
12.5
11.1
10.5
10.2
233.3
15.3
34.9
10
30.5
10.9
15.1
10
12.9
47.7
26.9
11
38.3
98.7
10.9
49.2
34.6
18.5
29.3
12.2
10.2
12.9
184.7
14.2
12.2
10.1
13
16.2
17.7
25.2
27
56.7
21.9
12.9
14.3
10.2
55.4
10.8
20.1
22.2
13.4
12.3
24.8
11
12.4
10
10.7
10.6
54.4
10.8
41
11.6
36.7
110.5
10.1
13.5
119.9
14.8
95.8
10.1
17.1
53.3
39.2
65.3
14.2
11.7
18.7
12
88.6
19.5
30
11.6
11.2
117.9
12.8
27.7
27.1
12.6
35.6
15.3
21.2
10.1
54.1
17.4
16.1
88.3
201.4
41
19.6
15.4
205.2
122.3
21.5
63.2
27.6
17.9
11.5
194.9
10.7
10.5
56.6
91.8
35.1
11.6
59.4
10
12.9
11.3
10.2
29.6
44.6
34.1
50.1
16.6
24.8
62.7
22.9
12.1
19
10.3
14.1
23
10.8
11.3
10.2
10.3
10.5
11
13.3
40.8
71
61.1
40.4
11.5
10.2
10.4
14.4
11.7
12.2
10.5
11
18.8
14.9
44.3
14.7
18
19
16.5
80.4
41.1
10.3
12.9
18
11
29.3
13
17
125.2
17.9
13.1
64
48.6
20.8
85.5
13.7
71.9
12.7
38.4
14.4
11.4
45.6
10
15.5
30
16.4
11
15.5
62.8
10.4
36.1
10.1
11.4
12.1
18.8
10.7
10.5
64
10.6
10.2
10
10
10.1
36.6
10
114.9
20.6
82.4
48.3
103.1
10.3
30
15.1
14.8
10.1
10.6
32
13.9
192.6
17
10
45.7
11.5
10.4
10.4
15.5
33.5
19.8
77.5
13.2
10.4
11.2
15.6
10.4
137
39.8
10.5
37.1
10.7
24
46.1
10
16.4
10.7
19.3
16.2
10.3
13.5
19.9
14.5
26
17.3
11.6
11.1
16.9
10.1
10.1
10.2
10.7
10.1
10
11.2
91.3
10.7
14.2
93.4
10.3
12
52.8
24.2
10
25.4
11.9
98.1
10.4
10.2
68.5
44.2
170.4
128.5
12.2
37.7
10.2
10
11.7
120.9
27.1
29.8
17.3
10.2
12
11.3
10.7
64.7
10.4
13.4
12.1
10
17.3
10.6
14.1
61.6
14.4
59.8
10
11.1
10.8
25.6
65.4
41.6
12
26.9
60.5
12.9
49
11.4
10
12.5
13.7
21.8
106.2
135.2
12.6
13.1
13.5
11.6
10.3
19.4
10.1
10.1
35.6
17.4
105.2
23.4
18.9
48.3
68.5
12.3
117.4
10.4
14.3
25.2
10.5
10.3
54
21.7
51
19.7
28.9
112
16.1
185.7
191.6
10.6
14.7
11.2
25.1
251.4
302.3
154.3
119.7
10.2
10.3
35.6
10
11.6
16
22.4
11
11.4
10.3
11.2
88.8
22
233.3
48.3
10.1
10.1
41.9
27.5
83.2
11.2
11.5
69.1
77
15.4
10.9
14.5
13.4
10.2
10
11.3
10.8
11.6
13.6
11.1
12.2
10.5
23.2
10.6
10.7
10.6
11
32.3
11
18.4
10.2
10.3
10.1
16.2
21.2
157.3
10
42.5
29.9
14
50.8
52.9
11.9
10.4
14.9
11.2
41.9
142.3
10.5
69.3
11.6
13.3
11.1
10.2
11.9
39.3
11.9
95.2
52.8
12.3
59
37.7
10.7
10.1
13.6
10.1
13.2
10.3
21.8
167.6
40.7
17.4
16.1
10.7
12.2
122.2
33.3
13.2
66.9
10.5
10.9
11
10.2
25.3
10.7
16.9
160.5
10.8
10
10.6
11
20.5
54.1
91.5
10.6
17.9
39.9
10.5
26
10.2
20.9
10.4
16.7
12.2
259.7
26
11.9
13.1
15.1
13
23
10.6
20.3
10.7
11.6
45.5
29.8
12.1
36.7
81.9
10.7
29.5
11.4
14.8
10.9
10
41.4
10
12.2
115.3
14.6
14.8
231.4
10.1
14.6
10.2
90.4
227.1
189.7
27.4
11.4
34.3
80.2
10.1
12.6
105.6
16.2
10.3
10.6
10.4
52.8
10.8
24.7
10
31
10.7
11
248.8
11
40.5
10.1
16
73.9
237.8
10.1
52.2
11.9
10.9
45.6
11.4
13.2
15.4
11.7
17.5
11
38.6
125
10.9
10.1
10.4
10
60.2
19.7
25.7
10.7
10.7
83.1
37.2
78.6
115.6
67.4
22.7
88.2
15.1
32.1
23.3
12.4
10
43.4
11.3
18
13.9
15.7
57.2
14.8
19.3
98.5
10.2
10
11.7
10.4
25.7
16
13.7
16.7
49.5
10.2
11.3
17.7
10.1
78.2
10.3
83.9
220.2
153.2
30.8
11.9
18.1
17.6
10.6
10
67
14.5
14
10.6
10.5
33.3
12.5
36.8
14.5
10.3
21.5
13.5
15.1
11.9
11.4
62.3
27.3
10.1
10.4
19.1
17.6
12.3
13
48.6
19.5
75.6
26.1
23.6
14.3
11.8
11.2
35.5
10.9
15
25.2
10
10.4
10.3
11.8
27.2
127
10.1
15.5
11.5
10.4
10.1
26.8
62.1
16.8
17.1
10.6
10.2
11.2
11.2
10.4
10.1
10.1
18
21.7
15.8
11.3
73.6
32
10
20.3
12.2
25.3
27.2
39.9
52
121.5
93.8
13.8
161.6
10.1
102.5
83.8
17.9
19.3
10.1
13.8
71.6
10
11.1
10.6
12.2
10.1
11.1
10.3
85.2
61.6
25.4
91.5
11.7
11.2
12.2
37.5
12.3
10.7
10.1
10.1
10.4
21.8
54.1
22
10.8
10.5
10
10.6
23.2
48.1
10.5
64.6
73
28.2
10.9
10.9
13
10
10.5
60
10.5
10.4
10.1
48.8
10.6
19.8
10.2
14.4
10.5
194.1
12.5
13.5
10.5
11.1
10.2
202.2
162.2
12.5
13
11.5
34.7
87
10.3
45.4
69.5
49.6
14.6
88.4
10.2
10.4
34.7
10.4
13.3
11.1
11
128.8
15.4
177.9
28.4
45.7
54.4
10.2
14.9
17
29.1
10
16.4
49.3
16.3
10.6
10.3
12.9
11.2
16.8
10.3
10.1
10.9
10.1
10.7
10.5
26.5
10.3
150.2
10.2
93.4
10.5
28.1
10.3
63.4
111.7
147.5
147.7
10.8
11.6
52.2
11.8
11.6
59
91
17.2
35.6
11.2
50
93.2
58.1
286.3
84
52.1
10.3
38.2
185.1
16.6
62.5
229.7
38
244.9
102.2
235.3
167.4
59.3
66.6
23.8
39.6
54.9
42.9
68.9
76.5
116.9
19.3
47.8
13
10
69.4
15.9
81.1
259.9
25.3
136.2
12.7
132.2
10.3
11.2
120.4
32.4
31.9
14.4
15.8
220.7
115
68.1
142.2
80.5
12.3
19.9
26.9
66.2
26
33.1
91.4
65.1
17.3
19.6
80.2
46.7
14.5
73.4
81.8
206.4
14.7
10.1
63.5
13.1
26.4
17.7
33.5
16.2
22.1
59.4
76.3
44
88.9
10.9
16.3
10.1
10
22.9
23.1
27.9
20.5
70.3
18.2
17.5
11.4
24.6
22
13.2
44.9
212.3
130.7
72.7
33.3
16.6
12.2
98.3
147.1
61.3
14.3
18.1
16.1
10.1
213.2
134.9
12.1
47.2
97.8
35.2
71.4
10.3
32.6
176.9
71.1
185.6
210.2
154.4
11.1
48.2
42.2
28.5
10.2
16.9
10
12.4
16.6
22.8
23.4
12
149.3
51.2
10.4
88.8
10.3
53.8
52.9
10.7
10.8
37.4
18.4
102.2
10.8
10.4
13
80.4
44.8
10.5
12.1
38.5
10.2
10.1
17.6
11.7
11.2
14.9
11.9
10.4
17.3
21.1
13.3
10.7
13.3
10.9
23
40.9
11.1
19.2
18.1
10.2
10.3
11
13.1
15.9
17
10.1
11.3
13.7
16.8
10.5
13.1
44.4
10
15.4
17.4
42.4
11.4
85
15.1
45.4
77.4
10.5
25.6
21
11.6
39
10.3
14.7
10.4
10.7
17.5
83.4
18.1
10.2
19.9
26.1
55
13.6
12.8
10.2
59.5
22.5
31.3
10.9
15
10.6
18.6
11.2
10.7
10
10.1
12.4
76.5
12.4
13.5
10
10
11
38
78.1
10
10.4
12.7
10.4
17.6
10
10
16.3
10
10.8
19.9
11.5
30.8
14.6
10.6
10
15.9
10.7
98.1
10
10
10.2
10.1
166.9
10.1
10.2
11
34.1
80.2
10
11.9
10.5
28.5
25.3
84.8
10.5
17.3
10.4
22.5
11.9
12.4
11.8
11.7
21.2
10.3
10.7
11.4
16.3
10.6
10.4
11.3
11.7
10.2
10
18.8
21.1
10.1
10.5
10.1
16
11.2
11.6
140.8
22.2
10
39.7
47.5
33.3
16.1
12.7
57.3
20.7
10
22.2
27.7
49.2
10.6
38.2
10.5
15.7
10
27.1
106.6
10.1
17.5
10
12.2
10.1
11
30.5
13.1
10.1
14.9
14.3
11
10
10.1
10.2
16.9
10.3
10.2
45.8
10
10.1
11.6
10.5
10.6
10.1
13.5
10
10
10.1
69.9
10.6
10
10
10.3
10.1
13.9
10.6
10.6
10.4
10.2
100.8
10
41.8
36
11
10.2
11.1
10.5
13.1
15
10
11.9
11.2
10.3
12.1
10.3
11
22.3
11.4
12.4
10
10.2
10.1
18.5
13
16.1
13.3
29.7
13.5
11
13.1
28.3
10
24.5
10.8
11.1
72.4
62.6
14.8
78.3
17.1
10.3
42.9
14.7
61.4
18.2
40.5
10
53.6
10.1
17.8
17.8
14.3
48.1
35.7
20.2
54
10.7
10.7
11.6
11
15.9
11.2
11.5
21.3
10.3
10.5
10.1
65.9
36.9
11.7
13.8
12
12.5
14.3
12.7
16.3
10.3
10.4
10.1
13.5
10.1
10.5
10.2
11.9
65.7
10
10.1
50.4
10.7
10
10.2
21.7
27.3
158.3
41.3
10.5
17.5
10.7
15.4
10.8
10.9
11.1
14.2
11.9
29
57.3
41.3
14.7
14.2
10.2
11.2
23.6
81.4
97.7
12.2
13.3
14.3
30.1
82.2
10.7
12.8
29.8
11.9
10.2
14.7
10.1
72
25.1
19.1
11.2
28.9
23.9
11.5
28
10.6
66.5
51.2
11.3
96.3
10.4
16.2
42
11
10.2
10.9
76.6
11.1
22
14.4
10
10.2
10.5
11.8
14.9
20.2
20.1
10
16.4
156.8
17.6
71
12.7
11.5
26.8
12
24.5
12.3
10
61.9
51.5
11
10.6
54.8
51.4
11.8
10.6
10.4
13.6
101.9
14.1
14.5
12.3
13.1
112.7
16.1
13.2
45.8
10.2
11
10.7
10.2
20.5
10.6
10.4
17.7
10.1
23.2
14.4
10.1
12.3
10.4
10.6
62.7
64.1
27
11.7
18.1
25.8
10.2
12.6
41.6
10.4
82.8
51.3
27.1
10.6
10.3
23.5
88.8
18.5
10.8
26.5
14.7
13.7
98.5
34.4
10.1
12.3
12.6
11.5
10.2
12.1
12.4
13.4
10.7
11.7
15.5
10
13.5
28.2
13.1
19.7
36.3
23.6
10.1
14.4
22.6
10.5
15
13.5
10
10.2
16.6
49.1
17.3
13
11.8
13.1
48.3
10.1
18.9
13.7
33.6
54.3
13.4
51.7
21.9
10.5
10.9
12.8
10.5
12.7
16.4
35.7
11.2
10.8
10
10
10.1
10.3
10.3
14.9
10.8
11.6
11
11.1
35.6
13.9
11.1
10.1
10.2
45.9
22.6
10.5
11.1
47.1
12.1
21.6
12.6
10
10.9
10
49.5
15.5
10
11.6
15.5
30.9
16.6
23.3
10.7
12.2
10.5
10.1
10.3
23.3
11.2
26.9
23.6
12.4
10
13.8
10.1
11.7
10.4
10
27.4
10.2
11.7
17.5
11.9
10.3
13.1
11.3
11.2
12.9
11.7
12.7
10.8
16.2
100.4
25.8
52.5
11.8
10
10
11.8
10
10
10.3
10.6
18
11.9
10
12.1
34.5
12
11.2
13.1
24.9
33.5
189.2
12
64.2
10.8
10.2
30.9
41.8
10.1
10.2
276.2
68.1
22.5
10.5
15.2
119.2
10.7
15.6
11.9
10.9
12.2
34.6
42.1
34.8
19.3
23
56.6
10.4
41
10
12
10.5
13.6
16.5
10.3
10
10.8
19
37.8
12
11.5
11.3
20.6
24.4
10.5
13.2
11.5
14.8
43
10.7
47.6
31.1
40.1
10
11.5
11.7
38.4
12.4
10.7
15.7
10.3
10
10.1
10.4
10.9
13.9
10
10.3
10
82.2
23.9
10.1
11.1
10.3
11.2
13.4
153.2
66.3
10.1
11.7
10
13
10.1
10.7
10.4
10
10.2
10
10.4
14.5
10.2
11.9
12.1
10
10.1
10
11
10.1
57.7
10.1
10.1
26.2
11.1
24.7
11
10.6
42
33.1
10.5
20.7
38.2
10.6
10
10
10.8
66.9
10.1
23
11.4
10.1
12.4
10.9
66.3
10.1
26.4
12.6
10
16
10
10.3
11.4
11
18.5
10
10.3
10.1
22
11.1
10
10
20
16.3
39.8
10.2
10
31
10
19.6
10.3
10.1
10.4
10.2
10.1
10
12.7
10.2
10.6
10.8
31.4
10
10.4
10.7
12.2
19.5
10
10.2
10
11.6
10.5
11.6
13
11.7
10.1
10
14.3
10
10.5
11.7
10.5
10.1
10
30.4
17.3
10.3
12.3
14.1
27.5
10.1
10.1
11.7
10
10.4
28.4
10.2
15.6
10.1
10.1
13.6
17.5
11.1
26.9
10
10.2
10.1
10.2
10.2
10.2
12.6
11.2
10.6
25.5
19.7
10.1
10.8
11.1
12.4
31.6
44.9
10
10
10.4
10.2
11.3
29.9
50.5
10.3
10
10.3
16.2
56.4
10
10.6
11.2
52.2
10.7
11.2
10.2
11.5
10.2
10.2
10.6
11.5
39.1
10
12.8
11
10.2
15.4
10.1
10.6
10
13
10
18.7
11
10.1
14.4
21.5
12.6
12
10.1
11
10.3
46.4
13.5
24.3
63.1
19.3
13.3
10.1
22.9
28.3
11.4
21.2
26.8
11.2
50.5
11.2
10
11.5
10.1
10.7
21.2
22.6
10.7
19.7
10
11.4
12.7
20.1
10
11.9
10.3
11.7
88.2
44.1
12
10
10.6
10.4
10
10
10.8
16.1
10.8
10.1
29.9
11.1
10.9
43
10.2
10.4
14.7
42
10.1
31.2
40
38
10.6
10.4
10.8
10.1
13.3
11.9
15.6
12.3
48
10
10.8
17.2
10.7
36.8
10
13.9
28.2
47.4
10.4
18.7
10.7
16.8
47.1
10
10.9
10.3
10.3
47.1
20.8
26.5
55.5
12.6
29.1
10.4
10
10.4
15.3
10
10.8
10.8
175.8
10.7
12.9
13
10.1
10
12.4
10.3
10.7
12.5
37
10
10
10.1
10.7
10.6
20.5
10.5
11.3
11.2
13.2
10.4
10.2
10.1
10.9
64.8
10.1
10.2
13.3
10
12.2
12.1
43.6
21.9
10
10.5
10.1
11.1
15.4
10
10
10
19.9
12.3
19.7
10.1
10
10.3
91.1
24.6
12
55
10.9
12
10.1
11.8
10
10
10.4
10.4
10.3
10
10
11.3
10.1
10
10
41.1
10.9
67.1
73.3
10
10
11.9
11.5
12.3
15.1
10.7
25.7
24.9
10.3
10
10
13.8
11.1
10.1
11
10
10.2
30.5
10
11.3
10
11.1
10.5
26.4
14.9
11.8
10
10.4
10
10.4
10.7
10.1
10.1
27.6
10.3
10.2
19.3
10.2
10.6
10
10
10
10
12.4
15.4
10.2
11.1
11.1
11.4
10
14.4
88
10.1
10.1
25.3
10
12.1
10.7
11.9
13.1
10
10
25.7
10.1
10.3
18.5
12.6
10
45
11.2
10.1
10.2
10
10
11.6
10.5
10.1
10.5
13.3
10
10.1
10
12.1
10.3
10.3
35.2
10.3
10
16.2
10
26.8
10
19
10.5
10
10.2
61.8
10.4
10.5
10.5
10
10
10
41.1
10
10
10
23.5
10.6
10
10
13.1
12
10.2
10.3
10.1
10
10.8
10.3
10.6
11.1
10
10.6
10
10
10
10
10.8
10
10.7
10
10.3
11.6
20.8
10.1
10
10
10
39.7
58.1
14.2
16.5
10.1
10
12.6
10.2
10.8
10.4
10
15
15.1
13.6
10.4
10.4
11.3
11.8
16.7
15.8
54.1
10.5
35.3
10.2
146.7
16.4
20.7
10.3
12.2
13.4
10.3
71.8
55.2
11.1
13.3
10.6
12.5
10
10.6
10.2
10
10
10.4
45.5
10.4
36.1
10.5
13.9
18.9
10
10.2
49
10.4
10.1
10
14.7
10
11.2
10
10
10.4
11.1
12.3
10.1
10
10
10
10.4
15.6
11
28.2
15.9
10
10
10.2
10.2
11
10.6
10.1
10.1
10.8
10
10.3
10
10
10.3
10
10.2
10
10
10.2
11.1
13
12.6
26.9
10.1
20
10.8
10.1
10
10.4
10
10.1
10.1
10
10.1
10.1
15.1
10.9
12.2
16.9
10.3
10.5
10.1
10
10
10.3
10.6
13.7
10.6
10
18.5
10
