10876 34740
21.4476
14.0571
5.41905
14.2286
7.02857
10.0667
11.4381
6.61905
14.6667
16.6286
18.819
7.80952
11.7619
8.59048
19.8857
10.5143
4.54286
15.1333
6.39048
23.3333
21.8095
12.2381
6.02857
16.0571
5.84762
18.2381
15.4762
5.73333
6.60952
5.27619
6.47619
8.82857
9.73333
8.79048
9.26667
6.8
13.381
13.1048
16.0857
11.0571
4.18095
18.2286
26.7429
13.1619
6.71429
8.51429
15.7524
15.2571
5.33333
13.5429
6.98095
13.1238
15.6095
9.15238
11.219
17.4667
5.61905
9.18095
11.9429
9.35238
15.2286
18.2286
21.8667
13.1048
6.91429
13.0857
7.89524
5.38095
19.0476
10.0286
21.7333
9.28571
10.181
11.3524
11.5524
10.2952
9.98095
12.7143
12.2952
12.5143
12.181
8.53333
7.44762
14.9429
8.09524
9.00952
20.5143
14.5905
9.17143
9.02857
8.10476
10.8381
6.59048
14.7714
7.9619
9.17143
14.7238
15.9905
9.5619
12.9905
23.0571
14.3524
10.8476
5.79048
11.2667
16.019
14.3238
5.39048
5.08571
16.1238
13.8286
9.10476
13.2952
10.2762
7.92381
12.1429
8.9619
14.4857
16.1905
11.4476
23.581
7.79048
6.21905
9.89524
5.9619
20.6286
17.6
18.6286
20.1714
17.5143
9.81905
14.7429
10.4571
6.59048
16.3714
13.981
16.019
16.2
12.619
6.71429
19.6
23.0762
13.5143
13.419
6.47619
21.3143
16.0667
13.7143
13.0762
15.9048
12.5524
17.2667
16.2952
13.3619
12.4095
16.8286
15.819
11.3238
5.86667
9.19048
11.5333
17.7619
10.8381
11.3619
17.5333
14.4095
9.77143
7.28571
13.9048
7.15238
9.32381
13
9.8381
11.3905
7.80952
5.47619
12.2571
14.3524
22.0857
16.219
16.3429
19.0952
7.20952
23.4762
12.4571
12.0571
10.8286
9.79048
11.5905
25
15.181
12.6
12.2952
10.6857
17.1714
9.3619
6.67619
8.12381
6.93333
16.3333
9.28571
9.77143
8.62857
14.6286
6.45714
5.81905
13.6952
8.13333
13.5238
14.9048
8.26667
16.2952
7.32381
17.1143
14.4667
9.42857
8.71429
6.71429
12.7238
6.97143
9.82857
7.08571
10.7524
18.8571
12.0952
6.41905
10.8
6.44762
6.44762
6.70476
14.9143
9.2
10.4667
7.71429
8.60952
7.42857
13.1619
9.84762
6.0381
8
5.32381
9.65714
5.71429
9.70476
16.6
18.8381
15.1905
17.1333
12.2667
11.7714
11.2571
10.6095
9.90476
5.8381
9.86667
10.4667
13.2
10.1143
11.9238
10.381
15.0667
12.9048
13.1714
5.66667
9.2
4.71429
14.6476
18.2571
19.6095
14.7238
19.1143
18.0952
21.4476
10.5143
7.5619
13.5619
14.0667
8.88571
14.9333
16.619
17.6381
13.5714
6.2
8.74286
15.781
16.5333
6.99048
14.981
13.0476
19.4381
12.3048
14.9048
15.8095
13.7143
15.8857
15.1524
12.5048
16.8571
15.8952
7.40952
8.49524
15.0381
14.5905
17.4952
15.6286
11.1905
13.9429
9.04762
6.81905
14.0381
17.6476
20.5238
16.0762
19.1905
15.5238
8.0381
7.15238
14.2571
22.7619
13.6857
7.61905
7.51429
14.9524
12.6667
11.5238
12.0095
10.9238
14.5238
14.7619
13.619
4.60952
24.2476
5.97143
6.89524
10.2
9.02857
6.22857
5.09524
10.7714
13.7524
13.3238
9.40952
5.54286
10.3238
5.18095
16
22.981
6.61905
11.2667
9.6
15.6
16.2762
14.619
5.65714
11.5143
10.8476
12.1429
6.92381
11.4095
6.47619
4.30476
14.4
5.9619
11.8667
11.3048
13.8667
11.5048
12.2857
10.6095
12.4571
12.2857
8.54286
7.2
9.08571
6.00952
5.15238
8.42857
7.2381
17.1333
15.0571
9.82857
8.05714
19.9333
19.4667
7.72381
24.7619
19.1333
18.8667
14.7619
13.5524
10.1143
14.6857
21.419
13.619
19.819
16.4095
24.8667
12.181
11.5524
13.2286
5.3619
14.8857
9.9619
14.0476
8.0381
7.29524
14.9238
20.2095
14.2
17.181
5.20952
8.98095
12.6476
11.1905
12.3429
13.8952
7.10476
12.1714
16.3048
9.18095
22.7048
10.8667
11.9238
6.90476
11.3333
9.12381
10.1429
6.1619
4.82857
8.53333
8.80952
8.1619
12.5143
5.2
15.0381
11.6667
15.819
10.9238
13.7429
9.40952
12.581
9.12381
13.3714
11.0286
12.181
16.2286
14.4381
9.62857
7.29524
10.5143
16.2857
10.8857
19.1048
10.5048
15.1238
12.9714
17.9429
11.9143
17.381
11.619
14.1143
10.8476
17.2857
12.1048
9.60952
9.34286
10.3429
5.45714
6.04762
10.2952
14.5619
10.2286
4.32381
13.981
9.72381
13.8762
15.781
17.8952
14.6
12.2667
7.61905
10.0667
16.6286
4.84762
17.2095
8.49524
15.9143
10.9238
10.5619
13.8667
25.0667
9.7619
16.8286
13.9333
11.3714
11.4381
7.75238
13.4476
13.7619
8.2
15.4571
19.419
13.4667
4.75238
13.4571
11.7619
18.4381
14.4286
22.3238
19.2762
12.9143
7.33333
9
9.33333
13.6476
7.30476
18.0381
9.7619
5.90476
10.6952
5.8381
17.1905
14.019
11.6762
7.32381
18.1619
11.4476
9.9619
16.9524
13.781
15.2381
6.17143
6.50476
5.9619
9.68571
6.86667
12.2762
15.5238
14.4476
4.85714
12.6
12.3048
14.1333
17.7143
14.1714
15.2381
13.3238
13.2286
8.97143
10.8286
12.0952
10.2
9.30476
7.89524
12.5619
7.99048
16.3905
12.3905
7.99048
10.019
10.8286
17.2762
11.6667
5.69524
7.81905
22.1143
16.2286
15.3714
14.8095
14.019
29.2952
15.9238
13.1524
14.4
12.1524
14
11.4952
23.0095
6.65714
23.8857
11.819
10.0571
13.5619
10.9714
5.41905
6.4381
9.41905
23.8476
14.3333
8.62857
14.9905
5.49524
16.781
9.34286
7.11429
18.0667
7.60952
10.8762
8.15238
11.9333
13.0571
6.99048
12.7905
10.1238
7.55238
4.99048
10.9048
16.781
15.7333
14.9333
22.1905
20.5714
5.34286
4.37143
6.94286
4.84762
13.0571
6.53333
17.5429
13.9524
9.21905
5.88571
12.7048
9.79048
16.2095
24.8571
6.84762
11.3238
13.3905
11.3905
8.87619
12.3333
7.0381
7.2
5.37143
8.94286
9.4381
16.9714
13.6
22.1429
8.58095
9.25714
21.8952
8.27619
4.98095
9.67619
6.39048
4.93333
11.1714
9.9619
8.94286
9.32381
15.7905
8.00952
20.1333
9.45714
12.7143
19.0952
15.7143
16.0667
7.30476
9.12381
10.6571
17.5714
18.8286
7.77143
9.39048
21.019
12.6952
16.7143
11.1048
12.381
5.89524
4.88571
15.3905
12.3524
11.2286
12.6667
10.1619
11.181
9.68571
17.2286
15.8952
10.7905
13.5143
9.6
20.7333
19.4381
11.819
7.78095
9.99048
7.91429
20.0381
10.419
9.77143
10.2095
15.7714
7.65714
12.3905
7.71429
7.0381
16.0857
22.419
11.9238
8.55238
10.5238
17.819
5.30476
10.9333
9.14286
8.10476
16.419
11.4571
14.5333
10.5048
7.78095
11.4
13.0286
13.9048
4.20952
18.9905
8.02857
15.5048
17.1619
13.019
10.581
12.7714
16.8952
19.7048
11.2
10.7619
21.5714
14.0952
20.3333
5.28571
5.4381
6.00952
11.7714
9.80952
20.1143
4.39048
8.53333
16.9143
8.86667
5.21905
16.3333
12.4952
15.619
12.181
11.8286
13.7905
23.219
6.44762
9.04762
7.2381
7.58095
10.2476
13.5429
6.65714
19.9048
14.0095
10.3429
11.1333
13.6
9.41905
21.1524
7.4381
17.0667
12.8762
15.9238
17.3048
4.32381
10.8286
24.419
9.34286
15.4381
18.6667
15.4667
17.2952
11.181
16.381
15.1905
13.4476
13.4571
15.3333
8.92381
12.6476
5.72381
13.1429
10.4667
7.08571
18.4952
15.2857
22.3524
14.8476
10.0476
25.6667
18.9714
15.3905
12.4952
7.60952
13.2762
21.7333
16.0667
13.5714
10.9905
15.4952
7.19048
6.94286
19.3524
18.019
8.98095
6.31429
10.9143
5.48571
14.2571
15.3429
9.42857
14.0952
12.4
14.5143
14.7333
13.1905
30.7238
6.90476
11.1524
13.1905
11.9143
8.58095
10.8857
17.0857
15.9429
11.5048
11.581
13.0857
19.0762
10.6952
10.381
11.5429
9.73333
14.0381
13.4952
6.08571
6.46667
6.4
8.3619
11.6857
13.3429
11.7143
17.7524
8.86667
13.5238
7.74286
12.7714
15.8571
14.3048
4.57143
10.9333
6.20952
4.39048
7.13333
11.7524
9.3619
5.95238
5.05714
17.3048
11.9524
12.0667
8.45714
12.3143
14.5429
9.84762
19.0286
7.88571
12.3143
4.1619
11.5333
9.55238
12.9048
8.18095
11.8476
6.57143
9.55238
6.98095
13.6
13.9143
7.38095
8.97143
7.26667
5.66667
9.55238
4.60952
12.4762
18.781
13.4381
15.2667
12.6
6.04762
11.3619
7.70476
10.8
12.0476
14.5143
6.21905
7.48571
10.6857
7.2
8.9619
15.7714
12.181
10.8381
16.419
9.6381
18.5238
8.87619
14.0857
11.7714
16.7048
11.3619
18.019
9.99048
9.20952
15.8857
10.9619
11.1524
7.45714
8.26667
9.38095
5.00952
5.28571
18.219
13.1238
10.4571
14.8095
21.1524
11.6476
6.46667
9.57143
12.5619
13.7333
11.7048
11.819
22.6762
16.5905
5.01905
21.4952
18.9143
15.9429
16.9238
9.61905
5.92381
18.781
12.8762
14.5429
10.5905
13.9238
6.2
8.97143
15.7429
19.6952
11.0381
13.8952
8.1619
16.0952
18.819
8.47619
14.6095
15.0857
12.9429
7.50476
17
14.8952
15.7238
9.35238
8.8
12.6476
15.581
15.3048
23.981
16.219
19.181
6.88571
6.89524
4.89524
7.20952
10.0476
14.3619
14.0762
18.2762
10.4
15.9238
9.1619
10.2857
16.4476
7.87619
12.7048
14.019
13.581
19.5619
7.93333
4.48571
18.9143
4.91429
13.3714
15.0952
13.2857
5.86667
8.51429
5.91429
11.2
7.57143
9.01905
14.7524
9.29524
12.9619
13.4476
20.6381
15.1905
15.819
13.5048
19.3048
8.58095
9.92381
16.6476
7.68571
7
20.4
15.181
6.21905
15.1048
17.6952
12.1905
24.2286
11.9429
15.0857
9.80952
8.74286
24.5524
9.86667
16.2381
27.0952
8.87619
9.06667
10.3905
9.4381
11.9333
6.79048
8.28571
4.1619
11.8857
14.8857
14.3238
11.9619
11.6667
14.419
12.2857
15.2952
14.7238
16.0857
13.7429
10.219
16.0095
11.6857
17.2381
19.1048
11.6667
14.2667
7.80952
17.6762
14
5.00952
15.2476
6.85714
6.21905
9.18095
12.181
8.29524
11.6476
19.9333
17.1619
12.6762
9.78095
8.40952
12.6952
14.1905
10.4667
8.54286
9.17143
5.59048
8.80952
15.8667
9.29524
17.7333
10.7429
14.3714
10.3714
6.35238
23.6476
6.85714
23.3238
4.74286
7.5619
14.0762
22.7048
15.0952
18.4762
15.6667
17.4476
9.80952
7.80952
13.5905
9.81905
7.12381
9.15238
7.72381
12.819
6.44762
14.4381
7.87619
12.3429
12.3048
13.0857
17.6286
16.0571
10.419
20.8762
15.6571
16.419
12.6952
4.17143
20.8857
15.6571
12.019
9.40952
13.1143
9.07619
15.3143
6.09524
12.619
8.9619
9.35238
13.4095
5.84762
12.819
6.27619
8.45714
20.6667
23.0762
11.9905
13.9333
13.6
7.87619
5.59048
5.77143
10.1619
13.7143
13.9429
14.4
5.33333
7.86667
8.34286
14.6952
22.8286
17.3048
12.1333
12.1238
6.33333
15.381
15.619
9.13333
14.4857
18.7714
13.0762
23.3524
13.8571
9.06667
14.781
8.08571
11.0286
12
8.57143
16.3143
14.7905
12.4571
10.9048
5.3619
8.46667
5.46667
12.7429
8.67619
9.84762
11.0381
5.90476
15.4095
12.4
12.5619
13.9238
12.8476
4.59048
14.1238
15.4476
13.5048
12.9333
6.61905
7.67619
19.5524
11.3333
17.4
11.0762
7.4
5.75238
16.3333
9.30476
8.60952
12.1238
13.5238
8.54286
9.1619
10.981
15.8952
6.41905
12.4476
16.2857
5.8381
13.5333
7.84762
17.9333
11.4952
10.8381
14.2381
14.5143
16.0286
9.26667
6.87619
5.42857
8.70476
11.7905
4.87619
7.55238
4.8381
18.0667
11.1238
10.5714
16.4
12.9238
13.219
6.69524
5.95238
13.5619
7.75238
19.381
9.78095
14.7048
9.8
11.6667
11.5048
4.60952
12.0476
6.28571
5.15238
10.781
10.9714
24.0952
21.2
11.2571
14.3238
13.1714
12.6571
11.9333
9.98095
11.781
9.54286
19.819
10.0667
24.0095
8.99048
10.1333
8.26667
14.8
5.86667
7.65714
12.0857
17.7714
8.93333
15.1238
15.419
4.35238
9.92381
8.94286
9.19048
9.75238
13.1238
6.68571
15.9143
15.9524
11.6571
4.99048
10.0857
5.28571
9.71429
12.8381
8.25714
15.581
7.12381
12.019
5.55238
18.6095
12.9048
24.1524
9.01905
18.6571
10.1429
10.3429
9.6381
12.381
13.5619
16.0476
12
10.6381
13.5048
15.9143
11.219
20.4571
11.8571
18.1143
17.1333
10.3905
7.51429
7.90476
9.67619
14.5238
8.86667
12.581
9.49524
11.7619
7.98095
13.9905
7.73333
5.71429
12.5143
11.2286
14.6952
9.47619
9.74286
7.17143
17.3905
13.6952
9.71429
13.3333
8.89524
11.5143
14.2286
7.17143
13.1905
7.40952
6.88571
10.6476
11.2762
13.9905
12.381
10.381
5.29524
12.7333
10.3143
15.619
12.9333
8.59048
9.87619
17.4
5.72381
7.41905
12.2667
8.62857
13.3333
22.581
6.10476
5.70476
12.9143
10
8.8
19.1238
11.1429
7.44762
14.4952
5.8381
8.55238
12.9429
13.1619
7.55238
10.5333
8.27619
10.619
13.5905
8.34286
11.9905
7.6381
7.94286
5.61905
17.8381
13.6476
5.01905
13.7524
8.25714
8.65714
13.5905
9.42857
8.9619
15.3429
16.3905
10.3619
13.0952
5.91429
11.2381
9.74286
21.8286
13.3238
14.419
15.7905
16.2571
4.8
10.6
9.62857
13.9238
14.9429
11.6952
11.5143
11.2476
9.02857
12.1619
8.86667
15.5524
7.52381
11.8
6.59048
8.08571
9.58095
6.90476
18.2286
9.80952
16.8762
9.20952
5.6381
18.5238
13.1619
8.01905
18.981
8.65714
10.1143
29.5619
26.2571
11.019
11.5143
13.2286
18.3048
12.6286
8.55238
15.019
5.61905
11.7429
12.7619
6.45714
11.9048
17.3714
17.5714
18.8667
5.49524
7.73333
12.1143
14.181
17.6762
13.1429
20.2476
13.0571
6.84762
14.9048
10.5143
21.5333
15.1619
13.5714
11.5714
17.4857
9.66667
11.5619
13.3524
10.7714
17.9048
11.6095
13.6667
14.9524
24.3619
14.5048
6.4
8.48571
11.419
13.8571
12.2286
19.6
17.3048
6.08571
11.8952
9.33333
17.381
16.619
19.3429
11.8667
11.419
6.86667
7
11.9524
12.1333
6.71429
11.2
16.5048
23.6095
12.8857
13.2667
9.67619
17.7333
5.61905
10
8.73333
18.0667
20.4857
11.581
9.91429
8.18095
15.5714
11.0381
10.2095
10.7714
6.46667
6.2381
8.13333
4.45714
6.00952
9.65714
9.31429
14.9238
14.4381
17.381
9.62857
4.92381
8.48571
7.65714
13.6381
9.37143
22.181
7.79048
4.67619
17.0667
10.9048
10
10.0571
14.7429
13.7905
9.70476
18.0952
13.0381
22.5619
4.62857
14.8667
14.3048
4.26667
15.3619
14.019
18.5524
11.6
7.60952
12.0286
16.0381
15.4
15.9333
6.27619
15.6476
8.62857
20.9333
10.8952
14.1143
16.981
13.8762
16.1905
12.581
9.80952
11.4381
16.4667
10.8381
13.6095
9.46667
5.93333
8.25714
9.4381
14.2762
21.5714
12.581
11.9714
15.9143
10.1048
13.5238
7.37143
7.85714
10.7714
12.0667
10.4286
6.38095
6.81905
6.90476
4.98095
7.99048
8.89524
5.2
12.3048
9.68571
21.5619
9.42857
20.1143
4.46667
14.9429
9.51429
14
16.0381
20.4286
8.26667
7.81905
5.4
14.7143
10.8286
10.3429
6.02857
16.3429
17.781
9.27619
12.9905
15.5429
10.5048
11.2095
16.9619
12.2476
4.67619
5.13333
12.7238
14.2571
17.7429
16.3714
11.981
16.219
12.9619
16.8
7.0381
5.6381
10.6
10.0762
8.17143
8.17143
5.06667
17.1143
15.8571
6.79048
7.93333
9.31429
11.3333
9.86667
9.0381
7.58095
14.6476
11.1143
5.8381
13.1429
17.3524
13.0762
11.2857
5.42857
5.72381
8.6381
20.6381
15.5714
5.75238
5.80952
12.2476
7.12381
10.9714
10.9524
14.3048
14.6571
17.1905
15.6571
11.5619
4.68571
14.4571
4.13333
9.20952
20.7619
10.1333
11.2095
16.2857
13.5238
5.61905
5.82857
6.60952
14.3048
7.4381
6.89524
9.2381
5.32381
6.54286
6.11429
23
13.4762
14.381
7.30476
10.819
11.8286
6.64762
9.25714
9.02857
10.1048
9.11429
5.7619
8.95238
9.55238
21.9524
12.8476
13.4381
23.781
5.09524
15.6571
17.3524
16.0667
15.0571
11.7905
6.7619
14.019
15.1048
14.4571
5.12381
7.48571
10.4381
16.6857
6.35238
6
13.1619
14.1714
4.49524
17.0095
15.7429
5.29524
6.80952
20.2571
12.3048
10
7.51429
10.7238
8.95238
7.60952
10.0857
5.87619
10.6952
18.981
10.1429
13.019
5.53333
13.3524
9.33333
11.1524
10.819
4.26667
12.6952
8.90476
6.21905
12.5905
16.2571
8.97143
9.48571
15.8667
10.381
8.55238
7.29524
5.15238
5.18095
7.46667
12.9429
6.11429
7.30476
12.5333
9.32381
6.15238
15.9714
7.45714
6.42857
14.5905
7.42857
10.7429
8.6
12.0571
6.47619
12.2095
7.51429
10.3619
35.019
13.4952
13.581
15.2952
9.18095
15.419
9.49524
15.4
17
10.2762
12.5238
21.3048
14.5714
12.6476
12.8952
10
9.02857
9.57143
4.8
10.1905
21.4381
9.71429
16.4857
14.4571
8.84762
14.6667
5.07619
13.4762
5.47619
8.69524
13.9429
10.5238
7.57143
11.419
16.1619
7.72381
13.1619
12.3524
16.6952
11.9333
7.08571
13.6952
7.14286
10.9619
18.2762
19.9143
9.6
14.8857
6.48571
6.54286
19.5143
7.05714
8.84762
12.1333
10.3238
5.11429
17.819
7.48571
10.0476
9.40952
6.94286
14.8667
15.0857
14.3524
17.2952
14.3905
13
12.3619
15.581
12.4571
8.14286
17.9143
8.25714
8.26667
8.33333
15.2571
12.3143
5.34286
11.8952
12.4857
15.181
14.0762
6.17143
18.819
10.4857
16.7524
16.8095
9.44762
15.781
9.15238
11.6476
8.28571
13.9524
14.5143
17.181
15.0762
6.20952
10.4095
9.92381
21
9.13333
15.4952
6.5619
5.39048
7.87619
12.0286
17.2762
5.51429
12.7238
7.21905
14.0667
5.93333
11.2286
12.3048
10.7714
9.29524
9.80952
11.3143
14.1429
18.3333
19.2476
8.75238
12.0286
4.8
6.45714
7.68571
13.1048
6.46667
6.06667
13.9143
14.4857
11.8857
13.581
8.80952
7.80952
10.8
7.45714
14.1619
5.50476
9.73333
19.1048
12.2286
20.7143
15.1238
10.2857
9.2381
10.1333
5.11429
5.65714
8.14286
5.12381
15.9524
16.5143
15.5429
7.66667
13.2667
5.2381
7.20952
9.1619
14.1714
16.5619
12.9238
15.2571
7.98095
12.8095
8.98095
14.5524
13.1619
15.2667
9.22857
15.5238
7.57143
6.34286
14.9905
10.7238
10.2
14.2476
7.39048
9.11429
12.581
16.1905
17.0476
6.7619
17.9619
23.4952
12.2095
11.6857
22.5619
12.6857
12.8476
8.68571
10.3524
11.0095
17.381
8.73333
15.4857
12.5333
14.3905
4.09524
8.05714
7.06667
10.4381
8.10476
16.5905
5.90476
13.8476
7.00952
23.8762
8.67619
14.8286
11.0476
5.08571
6.70476
8.90476
8.19048
7.10476
14.0762
10.019
5.99048
12.3238
8.2
9.39048
9.62857
8.97143
8.68571
12
10.3238
10.9238
12.4095
4.70476
14.3143
11.1429
9.35238
10.3905
18.4286
12.3143
9.9619
8.07619
5.13333
12.2857
12.3714
8.80952
12.6571
10
8.27619
12.3619
19.6476
14.3429
7.50476
18.8571
21.8381
9.13333
5.73333
14.219
6.02857
12.6571
22.1048
15.0857
14.3524
15.4476
8.95238
9.91429
9.59048
6.54286
18.181
14.2476
12.1905
8
15.9429
12.3143
12.3429
9.51429
12.3048
15.2952
5.34286
11.581
12.1429
7.95238
13.8857
5.37143
8.39048
10.4286
10.2
6.68571
13.9619
7.39048
7.31429
12.1238
4.85714
20.4476
11
20.1524
13.7619
6.72381
10.7333
10.6571
4.21905
19.5143
7.26667
21.2
11.0381
19.1143
6.64762
11.8667
9.50476
8.04762
8.48571
13.5048
19.5524
14.5905
8.08571
15.8381
8.37143
18.0476
15.3905
9.4
14.7524
14.2286
9.37143
12.619
14.2476
9.74286
12.2095
7.90476
9.22857
7.86667
14.5333
8.85714
6.45714
19.6381
19.5143
12.2381
8.79048
9.26667
15.2857
14.8095
20.7143
18.1905
10.381
9.12381
9.19048
12.6667
13.1048
12.5048
5.05714
6.17143
5.20952
18.3714
8.47619
13.1238
11.0381
6.75238
9.94286
11.4762
11.0286
16.5238
9.58095
4.82857
16.8667
5.46667
4.7619
13.0571
14.9714
8.8381
11.6
15.4952
12.8762
21.5429
12.2381
15.9429
10.7524
14.3048
15.781
4.91429
15.2857
13.0857
7.7619
5.48571
8.73333
8.25714
8.59048
8.00952
7.66667
6.25714
17.9429
10.8286
11.9333
16.2667
16.2571
8.92381
6.84762
16.6381
15.0762
11.1524
5.93333
14.9143
12.7333
10.7429
13.0381
17.6667
7.99048
17.0286
11.3333
5.01905
6.09524
13.3905
12.4667
14.6952
10.7619
5.25714
5.29524
25.381
9
6.28571
9.34286
24.5143
10.6095
7.01905
14.4857
6.38095
6.75238
16.2762
5.10476
8.41905
5.58095
12.8476
4.72381
11.7524
4.69524
16.0381
15.7905
7.85714
4.40952
15.4571
14.6476
12.4952
4.4381
15.6
10.981
10.9238
14.8952
12.5714
9.73333
5.42857
10.7143
15.8095
10.2381
10.4667
10.6095
6.15238
8.12381
5.6381
5.69524
5.66667
12.2286
10.8667
5.91429
9.58095
15.7143
12.581
6.50476
20.8667
12.3238
11.2571
12.2857
13.0762
12.3524
13.0476
4.41905
12.8952
11.6952
15.0762
22
5.68571
15.5048
14.9619
5.58095
9.29524
17.9714
18.1429
7.10476
10.1619
13.7619
16.7714
8.04762
12.1048
12.0095
19.4381
13.8571
15.8952
8.19048
20.5143
10.0571
8.2381
6.22857
7.99048
17.6762
8.20952
7.19048
15.419
10.5714
12.1619
7.37143
4.28571
20.4762
10.381
15.1143
22.1714
10.2857
9.8
4.9619
11.4
17.6381
7.33333
18.1905
6.48571
10.6952
12.8571
12.2095
13.4857
17.2095
14.4381
12.3714
12.5619
12.3238
14.2381
8.6381
19.3905
11.3905
7.95238
11.0476
10.6667
14.2571
7.45714
9.65714
7.80952
8.00952
6.24762
23.0667
5.24762
4.82857
9.22857
12.6952
11.5524
20.1619
11.5333
11.3333
17.9048
10.9905
7.7619
5.81905
15.019
8.67619
10.1429
16.0667
5.50476
11.7905
19.1905
14.5714
11.1238
10.981
10.5619
13.8476
5.73333
8.67619
8.20952
4.55238
15.7619
17.0476
10.8286
8.06667
22.4476
19.2857
16.0667
12.1429
5.17143
8.75238
11.8
11.5238
16.8381
12.581
14.5429
15.6667
9.01905
7.40952
16.5905
15.6667
10.3048
10.8
11.6952
8.99048
10.9143
8.14286
10.5429
12.6095
14.0381
13.7143
8.44762
21.2
6.75238
10.0095
10.8095
5.6
12.4
4.82857
17.5524
11.6571
11.5905
12.8952
9.34286
15.219
11.2762
7.25714
7.51429
12.8571
10.1143
10.2762
16.8857
9.18095
13.581
10.5619
8.37143
5.40952
6.78095
17.181
7.97143
6.55238
7.18095
13.5238
12.8
7.8
24.1524
15.4476
8.81905
16.3905
7.3619
10.1429
6.25714
16.3048
13.7619
17.7143
17.8476
12.5429
8.57143
7.4381
14.6667
16.7333
9.99048
14.6095
14.9905
13.7429
9.39048
14.4857
14.4571
9.8381
17.7429
10.5905
6.35238
18.381
15.4095
7.12381
21.2286
6.81905
7.75238
16.619
8.49524
10.8952
7.24762
19.4952
11.1905
17.4095
14.9714
14
13.7714
7.0381
10.419
7.64762
9.07619
6.65714
20.8952
9.95238
5.66667
10.3905
10.4762
7.18095
10.4667
8.29524
7.18095
12.8286
12.7524
6.72381
4.8381
10.0286
6.62857
12.4667
8.1619
12.2095
8.15238
13.1333
10.6095
8.59048
11.5714
18.6
8.33333
9.52381
9.3619
10.781
12.2
20.3619
12.6286
4.98095
17.7905
11.7048
9.72381
6.92381
8.3619
10.1238
9.90476
9.37143
7.93333
19.1333
8.24762
4.13333
9.4381
17.5905
18.7333
9.37143
11.7905
9.60952
22.0667
10.6952
13.8952
4.20952
13.0381
11.019
15.7714
8.97143
7.74286
12.2476
9.39048
17.9524
8.08571
8.67619
25.4952
10.1905
28.7524
10.2762
11.3238
13.1714
9.4381
6.66667
16.8667
14.4762
7.95238
16.3619
6.3619
9.01905
15.1143
6.86667
4.77143
12.5238
12.1524
14.9333
8.79048
9.31429
19.2
19
7.85714
16.4857
4.33333
5.09524
4.06667
12.9619
25.619
10.0095
12.8571
12.6667
9.13333
8.17143
15.619
7.40952
10.6857
13.1143
6.70476
14
7.94286
10.9714
5.0381
11.0095
13.4286
16.4952
14.4095
6.05714
7.51429
10.2667
12.581
15.6476
14.8095
10.7619
17.5619
13.3429
7.64762
14.2952
10.9714
12.9429
13.6762
15.9333
9.5619
10.3429
12.981
8.40952
15.7524
16.2667
20.0857
17.6381
17.8952
7.48571
17.9143
19.0476
12.819
13.0857
7.92381
4.87619
42.0286
11.0476
8.66667
14.7619
9.72381
9.68571
12.9905
18.8857
9.26667
19.2
13.2476
4.42857
7.35238
15.1143
4.08571
4.98095
13.7714
19.6952
5.22857
8.98095
16.1524
11.819
23.0667
14.1905
11.8857
5.4381
12.9333
7.2381
12.9333
6.29524
15.8
10.2476
6.19048
10.2095
7.3619
7.26667
6.74286
5.6
6.06667
10.4095
15.7619
13.619
7.17143
16.019
10.2286
9.50476
8.32381
13.9143
7.09524
12.7238
5.60952
13.5143
15.6667
16.4381
10.9238
10.981
18.0476
12.3238
15.9238
8.60952
13.019
13.6381
12.8857
4.74286
7.50476
8.30476
10.5238
11.419
15.4857
18.3143
13.9905
12.7238
12.6667
4.9619
9.92381
13.9429
10.4762
13.7429
15.8667
10.1048
14.019
7.68571
6.00952
12.5048
15.619
17.2857
6.5619
11.4857
16.9048
15.7905
10.1238
20.9905
13.5429
5.73333
8.09524
21.419
21.4381
8.8381
16.4381
15.0381
8.73333
11.3048
15.4286
9.82857
19.2286
11.0952
12.9048
14.5143
9.47619
20.4095
6.42857
9.90476
7.49524
12.5429
11.8381
12.5619
12.581
10.419
6.95238
12.4095
11.619
9.7619
5.70476
7.70476
9
7.72381
11.1238
5.04762
13.6571
12.2381
12.0095
11.1905
14.8095
10.4667
5.50476
8.53333
9.86667
5.25714
13.3333
19.0667
13.0476
9.22857
7.57143
7.86667
9.27619
10.8381
9.14286
12.6571
11.9524
8.84762
12.5524
11.1714
10.8952
12.2381
10.7429
6.5619
12.1429
7.87619
25.2286
11.1238
8.40952
6.46667
6.02857
13.4952
5.0381
16.9048
17.1619
11.8762
12.8381
5.7619
14.8857
8.35238
12.1048
6.59048
10.181
7.95238
5.66667
16.0857
14.5048
13.1429
8.84762
6.7619
5.01905
7.34286
11.2762
7.74286
10.5905
10.2571
7.40952
21.6
12.5429
19.3524
14.0762
17.181
15.019
14.3333
9.07619
23.0952
8.69524
11.819
19.2095
10.181
9.24762
9.44762
6.21905
8.33333
21.181
7.81905
9.14286
6.4
7.93333
17.9238
10.4095
15.5619
11.419
4.92381
8.93333
10.1429
6.30476
8.13333
8.14286
8.89524
11.6571
8.37143
7.72381
9
10.9524
6.04762
7.37143
9.92381
10.8571
17.6
11.181
17.5714
14.7619
8.88571
4.71429
11.8
7.95238
6.62857
14.8857
5.32381
10.5429
18.0667
15.2095
15.3619
9.17143
8.29524
18.6381
6.00952
15.7048
12.8857
9.55238
7.28571
13.781
15.6857
11.981
7.91429
6.99048
15.1524
5.0381
15.4952
5.57143
11.619
12.781
12.4095
18.9238
20.5048
15.6571
4.5619
10.3333
9.8381
13.3524
7.48571
4.89524
13.2286
14.9905
5.65714
6.7619
7.34286
8.70476
15.6381
17.2571
8.22857
13.6571
4.70476
13.5048
11.7333
5.71429
8
12.3048
11.219
8.4381
20.781
15.8952
8.19048
17.4857
21.2476
6.37143
11.1238
9.65714
10.0857
13.5048
4.74286
22.3143
8.67619
19.2952
13.619
6.35238
6.2381
20.5429
9.54286
8.61905
19.5143
10.7429
6.30476
10.7429
8.9619
5.20952
16.8667
6.75238
10.5333
10.7714
9.74286
10.0762
6.54286
13.381
14.6762
13.7048
14.6667
20.3619
11.9238
9.86667
22.4952
15.5143
16.5619
11.3524
9.09524
5.87619
4.94286
7.90476
13.6476
6.41905
18.7619
15.7143
8.38095
7.02857
4.79048
6.55238
10.8381
12.2381
13.0952
5.27619
7.09524
13.8857
18.7714
11.6095
13.019
10.8286
23.9524
7.01905
9.22857
14.0476
15.6762
14.4476
14.0571
8.55238
11.8381
10.1048
12.619
6.34286
4.60952
14.3905
10.7333
14.8762
9.88571
17.8095
13.3905
7.07619
11.7905
13.2
5.38095
14.7333
19.5619
16.9429
12.4952
9.29524
21.6286
13.3238
14.2667
9.57143
5.42857
13.4
6.5619
7.80952
13.3238
15.581
16.1238
9.51429
8.17143
13.1905
15.8381
8.94286
11.5238
10.7714
8.18095
14.3524
7.09524
8.47619
5.40952
19.6
5.04762
15.9619
17.3524
9.45714
5.91429
6.24762
17.6476
10.5619
16.6381
4.71429
11.4
7.75238
10.4286
15.7238
12.2
5.60952
14.1048
10.1048
13.7143
14.4571
11.0095
17.1238
13.381
7.64762
15.1905
19.2381
4.55238
16.7048
14
6.92381
18.8762
13.8762
8.88571
5.75238
18.5619
11.0095
12.7619
5
14.3238
7.81905
7.30476
5.12381
17.8571
16.3524
20.5143
9.42857
7
18.1143
30.5714
8.57143
11.219
12.1333
17.7619
11.5429
10.8857
9.47619
16.3429
4.26667
7.45714
14.3905
10.6571
19.1048
17.2286
19.9429
6.99048
9.11429
16.6667
8.19048
14.3429
8.70476
11.3143
7.66667
17.8857
13.0286
15.581
5.89524
9.45714
14.8476
8.6
8.49524
13.419
15.5429
10.5429
12.9238
19.019
19.8286
9.89524
14.1429
8.67619
4.35238
10.8
10.5524
17.8095
9.35238
7.68571
11.981
15.5238
11.8286
6.14286
6.6
9.65714
9.52381
12.2571
7.77143
10.4667
12.2381
11.6762
6.04762
13.4381
10.1619
11.6
13.4952
15.8571
12.6286
7.08571
20.9333
6.38095
14.9143
9.67619
6.45714
8.74286
9.86667
11.3619
10.7143
8.92381
15.4381
11.2
5.80952
12.1714
9.21905
6.35238
5.54286
11.7905
10.4381
10.2095
5.11429
16.8
9.77143
9.04762
4.57143
13.2381
9.01905
17.2667
14.0476
6.4381
14.4476
9.85714
6.66667
9.40952
10.6095
12.6952
13.581
7.77143
5.71429
5.31429
13.3905
8.20952
8.4
13.8857
11.6286
12.5429
12.4762
11.4476
11.7714
18.0571
13.9429
6.73333
5.38095
5.92381
6.98095
8.93333
11.1048
12.181
14.4
19.3333
12.0381
9.59048
18.4857
10.3143
12.619
11.8
9.78095
6.32381
14.7048
5.8
18.4857
6.08571
8.82857
9.94286
10.6381
7.92381
6.35238
11.981
11.0095
10.8286
5.77143
19.7714
22.9619
18.2476
7.27619
8.64762
15.4762
5.22857
8.98095
7.57143
12.2571
18.1333
6.37143
6.53333
7.06667
11.1905
10.0952
21.5143
11.5143
9.39048
12.2
9.89524
19.2571
7.04762
8.10476
11.2667
12.2952
7.72381
8.33333
9.52381
6.88571
6.93333
10.4952
12.0762
12.0571
18.0667
12.581
15.7524
13.7905
13.1238
14.3619
8.32381
5.19048
12.5143
17.0762
4.92381
11.2952
16.3048
9.53333
12.0667
5.46667
10.0952
11.1905
10.5429
16.2381
8.58095
17.1143
15.3429
6.1619
7.40952
6.51429
10.7905
11.181
6.71429
11.7048
11.0095
12.3143
5.20952
15.4667
20.819
11.4857
14.4857
12.7143
5.88571
69.3619
5.98095
12.2952
10.6286
12.9429
16.9238
8.79048
7.40952
8.65714
6.26667
13.0571
5.06667
19.0095
6.6381
15.9524
23.6762
4.4
16.5238
6.88571
12.9524
11.6952
8.3619
10.8
13.4286
15.7238
6.42857
13.4952
18.4571
15.2762
18.4476
13.0381
24.7524
13.619
15.3429
15.3333
8.86667
18.6095
14.4286
11.0571
13.6
15.5905
15.9429
10.4095
13.9333
4.91429
10.2667
14.0381
16.8381
4.61905
7.21905
6.37143
15
13.0476
8.89524
18.7524
11.2667
11.7714
15.0476
16.7429
9.88571
10.1429
9.50476
6.54286
4.4
10.2571
14.2
5.57143
8.82857
16.3714
11.4571
6.9619
6.88571
7.95238
6.04762
8.25714
12.5238
14.2381
12.5905
6.98095
17.8095
12.1333
11.4857
5.25714
7.00952
5.15238
11.3905
14.2762
10.3429
15.4571
22.4762
10.0857
7.19048
7.62857
10.619
13.3333
18.2952
11.4571
10.8
7.0381
14.7714
8.68571
6.28571
15.6571
12.9714
8.89524
5.69524
14.2
12.5429
9.10476
9.65714
10.5714
9.85714
4.80952
9.02857
9.26667
7.06667
12.4381
10.7714
11.6857
7.97143
14.581
5.70476
11.7619
11.4667
17.2
15.0095
13.7143
11.1429
9.5619
19.019
19.1048
7.61905
12.9429
7.52381
17.781
14.019
8.89524
10.4762
20.7048
12.1714
10.2857
18.7048
16.5714
7.15238
11.981
13.1619
13.1429
9.10476
5.50476
6.3619
5.30476
19.8857
6.87619
10.3048
14.381
7.3619
6.94286
12.3619
7.93333
16.0286
17.5048
6.84762
12.9429
9.11429
9.15238
8.35238
12.6
10.0381
11.3524
10.9714
12.9143
10.5619
14.219
17.9524
13
7.0381
6.2
13.9905
13.8381
7.80952
5.06667
6.49524
9.68571
13.0095
11.8381
12.4476
20.3048
4.50476
13.781
5.61905
6.2
11.2381
6.5619
8.8
6.51429
21.7238
8.71429
5.25714
11.9143
10.6381
14.4476
8.48571
14.7429
9.57143
7
11.0952
9.94286
11.619
14.4857
6.33333
14.419
6.15238
22.1143
6.49524
14.0286
13.7714
25.9333
7.40952
18.8667
15.3714
11.3905
9.5619
6.78095
12.9238
19.9238
6.57143
9.30476
8.51429
10.3524
15.1238
11.0667
9.7619
11.4286
6.34286
11
14.6667
7.71429
14.2952
8.40952
13.6095
9.06667
9.8
11.2857
16.7429
9.04762
12.9714
5.10476
5.69524
9.80952
5.6381
17.2
6.97143
8.94286
14.1143
8.06667
8.58095
8.89524
5.00952
5.57143
10.819
7.5619
11.4381
4.87619
13.3714
7.22857
16.7524
17.5905
17.0857
11.8
9.32381
13.6
14.1048
14.581
17.6095
5.1619
14.6
5.90476
15.0286
15.1333
10.5333
8.18095
7.70476
18.7048
18.1333
13.3429
6.48571
12.2476
12.9143
10.1333
9.82857
17.6476
9.00952
14.1238
12.8762
9.34286
14.3714
10.2667
9.20952
15.8095
12.0762
12.2476
11.8952
13.6381
15.7333
8.61905
10.8095
7.24762
9.79048
4.62857
13.0286
23.8
12.0762
7.09524
8.29524
16.4095
8.20952
16.8381
9.81905
10.1333
5.4
16.2
17.8286
16.8095
19.6857
12.0952
13.1143
13.2857
11.981
15.6762
6.99048
12.4
10.3524
14.5429
22.9238
9.24762
12.6952
4.89524
15.6
9.9619
4.49524
11.219
13.2762
16.781
9.62857
11.5333
13.8095
27.1905
5.21905
10.5619
11.2381
7
10.1619
13.4095
14.2762
22.0571
13.1524
9.81905
12.4667
9.4381
11.2857
9.39048
8.85714
10.8095
9.81905
14.419
6.06667
14.019
15.9524
11.8667
15.8476
15.6762
6.35238
18.1143
13.981
10.4952
11.2952
13.9333
16.2952
12.4571
7.95238
11.7714
10.3429
7.28571
18.7143
8.20952
21.0667
9.98095
14.4
9.91429
6.11429
7.1619
8.98095
6.87619
13.9714
6.13333
10.2
6.72381
11.4762
8.13333
14.6095
10.3429
13.6857
9.57143
5.37143
8.71429
25.4476
8.6381
5.94286
9.82857
15.1333
7.28571
16.181
11.5238
4.65714
10.7714
13.3714
9.05714
13.5333
28.3905
11.1524
19.1333
9.01905
8.91429
14.8476
12.0476
10.219
15.0095
14.7714
11.6095
13.4
6.15238
14.3429
23.2571
13.781
9.53333
6.12381
10.6952
9.81905
6.87619
12.1524
6.22857
10.5905
18.7048
10.6762
11.0095
12.419
7.08571
5.8
17.9619
14.5905
10.6762
9.58095
12.5429
4.9619
12.381
5.81905
13.6571
14.219
16.419
15.2
5.65714
8.8381
5.15238
5.51429
5.04762
18.2
10.3238
13.1429
7.81905
12.6667
5.59048
12.6476
9.2
5.05714
11.2571
13.3905
9.73333
11.6381
6.75238
8.08571
10.0762
8.11429
14.3524
9.92381
17.3238
9.57143
10.5048
12.3048
9.11429
13.7429
12.8762
27.6952
18.2952
13.6571
12.9429
11.6857
14.8571
13.1429
14.5905
25.1238
9.94286
7.4
9.54286
12.7905
13.9333
10.0571
8.04762
7.91429
11.1905
15.3333
9.74286
7.27619
15.3714
10.1333
15.8667
14.8857
21.6667
9.07619
15.6952
6.81905
10.6095
6.44762
11.819
11.619
18.0952
15.0286
19.1429
13.2286
16.0952
5.9619
5.85714
7.37143
10.7238
9.91429
10.7333
7.98095
15.2476
12.0095
13.781
19.1143
10.3238
20.0857
12.8095
18.9238
17.5238
11.8667
12.3619
12.981
17.3714
9.20952
14.9524
5.10476
11.1619
4.94286
14.1333
21.581
11.4
12.0667
9
6.49524
9.50476
7.22857
7.78095
8.31429
13.0381
19.5905
9.71429
9.12381
9.72381
10.4667
18.8381
6.13333
6.65714
10.8952
8.09524
10.1429
12.0952
14.9524
20.2571
12.7905
12.3429
13.019
9.14286
6.68571
6.6
18.7143
15.5238
10.1333
6.6
7.69524
9.69524
17.8952
5.33333
7.92381
11.3238
14.9524
7.32381
10.5333
11.5143
13.2571
7.21905
6.00952
11.8
10.8095
5.7619
5.49524
8.64762
11.1905
7.97143
9.7619
13.6571
8.99048
22.0857
13.9143
11.7714
4.29524
8.77143
11.2
18.7238
14.5905
10.6381
15.981
9.68571
12.0286
11.5524
10.1714
8.02857
10.2571
5.49524
9.50476
11.7714
9.29524
22.0857
16.2381
15.0381
12.819
13.0476
4.9619
8.42857
6.34286
9.90476
5.87619
15.4667
12.5429
4.73333
6.27619
11.6095
14.6667
9.87619
12.3619
8.09524
15.8476
13.5238
12.1524
11.5714
14.4095
7.28571
9.2381
13.0286
19.2381
4.46667
26.9619
6.8
10.819
9.22857
9.66667
11.7048
9.74286
6.44762
18.5714
8.10476
8.05714
10.6286
7.26667
10.9714
10.1048
11.2381
9.26667
11.5238
13.1429
14.0476
20.1714
11.4952
6.40952
10.6857
5.97143
6.11429
11.7524
14.9524
14.5714
7.14286
11.4381
6.94286
10.1905
16.419
16.9524
6.31429
11.8571
16.0381
17.5524
12.1524
8.20952
13.1048
14.4952
7.89524
17.1524
5.7619
9.58095
9.15238
9.66667
15.1143
6.61905
13.2952
13.981
6.11429
16.619
8.6381
12.2571
16.8667
10.1905
7.39048
7.34286
8.5619
11.8
7.67619
12.4095
9.57143
8.66667
5.40952
6.68571
10.9333
11.3905
6.85714
19.9714
9.85714
4
14.219
6.77143
6.69524
10.7714
10.4
13.381
5.09524
13.6286
6.27619
7.92381
20.581
19.8
6.99048
6.66667
14.6762
11.381
9.29524
14.2571
5.32381
7.41905
5.86667
11.8857
10.419
16.4286
9.55238
16.0286
7.08571
8.99048
9.54286
32.8667
16.2667
10.2095
7.07619
4.79048
8.0381
7.12381
18.6286
13.4857
20.5524
10.4476
10.5524
14.2
12.8286
11.219
13.1714
18.3238
12.7429
5.97143
9.2381
11.8857
21.3333
10.9524
9.55238
10.5048
19.2476
16.3333
15.0286
17.1429
6.07619
13.1429
15.7143
10.4381
11.0571
6.30476
9.73333
6.94286
8.92381
5.74286
13.8286
5.68571
16.419
22.619
6.78095
22.0952
5.73333
10.1333
6.78095
10.7429
16.219
7.07619
8.19048
15.181
21.181
9.14286
16.4857
15.1143
17.1429
14.6857
17.5429
7.66667
12.0571
13.019
16.781
14.581
6.62857
9.4
5.05714
7.4381
9.66667
4.75238
11.0571
7.77143
14.6
6.81905
13.9905
10.8952
13.781
11.4381
16.4476
19.0571
9.86667
7.3619
11.9143
8.47619
13.1714
5.07619
5.89524
9.61905
6.32381
11.9429
14.181
16.4476
10.7905
11.2381
14.4571
9.52381
15.3905
9.27619
12.7429
16.7238
15.3905
12.7905
24.9714
14.5048
7.72381
9.13333
11.2762
14.3238
10.619
18.1905
9.85714
5.08571
14.6095
20.4476
14.781
10.1143
15.4286
14.4571
14.3333
8.92381
9.8
17.7048
6.33333
16.6381
5.1619
15.9048
12.3714
10.3333
9.57143
13.8095
8.87619
18.381
18.0571
4.90476
10.8667
12.9905
18.4667
16.2476
12.0095
9.17143
6.00952
4.31429
14.9714
16.5905
5.55238
15.5524
26.8381
21.9905
21.2571
11.6857
12.1429
12.781
9.52381
5.30476
8.99048
6.39048
10.5333
7.98095
6.79048
7.34286
9.06667
14.181
21.2952
12.1714
5.3619
8.10476
12.6667
11.4952
8.0381
7.08571
12.7619
12.781
19
13.1905
12.381
11.1714
10.2762
12.4381
13.1619
12.0571
17.4095
12.0476
21.381
7.59048
10.7143
6.19048
9.18095
12.7333
18.381
10.781
19.5619
12.2571
9.25714
10.181
15.6857
8.02857
6.37143
10.7238
7.2
4.2
12.7619
6.4
6.2
9.80952
12.981
18.4381
7.47619
10.2095
5.07619
5.45714
10.2952
7.89524
7.97143
13.819
4.01905
13.4381
9.12381
8.32381
8.57143
5.53333
21.1143
9.37143
21.781
11.6857
11.4095
13.0571
12.3905
10.8476
11.5143
19.8667
8.8381
10.3429
5.28571
14.6952
11.1714
4.67619
19.819
13.3714
7.88571
8.26667
7.00952
4.65714
11.3524
15
10.6381
11.6476
10.5143
10.2
18.2
13.4095
11.8952
8.92381
20.2095
4.60952
9.41905
14.8952
9.17143
5.99048
6.84762
12.8476
6.59048
15.1333
10.6857
13.3714
9.58095
9.18095
9.94286
6.2
15.8286
12.8286
12.6095
13.9619
7.54286
8.21905
9.37143
15.8952
7.4381
5.47619
8.78095
15.6286
5.90476
7.0381
16.8762
6.71429
5.5619
8.02857
8.54286
12.5048
13.8762
7.64762
15.781
6.47619
16.5429
10
15.7714
11.1238
7.88571
4.1619
5.52381
8.13333
6.98095
7.47619
9.45714
26.3333
11.019
14.8381
25.4381
17.0667
7.85714
22.9905
13.019
14.6286
21.8095
7.42857
17.8095
12.8095
5.12381
13.0571
14.8
18.4381
20.6571
9.29524
10.5905
11.3524
10.4667
10.381
8.30476
6.26667
8.29524
18.4857
9.06667
5.11429
13.2667
11.2667
7.61905
7.82857
11.9714
11.3143
14.8857
15.4095
6.6
6.94286
8.32381
9.33333
11.819
14.1524
12.9524
18.8762
17.5714
11.8667
11.581
5.00952
12.6762
13.4476
11.4952
14.8381
4.8381
8.87619
11.419
12.8857
12.7714
4.29524
15.7714
10.8952
26.4571
12.419
18.3143
10.4952
7.75238
12.2381
17.181
4.89524
12.2667
14.2095
5.29524
8.53333
19.5238
14.4762
8.09524
5.5619
6.78095
4.8381
15.6952
10.7048
11.8952
22.9143
10.619
17.5048
22.2476
13.8095
12.9524
6.94286
9.26667
15.9714
7.6381
9.27619
11.7143
13.3143
7.17143
5.86667
10.0857
13.1333
7.30476
7.85714
15.4095
9.37143
8.01905
17.1143
12.5143
17.4762
11.3333
4.98095
17.4857
13.6381
12.3048
10.181
10.6286
12.0095
17.6952
15.4857
17.7429
13.3238
14.2667
8.93333
11.1429
20.2571
11.6952
12.1048
9.21905
6.9619
6.33333
9.68571
5.62857
8.80952
4.69524
8.55238
9.79048
7.61905
14.2
10.9714
10.7238
12.1429
11.6857
17.7238
10.9714
8.57143
6.48571
7.05714
23.7143
8.73333
5.89524
8.99048
8.55238
21.4286
7.06667
8.32381
11.8286
8.64762
17.8857
8.74286
11.5524
6.19048
9.2381
4.81905
9.22857
13.6476
8.87619
12.3905
12.1333
6.01905
6.91429
16.1238
10.5714
19.3238
8.24762
13.5238
15.0476
12.4952
8.58095
8.67619
18.3714
12.5524
14.0095
16
6.29524
12.9333
11.6857
13.3619
16.2571
10.2762
9.66667
7.55238
5.37143
6.78095
5.68571
14.0857
18.8095
4.15238
10.3714
6.77143
14.2571
12.5238
12.8952
10.6857
17.1143
8.89524
6.97143
10.5905
11.8381
15.7524
13.0667
16.4857
8.85714
15.8381
13.8286
6.38095
16.181
11.2476
7.6
6.71429
9.1619
11.1714
8.54286
10.6571
12.9905
20.2476
7.93333
14.5524
9.93333
9.49524
9.27619
14.4095
11.5619
5.8381
13.619
6.7619
11.8762
9.57143
19.9905
13.5238
8.9619
17.381
10.2
14.781
4.50476
5.49524
7.32381
12.1524
7.15238
12.3238
11.819
8.5619
20.6
8.04762
9.52381
6.67619
8.62857
9.31429
13.7905
9.15238
10.781
17.181
12.8095
8.89524
9.65714
10.0476
13.1048
14.4857
5.01905
9.99048
7.21905
8.69524
10.3143
5.74286
15.6571
6.94286
4.51429
8.8381
10.9619
6.07619
7.27619
12.6571
6.61905
12.6762
6.77143
11.5714
5.74286
12.6762
11.2
15.9429
4.5619
11.7905
12.8286
11.4381
15.8095
11.5238
5.89524
9.85714
8.67619
6.71429
13.181
20.4667
9.25714
7.21905
11.3048
9.38095
6.18095
15.2381
4.65714
5.06667
24.7524
25.1333
13.8286
12.2476
17.2571
8.55238
4.47619
6.51429
9.65714
13.2286
5.8
18.3429
11.4
14.6095
8.19048
4.94286
19.4
6.07619
15.5429
8.28571
10.4
8.8
10.7429
16.7143
12.619
5.09524
6.19048
4.5619
10.1429
11.8762
5.87619
12.2381
7.37143
16.0286
5.4381
12.1619
8.14286
5.85714
5.18095
14.1048
17.0095
8.17143
9.88571
10.5048
14.4952
16.8952
6.68571
13.9714
11.9333
12.3143
6.55238
6.06667
11.5238
14.4286
21.2
10.7429
16.4476
9.25714
7.95238
10.9238
7.68571
10.219
10.0857
8.09524
9.00952
15.7143
8.87619
6.00952
8.73333
4.88571
14.2952
12.0762
9.46667
10.5619
20.3048
15.9714
12.0857
5.4381
11.219
7.58095
12.2
7.95238
13.7905
17.8857
8.10476
11.9333
16.9048
8.7619
11.0762
13.8286
8.08571
9.55238
12.9524
21.7619
5.98095
10.6
10.2095
11.9238
10.9619
9.4
11.7333
8.87619
6.09524
7.58095
9.34286
6.71429
4.58095
9.39048
5.60952
9.61905
6.79048
15.5429
16.781
8.99048
17.5905
8.09524
12.3143
6.44762
11.419
16.8571
10.4857
8.22857
4.58095
11.0667
10.5524
8.70476
6.98095
8.77143
7.07619
10.5429
13.6667
10
8.00952
9.47619
7.33333
11.4286
18.4857
6.9619
5.4381
9.8
11.3619
11.8476
9.04762
5.85714
4.87619
14.8476
7.59048
21.219
11.0762
15.9048
9.4
9.6381
8.34286
13.5619
12.581
13.6762
24.6
9.58095
11.5619
10.4667
5.49524
5.19048
15.7619
16.7905
9.44762
6.40952
11.9524
9.94286
9.93333
11.8286
5.9619
8.60952
10.381
8.68571
13.2476
13.8476
10.7619
16.8857
7.61905
10.1048
8.98095
8
6.2
8.60952
18.6286
5.95238
10.981
6.77143
6.89524
8.27619
5.75238
11
19.1238
7.87619
5.67619
7.26667
11.8762
19.6
22.5143
17.6857
8.5619
14.4667
8.89524
12.0095
6.35238
10.981
8.54286
5.30476
7.29524
14.4667
10.8381
13.1714
11.3714
10.5429
12.2286
10.0381
17.5619
9.46667
9.77143
9.22857
12.6857
11.6667
8.38095
17.2667
11.1429
21.2095
12.4286
9.73333
13.3238
17.5238
11.4381
8.21905
6.29524
19.2
9.14286
6.30476
20.0857
6.81905
9.58095
4.06667
20.8381
18.5429
12.0667
15.1333
11.5619
14.6952
10.6857
10.6095
17.6762
18.581
9.17143
4.75238
6.29524
11.5714
12.2857
9.91429
4.82857
10.619
12.7714
12.1333
13.7714
13.181
14.7619
21.581
11.2857
12.7524
6
8.34286
10.9048
11.4571
6.78095
9.37143
8.61905
7.80952
9.11429
5.28571
16.1238
8.51429
12.419
8.79048
8.75238
5.59048
7.02857
10.3143
8.40952
14.8095
18.3429
11.0571
5.3619
21.619
12.4286
16.819
9.0381
13.8
5.15238
9.61905
10.5429
9.2381
12.5714
8.84762
6.08571
7.89524
11.1143
8.17143
7.81905
11.8286
8.39048
11.3714
6.4381
16
10.7048
9.95238
6.72381
11.1238
8.51429
15.5524
6.13333
14.6095
5.82857
19.2571
9.48571
10.6286
11.1429
14.5905
13.0381
6.19048
18.5333
6.30476
11.5333
22.0667
5.35238
5.77143
16.9238
13.6476
13.6952
9.2
6.53333
4.48571
12.581
5.8381
16.4095
6.72381
18.219
9.73333
12.1905
4.99048
13.3333
12.6381
19.6762
5.78095
16.9619
14.8571
10.3143
17.6762
10.8571
8.2
6.00952
17.6
16.0381
11.8
11.1714
11.0667
11.3429
4.84762
15.4286
8.6381
8.85714
11.7238
11.2286
14.581
10.8286
7.78095
9.39048
17.0095
10.5143
7.4
13.9524
15.2952
15.0571
16.5619
17.3714
16.2571
13.6857
18.7143
10.7714
8.59048
12.8952
6.39048
6.4
5.01905
22.5429
9.14286
15.381
8.04762
16.9524
8.51429
6.86667
6.46667
11.6381
10.019
15.3048
17.0476
9.81905
12.2762
9.62857
7.07619
5.26667
6.6381
9.59048
9.22857
11.4952
18.0571
12.381
18.1048
9.69524
5.67619
12.7333
6.34286
13.4
6.39048
6.73333
5.79048
13.2095
7.38095
6.54286
10.019
6.32381
12.6476
9.86667
7.91429
10.9238
12.0381
14.419
17.581
14.5429
15.2952
8.57143
19.2
10.6762
11.8762
10.9333
15.4762
12.619
7.8381
8
5.65714
15.3905
19.2571
15.8
12.0095
7.64762
6.61905
6.31429
9.2
9.52381
4.75238
6.5619
4.59048
10.6571
11.6286
15.7714
6.20952
10.2476
13.7524
9.42857
7.46667
8.46667
13.9524
11.6381
10.2286
17.7333
14.4667
4.72381
17.3333
11.7714
10.2381
9.61905
7.3619
9.25714
5.98095
17.1905
17.8
6.97143
6.78095
9.71429
11.4476
15.7143
20.6952
11.7619
8.49524
9.73333
11.2857
15.4476
11.4
15.819
11.6952
8.37143
9.17143
10.219
16.981
7.98095
5.95238
12.1238
8.53333
11.4571
6.8381
8.73333
6.26667
8.98095
7.50476
9.67619
5.06667
15.4857
9.04762
13.6095
12.9048
5.82857
14.9429
16.5905
16.8476
14.4571
13.9238
12.1429
6.0381
6.29524
7.27619
11.5143
9.02857
12
16.7333
14.8286
17.8
9.90476
9.73333
4.45714
9.52381
7.80952
6.75238
4.95238
7.55238
7.40952
15.2095
11.2667
4.54286
14.9048
13.3714
8.05714
18.8952
8.93333
14.6476
10.181
13.5714
14.0571
15.419
20.0952
15.0095
12.8952
11.0381
4.54286
9.84762
7.34286
7.95238
5.93333
7.26667
9.84762
11.4286
10.6
10.6857
4.88571
8.50476
12.9429
8.29524
16.4667
15.6857
7.74286
8.97143
14.3429
6.81905
8.79048
8.51429
9.54286
9.25714
5.14286
8.22857
11.4857
8.66667
10.1905
6.08571
4.84762
10.4857
7.69524
9.54286
6.9619
5.3619
11.0381
7.81905
15.2
12.4857
18.1238
9.52381
6.20952
9.91429
15.0667
10.0381
6.37143
11.7333
11.1238
8.2381
9.34286
6.02857
11.4286
11.4476
9.7619
5.01905
11.9143
4.08571
5.85714
10.0286
8.93333
15.1429
12.9524
15.2286
8.04762
6.59048
15.4095
5.42857
14.2
15.6286
7.35238
14.8381
11.3714
5.47619
4.78095
14.7238
5.73333
7.91429
18.2286
14.6762
12.6381
7.04762
9.21905
12.7524
10.1048
5.98095
16.8952
18.0667
15.8952
5.52381
8.2381
13.2762
17.9333
5.55238
10.3238
20.981
19.7333
10.381
17.6476
14.7143
4.70476
9.26667
18.9429
16.9238
4.57143
11.781
6.97143
8.69524
17.7714
8.17143
9.9619
9.42857
10.2571
8.07619
15.8095
13.6952
5.66667
10.7048
11.181
9.67619
8.65714
12.5143
4.8
14.5714
8.51429
11.219
12.4476
10.7524
7.18095
5.89524
5.28571
8.71429
17.1333
14.5714
8.50476
5.7619
8.7619
6.81905
15.3619
6.05714
10.5619
7.89524
23.5619
13.2857
5.72381
9.69524
14.3333
14.3333
6.52381
6.72381
7.30476
4.47619
10.8286
5.62857
10.9524
18.5905
4.48571
17.4
21.3048
5.02857
9.85714
11.2381
6.9619
13.0381
11.8286
7.24762
10.5905
8.25714
16.2286
9.49524
12.6667
15.7429
13.8571
5.81905
16.3905
14.1143
19.6762
6.19048
27.5619
19.3143
18.7143
21.1619
9.85714
5.72381
6.92381
7.81905
9.44762
12.6476
15.1714
6.64762
6.74286
5.97143
11.1048
5.4
8.54286
17.6762
4.48571
5.94286
10.5429
14.8762
17.419
15.4286
20.2095
11.0667
8
11.8762
11.7333
12.1333
16.0571
10.9905
14.981
7.57143
14.3333
7.7619
7
7.9619
6.85714
6.09524
5.55238
9.44762
10.6857
5.92381
16.5238
19.6762
10.5619
13.419
9.75238
16.1238
14.9905
25.7714
8.24762
11.1524
13.2286
15.4762
17.4476
5.73333
11.3905
6.91429
19.3619
13.0952
9.2
14.3524
13.219
8.01905
10.1714
9.6
15.3619
11.1048
19.9238
7.74286
18.8
11.8857
9.69524
6.35238
5.30476
10.181
14.7333
13.0857
8.11429
13.8952
5.22857
7.67619
11.3714
12.4286
14.5429
6.58095
13.6
9.19048
14.7238
11.9333
9.84762
4.72381
5.04762
9.2381
6.5619
8.49524
7.6
11.8476
4.22857
8.84762
5.5619
10.819
23.7524
15.0952
9.51429
7.97143
10.4762
5.47619
10.2952
12.2667
14.5238
8.17143
5.6381
9.57143
12.0762
8.38095
11.7714
9.57143
9.99048
9.64762
10.3619
12.5619
8.85714
10.2476
11.2952
16.5524
6.29524
5.44762
13.1905
5.34286
9.24762
15.1048
22.3714
15.1524
12.0762
10.3714
11.6952
16.619
6.34286
5.47619
12.9714
4.91429
13.8476
7.7619
14.5333
11.3619
10.3048
13.8762
10.1143
6.44762
15.6095
9.18095
8.27619
6.65714
8.31429
6.32381
6.67619
10.4
20.6571
13.6476
14.8
9.10476
8.28571
8.54286
19.7524
8.15238
11.8571
16.5714
11.0857
15.819
10.7143
22.6667
6.59048
4.74286
8.82857
26.7905
11.3333
14.7714
13.4381
12.9524
7.4
11.3905
9.89524
19.0667
6.99048
19.3905
22.1333
14.6095
11.5238
15.381
8.5619
14.0667
4.59048
14.819
23.5619
9.94286
6.00952
14.4476
13.1048
13.9048
5.17143
10.0762
12.4
16.3143
11.7714
19.6571
13.2476
14.5905
9.73333
8.91429
14.5524
18.6857
9.84762
4.94286
10.5619
10.3619
14.4381
9.48571
5.6
4.94286
6.58095
4.41905
8.04762
7.87619
12.3048
6.22857
11.9714
4.29524
16.3333
7.14286
5.08571
4.39048
15.181
5.09524
11.2286
4.44762
8.6
14.2476
8
7.26667
7.11429
17.7238
11.8
12.381
5.9619
17.019
7.73333
12.8571
8.02857
6.95238
7.82857
14.6667
17.1429
8.04762
16.3429
11.7619
22.2857
9.80952
11.8667
5.32381
7.0381
6.00952
6.04762
16.8762
6.79048
12.419
5.59048
5.68571
22.0286
11.2095
7.65714
16.7238
6.64762
5.98095
10.419
13.9524
6.18095
10.0286
9.55238
6.65714
7.55238
8.2381
12.4476
7.67619
8.97143
5.94286
6.42857
6.8381
12.4952
9.97143
10.3048
15.6667
9.86667
10.9524
8.26667
7.54286
19.3905
8.06667
9.79048
9.60952
8.4381
14.3333
12.8381
5.55238
8.61905
6.75238
14.6952
5.09524
22.9238
16.3429
5.57143
12.6381
5.97143
12.0762
5.70476
6
12.0381
18.2857
11.5143
11.6571
5.58095
8.13333
6.98095
5.89524
12.0476
12.5333
10.2571
8.12381
8.01905
11.8762
8.31429
12.9619
8.04762
7.33333
6.30476
5.42857
6.26667
6.42857
5.22857
10.0571
9.9619
22.1143
4.65714
7.51429
5.38095
11.0762
8.07619
5.6
10.9714
8.3619
6.70476
7.06667
6.52381
6.0381
6.54286
14.1905
10.619
7.90476
9.25714
10.0381
16.0857
4.62857
5.37143
15.2
12.1143
19.3238
6.70476
14
10.4
13.1429
16.7905
14.5048
8.68571
10.2476
18.0095
9.99048
13.4095
19.4286
12.0476
13.7429
16.619
9.88571
5.1619
12.1524
10.6286
10.1905
5.69524
13.0286
9.8
28.1048
17.1048
11.181
16.7524
11.2286
20.0857
9.3619
15.3048
15.9238
12.6952
10.6286
15.9429
17.1143
12.8
11.0571
13.019
10.9429
12.9333
8.42857
8.21905
17.219
6.06667
8.66667
6.34286
6.73333
10.8286
12.819
12.7429
9.33333
7.57143
9.62857
5.84762
22.5333
19
13.4952
17.619
7.86667
12
11.3714
10.4381
11.4762
12.3905
5.97143
7.99048
9.86667
18.6667
13.2571
14.1905
16.9048
5.88571
7.13333
5.29524
16.6667
7.64762
9.90476
5.30476
11.1048
12.2476
7.00952
10.9714
8.05714
18.8381
13.0667
13.2381
4.67619
16.1048
10.8857
12.781
14.0095
12.3429
10.7524
7.92381
7.44762
9.8
11.1429
14.9143
11.2571
11.181
17.5714
5.58095
8.8
18.3143
5.6
8.31429
8.0381
5.8381
8.02857
5.88571
4.92381
11.2
6.41905
10.781
4.49524
14.8667
11.9238
6.70476
13.8095
6.55238
10.819
7.68571
12.8952
9.65714
12.9524
10.419
5.2381
4.39048
7.14286
10.1048
10.6952
11.1905
9.28571
5.17143
9.74286
10.9048
12.1048
7.09524
4.92381
12.4381
8.45714
8.12381
11.9905
10.4381
10.581
10.6
9.85714
11.5905
8.14286
7.99048
10.8286
19.419
12.2571
15.6381
8.06667
8.92381
11.3429
7.19048
12.8286
6.8381
12.2476
9.24762
10.2571
14.3429
12.5143
6.94286
9.15238
15.5333
6.09524
10.981
10.2381
12.0857
13.7143
10.2571
8.34286
6.1619
6.49524
7.80952
4.62857
10.0571
6.2381
8.45714
7.18095
14.4381
18.9143
20.0952
12.2857
24.6286
6.85714
9.14286
6.19048
8.61905
19.3048
10.3429
15.2
12.0857
17.6476
13.4667
11.2286
9.6381
10.8286
13.7333
10.1524
4.49524
6
13.2667
25.1524
10.6095
11.5333
8.69524
7.2
13.7238
7.0381
4.70476
13.7524
16.3048
10.1143
17.0952
5.06667
7.28571
10.2667
10.0667
8.46667
11.7714
7.54286
37.3429
14.3429
8.02857
23.219
9.5619
9.47619
12.2
6.09524
12.5048
5.5619
13.381
4.37143
15.1048
9.48571
14.0095
13.6952
17.1048
11.781
6.40952
9.19048
5.0381
13.0286
15.6667
5.55238
13.4286
4.71429
8.54286
14.819
9.93333
12.2
9.8381
7.46667
6.64762
7.80952
10.3524
8.59048
11.9333
7.50476
12.6667
8.28571
11.2571
5.71429
5.57143
7.33333
6.33333
12.0095
12.3333
9.10476
11.3905
10.4476
7.86667
5.98095
5.79048
7.49524
4.02857
8.75238
14.1714
22.3238
6.5619
7.9619
10.4381
16.5333
8.90476
9.38095
21.019
4.91429
18.5143
18.0286
16.0762
17.2
4.45714
4.27619
5.82857
5.97143
19.0667
25.3143
13.6857
17.9714
7.66667
22.019
16.019
14.2667
11.6952
18.2286
5.27619
15.1714
5.4381
14.5333
14.5619
14.2762
11.6571
9.24762
6.34286
11.6
7.47619
6.05714
6.73333
5.24762
5.54286
11.6
8.77143
19.2476
9.13333
13.9619
17.2667
5.84762
13.0381
13.2667
9.48571
7.08571
8.75238
13.9238
9.11429
8.5619
6.33333
16.7048
10.8286
13.1143
16.6476
20.9333
8.60952
7.24762
7.50476
14.219
12.0952
7.33333
11.8095
9.10476
12.2
13.4571
9.80952
9.0381
10.9143
36.1333
10.9238
5.19048
5.18095
7.64762
13.6095
12.6952
5.41905
8.95238
7.74286
5.88571
12.019
6.13333
10.2762
6.67619
15.819
13.219
4.87619
8.26667
9.38095
19.1238
4.71429
10.9714
10.8571
10.2476
10.9333
20.4
15.0381
10.0667
11.4476
4.6381
6.09524
5.6381
8.01905
13.0762
9.90476
10.419
13.2
8.19048
10.2762
9.77143
12.2095
6.68571
7
18.6857
10.1429
5.26667
9.4381
13.381
12.2476
9.24762
6.21905
6.44762
5.64762
6.58095
9.86667
9.88571
4.54286
12.3619
10.2095
14.1143
5.98095
4.47619
7.4381
5.57143
19.6095
11.9714
7.61905
5.37143
5.3619
11.9714
7.57143
7.25714
6.58095
5.87619
11.219
7.75238
6.28571
12.5238
8.80952
13.5238
9.34286
6.20952
14.6095
5.60952
14.581
11.0286
15.6952
9.5619
12.2381
5.82857
13.7619
8.20952
12.6952
13.3619
15.2476
9.79048
10.6667
8.70476
18.3333
18.8571
6.5619
11.4857
13.7333
7.21905
12.0762
8.5619
4.15238
11.0286
6.24762
11.8952
9.24762
6.58095
10.5333
9.0381
12.3524
5.93333
21.6286
4.81905
5.64762
8.84762
10.4571
16.4286
4.72381
11.7905
11.9524
16.5905
23.9048
6.05714
6.17143
11.6571
7.88571
12.6571
8.70476
8.27619
10.8286
21.4571
14.5714
12.819
7.00952
14.8571
11.3524
11.2762
10.8476
9.85714
5.87619
12.6667
6.73333
9.0381
13.5143
6.09524
4.71429
6.55238
6.07619
4.48571
16.619
11.8476
9.06667
11.2286
9.62857
9.70476
15.1714
4.75238
6.4
13.2381
10.2476
9.0381
7.04762
10.9429
4.67619
6.62857
4.26667
8.84762
14.6095
12.6095
7.34286
5
3.91429
8.93333
4.4
9.24762
3.1619
5.57143
3.41905
10.2476
8.94286
5.98095
14.1048
6.97143
8.13333
17.5524
13.3714
6.45714
4.89524
5.13333
8.48571
15.0381
7.04762
10.6
5.65714
8.05714
7.09524
10.5524
5.49524
7.35238
12.0762
12.0762
17.6571
10.1714
6.4
6.01905
6.58095
10.3524
14.1429
7.60952
11.3905
6.35238
4.62857
4.29524
7.18095
9.8
10.7429
4.0381
5.97143
11.1143
15.2857
5.71429
14.7429
12.0571
4.79048
5.92381
4.35238
18.2762
9.74286
10.4857
15.1905
7.01905
7.46667
8.82857
13.2381
18.7905
16.181
14.6857
14.7143
16.8952
6.80952
6.77143
8.7619
3.73333
3.24762
10.2667
4.80952
12.1333
3.8
4.38095
4.08571
5.97143
7.07619
5.30476
5.6381
6.22857
3.79048
11.4857
9.93333
7.11429
3.86667
9.74286
14.4857
5.3619
3.77143
10.7048
15.1143
12.4381
4.27619
6.64762
6.82857
13.181
3.70476
3.6381
6.4381
5.57143
6.55238
8.52381
7.73333
8.74286
9.98095
11.3333
3.38095
7.8381
5.4381
6.45714
7.98095
8.47619
6.32381
5.66667
9.90476
9.46667
7.55238
3.97143
3.60952
5.30476
6.22857
8.20952
4.26667
15.2762
9.62857
9.67619
4.39048
12.7619
3.2381
12.5905
4.92381
5.10476
5.60952
6.10476
5.10476
8.24762
6.37143
6.46667
6.35238
8.0381
6.01905
4.81905
6
3.67619
13.4476
14.9905
7.51429
5.77143
7.02857
8.4381
13.219
9.15238
9.7619
3.31429
15.6286
22.1714
5.0381
6.64762
12.2571
7.34286
10.2381
7.2381
9.24762
3.71429
9.85714
4.57143
8.35238
4.45714
3.7619
5.30476
12.981
4.74286
7.49524
11.8762
5.05714
9.64762
31.4381
7.87619
6.24762
3.53333
11.3333
3.41905
9.53333
3.53333
9.51429
3.61905
13.2667
11.1524
6.79048
15.4762
8.28571
7.55238
8.02857
8.12381
4.38095
9.3619
7.8
10.4286
6.60952
18.4762
10.3048
5.53333
14.8952
6.33333
12
4.86667
5.54286
7.28571
7.40952
11.819
4.67619
8.78095
8.38095
11.9619
6.06667
7.12381
6.72381
10.6952
10.6857
11.8667
10.781
3.58095
3.19048
14.1524
15.2095
11.1905
4.17143
15.7333
6.39048
8.79048
4.8
19.9905
3.52381
13.2095
4.22857
11.0476
8.13333
20.3048
3.41905
5.40952
4.80952
7.8
9.13333
15.8095
3.59048
3.72381
20.8762
6.44762
5.28571
13.1714
11.5714
8.75238
12.8857
10.0571
13.8
8.07619
8.9619
12.5714
19.0571
7.92381
11.9048
3.71429
4.70476
8.26667
6.89524
12.9429
8.37143
4.48571
3.81905
4.01905
5.2
9.8
3.60952
10.381
3.62857
6.89524
7.71429
12.9333
5.52381
16.6476
9.82857
9.87619
6.4381
9.47619
10.3048
5.38095
7.80952
3.59048
7.58095
7.97143
8.64762
10.9333
5.67619
13.7524
3.84762
4.48571
10.5524
4.5619
4.64762
15.1333
5.10476
4.40952
6.78095
3.45714
4.77143
3.89524
7.72381
3.4
5.13333
3.22857
6.92381
3.89524
10.1048
7.05714
6.09524
8.44762
15.1429
4.2381
11.2571
11.8762
6.40952
9.31429
4.34286
13.9143
8.67619
3.19048
10.8667
5.20952
6.12381
11.7429
3.24762
8.28571
8.9619
11.1238
8.31429
6.95238
11.3333
13.3619
3.28571
14.581
6.32381
9.7619
21.6762
17.9429
7.31429
6.2
9.08571
4.31429
4.12381
5.55238
10.7333
12.5905
3.20952
9.7619
3.86667
17.5238
11.9524
11.8381
9.93333
14.219
19.2286
3.77143
7.55238
5.1619
8.71429
10.2476
8.30476
5.13333
10.8571
4.98095
8.4
7.26667
8.64762
20.2095
13.6381
8.95238
8.67619
59.2571
11.8667
8.68571
4
4.10476
5.82857
6.08571
12.781
15.6
10.7619
8.21905
11.4095
3.78095
14.419
3.54286
4.77143
4.51429
4.54286
14.0952
4.13333
11.781
7.91429
12.4476
5.46667
13.2762
6.92381
8.02857
9.53333
8.37143
4.69524
12.5429
14.8857
16.2095
5.37143
3.60952
8.57143
5.70476
11.6762
5.79048
9.11429
10.7429
15.8381
16.5333
4.64762
3.93333
8.52381
7.85714
5.80952
13.0952
5.8
15.5905
10.6952
5.94286
3.38095
9.54286
4.70476
10.1238
6.13333
4.02857
7.92381
8.61905
7.5619
7.17143
10.8476
9.93333
10.8952
3.73333
6.99048
8.7619
10.4286
9.22857
18.1429
9.0381
4.65714
5.82857
4.93333
11.1619
7.79048
12.0667
3.39048
7
7.68571
6.85714
4.32381
3.61905
4.5619
7.46667
7.61905
6.40952
11.1619
14.1619
6.47619
7.4381
7.65714
9.2381
7.01905
4.28571
9.11429
7.51429
5.0381
7.34286
3.39048
3.0381
11.0571
15.4762
5.71429
6.68571
8.13333
12.0095
4.24762
12.0952
7.48571
14.0476
13.7333
10.5429
6.61905
5.69524
8.85714
7.55238
4.37143
20.8381
13.4952
13.8667
9.52381
7.99048
15.4286
14.2095
7.99048
12.3143
15.0381
6.02857
12.6857
11.8667
7.4
8.89524
9.67619
4.39048
5.87619
15.1619
4.90476
5.60952
6.85714
11.3429
4.46667
10.0952
4.65714
6.09524
6.79048
3.5619
4.93333
9.21905
4.5619
7.71429
12.1905
3.38095
5.99048
5.6381
9.05714
4.37143
6.10476
7.21905
9.33333
5.39048
3.99048
4.6381
8.55238
4.47619
4.82857
5.42857
4.75238
5.01905
3.45714
9.59048
6.26667
10.6381
6.54286
12.0762
7.02857
12.1333
6.81905
7.84762
13.4952
7.07619
4.1619
3.62857
4.98095
7.71429
6.86667
7.57143
9.61905
15.4286
8.95238
5.33333
14.0667
7.80952
8.65714
4.2381
4.64762
5.65714
3.94286
7.66667
8.58095
13.781
4.7619
9.91429
14.1429
13.981
8.8381
10.3429
10.1714
14.5238
12.9619
3.92381
4.1619
4.48571
7.8
10.381
8.88571
7.95238
9.21905
12.981
3.28571
8.21905
8.6381
4.07619
3.65714
8.08571
12.0286
5.22857
21.8476
6.64762
12.3524
13.9048
11.5905
12.6476
5.19048
8.86667
3.45714
5.21905
5.26667
7.55238
13.5714
3.78095
7.84762
11.3524
4.65714
4.06667
3
10.8762
9.14286
8.52381
8
11.219
5
7.69524
5.3619
10.3143
16.7048
9.55238
7.20952
8.46667
8.22857
9.15238
5.50476
5.67619
8.05714
4.04762
8.94286
7.88571
4.55238
16.9238
7.47619
5.66667
4.31429
6.72381
5.10476
9.0381
11.6095
3.60952
3.69524
4.80952
4.4
8.75238
5.98095
7.84762
4.78095
11.3333
5.6381
9.51429
3.4381
8.44762
4.2
4.15238
6.8381
7.9619
4.37143
3.22857
7.58095
10.5143
7.49524
4.92381
5.94286
7.27619
5.08571
3.77143
4.88571
15.3429
6.48571
4.52381
5.07619
8.5619
13.1333
7.39048
10.1905
4.14286
13.1619
3.8
4.53333
13.0095
3.29524
15.2381
3.97143
8.05714
8.19048
4.27619
9.49524
4.01905
9.90476
8.98095
3.87619
5.29524
3.69524
18.019
11.1524
6.62857
3.17143
12.7048
4.81905
6.72381
8.45714
11.1333
3.04762
3
6.74286
4.12381
4.29524
17.1524
4.01905
12.2857
4.9619
17.6857
5.39048
9.00952
8.69524
6.42857
3.18095
4.17143
3.04762
15.219
11.1143
7.48571
10.6476
4.40952
7.24762
10.9905
3.79048
13.7714
13.4
4.60952
12.2667
4.60952
9.73333
14.4571
8.7619
7.2381
9.42857
10.6476
8.78095
21.5905
11.981
7.53333
4.47619
3.98095
3
3.60952
6.34286
19.181
4.1619
4.95238
4.64762
3.30476
4.0381
3.45714
9.38095
3.2381
3.70476
10.181
3.55238
17.0667
13.2
10.5238
14.4095
6.35238
3.35238
6.73333
3.11429
13.3714
6.78095
6.45714
3.88571
8.21905
8.4381
4.28571
3.64762
4.75238
9.69524
10.6286
4.78095
11.1143
4.53333
14.1905
10.4857
3.19048
5.73333
10.6286
13.1905
10.5333
8.89524
9.2
7.68571
3.34286
9.05714
13.2286
7.99048
5.02857
11.2762
10.2571
4.92381
3.18095
7.99048
5.53333
5.24762
5.33333
7.99048
14.6095
4.25714
4.97143
11.4952
8.28571
8.2381
12.2095
11.4286
14.6286
9.58095
7.49524
13.6095
7.87619
5.60952
3.66667
3.45714
3.34286
13.6762
4.24762
4.4
3.52381
11.0286
17.3429
8.14286
15.1714
10.381
6.9619
11.3048
7.93333
5.31429
9.50476
5.20952
7.44762
6.4
9.29524
9.0381
6.00952
18.0095
11.2952
7.98095
9.21905
14.1524
4.85714
7.52381
9.8381
3.82857
13.1333
11.9905
17.4857
4.99048
11.9048
4.25714
8.44762
13.0476
9.06667
6.89524
7.97143
5.15238
4.80952
9.70476
17.3143
11.8286
3.80952
8.5619
8.41905
5.21905
13.781
10.6095
11.381
11.2762
11.9905
14.1048
8.52381
13.3429
9.87619
3.75238
11.8762
11.5238
4.1619
14.0381
9.39048
15.3429
4.90476
7.01905
3.26667
13.9619
12.3238
10.3905
3.85714
6.62857
3.49524
4.34286
8.20952
12.1905
6.24762
4.90476
14.7905
10.5714
18.819
3.81905
3.55238
4.10476
7.65714
6.34286
5.00952
6.64762
5.3619
4.05714
3.21905
6.69524
6.78095
9.2
14.6
7.85714
10.8667
6.14286
24.5429
4.51429
5.88571
10.4857
4.31429
3.84762
6.24762
11.381
7.30476
7.47619
3.37143
5.89524
3.74286
5.29524
4.99048
7.26667
7.4
4.47619
6.73333
7.4
5.27619
3.72381
6.28571
6.34286
10.3143
10.2952
11.619
7.5619
7.20952
13.581
6.4
7.59048
3.98095
10.181
4.06667
4.77143
8.67619
15.3714
7.26667
3.66667
3.06667
4.92381
7.37143
4.65714
4.51429
12.3143
14.3524
9.24762
9.05714
3.98095
8.75238
6.47619
8.77143
7.8
10.3333
6.51429
7.72381
4.22857
17.4857
3.52381
5.79048
8.85714
9.2381
10.4286
9.02857
10.6762
13.2571
3.6
8.49524
10.5143
10.3143
4.68571
8.93333
8.54286
14.4952
9.9619
4.64762
17.7048
3.64762
3.71429
3.92381
3.4
4.51429
13.5714
7.18095
7.51429
7.57143
4.69524
12.0857
15.2952
11.9714
12.419
4.41905
3.75238
3.60952
7.09524
9.6
13.0857
8.26667
6.73333
8.9619
3.98095
13.9143
8.98095
8.11429
4.25714
14.0857
11.0667
10.5714
5.73333
7.42857
13.1619
5.10476
3.85714
11.581
6.10476
7.48571
9.66667
12.8667
3.5619
6.87619
19.4381
4.54286
7.91429
5.50476
5.73333
10.419
13.781
9.13333
7.46667
15.4857
8.24762
12.2952
8.92381
12.8381
4.0381
5.42857
3.3619
9.31429
3.70476
7.39048
7.04762
16.4286
4.47619
11.4571
8.07619
6.88571
4.78095
15.9238
24.2571
10.7333
13.2
8.59048
14.3429
7.55238
16.181
18.6381
8.8381
9.4381
13.8571
13.2
20.4476
7.53333
11.4
15.019
10.4571
12.0476
4.9619
7.18095
14.7905
8.21905
14.181
14.5429
6.2381
12.8286
18.3905
9.86667
4.02857
9.07619
12.4
4.02857
11.2095
8.40952
13.4476
9.54286
7.08571
19.8857
3.07619
6.46667
3.74286
12.181
6.3619
3.52381
4.70476
9.99048
8.30476
9.22857
5.00952
19.6095
12.4286
9.4
4.78095
8.3619
10.5333
5.19048
11.1619
7.42857
4.32381
7.38095
9.2381
4.52381
11.4762
8.58095
8.3619
8.0381
5.49524
10.3238
10.6571
18.1048
13.2952
3.2
5.0381
8.95238
12.4095
4.85714
11.6
6.20952
5.73333
17.7524
6.02857
3.75238
15.5619
9.30476
10.0381
18.0667
13.781
7.45714
6.2
9.37143
9.33333
19.581
7.54286
8.04762
6.93333
9.5619
12.1905
7.17143
8.97143
11.0095
9.79048
3.93333
7.14286
8.60952
4.07619
17.2952
4.59048
7.59048
12.7238
10.2286
15.7238
10.1429
3.15238
12.1714
7.10476
5.92381
7
14.3333
12.8095
8.8381
3.6
3.6381
5.01905
4.28571
8.14286
9.27619
6.22857
4.40952
7.73333
3.3619
6.38095
4.27619
5.35238
5.6
8.32381
8.89524
12.0095
6.6381
3.94286
10.5429
3.13333
11.9429
4.69524
14.619
17.419
7.17143
4.12381
18.1619
12.6381
3.24762
3.66667
9.05714
16.6286
14.3048
3.13333
11.3524
6.25714
16.5619
8.19048
14.181
9.00952
13.219
5.73333
3.07619
9.39048
6.21905
8.35238
12.7143
8.07619
11.1429
9.07619
10.3524
8.35238
7.49524
3.93333
16.4381
13.1619
5.04762
8.89524
11.8095
4.35238
3.50476
7.29524
9.9619
3.65714
14.4381
10.8476
3.55238
6.05714
11.219
9.73333
6.94286
9.97143
7.59048
3.64762
7.10476
11.6857
9.08571
6.57143
10.619
4.72381
13.7429
10.5143
7.53333
7.04762
5
10.8476
6.30476
5.8
7.6381
13.5524
11.8571
4.53333
6.75238
4.78095
12.5048
5.02857
12.419
9.4
11.1333
3.26667
9.73333
4.52381
16.2095
5.82857
16.6952
12.7143
3.34286
4
8.42857
5.26667
13.381
15.8
7.00952
3.9619
3.82857
10.0286
6.52381
8.94286
3.82857
8.62857
4.19048
7.72381
24.781
12.7524
14.3143
9.46667
7.11429
3.40952
7.80952
13.5333
3.41905
5.98095
3.80952
3.6381
13.8381
6.40952
3.53333
5.86667
3.6
11.0476
3.53333
8.13333
12.3429
8.81905
5.49524
6.57143
13.8095
7.02857
9.64762
12.4762
4.49524
4.08571
3
6.12381
7.38095
9.46667
5.39048
10.3143
9.10476
3.7619
3.94286
7.17143
3.97143
4.85714
4.2
9.46667
9.59048
5.28571
4.57143
9.33333
8.26667
8.6
3.80952
10.2952
13.2857
3.89524
3.55238
5.14286
9.48571
3.33333
6.0381
13.9333
3.6381
4.29524
5.87619
15.381
3.51429
6.67619
11.981
6.12381
9.66667
8.04762
8.71429
6.27619
4.42857
7.49524
13.1905
7.55238
11.8
9.94286
10.1429
17.7143
7.6381
6.53333
11.1619
11.4095
7.70476
6.91429
4.14286
4.73333
6.68571
7.58095
9.42857
5.65714
4.06667
7.69524
9.2381
8.62857
3.81905
4.8381
6.21905
6.6
10.981
3.93333
4.14286
17.3714
10.781
12.3333
9.84762
6.06667
7.51429
10.581
3
4.32381
9.9619
12.6857
5.44762
4.19048
8.21905
23.3905
9.35238
7.39048
20.3238
13.0381
7.17143
3.00952
3.93333
3.75238
9.86667
8.53333
8
4.40952
6.80952
6.08571
17.419
11.0762
12.9524
10.781
4.7619
3.21905
13.0095
6.90476
16.5524
13.2
10.0476
8.18095
14.4952
8.75238
8.69524
8.88571
4.29524
3.11429
4.25714
4.08571
4.30476
5.12381
3.3619
15.3143
11.6667
8.71429
14.419
7.27619
13.4
4.37143
9.94286
13.5429
7.62857
8.53333
15.8381
11.2952
4.34286
6.9619
12.9143
21.381
3.4
8.13333
4.81905
10.4667
4.79048
3.40952
7.11429
5.35238
8.78095
4.45714
9.66667
9.7619
4.1619
6.38095
3.88571
10.0095
7.70476
7.11429
5.58095
4.69524
3.97143
8.02857
6.69524
13.0476
7.05714
5
14.8095
10.3048
6.61905
16.0952
11.7048
8.61905
6.19048
11.9143
12.4381
9.24762
7.48571
11.0095
6.06667
7.1619
15.1905
3.41905
8.22857
9.52381
8.48571
9.65714
8.2381
3.90476
11.1333
13.9524
3.60952
13.5524
5.41905
6.12381
12.4571
10.4762
7.29524
4.87619
4.9619
14.2476
12.5524
15.0286
13.5619
12.8
4.44762
4.62857
13.781
4.39048
3.97143
5.60952
5.59048
16.019
4.81905
15.1619
6.25714
6.20952
10.3619
6.58095
4.3619
8.5619
7.51429
8.98095
7
6.53333
5.27619
8.79048
17.1619
3.14286
13.4476
12.2286
4.91429
12.5048
11.619
10.8571
12.4762
6.67619
10.7333
4.52381
8.69524
11.819
6.9619
3.93333
11.019
17.4
9.69524
13.3429
7.20952
6.70476
12.5143
4.14286
5.17143
6.6
6.7619
4.80952
17.1238
4.17143
10.0095
4.07619
3
3.9619
9.67619
10.219
9.04762
14.4762
6.55238
8.49524
7.38095
12.2667
8.60952
7.27619
7.9619
16.3524
11.5333
4.67619
6.98095
13.5048
3.32381
10.0857
8.82857
4.31429
10.7524
13.0667
11.9238
6.37143
9.50476
4.98095
5.44762
16.0762
6.58095
4.02857
14.6667
4.73333
5.44762
8.19048
3.7619
12.4381
7.92381
7.72381
5.32381
10.8286
14.4095
9.01905
10.3524
7.3619
17.3429
4.60952
3.70476
3.44762
5.66667
8.21905
4.91429
13.019
7.05714
4.1619
3.68571
6.28571
14.8952
5.31429
6.10476
3.32381
3.42857
12.4762
5.45714
3.95238
9.31429
3.41905
3.99048
12.9429
3.4
12.7333
6.44762
11.5619
13.5333
7.88571
9.05714
7.84762
17.6
14.2476
3.12381
9.88571
4.27619
15.2381
7.66667
5.27619
9.10476
14.5048
3.49524
22.019
10.2857
7.18095
3.78095
6.4381
3.3619
11.1238
13.4667
8.6
9.08571
11.5429
4.97143
7.72381
3.38095
13.8762
13.5714
4.88571
3.4381
3.90476
9.73333
9.42857
13.5905
12.3524
17.9048
10.619
5.1619
8.68571
12.7429
6.54286
12.8
10.019
15.1429
7.90476
6.01905
7.92381
5.62857
7.90476
8.28571
11.3905
7.20952
8.84762
13.5048
4.0381
5.05714
11.8762
14.7429
3.12381
12.9143
3.46667
10.3429
4.92381
8.15238
9.79048
7.98095
8.8381
10.781
7.9619
6.32381
4.50476
9.4
10.3238
12.4762
11.419
12.9619
12.7143
11.8286
4.24762
13.9143
7.32381
17.0095
6.86667
5.65714
6.1619
12.5238
7.66667
6.82857
7.38095
8.13333
6.75238
5.37143
6.54286
8.13333
11.4667
6.31429
12.5714
11.2
9.9619
12.4762
9.89524
4.90476
5.5619
7.37143
4.37143
9.27619
3.71429
13.4667
9.19048
4.90476
7.75238
7.09524
5.77143
6.75238
11.0286
19.0762
11.381
5.79048
15.5143
7.52381
8.37143
5.84762
6.59048
9.4381
13.7619
8.28571
12.0857
11.0095
3.41905
8.11429
5.79048
9.34286
10.7238
4.18095
3.13333
11.3429
7.4381
3.7619
3.38095
3.61905
9.32381
3.77143
9.53333
3.74286
4.30476
4.35238
8.97143
3.8
7.10476
12.9905
5.42857
5.37143
10.0286
7.75238
7.95238
10.3143
13.3429
7.91429
8.02857
7.75238
10.4
4.00952
9.1619
6.57143
3.94286
3.98095
11.9429
8
5.64762
4.09524
14.7714
9.89524
12.981
9.44762
10.4667
14.3524
15.6667
6.31429
7.66667
3.62857
9.05714
9.45714
9.49524
3.67619
4.19048
6.77143
7.02857
3.3619
3.47619
15.4762
11.3429
13.3429
7.93333
4.99048
12.1429
3.6381
6.19048
6.79048
11.1619
10.8286
6.74286
4.57143
14.1714
7.18095
6.2381
11.8857
6.20952
13
5.25714
16.4952
6.1619
13.0286
5.17143
7.40952
6.32381
8.18095
4.87619
10.7429
4.50476
12.9524
3.71429
19.381
10.6
4.37143
8.8381
11.9048
11.9429
5.90476
5.44762
13.2476
3.27619
6.6
6.81905
6.77143
3.26667
5.52381
9.33333
8.07619
12.7238
4.06667
6.8381
3.88571
10.4952
6.97143
6.6381
17.9238
17.1333
15.0667
4.71429
5.51429
4.08571
13.219
3.31429
4.21905
12.7714
5.07619
5.92381
8.57143
12.6
7.11429
4.2381
4.71429
7.6381
4.24762
3.65714
10.6286
7.6381
10.981
5.85714
7.9619
5.22857
3.47619
7.80952
5.95238
6.5619
15.5048
9.04762
5.00952
7.29524
7.41905
3.46667
12.8
12.3143
6.89524
9.48571
3.47619
3.92381
4.80952
11.6857
3.09524
32.5143
4.84762
7.73333
11.7905
7.20952
5.89524
12.8667
4.40952
8.13333
3.20952
8.66667
10.2952
6.39048
5.0381
6.50476
3.54286
3.78095
5.61905
7.7619
3.73333
12.3333
5.14286
8.30476
4.11429
7.34286
13.819
11.5619
9.25714
8.77143
7.91429
3.40952
9.51429
8.47619
3
8.06667
8.29524
9.73333
13.3619
9.8381
15.2476
10.9048
3.46667
8.4
8.37143
14.0095
5.58095
11.9238
8.22857
5.32381
12.019
10.8476
6.08571
3.62857
11.2667
5.21905
8.20952
5.72381
5.73333
8.81905
10.1143
9.17143
6.70476
12.7619
11.8095
8.30476
16.981
5.05714
5.55238
7.24762
10.619
5.77143
10.9524
7.4
6.31429
6.53333
7.5619
9.68571
13.1714
6.53333
9.02857
5.44762
15.0476
11.5048
9.40952
13.3714
12.2667
8.2381
3.14286
4.17143
15.8667
15.2095
11.8476
7.51429
8.64762
8.18095
6.7619
7.73333
5.48571
3.97143
9.06667
19.9905
4.50476
4.10476
4.74286
3.4381
4.00952
12.1905
3.61905
8.65714
11.0952
8.54286
9.90476
8.46667
8.25714
12.2
10.019
4.10476
4.37143
7.59048
3.88571
3.87619
11.4952
6.94286
10.6952
3.90476
5.66667
7.10476
6.47619
6.84762
4.2
12.8667
3.79048
17.7524
9.09524
10.3905
13.1714
11.0857
5.60952
7.37143
3.59048
8.04762
14.3429
12.3333
6.91429
5.15238
12.8
18.1048
3.61905
4.33333
3.95238
7.22857
9.09524
5.71429
4.94286
7.27619
9.57143
14.2952
10.219
6.19048
3.98095
5.64762
7.68571
8.74286
6.17143
10.7905
9.26667
11.7429
11.7143
11.3143
9.95238
11.6286
12.1048
7.78095
5.74286
18.4762
12.419
9.62857
9.40952
8.88571
7.92381
5.40952
8.38095
5.98095
8.5619
15.019
10.6476
10.7429
5.54286
8.88571
7.50476
8.91429
7.35238
7.58095
5.94286
9.12381
16.219
12.6381
5.38095
4.77143
7.79048
11.1619
17.8762
9.49524
8.58095
14.1238
5.28571
7.7619
6.78095
6.74286
11.9048
8.20952
6.2381
3.40952
4.14286
4.92381
13.2
8.53333
6.58095
7.94286
5.14286
5.98095
13.581
13.6762
14.7429
7.47619
6.8
5.80952
4.90476
10.3714
9.91429
12.4381
13.7143
6.44762
8.71429
6.02857
4.46667
8.78095
3.02857
4.4
4.30476
8.50476
4.06667
9.73333
4.81905
5.87619
5.7619
4.72381
3.46667
3
5
7.01905
4.2381
13
9.81905
11.6381
9.64762
16.3619
11.5524
14.0286
12.381
12.7429
17.6286
6.13333
7.51429
11.5619
5.44762
8.7619
3.47619
8.09524
15.1429
21.2571
3.74286
12.3714
4.00952
12.4952
11.181
3.32381
13.4
4.67619
5.73333
5.38095
10.8571
12.5333
6.60952
6.32381
9.55238
4.02857
3.92381
7.29524
9.1619
8.24762
6.6
4.28571
14.7524
8.80952
15.3524
10.2476
3.66667
8.44762
13.0667
10.6381
6.61905
5.6381
8.28571
16.8571
9.1619
4.29524
8.34286
17.1429
12.8667
16.7619
9.60952
10.4952
11.019
14.4762
5.5619
7.10476
10.4571
5.10476
4.47619
6.31429
3.90476
11.6095
5.78095
8.68571
12.4952
9.4
3.60952
7.77143
4.29524
13.2667
14.0476
9.11429
4.52381
4.04762
5.38095
11.3905
9.04762
19.6667
8.90476
5.35238
3.30476
8.87619
12.4
10.0476
7.89524
7.81905
7.02857
3.6381
8.38095
7.41905
4.24762
3.62857
4.66667
7.4381
4.62857
7.62857
9
14.3714
10.781
7.82857
8.6381
4.13333
5.9619
4.92381
7.58095
12.181
12.1333
6.66667
9.07619
4.82857
4.49524
6.27619
9.13333
18.6095
15.0095
4.58095
8.50476
12.4381
15.981
9.60952
7.90476
11.6095
4.5619
10.2762
12.5905
3.40952
11.219
3.37143
4.71429
7.38095
7.3619
4.62857
4.2
10
9.39048
6.09524
9.55238
3.7619
6.64762
4.42857
7.69524
22.419
16.8476
5.01905
10.9714
7.26667
7.65714
9.62857
9.7619
12.619
11.219
2.4381
9.84762
5.77143
5.2381
3.40952
2.00952
3.10476
5.5619
2.8381
2.73333
5.54286
5.8381
3.93333
6.82857
3.87619
6.32381
3.2381
4.73333
9.51429
2.28571
5.6381
2.64762
2.61905
2.72381
3.13333
5.67619
9.06667
3.07619
15.2
3.17143
2.28571
2.73333
2.61905
6.20952
2.05714
3.4381
4.32381
2.40952
3.40952
2.55238
6.87619
2.67619
3.5619
5.6
3.31429
2.0381
5.48571
7.86667
6.29524
5.54286
2.7619
2.32381
10.7333
2.9619
6.07619
2.85714
8.01905
2.45714
3.15238
3.08571
6.49524
2.50476
2.40952
10.9524
3.35238
14.2
37.2762
6.11429
11.8
4.78095
5.50476
2.33333
7.97143
15.2
2.28571
2.52381
2.90476
2.86667
3.34286
6.72381
2.60952
3.6381
7.22857
2.37143
2.7619
3.4381
6.22857
2.57143
12.4952
10.2667
13.6476
13.0476
7.17143
2.17143
11.819
3.61905
7.39048
7.99048
6.58095
16.181
4.52381
4.89524
3.09524
6.4381
5.32381
4.52381
4.9619
8.33333
3.32381
3.60952
5.60952
5.4
2.26667
2.37143
2.92381
2.01905
2.59048
4.28571
8.80952
3.95238
3.60952
3.81905
6.95238
6.88571
7.42857
4.06667
3.07619
8.00952
8.32381
1.21905
5.77143
1.80952
6.2381
10.8095
1.20952
4.86667
2.66667
1.91429
1.70476
1.28571
5.13333
4.48571
1.33333
5.62857
1.22857
2.86667
1
1.02857
7.26667
3.5619
1.53333
1.89524
4.24762
4.8381
3.9619
8.75238
1.24762
1.01905
1.3619
1.09524
1
1
1.93333
8.18095
1.06667
1.08571
1.89524
1
6.6381
1.4381
6.94286
10.1238
4.48571
1.14286
1
8.18095
1.41905
1
1.04762
1
8.18095
8.22857
1.80952
1.1619
6.0381
2.05714
1.47619
1
5.70476
4.75238
3.35238
4.26667
1
1.49524
1.48571
1
6.61905
8.78095
1.10476
3.49524
3.57143
1
1.61905
1.26667
1
3.39048
1.49524
1.32381
1.33333
1.77143
6.11429
1.65714
1.19048
1.75238
1.08571
3.21905
1.30476
2.00952
9.73333
1.62857
1.04762
9.64762
9.12381
4.05714
7.2381
1.06667
9.6
1
1.15238
4.89524
7.77143
2.45714
1.41905
7.2
1.92381
1.18095
6.79048
1.06667
1.45714
1
1
4.86667
8.60952
1
4.85714
1
1.8381
5.97143
1.52381
6.86667
1
1.10476
1.30476
6.29524
1
3.67619
9.38095
1
1.20952
1.6381
1.4
6.12381
1.7619
1.68571
2.8
1.09524
1
8.05714
1
4.85714
2.14286
6.30476
1.52381
2.41905
1.55238
7.92381
5.8
2.90476
1.12381
7.28571
9.28571
7.1619
1.40952
1.68571
1.37143
1.11429
1.02857
1.49524
2.31429
1.2381
1.99048
6.09524
6.42857
1.00952
2.34286
2.18095
8.1619
11.2
1.66667
1.05714
1.02857
6.45714
6.64762
3.75238
1.35238
7.29524
2.10476
1.25714
1.10476
1.06667
1
1.18095
1.18095
1.02857
6.48571
5.18095
7.99048
1.86667
1.49524
1.66667
1.6
6.01905
6.50476
5.2381
2.04762
7.98095
2.07619
6.42857
7.81905
1.99048
1.39048
1.02857
3.90476
1.06667
1.01905
6.39048
9.61905
1
2.13333
1.8
1.77143
1.31429
2.20952
9.42857
1
3.06667
6.13333
1
1
2.68571
1.01905
5.71429
1.50476
1.49524
1.11429
1.24762
2.69524
1
1.45714
1.00952
5.30476
1.12381
1.57143
2.14286
1.98095
3.11429
2.05714
1.01905
2.80952
1.7619
1
4.65714
2.29524
1.74286
1.01905
1.00952
1.86667
1.04762
1.30476
8.75238
1.09524
1.09524
2.08571
1.77143
1.25714
1
1
1.52381
1.14286
1.24762
1.26667
1.35238
1.87619
1.0381
9.57143
1.33333
2.48571
1.02857
5.70476
8.49524
1.07619
1.73333
1.07619
8.04762
1.29524
7.73333
6.52381
2.08571
6.42857
1.35238
1.67619
2.90476
1
3
6.14286
1.37143
2.42857
1.67619
6.48571
1.37143
4.58095
2.78095
6.49524
10.7905
3.60952
7.21905
9.09524
5.55238
9.51429
1.32381
1
1.95238
5.37143
1
1.4
1.27619
1
1.40952
1.75238
6.07619
5.12381
1
1
8.2381
6.54286
1.05714
1.48571
7.10476
1.11429
1
1.31429
5.62857
1.37143
2.01905
7.57143
8.66667
1.11429
8.10476
6.47619
1.54286
6.47619
7.28571
1.54286
9.14286
7.62857
7.06667
2.29524
2.4381
1.64762
1
5.80952
1
1
4.39048
1.84762
1.00952
2.33333
1.38095
1
1.42857
1.4
8.37143
5.09524
1.1619
9.94286
4.72381
2.33333
1.04762
1.01905
1
1.48571
1
1.80952
1.20952
6.32381
6.12381
6.55238
6.68571
2.91429
1.30476
1.31429
6.19048
3.13333
2.55238
1.78095
6.42857
1.04762
4.08571
5.69524
4.48571
6.28571
1.39048
6.09524
1.7619
6.15238
3.19048
1.52381
2.37143
3.75238
9.41905
7.59048
1.07619
1.80952
7.09524
1.21905
2.07619
1.31429
7.82857
8.59048
1.93333
1.7619
1
1
1.19048
6.58095
9.12381
5.44762
1.58095
1.02857
1.06667
1
6.47619
4.06667
6.92381
5.2381
1
1.85714
6.6381
1.59048
1.8381
1.1619
1.13333
1
9.69524
6.04762
5.64762
1.55238
5.54286
1.68571
10.5905
5.02857
1
6.41905
10.2857
5.40952
1.48571
1.69524
1
1.0381
1.54286
1.05714
1.06667
8.14286
2.22857
1.00952
5.77143
1.1619
1.1619
1.22857
1.89524
1.88571
9.21905
1.11429
1
1.51429
1.18095
1
9
1.08571
1.84762
6.26667
7.93333
1.4
1
1.10476
1
1.58095
4.70476
3.86667
7.45714
2.08571
1.3619
7.33333
3.29524
1
7.55238
5.05714
2.18095
5.27619
1.2
2.00952
1.29524
1.66667
2.18095
1.98095
5.28571
1
1
5.65714
1.14286
2.20952
8.26667
1.62857
5.85714
2.06667
1.47619
1
1.48571
1
7.6381
1.93333
5.02857
8.10476
7.57143
3.08571
1.11429
8.89524
1
1.00952
10.6095
5.78095
1.02857
1.05714
9.3619
4.00952
1
4.47619
6.08571
1.01905
5.52381
1.9619
1.40952
2.78095
1.7619
1
1.00952
1.04762
1.26667
2.44762
1.78095
1.42857
1
7.53333
5.92381
1.33333
1.24762
1.10476
1.13333
2.17143
1.1619
6.8381
1.6
1.11429
1.07619
1.4
8.15238
6.94286
7.98095
5.85714
1.01905
1.74286
11.019
1
4.78095
1.1619
7.58095
3.87619
8.10476
1.22857
6.42857
1.50476
1
1.32381
1.27619
1.58095
7.12381
1.50476
1.2
1.07619
7.74286
1.3619
1.2381
1.1619
1
9.68571
1.09524
2.18095
1.00952
2.73333
1.28571
5.8
1.09524
2.35238
1.72381
1.32381
1.05714
1.94286
7.85714
1.08571
5.98095
1.38095
5.53333
1.78095
6.85714
1.08571
6.90476
5.93333
7.99048
1
1.0381
3.08571
6.98095
1.28571
1.19048
1.01905
1.37143
1.29524
1
7.99048
1
1.02857
1.34286
1.17143
4.89524
2.02857
9.2381
1
1.02857
1.49524
1
2.04762
7.39048
1.41905
1.48571
1.67619
1.4381
1.04762
10.3333
1.34286
5.30476
10.1333
2.28571
8.00952
1.22857
1
2.08571
5.75238
1
1.13333
2.0381
1.31429
1.32381
7.77143
1.42857
7
1
7.14286
1.22857
2.07619
1.24762
1.04762
1
4.6381
5.81905
1.30476
1
2.30476
1.77143
7.08571
7.47619
1
2.00952
5.21905
1.81905
1.01905
2.24762
1
1
1
6.4381
1.0381
8.25714
6.46667
7.64762
1.77143
1
7.68571
1.44762
9.79048
2.20952
2.25714
9.49524
1.06667
2.00952
1
8.30476
10.0381
1.18095
1
7.52381
5.9619
1.01905
1.32381
3.46667
1.09524
10.2571
1.59048
6.41905
3.39048
1.0381
1.26667
1.52381
8.28571
1.35238
1.61905
9.41905
1.14286
1.21905
7.68571
1.54286
8.37143
2.04762
1.60952
1.12381
1.00952
7.26667
1.94286
5.22857
5.13333
5.04762
11.581
3.08571
1.39048
1
1.44762
1
2.28571
1.72381
1.74286
7.27619
2.50476
5.38095
3.94286
1.08571
1.02857
1.13333
1.50476
1.05714
4.89524
2.26667
5.61905
6.53333
1
2.05714
11.619
5.78095
5.41905
1
1.47619
1.99048
1.01905
1
1.18095
5.50476
1
9.82857
1
2.54286
1.17143
1.18095
3.5619
4.4381
1.75238
1.32381
1.34286
2.2381
5.74286
1.17143
1.18095
1.79048
1.59048
1
1.88571
1.10476
1.48571
6.17143
1.45714
7.02857
1.17143
8.12381
1.27619
1.05714
1.04762
6.65714
1.3619
1.55238
2.50476
1.95238
4.11429
1.12381
1.13333
1.06667
4.4
5.18095
3.00952
1.08571
5.53333
4.32381
2.53333
1.13333
2.80952
7.39048
1.01905
1
1.06667
1.39048
7.73333
1
4.3619
1.18095
1
1.46667
1.0381
7.66667
2.93333
1
1.3619
1.94286
1.40952
1.98095
1.00952
1.57143
9.72381
1.34286
1.75238
1
1.06667
6.00952
1.26667
1
1.19048
5.79048
1.30476
2.32381
8.29524
1
1.11429
1.59048
2.15238
1.2
4.35238
5.4381
1.52381
1.81905
1
8.08571
1.74286
10.1524
1.54286
1
6.29524
2.78095
1
2.09524
1.13333
2.09524
1
1.49524
2.14286
3.17143
3.98095
7.42857
5.09524
6.6
2.06667
1.04762
1.2381
1
2.89524
9.70476
1.04762
1.13333
5.00952
1
1.11429
3.15238
1.24762
2.02857
9.1619
1.10476
1.06667
1.20952
1.61905
1.24762
1.13333
10.1619
8.33333
1
1.45714
1.06667
1.48571
2.65714
1
11.2571
9.0381
7.71429
1.33333
1.12381
3.34286
1
5.61905
1.91429
1.33333
1
6.92381
11
2.59048
1.2381
2.18095
2.0381
1.12381
8.10476
1.48571
1.2381
1
1.4381
9.32381
2.73333
6.28571
5.24762
1.26667
2.15238
5.4381
1.07619
11.1429
1.51429
6.34286
1.49524
1.47619
8.2
1
1.1619
1
1
1.45714
1.32381
7.13333
9.99048
4.92381
3.11429
9.61905
1.20952
1
1
1.34286
5.11429
1.13333
9.81905
2.13333
5.06667
7.31429
8
1.02857
1.6381
4.2
1.02857
9.82857
2.21905
1.70476
1.75238
1.41905
7.39048
1.08571
1.15238
10.3714
1.64762
1.24762
7.70476
1
1
2.35238
1.88571
7.37143
11.2381
6.0381
1.29524
1.18095
1.4
1.50476
7.98095
1.95238
8.93333
1.71429
1.98095
7.07619
1.87619
1.19048
2.26667
1.46667
4.38095
5.30476
6.84762
1.35238
1.32381
5.20952
1.21905
4.32381
1.0381
1.14286
1
1.44762
1
7.42857
1.51429
7.19048
1.78095
7.18095
2.47619
1.5619
4.94286
1.53333
1.17143
1.35238
1
4.08571
7.55238
5.65714
8.39048
1.91429
1.09524
2.6381
2.26667
6.85714
1.0381
6.25714
1
1.20952
1
6.62857
1.64762
1
10.2476
9.92381
7.90476
1.8381
4.86667
2.11429
5.02857
1.4381
1.3619
1
1
3.22857
1
8.75238
1.11429
4.86667
1.02857
1.59048
7.37143
1.26667
1.52381
5.53333
7.21905
6.89524
1.1619
1.86667
1.42857
1.4381
1.14286
1.00952
1
4.99048
6.30476
1.1619
1.91429
1.04762
1.60952
1
2.2381
4.17143
1.78095
4.99048
7.11429
1.32381
7.04762
1.04762
1.01905
4.0381
1
1.27619
1.61905
1.71429
1.00952
1
1.09524
1.90476
1
1.08571
1.28571
1.06667
5.44762
6.8
2.50476
1.18095
1
1
2.37143
1.10476
2.04762
1.11429
1.59048
1.01905
1.00952
1.33333
1.20952
1.09524
6.41905
10.0952
1.67619
4.18095
1.04762
4.48571
5.57143
1.13333
1.12381
2.00952
3.22857
1
1
2.77143
1.00952
1.75238
1
1.38095
1
1.33333
1.29524
1
8.35238
3.54286
1.6381
1.32381
1.85714
1
7.28571
4.95238
1.32381
2.02857
1.33333
3.75238
6.32381
1.02857
8.15238
1.54286
7.45714
6.3619
6.34286
1.99048
6.19048
1.52381
1
4.19048
1.80952
9.41905
1
9.07619
2.00952
2.57143
7.90476
8.22857
1
8.84762
1.0381
1.08571
1.26667
6.00952
11.0095
1.65714
9.35238
2.80952
6.87619
8.6
6.24762
1.04762
5.42857
3.41905
1.59048
1
1.8
7.38095
2.19048
7.27619
6.2381
4.6
5.46667
1.04762
6.38095
7.82857
1.79048
1.60952
5.4381
2.18095
1.57143
1.7619
1.07619
1.69524
5.84762
1.05714
1.0381
7.42857
1.54286
5.95238
8.5619
1
2.30476
8.65714
1.01905
1
1.3619
6.46667
1.91429
3.65714
6.67619
9.81905
2.07619
1.45714
1.07619
1.18095
5.61905
2.59048
9.47619
1
1.32381
10.4476
1
1.08571
1
2.14286
5.62857
11.1429
6.52381
1.17143
5.14286
1.71429
1.44762
1
6.55238
1.04762
2.04762
1.25714
11.5905
10.0667
6.49524
1.62857
2.24762
3.13333
1.01905
1.67619
1
1.82857
8.38095
1.50476
1.72381
1.89524
1.0381
7.24762
1.04762
1
7.75238
2.08571
1.18095
1.15238
1.01905
1.58095
10.9714
1.55238
1
1
1.7619
4.88571
1
1
2.73333
2.22857
1.95238
1.77143
1.80952
1
11.9524
4.48571
5.80952
1.49524
1.19048
4.74286
2.73333
1
1.02857
2.58095
1.65714
5.64762
5.24762
2.48571
1.94286
2.6381
7.52381
9.04762
1.71429
6.42857
8.2381
4.01905
9.33333
2.94286
3.02857
18.2571
3.35238
6.47619
1
6.87619
1.20952
1.19048
1.29524
9.02857
3.39048
1.00952
1.90476
3.00952
1
1.53333
1.53333
1.00952
5.78095
6.54286
3.53333
6.82857
2.59048
6.8
2.25714
1.53333
1.31429
4.35238
4.21905
5.27619
3.4
9.5619
1.0381
1.05714
4.97143
6.58095
5.22857
1.75238
4.53333
1
1.0381
1.93333
1.64762
1.25714
1.87619
1
2.8
1.25714
1.73333
1.15238
2.51429
1
1.74286
1.19048
1.08571
2.12381
1.01905
1.04762
1.09524
8.90476
1.07619
1.04762
1
7.20952
1.0381
1.80952
1.95238
7.70476
7.02857
2.29524
1.66667
6.8
3.82857
3.98095
1.04762
1
4.74286
2.17143
1.15238
1.29524
1
10.7238
8.90476
7.39048
1
3.54286
1.04762
7.89524
1.53333
11.1714
6.22857
4.07619
6.49524
4.48571
1.81905
1
6.09524
8.21905
9.18095
2.4381
4.30476
2.97143
1.34286
1.0381
1.04762
4.54286
1.2
3.74286
4.95238
1
1.99048
2.07619
1.93333
1.14286
7.93333
1.34286
1.20952
1.58095
4.24762
5.50476
1
1.00952
6.45714
1.09524
2.4
6.49524
5.37143
1.70476
1.28571
1.65714
1.1619
7.31429
4.85714
6.53333
6.99048
1.37143
1.22857
6.6
1.26667
1.65714
6.29524
1.91429
10.2762
5.50476
2.12381
2.1619
1
4.91429
6.08571
1
1.49524
2.8
4.41905
1.87619
6.14286
1.80952
1.45714
2.53333
1.15238
1.01905
1.2381
1
1.4
1.02857
2.13333
1.41905
1.92381
3.10476
1.28571
7.2
2.24762
1
1.00952
1.10476
1.50476
1
14.4762
1.12381
1.2
6.89524
1.33333
6.91429
1.00952
6.88571
2.61905
1
1.01905
1.5619
1.05714
4.52381
2.07619
2.75238
5.69524
1.04762
2.74286
1.09524
3.2
1.25714
1.14286
1.00952
6.65714
6.50476
6.87619
1
2.14286
2.20952
2.13333
7.59048
5.04762
1.75238
5.74286
8.34286
1.53333
1.6
2.17143
5.8381
1
3.40952
2.26667
1.0381
1.37143
1.0381
10.8476
1.0381
2.12381
3.32381
1.08571
1
5.51429
1.2381
1.62857
1
5.04762
1.00952
1.37143
6.88571
1.65714
1.42857
1.86667
8
7.2
1.10476
3.35238
4.64762
1
1.02857
7.35238
1.35238
1.89524
8.95238
2.37143
12.4095
9.72381
6.40952
1.35238
1.86667
1.35238
1.04762
2.50476
6.08571
1.24762
2.4
1
4.55238
1.14286
1.01905
1.25714
7.1619
1
2.06667
1.27619
1.37143
1.61905
1.14286
7.0381
5.44762
1.07619
1.10476
7.90476
6.42857
3.13333
5.8381
1.17143
1
7.6381
6.12381
1.41905
1.29524
5.99048
2.61905
1.44762
5.54286
5.73333
2.06667
7.72381
1
6.3619
1
9.50476
1.49524
1.10476
5.67619
1.02857
5.92381
5.37143
1.93333
1.04762
1.67619
1.14286
1
1.42857
1.25714
1.02857
5.60952
9.24762
6.58095
7.4381
1.97143
1.02857
4.09524
6.48571
8.5619
1
1.14286
1.99048
1.69524
3.34286
2
1.39048
1.01905
1
2.62857
1.26667
6.1619
1.11429
6.07619
8.4
1.02857
1.4
4.88571
7.32381
1.00952
11.781
1.73333
1.46667
3.91429
7.14286
5.09524
10.2476
1.75238
2.17143
1
1.05714
4.4
6.25714
7.78095
1.12381
5.1619
8.91429
1.30476
2.38095
6.13333
7.31429
1.2
2.35238
1.02857
2.46667
7.44762
5.67619
1
2.17143
1.34286
7.21905
2.81905
1.2
5.54286
1.64762
6.74286
1.14286
7.10476
2.00952
1
1.67619
6.6
9.60952
2.39048
1.66667
1.7619
1
7.92381
1.09524
1.02857
1.48571
5.75238
7.51429
6.59048
1.04762
2.39048
1.18095
6.77143
8.18095
3.21905
1.27619
10.2095
10.1905
3.91429
1.39048
7.14286
2.1619
1.09524
9.44762
1.6
2.13333
3.60952
2.45714
1.27619
2.20952
1.59048
3.34286
9.46667
2.17143
1.26667
1.90476
1.87619
1.57143
8.8
10.781
6.08571
2.38095
2.25714
1.2381
8.3619
8.06667
8.08571
3.44762
1.05714
3.87619
1
6.35238
7.88571
7.71429
2.60952
7.31429
1.8381
1.91429
1.04762
8.59048
1.18095
1.39048
1.87619
1.75238
2.54286
8.33333
1.13333
1.00952
6.22857
8.46667
5.53333
6.46667
1.06667
1
1.00952
1.60952
1.84762
5.50476
1.6
1.2381
5.2381
1.2
2.27619
9.73333
3.90476
1.32381
2.39048
9.39048
8.14286
3.89524
5.51429
1.35238
1.05714
1.14286
1.01905
1.0381
1.98095
1.61905
1.34286
2.97143
1.05714
1.90476
4.05714
5.19048
1.46667
1.00952
1.24762
6.64762
1.60952
1
3.55238
5.40952
1.87619
1.04762
1.6
11.1714
1.2
1
8.68571
1.70476
1.19048
1.0381
1.15238
1.01905
1.04762
10.8667
1.04762
1.92381
1.39048
9.30476
7.65714
1
1.8381
1.45714
6.12381
6.6
1.19048
8.20952
2.70476
1.40952
1.09524
1
9.93333
6.15238
1.02857
6.48571
1
1.88571
1.55238
1
10.019
5.71429
1.48571
1.95238
7.46667
2.12381
12.3238
6.67619
1
4.57143
1.49524
1.0381
1
1.34286
2.57143
1.11429
1.21905
10
1.45714
1
1.4381
3.29524
1.0381
6.0381
1
1.46667
7.48571
8.66667
1.95238
6.15238
1
5.19048
1.38095
3.72381
5.28571
1.65714
3.42857
1.25714
7.52381
1.00952
1.94286
1.15238
5.57143
2.84762
4.20952
1.3619
5.62857
4.45714
1.25714
8.3619
1.73333
1.66667
6.54286
1.07619
5.44762
7.30476
1.92381
2.12381
5.59048
1
2.60952
6.44762
1.40952
1.05714
6.49524
6.69524
1.47619
1.31429
8.24762
9.94286
8.87619
6.35238
1.46667
5.2381
1.09524
5.6
1.89524
1.11429
11.5714
7.8381
1.10476
2.19048
4.7619
1.09524
1
1.21905
4.58095
2.11429
7.69524
1.59048
5.90476
1.24762
6.0381
1.73333
2.97143
1.29524
5.79048
1
1.33333
1.17143
3.15238
4.85714
1.02857
12.6952
8.93333
2.15238
6.15238
1.41905
1.07619
1.14286
1.07619
1
5.98095
7.21905
8.05714
1
2.82857
1.49524
1.10476
1.3619
1.11429
7.73333
1.04762
4.73333
1
2.32381
6.99048
3.67619
1.05714
1.14286
4.41905
2.06667
1.1619
8.19048
1.13333
1
1.04762
1
1.17143
1.3619
7.25714
1.32381
3.7619
6.60952
1.26667
1.53333
1.11429
7.33333
2.91429
7.75238
5.75238
4.91429
1.12381
7.0381
2.34286
7.24762
6.17143
5.44762
1.29524
6.46667
2.72381
7.05714
1.3619
5.82857
2.26667
1.61905
1.6381
1.49524
1.20952
1.67619
5.81905
2.09524
1.13333
1.34286
3.42857
1.68571
1.4381
1.48571
1.53333
1.12381
1.34286
1
2.8
1.11429
2.7619
7.19048
1.00952
1
