10876
26.64
15.48
10.84
15.08
12
11.56
17.52
9.84
16.28
18.52
23.96
10.8
19.92
12.76
21.44
19
10.96
16.12
14.68
25.16
19.08
15.56
9.64
20.4
10.08
17.04
18.28
10.28
10.68
9.44
10.08
12.76
14.12
13.16
14.72
10.92
13.28
12.44
19.52
12
10.48
18.6
22.16
19.04
12.16
16.56
17.76
14.44
8.44
20.12
10.24
13.88
19.08
11
15.88
20.88
10.76
18.72
11.72
11.32
18
15.6
25.08
20.24
11.16
18.4
10.6
9.12
20.44
9.96
27.28
11.8
10.88
12.8
16.36
13
12.08
12.2
12.2
15.68
14.84
10.64
10.64
13.92
15.4
13.68
21.72
19.92
13.64
13.44
11.24
11.8
8.56
17.68
12.44
10.84
14.84
19.64
11
19
24.6
19.88
11.68
10.64
12.04
18.32
14.56
11.64
8.6
17.32
14.04
12
21.68
10.44
14.8
15.4
14.76
13.88
19.04
14.96
23.16
15.88
10.52
15.52
11.56
23.76
20.8
22.96
19.8
20.32
14
13.76
12.68
10.72
20.2
16.76
18.76
15.16
19.92
10.04
16.16
23.24
15.76
12.68
9.6
18.16
16.72
14.88
18
16.24
16.12
19.84
25.72
14.4
14.32
18.32
20.64
17.12
13.6
14.76
12.6
23.64
18.2
13.72
18.08
13.88
11.4
14.24
17.52
11.92
13.12
14.92
14.6
12.68
9.08
8.76
14.68
15.68
26.04
21.88
17
20.76
12.68
18.28
15
15.72
15.12
13.52
18.04
21.88
18.32
23.72
16.16
14.2
16.84
14.72
11.8
12.24
12.44
19.36
13.44
13.68
11.4
15.4
9.8
9.64
16.72
11.44
17.24
16.08
11.76
17.32
11.32
18.64
13.56
12.08
14
10.8
14.64
8.36
12.64
12.52
13.04
19.8
15.56
11.44
15.84
10.64
16.68
10.4
16.72
12.08
12.16
16.52
13.32
14.24
16.84
9.8
8.84
14.08
8.64
9.28
10.44
13.28
18.84
18.84
18.76
22.96
18.44
13.84
15.52
15.88
17.8
9.8
17.08
16.96
13.08
14.32
14.28
12.92
16.12
13.4
18.48
9.24
17.84
9.32
18.32
20.28
15.52
15.52
18.96
22.76
25.28
14.32
13.32
16.2
16.68
13.32
15.08
20.88
14.6
18.6
11.04
12.84
18.88
20
12.8
19.36
16.12
20.4
14.92
17.4
17.96
24.96
21
18.56
13.72
17.52
18.24
12.4
11.08
19.84
14.52
23.24
14.48
13.28
16.32
16.96
8.84
20.52
20.68
24.08
17.08
23.76
19.04
13.6
9.56
14.6
21.8
21.08
11
9.36
14.72
22.44
13.68
13.08
17.12
17.44
16.48
13.96
8.2
26.08
10.48
10.68
14
11.32
12.32
9.16
18.32
20.24
16.44
9.04
10.36
14.08
10.28
13.88
23.36
12.32
15.4
13.16
14.64
15.72
12.84
8.4
13
16.56
17
11.08
13.72
11.64
11
21.56
10.56
18.28
12.8
18.96
13.92
16.56
12.8
20.68
15.04
10.84
11.24
16.68
9.56
8.8
11.08
12.2
13.04
20.52
12.8
10.76
21.24
20.52
11.44
35.24
16.16
18.44
15.8
14.6
13.68
18.48
20.04
22.16
16.44
17.88
21.8
24.76
16.44
19.08
9.44
17.28
15.28
19.04
8.32
11.88
22.64
20.64
16.28
17.28
11
13.04
17.32
13.52
13.32
11.68
13.24
13.68
15.36
12.72
24.8
10.12
13.32
10.12
17.68
12.72
14.88
10.24
10.88
9.76
11.44
15.04
13.48
8.96
15.96
15.52
16.12
9.88
14.6
15
15.28
12.48
13.56
14.08
15.88
16.2
17.96
12.44
11.8
13.56
19
11.88
22.04
10.48
14.28
12.48
18.76
14.2
20.36
15.4
13.52
13.2
16.04
13.56
12.28
13.44
11.16
9.32
10.04
15.4
17.2
16.12
10.4
17.04
17.52
16.76
19.52
12.52
17.08
19.12
14.84
16
22
9.04
16.16
14.68
22.16
15.48
21
19.12
32.08
12.28
18.4
18.24
14.76
18.12
12.52
16.24
16.92
10
17.68
24.72
21.28
10.56
17.04
12.44
19.56
16.6
19.28
28.72
14
10.16
14.76
13.56
14.92
10.04
20.32
13.64
10.48
15.96
10.64
20.32
15.16
14.8
11.48
18.28
13.24
12
18.68
13.88
19.16
8.56
10.24
8.6
15.68
10.72
18.36
19.72
19.08
11.32
14.52
12.64
16.92
16.12
21.4
17.96
16.32
16.72
15.24
14.04
14.24
15.56
14.56
10.56
14.08
10.8
15.36
16.2
10.96
13.92
13.84
18.92
16.48
10.48
9.6
21.44
19.12
16.56
20.44
17.08
32
16.08
14.84
14.72
15.48
22.76
12.44
23.04
11.04
22.92
14.6
12.8
16
13.32
9.16
8.76
14.32
22.36
15.96
12.92
21.4
10.36
19.52
18.2
10.96
18.68
12.68
15.04
11.56
18.88
17.68
12.52
16.12
12.28
13.8
8.88
13.96
17.36
14.4
14.32
20.72
21.4
9.04
9.16
12.88
8.4
14.64
10.96
18.52
12.52
10.72
8.76
13.68
12.76
16.76
22.88
9.36
17.28
15.52
16.68
10.8
13.72
13.36
11.6
10
14.2
10.4
17.32
13.44
25.16
13.2
12.88
23.68
13.56
8.64
10.68
9.24
8.16
16.92
12.44
12
12.52
16.56
12.52
27.28
11.88
13.16
16.16
20.12
18.52
13.04
12.08
12.76
23.6
15.36
12.12
13
22.68
19.32
19
13.8
15.76
9.4
9.92
15.64
17.8
14.2
16.88
13.56
14.52
13.36
15.16
18.76
13.84
16.36
12.28
14.28
22.12
18.04
13.48
12.92
10.52
26.12
21.84
14.08
12.8
14.32
13.72
15.64
12.2
10.68
24.88
22.44
19.32
11.56
13.32
22.16
9.76
15.12
9.12
13.48
19.52
15.12
11.32
12.36
9.88
13.28
19
14.68
9.92
17.56
12.24
19.28
17.52
16.6
15.72
13.08
12.44
17.76
12
16.28
24.68
13.88
25.4
9.36
8.84
10.04
16.24
11.8
24.72
9.12
15
15.6
14.16
9.52
19.56
11.88
23.2
17.24
13.52
14.4
21.08
10.28
15.4
10.64
10.84
14.04
15.12
9.08
23.2
14.84
16.12
12.76
17.32
10.64
23
10.8
18.88
12.76
16.84
25.08
12.4
16.72
26.08
13.36
17.64
16.88
15.96
18.16
15.8
22.16
23
18.64
16.36
15.84
13.08
19.2
8.72
15.88
12.68
13
24.84
17.2
21.8
18.12
13.76
22.68
20.56
18.56
19.24
11.04
15.08
21.48
17.72
12.92
22.64
18.36
9.32
12.64
18.04
19.52
16.24
8.2
13.56
9.4
16.68
14.96
12.4
15.72
20
17.76
17.28
15.84
33.96
9.24
18.44
18.28
14.32
11.88
16.52
23.16
13.48
12.52
12.72
12.44
18.4
16.16
14.28
13.76
13
17.2
15.84
13.48
12.08
9.88
11.84
14.2
12.32
16.04
15.32
14.08
17.72
14.8
10.96
14.84
13.2
9.72
17.52
11.04
9.68
10.68
13
11.72
9.12
9.8
20.4
16.76
13.04
15.2
20.12
15.64
14.44
24.2
11.76
16.52
9.24
12.2
14.76
15.48
8.88
15.16
10
14.68
11.28
19.16
18.12
11.28
13
12.16
10.64
15.56
8.88
16.16
22.48
22.36
13.32
19.88
9.52
11.52
12.2
11.24
13.76
20.48
9.72
12.4
16
13.6
11.52
20.6
11.76
13.44
18
12.56
12.52
10.92
18.52
12.12
20.56
19.2
16.72
11.6
14.56
16.12
14.88
14.08
10.4
11.4
9.92
8.64
9.28
17.88
13.44
14.08
16
23
15.92
9.72
14.64
15.04
16.28
13.36
16.84
22.12
19.56
11
25.04
22.36
23.48
16.36
13.24
10.44
18.72
16.28
15.72
14.4
13.52
9.6
11.48
16.44
18.88
17.24
15.56
11.48
17.08
19.76
10.16
21.28
19.24
16
11.04
20.16
12.4
17.16
14.2
10.68
12.76
20.36
20.48
23.96
18.32
28
8.96
9.36
9.96
13.56
11.88
17.16
15
17.96
16.32
16.08
9.92
13.4
17.76
10.92
14.12
14.52
14.52
18.64
10.52
9.96
20.36
9.8
16.72
20.8
14.36
16.2
14.36
12.76
11.4
11.72
11.72
16.76
15.48
18.04
19.84
21.12
18.36
16.88
17.4
16.32
14.96
12.92
15
11.6
13.2
19.76
17.84
9.44
20.44
18.24
12
21.32
17.64
17.6
14.88
13.2
21.44
12.96
16.76
31.36
14.12
12.32
12.84
16
17.36
15.48
12.32
9.12
15.04
18.6
24.48
10.64
13.64
18.92
15.6
14.96
16.96
21.64
13.6
11.4
17.4
13.24
19.56
17.04
18.56
19.32
9.6
16.8
17.2
11.24
16.2
11.12
9.28
10.12
15.12
11.76
18.84
21.36
19.68
14.08
10.44
12
14.72
17.12
12.96
11.76
10.56
12.32
12.2
15.28
10.16
24.52
15.2
13.64
10.88
8.2
23.28
13.36
25.92
9.6
10.88
14.08
24
16.76
17.76
17.84
14.16
12.88
9.56
16
12.6
9.56
12.32
10.08
16.16
9.48
16.36
10.28
13.04
15.12
14.48
17.08
22.96
12.68
23.28
17.16
15.32
13.84
9.92
19.12
19.16
16.4
11.36
18.08
14.28
13
8.72
12.2
12
15.64
16.76
8.72
15.64
9.92
11.72
16.32
19.64
18.16
14.28
16.76
12.04
10
8.36
15.84
15.68
16
17.04
9.56
12.32
10.88
16.28
25.88
16.84
15.84
13.68
11.52
19.48
20.52
9.36
16.44
19.24
17.48
26.72
11.44
16.36
23.92
12.04
14.4
20.32
12.92
15.08
15.92
15.76
12.88
8.72
13.24
12.64
17.04
14.52
14.52
15.92
9.76
17.44
11.68
15.8
13.32
18.56
10.2
13.68
16.52
15.48
12.96
10.6
13.64
23.32
18.4
25.84
16
11.04
10.56
14.96
11.4
10.92
13.64
17.12
14.76
13.92
19.28
24.08
9.92
16.16
16.32
10.28
17.24
14.6
19.92
16.68
14.8
14.16
17.68
17.2
11.92
10.44
9
10.6
18.96
8.64
11.24
10.28
13.32
11.76
16.68
26.2
15.92
14.72
10.52
9.12
19.2
10.12
21.88
13.32
15.52
14.08
17.96
14.6
8.52
18.08
11.04
9.6
13.84
18.24
24.4
20.84
14.44
16.08
14.28
17.16
12.36
12.4
18.12
16.28
17.36
12.8
20.12
15.84
14.12
11.88
18.64
14.44
11.36
13.36
19.76
16.52
16.4
16.52
9.44
11.68
11.04
12.8
12.4
15.08
10.16
23.92
18.68
16.88
9.12
12.44
12.24
16
11.92
15.28
20.84
13.84
14
11.28
21.92
17.04
28.96
15.52
24.8
15
11.88
13.84
13.96
18.56
17.88
13.88
10
16.76
18.44
17.68
22.52
14
18.32
21.04
11.56
15.76
9.6
13.16
12.8
11.2
13.84
13.72
17.44
11.64
22.4
10.76
11.08
16.32
15.8
18.04
15.28
11.52
11.4
14.8
16.4
12.52
16.36
12.72
15.16
19.56
8.72
19.2
11.24
10.92
13.36
15.12
18.88
13.28
17.24
9.16
13.48
12.6
21.12
13.56
9.28
12.4
21.92
8.96
14.44
12.84
9.76
12.52
17.36
9
9.12
15.76
15.52
13.84
18.6
12.84
10.76
17.56
9.72
14.32
21.68
15.88
9.08
15.24
9.88
15.16
19.68
12.52
13.2
10.28
10.28
9.96
22.4
18.84
9.04
12.64
11.96
12.8
14.56
14.32
13.84
15.48
24.08
13.44
13.8
12.84
14.68
12.88
22.72
16
20.24
16.48
17.08
9.64
16.8
14.72
15.04
19.04
14.04
12.48
15.24
12.4
10.8
11.32
20.4
10.8
18.96
9.32
12
11.96
11.36
17.52
14.44
22.28
13.08
9
24
18.24
13.08
20.12
12.32
14.8
29.4
21.04
10
12.6
13.24
18.96
14.36
11.84
18.68
9.12
12.32
18.2
11.48
15.44
16.72
18.68
17.76
11.88
8.64
13.64
20.72
20.04
16.32
18.64
15.32
10.44
19.2
15.16
18.56
18.96
15.04
15.16
17.52
13.56
13.64
17.84
14.6
23.64
16.48
15
17.64
21.84
18.04
10.6
12.96
11.04
13.56
16.32
17.96
22.84
9.8
21
11
15.6
16.6
24.6
15.04
15.32
10.28
9.96
13.56
16.76
11.6
20.08
18.12
24.8
15.64
17.96
11.44
22.24
11.24
14.8
10.64
18.48
16.88
13.2
17.24
12.52
16.32
11.92
15.08
13
9.96
12
13.04
10.44
10.8
12.6
13.88
16.96
17.28
18.76
12
8.72
13.6
12.12
15.24
14.88
26.6
10.76
10
19.52
18.56
15.8
15.84
17.12
14.12
12
19.64
12.84
21.44
11.56
18.92
14.8
9.28
21.52
19.6
18.6
12.96
12.8
12.92
17.08
15
24.68
12
21.16
17.96
18.08
15.92
16.12
25.24
17.24
17.32
15.88
15.76
13.48
20.76
18.12
15.72
15.44
9.56
10.52
13.72
16.12
24.96
17.04
18.52
16.24
13.32
16.36
9.44
10.92
14.52
11.36
13.08
10.64
10.76
10.44
8.92
12.44
12.28
10.2
12.4
11.76
18.04
12.84
18.48
8.36
17.64
13.84
19.56
18.96
28.72
10.6
10.68
12.8
15.2
17.64
15.2
12.76
16.48
19.24
11.92
11.6
18.28
17.2
13.52
19.52
15.68
10.08
9.76
20.12
16
18.68
19.4
12.28
17.76
17.16
18.28
11.6
11.84
17.12
14.96
12.36
9.92
12.24
16.96
15.2
13
13.24
17
15.52
15.28
11.88
10.84
15.4
11.52
11.28
18
19.08
16.12
12.6
9.72
10.68
11.04
25.52
19.24
9.8
9.84
19.72
11.68
14.52
10.12
16.8
22.44
17.52
15.44
11.72
9.12
20.28
9.2
15.4
26.92
12.28
16.88
23.52
17.16
10.16
11.44
11.88
21.76
12.32
9.64
13.44
8.88
10.28
10.56
20.96
15.68
14.28
10.64
13.2
12.44
10.6
12.64
10.96
12.28
11.8
10.68
11.76
10.64
19.76
11.72
15.08
26.96
10
17.12
18.12
14.28
14
15.72
10.64
16.32
15.48
20.6
8.64
9.28
18.16
17.2
9.56
9
13.64
15.92
9.32
18
22.52
9.08
12.92
22.68
15.64
12.84
11.6
17.28
12.4
11.12
15.56
11.08
14.76
20.88
17.8
15.4
11.16
18.68
14.72
15.2
13.76
11.52
12.52
14.6
10.4
19.64
17.08
10.4
12.44
18.36
14.28
14.32
9.92
10.32
10.52
14.24
14.56
9.68
10.88
16.96
15
10.44
16.64
13.2
11.88
12
11.88
13.84
11.8
13.24
9.44
12.08
12.72
10.52
36.6
14.52
17.28
19.72
12.52
17.16
11.12
16.44
16.96
13.76
14.28
20.8
18.36
16.64
15.04
11.8
16.04
15.44
16.6
14.2
23.12
13.8
18.12
16.16
13.28
18.92
9.32
15.96
10.12
12.64
17.6
15.92
8.76
17.36
13.24
10.88
15.08
15.8
18.28
15.96
13.84
17.32
12.12
11.72
23.8
19.4
11.28
16.52
10.08
12
27.56
13.92
11.84
12.8
16.6
9.76
19.72
9.92
11.76
14.92
9.96
18.28
17.4
15
17.08
14.32
19.52
16.28
20.56
12.12
11.84
20.12
14.2
12.2
12.8
19.76
13.4
9.2
18
15.04
23.6
12.8
10.68
19.92
13.72
20.4
16.44
14.04
21.52
11.72
13.68
9.16
16.36
13.12
16.32
21.88
10.6
11.96
15.56
20.68
11.16
17.28
10.8
10.36
11.2
17.16
17.04
10.92
20.12
11.08
17.32
9.16
16.2
15.68
14
10.28
12.08
13.56
20.52
24.8
15.64
10.96
14.2
8.56
9
10.48
18.48
11.16
8.92
18.6
18.2
14.8
14.4
12.56
12.52
12.44
9.52
16
8.76
16.84
21.84
16.4
22.44
13.68
14.96
13.44
12.92
12.32
9.2
16.52
8.48
17.76
21.56
21.64
16.24
13.44
8.84
11.48
12.56
14.84
18.4
12.96
19.4
12.52
15.92
11.88
17.04
17.24
18.8
11.36
18.68
14.92
12.8
19.12
15.28
14.08
18.48
11.6
12.16
12.76
18.64
15.8
10.8
18.96
23.84
12.32
21.4
25.96
11.2
15.4
11.08
18.24
11.76
21.48
12.72
20.12
12.08
20.84
9.2
12.4
12.52
17.12
12.32
14.6
10.96
16.36
11.44
19.08
14.2
15.12
14.72
9.32
13.48
14.8
9.96
13.8
16.8
12.68
9.4
16.52
11.72
14.12
14.72
15.08
13.52
14.72
14.96
11.2
19.28
8.96
18.72
10.44
14.56
15.84
19.48
18.88
18.08
16.12
10.96
16.12
14.28
11.36
15.16
11.88
12.84
16.16
18.2
15.88
9.6
16
28.96
10.68
10.16
21.44
10.72
20.04
22.76
15.56
25.2
17.96
16.72
11.68
13.28
9.44
18.92
19.56
15.68
11.64
16.36
14.4
15.96
12.52
16.28
17.36
8.44
17.08
14.28
11.12
16.96
13.08
14.08
14.44
13.8
12.8
18.12
12.12
11.36
12.48
9.72
25.28
16.68
19.56
14.48
10
15.64
13.16
12.44
19.92
12.52
22.04
17.2
20.48
9.32
12.44
13.6
11.84
15.68
16.76
19.2
13.36
9.24
16
10.8
21.04
21.44
11.6
19.28
17.24
11.52
16.56
13.8
11.84
20.4
11.96
10.52
11.76
18.24
14.28
12.36
18.8
18.24
14.84
13.72
13.44
18.92
15.16
21.48
21.96
11.36
16
14.36
18.72
14
17.16
9.6
9.08
10.04
19.84
10.96
16.88
12.48
11.4
12.8
17.12
16.68
16.56
11.12
9.24
14.24
9.16
8.68
14.16
18.4
14.4
13.16
18.2
18.16
17.52
16.8
12.64
16.12
16.72
17.68
10.48
14.24
12.76
10.4
11.28
12.92
11.28
11.32
12.4
13.08
9.4
16.72
13.92
15.76
18.2
16.44
13.8
10.6
17.88
23.08
11.72
12.64
18.28
13.56
16.68
12.72
19.88
12.2
18.44
15.76
9.2
9.8
16.84
16.4
15.6
9.36
9.04
8.36
17.12
11.84
13.68
14.2
18.52
11.32
13.32
15.72
10.8
11.6
22.68
8.72
10.36
8.8
17.96
9.44
17.24
10.4
17.96
17.52
15.64
9.12
21.8
22.92
13.68
11.4
19.92
15.76
14.84
16.28
15.92
10.96
9.44
14.44
19
11.72
12.4
14.48
10.56
12.16
9.4
12.08
11.12
16.04
13.92
12.88
19.36
18.12
16.88
12.04
21.6
13.52
13.32
15.96
14.56
12.64
13.44
9.68
14.2
16.96
14.08
16.24
11
20.24
20.24
11.32
12.84
23.52
22.24
9.16
12.16
16.24
14.32
11.12
15.12
17.64
19.04
20.44
19.52
16.8
23.92
14.92
13.08
9.2
11.6
18.6
11.24
12.72
20.72
13.36
18
11.56
10.96
23.64
15.48
16.88
21.44
13.52
10.84
10.2
14.84
15
12
21.72
10.96
16.56
14.88
14.04
17.56
17.96
17.68
16.48
12.6
13.32
22.96
13.44
22.64
14.68
12.32
13.28
11.04
13.76
11.16
15.2
13.6
16.16
8.96
22.44
13.32
10.72
10.72
15.28
14.36
19.2
17
16.84
23.52
14.76
13.6
8.88
15.24
15.64
13.4
19.08
8.56
11.52
16.04
12.96
15.88
13.72
14.64
11.12
8.68
12.28
11.04
10.64
18.92
16.32
12.56
11.52
25.4
15.44
15.68
17.36
9.76
13.72
16.64
13.76
16.08
14.92
20.52
19.96
12.08
10.68
23
15.84
11.68
13.96
12.64
12.16
19.6
11.84
16
15.08
15.84
16.88
13.24
20.2
10.2
10.4
16.56
10.64
16.24
12.52
22.88
16.28
13.64
13
12.44
19.76
16.12
8.92
9.8
16.52
11.12
16.8
20.36
12.96
11.04
13.92
11.68
10.24
11.76
16.04
13.32
10
10.36
13.84
14.68
13.36
21.84
18.72
12.04
17.64
10.6
14.64
11.24
20.84
13.68
20.04
21.2
14
12.88
11.88
18.32
18.16
12.2
19.64
21.12
17.64
17.28
18.52
16.04
13.08
19
12.52
11.48
16.16
13.76
13.24
19.8
11.4
12.48
17.12
10.84
16.36
10.44
19.96
10.96
15.84
19.72
18.32
13.64
12.08
15.16
12.68
13.8
11.8
24.84
17.56
9.56
12.28
14.04
9.52
12.32
10.72
10.72
17.04
15.24
13.28
8.88
15.16
8.56
14.28
14.68
18.04
13.92
17
13.24
11.92
13.16
20.16
10.6
12.72
13.04
14.12
14.04
24.8
15.04
12.92
18.52
15.36
10.28
10.68
11.92
19.36
13.28
13.32
11.92
23.04
11.84
9.68
11.28
18.8
21.6
13.32
13.84
13.64
24.32
15.36
16.36
9.6
21
13
18.04
11.96
11.6
21.2
13.24
28.44
11.88
11.68
21.24
12.72
34.92
13.84
16.32
13.4
11.08
14.92
21.44
17.6
11.28
15.72
8.28
14.28
18.44
13.08
10.04
21.08
15.64
16.72
18.8
16.6
15.88
20.72
10.8
12.88
10.8
8.72
12.12
16.68
19.44
12.52
15.64
13.32
15.24
13.12
17
11.32
15.96
15.64
8.96
15.52
11.4
16.36
9.56
14
14.92
20.44
13.04
11.48
10.96
13.04
15.08
18.2
22.24
14.2
24.68
11.84
11.36
16.48
12.56
15.76
18.4
19.08
12
13.84
16.36
10.56
25.6
17.48
20.08
15.36
21.28
17.72
21.16
23
14.68
14.2
10.44
8.56
33.56
14.2
10.92
21.84
12
13.32
18
18.48
10.48
19.32
17.08
10
9.4
18.16
8.6
10
14.68
17.16
8.84
13.48
22.28
17.64
21.44
17.44
15.32
9.4
14.56
11
18.04
11.76
19.52
12.8
9.4
11.2
10.8
11.68
8.6
11.48
10
15.88
21.8
16.52
12
20.24
13.32
12.52
15.88
13.92
8.76
14.04
8.6
13.88
17.2
18.64
12.32
14.28
19.76
16.72
16.12
13.04
12.6
14.72
13.6
10.84
11.88
11.8
13.2
15.6
15.96
17.28
16.68
14
11.28
9.92
15.28
17.96
14.8
15.48
19.8
13.88
18.12
9.72
11.56
14.2
13.44
15.2
9.2
16.24
15.76
20.28
16.08
27.64
17.16
9.48
13.6
23.04
22.24
14.64
15.4
17.76
13.24
12.04
12.92
12.56
17.52
15.16
14.16
16.56
13
16.84
9.64
12.32
13
11.88
14.4
12.68
18.68
11.76
11.24
14.36
13.08
11.6
9.76
11.76
12.32
10.6
17.04
10.08
12.2
13.88
17.16
16.04
15.12
13.16
11.2
13.36
14.04
9.44
11.48
17.72
15.44
10.56
11.4
10.24
12.4
11.96
11.88
16.64
14.44
14.08
21.28
17.76
14.44
11.4
14.16
10.48
16.36
11.52
26.44
14.2
11.24
10.68
8.8
15.52
10.04
17.08
15.52
11.12
12.72
9.44
16.56
11.04
15.32
10.84
13.8
13.56
9.28
15.28
18.44
20.28
14.4
10.2
11.44
10.52
13.36
12.32
14.16
13.16
10.96
20.32
18.84
19.68
17.4
23.36
21
13.96
15.48
22.32
12.12
16.2
18.8
14.04
14.04
13.84
13.12
10.48
14.92
8.8
16
9.92
11.4
19.36
13.44
23.08
13.12
10.52
11.08
16.36
11.72
11.68
12.6
14.84
13.32
10.96
11.44
14.08
12.6
10.44
10.2
12.04
13.92
21.8
19.16
19.24
18.48
16.12
10.4
16
11
8.56
13.96
8.72
15.32
19.32
14
20.24
22.56
9.64
24.28
10.92
21
18.24
14
10.44
16.12
20.32
19.24
9.48
11.28
16.72
8.84
19.56
10.28
15.2
16.28
13.52
23.24
21.64
20.8
9.32
13.4
15.36
16.04
8.32
10.68
15.52
17
9.8
11.6
9.16
11.48
15.44
20.44
12.8
13.04
8.4
13.92
20.6
9.92
9.96
14.92
12.44
15.68
24.08
18.84
8.6
18.96
19.28
10
14.16
14.12
12.96
15.92
10.88
26
16.44
18.28
16.56
10.52
10.44
27.76
13.32
12.88
29.16
14.12
9.28
12.76
14.36
10
21.84
12.12
13.88
15.8
12.88
15.12
11.08
12.4
17
17.64
17.28
20.64
14.08
14.6
21.92
12.32
21.12
16.84
11.56
12.6
8.2
9.68
14.76
8.72
17
15.56
12.6
12.6
8.52
11.4
14.2
16.16
16.68
10.24
17.16
18.4
17.96
11.32
18.4
12.64
26.36
10.16
11.44
14.76
14.44
22.12
19.28
10.68
15.96
14.84
16.36
11.04
8.2
16.28
13.04
16.84
18.6
17.96
13.28
11.4
12.4
13.6
8.84
15.64
23.88
15.56
17.56
13.16
17.16
12.84
15.08
12.76
8.52
17.56
12.4
14.64
22.16
17.56
19.04
9.2
14.12
16.16
18.76
15.8
17.92
10.84
15.24
16.6
11.08
12.44
8.96
24.56
9.24
17.76
18.24
10.76
9.64
11.88
22.92
16.24
19.16
9
14.84
10.04
17.48
13.24
15.56
10.76
14.88
13.08
14.76
15.72
14.36
19.36
14
14.8
19.72
22.32
8.68
21.56
19.28
10.24
23.56
15.4
9.92
11.32
18.2
13.04
14.6
9.88
15
13.28
11.16
8.56
20.6
20.36
17.88
12.36
9.4
20.64
26.8
13.24
12.64
11.56
20.8
13.16
12.76
14.12
15
9.2
10.6
13.84
14.68
17.88
18.6
19.04
9.88
11.68
18.04
10.32
18.56
10.76
14.12
13.12
20.04
17.76
16.44
9.28
13.04
15.28
12.36
13.64
18.76
18.12
13.52
12.24
22.24
20.4
10.96
12.88
12.44
11.36
17.56
15.12
20.28
11.04
11.16
13.6
14.84
15.8
10.92
9.16
13.32
15.64
13.44
10.08
14.88
12.2
17.24
11.6
13.68
10.68
17.4
15.08
17.52
15.16
10.04
26.68
8.76
13.2
9.36
10.6
12.84
11.24
14.4
15.64
15.16
18.12
13.2
9.4
13.72
9.56
8.96
8.96
14.72
14.28
16.28
10.44
18.6
14.08
13.32
10.12
13.2
11.6
16.68
16.92
11.44
15.44
12.64
11.8
10.36
13.04
15.48
17.44
8.88
11.12
10.56
14.32
11.12
14.44
16.16
12.48
12.4
15.12
10.8
14.44
18.84
12.72
10.36
9.8
12.28
8.48
12.4
16.48
13.12
14.56
17.12
15.88
17.16
17.92
9.92
17.56
13.16
11.96
11.72
16
10.28
18.44
9
16.6
12.76
14.76
13.08
8.6
15
16.6
13.84
13.96
20.12
27.2
18.6
8.92
11.04
17.28
10.28
13.4
12.04
18.04
20.96
9.12
8.64
11.76
16
16.96
31.52
12.96
20.12
16.56
13.52
21.28
12.52
11.2
11.2
13.36
9.6
10.8
16.32
8.72
14.08
14.48
16
17.04
18.28
12.64
17.6
17.72
20.8
11.96
8.56
10.24
15.56
22.8
12.28
18.36
21
14.6
11.28
10.36
13
12.2
15.56
16.88
8.52
20.08
22.8
11.28
11.28
11.52
14.44
17.76
10.28
13.32
17.48
13.16
11.68
19.32
28.16
13.24
16.12
16.92
9.72
59.8
11.64
13.16
13.24
16.32
19.92
10
11.56
11.92
11.84
19.2
9.48
17.64
10.56
14.96
22.08
11.72
23.16
9.36
16.68
10.52
10.68
10.56
12.28
17.16
10.56
16.04
21.88
17.56
17.96
21.24
24.8
18.48
15.36
16.36
11.36
16.2
15.32
11.92
19.36
17.76
19.84
15
17.84
13.28
13.04
18.28
15.6
11.08
11.64
11.16
18.72
14.68
10.24
17.44
15.16
16.92
19.64
15.88
13.24
13.08
11.2
15.12
9.56
12.28
17.92
14.04
17.84
20.32
14
10.96
10.28
12.08
8.92
13.44
15.6
16.56
14.88
10.6
19.72
14.4
13.64
11.2
9.16
9.76
12.64
19.4
14.12
19.32
21.36
14.6
13.68
15.48
16.48
21.48
19.8
15.8
14.44
9.44
14.36
11.64
12.28
23.12
15.56
11.64
11.44
17
13.72
12.76
12.8
13.36
12.52
10.16
11.68
12.4
11.12
14
11.84
15.72
8.76
16.88
8.36
18.08
13.84
19.64
17.56
15.72
14.52
11.8
20.2
19.96
12.84
14.72
9.2
20.44
19
15.64
15.52
19.76
16.92
12
16.32
23.52
11.68
11.92
14.84
12
11.36
10.56
13.32
8.76
22.92
10.24
13.8
17.56
11.12
9.8
16.68
9.76
17.64
19.56
11.68
16.76
10.56
10.8
10.52
14.8
13.72
12.88
14.24
18.6
14.96
15.32
25.64
13.24
8.68
13.32
16.88
13.92
11.24
11.4
11.36
10.32
17.2
15.36
14.2
20.8
9.6
15.72
11.04
9.68
11.96
11.68
10.12
9.12
21.84
10.68
9.4
15.4
11.64
15.64
11.52
15.72
16.4
11.8
14.12
13.52
14.4
18.76
10.32
14.4
10.16
16.8
10.92
17.32
10.12
23.2
11.52
17
21.24
11.72
14.6
10.16
14
17.48
9.48
9.92
12.12
16.72
17.64
15.04
14.52
13.2
9.16
16.84
18.96
11.24
14.48
13.12
18.96
13.2
16.2
13.64
20.88
13.24
13.44
9.6
13.68
12.08
10
22.4
9.24
13.52
27.12
11.56
15.48
11.48
9.72
10
15.88
9.92
15.68
9.64
21.16
10.16
14.2
23.12
12.12
17.84
14.64
12.92
15.72
17.08
15.2
9.32
15.72
10.56
14.68
13.52
12.84
14.16
13.08
20.24
21.52
15.12
12.56
11.52
18.2
11.72
16.56
23.32
12.8
14.76
13.96
8.8
15.84
12.6
12.2
18.72
16.32
14.44
18.48
14.56
16.72
17.2
13.84
10.24
13.24
8.88
15.12
27.84
14.4
9.96
10.44
20.04
13.8
18.28
14.88
13
9.44
21.88
21.88
20.08
19.56
14.64
14.6
12.24
15.44
20.72
10.84
19.4
12.68
14.64
23.4
13.44
15.12
11.28
16.8
12.8
11.52
12.88
11.32
22.96
15.4
12.68
13.32
17.56
14.12
14.4
15.56
10.48
13.08
16.36
16.68
24.96
15.12
17.04
18.16
13.68
14.92
15.56
10.32
12.32
14.92
14.28
11.6
18.08
24.72
13.04
19.72
18.6
9.76
19.04
14.04
14.36
13.96
14.12
21.32
15.6
10.48
19.84
16.96
9.52
20.6
11.04
22
10.52
21.32
14.32
12
10.4
10.96
9.88
18.84
8.24
9.64
8.28
21.36
9.8
16.72
17.04
17.72
11.12
10.48
10.64
25.08
16.8
9.24
10.44
14.04
9.64
19.84
13.6
9.24
12.6
17.88
12.68
17.92
27.56
15.24
25
12.52
14.48
16.88
13
12.76
21.48
20.28
14.4
14.96
10.32
15
23.52
15.88
11.96
12.44
12.44
11.32
10.04
16.24
8.88
16.44
22.96
11.6
12.48
15.44
10.76
10.28
21.32
20.08
11.28
15.8
18.76
8.24
18.48
9.44
12.84
17.12
18
20.2
9.4
12.52
11.92
11.8
11.56
16.8
10.08
13.2
10.52
13.44
9.6
14.08
12.44
10.68
13.28
20.44
12.08
16.6
8.8
10.48
13.04
8.92
16.08
16.16
16.4
13.2
16.12
16.16
12.08
16.48
17.52
29.64
16.04
16.72
16.88
15.48
18.12
16.4
17.08
26.96
11.72
12.8
13.64
12.36
16.08
10.4
13.2
10.6
12.6
16.4
9.48
11.56
15.48
14.28
23.12
20.68
26.4
16.72
20.28
9.12
16.28
8.96
12.32
19.76
19.64
19.08
22.08
17.44
16.48
11.12
8.84
11.08
13.4
11
17.44
13.92
18.52
13.92
16.48
18.64
10.36
23.64
10.68
22.32
21.56
14.36
18.8
16.12
25.32
11.56
18.68
10.88
17.8
10.48
15.96
23.04
13.44
14.52
15.44
8.96
16.16
11.52
10.2
10.48
12
22.48
15.2
15.36
12.24
11.2
16.52
9.32
11.28
19.72
16.08
11.16
16.8
15.84
22
12.08
12.8
20
13.84
10.8
8.2
29.56
13.52
13.24
9.48
11.48
12.72
20.04
11.4
11.2
15.32
15
11.08
12.96
12.28
16.48
10.52
9.8
13.6
17.52
11.28
9.12
9.2
14.28
9.28
13.32
19.64
14.84
23.88
20.4
15.52
10.96
16.68
12.56
16.36
21.44
14.24
16.64
13.08
15.68
18.64
12.24
9.52
15.8
9.64
14.64
15.68
11.12
19.56
22.92
16.2
14.96
12.92
11.48
10.04
8.76
15.6
8.84
27.88
15.92
9.88
9.12
15.8
14.32
17.4
13.68
9.64
15.8
13.48
19.12
14.76
18.44
9.24
17.84
16.24
17.04
10.52
29.2
9.36
12.32
12.68
14.2
13
11.48
9.8
19.04
13.64
12.48
15.28
9.56
15.28
14.64
15.32
15.68
14.84
18.12
15.88
20.28
18.8
11.72
13.32
10.32
10.2
12.16
20.4
18.12
11.36
13.52
10.56
17.4
20.44
20.4
10.16
20.8
17.96
18.2
13.96
10.6
15.68
15.8
9.72
21.08
10.72
15.84
11.84
14.48
20.68
13.48
19.2
20.24
10.24
18.56
11.08
13.16
22.12
14.8
9.28
13.72
9.88
14.52
10.48
12.52
13.2
14.48
8.76
11.08
13.52
14.44
13
19.36
11.04
9.64
20.6
9.52
11.24
16.96
14.52
17.32
10.36
17.92
11.36
12.32
24.84
20
10.28
8.96
17
13.88
12.44
22.04
12.16
12.8
10.56
13.44
12.6
17.88
15.04
27.64
9.16
14.8
13.84
30.52
18.92
11.52
11.2
8.92
12.28
9.44
22.68
21.44
16.2
12.24
13.12
18.04
17.92
12.64
14.6
17.4
14.36
10.44
17.72
18.12
18.6
11.2
15.28
11.24
21.92
15.8
18.84
21.24
14.24
14.24
18.56
15.24
13.48
9.16
15.84
9.84
10.04
10.44
21.16
11.64
16.92
25.32
11.04
21.24
10.56
14.8
9.2
12.76
17.68
11.52
13.48
15.32
22.04
12.36
17.48
17.04
22.52
17.24
18.4
10.24
12.84
12.36
20.04
14.96
9.84
10.44
9.52
11.76
10.52
8.88
11.48
11.84
13.88
10.88
17.2
15.48
15.04
13.68
22.12
20.36
14.4
14.08
16.64
13.92
18.52
10.72
10.28
18.16
11.36
15.52
14.36
21.68
13.6
13.8
25.84
14.36
17.44
12.96
21.28
13.84
13.64
16.52
27.96
16.12
10.28
11.32
12.28
18.76
17.32
31.64
15.04
10.72
16.6
19.84
15.68
14.36
17.64
20.04
15.28
12.2
16.04
17.24
10.28
16.6
8.96
16.12
16.48
13.48
12
18.36
14.16
18.48
16.68
11.32
13.52
14.72
18.16
15.76
16.32
16.84
10
8.72
18.64
21.36
10.12
19.32
21.36
20.6
24.24
14.36
14.6
14.96
16.84
9.8
13.92
10.04
11.44
10.64
9.92
8.52
14.32
17.4
18.44
16.56
10.76
10.64
15.88
16.52
8.68
10.24
23.48
18.44
18.32
16.96
12.76
13.92
16.84
13.72
12.92
15.52
19.8
15.36
21.68
18.16
13.16
9.56
10.48
15.04
23.4
11.08
19.28
15.6
17.36
13.36
21.08
11.92
11.44
12.32
11.52
8.2
14.12
10.72
11.32
12
20.16
14.08
14.88
15
9.76
8.68
13.44
12.16
15.76
16.16
10.36
14.96
12.76
10.56
12.24
8.84
24.64
12.28
18.56
12.28
14.96
16.84
14.36
17.2
16.4
21.4
12.16
14.72
8.72
13.2
17.76
10.8
14.96
17.64
10.2
11.96
10.76
11.04
14.64
13.56
16.32
15.4
14.16
12.96
18.36
18.04
13.08
11.76
20.56
9.72
12.36
19
11.6
9.24
13.64
17.76
13.48
17.56
15.48
22.12
13.8
11.68
9.56
9.28
20.4
15.2
13.44
15
11.76
11.04
10.24
19.36
14.56
8.56
13
18.8
10.08
10.92
15.8
9.64
10.4
14.92
12.72
18.16
17.4
13.88
15.44
9.72
19.48
10.68
16.16
12.28
9.64
8.64
10.76
14.08
11.32
10.48
13.12
25
13.28
15.72
26.24
21.32
11.52
24.04
17.36
13.52
18.24
11.32
19.2
15.04
9.68
15.08
14.2
15.44
21.96
12.4
12.84
14.6
15.16
20.88
12.52
11.48
9.84
22.12
15.24
9.04
13.6
13.4
10.12
15.76
13.48
12.16
15.68
18.12
11.44
9.76
12.84
13.56
10.72
19.84
16.84
19.52
17.4
14.12
14.32
9.44
12.84
13.68
15.88
18.32
8.88
14.68
18.04
14.36
13.52
13.2
17.84
13.88
25.64
14.8
19.12
13.68
12.6
13.28
27.92
10.48
18.6
17.04
8.8
14.4
15.16
18.16
9.84
9.96
11.48
9.96
17.12
12.76
13.44
26.16
12.32
17.68
28.04
15.28
20.16
9.36
12.52
16.96
10.88
14.08
14.56
10.16
10.36
9.96
14.44
15.4
8.72
13.52
16.24
14.44
12.64
23.12
16.28
23.32
13.56
8.8
20.2
13.56
15.32
12.12
10.68
21.72
19.56
18.16
21.28
17.32
17.24
13.64
16.12
25.32
17.6
15.44
14.4
9.6
10.04
15.8
10.52
13.76
8.84
12.6
12.92
9
14.24
14.36
15.8
13.24
18
17.92
16.4
14.04
8.88
13.84
27.64
11.84
9.8
13.16
10.2
18.4
9.12
10.92
11.72
13.28
16.08
11.28
11.24
8.44
16.68
9.64
10.12
17.92
13.52
17.24
14.96
11.56
11.8
18.72
15.48
20.72
14.16
18.64
19.36
15.84
13.4
10.72
18.76
13.2
16.6
13.28
10.68
21.16
19.2
17.28
17.76
12.48
10.68
11.8
9
11.72
10.6
13.28
26.64
9.04
14.84
13.92
18
18.28
15.64
13.64
19.28
11.16
11.48
12.12
13.2
21.4
12.96
22.92
10
20.8
11.84
10.48
19.32
14.96
9.84
10.68
10.6
11.88
13.52
15.12
20.2
22.68
16.12
14.6
14.84
12
11.56
18.44
17.04
10.08
19.36
8.76
15.36
11.64
21.4
17.64
14.36
14.4
15.84
17.28
10
9.6
10.72
12.6
10.56
17.88
13.68
11.36
19.08
12.32
12.12
9.96
16.52
10.16
18.76
14.36
14.36
16.2
15.08
15.72
12.12
16.36
14.56
14.36
10.92
12.6
9.72
12.92
11.68
12.52
19.04
10.84
10.04
13.12
12.88
9.8
11.64
15.92
12.52
15.8
9.12
13.84
12.04
14.76
14.16
15.32
8.6
17.8
16.16
17.48
20.2
18.12
9.8
17.88
15.64
9
18.32
22.32
13.4
8.8
13.16
17.64
11.4
15.92
9.68
9.68
20.48
24.56
15.72
19.52
16.44
15.68
9
10.92
11.28
19.64
10.4
26.32
14.04
15.2
12.64
10.4
19.6
9.12
16.2
10.08
16.68
14.84
12.84
15
13.88
10.08
10.84
12.76
15.12
14.68
9.8
11.48
12.24
19.24
10.52
14.16
14.64
9.48
9.4
17
18.68
10.04
12.72
12.44
16.88
20.76
8.68
18.08
14.52
15.12
15.12
11.28
19.44
16.16
15.68
15.8
21.6
11.44
11.4
16.68
12.24
14.32
15.28
12.36
11.32
16.64
18.64
10.84
15.64
9.2
15.84
19.44
11.72
11.52
19.08
17.76
15.44
12
13.56
12.2
13.4
12.44
21.2
20.04
13.04
15.28
19
14.12
18.72
15.64
12.44
13.32
12.32
18
11.84
13.4
13.6
13.72
14.24
15.32
13.08
10.76
9.68
12.2
12
11.48
9.52
11.96
11.44
11.44
10.88
18.8
15.4
8.96
17.32
12.72
17.04
11.84
14.24
15
14.96
13.68
8.52
11.36
12.32
11.2
14.88
9.72
12.76
15.64
17.36
12.24
11.28
11.68
10.04
12.28
18.76
9.72
9.48
11.04
17
14.68
11.6
9.4
8.24
22.2
12
20.92
12.56
18.32
10.36
12.28
16.48
15.48
16.88
16.8
19.68
12.48
20.48
11.24
8.8
11.56
23.12
18.68
12.64
12.56
12.6
13.48
13.76
18.28
8.08
13.16
13
10.96
16.48
12.84
15.96
17.64
10.52
12.76
10.64
8.16
8.56
10.6
22.12
14.72
16.4
10.24
12.76
14.16
12.16
14.44
21.12
11.64
9.32
13.6
15.84
19.96
21.68
17.72
11.24
18.08
11.32
15
9.48
14.6
13.4
8.88
11.44
13.2
11.76
17.04
16.76
14.64
13.44
11.48
14.88
14.6
11.6
15.2
14.84
17.52
11.04
19.16
15.64
23.4
15.76
12.64
16.68
25.72
16.2
10.76
11
15.32
13.28
9.72
21.32
11.2
14
8.96
18.52
21.92
15.88
17.16
10.76
16.4
11.92
14.88
20.76
16.52
12.68
15.28
9.6
16.44
15.88
17.56
12.32
12.44
14.72
20.08
13.92
16
16.72
18.84
17.92
19.4
9.96
12.84
13.2
15.92
11.28
14.64
10.4
14.88
12.88
9.04
21.44
10.12
13.96
10.04
10.32
11.36
10.56
9.72
10.76
20.28
22.32
16.72
10.04
20.16
18.44
18.28
13.96
16.72
9
13.36
13.6
11.88
12.88
14.76
10.16
9.36
14.68
10.2
12.48
20.12
15.76
14.64
12.28
17.88
14.08
10.48
9.68
14.56
12.68
18.88
9.8
15.76
9.28
18.4
11.64
13.48
11.72
18.72
18.88
10.84
20.28
11.04
14.28
23.4
9.84
9.84
17.96
14.84
12.8
12.52
8.44
9.24
18.32
9.96
14.64
9.64
17.88
11.32
18
12
14.28
19.76
17.56
9.64
17.24
16.44
10.76
20.8
13.24
12.12
9.76
20.32
18.28
12.52
14.64
12
15.4
9.08
19.64
11.64
12.28
15.04
15.32
15.72
15.68
11.4
10.68
18.6
11.68
11.24
15.64
16.4
14.88
21.56
18.6
17.96
18.6
22.4
16.36
11.4
16.92
8.52
11.12
8.4
24.44
13.92
17.96
11.32
17.4
9.76
13.24
12.16
14.72
11.2
23.68
18.68
10.84
12.8
8.2
9.48
13.16
12.16
11.6
11.6
12.56
18.24
16.48
19.6
9.56
10.36
13.2
9.56
14.44
11.8
8.88
10.16
15.28
9.28
11.84
12.4
12.24
13.84
13.32
13.28
18.8
17.6
16.84
15.88
20.24
13.32
13.04
19.64
12.92
13.24
10.84
18.6
16.68
8.16
12
9.12
15
21.64
18.88
15.36
11.8
14.56
11.48
11.92
12.96
10.88
9.52
8.52
12.72
12.16
16.72
11.28
14.04
15.88
12.88
11.12
13.48
17.28
14.68
12.88
16.6
20.04
10.64
20.84
15.24
12.72
10.4
14.92
13.24
10.04
23.24
21
8.76
11.8
13.72
14.6
18.56
22.12
12.76
21.08
16.2
11.44
15.52
15.24
19.28
13
13.04
11
15.56
24.8
10.4
8.92
16
11.28
12.52
11.6
14.6
12.76
15.52
11.2
13.76
10.72
17.56
10.88
18.2
17.08
9.04
18.24
17.44
16.4
16.48
18.48
15.76
9.68
12.04
10.04
18.12
13
14.64
16.2
16.08
18.16
16.76
8.92
8.8
13.24
11.24
11.2
9.72
11.36
15.12
16.92
15.6
9.04
16.64
17.72
11.16
19.16
16.08
15.56
16.08
16
15.24
21.2
21.92
20.4
14.08
13.28
9.36
15.16
9.16
11.8
10.68
11.32
15.24
16.48
13.04
14.36
11.44
10.28
15.16
12.2
18.12
19.4
10.08
11.96
15.16
10.36
23.4
11.8
14.32
10
9.76
12.24
12.08
16.48
17.08
10.68
9.28
12.56
14.16
16.12
11.8
8.44
16.4
10.16
12.32
13.96
20.56
11.68
10.2
15.68
18.96
12.2
9.72
13.32
15.84
18
15
11.36
14.28
14.32
16.8
11.52
12.92
9.56
11.44
21.6
11.4
13.6
16.72
16.92
11.32
9.68
18.52
8.4
20.28
18.32
11
18.48
17
9.52
10.64
17.6
9.64
11.48
17.76
17.92
18.68
9.64
13.28
15
11.6
9.76
21.08
18.8
23.96
8.64
13.16
12.4
17.96
9.76
12.88
20.16
24.52
11.24
24.52
19
9.16
12.4
20
18.16
10.96
13.4
12.48
16.6
16.16
10.56
11.96
13.76
13
9.8
23.12
10.84
11.48
12.12
12.48
15.04
10.4
15.96
9.72
16.12
12.12
15.8
17.44
17.56
9.32
8.72
8.28
8.8
18.56
16.32
12.84
10.4
12.56
11.2
14.24
10.44
17.72
10.16
23.32
18.52
11.56
18.76
14.44
18.56
10.2
8.84
11.6
8.6
12.44
9.8
16.76
17.12
11.48
15.68
25.84
9.04
12.52
14.76
10.88
13.8
13.64
9.72
15.8
12.6
15.48
11.6
19.48
14.92
22.56
10.52
17.4
18.12
18.76
8.64
21.16
19.88
19.36
20.84
14.48
9.52
11.36
12.76
11.24
14.28
13.84
11.2
9.84
8.96
14.2
10.32
17.84
14.56
11
8.8
16.92
17.64
18.88
17.96
24.16
13.8
10
12.2
12.6
15.88
18.32
14.36
14.16
9.92
20.84
10.48
10.24
12.32
15.48
12.96
10.24
13.08
16.32
9.96
18.12
23.8
10.44
14.84
12.6
14.6
14.88
24.4
12.32
11.68
14.08
18.6
14.72
10.24
12.24
13.84
19.2
15.08
13.6
16.12
17.12
13.2
13
11.92
15.92
16.52
23.36
14.68
16.8
19.76
11.56
11.32
9.48
14.56
15.24
17.32
13.16
20.52
9.24
15.76
13.36
12.16
15.04
8.52
16.04
11.8
14.68
12.36
13.96
9.4
11.2
14
8.24
10.84
8.36
16.24
9.32
9.12
8.56
10.96
22.2
14.96
12.68
13.08
10.6
10.64
13.16
16.24
13.6
9.2
9.56
16
16.2
16.72
15.04
13.8
14.76
11.64
12.68
13.48
14.96
12.68
13.28
20.8
9.2
10.04
14.28
9.8
13.6
15.12
21
18.08
14.08
14.4
17.44
17.8
11.32
11.12
16.12
10.12
14.84
11.92
15.8
13.2
13.72
16.68
11.72
9.24
26.84
15.12
10.64
9.92
11.76
10.32
10.8
13.52
18.68
17.8
16.96
11.48
11.44
12.28
19.88
11.6
16.2
17.52
19.12
18.76
19.12
22.96
11.6
10.44
11.76
32.4
14.92
17.44
17.2
19.28
10.72
9.76
15.08
19.96
10.88
22.56
24.56
14.52
13.08
15.12
11.56
14.92
9.08
16.28
20.32
14.08
10.52
19.56
13.56
17.96
8.8
15.88
13.4
20.48
15.92
26.16
13.6
17.64
16.08
15.6
17.84
17.44
11.84
8.32
15.92
11.64
19.44
14.64
12.2
9.32
9.68
9.68
11.64
10.6
13.08
9.08
15.12
12.56
13.84
11.56
8.68
11.44
20.28
10.36
17.64
9.32
13.76
16.52
11.48
12.48
12.16
18.12
9.72
12.52
10
20.48
8.2
19.4
10.36
10
12.48
17.8
20.6
11.36
15.92
17.6
26.56
13.4
12.96
9.36
9.32
10.28
10.76
15.68
10.44
19.6
9.32
9.2
19.88
13.8
12.64
20.6
12.36
8.76
13.08
15.76
10.84
14.2
12.56
10.92
13.04
14.72
15.56
12.32
13.08
8.4
10.84
9.6
12.32
14.28
13.28
20.56
18
11.92
12.12
13.2
20.68
12.52
12.04
13.6
13.2
18.12
19.6
9.12
10.32
12
23.96
9.6
27.76
14.64
9.84
11.8
13.08
14.56
8.88
9.32
14.36
19.16
17.12
15.12
10.24
11.52
13.6
10.48
20.72
14.88
21.04
12.48
13.76
12.56
12.44
11.32
18.4
12.72
9.88
9.72
10.52
12.92
9.72
12
17.16
18.6
8.68
12.76
10.2
13.96
13.04
10.12
14.24
12.96
13.84
12.2
10.36
8.96
8.48
18.36
11.08
10.08
13.16
11.56
16.68
8.24
10.64
17.32
15.36
20.28
9.44
12.4
15.28
18.76
25.28
17.4
10.24
15.56
26.32
13.84
13.84
23.88
15.48
14.44
20.2
16.96
10.28
15.68
13.88
12.56
10.52
15.64
10.64
24.8
18.56
14.56
22
15.52
22.48
12.04
13.84
16.92
13.48
10.36
24.24
18.76
14.96
17.56
22.92
14.32
14.68
15.04
12.32
22.68
9.36
14.76
8.32
13.36
17.56
15.72
13.44
12.96
12.04
15.28
9.16
21.8
19.12
21.48
15.56
12.92
13
13.64
17.36
16
16.72
11.56
11.56
16.12
20.32
15.08
16.88
14.4
11.48
9.76
8.84
17.12
12.6
15.56
8.72
17.28
15.16
10.64
17.68
11.92
21.04
14.92
16.04
9.92
17.56
13.72
14.08
14.24
16.12
16.76
11.68
12
15.24
12.2
20.84
14.88
14.84
19.28
9.76
12.08
17.4
9.32
12.44
11.92
8.88
12.6
10.8
8.96
17.08
9.56
12.04
8.48
17.84
11.72
10.92
18.04
10.4
14.44
10.36
17.88
13.64
15.64
15
8.2
11.52
9.16
14.32
13.64
13.68
12.08
9.96
12.8
15.12
16.88
14.6
8.76
17.8
12.8
11.64
17.8
12.72
11.48
13.56
13.48
15.52
13.4
13.6
17.08
22.76
17.8
17.68
14.24
11.36
14.6
10.8
19.04
11.8
15.72
11.36
11.68
20.52
14.88
13.32
13
16.4
12.16
11.6
12.32
13.8
23.04
16.28
14.64
10.32
11.92
12.04
9.68
13.4
10.12
12.68
10.88
13.76
16.08
17.44
14.6
22.2
10.24
11
10.92
12.64
17.04
17.28
19.04
14.96
17.4
21.96
15.56
16.2
12.12
20.92
14.04
11.64
14.76
14.56
27.6
13.72
13.28
11.76
10.4
16.8
10.76
10.92
13.04
18.8
15.16
21.92
8.64
11.28
13.4
13.56
11.12
21.44
16.24
33.96
17.4
15.04
18.88
12.68
12.16
15.76
9.24
11.84
9.2
18.48
10.24
12.2
15.12
15.48
15.36
27.24
12.08
8.96
12.32
9.44
17.04
20.6
10.24
17.68
11.8
12.56
16.8
15.2
12.64
15.04
12.08
14.2
10.2
13.32
13.64
14.68
12.88
16.72
12.16
17.32
11.4
9.44
8.08
9.68
14.04
15.16
11.6
20.64
14.68
10.4
11.4
8.96
9
10.16
14.08
14.96
21.16
8.88
14.28
14.6
17.84
13.72
12.04
22.24
9.2
21.72
19.92
17.4
16.84
9.2
10.04
9.72
9.52
17.88
25.52
14.88
20.6
12.04
21.56
18.72
25.24
15.36
19.12
9.96
21.84
9
16.44
12.6
17.56
17.48
13.64
9.8
14.04
10.92
9.36
12.44
8.56
12.76
12.88
11.84
19.24
9.96
16.4
18.52
9.8
18.28
18
14.56
8.24
12.52
13.68
13.08
11.48
9.48
15.8
12.72
21.32
20.28
21.76
10.32
16.92
11.68
17.92
15.88
14.84
18.88
9.64
15.68
16.16
13.44
11.8
11.92
30.88
16.08
13.44
10.12
8.64
17.44
17
9.12
13.96
8.88
8.2
12.08
11.48
13.76
9
19.8
21.6
9
10.72
12.24
20.04
9.72
15.88
14.24
16.48
14.56
25.68
14.4
11.2
11.92
9.88
10.2
8.36
12.64
15.64
13.08
12.4
14.96
9.88
9.96
14.64
11.8
10.76
13.52
15.12
12.16
9.2
12.6
15.4
12.28
15.76
11.04
12.32
9.24
8.76
16.76
13.96
13.08
16
13.4
20.72
11.72
9.72
10.28
10.88
20
15.88
12.84
9.4
11.88
13.92
10.52
12.92
8.68
10.84
12.76
12.2
10.44
17.96
13.24
15.72
11.56
10.76
17.6
9.2
18.2
12.28
20.56
12.6
15.48
11.48
14.44
12.64
17.96
13.8
20.52
10.72
12.36
15.76
20.28
18.28
9.24
12
17.24
16.04
13.12
10.28
11.44
15.68
9.4
18.2
11.68
11.36
15.04
14.2
13.36
8.76
27.08
9.76
11.88
12.72
17.64
20.32
8.88
14.12
13.4
25.12
25.52
8.56
8.72
15.96
11.72
17.36
14.92
11.04
14.52
21.04
16.84
22.48
11.48
14.48
14.32
14.16
13.64
14.36
8.64
15.88
13.12
14.4
18.88
9.68
9
10.4
9.12
8.88
20.8
14.44
14.84
12
13.04
15.28
11.44
8.28
9.08
13.76
12.28
12.08
11.6
15.12
8.72
9.04
8.32
10.72
16.56
21.24
10.04
8
7.32
10.64
11.56
11.76
8.84
8.96
7.28
13.28
9.44
9.88
18.64
10.92
10.32
19.88
13.56
12
7.28
7.84
10.16
16.16
9.76
21.16
11.76
10.36
13.6
12.64
8.24
12.04
15.88
13.24
15.8
10.88
12.96
11.56
9.32
14.6
14.72
10.44
12.72
17.04
8.32
7.92
11.44
12.28
11.8
7.72
11.12
12.6
17.36
7.88
20.56
17.28
8.64
9.36
7.24
18.24
11.04
12.36
16.56
9.96
11.8
14.72
14.4
22.36
17.4
13.8
18.04
17.6
9.44
10.64
13.88
8.76
7.88
10.24
10.32
13.64
7.28
7.64
9.04
10.4
13.32
10.2
13
11.56
8.84
16.84
14.12
9.88
7.52
13.32
20.96
9.76
7.88
15.88
15.12
20.76
7.08
9.96
10.16
19.44
8.72
8.76
9.68
7.64
10.8
12.6
10.08
12.12
10.88
14.44
9
9.88
12.4
11.6
10.72
10.72
10.28
8.16
15.28
12.8
9.32
7.24
10.48
7.52
11.4
11.36
8.48
14.4
13.28
11.72
7.24
16.08
9.16
12.08
7.48
8.88
8.88
10.08
7.52
15.8
10.68
10
9.64
12.36
11
8.52
8.04
8
17.08
13.32
10.76
7.92
9.64
11.8
14.56
14.44
12.56
8.32
16.72
19.64
10.76
11.08
14.2
8.84
12.36
10.52
11.44
9.2
13.2
9.24
10.84
10.08
7.72
11.92
15.44
10.44
10.6
11.2
8.48
12.64
26.96
10.32
8.52
10.6
17.4
8.48
10.92
11.32
14.16
7.24
16.08
14.16
11.12
17.56
10.04
9.68
12.32
10.4
7.44
11.68
11.92
12.44
10.12
21.96
15.76
9.28
16.4
9
14.96
8.04
8.88
11.64
12.84
11.08
7.48
10.88
11.24
13.92
8.68
10.44
10.76
11.76
15.44
15.64
19.44
9.04
8.52
15.76
26.52
14.96
9.96
18.24
10
13.16
7.4
26.8
8.08
16.72
8.64
12.88
12.4
17.8
7.56
12.6
7.44
10.24
13.96
20.2
9.92
7.56
23.84
12.16
9.16
14.44
14.12
12
10.84
10.88
14.16
10.36
11.8
18
19.52
12.12
12
8.76
8.08
12.12
10.92
14.04
11.52
8.76
7.16
9.12
8.08
11.32
8
15.08
7.36
13.68
9.6
15.12
12.24
14.88
13.24
11.52
7.56
15.64
15.24
9.72
13.04
7.16
10.28
16.16
10.56
15.96
8.08
12.4
7.96
7.88
9.8
9.8
8.16
17.24
9.52
7.96
7.56
8.84
8.56
8.6
9.8
8.84
8.48
8.6
8.36
10.36
12.44
9.96
7.4
13.12
14.92
7.8
14.84
12.48
8.36
12.88
7.4
19.52
9.88
8.2
12.2
9.56
11.36
15.48
7.92
19.36
11
13.84
12.2
16.04
15.68
22.84
7.44
19.04
10.16
10.64
19.8
22.96
10.72
11.08
13.36
7.12
8.56
7.64
14.92
11.64
7.52
12.28
7.2
20.8
12.04
19.92
11.08
18
23.76
8.64
12.6
9.16
11
13.56
13.4
9
13.04
7.96
8.12
9.24
13.32
25.68
12.96
16.56
13.28
55.16
14.12
12.2
7.72
8.2
9.4
8.96
13.08
16.56
11.12
13.96
17.56
8.12
15.16
9.4
9.04
7.32
7.96
17.56
8.92
13.8
11.72
13.24
10.64
13.8
10.76
9.56
12.72
9.92
7
13.88
17.04
20.36
8.16
7.68
11.08
12.68
13.72
9
10
12.08
13.2
18.08
8.04
7.24
11.16
11.4
7.56
12.16
8.88
16.52
12.56
12.16
9.36
13.8
8.4
10.92
8.24
9.04
12.92
14.04
10.76
11
13.08
12.84
9.76
8.12
10.52
14.84
19.88
11.8
16.72
14.28
7.76
11.6
7.24
15.24
9.8
12.68
8.08
8.92
10.8
8.88
8.36
7.56
8.24
10.52
11.68
9.48
13.76
15.96
14.08
9.32
10.16
11.04
9.76
8.08
10.96
9.64
7.68
11.76
10.12
7.12
14.56
19.76
16.2
9.92
9.84
13.8
7.44
13.92
11.32
15.84
14.84
15.12
11.6
9.28
14.32
8.24
7.52
17.16
18.08
13.08
10.72
13.12
21.36
19.68
12.76
16.44
21.08
9.28
17.64
15.68
10.68
10.84
13.24
8.96
7.92
17.32
8.52
8.88
7.88
14.28
10.56
11.48
8.28
10
14.16
8.08
9.88
8.92
7.68
14.2
16.68
7.76
7.8
9.16
15.88
8.72
10
8.72
15.12
8.04
9.24
7.08
11.96
7.88
8.48
9.08
7.68
7.96
8.32
12.8
8.36
12
11.04
15.88
12.12
15.04
9.6
9.56
15.88
10.32
8
9.16
7.36
12.92
8.64
11.28
18.72
17.96
12.24
7.64
15.04
12.2
10.64
9.4
9.52
7.84
8.24
8.72
11.4
22.16
9.32
15.64
16.12
15.48
10.92
12.68
11.04
15.16
18.04
8.88
7.68
8.2
14.92
12.52
10.44
13.28
13.4
14.56
8
12.96
10.92
7.84
7.96
12.4
20.48
9.32
22.76
11.96
16.68
13.8
10.68
14.76
8.64
12.48
8.48
8.08
8.84
10.84
17.68
10.96
11.8
13.28
8.44
10.56
7.2
14.32
11.28
12.8
11.28
16.8
8
10.72
8.8
18.04
17.44
9.04
9.64
11.56
12.68
11
8.28
7.96
12.8
9.96
11.4
9.56
8.24
14.56
11.56
8.36
8.16
10
8.04
10.64
15.84
8.52
7.56
9.28
7.76
11.96
9.64
10.36
8.52
14.36
11.44
12.04
9.68
12.04
8.2
8.52
10.04
10.24
8.32
8.16
11.8
14
11.92
7.84
10
12.76
8.2
8.2
11.92
16.08
10.6
9.04
8.72
10.32
12.4
10.84
11.08
9.88
20.04
8.92
8.92
18.48
8.4
14.24
9.96
12.92
14.8
7.6
11.12
8.12
10.04
12.56
9.4
8
7.76
16.12
11.92
10.56
8.76
16.16
8.56
11.64
13.68
12.32
7.68
7.6
9.8
7.24
8.88
19.48
8.64
11
7.88
21
8.56
12.56
13.88
10.52
7.64
7.24
8.08
18.4
17.68
12.12
10.44
8.04
8.92
12.2
7.84
14.92
24.44
9.44
13.48
10.08
11.56
19.28
10.68
8
12.64
13.6
12.8
17.92
16.68
11.88
8.68
8.4
7.36
7.36
12.88
18.48
7.96
9.36
9.8
8.36
8.08
7.52
14.12
7.4
8.36
14.04
7.56
15.24
15
10
17.88
10.88
9.16
10.8
7.92
15.04
11
9.68
7.56
11.2
11.48
7.76
8.72
8.28
14.16
11.8
9.36
13.6
7.72
13.92
11.44
7.08
9.04
14.24
14.84
18.76
12.92
13.72
13
12.24
14.96
14.84
9.72
8.16
18.72
11.88
8.48
9.2
9.48
10.44
7.4
7.76
12.88
16.2
7.56
7.68
14.32
15.32
13.76
10.56
12.52
16.68
12.96
10
16.28
10.6
9.24
8.36
7.56
8.48
16.88
7.56
7.8
7.76
13.36
14.76
10.72
17.36
12.88
10.8
18.52
10.04
8.8
14.16
8.72
11.32
8.84
9.76
8.32
10.28
14.8
12.52
11.52
11.28
14.64
7.28
10.16
12.92
8.12
13.68
11.52
20
11.68
15.8
10.28
15.32
14.48
17.96
10.72
11.52
8.64
9
12.08
17.32
15.88
8.24
9.96
13.08
9.32
13.92
12.24
16.76
13.4
18.36
16.04
12.84
13.8
12.96
9.76
12.12
14.04
8.2
16.64
18.28
14.32
14
9.56
7.8
17.92
16.12
14.44
8.6
11.8
9.36
7.64
9.24
13.72
7.44
8.44
19.16
14.84
22.08
7.76
8.24
8.48
12.52
10.56
8.28
11.24
7.6
7.84
9.16
8.12
10.24
16.48
18.52
8.84
13.56
13.28
26.2
8.88
10.48
11.6
9.72
8.92
7.36
15.96
11.16
8.96
7.32
10.8
9.76
8.04
10.6
11.84
9.8
8.6
9.68
11.2
11.04
7.4
14.04
11.36
13.6
13.72
17.76
13.24
11.96
12.48
9.84
13.16
8.48
11.52
8.64
8.28
9.52
18.44
9.24
7.08
7.84
8.08
9.28
7.64
8.76
18.8
12.4
14.16
11.04
7.84
11.76
12.88
13.32
11.2
14.44
12.04
9.24
8.32
16.16
8.96
11.16
14.24
10.84
15.64
11.72
15.24
16.32
8
11.28
13.8
12.88
7.44
11.92
10.48
14.28
17.52
7.24
20.68
8.44
7.8
8.48
7.36
7.8
13.68
13.8
11.12
11.44
8.6
15.16
17.76
15.76
20.92
9.08
8.12
8.04
10.96
14.52
14.16
11.2
8.4
12.44
8.64
12.12
12.2
13.08
7.2
22.32
17.52
14.84
8.4
10.56
14.2
14
7.4
11.04
10.68
10.4
13.72
15.32
7.24
12.96
20.16
8.04
11.16
10.72
9
13.08
17.32
8.48
12.36
19.16
11.36
14.76
11.28
17.72
10.08
7.88
8.12
12.04
8.48
10.12
14.96
17.12
10.88
12.56
13.12
14.44
8.92
17
26.16
12.84
11.28
15.08
12.12
9.56
20.44
17.12
12.52
9.4
16.4
14.68
16.68
12.76
18.48
11.48
10.64
12.48
7.84
10.72
19.6
9.92
16.44
21.28
11.96
11.32
21.4
12.32
10.48
14.32
18.52
8.64
12.12
15.12
15.92
12.44
11.04
18.64
7.56
11.64
8.84
12.4
10.12
8.28
8.48
12.84
9.88
12.52
10.44
20.8
13.92
11.12
8.32
11.44
11.84
8.44
16.12
9.92
7.56
17.16
14.44
10
12.04
11.76
10.88
10.76
7.44
13.96
17.12
16.12
15.48
7.68
7.96
10.28
17.72
8.4
11.16
9.88
8.28
19.08
9.56
12.08
12.48
13.4
14.4
17.92
14.4
13.4
9.88
12.24
12.88
18.08
11.16
9.56
11
15.64
13.32
7.84
9.68
11.32
17.4
7.28
9.84
9.56
7.72
21.64
8.6
12.88
19.8
15.88
19.24
10.6
8.52
13.12
9.68
11.24
9.32
16.88
13.56
14
10.24
8.6
8.52
9.04
11.28
14.16
12.32
7.68
14.04
7.8
15.16
7.8
8.96
8.32
12.6
12.52
16.16
11.56
8.08
16.92
8.12
13.92
9.68
19.32
20.44
10
8.12
23.44
18.6
7.6
7.76
12.56
15.28
21.44
8.24
12.12
7
18.6
12.48
16.36
10.04
13.4
9.16
8.48
10.28
7.44
11.64
12.52
12
15.08
9.12
13.84
9.84
9.64
7.56
17.4
15.8
8.96
10.08
14.24
9.32
7.72
11.72
12.4
8.32
17.04
14.44
7.2
11.8
13
12.08
9.76
11.52
11.44
9.56
9.68
11.8
14.04
10.28
16.76
8.04
23.04
11.88
13.64
10.32
7.6
13.96
13.84
7.96
13.72
17.6
15.88
7.52
10.8
7.68
12.04
11.12
14.04
12.64
11.76
8.32
11.4
7.84
17.4
7.4
24.24
11.96
8.2
9.92
14.6
7.96
13.4
16.64
10.88
7.4
9.6
11.16
10.48
12.68
9.04
14
8.76
10.16
24.48
12.6
15.64
12.76
10.16
8.84
10.08
14.04
8.6
11.56
8.76
8.2
14.56
12.92
8.12
9.4
9.2
15.04
9.28
11.64
15.56
10.4
12.12
9.68
15.68
10.16
12.12
14.32
9
8.04
7.52
10.52
11.32
12.4
8.04
16.8
11.28
7.72
8.52
10.68
7.8
7.6
8.92
9.76
14.08
9.6
8.24
14.48
11.56
10
8.6
16.2
11.2
8.84
7.4
7.96
12.4
8.04
8.52
12.8
8
7.92
7.72
18.28
7.04
13.32
16.28
10.4
11.44
11.92
11.24
10.24
10.64
11.52
19.76
10.24
13.36
11.56
13.88
19.08
13.24
8.96
12.04
16.44
13.4
11.68
9.2
8.76
8.68
9.24
13.56
7.56
10
10.32
13.32
11.44
13.2
11.76
11.84
9.44
14.8
10.56
7.64
16.6
11.88
12.76
14.52
9.84
12.56
17.8
7.84
8.56
12.16
12.48
7.56
7.16
12.04
24.36
12.84
11.16
15.08
15.12
10.28
7.84
7.32
9.36
13.96
10.48
12.72
8.8
9.28
9.44
14.88
14.48
12.76
13.68
10.48
7.84
18.28
13.6
18.32
17.64
11.84
8.56
19
11.84
17.24
11.96
7.56
7.44
8.2
9.92
10.48
9.2
8.2
21.12
12.16
13.32
14.16
10.76
13.68
8.4
14.24
12.32
11.72
11.4
17.44
13.08
7.88
9.92
10.64
16.68
8.92
13.4
8.68
20.44
7.4
7.96
9.08
13.88
14.8
7.52
15.56
15.76
7.68
8.64
7.6
12.56
9.2
12.44
8.76
7.68
9.84
9.64
11
18.32
12.4
8.32
15.32
12.84
7.88
16.12
15
11.6
12
17.72
12.88
11.96
13.16
13.36
8.16
11.44
14.32
7.48
15.92
10.32
11.28
12.2
13
8.28
14.52
16.44
8.04
17
9.44
9.48
13.8
11.76
12.48
7.12
9.16
11.36
13.72
16.56
16.88
14.52
8.08
9.2
13.04
7.72
7.72
11.52
12.52
16.12
8.24
22
7.16
8.68
12.8
9.56
8.92
14.84
10.8
14.64
11.44
11.4
8.12
10.36
15.28
10
15.68
14.08
10.84
15.36
13.6
12.6
16.08
8.6
14.12
8.28
9.72
17.24
9.96
7.84
14.76
19
12.68
17.08
10.76
10.72
17.88
8.64
9.44
7.68
9.96
8.32
16.44
9.28
14.72
8.12
7.76
9.4
11.92
9.04
12.36
19.56
10.8
10.68
9.96
14.16
11.6
8.72
11.04
17.48
11.68
7.8
14.12
14.24
8.08
10.6
12
8.04
10.56
13.2
15.52
8.44
13.52
10.04
9.68
21.44
12.88
7.76
17.32
8.6
8.16
11.92
10.64
21.04
8.96
8.12
7.24
13.52
19.76
15.32
9.36
10.72
15.76
8.48
8.64
8.28
9.96
13.88
8.32
15
12.32
8
8.04
9.12
17.92
10.6
14.04
8.2
11.72
21.44
8.96
8.52
9.84
7.68
10.64
18.68
8.04
17.28
13.32
16
15.2
10
11.36
9.92
18.76
17.56
9.72
12.44
8.36
14.84
14
9.44
10.88
19.04
9
21.72
12.52
12
9.32
9.84
7.28
9.08
20.24
13.4
14.8
12.8
8
9.64
9.68
15.6
12.32
8.32
8.08
10.6
10.8
14.76
21.2
15.56
23.72
13.28
8.48
9.52
17.84
10.52
15.8
13.92
14.04
12.28
7.84
9.6
10.52
10.8
9.36
13.72
11.36
13.44
17
8.44
9.52
15
16.32
9.44
19.72
8.32
15.84
10.2
11.96
10.72
11.8
13.44
12.24
11.8
9.48
7.8
14.2
14.52
12
11.56
13.68
12.84
16.4
8.88
20.44
14.08
20.52
9.56
8.04
9.6
14.52
11.6
12.88
10.84
12.76
8.12
10
10.32
14.2
17.2
10.04
13.52
10.04
16.16
16
14.16
9.12
8.16
10.2
7.52
13.92
8.56
16.84
13.24
7.68
7.24
9.44
13.6
9.08
13.32
19.92
13
12.44
15.8
11.2
11.16
12.56
12.44
11.76
12.72
10.28
12.88
16.4
8.52
10.12
9.44
11.56
13.36
9.56
7.56
14.56
14.12
7.36
8.4
9.92
10.6
7.32
12.6
9.56
7.76
8.28
10.96
7.48
10
13.12
10.04
9.56
15.48
15.08
9.28
13.08
16.04
12.88
12.36
13.8
10.44
7.36
10.6
10.52
9.64
8.48
15.32
12.8
12
7.44
13.52
12.44
15.44
14.64
12.68
16.12
15.32
11.04
8.8
8.6
11.4
18.32
15.2
9.92
8.4
13.12
11.04
8.92
9.24
21.32
16.84
16.52
12.76
7.32
14.84
7.2
11.64
11.96
16.08
13.68
10.44
7.48
15.56
10.28
12
15.32
10.88
12.08
7.72
18.84
7.32
11.64
7.72
9.48
8.36
12.8
10.6
15.52
10.16
12.76
7.96
17.32
11.96
7.6
12
13.08
17.4
9.52
7.24
14.96
11.96
11.64
11.32
9.08
7.88
9.08
14.84
10.76
12.68
8.2
10.32
7.96
10.08
10.44
9.8
19
18.12
13.24
8.12
12.4
7.24
13.4
7.84
8.24
16.72
8.32
9.16
12.56
12.6
7.92
8.4
7.08
10.32
11.84
7.92
12.04
11.48
10.48
9.32
11.24
8.44
7.76
11.68
8.36
9.36
17.92
12.36
10.92
10.16
9.52
7.88
13.6
15.24
12.12
9.72
8.52
7.84
9.68
12.4
8.04
29.96
7.96
11.24
12.92
10.92
9.08
17.6
7.84
13.04
7.4
13.92
14.16
11.96
7.44
11.4
7.92
11.28
9.6
12.56
8.4
14.64
9.04
9.32
7.84
9.2
16.24
15.2
16.44
9.88
11.28
10.76
9.24
13
7.64
11.24
13.6
13.72
18.84
9.84
14.52
12.72
7.72
9.24
10.72
12.52
8.4
15.64
10.32
9.96
18.12
12.76
7.36
9.2
10.76
10.8
11.8
10.32
7.36
10.68
11
11.72
10.16
12.24
15.76
14.24
23.2
7.64
10.92
8.96
16.12
8.6
13.08
11
8.52
9.36
10.44
13.32
13.92
9.28
12.08
8.76
13.96
12.52
11.52
12.72
16.32
10.76
9.04
8.84
14.72
14.56
13.64
11.56
9.64
14
10.4
10.16
11.12
8.52
14.6
18.24
8.84
7.84
8
7.6
8.2
12.72
10.48
11.4
12.12
18.96
14.44
11.32
8.88
13.16
14.76
8.44
9.04
10.32
7.84
8.16
18.24
10.92
18.24
10.6
8.36
10.28
7.48
11.36
7.76
18.12
7.68
14.68
10.44
12.44
13.08
10.12
8.2
9.6
9.16
13.56
17.88
13.28
11.68
8.8
15.08
12.84
7.68
9.6
9
12
12.68
9.92
9.44
10.72
10.12
15.16
19.2
11.08
7.56
9.92
10.4
14.44
8.32
12.76
12.56
11.24
16.36
16.36
9.56
13.8
15.6
13.24
9.8
22.8
17.84
12.72
15.8
11.04
11.04
10.68
9.84
11.16
11.08
18.92
15.16
16.6
9.52
14.12
12.28
10.92
9.84
12.36
11.64
11.32
18.24
14.8
9.04
9.12
8.64
14.52
15.88
11.96
13.92
16.28
10.8
10.48
9.2
10.24
13.72
11.6
9.6
7.92
7.12
7.44
15.2
9.6
9.08
11.16
8.56
10.72
16
15.32
14.32
10.04
12.84
10.24
9.88
13.4
9.84
12
17.2
11.16
10.8
12.52
8.24
12.04
7.44
8.12
8.6
12.4
9
14.48
7.2
8.92
7.72
7.8
7.76
8.16
8.6
12.84
9.36
17.36
10.96
13.44
11.2
16.32
19.76
15.44
15.32
13.68
20.2
9.52
11.76
15.76
9.36
15.6
8
12.28
17.4
21.2
8.52
14.8
8.16
13.92
13.68
8.64
13.68
8.36
10.52
11.44
15.84
15.08
9.84
11.2
12.24
13.36
9.8
12.68
11.96
10.36
10.32
8.4
21.64
9.4
21.88
17.6
8.8
11.72
16.76
14.16
10.28
10.28
12.68
17.36
13
7.96
10.48
15.72
14.6
16.92
12.04
10.92
10.4
18.12
8.48
9.32
14.88
8.2
8.12
11.88
8.4
13.04
8.48
10.52
12.6
10.56
7.4
10.6
9.96
13.52
15.4
10.2
9.92
8.84
7.36
14.44
11.56
19.08
13.72
8.48
7.88
12.68
15.24
12.68
12.04
9.64
10.92
8.88
12.96
10.36
8.64
7.76
8.12
9.84
8.4
10.2
11.48
19.84
17.64
13.36
10.12
8.4
8.76
11.16
11.88
16.24
14.68
11.04
10.12
8.04
7.76
12
12.2
19.12
16.68
8.76
10.76
17.72
14.72
12.28
9.96
13.8
10.24
17.16
13.52
7
19.2
8.56
10.84
11.88
10.88
8.88
8.2
12.76
11.2
8.4
10.16
9.52
12.52
8.04
10.04
19.8
18.84
10.36
12.84
10.64
10.56
11.04
11.36
15.04
16.24
6.76
11.96
12.08
9.76
6.84
6.64
6.32
9.88
6.12
9.36
8.84
9.48
6.32
10.08
7.96
9.88
8.96
8.52
15.92
8.52
9.92
6.68
6.72
7.28
6.2
8.84
13.12
6.88
21.28
7.52
6.04
6.48
9.8
10.04
6.84
7.12
7.52
7.16
6.32
7.44
10.48
6.72
6.76
7.76
6.56
7
8.72
11.92
9.16
7.92
7.88
6.04
14.52
7.88
10.76
7.4
9.76
6.76
6.24
6.84
10.36
6.16
6.68
13.48
8.36
18.4
40.64
8.88
11.6
8.16
12.24
7.44
11.64
13.28
6.56
6.76
6.12
6.72
6.16
8.76
6
6.56
8.6
6.76
6
6.36
12.56
6.72
13.92
13.04
11.36
14.76
9.44
7.12
12.96
6.16
8.72
9.28
8.36
16.76
6.8
7.84
6.32
12.8
7.16
7.52
6.6
11.56
6.88
6.32
8.88
8.64
7.12
6.36
7.2
6.72
6.68
7.32
14.2
9.56
6.08
6.16
9.6
10.96
12
7
9.16
10.44
11.76
5.36
10.44
6.88
12.04
10.36
5.6
8.84
8
6.2
5.12
5.32
11.48
8.24
5.88
7.96
5.44
6.48
5.48
5.04
8.68
7.88
5.16
5.84
8
9.2
6.6
12.16
5.4
6.2
5.16
6.84
5
5.08
5.96
13.32
5.08
7.92
5.92
5.08
11.92
5.24
9.44
13.76
9.8
5
5.8
10.64
5.2
5.16
5.68
5
11.92
10.28
5.12
5
7.2
5.36
5.28
5.6
13.96
9.04
7.24
7.32
5.16
5.4
5.4
5.84
11.08
11.68
5.48
10.32
8.04
5.2
5.24
5.36
5.48
6.72
5
5.76
5.4
5.68
10.44
5.32
5.44
5.04
5.4
6.2
5.92
6.12
12
5.56
5.88
9.92
15.4
8.08
7.76
5.12
6.8
5.04
5.04
8.6
9.88
5.48
5.96
8.96
5.24
7.12
8.68
5.16
5
5.08
5.04
8.52
8.36
6.72
9.24
5.28
5
10.52
6.36
15.28
5.52
5.12
5.12
10.04
5.2
7.48
9.92
6.24
5.88
5.12
5.04
7.56
5.52
5.12
8
5.16
5.28
12.96
5.04
9.32
5.44
10.64
5.76
6.2
5.16
13
10.92
5.32
5.04
10.44
12.4
12.04
6.44
5.52
5
5.76
6.36
5.72
6.2
5
6
7.32
9.88
5
6.72
5.28
7.08
14.04
5.08
5
5.2
10.2
7.72
6.8
6.56
11.6
5.16
5.88
5.64
5.28
6.04
5.36
5
5
12.52
8.08
11.52
5.12
5.56
5.08
5.76
6.88
9.64
8.04
5.16
10.84
6
9.6
7.6
5.08
5.04
5.12
6.48
5.08
5.04
10.04
10.2
5
5.48
5.2
5.6
5.68
6
7.56
5
6.8
11.44
5
5.04
6.44
5
7.96
5.56
5.16
5.36
5
5.24
5.52
6.2
5.36
8.64
5.16
5.2
5.04
6.08
7.08
5.32
5.4
5.92
6.88
5
13.36
5.16
6.52
5
6.52
5.12
5.24
5.48
11.88
5.12
5.2
5.12
5.48
5.16
6.8
5
5
5
5.12
5.64
5.44
5.04
5.04
10.72
5.84
5.68
5.96
10.24
11.92
5
5.52
5.28
15.88
5.08
9.12
9.76
5.92
9.52
5.56
5.64
5.2
5.6
6.44
11.44
5.68
5.08
6.4
9.2
5.04
7.4
5.56
11.72
12.2
9.88
9.04
11
13.68
9.08
5.84
5
6.44
11.88
5
6.88
5.12
5.32
5
6.48
9.96
9.72
5.6
5.72
10.92
12.64
5.28
6.04
9.88
5.6
5.08
5.24
7.6
5.88
5.04
9.4
11.92
5.16
9.64
9.4
5.04
10.08
10.88
5
10.84
8.56
11.76
6.76
5.84
5.16
5.92
12
5
5
6.92
5.08
5.08
6.28
5.4
5.52
5.28
5.96
10.08
10.52
5.52
11.2
8.04
6.08
5.32
5.72
5
5.32
5
7.68
5.4
7.36
8.24
8.88
11.52
5.04
5.36
5.6
10.8
5
5.88
6.24
11.04
5.12
9.28
16.08
11.12
11.24
5.36
10.28
5.04
11.4
8.64
5.4
6.28
7.76
7.24
8.68
5
6.32
8.64
5.36
5.4
5.72
8.96
13.92
5.88
5.4
5.08
5.4
5.12
8.28
11.8
8.8
5.28
5.2
6.2
5.08
10.84
7.84
9.76
10.2
5
5.04
11.28
5.36
5.72
5.6
6.52
5.24
10.32
14.72
9.56
5.24
10.44
5.24
7.92
7.76
5.4
11.36
13.6
9.24
5.2
5.04
5
5.52
5.12
5.56
5.6
11.44
5.48
5.36
9.92
6.08
5
5.16
6.92
5.28
8.6
5.12
5.48
5.28
5.08
5.08
11
5.24
6.84
9.4
11.52
5.2
5.48
5.04
5
6.04
9.44
7.16
10.52
5.08
5.2
16.04
5.36
6.12
15.96
8.32
5.2
8.36
5.04
5.84
5.12
7.12
5.36
5.32
7.52
5
5.24
12.36
5.08
6.32
10.6
5.2
7.12
5.4
5.44
5.2
5.56
5.2
11.84
5.48
11.08
10.68
8.8
5.12
5.04
11.48
5.04
5.4
12.2
8.68
5.48
5.16
9.72
8.6
5.72
7.2
8.64
5.76
9.6
5.8
6.24
5.52
6.12
5.12
5
5
5.64
7.92
5.48
5
5.2
10.72
8.88
5
5
5.68
5.12
5
5.24
9.2
5.64
5.68
5.36
6.32
9.84
14.96
10.32
9.72
5
5.52
15.12
5.52
8.36
6.88
8.76
8.6
9.04
5.08
9.76
5.16
5.16
5.32
6.16
5.56
11.12
5.2
5
5.2
11.76
5
5.36
5.04
5.2
10.24
5.16
6.36
5.52
5.44
5.6
11.12
5
5.52
5.76
5.12
5.04
5
11.52
5
12.6
5.04
8.08
5
9.88
5.12
6.92
9.76
9.2
5.4
6
5.8
8.44
5.04
5
5.8
5.12
5.12
5.24
12
5.24
5
5.12
7.28
7.8
5.24
12.04
5.12
5.2
5.88
5.48
5
9.24
5.56
6.04
5.04
5.96
5.84
15.92
5.44
7.28
12.44
5.08
9.48
5.12
5.88
6.32
7.92
5.88
5.28
5.68
5.24
5.68
12.56
5.16
10.08
5.16
9.8
5.12
5.96
5.04
5.12
5
6.2
10.92
5.4
5
5.88
6.28
8.6
12.04
5.08
5.44
12.24
5.2
5.44
5.36
5.04
5.56
5
7.84
5.04
14.44
9.04
9.88
6.48
5.28
11.32
5.64
12.44
5.2
5.2
11.52
5.4
6.56
8.08
11.84
10.2
5.68
5.08
9.48
8.76
5.92
5.24
5.36
5
12.84
5.36
9.48
7
5.28
5.28
5.08
9.4
5.96
5.2
10.2
5
5.28
14.48
5.44
16.16
5.96
5.08
5.48
5.76
9.64
6
11.28
10.96
8.44
14.84
7.2
5.4
5.2
5.16
5.52
6.84
5.08
5.24
9.88
5
8.84
9.24
5.84
5.4
6
6.68
5.2
8.36
5.16
11.2
8.72
6.48
5.44
9.32
9.6
7.24
5.56
5.68
5.12
6.32
5.2
5.04
8.32
6.88
10.32
5
9.16
5.52
5.36
6.76
9.12
5.16
5
6.76
5.76
9.32
5.6
5.12
5
5.96
5
5.24
6.16
5.04
12.12
5.12
10.2
5.4
12.92
5
5.48
5.08
8.92
5.2
5.4
5.56
5
7.92
5.48
5.04
5.04
8
9.52
8.2
5.08
9.08
6.24
5.48
5
7.56
10.44
5.36
5.8
5.6
5
7.64
5
7.2
5
5.44
5.52
5.56
11.92
7.36
5.04
5.72
5
5.92
6.08
5
5
10.28
5.04
5
5.4
5
9.48
5.4
5
5.2
8.64
5.16
6.88
10.24
5.48
5
5.24
5.32
5.04
8.04
9.24
5.04
5.88
5.04
12.48
5.36
11.64
6.56
5.12
8.28
5.44
8.2
6.64
5.6
5.32
5.04
5.56
5
7.92
7.16
12.28
6.88
13.12
5
5
5
5.12
7.04
12.04
5.88
5.04
8.52
5.64
5.4
7.44
5.2
6.32
9.48
5.28
5.24
5.76
5.04
5.16
5.44
9.96
10.44
5.56
6.64
5.36
5.8
7.92
6.72
15.8
10.92
10.92
5
6.44
8.24
5.12
11.76
5
5.16
5
9.16
9.24
5.48
5.92
5.84
5.68
5.36
10.76
5.64
5
5.64
5.84
7.84
7.76
9.56
10.6
5.4
5.68
8.32
5
13.64
7.76
8.16
5.12
5.08
8.44
5.12
5.04
5.88
5.24
6.64
5.56
8.12
12.16
10.92
5.28
9.52
5.08
5.16
5.44
5.04
9.48
5.2
12.24
5.8
10.72
8.24
10.64
5.04
5.08
9.24
5.24
17.64
5.12
5.6
5.12
5.04
16.88
5
6
8.84
5.24
5.24
6.76
5.44
6.52
5.2
5
11.72
12.12
8.76
5
5.44
5.24
5.2
11.64
5.68
10.64
5.56
5.84
8.2
5.76
5.28
5.8
5.6
9.04
9.92
11.12
5.36
5.52
9.04
6.08
6.88
5
5.4
5.76
5.28
5.24
10.08
5.16
9.12
5
8.64
6.04
5.76
7.52
5.56
5.92
6
6.12
6.48
8.8
10.12
13.6
5
5.4
6.8
5.36
9.36
5.2
9.8
5.48
5.04
6.92
9
5.16
5
16.28
19.52
10.8
5
9.2
5.52
7.2
5.12
5.44
5
5
6.48
5.04
13.16
5.04
7.52
5.04
5.08
12.48
6.08
5.64
9.2
11.28
14.76
7.12
5.2
5.84
5.6
5.36
5.28
5.6
8.84
6.88
5.08
5
5.04
5
5.52
5.2
7.36
5.92
8.4
8.4
6.88
12.44
5.32
5.16
5.44
5
5.32
5
5.84
5.84
5.24
5
5.4
5
5.08
5.12
5.28
10.32
16
6.68
5.72
5.4
5
5.6
5.04
5.52
6.36
5.24
5.24
5.12
5.28
5.68
5.28
15.6
9.64
5.52
8.28
5
10.6
6.32
5.64
5.56
5
5.44
5.28
5
5
5.36
5.04
5
6
5.24
7.6
6.48
5.56
9.28
8.24
6.16
5.16
5.48
5.44
9.92
10.48
5.6
6.4
5
9.6
8.6
5.04
9.56
5
14.84
8.92
11.28
5.44
8.88
5.48
5.2
7.92
5.56
12.24
5
12.88
5.88
5.08
11.52
9.8
5.28
8.92
5.04
5.88
5.12
7.68
10.76
5.24
11.6
10.56
12.64
11.4
8.64
6.52
8.24
6.32
5
5.08
5.68
9.2
7.56
12.6
11.96
9.04
7.44
5.92
9.12
10.56
5.28
5.2
8.4
5.44
6
5
5.08
7.08
10.24
5.32
5.24
14.08
5.32
11.56
9.84
5.16
5
10.12
6
5.64
5.4
11.12
5.84
6.48
10.4
8.28
5.28
6.32
5.16
5.56
8.36
5.08
9.8
5.64
5.12
11.28
5.04
6.08
5.84
6.88
10.84
8.6
9.12
5.84
10.16
5.12
5.04
5.24
8.4
5
7.08
5.4
13.12
8.88
9
5.48
5.92
8.76
5.12
5.4
5.04
5.28
8.8
5.56
5.52
5.56
5.12
7.28
5.36
5.36
7.68
6.24
5.2
5.16
7.52
5
9.28
5.32
5.2
6.68
5.44
8.28
5.12
5.12
7.8
5.84
5.56
5.08
5.68
5.28
15.16
8.88
8.52
5.36
5.96
10.08
8.64
5.48
6.12
6.08
5.2
10.32
6.64
5.76
6.24
6.2
13.48
7.04
5.24
11.24
9.16
7.24
12.32
5.16
6.16
16.28
6.6
9
5.32
11.08
6.48
6.28
5.24
12.6
5
5.56
5.64
6.8
5.6
6.4
5.16
6.52
9.32
6.76
6.44
9.56
5.92
7.88
5.64
6.08
5.28
7.76
7.48
8.68
6.4
9.52
5.2
5.08
8.52
11.36
8.84
5.24
7.6
6.24
5.52
5.12
5.76
5.36
5
5.8
5.4
5.4
5
5.04
5
5.28
5.8
5.52
5.04
5.28
5
5.04
5.56
12.08
5.04
5.12
5.44
10.68
5
5.16
5
9.88
12.12
5
7.36
10.64
8.6
9
5.56
5.64
8.24
5.56
5.76
6.44
5.76
16.84
9.96
11.52
5.24
11.36
5.04
12.24
5
12.8
7.96
8.28
7.32
7.92
6.96
5.08
7.92
11.6
10.76
5.28
6.44
6.92
5.8
5.56
5.2
8.52
6.64
7.6
9.76
5.16
6.12
5
5.48
5.12
9.8
5.72
5.68
5
9
9.16
5
5.36
9.96
5.16
5
11.48
8.08
5
5.44
5
6.28
9.64
9.56
8.84
8.24
5.44
5.28
7.88
5.04
6.16
7.2
5.52
13.64
10
5
5.68
5
8.08
9.68
5.08
5.2
5.16
12.48
5.04
8.88
5.04
5.96
5.04
5.24
5.32
5.16
5.24
5.6
5.28
5
5.04
5
7.64
5.16
11.92
7.4
5.52
5.28
5.12
5
5
17.32
5.08
5.88
8.44
7
7.84
5.04
8.8
6.04
5
5.44
5.16
5.76
11.24
5.28
5.6
7.84
5.56
5
6.36
5.52
5.32
5.84
5.08
10.8
9.76
8.44
5
5.28
5
7
10.28
8.6
6.16
11.52
10.68
5.88
5
5.52
7.84
5.72
6.44
5.72
5.04
5.52
5.36
12.16
6.44
5.92
7.52
5.8
5.12
8.04
5.52
5
5.84
7.32
5
6.28
10.72
5.16
5.08
7.44
16.84
11.68
5.04
5
6.16
5.04
5.04
10.56
5.6
5.2
14.6
5.6
11.2
13.36
8.04
5
5.32
6.44
5.28
5.56
8.48
5.4
5.08
5.36
8.4
5.12
5.36
5.24
11.6
6.48
5.28
5
5.04
5.2
5.52
10.72
7.04
5.12
5.64
10.36
9.32
6.76
8.12
5
5.64
13.44
12.88
5.32
5.48
10
6.12
5.28
10.2
9.04
5.32
11.04
5.08
13.88
5.72
11.8
5.36
5.36
7.76
5
9.04
7.84
6.48
5.32
5.4
5.32
5.24
7.24
5.76
5.04
8.4
11.44
10.88
13.44
5.56
5
6.08
10.36
9.12
5
5.44
6.36
5
6.16
5.08
6
5.12
5.76
6.4
5.68
7.52
5.28
13.52
13.68
5.2
6.24
7.08
10.64
5.64
15.36
5
5.04
6.8
11
8.6
11.16
5.88
5
5.2
5.04
8.84
8.32
10.52
5
11.68
10.76
5.12
7.24
7.84
13.44
5.24
5.52
6.68
5.6
7.64
8.48
5.4
5.08
5
8.96
6.96
5.68
8.8
5.04
7.32
5.04
9
5.96
5
5.28
9.72
10.48
5.52
5
5.24
5.32
10.6
5.04
6.28
5.32
13.64
10.76
11.16
5
5.32
5.2
10.64
11.6
5.04
5.68
14.92
14.44
8.8
5.16
10.8
5.56
5.04
13.8
5.2
5.32
7.32
5
5.8
5.08
5.16
6.68
8.28
5.4
5.16
5.48
5.96
6.8
11.44
15.76
7.72
6.24
5
5.84
9.56
8.96
8.52
8.84
5.04
8.28
5.08
15.28
10.92
10.44
5.36
9.68
6.6
5
5.04
8.88
5.28
5.16
7.6
5.32
5
9.6
5.88
5
16.32
12.28
10.12
8.24
5
5
5.68
6.4
5.84
13.16
6.68
5
8.6
5
5.12
13.92
8.04
5.4
5.12
10.48
10.72
9.4
7.68
5.16
5.48
5.04
5
5.52
5.72
5.52
5.36
5.44
5.4
5.36
8.24
10.44
5.48
5.12
5.64
9.92
5.12
5.64
8.12
10.04
8.68
5
5.32
11.24
5.72
7.52
9.56
5.24
5.24
5.16
6.32
5.04
5
11.72
5.16
5
5.44
12.48
9.68
5
5.28
6.36
8.76
10.92
5.08
10.12
6.2
5.2
5
5
9.92
10.88
5.4
9.56
5.4
5.28
6.12
5.36
11.44
8.52
5.12
5.44
8.88
5
16.44
10.68
5.52
9.64
6.24
5
5.88
6.12
5
5.08
5.36
8.84
6.16
5.6
5
5.28
5
15.56
5.28
5.08
11.12
8.24
5.72
7.48
5.28
7.32
6.28
6.24
9.44
5.12
7.72
5.08
12.28
5
5.56
5.88
8.44
5.44
9.72
5.76
9.8
15.76
6.12
11
5.04
5.72
9.56
5.28
7.88
13.08
5.04
5
8.64
5.2
5.56
9.24
5.68
5
9.72
7.84
7.8
5.24
13.16
10.88
11.04
13.08
5.72
11.92
5.08
8.92
5.24
5.2
14.68
11.28
5.4
5.08
7.36
5.08
5.8
6.2
8.16
5.36
10.12
5.4
12.2
5.24
10.92
5.2
6.52
5.04
7.44
5
5
5.48
5.56
9.28
5.4
13.44
11.04
5
11.56
5.4
5.16
5.24
6.08
6.32
13.92
8.44
11.52
5.36
5.92
6.64
5.2
8.08
5.92
13.2
5.04
8.8
5.32
6.6
11.64
9.92
5.24
5.28
8.48
5.04
5
9.28
5.76
5.04
5.84
5.12
5.04
6.92
10.36
6
7.44
12.08
5.6
5.12
5
12.56
6.2
11.44
8
10.92
5
8.92
5.4
9.48
15.12
14.64
5.04
8.52
7.6
7.52
5
11.64
8.44
5.56
5.52
5.92
5.12
5.52
11.24
5.08
5
5.48
10.12
5.04
5.48
7.48
5.36
5.28
5.08
5
5.28
5
5.36
14.8
5
6
