10876 34740
58.2476
29.581
9.4
43.6762
12.9905
22.9048
50.2476
15.1905
49.9714
28.6762
69.2286
19.3429
31.1429
18.8286
67.5619
32.819
8.6381
40.5429
17.4952
63.0476
50.7333
36.5524
15.2381
42.2476
7.10476
60.1333
61.4952
13.4952
7.57143
16.9714
17.9238
14.4
17.0857
25.2667
14.6381
13.781
32.5238
31.8952
48.1524
39.1714
21.619
46.019
76.0095
54.2952
17.6
19.6095
46.6
47.3429
5.91429
42.5238
16.2762
31.4762
49.2
9.0381
27.581
61.6952
8.59048
24.3619
24.781
17.781
61.0286
53.2095
72.3714
46.7429
8.92381
36.0476
18.3905
12.1905
52.8667
15.2762
78.9333
21.2762
22.219
35.581
64.5238
35
22.5524
27.4095
29.1048
44.9048
21.0476
21.0286
10.219
57.8667
30.581
22.0857
44.981
53.7048
15.9619
19.2381
18.4571
21.8952
10.3429
42.019
14.1238
18.0381
37.6952
61.1143
13.0952
44.181
61.4381
49.2
36.2286
6.57143
17.7619
45.781
35.0667
9.80952
8.42857
68.2095
23.4857
19.4667
35.6286
19.1333
24.6952
38.381
14.819
41.2762
40.5429
27.4952
62.1143
23.6095
19.9905
10.781
10.9714
76.7714
58.5905
54.2667
90.5429
75.7333
24.0762
64.1429
28.9333
12.5619
51.6857
28.2
53
51.2476
32.3619
19.6571
37.5143
51.0667
43.0762
46.0571
6.74286
73.9905
37.219
51.6857
38.2762
31.2857
27.4762
56.2
59.8
26.8095
32.6762
47.5619
42.4476
19.6667
8.9619
23.8476
27
64.019
25.1333
31.7143
70.2381
35.981
30.8286
30.6571
38.9238
16.7524
30.381
39.7619
24.6286
22.3333
9.73333
13.019
40.0286
38.9524
45.781
54.0667
40.9143
67.7524
19.8952
72.1524
35.8476
32.3143
19.9619
19.9238
54.7429
109.829
50.3333
35.5429
44.1905
32.9048
63.1143
24.781
8.33333
25.3048
28.0952
66.381
23.6381
13.0095
35.619
42.5524
6.44762
14.019
53.2762
12.2952
56.5619
49.619
22.8571
46.0857
7.89524
38.4381
45
26.3143
27.9714
9.51429
28.1905
13.1333
26.8095
13.7619
33.2
91.3524
26.5333
21.6667
37.5619
5.53333
15.8857
16.9143
59.6857
24.4
24.9429
23.8762
20.4
17.4
30.781
13.1048
18.3524
25.3524
8.84762
11.2667
8.50476
43.4857
37.4762
74.819
57.4667
63.0857
42.1905
30.7524
25.0095
27.7143
36.2667
9.35238
24.8762
28.4667
27.5714
23.4
46.9333
20.5048
43.1333
40.6
49.7714
13.4667
16.4381
11.3429
50.6
66.6095
61.1524
52.2667
64.419
70.981
74.819
30.4857
18.5619
25.2476
28.2952
8.05714
52.1333
44.6286
76.0952
27.9905
10.6762
16.3143
44.8571
40.7524
20.5333
49.5333
44.3714
55.2857
38.619
51.381
57.4571
52.0857
32.0286
51.2762
23.7333
53.4571
44.9524
17.2667
15.5238
37.0476
37.7905
73.6762
38
44.8667
30.419
18.9143
8.37143
43.8667
56.6095
46.4476
52.0286
58.6952
40.1143
17.8
4.91429
35
62.0286
38.0381
12.9619
14.7143
35.1905
36.5333
26.6667
17.2667
34.0667
40.1143
67.0381
18.8857
9.06667
81.7905
11.2381
8.18095
19.2095
24.1333
12.4762
10.9905
43.1238
36.3238
49.8095
6.12381
9.72381
19.4476
12.1524
34.1238
80.2762
12.0286
25.2
27.8762
55.9143
29.8095
48.6
7.33333
27.9714
24.3619
35.7048
22.2857
33.5429
4.21905
8.28571
50.5905
7.05714
26.6095
29.819
32.9333
42.9714
27.6857
8.62857
36.781
20.9048
16.7429
19.1143
27.6381
9.20952
10.8667
19.1238
18.3714
33.6952
45.4952
19.2857
17.9333
56.619
48.7714
16.5333
97.2667
54.019
64.4857
33.2286
32.019
29.3524
44.2667
49.1619
49.0571
63.6857
65.2476
46.6762
32.8476
19.6857
24.819
5.30476
42.219
23.619
56.619
17.3048
25.6952
61.181
76.3143
39.3333
43.7429
5.64762
27.7714
69.3619
22.9143
43.2952
36.819
31.5714
34.019
45.1619
16.8381
79.2095
23.2667
32.0095
7.59048
42.1048
30.2476
43.4571
14.7238
10.5048
20.4952
28.3524
18.3905
34.6476
7.39048
32.7048
26.5714
44.181
16.0667
34.8476
38.5143
45.5429
25.7333
28.1714
23.781
38.5429
28.6857
47.3048
18.5524
14.2667
35.0095
43.6286
37.9619
67.4
14.2
43.2571
34.0571
44.419
30.3048
50.981
21.9143
26.6857
23.5619
45.4286
31.781
32.3429
10.3619
15.7429
8.14286
8.47619
34.7524
46.8857
14.1333
8.66667
27.8857
24.3524
27.5429
57.419
56.0667
38.0762
33.0952
19.7905
40.5333
45.2762
9.78095
48.0286
27.2571
54.4667
44.1333
35.8952
44.8571
90.3714
37.9048
31.5048
34.8095
42.419
38.5905
14.4667
33.9143
21.7333
13.3333
36.4667
85.4762
42.5048
8.41905
28.3905
25.3333
55.4571
49.1714
67.819
72.1905
31.4952
7.17143
16.7619
19.7143
41.0095
25.019
62.2857
26.3619
15.2476
23.9048
6.48571
45.1048
52.0952
20.3429
14.0286
62.3619
56.7238
16.8571
42.4
35.9048
51.7333
5.93333
26.5333
5.25714
28.5619
7.78095
32.2476
99.2857
48.9429
5.19048
28.2571
18.5619
29.6381
65.4286
46.9524
50.5429
51.2762
30.981
22.8857
32.7143
35.4476
26.6762
11.019
12.6095
38.2381
23.4571
37.5714
19.819
12.181
32
22.1429
47.0667
44.1429
9.98095
15.5048
65.4857
47.2762
58.2857
54.7333
30.7143
73.1143
47.0286
37.2095
36.0381
37.4857
52.7143
32.9524
67.5905
5.41905
80.3524
45.619
21.8857
25.9429
31.7333
9.92381
14.2
24.019
92.0762
47.619
33.4952
73.2762
7.07619
47.4476
37.7619
14.6762
61.9048
13.9333
18.6857
24.4571
54.0571
50.1905
13.0095
27.7333
31.6857
29.4571
13.1524
36.7619
52.4857
31.9714
33.5905
76.819
67.5905
9.99048
8.55238
22.3143
12.3143
48.4952
5.8381
48.6
44.6
17.4857
11.4
31.8095
23.3238
42.9905
93.6857
9.52381
23
43.619
17.6952
13.2762
27.3619
14.4
11.9714
6.21905
31.4476
29.1048
44.0095
36.1143
71.2095
16.3714
17.6476
61.6667
20.2762
9.50476
17.3714
7.61905
7.31429
37.4952
35.581
12.581
20.4381
59.2762
23.1714
51.7143
28.7333
43.181
27.3714
49.3048
48.1905
19.1714
19.0286
19.9714
41.4095
54.6762
25.1048
29.8571
50.8667
40.0095
42.6476
33.6952
45.7524
11.8952
5.1619
56.7524
36.5429
34.9619
33.3714
28.3905
32.1429
24.7048
51.7238
41.0952
22.5714
37.7905
22.9524
59.9048
58.7429
42.2476
17.1905
22.5143
19.7524
57.9333
33.1524
24.5333
31.3143
41.4667
11.1905
51.5238
22.5429
16.5429
56.3048
65.2857
18.381
19.6
16.5143
79.1238
12.7048
35.4286
13.5524
16.2667
51.7619
26.6571
23.5333
18.5714
7.01905
25.2476
50.2381
36.5714
24.7333
54.7619
30.5619
53.6286
61.7429
40.5429
35.7333
27.0286
37.4
56.8476
12.3333
25.7524
64.6
59.6762
56.8667
6.4
7.73333
10.581
26.181
28.8381
63.8667
12.9429
7.47619
44.9905
25.1429
13.9333
38.8
13.2571
45.9143
30.619
27.2571
32.4286
43.5143
22.0762
18.4857
7.10476
11.4095
24.9524
41.4952
6.61905
71
40.4952
23.5524
30.581
36.0476
18.7429
55.4286
12.7429
43.6476
36.4857
31.4381
59.3524
10.8
30.781
99.9333
14.4857
56.6095
39.7619
38.5714
63.6857
18.4
57.981
48.2476
43.2381
43.7238
34.4762
26.2381
43.0571
9.51429
49.1905
32.6952
18.6667
61.3238
40.1429
75.3143
36.2286
23.5619
76.0095
38.5714
44.2
38.4381
16.2476
47.5619
67.1333
55.3048
24.581
20.5429
43.0286
6.60952
8.97143
67.1048
61.3619
29.981
14.6571
33.8476
14.4381
35.4286
28.4667
19.2857
43.181
44.3429
46.5905
41.3429
44.0762
133.419
5.70476
21.6952
42.4762
39.9048
17.2476
19.6476
48.6476
37.4095
31.2952
29.2476
22.9048
50.4667
25.2952
15.2952
38.8571
25.181
43.0571
23.9048
14.5048
9.27619
9
14.2667
31.0381
37.1333
41.7048
39.6381
24.3619
34.6667
13.6667
26.3238
47.3429
36.7714
12.619
45.2571
12.7238
9.32381
5.08571
39.1714
13.819
7.98095
10.4381
49.4286
46.8762
32.2095
17.9714
37.5143
32.9714
26.2476
70.3524
21.7429
38.4381
9.99048
21.3238
28.1619
48.4381
8.30476
50.3429
19.1905
36.3143
21.7619
37.7714
32.3429
16.9524
22.3048
14.8381
10.9238
21.5143
11.0952
28.8762
62.219
49.8381
48.3905
41.5333
6.41905
20.5429
23.781
21
32.3143
38.7524
6.6
18.7333
29.4762
11.581
12.3524
43.8
21.9333
15.5619
29.2571
16.3429
56.3619
28.781
49.2571
24.5524
44.9714
24.2
40.6571
12.6952
28.619
44.6762
35.0762
32.4095
23.3238
34.7429
24.1714
7.52381
6.9619
56.8476
49.9429
23.019
44.781
90.0952
31.381
4.91429
21.2
39.7524
37.7143
20
33.6381
58.1333
70.0667
13.5429
61.5619
84.4667
56.2095
48.0762
18.3905
11.6
79.0381
34.7333
52.8095
21.0381
40.7524
10.5714
34.1905
38.3143
40.3048
30.2
48
13.6952
67.581
53
18.3714
48.7524
34.7714
48.981
18.0762
46.8381
27.6381
63.4286
14.1429
14.8667
32.9143
46.0667
44.0095
71.819
54.5905
54.2476
15.5333
15.5619
6.00952
9.99048
22.9333
53.8095
44.7619
51.6667
33.4667
45.7905
10.8667
14.8667
56.9143
13.1429
42.8762
40.5333
48.4
49.4476
11.3619
4.37143
71.9048
13.3619
24.8381
52.4286
54.6476
15.4762
18.2952
26.1238
22.0476
11.2
13.2286
44.0381
24.5524
54.6571
45.3048
65
57.4762
56.0762
36.8857
61.8381
31.4762
21.4381
37.1524
13.8095
32.6
50.9619
46.0857
6.51429
36.7524
55.9524
17.8
77.7619
38.1429
38.4476
22.9429
31.0381
94.5429
25.5524
43.7905
85.7429
15.581
22.1524
45.1714
22.5619
34.8
7.02857
14.8095
6.79048
33.0762
49.2952
65.0286
25.9714
27.8095
60.7429
17.6381
54.981
53.4095
54.1048
46.9905
19.8
43.7524
24.6095
48.4476
77.6571
48.5619
46.581
7.86667
69.5333
37.3429
10.2
37.2667
12.4667
5.08571
20.819
41.2952
17.9143
32.019
75.9143
45.7333
38.381
19.1524
14.0286
33.6857
50.1429
11.6857
18.6286
11.9524
19.781
15.7048
48.5524
16.9048
62.9524
21.3905
21
8.80952
8.34286
62.8476
10.3143
70.5714
11.3524
11.8
23.5238
57.819
60.581
60.981
58.419
46.0952
31.6286
7.95238
33
21.0952
23.7905
26.7429
8.99048
39.2667
13.4476
37.8286
21.5048
28.6857
30.8095
42.5524
41.3238
67.0762
30.2857
71.5238
38.581
28.381
24.0952
14.6
77.6095
43.3238
39.4381
16.1333
49.8762
34.2476
36.219
13.9333
21.181
11.6667
28.4571
51.1524
15.3905
31.8476
5.71429
21.381
58.2476
58.4286
36.9524
46.0952
30.1714
20.4857
9.4
5.30476
38.2381
28.7048
33.2476
44.6762
5.11429
10.8857
19.4571
46.4667
82.9905
68.2667
34.0857
31.0571
7.15238
42.7333
35.4762
16.7714
31.1429
52.3905
41.2952
69.5524
29.5524
13.0857
50.8476
18.5524
22.8571
52
14.4667
44.8857
42.9143
31.6667
30.5429
11.781
12.1905
8.47619
43.3714
12.9048
21.3238
31.2095
13.7333
59.6476
32.8
48.6381
66.7905
39.7905
13.9524
43.3048
57.8571
34.3143
21.6952
11.5238
43.7429
46.7429
38.2
57.7524
31.3333
8.61905
11.4476
30.8762
15.5905
14.5048
20.619
40.9429
22.9048
17.5619
27.0476
53.7524
15.581
26.1905
65.9619
11.6095
27.0381
19.8381
46.8857
29.6286
28.3048
31.1524
23.6857
23.7905
26.4857
7.08571
9.51429
10.5143
30.1714
15.3333
10.6667
11
61.0381
32.0476
25.9333
52.7714
37.8095
30.7238
16.1905
8.34286
44.4667
20.5524
64.6286
20.5619
60.619
24.5619
34.9429
30.8667
5.9619
42.6952
9.49524
8.6
23.3714
23.8286
66.9333
67.6952
36.4762
52.7333
34.6762
26.8286
25.8286
32.0381
36.3143
32.1333
32.9048
32.6857
60.9048
33.0286
29.6
13.8095
30.7333
11.9714
14.8
21.6762
47.1238
28.2952
39.7333
34.1238
4.64762
20.8571
18.1238
26.9714
35.981
53.3143
15.3524
68.7714
53.219
27.2476
8.75238
22.1429
11.9333
37.4762
17.2762
24.7429
33.3524
19.181
30
25.7238
73.1238
23.5619
59.8762
10.5905
45.8762
25.9048
27.1524
20.0286
41.1714
46.1714
53.8476
45.1524
24.4286
47.5238
53.0952
34.9714
64.1048
28.7143
46.6
72.5524
21.4952
23.7714
12.7333
23.2762
33.8
13.1238
35.9143
13.9238
17.4286
27.7905
55.019
12.1714
32.1333
44.4667
26.4095
30.8762
23.4762
13.5333
11.6667
50.6381
47.6571
24.6762
29.1048
17.0286
35.0762
49.8095
7.9619
40.5143
13.9238
15.981
25.981
29.0571
35.6762
20.7333
36.7905
11.8095
30.5333
24.619
44.1905
46.1619
18.2857
31.9524
45.619
11.0952
22.5238
38.8952
26.781
30.3524
88.4571
6.38095
5.78095
40.5619
27.8952
16.419
47.2952
22.0952
14.9524
49.819
9.09524
12.7714
45.9048
36.0476
10.7619
48.8857
15.981
28.581
58.1619
25.7429
16.7143
10.1524
20.9524
8.4381
65.4476
41.8571
10.8762
42.0571
15.9238
14.4667
61.2667
39.5048
28.8571
41.4095
58.9333
16.381
45.8
7.5619
28.8571
43.8952
67.1429
26.4667
41.7238
50.2095
47.7429
8.09524
33.8571
31.8857
36.0857
40.6095
31.6381
27.3905
22.8952
30.7238
25.1238
14.8571
37.8
20.7714
36.2
9.94286
22.2
17.9905
16.5238
35.2952
27.8667
65.3143
13.4
10.4952
63.1143
31.4
18.181
60.1143
17.1429
43.219
105.381
86.181
25.5714
30.0762
21.419
49.781
20.4381
24.2476
36.1238
13.6
11.9714
23.0571
25.3619
32.3048
51.1905
49.6952
47.8476
14.5714
22.6857
23.7524
39.3048
39.3714
38.9048
46.3333
33.2571
9.01905
41.8
29.2857
67.3619
52.7905
39.3524
50.4
47.9714
23.7619
34.6
37.8381
22.3429
60.781
37.0476
20.8952
49.2381
59.9333
38.1238
10.3143
33.4667
20.2857
37.6
45.4857
52.0286
57.5619
8.01905
36
14.7048
41.2476
37.3333
60.7429
30.6286
30.0571
6.62857
13.5905
33.4952
40.2762
13.7238
39.7333
37.7619
74.6286
22.6857
43.0095
31.5714
59.3714
12.0381
17.9905
13.5619
43.5048
80.019
24.781
17.0476
13.3238
38.6476
28.619
17
30.9524
6.27619
25.3524
19.9524
5.62857
17.4476
21.9905
16.981
55.2762
45.3238
44.2
30.4
11.8667
22.0762
23.181
67.4952
32.5619
85.6857
18.1333
8.04762
56.8095
17.019
32.6667
25.6667
41.7714
33.3524
22.4286
44.581
34.0857
92.0381
17.6571
42.9714
20.7524
8.09524
45.8381
45.6476
76.1333
21.6095
17.3048
36.1238
52.419
37.4286
54.4476
8.2
46.6286
23.6095
62.0762
19.5905
31.8
44.7333
44.7619
55.1905
32.8381
10.4095
24.2095
51.7714
26.0476
33.6381
21.181
6.00952
17.819
20.4286
40.7619
56.9143
41.7143
35.1524
44.6095
30.2476
38.6
12.8381
22.3905
23.8857
16.9333
22.1143
16.819
6.77143
12.8667
6.51429
11.0286
15.0095
9.34286
29.5524
17.5143
72.7048
32.5238
45.3714
8.70476
40.1048
25.0095
32.5524
27.1333
70.3048
11.2476
11.7524
11.0286
45.7714
34.1048
24.8381
12.7619
43.8762
46.3714
23.6381
30.6667
42.9905
26.0952
17.0095
67.7619
20.1143
15.8857
10.581
40.5524
34.6762
43.0476
42.1333
29.3619
96.419
28.0952
45.9143
18.7143
7.18095
27.4476
31.6762
22.181
20.5619
8.55238
35.9524
41.4571
13.7905
20.0286
29.6
29.5619
21.4476
21.7143
11.7143
31.7714
31.8381
9.07619
43.7048
52.9048
34.6
28.6952
5.7619
19.5619
31.7714
105.267
33.6286
7.75238
7.19048
37.7333
16.4857
23.0952
13.6476
55.6762
56.1048
61.6857
55.1238
48.219
8.77143
59.1905
9.4381
15.381
53.4667
22.0952
28.8857
47.3905
46.0571
4.42857
18.9048
12.8857
40.0571
15.2476
15.8
23.219
9.00952
7.37143
7.52381
60.3429
30.3143
25.2667
24.4476
26.4381
31.381
16.3333
15.0286
13.7048
36.0762
15.2476
11.0667
18.6
31.3429
58.1714
31.4762
32.3333
78.9714
10.9048
49.5333
59.381
60.0857
35.9143
25.9714
15.6286
26.9143
56.1238
43.781
12.4286
10.7143
23.4762
74.2857
13.8571
12.9905
24.6476
50.4286
9.11429
57.3905
48.819
14.9048
22.4095
78.2476
26.3714
17.0952
21.6571
44.4476
12.5238
17.5333
33.2286
9.18095
23.4095
52.2857
27.6
32.1238
9.64762
42.2857
21.1619
26
18.7238
8.49524
23.8095
14.8286
12.5143
34.219
60
18.1048
33.4857
50.2286
44.3048
22.7048
9.21905
9.48571
12.9905
23.381
28.7143
14.4762
16.8952
27.8381
23.219
9.61905
45.0476
10.1048
11.7429
30.8571
10.4667
35.4762
8.62857
26.1238
9.29524
28.7619
17.9905
18.4952
117.467
44.1619
36.3524
46.9143
21.7048
33.381
47.3429
64.4857
41.3333
35.4476
42.419
43.5714
54.2381
45.581
31.4286
33.2762
13.6667
16.9238
11.8476
32.6286
86.3238
31.8762
39.2095
39.0762
13.8
46.3238
7.80952
37.2476
5.54286
17.6476
29.7429
52.9143
9.77143
19.7905
27.181
14.7619
24
22.9238
48.0381
34.2857
16.6571
27.2952
10.8952
37.1524
50.5905
77.9333
29.3714
40.619
21.6952
14.0952
72.019
16.3524
22.3619
27.9143
30.3524
8.09524
49.781
16.3905
21.3143
33.2762
9.44762
51.3524
34.5333
56.7524
48.2857
58.3429
31.8762
34.6571
50.0952
32.4095
19.2095
47.8286
24
29.219
17.2476
37.0095
31.8
9.01905
34.6476
23.4571
43.1333
39.8571
12.6571
52.3143
36.2286
56.5429
48.419
23.581
61.7143
25.4571
30.0857
12.3333
47.3905
52.4952
55.2476
40.2571
12.5048
30.6857
22.4857
50.5619
19.1238
36.2095
15.2952
22.0857
29.3238
28.2571
46.7429
9.62857
37.0381
13.5238
51.1048
9.94286
48.5714
28.1143
21.7905
19.9619
17.2286
41.1619
33.1905
66.8381
52.5048
15.7238
34.4476
12.8762
10.0286
8.99048
32.8
16.3048
9.45714
53.3429
34.0857
29.8952
31.7714
15.819
23.8286
30.3143
10.7333
24.3238
7.40952
25.2762
59.3905
38.7714
67.1333
47.3429
18.6571
45.9714
10.7714
12.6
6.54286
24.0286
17.0095
41.1048
48.7524
50.1238
33.8952
41.1143
8.70476
24.2286
27.4381
50.1905
42.4952
25.1238
31.5333
14.5714
35.0571
27.4
22
45.5619
61.181
24.2
34.3048
9.70476
5.74286
46.2286
35.2667
32.5714
34.9619
20.1619
26.5238
24.3619
65.1333
42.4952
7.21905
49.5143
77.1429
26.7905
35.2286
96.2381
31.8381
24.8952
22.0571
24.3143
18.3905
54.9524
17.0571
40.4571
40.7905
56.3238
9.61905
21.6476
9.8381
34.7048
11.2952
24.1048
5.34286
53.6286
13.4857
88.3333
22.8857
27.9905
30.2
9.99048
24.981
25.0476
16.1619
12.9619
47.8762
22.5524
7.4
21.2286
23.0952
17.7048
33.9619
35.3333
17.1714
48.181
32.8476
11.4095
40.9048
12.581
58.2381
22.3333
25.5714
46.5238
42.2952
37.6571
37.2476
20.4
10.181
40.781
27.181
15.2476
19.3524
17.0286
33.8857
44.9238
72.5143
33.3905
16.4286
50.0571
74.6
27.2476
13.1048
53.2667
16.6095
36.9905
72.8476
34.3905
63.7048
45.4381
24.5714
17.0762
29.0381
8.27619
31.0762
43.6286
31.6095
15.7714
32.0286
21.3429
45.7524
12.2571
41.8857
34.3143
8.15238
50.9429
20.5238
31.7048
41.781
15.9905
25.3905
40.3524
20.7619
20.9714
56.7714
17.2762
11.019
22.8857
10.8952
67.1048
27.7524
62.2381
46.219
14.1048
28.6667
42.8667
18
42.9714
21.4667
49.2762
40.6857
51.8476
6
23.8762
21.5905
32.3619
24.4381
37.7333
49.4286
38.4762
8.54286
43.5333
20.381
64.0476
52.4
26.8095
59.4
25.6667
27.0476
27.1905
38.8571
14.6857
42.9905
11.7429
21.9429
11.7238
45.9714
19.0952
14.8762
45.8762
56.7619
45.981
18.8952
13.219
52.4571
34.7429
58.6381
55.2857
28.2857
26.0762
20.3619
49.5905
34.8
39.0476
4.53333
7.68571
12.0286
65.4762
10.0286
55.9429
33.8571
9.00952
22.5524
29.7905
34.2571
45.2
11.6667
15.1143
72.0952
7.34286
14.6286
35.6571
43.181
20.1429
34.0286
43.6381
55.1429
76.3048
35.219
56.4381
30.0476
66.4667
39.181
8.3619
58.1429
44.9905
10.2667
7.37143
22.1524
18.9619
18.5619
12.9238
15.219
4.85714
52.6952
41.5524
29.981
56.3619
25.781
33.2667
5.4
45.3714
55.6952
24.0857
10.6286
43.6381
28.3143
34.1238
35.2857
57.2
36.6
29.019
26.8857
6.49524
8.45714
37.7333
30.4381
27.3429
22.6857
5.04762
11.3143
80.5429
18.1714
21.2571
32.2762
77.8286
20.019
12.0952
40.4667
5.9619
8.77143
41.9333
7.62857
13.6095
5.18095
24.9048
12.6762
34.6857
17.5429
33.6762
51.6286
16.419
7.4381
52.1143
57.0762
42.2
14.0571
28.0762
45.8476
30.581
52.2095
40.381
26.4667
7.57143
51.0667
59.7619
20.8476
27.0476
28.4952
8.95238
16.6476
10.3619
13.4571
8.33333
43.6571
22.8857
8.93333
23.5238
57.8857
37
9.90476
69.1714
29.5238
18.8667
61.4762
34.3429
44.2952
25.4952
11.6476
40.5524
34.9143
27.819
64.5714
6.26667
42.5143
46.9238
5.50476
26.7238
64.6667
55.0476
6.29524
22.7429
24.2381
25.4
20.1238
42.5048
28.1429
70.2476
39.2
56.0286
25.0095
62.8
34.9238
21
8.26667
29.6762
56.1619
18.8286
14.0381
60.181
43.1905
40.6286
12.4286
12.1143
70.5048
25.7048
56.0286
77.2
20.4476
14.1429
8.67619
36.6857
49.619
15.1905
42.4571
15.4571
25.4095
49.6
32.981
62.1048
68.8381
44.381
38.4095
35.7524
22.9429
58.0952
16.7143
77.4
16.7619
27.6667
14.7238
37.3238
30.1524
9.69524
42.9429
22.8952
19.2571
8.9619
66.2381
6.28571
10.0571
16.8952
25.5143
43.9333
72.1524
29.9048
21.9238
38.1714
21.7429
14.0476
24.4
36.5524
29.1333
13.3429
53.2952
5.46667
17.9333
68.4762
33.5619
25.1524
21.1619
21.1048
26.3429
12.5429
12.9524
17.0952
12.2
45.8952
56.7714
16.7524
26.4095
71.2857
53.5524
52
28.8286
10.8571
21.181
23.9714
19.819
45.9524
34.1714
48.1619
47.6952
13.8286
17.4571
53.6857
57.8762
19.2762
15.5429
18.3524
26.5524
38.5524
21.5048
27.0571
32.8381
32.219
41.381
22.7238
69.7143
23.7714
14.4476
40.0095
13.6952
43.4571
13.6286
57.0286
33.9048
29.8
31
22.4667
56.1429
31.1905
5.09524
15.9619
33.7238
16.7619
34.5333
56.5048
13.6
25.619
26.1238
21.1333
20.2286
16.9048
46.581
20.3714
10.6667
15.8952
37.6381
47.781
7.37143
89.6476
41.1143
31.2857
35.5429
7.60952
30.7143
5.01905
37.0571
42.4095
57.7619
57.3333
52.5333
18.9429
15.8762
29.5524
55.9238
20.5905
57.8
53.2381
27.8571
19.5905
68.9238
51.0571
13.981
49.4095
45.6
18.1524
49.1143
46.981
23.9333
66.781
11.6667
20.2
28.1429
16.9429
49.6
12.8476
57.7333
31.6667
38.4952
63.219
66.9238
47.1905
14.619
27.5714
14.8667
16.2571
20.5238
67.3619
39.2381
7.82857
21.8952
38.619
15.1714
19.619
13.3619
20.7238
43.7524
37.7524
16.1143
5.01905
31.4286
9.66667
26.5524
14.2667
39.8476
24.5048
45.8667
49.4286
16.981
18.5333
48.4667
12.6286
27.0857
25.2952
29.7714
31.6571
86.0095
46.6667
5.51429
59.8095
25.7905
14.5143
16.4476
26.1143
41.4762
18.4095
27.4762
16.981
74.8286
18.6952
13.2667
19.9619
74.5619
81.6857
14.8667
34.8
25.1619
76.6286
33.1333
31.2381
7.69524
44.5238
24.581
55.4571
19.8857
13.6571
43.2476
23.3143
79.419
13.0762
17.5524
111.171
16.4
78.3143
30.419
25.6857
41.2667
27.6381
9.73333
48.2095
60.2286
9.12381
63.981
6.92381
18.1333
45.7619
20.1048
6.33333
59.819
33.5619
39.6095
34.6952
19.8571
48.9619
76.3333
17.4667
22.819
8.70476
5.89524
8.55238
30.6857
73.3619
12.9524
43.0381
34.8857
26.9143
14.7714
57.619
11.5048
31.1524
49.1238
8.67619
42.9714
17.4381
37.4667
9.19048
31.1905
56.4476
52.6762
34.3048
12.419
9.64762
41.7048
24.5429
44.2286
53.6095
38.2
62.3714
43.2571
24.6286
30.3619
29.5429
48.0762
42.1429
43.7143
19.5619
27.6952
27.981
13.4667
51.4476
44.8667
52.9714
41.1619
34.2381
18.619
69.9048
44.0952
39.181
28.4476
22.4476
12.3524
170.514
11.3714
12.581
51.8762
22.9905
21.981
33.181
59.7714
13.8381
51.8
50.9429
8.22857
15.1429
50.581
7.99048
6.1619
30.9714
56.4381
13.181
22.3524
47.0095
37.6857
85.8476
52.4571
51.819
7.77143
23.019
15.4381
51.8571
30.5619
66.3524
29.3429
5.60952
19.6571
19.6952
17.5048
7.89524
9.08571
10.8476
21.4095
60.2762
45.6
5.68571
34.6381
37.7714
24.6286
21.2762
50.9143
9.89524
22.8762
6.62857
50.3619
44.5143
61.2762
26.6667
20.5524
52.8762
38.5905
71.2476
15.5238
25.3905
46.3905
35.2476
12.8667
5.7619
17.7333
29.4857
25.0857
44.5238
55.419
33.419
26.0857
26.8762
6.29524
37.7143
37.5524
17.019
23.7619
42.3429
27.4667
36.9619
10.4667
12.5429
22.5333
39.1429
48.5333
5.93333
33.8
53.3429
50.2667
26.5714
68.8286
41.8
5.90476
19.5429
67.8476
64.3524
16.7714
51.5048
54.2
21.0286
25.2286
23.8952
29.3524
43.2476
34.4762
30.3619
37.9905
46.1524
53.1333
13.8095
16.1429
18.5714
43.9238
40
27.781
50.4476
19.9429
14.6857
34.819
27.2952
15.0286
6.8381
14.019
24.4952
38.781
32.7905
9.72381
33.8571
32.4571
23.6
20.2286
27.7048
28.5333
7.3619
35.5619
29.1238
5.57143
22.9333
49.4571
51.3524
27.0571
11.9143
15.3238
20.5619
19.4286
21.7143
37.9429
29.6762
26.0952
36.7143
27.3619
24.4476
32.2857
26.3905
6.7619
29.4286
16.9524
74.2667
24.4952
23.2571
9.21905
6.29524
32.9714
7.59048
61.8381
41.2571
31.6476
32.1333
16.0667
53.5714
11.4
27.0571
13.7619
35.8952
19.8667
11.2571
25.1048
49.5143
26.8667
25.5905
12.3524
13.5238
8.29524
18.0381
18.9905
36.7143
19
14.5905
58.9524
37.3048
47.7333
47.3333
48.0667
35.5619
47.9619
29.8476
67.8286
14.4762
44.9143
45.1905
20.1048
21.5619
17.1619
18.1905
6.55238
41.0095
6.32381
41.581
9.26667
22.1524
43.5714
23.8095
48.8381
24.6952
10.1429
17.419
40.8381
10.2381
19.7143
18.8476
25.1238
24.7238
24.4286
5.65714
40.5238
32.0857
6.55238
13.1619
15.1429
32.0952
57.5048
25.7905
62.0381
39.1905
24.3333
9.44762
19.1333
14.9429
6.82857
41.0476
9.21905
33.9905
67.7333
37.8857
53.1619
22.9429
15.181
77.019
6.66667
61.1619
44.9048
27.8571
24.5714
50.3619
31.5714
36.7333
14.7429
11.019
44.2857
6.54286
49.1238
8.5619
26.7524
35.5238
36.9524
51.7429
71.2
67.0571
16.6667
23.8952
26.7238
51.8095
10.0286
8.4381
47.7143
37.981
7.72381
12.8667
5.19048
17.8952
57.2381
56.981
13.3714
24.1905
9.01905
56.4667
48.9333
11.4095
9.38095
11.9143
35.219
30.1333
63.8476
44.2095
12.9714
44.7048
70.6381
9.9619
42.6381
12.6381
28.9429
38.2667
8.11429
119.343
19.3143
47.1524
53.7619
14.2857
7.04762
80.8286
25.819
18.4571
90.0667
22.1619
12.4286
40.3048
22.3048
9.94286
58.6952
14.6
30.7429
13.0476
33.5619
22.4286
14.5143
26.6
44.4286
28.8476
40.4857
76.8857
22.7524
29.4667
102.848
22.3333
43.0095
34.4476
18.9333
6.41905
10.9333
24.1714
38.5429
9.62857
61.2095
40.2571
21.1333
17.9619
5.39048
14.619
21.9143
40.2952
47.3048
16.1143
16.181
44.3143
43.3714
21.6857
29.9048
21.781
62.4667
13.4952
20.419
42.3143
46.2286
52.7048
51.5905
18.4381
30.0476
22.3238
48.5714
12.5524
12.2762
47.2
23.7238
38.3619
27.6762
53.8476
32.7905
19.5333
20.7905
53.9905
4.26667
30.1905
72.7333
52.3905
33.1619
27.819
65.2667
56.419
29.1619
26.6667
10.9905
34.2286
19.4667
20.0762
36.6762
29.019
41.1524
19.4762
25.3143
39.0095
50.4476
29.2381
40.7048
16.0571
20.5524
44.1524
13.6667
28.0286
9.24762
51.8667
4.90476
57.8
42.4476
13.4095
14.6286
9.11429
47.6
23.9714
70.1619
10.581
28.2381
7.71429
31.5143
39.4286
34.6286
9.49524
29.3333
20.0952
40.219
56.2952
60.019
51.3429
21.9048
10.619
29.181
69.9714
9.46667
72.2857
46.8667
19.5524
77.6667
32.0095
16.1619
12.2762
77.0476
21.1143
24.4286
7.7619
38.4952
14.1905
20.5429
5.17143
53.8667
61.4857
51
10.9524
7.6381
50.5333
91.5048
26.3238
31.3714
25.9619
69.1429
34.1619
17.6571
18.5619
43.0571
11.1429
7.97143
29.6095
29.0667
59.4381
64.8952
63.6476
6.22857
14.5048
68.9905
12.1333
49.4762
26.2667
39.2857
14.8381
76.3905
47.8857
56.3429
5.72381
29.9143
43.3429
19.1143
21.4857
47.3714
40.1429
22.9333
29.4381
69.419
79.981
16.1905
27.1333
21.1905
11.0952
30.181
43.7238
38.1143
16.6286
11.9238
28.5714
29.5714
20.5905
11.2
17.1524
25.219
25.381
17.1714
18.1619
33.0286
24.4286
51.4857
14.7333
24.5905
31.819
34.619
44.0667
45.4857
33.0381
8.06667
79.4667
21.8286
48.2952
14.0667
13.8476
14.2571
27.4952
30.2571
22.4286
20.9524
58.7333
14.5333
6.5619
29.3238
21.6476
11.9714
5.67619
18.4667
24.5143
36.781
10.5048
56.4095
22.9429
18.8095
11.5429
22.5714
21.8
41.5619
25.8667
17.5333
40.4762
19.0857
8
16.0762
34.6286
28.7048
47.6095
9.4
8.13333
8.46667
40.4286
21.1143
20.4
41.4762
24.5714
18.0095
19.7238
20.2952
19.0857
46.381
34.819
5
6.9619
10.981
14.419
20.9238
41.6476
20.3714
34.8381
67.5238
29.4857
23.4286
51.8952
19.7619
47.1714
15
30.0381
15.1048
30.8476
12.5429
55.2476
12.4095
12.2381
20.5524
41.9905
7.40952
8.68571
28.6381
36.8286
36.8095
20.819
79.5048
78.9429
40.1048
6.7619
21.181
43.4381
10.7905
17.5238
17.1238
33.5048
43.6571
10.6476
12.2476
13.2286
19.7238
22.5524
85.019
41.8857
15.3143
44.3714
23.8667
51.3619
11.2286
14.4762
35.2095
18.3524
9.62857
17.1619
33.9238
9.19048
18.1429
37.4857
29.6286
35.6952
45.9238
20.819
42.4
52.4476
21.9619
24.2095
12.8095
10.5143
34.2952
59.9524
8.66667
36.3143
56.2476
46.6095
25.3333
10.4
17.8952
20.8095
27.2476
58.4381
7.26667
39.0095
58.1905
13.4
10.019
9.38095
35.819
28.4381
15.0381
39.1333
39.0571
36.8286
5.65714
52.7524
78.3714
18.7619
44.8571
33.419
8.72381
254.362
10.3333
31.1048
17.7143
38.5143
64.7143
16.1048
24.3429
12.0571
10.2
40.3905
12.619
58.6286
11.1524
43.7429
91.9429
20.5429
46.7619
10.6381
42.5905
17.1143
10.381
30.7048
22.8476
38.2571
8.90476
41.3238
65.0571
48.7333
57.8095
53.4857
83.5238
64.6476
43.9333
34.181
17.9333
60.3143
37.4286
44.219
26.4095
50.4762
48.0476
22.7048
42.2095
26.1714
17.9143
35.219
44.7905
8.88571
12.8095
10.2857
43.0857
28.7143
8.04762
48.3905
20.381
41.6571
45.9333
52.5333
30.8095
17.9048
19.6762
21.0286
10.3619
22.4857
57.7905
8.21905
18.3619
44.381
32.7143
32.1333
10.9619
16.1714
8.77143
21.419
40.7333
55.4
29.1619
14.7905
80.2667
45.1333
24.0952
14.1143
10.6667
12.5524
25.8571
65.6
26.6286
48.4667
78.0571
27.4095
23.6952
26.3333
14.7333
67.6571
61.1524
30.8762
28.1619
11.8762
41.8095
10.5048
10.6286
44.9429
35.8667
19.2381
7
37.1238
44.2476
19.5048
21.4857
25.8571
21.7714
9.34286
19.3333
24.0667
7.6381
23.0857
29.381
41.4857
12.8095
43.5714
8.52381
43.9333
35.7905
49.619
46.1333
33.5238
41.2667
21.9524
67.4762
47.8667
17.581
31.5238
9.39048
39.9048
38.819
30.7333
38.8
40.8476
37.7238
18.3619
40.0667
44.0857
16.7619
28.3905
41.8762
28.9429
26.6476
10.5524
18.5333
11.4
56.1429
6.57143
22.3619
38.5619
11.9143
12
49.2
15.4286
36.1714
38.4
10.8857
38.5048
14.8286
23.2476
11.7905
35.8857
27.2
41.0762
27.2381
33.3238
37.9333
36.2571
52.4381
29.5905
18.4381
5.91429
65.9905
52.4762
19.2381
9.20952
16.8
21.219
45.419
35.1143
32.1333
67.8952
9.54286
42.0286
8.7619
14.5619
21.2762
11.9619
26.8762
11.3619
56.5429
26.9143
11.8381
28.9524
30
30.0381
10.019
37.1238
23.1048
13.781
32.6952
56.8571
21.9333
33.4
4.95238
60.7714
15.8667
64.2476
7.84762
48.3429
27.4095
60.419
15.9048
54.2571
46.2667
13.6476
30.2571
14.1333
32.0857
39.581
6.1619
10.1143
14.3714
28.0952
42.5048
29.9714
16.3143
29.1619
10.0286
33.1714
53.8762
19.419
50.5143
16.4571
33.2571
18.7333
14.5238
25.4476
58.1143
19.5619
49.6476
10.6095
13.1619
20.5524
13.4
60.1048
12.7905
34.2381
51.9048
14.2381
25.2286
19.9619
12.6952
14.7714
35.4476
15.4381
49.1048
8.75238
44.419
16.7143
66.8857
53.4857
45.5238
32.1048
26.3333
39.8286
32.3714
62.1143
64.1619
8.34286
34.1905
9.69524
32.7905
51.419
30.5524
16.5714
19.5524
59.581
60.9524
30.8667
13.4381
26.6286
55.8095
20.1333
35.1905
70.5143
21.019
30.7333
37.6095
11.8762
44.0571
22.0571
24.9619
37.3238
23.9905
38.3333
32.981
31.5619
48.2857
21.1429
20.4095
9.1619
15.6952
16.6095
27.1524
90.9048
35.6762
12.1714
17.1429
56.1143
28.0381
54.1524
41.8476
23.1714
7.15238
41.9143
59.9333
55.3905
68.0286
29.3524
36.7333
27.2
32.9143
43.2571
24.2857
74.2857
43.2
46.0952
68.9714
21.4667
17.6571
11.2476
40.9429
18.3333
5.3619
24.3905
22.9714
74.781
28.2381
23.3048
35.0762
58.5143
11.2286
28.7619
30.1714
21.4952
27.9333
32.619
54.2952
82.0857
34.7143
22.1714
18.7714
14.9524
40.5048
29.219
14.5619
28.4095
22.381
28.6762
12.3619
39.381
54.8571
30.6476
52.6
40.3333
12.4857
40.3048
22.4
25.2762
38.781
24.4762
50.2381
35.3429
16.0571
40.381
33.8095
20.1429
59.9048
13.6286
94.7238
19.4857
41.4762
43.1333
25.5048
15.7524
16.9714
16.8762
24.7524
12.2857
22.1048
9.50476
54.5429
14.2476
31.419
32.6571
31.9429
19.8
13.1905
9.98095
74.6857
12.6857
13.4286
12.2952
38.1333
8.84762
59.181
23.3524
8.6
17.0286
42.9524
27.581
30.8952
79.2286
23.7238
71.4857
25.0381
19.0476
31.9524
20.6286
13.3429
39.4667
43.6571
17.2952
29.8571
9.93333
56.5429
54.4476
44.7143
18.9905
18.381
21.1429
10.1048
9.42857
25.0095
9.61905
23.4667
64.8
27.6
19.4095
49.819
11.8095
12.8857
54.0667
53.1143
25.7714
25.1143
30.8476
9.60952
58.819
9.6
21.6095
62.3905
39.181
35.0381
6.66667
12.6095
8.30476
10.3238
6.21905
44.6476
12.981
26.5333
21.6857
19.2762
7.92381
24.0571
24.3238
8.2381
27.8
50.4095
33.0571
24.6286
8.72381
15.819
29.6952
9.66667
42.8571
26.4095
39.9143
28.7905
34.4476
54.019
32.7333
65.5619
43.5143
92.0571
41.2571
21.5714
40.8571
55.1429
48.9143
33.1905
28.3238
117.81
21.3143
24.6286
19.0667
24.6571
48.5714
18.8
23.6476
11.819
34.6571
58.1714
8
15.981
54.8286
34.4476
57.581
33.0857
56.1333
31.9048
80.3238
13.581
15.9429
15.4762
31.219
36.5619
65.5905
35.0571
61.5619
30.3524
45.1143
12.4762
4.6
14.3714
36.6381
20.3524
30.7619
23.6571
45.019
26.9238
37.4952
70.6952
30.8381
52.8
34.5619
66.5714
59.7143
31.5048
39.1714
49.6286
58.2476
31.2571
52.4286
7.6381
37.6
8.2
40.419
80.5048
23.5048
28.619
31.9714
12.3524
27.5714
21.3333
15.9429
10.3619
20.3238
59.581
26.3524
35.4571
23.981
17.0095
47.1524
6.72381
16.6571
31.3524
21.0286
27.2667
31.4762
41.5333
72.219
26.9238
39.381
33.6571
30.1143
14.9333
10.3238
52.7238
46.7524
41.0286
7.46667
16.9238
37.4476
54.3714
19.9429
21.4286
34.7429
57.981
14.2286
27.3048
30.019
34.6571
20.4667
8.71429
43.8667
35.219
7.31429
10.5333
6.33333
34.4
10.9619
44.1429
46.6667
12.3143
69.7048
32
29.1238
12
17.4476
36.6
53.9714
47.4857
33.9333
39.9524
11.2
38.6952
57.7524
15.1905
19.8
30.7524
8.57143
40.2476
37.4667
20.1238
79.3429
62.581
35.8
29.6476
32.5524
7.0381
13.0857
8.12381
40.9333
7.77143
49.5238
24.3143
12.1619
20.8286
27
32.2857
18.7143
26.8286
7.18095
35.5619
33.7714
40.2857
30.5333
21.5048
10.0857
20.6952
53.781
61.6286
5.27619
69.8286
22.2857
16.0762
37.4381
13.4381
21.5905
23.6381
7.2
59.8
19.7905
14.7238
23.8
6.73333
29.2762
26.9333
40.7238
25.5143
18.6381
39.0667
38.5333
52.581
33.219
6.08571
35.8762
13.4571
6.75238
26.1429
26.8
41.181
20.1905
39.381
11.5524
30.7429
67.019
50.4952
11.581
46.6952
41.8762
71.8381
31.4857
15.7714
29.9333
57.7048
10.1238
51.181
9.82857
26.7619
25.2857
17.3714
59.1524
17.9333
39.1048
51.8476
4.80952
41.8476
44.2667
33.1143
43.2952
18.9905
9.0381
15.0571
17.8571
35.5333
21.2095
22.1429
20.9905
26.1905
8.37143
13.9143
25.3714
28.9619
23.0286
79.8286
17.5524
6.28571
49.2667
8
15.5333
40.0476
28.8571
54.2667
9.1619
32.7333
17.4476
13.0095
84.7048
74.019
15.5619
14.619
30.1619
27.8095
33.619
38.9048
7.4381
16.1143
7.86667
56.8857
22.6286
47.0952
14.3143
76.2381
13.0381
22.6952
23.3905
100.143
56.8095
36.6667
12.9333
11.2381
15.3143
7.85714
76.4286
40.4381
51.2571
29.981
21.4857
46.5905
40.2857
19.8762
24.4476
72.7429
36.5429
12.7048
22.7333
44.219
59.8952
24.7714
29.0571
25.7714
55.4286
48.6857
61.8762
64.6952
14.5238
28.3333
58.0286
28.0286
26.819
9.42857
22.2667
8.18095
22.2667
16.8857
45.1619
8.35238
36.0667
66.1619
15.0571
79.6381
19.7048
38.8381
10.5143
19.2476
35.1048
13.1905
17.2667
35.7429
69.4762
18.2571
41.9429
41.8381
54.6381
42.7714
65.3619
7.8381
16.1238
39.3429
41.581
28
9.78095
19.5333
12.9905
14.7048
9.9619
10.2952
32.9333
14.2762
43.419
10.0667
49.1714
37.3333
37.0381
25.9714
35.8857
58.1143
21.8381
13.8762
47.2476
17.7143
34.6095
8.7619
8.27619
30.619
7.22857
14.9619
25.0476
46.1619
36.6286
35.1714
79.5143
17.4381
41.1905
38.8476
42.6095
51.3238
40.3619
41.9619
86.6667
36.0571
13.8857
20.6381
33.0476
43.2667
39.3905
59.781
26.3048
19.6762
55.8286
51.6952
33.781
22.5143
40.2857
37.4476
41.0381
27.9619
35.5905
51.0857
6.13333
47.1048
8.50476
35.3905
31.019
18.6857
12
33.4
22.1524
37.9429
61.1619
17.0857
30.1429
63.9619
59.1238
52.6
49.2857
16.219
17.5429
6.41905
34.0762
54.2857
9.8
37.819
117.99
78.5714
81.9238
38.5429
22.5429
28.0952
28.2762
20.9048
18.8857
9.18095
18.5429
13.4571
11.6
16.419
31.1143
33.6381
57.3333
47.3429
9.42857
10.2667
30.3048
31.2857
9.13333
8.97143
28.1238
45.5429
57.3714
34.6571
37.3524
39.3714
34.5333
48.181
32.0095
40.419
52.8095
39.4
89.6762
31.4476
14.3714
13.2571
16.1429
28.5333
46.3619
23.2952
64.4476
39.8095
23.1524
25.981
36.5333
23.9714
9.88571
20.4095
9.5619
7.64762
23.1429
12.1238
6.33333
15.2
46.1238
53.781
28.381
21.3905
6.64762
9.05714
17.4381
15.1619
28.1048
40.2286
7.19048
53.4381
25.9238
17.619
19.9619
9.08571
79.5905
29.5429
68.8095
26.2571
34.6857
49.0381
23.6381
31.8381
45.6286
57.4762
36.5048
32.0667
10.9905
46.8571
50.9714
6.73333
50.9238
49.3619
15.7238
18.7333
14.3905
10.2857
20.7524
34.5238
37.5619
20.6095
18.2762
19.5429
67.0571
36.9143
29.2857
17.4952
56.3524
10.6
23.8476
40.0286
16.2857
6.91429
10.3429
40.2286
27.5143
27.0667
23.2571
36.5143
29.3333
20.1238
12.1524
9.92381
31.8
31.6857
45.4952
29.4
15.4
18.0286
23.0952
50.8381
29
7.80952
21.6476
43.8857
6.38095
13.0952
36.1429
9.27619
12.3238
24.2952
20.9333
45.7143
33.2095
21.7238
51.3143
25.1048
41.2476
15.4857
40.2762
21.1238
9.61905
16.019
10.8
15.3905
15.9048
19.6381
15.6571
77.6476
33.9143
32.1238
53.4095
64
19.1429
75.819
26.3333
45.9048
58.0286
25.819
58.3429
42.9905
17.2952
34.181
59.0476
69.4667
91.4952
16.3333
31.4762
33.7524
26.3333
45.981
16.9048
16.9238
13.3333
56.9333
28.8571
10.9905
30.3905
19.3048
11.8286
28.4381
38.0476
28.6286
65.6095
38.6381
9.79048
18.1333
14.1143
27.7238
19.2
48.4
37.1429
75.8667
65.3238
32.2381
17.3333
9.42857
27.9524
23.5048
17.3905
33.2095
7.87619
21.8857
26.6286
19.9524
29.2571
7.3619
42.4
22.6952
87.9143
43.181
72.3524
28.8952
13.7905
32.6381
54.8571
14.819
27.0476
43.0667
11.419
34.5048
55.1238
55.8762
7.90476
12.8952
17.0381
15.2476
55.381
44.781
43.819
84.6381
22.3048
64.819
62.6952
20.3333
41.1714
8.91429
20.6095
42.6286
12.0095
30.619
23.8667
28.9524
12.8667
6.54286
36.9143
33.2381
5.94286
22.1048
49.5524
18.4571
18.2857
48.4762
23.8667
53.381
25.1524
15.1143
62.4762
40.9238
44.8095
19.1524
22.9714
24.7333
59.3333
52.5048
45.7905
49.8762
35.3714
18.5333
18.7048
65.9048
28.981
35.0381
12.4286
7.8
10.8952
19.6952
12.1143
22.6381
10.7429
16.5905
19.0571
14.0095
45.6762
28.2
25.8571
36.4762
37.7143
42.8952
32.6857
35.9333
15.9143
17.4095
54.2
16.5524
21.8571
24.6095
15.0857
67.8476
8.87619
25.0571
34.9905
30.2762
39.4571
18.7048
25.9619
11.9048
15.5524
9.53333
14.3048
70.4857
24.0952
44.0571
39.381
19.1333
17.1619
47.581
24.8857
63.181
12.5048
38.8476
25.4571
42.2857
17.0952
23.7048
63.381
24.819
38.1619
35.419
14.8286
60.2952
46.2
36.619
36.1333
23.7619
24.5619
16.3429
7.44762
25.5238
13.181
47.2476
86.2286
10.4476
24.219
14.1905
44.381
34.3238
42.9048
51.7048
70.819
14.1429
15.1905
19.6857
50.1524
38.4571
14.1238
67.0095
18.0762
48.5048
32.2476
12.819
51.5048
22.6286
10.4762
18.5905
8.69524
28.181
38.2857
32.981
35.1143
66.5048
16.5524
35.8571
29.2762
21.7333
38.5714
41.0667
45.9048
9.29524
61.4857
7.29524
36.2381
16.381
50.8095
41.5714
21.2857
36.4857
37.7524
41.1143
8.1619
12.5238
11.3429
32.3905
10.3238
51.5714
29.0952
15.3143
61.7619
14.2381
17.7333
11.1238
24.3143
12.419
31.8286
22.3048
23.6
42.8381
29.419
18.781
30.9333
34.6
28.5714
40.9238
6.49524
27.6857
14.0381
20.2857
18.5238
10.9714
45.3524
8.70476
8.26667
29.8
14.7143
7.7619
16.6476
51.4762
11.2762
54.0857
9.46667
39.8381
13.4762
29.4286
37.5524
34.9333
17.4381
40.6286
35.9619
31.7143
36.2857
24.019
13.4095
21.7238
25.6952
9.29524
47.1048
50.6857
25.7333
9.25714
21.1905
30.8095
12.0381
35.5619
4.88571
9.50476
102.695
74.3619
45.3333
29.6762
49.4095
21.6667
6.92381
23.7524
11.7238
45.4857
16.6762
71.3429
35.1619
49.6952
15.1619
12.7333
53.781
5.54286
48.7333
23.5333
27.781
26.1524
22.3619
42.819
19.2286
9.4
9.59048
7.24762
24.1143
24.4381
10.9524
31.0476
21.2
49.5143
7.32381
31.9714
14.9048
9.60952
15.0762
50.2476
76.019
17.619
21.0095
23.4095
36.9524
52.9714
12.9143
50.0095
28.4762
34.6571
20.4381
11.2857
23.7619
52.6476
58.5714
36.2286
69.1333
16.0476
19.3429
29.4095
19.5905
38.6571
20.4095
21.2952
17.7429
28.7619
43.3429
7.07619
26.4762
8.54286
22.4952
52.019
18.5905
29.3238
79.2952
53.5143
25.6857
12.2286
13.2
18.2476
31.2095
12.0762
65.5143
60.181
15.7048
33.6857
58.3524
26.1714
29.0381
30.3524
17.581
36.6857
23.3714
56.9524
5.39048
30.7714
18.9429
19.8
25.2286
35.2857
24.3333
13.8857
6.6381
10.5619
25.7714
21.9905
5.92381
24.4857
11.7619
19.2762
17.1143
48.1619
45.2095
15.5619
43.6
9.78095
39.2
10.8286
25.9143
49.4
23.5524
32.181
14.2952
33.6381
23.8095
15.8571
16.6
18.8571
32.7905
31.3905
47.3524
22.5333
17.6286
16.7238
17.4667
27.2857
51.0952
14.7143
11.0476
26.2381
38.4857
24.7429
21.7333
6.3619
10.2952
56.9143
17.1238
62.6952
21.4762
58.2857
16.3619
32.4762
24.2095
36.0381
39.219
30.1333
74.7524
29.0095
31.5524
30.6286
7.47619
8.7619
52.7333
36.5714
21.0857
13.9905
37.4286
26.2857
16.4667
33.2381
15.9714
40.7048
28.4952
14.9714
34.9619
32.1143
40.5238
50.8762
30.5714
39.4667
8.89524
9.8381
6.0381
10.9048
47.9524
5.02857
15.2571
12.9429
11.9238
22.6286
5.27619
33.619
83.2381
14.2
14.5143
18.4476
24.4667
60.381
42.1905
39.4857
17.4857
51.7333
13.8571
39.6571
7.80952
28.3048
13.2095
12.4571
13.8286
40.0095
13.0667
45.8857
31.5048
19.3905
29.2667
20.4476
44.2286
28.5238
15.619
21.2095
41.1143
30.7524
25.5048
56.9429
20.6095
49.781
24.6857
14.5238
34.2571
55.3619
25.6667
27.4667
19.3524
50.819
12.6381
10.8476
59.381
14.2762
43.2381
10.0095
58.4571
65.3429
31.9048
40.2476
25.0762
36.5238
25.4095
37.4762
44.9238
58.9238
19.181
5.35238
19.4095
45.619
41.9905
32.7333
11.7333
48.7619
29.9429
38.6095
42.3619
55.6762
43.4476
70.2857
44
32.9905
14.3905
17.8667
39.4571
36.3048
18.5619
25.9905
17.7048
25.6476
22.0667
10.5429
43.381
5.89524
19.6095
19.3048
20.8571
9.12381
15.0762
11.7048
22.8571
45.3333
69.0095
29.4952
14.4286
68.619
57.6571
42.5905
24.181
42.4381
10.019
33.8
18.1048
20.9238
36.781
32.6571
9.95238
11.2095
45.0286
22.0095
13.9238
35.2571
16.3714
30.6667
10.3048
35.3619
27.3429
12.6095
7.59048
29.6095
34.0571
43.8952
10.9238
40.0667
5.47619
42.7905
11.019
26.5429
14.0476
31.5905
44.7905
8.77143
57.0762
8.25714
45.4762
81.1048
7.0381
9.92381
45.5714
29.981
37.8952
20.581
7.49524
7.01905
28.2
9.2381
44.3429
8.57143
49.4381
10.0571
37.3143
10.7333
27.9429
49.819
43.4095
14.0667
56.3524
50.0286
12.8667
50.2667
18.9143
12
10.4381
51.9238
66.2667
27.8476
26.381
24.7429
25.4667
8.51429
48.0095
18.3524
21.0476
44.1048
39.4476
57.0667
20.9429
17.2857
15.7238
35.419
16.7714
14.1048
57.619
48.8095
44.7524
57.019
45.3238
46.4952
31.2857
52.381
28.5714
23.1714
35.1143
8.32381
14.2
5.55238
84.5619
21.6095
33.7714
32.1524
33.3143
7.71429
19.1333
13.6
29.2095
17.981
50.4762
64.2476
25.581
35.5714
7.64762
9.12381
10.4095
19.4571
32.1048
27.2
22.5524
50.5429
37.0381
58.0667
18.6095
12.3048
30.2762
7.14286
21.5714
6.3619
12.5238
8.89524
57.019
14.9619
8.2381
10.1714
18.9905
19.3714
46.2857
14.9143
22.1143
33.1048
38.8
49.2
43.5619
36.2667
23.5238
62.0571
39.419
24.5143
11.8667
52.3429
35.819
9.47619
20.5524
4.75238
49.9048
39.0286
49.7048
46.2095
12.219
18.1143
5.72381
15.3524
18.2762
18.4476
9.8
8.41905
24.7714
27.2286
57.9524
19.2762
28.819
38.0762
23.7333
14.8762
21.3238
41.1048
18.5714
23.9524
50.9619
49.6952
12.3714
53.8857
35.1333
20.819
15.5333
26.2286
38.7714
15.1619
50.7238
73.0667
13.019
7.4381
29.1714
33.3524
54.819
57.7905
37.5714
16.819
31.7905
22.2952
44.5905
34.8286
48.2762
34.9524
20.5714
17.2286
36.9333
57.019
13.4286
14.8762
25.1333
15.0857
33.1238
21.4286
28.819
7.18095
24.3048
15.1238
16.8571
8.52381
39.8571
25.9143
25.6571
43.3714
11.1429
34.7524
42.5905
42.6286
51.4667
52.4571
20.4095
8.8381
12.1048
21.6571
27.9714
40.6571
37.3429
66.8095
45.3333
44.581
11.6095
4.72381
9.26667
19.4286
20.0095
9.95238
9.70476
15.2286
20.4
29.0762
24.5333
11.6
36.8571
38.619
14.0381
63.8476
19.0571
44.3619
20.1714
38.5238
32.419
46.1143
89.7048
46.0571
24.6095
29.4571
9.92381
29.1048
8.2381
20.4952
20.1143
11.9714
22.7619
48.0857
25.5429
19.7333
21.4762
9.91429
32.2762
11.8762
46.6381
62.4286
24.3048
23.5333
56.2
12.7238
32.6476
13.4762
22.7238
14.1524
17.0952
15.8381
27.5524
26.019
31.1429
9.1619
7.67619
30.8667
10.0381
20.6667
14.1333
6.53333
29.6476
21.6571
26.9524
43.0286
55.219
9.11429
11.2952
17.4571
37.5905
37.4095
10.8
44.581
40.2762
22.219
73.3333
12.0381
33.3048
29.1619
20.219
7.58095
21.219
4.31429
17.8286
22.8286
16.8952
45.9524
45.7524
45.019
11.4381
12.0095
52.9619
12.4286
47.8095
51.6
19.1619
52.0476
32.6095
8.58095
8.66667
50.6381
9.38095
14.2286
69.7238
53.1524
24.4
13.9524
24.5714
39.4952
24.0952
17.7048
52.181
55.6381
38.1619
12
19.4381
22.7905
57.6
12.4381
19.9333
45.4857
83.0381
23.0476
53.8095
41.9905
8.24762
31.9714
47.3714
28.1619
9.4
28.2857
12.4381
31.5905
51.6667
19.2476
29.8286
22.5905
22.2857
17.8286
43.8952
32.0095
19.2286
26.3905
38.8
22.1333
17.9048
37.5333
9.99048
47.6476
20.7143
28.2095
18.8
23.2381
6.10476
4.54286
14.619
7.81905
53.0095
29.4381
19.9333
10.7524
9.92381
10.1048
51.4952
17.4762
34.0571
14.2762
86.5429
41.5905
12.1429
16.9238
35.6286
44.0095
11
6.70476
6.3619
8.65714
22.4571
4.91429
40.1524
45.219
7.94286
65.6476
91.6857
6.7619
25.0476
32.4571
20
31.5048
25.581
14.6667
28.9714
16.4762
59.2667
24.2095
28.381
31.0571
50.1429
6.51429
38.7524
30.2762
64.5333
14.3619
90.6095
49.4095
68.3333
75.5143
18.0571
6.00952
12.0762
19.9429
9.4
25.9619
38.5333
16.019
6.51429
10.9143
17.0762
5.09524
16.3333
64.6
11.5905
11.9429
29.5143
32.581
54.0476
38.619
67.4952
26.4286
19.4
51.0571
42.5619
23.2286
44.1905
31.8476
30.9429
18.1238
42.5048
11.5238
7.86667
10.219
7.42857
16.7524
7.26667
20.8762
19.9429
7.17143
47.2381
46.8381
27.6857
27.3048
18.2571
25.7238
42.2381
68.819
20
16.7619
40.8381
55.9333
46.4
6.14286
30.4667
15.2286
63.2095
36.5714
23.3333
35.3048
23.1714
23.6095
36
20.6952
30.6381
34.981
45.8571
22.181
70.1238
54.3143
19.4952
12.8667
12.8095
32.7429
47.5333
41.3429
20.5905
46.2952
13.6476
18.3333
19.0381
30.0571
41.581
12.6381
38.4
32.5619
39.5333
34.4762
16.0857
15.3429
10.8571
36.2
13.7524
26.819
16.0667
39.2
9.78095
11.7143
6.98095
11.8952
75.8571
49.9905
21.7143
26.2952
23.2095
17.7619
16.581
53.8286
53.6571
10.9714
10.8952
32.7619
47.2952
36.2381
35.6381
24.3905
22.8476
25.4857
26.1143
41.181
29.4762
26.6762
29.0095
64.1238
6.29524
7.32381
20.8762
10.1905
15.4762
35.1429
79.3905
61.9238
26.4952
25.0667
35.7333
51.9048
11.4476
5.37143
42.219
10.2095
50.6381
14.5333
51.5714
22.8381
26.2286
33.3048
18.3333
7.57143
65.7333
31.9429
19.4952
8.11429
18.4667
10.6
11.2286
23.5619
80.219
47.019
47.7524
23.2762
20.181
9.92381
78.5048
24.3619
47.7619
42.5048
30.6476
45.9143
35.7333
49.3619
22.5524
16.1714
16.4667
120.581
35.181
53.2476
36.5714
37.9333
17.8476
35.4
17.419
56.1048
8.53333
71.0952
66.9714
54.6667
17.3048
44.0381
21.1048
25.8
14.6381
50.2571
85.019
21.1238
11.819
67.8
25.1619
35.1238
11.5238
24.6095
27.4762
77.1714
50.619
61.381
35.0667
37.6381
35.6762
14.381
43.6095
73.5238
16.981
7.55238
21.1048
21.2286
57.9905
25.5143
12.2
15.2
9.46667
7.64762
12.5714
18.2476
28.7333
19.4857
42.2667
10.5333
29.8571
18.5905
17.5429
18.2952
50.4476
12.4667
28.7048
6.53333
17.4095
41.9905
10.8667
28.381
15.0286
53.1143
17.7048
45.781
14.6857
52.6095
5.12381
36.4762
15.0476
6.59048
23.6476
50.2952
42.8667
20.6476
64.5048
24.381
80.6
22.4857
29.1619
5.66667
9.26667
8.42857
14.8857
63.2286
15.6762
57.5048
16.5429
9.0381
53.5048
39.6952
14.1619
73.3048
19.6571
15.3429
30.8857
40.4
9.17143
16.181
24.9143
10.3238
22.2476
19.3143
34.9143
29.7048
14.3524
12.5619
11.6381
14.3619
36.6286
28.0952
25.4571
42.8952
35.1524
16.3714
9.19048
27.7333
73.8762
31.219
30.7333
17.1238
16.4857
49.3048
47.8762
16.9905
21.6667
9.28571
41.4952
5.14286
86.7238
46.7524
17.6667
37.6952
10.7619
33.0381
9.50476
7.05714
36.7429
59.2667
37.8952
48.6667
9.06667
18.2667
23.181
13.8667
45.2762
48.3429
22.6952
30.0286
12.8952
31.0476
14.9619
40.6667
16.0667
25.1714
11.181
5.59048
10.4095
10.581
21.4476
26.9524
30.7714
62.2381
13.7619
9.18095
13.0571
23.981
15.6762
6.50476
18.2571
13.2762
20.9524
16.0952
17.7429
8.31429
6.71429
41.1524
22.3619
16.2381
17.0095
25.2381
32.2857
9.77143
14.5905
50.3238
13.9048
62.3143
21.781
35.4762
28.3333
49.419
58.9333
51.7429
22.0952
21.9333
53.8476
36.619
26.9619
66.5619
42.781
36.1619
62.3143
35.4571
9.34286
46.9524
38.5238
34.4857
11.0571
29.7429
17.819
83.7238
45.0667
31.4
51.6762
30.619
59.6286
23.8476
45.381
45.2476
17.9714
40.2571
41.3048
39.5333
46.8
17.8095
36.2381
26.2
23.8095
16.0667
21.3905
57.3048
8.9619
13.5333
8.4
11.8381
34.1429
65.4857
23.9429
22.819
5.33333
45.2667
4.45714
67.0286
38.781
38.2
60.2
14.4095
26.0667
29.2095
25.8
38.3048
24.4762
8.25714
17.4952
24.5905
59.3524
31.0286
45
63.5905
12.7619
12.4095
5.29524
60.4667
12.0857
30.6381
4.61905
28.2571
21.8952
22.6571
40.9238
8.2
50.6286
30.7333
49.0476
18.4762
60.781
42.6762
23.3619
34.1238
41
19.6952
16.8476
14.4
35.2952
32.2762
40.9143
29.2667
27.4857
54.6476
6.37143
19.2381
52.7333
8.18095
18.2857
8.2381
13.6952
17.4667
12.381
9.52381
23.9905
6.22857
26.2667
15.2952
38.781
35.219
14.8571
29.5619
8.92381
18.4952
8.93333
34.1238
26.181
22.9429
38.5429
11.381
7.38095
10.2381
26.4762
37.4476
26.7524
42.6667
12.1238
19.781
31.8857
21.019
8.57143
6.95238
24.1238
20.5333
10.1429
37.5143
38.8667
19.6571
25.3048
23.6
21.4952
12.581
10.6095
26.1143
49.8762
32.8095
34.6762
27.5238
11.5048
24.4381
13.8571
26.7524
13.4857
46.6857
24.5048
24.9714
49.3429
23.819
12.7333
18.8095
40.3619
11.2381
25.9143
14.0571
27.7238
41.0476
32.7048
14.7429
28.5619
12.1143
19.4762
5.69524
17.5429
13.5238
15.4381
11.0095
34.5524
67.8571
44.8762
37.4571
67.381
10.0095
13.2762
11.7714
45.9619
40.1524
30.0095
51.8667
46.1048
47.3048
45.5143
37.6286
30.5524
26.419
46.619
21
13.1524
26.2
30
100.229
12.6381
32.7429
25.3524
10.7905
53.6762
21.619
10.1524
42.8857
40.4667
31.6095
40.4952
7.99048
11.2
31.5905
40.9048
14.0762
34.6476
21.8762
138.01
50.5143
13.1619
51.0952
33.7619
15.8762
37.9143
13.2381
39.8476
5.71429
32.0476
6.32381
30.0762
36.3048
32.2476
35.5238
85.7048
27.8
9.0381
14.4857
10.6095
45.019
54.2381
15.4286
41.7619
15.2
18.6857
47.1714
23.4667
30.9333
30.8571
8.51429
22.7143
13.781
22.2571
26.7048
37.1524
14.9619
23.6
14.4476
39.2952
16.0857
11.2
6.55238
8.29524
31.8
24.8857
35.7238
23.019
26.4381
12.3143
5.66667
9.48571
11.0381
14.4286
12.8762
49.8571
67.2476
5.97143
18.9143
22.9048
41.581
27.5048
17.6095
47.1238
8.95238
63.6857
82.8571
40.8476
49.8286
16.0381
16.4476
6
8.94286
55.2667
89.0857
39.0381
73.6
21.4286
54.6
47.6286
54.5524
27.7714
55.8286
6.9619
52.619
8.01905
29.3333
27.0667
34.6667
33.581
20.3143
10.1048
25
18.9238
6.93333
15.1429
13.1048
9.02857
30.1905
31.5714
68.381
10.581
47.2
35.8476
12.0667
36.819
34.5048
36.3905
10.2571
9.04762
37.8095
15.8381
15.5048
8.34286
36.5143
15.0286
46.8952
58.2095
79.8476
23.619
25.3333
25.1905
68.1238
29.8857
13.1619
32.381
9.42857
16.9905
37.9429
34.1143
20.4381
24.6667
127.895
40.4
23.1619
10.5429
7.17143
38.7429
44.1048
9.14286
24
17.2571
14.3714
44.8857
14.2476
37.1714
9.24762
36.3619
38.8381
12.8952
19.0667
24.2
57.2571
8.95238
15.981
30.6667
22.2476
24.3524
75
41.3905
14.619
18.6476
12.7333
6.6
12.6857
13.4571
45.7905
14.8286
16.6095
29.3238
15.0857
18.181
26.7048
19.5905
15.9524
10.1333
45.1238
25.0571
7.80952
23.6857
49.7714
24.7333
27.1524
6
20.7143
19.3619
6.33333
34.6571
30.8476
7.92381
30.8952
28.3048
49.781
14.2476
5.52381
9.91429
11.9429
62.5143
33.819
20.7048
9.42857
14.6571
30.1143
20.1905
13.5143
6.26667
13.3524
31.9048
13.5143
10.619
36.9238
22.7714
52.4857
25.381
10.1619
46.4571
16.7048
56.7333
28.0952
58.5143
27.2
37.8667
11.3048
55.9048
18.6286
45.2095
34.5333
55.0667
27.4667
30.019
23.981
45.2
54.0857
7.0381
20.6857
41.0952
28.3905
25.3143
23.5714
12.9143
29.9238
9.80952
34.2952
28.9238
14.1524
29.7524
12.7333
25.219
12.2381
56.1905
7.97143
8.51429
28.9905
35.019
40.181
8.12381
29.7238
23.9524
41.8857
52.8095
8.2
5.79048
61.0286
17.3333
38.2667
17.2571
9.38095
21.7048
65.1048
36.3333
51.2857
16.2
45.3524
27.5333
37.3524
22.9048
31.2476
10.819
51.5619
15.0286
18.1429
44.4571
13.2286
8.98095
16.6857
12.9429
8.89524
42.6286
26.8857
36.381
26.2762
18.2476
25.9143
43.419
3.65714
10.5143
39.8857
37.8381
17.419
14.1524
40.8476
3.53333
14.5619
5.40952
15.219
55.2571
38.7619
10.9333
11.9048
7.21905
25.8857
5.34286
22.2095
5.05714
3.87619
9.02857
31.1048
32.6952
16.2667
36.7333
10.9524
13.419
50.6476
34.7048
18.2952
8.33333
5.20952
21.6
63.3048
21.6857
41.0476
15.1524
12.8667
28.7238
36.1429
5.4
20.1524
40.5048
38.4571
56.581
14.5714
16.1714
12.3524
12.1143
33.2857
66.8
15.1524
32.0857
12.7143
5.68571
13.6667
6.26667
30.4762
22.7143
6.07619
10.019
34.4762
41.8667
4.94286
43.4286
42.6
4.55238
9.41905
7.32381
73.8381
26.6095
35.3238
50.4571
28.7619
12.2381
29.0095
18.3048
48.0667
47.3905
36.0381
52.3905
52.8667
27.3333
18.0667
29.8667
5.35238
9.48571
26.7619
11.7429
26.1333
7.19048
7.02857
7.04762
15.5238
18.5143
4.27619
13.4857
17.981
3.73333
36.9238
28.4762
26.8476
11.0095
29.3333
62.1048
9.81905
11.6095
21.8857
51.4667
30.4667
6.33333
26.5714
16.6
35.5524
3.37143
7.19048
10.0286
4.79048
11.1238
29.4857
25.3714
21.019
12.3048
19.5333
4.10476
23.7524
20.3429
18.1905
17.1238
35.419
11.219
6.44762
37.3429
23.581
13.4952
4.4
6.19048
6.88571
27.7524
10.2571
5.18095
45.4762
24.0762
18.8857
5.74286
45.3905
5.70476
31.4857
7.29524
7.09524
11.2476
21.5429
7.2381
21.7905
12.3429
18.1429
8.93333
28.1238
13.781
7.6
6.31429
11.981
56.5048
46.3143
16.8762
9.37143
16.4381
33.1143
43.3238
25.1238
20.4571
3.32381
61.6
53.381
9.60952
16.3524
53.9524
8.58095
27.4
14.5333
29.1524
6.93333
29.5905
6.4
19.819
6.81905
7.18095
4.69524
40.9143
10.3429
29.619
15.2381
6.12381
23.9714
136.076
10.1333
9.93333
10.8476
32.5619
5.08571
28.2952
9.46667
35.2571
13.581
33.0952
31.9429
11.981
57.7619
17.3333
11.3619
14.6952
17.3524
6.81905
21.2095
17.2952
34.0952
18.5619
66.6381
34.5619
9.09524
46.581
6.38095
28.0952
6.44762
4.93333
17.5905
17.7048
33.8952
5.15238
14.381
24.7143
24.1619
13.7905
17.2286
13.019
25.7048
32.0286
33.1619
36.181
3.98095
4.7619
51.6286
52.8381
35.8667
3.82857
51.5905
9.93333
12.8381
7.24762
79.1238
5.12381
34.6857
9.61905
32.7333
17.2857
67.6571
12.5524
27.3714
8.66667
12.9619
36.0095
51.4
13.5524
6.09524
58.1048
25.4571
4.81905
32.8571
50.419
14.7238
41.819
25.1048
36.8
26.8381
28.1714
45.5048
61.0476
21.781
61
10.981
6.60952
19.8667
18.4381
43.9619
26.8571
6.72381
8.18095
4.51429
9.19048
27.9619
7.37143
56.7238
9.25714
28.5619
22.2286
47.9143
7.9619
50.4667
42.3524
27.5048
10.1333
26.4952
47.1905
10.3143
9.34286
10.7714
24.3238
28.9429
19.7238
28.3429
6.0381
40.6762
16.7524
9.9619
25.0667
11.6667
4.70476
72.019
4.65714
4.24762
7.48571
7.02857
8.45714
5.32381
19.9048
11.3429
7.75238
5.05714
6
7.2381
26.019
14.3524
3.93333
18.5048
35.7905
7.40952
33.0952
45.6476
9.66667
32.9524
5.47619
47.0381
28.8762
10.0571
30.0381
11.6571
12.2095
28.4476
5.91429
32.7524
8.60952
29.781
29.6667
18.4286
50.2952
63.2667
20.5429
38.0667
11.3333
42.8
75.419
66.2667
18.6667
11.3429
25.0667
5.68571
4.07619
4.86667
19.9619
36.6095
8.54286
16.6952
4.28571
63.2381
32.2095
43.3905
31.5714
55.981
81.7905
7.87619
44.2095
11.6476
31.6857
42.1905
28.181
6.7619
38.2952
4.99048
19.2095
23.2571
22.8667
71.2286
49.8381
22.3143
31.181
174.4
39.219
33.6
11.3714
8.30476
6.6
8.88571
22.2667
40.1143
27.8667
21.2762
46.5714
4.47619
43.2667
6.70476
9.89524
3.38095
11.381
47.6095
5.97143
38.1429
16.9714
32.2476
18.6381
47.8476
15.1524
19.0762
15.0667
12.619
4.92381
39.4095
41.4952
52.1048
6.5619
11.6667
14.7524
20.5429
48.4762
13.781
12.8381
19.7619
56.8381
42.5714
8.0381
3.98095
29.3143
22.9524
15.2952
33.0476
8.90476
48.5905
33.9524
27.0857
8.51429
40.7714
6.4
16.6476
11.3238
5.24762
27.8571
23.6571
25.1048
16.0762
54.2381
25.2667
16.9333
9.71429
26.381
20.1714
34.5905
16.6857
60.2095
35.7429
8.19048
20.0381
9.55238
34.8571
15.4476
28.0762
9.00952
12.0286
21.6667
20.2667
8.48571
18.7905
6.72381
25.8952
30.4476
21.0571
35.5333
45.2762
19.6571
17.7524
9.24762
34.5143
16.9333
5.11429
34.5714
14.2
7.46667
15.2286
7.35238
7.70476
39.2952
41.9524
20.5238
14.6952
20.1333
40.7524
4.17143
28.3048
18.1714
34.3905
43.4476
28.8476
9.04762
12.181
34.1143
10.6762
9.84762
56.7524
59.7048
38.019
24.419
19.3905
92.9333
43.4
19.0476
45.4381
58.2095
13.5524
49.6857
32.3048
23.4667
21.5905
28.2667
5.98095
4.26667
30.5048
7.09524
6.41905
23.1619
51.0476
9.08571
25.0667
13.5333
12.219
15.9143
9.12381
8.73333
17.9429
6.12381
29.8286
35.9333
6.58095
13.4095
14.8857
24.9048
5.37143
24.7429
23.3524
34.1143
11.6952
6
11.619
26.2095
3.68571
9.26667
13.3333
5.19048
9.37143
5.4
20.0476
6.75238
19.8476
21.0476
51.4
21.9048
32.1524
13.6952
20.9238
50.5238
11.8667
6.87619
9.2381
9.44762
19.4476
11.8
17.8667
51.9048
66.3143
17.4857
4.34286
49.4476
24.7714
16.1333
3.86667
10.0857
6.62857
6.01905
18.019
24.8952
69.7238
3.32381
41.1714
38.2
35.0571
14.7905
25.4
15.2476
43.7905
46.5524
4.66667
7.71429
8.53333
38.7048
37.7048
22.1238
15.1333
23.2571
31.4952
10.0381
21.3429
26.5524
7.30476
3.40952
25.0571
32.2286
5.79048
72.2762
14.8095
40.8571
55.2952
29.1048
52.2381
5.60952
26.3143
6.18095
5.48571
10.7238
17.5619
39.0095
11.7333
17.3238
30.2095
5.62857
4.82857
6.06667
37.9048
35.7429
25.3714
14.2667
35.7048
4.8
16.3143
5.60952
27.3905
52.781
20.2667
12.8381
18.3429
29.8095
23.7238
5.87619
8.79048
26.5238
11.2476
18.5714
8.58095
6.33333
47.7905
17.3143
9.31429
5.18095
14.8857
6.7619
27.6
45.3524
4.6
3.77143
3.4381
6.37143
27.8857
16.781
13.0667
4.64762
39.2857
11.8762
28.4476
7.06667
20.0571
7.98095
5.44762
13.3333
24.3429
6.44762
5.08571
22.9429
28.8095
9.28571
11.5905
15.0476
22.8762
8.87619
14.6381
16.0762
53.0571
9.73333
8.04762
5.38095
31.0095
41.4095
16.7905
23.2667
7.87619
35.0095
6.39048
9.64762
47.7714
8.90476
44.5048
4.15238
24.0381
13.3429
9.37143
25.0952
6.15238
23.7619
31.0381
7.10476
6.41905
6.54286
40
31.781
14.5143
6.20952
47.6571
4.07619
17.5333
26.6381
27.7048
4.04762
5.75238
13.8
5.25714
5.41905
72.1048
8.28571
51.2762
34.3524
79.181
6.65714
18.3333
15.5714
15.6286
5.25714
8.10476
5.71429
64.6476
61.5905
30.6952
28.8667
7.8381
27.6667
47.0381
8.45714
39.2286
58.5714
9.17143
54.7524
4.2
26.1429
54.3714
17.8095
9.46667
19.5905
30.1238
17.5524
76.2095
27.5619
18.9143
4.06667
4.70476
7.65714
3.10476
13.6476
50.0857
5.52381
6.05714
3.45714
6.37143
5.8381
4.1619
33.2762
10.6762
13.8476
22.7524
4.67619
59.419
47.6286
29.3238
53.219
24.9524
5.81905
36.4857
5.75238
27.8952
15.8762
11.419
7.37143
24.1143
25.0762
6.12381
8.2
8.95238
21.6095
20.8762
6.25714
32.0571
3.6
49.1905
35.7048
5.72381
12.8286
30.9524
27.019
23.2667
20.3619
28.5905
30.7238
8.82857
27.3048
31.8667
23.5333
9.4381
32.1905
18.9524
3.21905
7.01905
14.6286
9.07619
7.40952
4.82857
22.381
45.4952
5.20952
5.35238
40.3333
23.7143
26.4952
24.0762
34.4762
42.5048
52.1524
24.3524
56.1714
16
7.32381
5.89524
5.71429
11.419
32.6
4.99048
10.219
5.19048
39.1048
45.1524
13.4857
53.2381
24.3714
13.3333
37.381
27.7143
19.0476
15.4667
6.21905
18.4667
9.99048
20.4095
23
16.6952
63.019
31.7048
23.7429
20.9905
26.6952
6.44762
20.9524
28.4095
7.38095
36.7143
34.0667
28.4
8.62857
45.4762
3.9619
15.1524
29.4381
27.3905
22.5333
15.6095
6.34286
7.46667
13.2952
67.581
46.2286
3.58095
20.5905
15.7238
17.2095
34.419
47.9524
28.6476
43.4286
57.0571
35.7524
22.7619
48.1905
38.3905
9.94286
30.9238
37.1333
3.06667
42.9048
36.581
29.2571
25.0857
11.6381
7.74286
43.8857
29.8952
27.0476
6.80952
22.0381
8.58095
3.68571
17.2
48.2286
3.95238
7.92381
36.9524
42.9048
48.4
7.66667
4.14286
6.69524
17.1714
11.8
11.419
14.3048
4.51429
3.86667
10.981
13.4381
20.2
17.4857
37.9048
20.3048
31.4571
22.219
93.6571
4.77143
12.7238
28.5238
4.52381
5.06667
10.1238
35.581
14.4476
15.9619
3.6381
14.0286
7.95238
3.95238
9.72381
15.4
19.8476
5.50476
12.2571
17.0381
8.87619
7.77143
22.6286
26.3333
32.6667
25.3619
35.819
25.419
16.1524
40.8286
22.4476
22.0095
4.40952
17.9714
8.49524
5.89524
27.7238
45.4667
15.981
4.86667
6.42857
14.581
14.3238
5.14286
3.74286
41.0762
38.7238
25.3048
23.2381
9.13333
20.3524
24.9048
20.0762
12.9143
30.2952
17.9905
16.9619
3.34286
49.9048
9.08571
16.2476
43.6381
42.7333
33.581
17.2667
32.3238
37.9619
4.29524
9.4
37.4762
28.5429
3.39048
14.3143
13.1524
22.9238
25.1143
4.95238
52.5619
4.19048
5.85714
6.3619
15.3429
5.94286
28.2952
20.7429
8.90476
16.6286
11.4286
29.3048
50.1238
25.5524
34.1905
3.65714
5.72381
4.49524
19.9143
31.0095
39.4952
9.70476
5.75238
16.6286
3.95238
38.3048
19.8762
34.2667
6.27619
35.0095
31.581
28.781
15.4286
14.0381
38.5429
4.89524
4.2381
31.6667
12.2286
17.7048
26.1048
42.1714
10.1524
12.219
58.7048
6.31429
23.2571
9.7619
9.27619
30.2095
49.1524
14.7143
20.2095
54.8
17.1048
42.1714
26.8476
40.619
20.4952
12.9238
11.5048
15.7524
8.58095
16.7714
21.1143
65.9143
12.2381
33.3333
18.4762
22.3429
5.99048
39.2381
61.9524
39.6476
20.4952
34.6762
38.3905
25.0286
30.9143
65.5333
24.4381
23.6381
29.9619
37.9429
45.381
24.2762
33.181
30.8857
20.9905
40.1143
6.30476
23.4095
56.6667
20.1714
45.0476
48.3333
14.7143
41.381
72.7524
22.3429
7.97143
32.9333
42.6286
15.6762
19.6667
22.8381
55.0476
22.1333
14.5429
45.0857
4.04762
19.3905
9.34286
37.7048
23.6381
3.86667
9.50476
46.8762
21.7905
22.8857
13.381
61.5905
42.7238
14.4476
6.34286
28.4
21.419
6.32381
36.6286
17.0286
4.68571
24.1524
24.4571
6.25714
33.9619
18.781
32.4
18.0571
6.4
31.819
47.9429
51.0286
36.3905
7.01905
7
15.9524
51.6
4.88571
42.3714
9.84762
5.44762
38.6381
9.11429
7.2381
66.0571
35.8095
38.3524
38.5429
45.6286
21.2286
17.9143
31.9905
33.7333
69.9429
10.1429
15.7714
22.3524
31.419
37.0952
9.31429
23.7048
31.0095
32.3238
4.47619
16.5524
17.019
7.30476
67.5429
3.33333
30
32.6952
51.9714
49.6
40.5619
4.08571
29.8
23.4857
13.0571
18.3714
36.2667
25.4286
16.4476
11.5714
5.91429
7.34286
9.98095
23.8571
25.9238
29.619
7.60952
31.6571
4.30476
16.7905
5.06667
9.88571
8.72381
16.9143
25.1524
47.2095
10.7143
7.39048
33.0571
8.06667
34.1333
5.88571
31.0095
62.4476
11.2381
7.04762
69.019
49.1714
7.66667
8.60952
28.2381
48.6762
42.5143
9.31429
34.4571
4.88571
42.9714
16.9619
50.7714
24.3905
34.2571
8.32381
8.5619
37.7333
12.6667
25.381
42.8667
17.2
30.3048
21.7524
32.3905
24.3619
15.8286
5.15238
62.5619
40.019
7.8
17.9143
45.019
6.26667
8.6
18.2
23.4095
12.9429
47.8381
43.1143
5.9619
11.9143
45.3524
19.0381
16.3238
25.6381
18.6476
9.15238
10.2571
32.0667
16.7143
24.1048
23.2571
21.8476
63.4381
17.4095
31.3333
26.8286
4.6
48.5048
17.1714
5.78095
21.3619
54.0952
27.4381
3.65714
24.6286
4.14286
37.7143
5.15238
35.8667
16.0095
20.3524
6.58095
32.5143
10.7333
32.0952
6.80952
52.9524
32.8286
7.09524
3.6381
14.8476
4.8381
33.4857
69.9619
15.2286
5.70476
4.11429
20.2286
33.5619
27.819
8.97143
29.2762
5.50476
11.6571
82.4762
28.2667
50.4
32.0095
13.6667
9.15238
16.181
62.5333
4.80952
21.8476
5.57143
10.0286
50.4476
27.1429
6.69524
12.2381
4.64762
55.4571
12.4381
23.6667
27.6
9.65714
15.7714
15.4857
33.0667
24.3048
36.6095
38.2476
7.59048
7.12381
8.59048
12.3905
13.8381
24.1714
7.13333
21.8476
33.7333
15.5238
5.72381
14.1238
8.62857
6.15238
5.47619
25.3905
30.8762
11.2095
6.72381
31.6857
15.9238
17.5429
6.48571
50.2762
42.9048
3.65714
7.06667
6.19048
24.781
5.00952
7.35238
49.8286
4.11429
9.90476
5.29524
45.9238
7.1619
7.14286
33.5048
10.1429
14.9429
29.9238
29.3524
8.91429
7.18095
10.7238
39.5714
35.6095
40.6381
46.6095
23.5714
61.5524
23.8476
11.3524
21.9238
22.4571
16.0762
16.6571
8.75238
5.94286
12.219
16.4286
31.3143
17.8476
7.13333
25.3333
21.3143
39.4762
4.74286
12.2952
18.3143
20.4952
34.8476
8.00952
15.3429
56.8
29.2952
45.181
28.619
11.1333
33.8667
29.1619
6.09524
5.06667
25.1429
22.4095
3.42857
6.88571
16.9714
78.8476
20.6667
19.6952
63.619
42.7905
25.2857
6.40952
11.5333
5.18095
18.5238
21.581
29.3238
4.97143
10.2857
15.2095
54.4286
26.381
28.5333
20.5619
8.45714
3.7619
39.7143
24.0857
48.219
65.7333
16.9524
24.0952
64.2952
30.1333
25.5048
23.5524
3.5619
8.62857
4.72381
5.53333
14.3619
10.0476
5.61905
59.1905
31.8286
51.2095
56.0571
11.0476
37.1333
8.55238
33.3238
37.5619
27.8381
15.4857
49.6286
19.7714
4.67619
16.4762
49.6476
66.3524
8.99048
25.9619
3.40952
36.6381
7.64762
4.11429
20.6286
13.0381
26.6857
3.8381
24.5619
42.2
7.65714
7.15238
6.40952
25.9905
10.2952
21.2571
6.62857
5.01905
11.9048
13.3524
10.219
31.3905
14.0952
6.71429
43.5238
30.0286
4.87619
47.5524
25.8762
25.6
12.2571
39.4762
23.0381
23.9714
13.8952
32.3429
7.94286
8.82857
46.1143
9.34286
29.4286
25.419
23.0381
19.2095
18.5143
9.87619
27.019
45.3524
6.7619
43.7905
10.5619
6.38095
41.9905
13.0286
34.0762
7.73333
14.2667
24.3143
65.8667
36.2762
38.181
27.6476
7.86667
8.3619
43.1333
4.50476
12.7048
12
14.7048
50.4571
12.5714
46.019
12.3524
19.2381
20.9524
17.8381
8.08571
19.5333
25.9619
31.3143
23.5048
25.1714
6.95238
22.0286
47.219
5.15238
39.019
32.2857
11.3905
53.6476
39.5238
19.6762
19.781
5.89524
34.2
8.45714
18.0476
48.4667
14.4286
8.20952
30.4095
77.9048
22.5333
33.8667
20.3619
11.9429
41.8095
5.99048
7.79048
10.9714
13.9714
4.98095
43.0857
10.3905
21.5333
9.24762
5.30476
10.7143
28.219
26.019
17.9238
49.2952
19.6
25.219
13.4952
65.1524
16.4
16.7905
28.9714
58.2571
27.4
13.781
17.4
40.4857
14.5048
13.619
24.5714
7.64762
13.5429
20.019
34.3905
11.5905
26.8286
3.82857
21.4857
60.4095
17.3524
10.6571
26.7143
13.7714
8.06667
25.3429
9.97143
45.581
12.8
6.66667
6.73333
21.2381
42.6952
16.2857
31.781
26.5143
46.2952
18.4667
6.79048
5.8381
9.75238
26.619
3
46.8476
24.4381
6.08571
4.64762
14.0762
64.3619
9.3619
14.0667
6.72381
3.86667
41.4571
10.3048
9.20952
24.6952
6.81905
7.38095
48.5524
7.7619
27.1048
12.6095
36.7333
43.2857
10.7143
25.6381
18.4476
78.0476
34.8952
9.20952
28.7429
8.95238
51.3714
18.1524
8.22857
21.0476
53.4476
8.18095
61.2857
30.2667
18.5429
7.08571
14.381
7.7619
18.8571
42.7238
26.2095
31.0667
36.0381
10.381
10.2952
10.4381
50.2286
62.7143
4.10476
6.97143
8.91429
26.6095
22.3524
69.7905
34.6667
77.2571
39.019
12.6381
29.2286
55.1714
9.02857
47.0762
27.1333
51.9333
18.2286
10.6857
12.0762
14.2857
14.9048
22.419
43.3333
22.4667
24.0857
40.6
5.90476
4.85714
43.5524
41.1238
6.34286
43.4095
7.72381
30.3905
11.1333
24.1333
17.1048
14.381
42.9333
39.0952
40.6571
18.1619
5.20952
36.9714
57.9429
37.9619
38.1333
47.9238
28.5238
36.9333
6.02857
38.2476
19.1048
57.2
13.9333
8.67619
7.73333
29.3524
10.0286
28.1143
23.819
39.1905
6.35238
6.31429
20.2476
23.5429
43.6381
8.54286
41.4571
26.2667
42.0095
38.9238
22.8095
3.34286
6.84762
21.3429
5.51429
19.0381
4.88571
27.6
19.8952
5.78095
9.09524
5.41905
13.2476
7.25714
20.4762
52.0286
40.9143
22.7714
47.6
25.819
23.1143
21.2381
30.2667
21.2
44.581
18.8667
24.5333
52.1619
12.1048
18.5048
15.0952
25.6381
38.2952
7.09524
9.2
32.3143
19.3524
12.619
4.2
7.0381
18.5143
4.90476
37.1143
6.4
11.2381
4.75238
25.6476
6.53333
16.4571
47.7524
5.87619
13.1714
29.8667
19.4857
13.4571
48.0857
47.6857
19.2095
17.7714
24.381
35.7905
5.0381
13.381
11.3905
7.68571
4.31429
40.3238
22.9619
14.0762
7.54286
39.9429
18.3905
62.4857
22.6571
28.1714
40.3619
56.5905
9.62857
24.9429
11.3714
42.5238
43.4952
28.381
4.97143
6.70476
19.3619
26.7619
3.71429
10.781
63.2952
46.3238
36.2
22.3048
5.32381
46.0476
10.8952
11.1619
22.1429
83.3714
23.4286
27.7905
5.82857
50.3333
14.9905
11.9238
40.8857
18.3619
29.5048
9.64762
55.3524
3.35238
39.1905
6.91429
17.9714
12.7333
34.1714
5.07619
34.3524
6.87619
30.7048
10.3905
45.981
19.9714
16.4
15.9429
30.2952
53.4571
8.04762
9.94286
27.4952
8.35238
18.6
38.0476
10.9905
7.91429
7.81905
27.7048
25.0095
39.4095
14.1048
11.8762
7.48571
19.7524
30.1524
20.1714
73.8857
41.6476
44.9333
5.66667
8.11429
4.6
46.3714
8.31429
4.1619
44.6571
4.40952
6.53333
18.581
37.5333
4.57143
8.28571
4.29524
27.2286
7
4.4
27.8
16.8476
32.1238
7.68571
23.8095
16.6952
5.42857
18.6571
13.3619
16.8
47.419
23.1905
12.3333
11.7333
18.5429
5.98095
61.4857
39.4286
19
31.8667
4.62857
3.89524
11.6286
26.8476
9.51429
113.219
8.1619
15.9619
34.6286
19.2952
10.2857
31.0381
4.5619
27.8667
3.47619
32.0762
31.981
15.1429
9.17143
12.3905
4.4381
11.9238
18.5143
25.2571
5.42857
18.3524
5.58095
20.3429
4.60952
10.8952
33.1714
53.9905
29.381
22.3238
22.2
9.08571
14.2476
20.7619
4.91429
15.2667
17.3429
28.1143
61.181
19.219
35.619
24.0095
5.06667
15.5524
16.4952
33.4095
8.15238
40.381
24.1333
9.6
60.6095
38.619
8.08571
7.07619
22
5.78095
19.6857
7.04762
5.04762
21.9048
22.6286
16.9143
13.1714
49.7619
44.4381
30.6095
77.2381
6.33333
22.7143
15.5619
37.0095
12.8952
26.4762
18.9048
18.581
13.9714
32.4095
29.7238
47.4762
15.1905
24.8286
12
47.0095
32.219
33.9333
41.2571
47.6381
19.3333
3.48571
7.68571
44.4667
40.2952
32.3905
13.8857
19.0571
17.0476
18.1238
11.9238
5.05714
7.77143
28
51.5524
6.71429
15.4667
6.9619
8.25714
6.73333
42.8095
3.24762
30.019
32.8095
48.4762
26.2762
12.8952
14.2381
58.7238
18.6952
3.48571
3.19048
24.0571
9.2
6.91429
42.7333
25.6762
36.181
5.62857
7.33333
23.6857
6.68571
16.0571
6.65714
45.6857
4.80952
48.8476
17.0476
32.5143
48.8571
21.0667
7.50476
17.5714
5.61905
27.0667
53.8
28.7048
12.7524
4.80952
65.6762
45.0762
5.78095
6.27619
6.19048
24.7048
22.6857
12.7429
4.7619
13.2762
52.781
39.781
27.9143
16.1048
6.84762
16.8571
31.5714
25.019
7.47619
32.3048
38.8286
28.981
46.2571
33.9524
30.8381
40.1333
41
16.5619
25.7048
31.8857
44.181
26.3238
46.3143
20.4667
19.1333
12.7905
17.3714
25.5238
31.0952
45.6095
45.619
26.8476
19.2095
25.8095
19.1333
18.7333
18.7905
10.1048
7.46667
12.7429
60.5143
39.9524
10.6952
7.46667
30.581
30.4095
79.0571
17.219
25.6095
41.0952
17.0095
20.0381
17.4381
36.2857
38.6476
21.9143
15.6571
6.7619
5.93333
5.72381
57.9429
9.94286
5.87619
11.2571
9.30476
13.9143
52.9905
35.381
43.9238
22.3143
12.4762
13.1333
7.68571
31.9524
22.4762
34.0952
50.3333
10.1714
18.6476
17.019
6.57143
24.8381
3.69524
5.8
7.60952
19.3905
13.2476
36.5238
4.99048
7.48571
8.38095
5.48571
7.48571
4.68571
4.24762
17.5619
10.619
51.3619
28.8476
17.9619
19.5524
40.7714
33.7905
43.6571
29.7714
44.3905
56.3048
4.97143
18.2286
33.1714
10.4762
21.2476
6.81905
22.7619
38.3714
61.2667
3.8381
31.419
4.11429
32.1524
60.9238
4.94286
54.0667
6.49524
19.419
13.0857
46.181
46.1143
19.8952
16.0571
28.581
5.2381
6.10476
21.7048
25.7619
22.0381
9.9619
4.87619
59.4095
11.4857
51.8857
24.2381
5.22857
15.3143
58.1333
24.3619
19.019
14.7429
17.8857
34.5714
23.7905
7.31429
16.7429
52.3714
36.2857
52.0286
33.1238
34.3524
34.0381
46.3429
11.7524
22
61.1333
5.26667
9.47619
15.1524
7.04762
23.7333
8.53333
12.5714
42.4952
18.1143
6.68571
14.0952
4.97143
36.9619
40.8952
21.9048
3.87619
6.11429
9.38095
42.6667
15.5429
55.4476
37.0476
7.3619
5.60952
34.3333
59.381
50.8762
28.2
27.0667
6.46667
12.2476
26.9238
10.3143
9.27619
3.29524
8.1619
15.0571
11.9143
7.37143
21.2571
50.2762
39.6381
16.0476
15.7905
9.75238
8.15238
7.53333
13.5714
32.3238
38.9048
24.1429
19.6
7.34286
5.53333
25.8571
13.6857
61.2667
44.2381
10.6381
18.6095
36.9619
34.9143
21.4762
19.219
30.1238
7.5619
36.3714
43.0476
7.99048
41.8095
5.32381
8.47619
25.9619
26.819
7.08571
10.0286
31.0762
22.019
3.58095
22.4857
11.3714
17.7905
3.68571
21.8571
73.2476
44.6667
4.67619
45.5238
14.0381
36.2667
22.2
26.4
43.6476
62.6571
3.98095
32.5905
22.8095
8.99048
2.22857
2.40952
6.70476
12.8476
2.9619
10.1143
19.8095
12.0762
2.05714
19.6381
3.6
12.619
3.40952
15.3429
34.7524
4.10476
15.1238
7.9619
5.26667
7.08571
18.0762
14.0952
35.3333
3.49524
50.4476
5.10476
3.89524
3.30476
6.38095
13.8476
3.92381
15.1048
10.2
5.37143
3.70476
6.29524
15.6571
3.28571
3.59048
8.38095
5.4
21.1238
11.5619
26.3238
11.1905
11.181
6.94286
3.91429
32.019
3.2381
16.9048
3.7619
15.0286
11.6952
4.11429
3.10476
20.6381
2.55238
3.45714
41.819
3.93333
77.1619
123.714
13.8762
29.619
11.8095
18.0095
6.10476
27.6952
49.9333
3.74286
3.8
6.30476
3.02857
2.6381
8.27619
5.41905
2.55238
15.2286
4.80952
2.84762
2.51429
7.58095
4.58095
39.6381
46.1143
29.6571
41.6381
18.819
2.2381
36.0476
10.2381
7.82857
17.2
20.4952
48.6571
4.24762
8.30476
3.49524
22.2286
12.4476
7.27619
7.50476
39.7905
2.08571
7.95238
13.0095
18.3714
3.40952
3.20952
2.72381
9.1619
11.4857
6.04762
26.4667
8.51429
2.8
2.66667
16.6857
26.4286
24.2667
8.95238
8.38095
24.819
31.819
4.34286
16.8286
1.08571
33.3333
36.8762
2.64762
15.2095
15.581
3.58095
1.62857
1.0381
16.8286
21.9714
1.25714
13.0952
1.75238
10.9429
1.62857
1.12381
23.1143
13.2857
1.80952
1.72381
18.6667
18.8952
2.07619
18.2571
2.4
2.06667
1.22857
1.1619
2.09524
6.58095
1.88571
29.0381
1.25714
1.80952
2.2381
1.64762
16.1429
3.49524
30.7048
38.4095
16.419
1.20952
2.08571
44.6
1.24762
3.11429
1
3.01905
29.2476
35.4286
1.2
1.00952
22.2952
2.04762
3.55238
3.25714
16.2476
14.8667
8.59048
8.58095
1.75238
5.66667
1.1619
2.31429
21.8952
32.5429
2.18095
28.8
14.819
1.09524
5.9619
2.12381
2.53333
4.66667
3.04762
1.70476
2.2381
1.46667
27.8476
1.86667
1.85714
1.21905
3.14286
1
1.06667
1.75238
54.4952
1.15238
1.31429
30.8762
35.381
15.4571
24.9619
1
29.3524
2.57143
1.54286
24.9905
31.1905
1.34286
2.08571
29.3429
4.08571
1.0381
34.7238
2.48571
2.19048
1.06667
1.00952
17.8286
23.8667
5.7619
19.2381
1.97143
1.53333
33.3238
1.0381
30.419
1.8
1.88571
1
30.5619
1.44762
14.9619
66.9048
1
1.85714
3.06667
8.7619
10.6571
2.17143
4.00952
13.4667
1.14286
1
28.3524
1.38095
24.5619
1.5619
22.4286
1.97143
14.0095
1.8
36.8571
12.5905
7.78095
1.44762
24.9048
39.0571
20
3.44762
1.04762
1.01905
1.81905
1.60952
2.13333
5.95238
1.33333
1.60952
12.3238
32.9429
1.34286
8.01905
3.73333
21.9048
39.1619
1.18095
3.41905
2.32381
37.1333
19.8381
14.5714
3.25714
35.9429
1.35238
2.0381
1.2381
1.02857
8.21905
1
1.62857
3.30476
36.9238
32.9143
24.9238
1.9619
2.32381
1
6.91429
17.8571
29.9238
12.6381
1.85714
24.3429
1.00952
25.8381
42.2381
2.14286
11.8952
2.02857
4.38095
3.06667
2.57143
29.1429
17.6667
1.08571
2.90476
2.97143
1.47619
5.11429
5.45714
27.5143
1.91429
8.73333
20.2286
3.61905
2.44762
1
1.08571
26.6952
2.93333
3.11429
1.11429
1.38095
1.42857
1
4.39048
5.12381
9.67619
2.51429
3.01905
1.48571
6.59048
10.7143
5.1619
3.45714
6.13333
2.97143
1.08571
10.4
5.85714
1.93333
2.26667
1.46667
6.25714
3.13333
1.2
51.8286
3.06667
1.95238
1.82857
1
3.47619
1.02857
1.50476
2.02857
3.05714
1.22857
1.37143
2.24762
1.46667
1.00952
36.6095
3.12381
6.04762
1.95238
12.2667
46.5714
1.60952
4.86667
7.66667
34.6095
3.14286
28.981
25.5905
1.19048
30.8762
1.1619
1.71429
2.31429
1.46667
10.1429
22.8476
2.85714
1.7619
1.02857
27.7143
1.00952
7.75238
1
28.1619
33.8857
10.581
30.4381
46.1524
23.5905
33.6095
3.49524
1.95238
3
19.1905
1.25714
1.06667
1.6381
1.95238
1.32381
5.0381
26.581
20.3714
3.39048
1.39048
50.3714
28.7429
4.35238
1.62857
33.2571
1.34286
1.04762
2.3619
17.0381
3.45714
3.90476
30.981
38.6667
1.14286
47.4762
36.2762
2.28571
14.9524
20.6857
1.54286
34.581
14.0476
29.581
3.9619
2.41905
1.15238
2.20952
19.2762
3.02857
2.90476
6.39048
1.0381
1
1.82857
3.89524
2.6381
2.2381
11.6381
21.2571
23.0952
3.47619
21.7619
26.4571
1.09524
1.2
2.40952
1.34286
1.71429
1.65714
11.7048
1.58095
11.619
23.5143
33.819
28.8952
3.27619
2.52381
1.6381
29.2476
8.33333
1.24762
3.45714
43.8571
2.33333
18.7333
13.2095
17.4571
27.1048
1.15238
24.2667
1
26.5333
9.69524
1
13.9524
5.53333
23.2286
33.9619
1.4
1.65714
33.6476
2.70476
1.06667
1.1619
46.8
39.8
1.48571
2.75238
1
1
2.50476
15.3619
32.3429
17.1714
1.22857
1.12381
8.37143
2.05714
18.3524
7.99048
17.4476
29.5048
1.68571
1.21905
32.0095
1.02857
7.98095
2.53333
1.81905
4.91429
41.7238
20.4952
33.2667
3.11429
35.2
1.81905
19.3143
12.6762
1
25.5619
45.2381
22.7905
1.33333
1.87619
2.55238
1.45714
4.59048
1.79048
1.4381
22.7905
2.47619
1.01905
14.8667
2.49524
4.21905
1.32381
4.33333
2.98095
35.8952
7.09524
1.85714
2.30476
1.04762
1.02857
24.0762
1.14286
1.02857
27.3619
37.8762
4.51429
1.06667
1.02857
3.53333
1.81905
41.2762
6.26667
35.3905
1.4381
1.11429
50.819
6.2381
2.41905
35.0381
19.6952
4.26667
18.9619
1.20952
6.24762
1.30476
13
1.10476
1.46667
10.4667
1.02857
2.29524
19.5619
1.21905
2.35238
22.2762
1.37143
25.0476
3.41905
2.2
1.84762
1.61905
1.01905
18.019
2.82857
17.8762
27.381
18.781
1.18095
2.21905
35.381
5.07619
1.14286
22.9048
29.8857
2.80952
1.2
21.8571
21.0381
3.62857
10.3524
23.2
1.40952
26.6286
3.41905
4.0381
1.57143
4.8381
2.12381
1.26667
2.4381
2.27619
6.0381
1.95238
2.33333
1.24762
16.8857
15.7333
3.67619
1.05714
3.4
3.48571
1
2.49524
46.8952
3.33333
1.74286
1.00952
1.00952
24.6095
26.3048
42.1619
33.2286
1.48571
2.24762
42.7429
2.3619
16.7714
2.85714
19.2857
30.7429
60.981
1.32381
19.0857
3.44762
2.59048
3.59048
1.80952
4.12381
21.4476
1.00952
5.81905
1.32381
52.6667
2.75238
1.0381
1.35238
2
40.3619
2.57143
6.13333
2.47619
2.27619
1.20952
19
1.13333
2.10476
4.21905
2.6
1.8381
1.05714
21.9619
1.07619
29.581
1.54286
14.4381
1
14.2952
6.20952
22.2857
19.981
28.6381
1.12381
3.06667
3.53333
24.981
1.52381
1.7619
1.52381
1.77143
4.84762
2.62857
63.7905
1.86667
3.6381
1.70476
6.49524
20.2286
1.73333
40.5524
1.01905
1.06667
1.91429
1.8
1
25.8571
6.6
1.26667
4.00952
1
1.00952
25.8952
2.29524
17.219
35.3714
1.50476
41.4571
1.31429
2.51429
4.71429
12.2762
1.02857
1.5619
5.30476
7.99048
1
40.2476
1.02857
29.3143
6.80952
20.0952
1.94286
1.82857
5.92381
1.37143
1.3619
10.1524
38.9714
1.37143
1.35238
3.2
1.00952
25.819
44.8762
3.6381
7.86667
19.3524
3.06667
1.48571
3
1.06667
1.11429
1.41905
54.2952
2.24762
26.3619
15.781
30.4286
7.4
2.66667
26.5048
2.3619
32.419
1.19048
1.41905
30.2286
1.67619
7.58095
5.17143
25.4857
47.7429
3.53333
1.87619
14.9619
30
3.33333
3.08571
4.20952
2.52381
38.2476
1
20.9524
10.381
8.0381
3.89524
1.45714
21.9714
2.28571
1.86667
46.2
1.41905
1.26667
31.1905
1.0381
51.0286
3.80952
5.13333
1.31429
1.25714
19.8667
1.87619
14.019
10.1143
19.6286
47.0571
7.8381
1.01905
1.53333
1.29524
1.02857
8.74286
1.06667
1.13333
17.8095
1.48571
12.2381
36.8286
2.19048
1.86667
1.39048
4.9619
1.14286
20.9524
1.15238
35.5905
15.0381
1.01905
2.87619
54.5238
21.1048
23.9333
2.58095
1.71429
2.87619
1.74286
1.58095
1.30476
14.9048
5.68571
41.3429
3.31429
12.6762
2.57143
1.38095
16.3524
13.8476
1.15238
1.84762
7.05714
1.9619
22.0667
2.07619
1.7619
3.24762
2.01905
1.4381
7.53333
4.22857
1.26667
22.219
4.2381
30.5238
1.19048
20.5143
1.12381
4.89524
2.77143
29.9048
2.61905
1.19048
9.65714
1.5619
17.3429
1.66667
3.11429
1.84762
11.3238
27.819
8.4
1.2381
12.2286
12.3905
1.58095
1.6
11.8762
39.6286
1.18095
2.91429
5.13333
1.19048
35.781
1.44762
5.44762
1.06667
1.09524
1.34286
1.25714
23.4476
15.181
1.31429
1.78095
1.50476
1.60952
6.8381
10.981
6.5619
25.781
3.94286
1.39048
1.04762
1
13.0381
1
1.14286
1.40952
16.981
3.74286
2.8
34.5333
1.44762
1
2.53333
2.82857
1.07619
21.9333
19.9905
1.53333
2.66667
3.34286
39.5143
1.07619
42.4762
1.99048
3.14286
20.6857
1.64762
1.06667
2.98095
2
1.86667
1
7.46667
4.4381
12.3905
17.1714
21.9619
21.4857
26.8762
1.3619
1
1.2381
2.5619
8.67619
33.8952
2.00952
1.72381
14.0286
1.04762
1.38095
6.32381
1.33333
9.49524
34.4667
1.0381
2.04762
2.14286
2.1619
3.90476
1.09524
35.6
35.5429
1
6.89524
4.4381
1.25714
8.22857
1.10476
45.9429
42.1143
37.4667
2.46667
3.95238
7.87619
1.47619
33.1714
1.89524
1.09524
1.17143
27.0095
33.4952
1.68571
1.47619
6.74286
5.82857
1.72381
31.1333
1.64762
4.75238
1.01905
4.02857
19.3333
6.8381
37.3905
18.2095
1.60952
2.72381
12.4
1
39.9524
1.29524
8.60952
1.00952
1.69524
14.1143
1.91429
1.33333
1.70476
2.02857
1.80952
2.25714
31.6952
44.3524
14.5143
2.02857
40.5238
2.20952
1
1.04762
2.89524
22.981
3.06667
51.6952
6.57143
26.2476
25.2095
27.3714
2.14286
3.74286
23.7714
1.90476
46.6476
1.67619
2.26667
1
1.10476
43.6095
2.22857
2.31429
43.5714
1.72381
1.01905
36.8857
2.18095
1.00952
1.50476
1.08571
25.9238
38.781
24.1714
1.93333
1.04762
2.80952
1.48571
35.2952
5.79048
23.8
1.0381
3.68571
19.6476
12.4857
1.74286
2.10476
1.59048
26.3238
39.5143
32.0952
1.04762
2.4
16.6762
1.27619
11.1619
5.69524
1.46667
1.14286
1.60952
2.93333
22.2381
1.15238
22.4381
2.33333
32.5905
7.10476
8.20952
20.1429
3.32381
2.57143
1.05714
1.34286
13.8286
19.7524
11.8095
58.4667
3.24762
1.17143
4.54286
13.6667
21.2667
1.85714
41.2
1.12381
4.27619
3.47619
21.9905
3.58095
1
47.5714
42.2
17.1524
2.26667
14.0095
1.04762
19.6286
1.79048
1.00952
2.71429
2.33333
8.55238
1.21905
38.181
1.28571
18.419
1.75238
1.06667
27.2476
3.79048
1.1619
30.019
42.0095
28.3524
4.58095
6.21905
2.82857
1.37143
1.51429
1.64762
1.04762
14.2571
19.3048
2.31429
2.8381
5.35238
1.13333
1.26667
3.68571
9.6
2.77143
15.2476
23.3429
2.88571
23.3905
1.37143
5.86667
6.1619
1.25714
1.33333
1
2.62857
1.74286
1.75238
3.50476
14.2
1.00952
3.65714
1
1.51429
29.0762
21.9238
5.64762
1
1
4.55238
1
1.38095
3.09524
6.68571
1.25714
1
1.6
4.4381
1
1.2381
30.9524
69.8571
1.38095
25.8286
1.44762
13.2857
22.1714
1.33333
2.41905
3.73333
1.42857
2.54286
1.48571
5.49524
1.00952
1.28571
3.6381
2.74286
1.05714
1.8
5.87619
1.04762
26.4762
11.0095
4.66667
1.17143
2.35238
1.54286
28.0476
21.1524
3.65714
3.85714
1
7.79048
12.7429
2.55238
38.4952
2.25714
23.2762
10.6667
25.9714
1.64762
37.0095
1.86667
2.45714
16.9143
2.02857
39.5429
1.86667
39.0667
5.25714
1.02857
35.781
24.7048
2.73333
27.7714
2.17143
1.1619
2.77143
25.5238
49.8667
4.42857
47.581
3.68571
30.6
32.9714
30.2
1.45714
24.419
3.84762
2.48571
3.59048
1.35238
32.8095
2.20952
25.6857
41.4381
19.4
8.1619
1.11429
15.6667
39.981
1.4381
2.7619
19.7143
1.27619
1.60952
1.22857
1.18095
7.09524
20.7143
1.6381
2.8
41.1333
1.08571
41.0095
25.9429
2.64762
2.45714
27.981
1.2381
1.97143
1.41905
36.7333
1.02857
4.21905
33.3714
35.6
2.33333
7.31429
1.71429
1.01905
27.1143
1
46.2
1.04762
8.68571
25.4381
3.62857
1
2.1619
8.92381
18.2286
41.3333
16.3143
2.6381
29.0952
1.08571
2.89524
1.54286
42.3524
1.51429
3.10476
2.6
72.2667
29.8095
19.2381
3.60952
3.62857
13.419
1.06667
2.47619
1.46667
1.0381
15.219
1.29524
15.0286
3.00952
2.61905
41.3048
1
1.00952
14.9048
7.5619
1
1.86667
1.22857
1.51429
28.2762
4.22857
1.11429
1.64762
1.29524
10.6857
3.77143
1.81905
7.52381
7.47619
2.20952
2.57143
1.2
7.8381
37.5905
24.7333
29.9524
1.00952
3.34286
17.419
9.32381
2.7619
1.07619
9.10476
1.80952
19.4
9.92381
2.48571
3.25714
1.45714
23.581
43.3048
2.82857
25.5429
30.4571
16.3333
54.6095
1.73333
9.59048
74.2857
6.81905
22.6095
4.21905
42.6667
1.19048
3.12381
1.24762
30.1714
1.05714
2.87619
10.9143
8.29524
1.25714
4.99048
3.45714
2.01905
15.2381
26.2667
3.68571
19.819
3.24762
17.8095
4.00952
1.34286
3.00952
26.4476
12.7714
20.3333
10.8286
39.9143
1.24762
1.25714
16.8476
19.4571
25.6286
2.8381
18.6286
2.95238
1.05714
1.00952
1.50476
1.41905
1
2.2
4.02857
1.70476
2.46667
3.38095
1.51429
1.40952
1.35238
2.47619
4.73333
1.40952
3.28571
3.9619
3.41905
29.5619
1.10476
2.44762
2.08571
16.3619
1.04762
1.45714
2.05714
22.2476
32.0952
3.71429
1.72381
30.9048
12.9429
6.21905
3.02857
1.69524
18.3238
2.1619
1.9619
7.02857
2.84762
26.7238
24.2
26.0667
1.50476
6.75238
3.4
35.8
1
28.6286
24.5333
19.3429
32.6952
26.8857
10.1524
4.99048
17.0476
43.019
36.5905
3.25714
13.2667
7.6381
1.52381
1.19048
1.06667
19.2095
1.00952
13.6857
16.1524
1.47619
1.85714
1.85714
3.10476
1.30476
40.1048
2.71429
2.47619
1.24762
8.80952
19.4476
2.13333
1.31429
23.4286
1.4381
1.93333
39.981
15.9905
1.2
4.05714
1.01905
1.02857
17.3714
24.6952
17.5619
25.4
1.92381
1.8
9.53333
2.71429
1.02857
23.781
2.97143
39.0667
14.7905
2.05714
1.89524
5.0381
13.9238
36.9048
1.59048
1
2.10476
21.0095
2.28571
31.2762
4.13333
1.08571
5.4381
3.18095
6.47619
1
5.41905
2.57143
1.21905
1.6
1.6
1.53333
5.21905
1.53333
18.7048
5.29524
1.11429
1.39048
1.88571
2.95238
1.35238
77.2286
1.2
3.12381
20.8952
1.22857
53
1.2381
15.6286
7.98095
1.59048
1.60952
1.6381
1.6
15.9333
1.27619
3.79048
17.781
1.99048
2.3619
2.66667
1.00952
1.54286
2.05714
1.05714
34.7524
36.8762
15.1714
2.48571
1
4.86667
8.74286
26.7714
14.3619
2.40952
13.0857
28.0381
2.3619
1.13333
4.10476
19.5524
1
6.09524
1.42857
3.21905
1.89524
1.75238
30.0476
2.12381
6.09524
15.8667
1
1.77143
8.5619
1.1619
1.40952
2.28571
16.1524
1.05714
1.77143
25.9905
1.59048
1.17143
1.68571
46.9905
25.5714
1.13333
1
15.2476
2.4381
1.77143
34.019
1.04762
2.17143
36.219
3.13333
49.2095
42.7905
23.981
1.27619
2.73333
2.08571
4.91429
1.22857
18.6
1.2
1
1.01905
19.5714
1.12381
1.77143
2.28571
13.8
7.46667
1.14286
2.32381
1.2
3.07619
6.62857
48.2667
17.8571
1.68571
1.57143
20.4952
26.5333
1.52381
19.8095
2.38095
1.09524
29.4286
25.5524
1.24762
1.4381
17.981
6.02857
2.6381
25.2476
17.3429
4.52381
30.8952
3.74286
32.7524
1.37143
34.1429
4.70476
1.61905
19.2476
1.01905
28.8952
17.1524
12.4
2.92381
1.44762
2.4381
2.92381
1
1.06667
1.51429
11.4667
18.4857
27.2095
31.8
1
3.6
19.2095
30.7429
24.8381
1.05714
1.02857
2.4
9.20952
22.6571
1.53333
2.49524
2.82857
1.13333
4.91429
1.01905
11.7238
4.25714
28.8381
22.6095
1.85714
1.0381
23.3524
31.3429
1.53333
41.0286
1.01905
4.58095
10.9333
19.981
17.1333
48.6667
1.39048
1.02857
1.61905
1.80952
11.7333
21.8667
32.7429
1.6381
17.0857
36.6952
1.19048
1.5619
15.6571
53.2476
1
5.87619
1.40952
8.4
11.1238
19.5524
1.49524
2.39048
1.27619
33.2857
14.219
3.33333
23.619
1.00952
12.4667
4.55238
27.981
7.38095
2.49524
1.3619
24.2381
50.0952
3.82857
1.09524
1.97143
1.07619
22.9524
1.61905
1.00952
1.55238
30.3333
27.381
20.181
1
1.61905
4.01905
31.0952
36.0476
4.66667
2.53333
42.8095
49.6667
15.5333
1.59048
22.8667
2.85714
1.38095
28.8381
2.81905
1.1619
8.25714
1.87619
1.51429
1.0381
3.08571
9.5619
28.9619
4.40952
1.35238
1.34286
4.57143
9.93333
33.0286
57.5524
19.4857
2.31429
1.26667
1.18095
29.8952
57.4
22.5429
7.3619
2.34286
6.52381
1.27619
12.381
43.2571
26.4571
3.77143
19.381
1.39048
1.05714
1.77143
23.8286
1
1
2.24762
2.54286
1.50476
26.7238
1.84762
3.62857
29.1619
36.9619
11.781
41.9524
5.08571
1.97143
2.59048
1.46667
12.4762
26.8381
3.74286
2.05714
16.0667
1.80952
1.17143
48.9333
12.819
4.51429
1.00952
26.3333
37.6
10.6952
21.3714
1.87619
2.09524
2.14286
1.3619
3.58095
1.08571
1.01905
10.8
2.06667
2.29524
1.07619
15.4286
24
3.93333
1.01905
3.79048
33.5238
1.13333
1.04762
10.7238
16.9333
3.4381
2.35238
1.91429
46.381
1.01905
1.34286
34.1238
1.14286
5.17143
1.6
1.27619
6.29524
1
46.6952
1.0381
4.29524
1.4
41.9619
29.8857
1.79048
1.31429
3.35238
23.5333
21.3143
3.2381
36.5143
8.51429
1.19048
2.65714
1.95238
35.181
23.1524
1.69524
16.6571
1
3.45714
2.51429
2.26667
39.1429
12.3905
1.82857
5.60952
32.1143
2.18095
42.8095
29.8476
1.11429
17.7048
10.0381
1
3.06667
2.68571
4.77143
2.15238
1.41905
44.6571
2.66667
1.30476
1.18095
1.10476
1
55.2095
1.00952
6.75238
23.3619
30.0095
1.21905
14.2571
1.5619
20.0095
2.7619
11.4762
35.5524
1.12381
14.0667
6.4381
47.2952
1.73333
1.39048
2.4
33.3429
3.93333
21.5905
1.5619
21.2
33.4762
1.05714
37.4381
3.37143
2.52381
30.5619
1.00952
11.581
42.981
1
1.18095
30.219
1.19048
1.55238
18.3714
2.60952
2.0381
31.8095
19.0286
2.32381
4.17143
14.3524
31.8
22.1143
18.4476
1.4
18.4857
1.8
16.9333
1.01905
1.17143
48.1143
18.8571
2.41905
1.09524
13.8571
1.2
7.20952
1.73333
10.2857
3.97143
37.7048
1.00952
29.5333
1.54286
27.6952
1
9.19048
4.37143
19.0286
1.06667
1.68571
1.33333
2.27619
23.7524
1.01905
48.4857
37.7238
2.90476
17.1905
1.3619
1.54286
1.1619
2.27619
1.1619
29.8857
25.2857
27.7429
2.51429
1.74286
1.07619
1.04762
4.49524
1.8381
54.1048
1.5619
14.6762
1.28571
1.20952
37.5905
17.0381
2.84762
5.0381
13.7238
1.35238
1.05714
52.6952
2.04762
2.42857
1.01905
1.28571
1.25714
1.75238
35.7524
1
14.4
32.5333
1.20952
1.58095
2
24.6667
10.0381
39.5143
19.6667
10.7524
1.91429
31.819
2.12381
21.9524
18.8571
19.581
3.60952
31.8762
6.35238
27.1429
1.97143
33.6095
8.78095
1.0381
1.59048
1.01905
1.04762
2.67619
14.5714
4.74286
10.7143
1.60952
14.5429
2.05714
3.93333
1.02857
1.40952
9.41905
2.25714
1.27619
3.8
2.27619
1.4
19.781
1.07619
1.91429
