10876 34740
21.4857
11.4762
5.4
16.419
11.2381
13.8476
16.0952
10.1238
12.5714
17.4952
20.8286
6.8
12.2476
11.6571
15.819
12.3429
12.3714
13.6857
10.0095
17.3333
18.8286
11.6762
7.24762
11.819
9.37143
20.4952
17.819
4.22857
4.9619
5.35238
5.77143
8.81905
14
12.2476
9.07619
8.15238
18.1143
12.7143
24.1905
14.2762
4.73333
15.7333
24.8381
17.7143
8.98095
15.1048
25.3524
15.6857
5.30476
15.7333
12.0857
14.2762
20.0952
10.4762
10.4095
16.4381
9.18095
12.1048
12.2667
14
18.5619
13.9619
19.5048
13.0667
10.8381
13.0667
9.6381
8.58095
18.6952
7.78095
18.7714
11.4381
14.6095
10.5238
17.5143
9.13333
11.3333
12.9143
15.7714
12.619
14.0571
7.39048
8.91429
16.2381
10.7238
14.1524
18.6286
15.4667
9.05714
10.781
11.6
12.9333
5.92381
13.5048
10.0286
8.10476
17.819
24.1429
10.5619
17.4
21.5238
20.3714
13.181
9.0381
13.2
15.6952
14.5333
5.84762
7.85714
18.6
13.5619
11.7333
18.181
15.1048
10.1143
13.6095
7.38095
12.0095
13.5238
14.2095
19.219
11.0667
9.37143
9.59048
7.99048
20.6095
16.1429
20.0476
23.0095
22.7143
11.4762
14.9619
13.7524
7.79048
18.6476
21.4762
18.3714
15.5429
14.3238
10.5905
19.2667
26.7143
12.2
14.0095
9.55238
18.3524
16.6571
20.6381
11.9524
15.1905
13.019
20.4667
16.981
15.981
14.0667
16.7429
20.981
9.67619
9.5619
12.3238
8.09524
14.5143
11.9524
18.2571
17.5619
11.7333
11.0381
12.7619
16.2762
9.29524
17.9714
14.2857
13.7619
15.4952
9.58095
4.59048
13.2667
15.0762
16.4952
19.8762
16.219
19.8857
8.66667
18.619
13.2381
17.1048
13.3619
17.4667
13.4476
25.219
15.4
17.0762
11.1048
10.6571
17.2381
12.0762
16.2381
10.3524
13.2571
20.0762
14.4571
10.0857
12.381
20.6762
8.3619
5.6
19.0476
7.84762
14.6476
19.0857
13.5429
18.9429
7.17143
16.1524
15.3905
11.0667
15.4857
6.6381
18.3905
10.4762
11.2476
9.2
11.6762
18.5143
16.5714
13.4476
11.2476
4.8381
10.2667
12.9524
11.5238
10.381
11.2095
10.6667
13.0476
11.9429
15.5143
8.7619
9.1619
12.0667
6.33333
9.14286
5.84762
15.3714
22.6476
18
23.6381
18.2857
14.5619
16.3619
8.79048
12.7905
8.65714
6.45714
10.8095
13.781
15.6857
14.3048
12.1714
10.6381
14.5714
13.9143
17.1905
6.49524
8.92381
5.05714
15.8381
19.4095
15
14.6381
22.0286
19.5524
23.8095
14.7143
10.7524
13.1143
13.1524
5.64762
17.1619
17.019
20.781
10.6095
10.1714
16.5714
16.5048
14.8952
7.26667
13.6571
13.1619
21.0381
14.8286
21.2571
19.019
15.4476
16.8952
18.0857
13.1619
22.2857
14.2381
14.6667
5.10476
15.2667
17.8286
23.7524
16.9429
14.6857
13.3905
12.7048
8.74286
16.6952
19.181
21.4476
18.8
21.3714
13.7619
10.4952
5.8381
16.619
24.4667
15.9238
6.38095
7.02857
10.2667
16.7619
20.7143
9.8381
12.2857
11.7619
18.7238
16.8762
5.48571
25.9714
6.62857
5.54286
12.4095
13
10.4476
11.981
13.0762
10.0095
14.9714
6.5619
10.1714
12.0381
7.77143
12.2095
23.1238
7.94286
14.9714
13.4857
13.2762
16.9714
19.5143
10.3143
12.7714
10.7333
14.3524
12.5429
13.4952
9.05714
8.18095
15.0476
7.34286
15.819
11.0667
11.1524
12.5048
14.3143
10.2095
11.6476
10.0381
9.27619
5.05714
9.4
8.58095
8.74286
13.5619
8.52381
13.3619
16.6952
11.7143
8.8381
15.1619
19.3619
12.9333
23.8762
18.1333
23.6381
16.6
13.0095
11.7429
15.419
22.2667
17.4095
18.8381
20.1143
16.5429
16.2762
11.2
10.2762
7.8381
17.6095
13.4762
17.3143
4.90476
10.7429
15.4667
15.581
12.3619
13.7524
7.47619
8.53333
11.6
17.3619
12.0476
17.1714
11.5429
13.9238
12.819
8.2
26.3524
13.1905
10.0381
4.41905
18.0571
12.2286
10.5048
6.3619
8.2381
9.60952
10.6571
9.79048
10.9714
5.39048
14.9048
18.7714
14.0952
9.77143
18.0095
9.51429
13.4476
12.8381
14.8
12
15.7905
12.3429
15.0571
15.2667
11.8667
11.8381
15.4286
10.6857
21.2286
9.32381
13.4286
12.0857
15.8857
10.8762
16.2762
16.0762
13.0381
10.7714
20.4571
19.2571
13.3714
10.2667
9.73333
7.66667
7.07619
15.0667
14.6381
11.9143
5.57143
11.3714
14.5238
13.7429
14.7905
17.5429
13.7714
18.0571
11.6476
14.4476
14.0286
5.92381
18.019
9.31429
21.4762
14.2476
12.8095
15.4286
27.1048
17.5333
12.1238
12.8476
14.6952
14.0286
7.28571
16.3524
12.9333
11
20.6667
17.8476
16.7619
7.10476
13.981
12.2667
14.3143
15.2381
27.2286
17.3524
14.6
10.8476
8.29524
10.8952
17.0571
11.7333
25.5905
12
7.60952
14.0476
8.66667
19.6762
14.2762
15.419
9.89524
20.4
12.9524
15.381
16.8667
14.8571
13.1429
5.53333
9.65714
6.40952
16.8476
9.91429
11.3524
14.7524
13.181
6.62857
10.4857
6.52381
15.5905
17.0952
11.7524
14
14.581
17.4381
9.48571
9.74286
10.9714
13.4571
8.29524
8.99048
15.181
9.28571
18.4857
12.2476
9.05714
11.4381
11.381
17.7714
9.95238
9.25714
11.8857
22.2667
14.4381
17.4667
16.5333
11.4762
29.181
17.2952
16.3429
14.4857
11.4762
16.2095
15.5238
26.3048
7.53333
20.019
11.3238
13.5333
9.91429
18.9333
4.60952
6.72381
9.42857
24
14.9429
11.4762
22.381
9.42857
19.8476
16.6762
10.0381
17.2857
7.49524
12.5619
9.40952
15.781
13.3524
9.87619
12.819
13.4286
14.3238
11.8762
15.4952
21.3238
13.8095
12.4952
19.2667
23.3714
5.68571
13.3429
11.4857
10.1429
19.2857
8.93333
19.1905
17.5905
8.70476
5.5619
10.6762
10.1048
14.2762
18.6667
6.62857
12.7619
16.1143
12.9048
10.0571
13.5143
8.54286
11.5714
8.2381
12.5524
12.2095
16.7333
18.7524
23.1714
9.44762
10.1714
22.6381
11.8095
7.58095
8.60952
8.14286
11.4476
12.7524
11.2
10.4667
14.2952
18.2476
9
19.2667
10.0286
13.6476
17.5714
19.1143
15.6571
10.7524
11.4857
8.4381
11.0476
15.8952
9.22857
12.9238
19.1714
15.1238
17.181
13.981
15.019
5.94286
8
15.3048
17.0762
17.6095
13.4286
15.5048
16.3714
9.67619
12.2
13.381
13.3714
17.2476
7.59048
19.3143
18.9905
11.7048
14.7238
15.9905
9.25714
16.1524
9.42857
14.2762
10.9333
17.7619
9.00952
16.2952
9.18095
6.70476
19.6857
22.5524
10.6667
12.1524
13.8286
18.819
8.73333
18.4381
10.8857
8.1619
12.8952
15.6286
14.5143
11.2952
11.5714
16.1619
14.9429
12.8857
6.84762
13.8381
8.2381
16.2095
19.3238
13.8857
17.0857
15.9714
15.2095
21.8571
9.38095
12.219
26.0286
15.7048
22.4
8.88571
5.44762
11.2
9.57143
16.0667
21.181
6.42857
9.48571
18.9619
12.7333
7.85714
15.1143
12.8095
24.7143
12.0667
12.2476
16.6762
20.8095
9.41905
9.35238
6.31429
5.74286
10.1714
17.6286
8.37143
17.0095
13.8857
15.0381
12.5905
14.3714
7.11429
21.5524
6.39048
18.8667
16.3238
13.3524
19.5714
6.71429
15.0381
22.9905
11.8476
18.9048
15.3714
12.0571
17.8
12.7714
25.8286
17.3905
16.0095
12.0667
12.4476
14.2381
12.219
9.09524
17.5619
8.28571
8.07619
20.8476
15.8381
17.1714
14.7143
9.93333
25.0571
15.7714
15.9714
17.7333
9.75238
18.8762
21.7905
17.4762
12.2667
13.819
16.019
5.31429
8.15238
17.6667
21.2381
9.91429
5.4381
11.3619
5.34286
15.5429
11.8762
9.59048
14.5333
14.3238
19.2857
13.9048
14.981
27.1524
7.46667
12.1048
12.5619
16.8571
12.7619
12.9143
21.3714
18.3143
12.9714
10.4857
12.2476
20.3143
13.6762
12.7143
12.781
11.7429
13.1905
18.581
8.33333
8.85714
9.29524
11.1524
14.9333
12.7524
13.0095
16.1714
12.3524
18.4286
9.24762
12.6667
13.5429
11.8952
4.82857
18.2571
6.18095
4.53333
12.1619
13.3333
10.1714
5.32381
5.19048
14.9429
16.0476
12.5429
10.4952
22.8571
14.6571
14.1905
19.8476
8.8
13.5238
7.66667
8.28571
6.71429
15
10.0762
14.2
12.6762
13.781
9.59048
14.0476
16.2286
6.6381
14.3238
7.2
7.62857
11.9048
6.61905
10.1238
19.0476
17.4952
13.3238
12.9429
7.15238
16.1238
11.8857
9.61905
12.5048
17.0762
8.77143
9.84762
11.1048
7.4381
15.1333
18.1429
17.0667
14.6952
15.0571
10.8095
18.5714
13.181
17.0476
14.7429
12.581
15.4
14.7524
9.48571
9.22857
21.9238
14.3905
10.4
10.8476
8.19048
9.92381
9.19048
8.82857
17.6571
17.0571
11.0952
16.5524
21.981
15.0762
7.42857
16.1429
16.0095
13.4571
12.219
12.1524
29.181
22.7333
8.59048
19.4762
17.5619
15.9714
15.3905
10.9429
7.9619
15.1429
13.219
19.4095
18.0476
11.6857
6.8381
13.1905
14.4476
18.5143
11.1714
14.3238
10.5333
21.9429
17.2286
8.33333
17.1905
13.8
13.9619
9.50476
20.9333
14.5333
20.1429
9.33333
10.8381
11.2095
15.5429
13.2762
24.4095
20.181
28.1619
7.17143
8.34286
6.32381
10.419
9.62857
19.1429
14.9619
23.1905
10.0952
16.5619
12.1524
13.5619
24.8952
12.3714
17.5429
11.7333
21.7429
17.3429
11.3333
8.01905
17.5143
6.15238
11.0857
15.8381
13.8381
9.72381
9.78095
8.20952
10.3429
6.17143
13.8952
15.6476
13.2286
17.7429
16.4571
23.0571
19.9714
18.7429
18.8762
20.5524
7.49524
17.8
18.419
9.50476
10.0857
14.0762
17.0381
4.57143
16.8571
17.2857
12.2476
21.7048
14.3429
16.3619
10.9048
10.8
28.581
9.93333
15.8095
28.619
12.4
9.90476
9.22857
12.1429
13.0476
11.6381
7.6381
7.04762
15.2857
17.1524
17.0667
13.2857
8.50476
17.419
11.9524
18.8
11.7619
17.781
14.3619
10.0571
16.6381
11.1619
15.819
17.4381
13.8857
13.0667
5.25714
16.7714
13.9524
7.30476
14.8381
7.1619
6.40952
9.66667
19.4095
12.4476
19.4
23.581
14.819
15.9714
11.7048
8.57143
15.0286
19.2952
12.5714
9.24762
9.89524
9.01905
13.3429
20.0857
16.0571
16.5429
8.6381
10.2571
9.61905
8.80952
24.381
8.90476
22.581
9.35238
10.4
8.91429
18.2
15.0762
19.9714
15.0857
18.9905
12.6286
16.7238
16.2286
12.5429
5.45714
13.4857
5.3619
12.6762
5.24762
19.7619
11.3905
13.5048
18.6571
14.7429
14.8762
19.2476
9.21905
20.6571
19.3524
13.4952
14.5619
10.9238
18.219
20.5048
15.0476
10.8476
14.7524
11.2286
16.0476
5.30476
16.9905
13.7429
15.1524
11.0381
5.30476
14.2286
10.4762
13.5143
15.419
22.5238
13.8
14.2381
15.0286
10.9905
8.10476
8.26667
10.1333
15.3048
13.9714
20.1143
8.50476
8.39048
9.10476
17.3524
17.6381
15.5619
13.5333
12.9238
9.41905
20.0667
13.2857
8.42857
17.2381
16.8476
19.0381
15.7905
15.981
13.2286
19.3714
13.619
9.27619
17.0476
11.7619
14.6952
11.4857
14.9048
16.0381
7.29524
6.62857
6.4
18.4476
9.79048
15.9333
11.8381
6.66667
18.2762
9.38095
15.581
14.8476
16.1905
4.68571
14.4
15.2095
17.7333
13.819
9.11429
11.2571
16.5619
11.3238
14.3905
15.7048
8.60952
5.4381
13.0095
9.2
7.9619
8.26667
15.7048
13.0095
10.1333
15.4
16.8667
5.79048
15.1714
14.1333
9.55238
15.1714
15.8
16.3905
12.3143
9.00952
15.2571
13.4857
21.2381
16.5143
5.95238
4.84762
8
16.7524
4.86667
9.2
5.64762
14.8952
14.5524
15.6667
19.5714
10.1905
12.4095
8.6
9.66667
13.1333
8.19048
23.8571
9.35238
22.5905
11.2762
14.8762
16.8286
9.08571
12.7048
8.3619
5.37143
11.8095
13.2857
21.219
21.5714
15.8571
15.5429
15.5333
12.5143
10.1905
12.619
13.6476
14.7238
19.3048
11.1143
15.0095
9.41905
11
9.50476
12.4857
7.05714
9.22857
13.5333
14.2286
8.39048
19.6286
12.5143
8.0381
11.7619
10.3238
7.49524
13.2286
13.8381
7.97143
19.9714
15.4381
12.0857
8.51429
9.84762
7.42857
11.9238
10.2
11.4
13.3619
9.47619
16.5714
13.6762
15.8857
13.3905
19.2286
9.4381
20.6667
15.3238
19.381
11.7048
16.8762
12.781
10.9429
14.1714
9.48571
20.3333
15.1238
9.40952
17.619
9.2381
16.9714
20.3238
9.50476
11.9524
13.1905
13.381
10.3524
10.8762
13.2286
14.8095
10.7048
12.781
17.1333
12.5429
8.90476
13.2762
15.8667
13.6571
10.6381
10.5619
13.9905
16.6286
19.0095
7.60952
17
12.5238
10.9238
18.9619
8.09524
13.5048
6.69524
9.95238
10.1524
15.8095
16.3238
10.3333
12.5524
12.7143
11.3429
11.4
19.3905
17.6095
9.39048
10.6476
14.419
7.82857
7.78095
11.219
5.97143
14.6857
17.9619
4.34286
6
15.7619
12.2571
10.6381
16.9524
18.8381
9.86667
15.0286
8.47619
8.7619
20.4095
11.8762
7.99048
10.2952
7.71429
13.6762
15.819
8.85714
12.4476
9.87619
10.981
5.15238
16.3619
13.3048
5.77143
17.3714
9.02857
10.7143
14.9143
11.4667
13.5333
14.8
22.4571
9.98095
15.0381
6.82857
12.0667
13.3238
22.2381
11.8952
16.6571
13.6667
15.2952
7.47619
13.2
10.2095
14.0667
15.1429
11.9905
12.3905
16.7048
10.8095
18.0857
9.49524
11.819
7.15238
14.7905
8.53333
10.9905
19.1429
10.6857
18.6381
11.8952
21.1143
6.89524
6.34286
21.0286
18.9524
10.6
20.381
9.29524
14.6762
23.0476
22.5905
11.7905
12.6286
10.9048
16.7429
14.0571
11.3238
17.7619
6.99048
11.1143
15.4381
12.0286
14.7429
13.3905
18.8095
18.8667
9.6
7.27619
12.6381
16.0857
15.9143
14.781
19.7143
12.8857
9.60952
16.0667
18.0667
22.0095
16.981
16.1429
18.819
17.6381
8.45714
13.4
16.9238
12.219
18.8667
16.9905
19.3238
16.6952
22.2571
11.0095
6.6381
13.6381
10.0381
14.7048
14.2952
18.0476
16.7714
7.45714
13.3619
8.10476
12.5619
13.381
18.419
11.8857
12.6762
5.69524
4.50476
11.5238
15.7714
6.80952
11.9333
20.6667
24.3048
11.4857
14.8
10.9048
18.5143
8.48571
12.0952
8.49524
22.219
21.5143
10.6571
12.7619
11.2667
15.181
11.5048
13.8952
14.3524
5.07619
6.6381
8.79048
7.37143
10.8286
13.8857
9.25714
15.6286
17.8571
16.9238
11.7714
5.60952
10.419
12.6857
16.1524
9.47619
21.6476
13.8571
4.4
17.219
10.7238
15.181
17.3238
13.2381
17.1143
10.6667
14.8762
13.8095
23.8571
8.57143
12.3524
12.8095
8.44762
14.1238
11.7048
24.2
13.1429
10.5619
19.2476
14.0857
17.9143
13.6857
5.6381
16.9048
8.69524
16.5714
11.6095
14.4
16.4857
18.6571
21.7143
11.019
10.5905
10.7429
19.8762
13.7238
11.1429
12.0571
5.33333
9.52381
17.3143
18.3238
21.1429
13.8952
12.9333
19.9143
11.9143
14.7714
15.5143
8.49524
11.2571
17.1333
8.49524
9.06667
8.92381
8.12381
8.30476
13.1048
10.4286
9.37143
10.2952
12.7238
24.5238
15.9048
16.419
5.7619
12.7524
11.7238
12.7524
14.7333
23.6
7.92381
5.3619
4.11429
13.5238
14.619
9.61905
8.4
15.7429
16.5905
13.2095
13.019
15.7238
12.4952
10.2095
16.5714
13.8095
8.15238
6.2381
12.4762
13.6286
18.3905
15.2952
14.3429
19.0667
16.1714
16.7714
10.5048
9.46667
16.6952
19.3905
8.12381
9.81905
7.18095
16.4
17.2381
10.4
16.2952
10.5524
9.1619
12.5619
10.3238
6.75238
8.35238
10.4857
5.75238
13.0571
15.981
15.7333
13.0571
6.94286
9.37143
7.77143
23.2476
14.1048
4.60952
9.8381
16.2
9.06667
11.6667
7.20952
13.0667
13.2952
13.6476
14.8
9.97143
8.93333
16.7619
9
11.8571
19.2762
12.4857
11.3714
14.9238
17.9524
7.52381
6.24762
6.65714
21.1238
8.58095
10.4381
8.47619
5.84762
8.31429
4.2381
22.619
11.981
10.9619
10.7905
10.1048
9.37143
9.47619
7.61905
7.64762
15.9333
7.74286
9.55238
10.5905
9.98095
19.4476
15.1048
20.4857
15.419
11.4571
14.4286
18.019
14.8095
17.0952
16.0286
8.32381
15.3905
19.1048
17.2667
12.2095
9.5619
11.3714
13.4095
9.45714
6.78095
12.6952
19.6
7.20952
18.2762
19.619
7.20952
11.4
28.6286
14.6286
14.2095
8.26667
13.7905
9.94286
9.62857
16.819
4.69524
11.181
19.381
15.1143
16.8095
5.29524
22.4762
11.7143
12.0952
13.7048
5.88571
12.4762
12.6952
9.32381
17.2381
15.8476
13.3333
11.219
19.3524
16.0571
14.5333
9.7619
10.4667
6.75238
12.3524
13.6095
10.6667
6.17143
14.6667
10.581
8.27619
17.8381
12.9238
11.381
10.2667
8.29524
16.181
12.5143
11.4857
6.22857
13.619
10.4667
14.0952
30.9333
19.3619
17.3524
12.3524
8.49524
14
16.781
15.019
18.1333
13.2952
11.2667
18.4667
16.1524
14.1333
15.7238
15.1048
6.81905
9.0381
9.74286
15.1333
22.4857
13.1714
15.7429
18.1619
10.9333
15.7714
5.77143
14.0857
10.4762
16.4381
15.781
11.8
5.05714
8.52381
18.7714
8.75238
13.9429
16.2762
19.6476
14.619
8.67619
15.6667
7.26667
12.5619
17.0857
22.8286
12.8476
16.7619
8.26667
9.40952
18.0952
10.3524
12.9143
12.5714
12.7333
9.89524
12.9714
11.1714
14.6381
9.84762
7.8
14.019
14.6952
11.581
22.7333
13.5143
16.2857
11.6476
16.0667
10.1524
10.0476
14.3143
14.8381
13.1619
9.54286
12.5524
13.0571
6.93333
12.5905
12.6476
16.1048
11.4095
9.34286
20.3333
16.5524
17.9714
17.4095
16.1905
19.7905
10.4381
10.5714
6.58095
18.4952
12.7429
17.5333
20.0286
10.1238
13.6952
8.89524
21.0857
10.3905
14.781
12.4762
6.6381
9.54286
12.7333
18.9048
6.46667
13.8952
11.5238
13.8286
10.7524
10.7143
17.5048
12.6857
12.0857
6.99048
13.2381
19.2095
21.619
16.4286
11.4476
18.2476
12
7.92381
5.44762
14.619
6.25714
7.70476
15.8857
14.1714
12.5714
14.3714
11.2571
10.3905
13.4476
8.0381
13.2286
6.78095
12.8381
19
12.981
16.819
16.6667
10.3429
13.2762
10.9524
10.7714
10.7524
9.74286
10.6
14.4952
17.6381
14.2476
13.5714
9.4381
10.7714
15.7524
12.2476
22.9905
16.3238
20.4571
12.7238
9.90476
15.4571
15.1048
12.5143
11.9143
15.6286
11.9429
18.6571
10.619
9.86667
14.2381
11.7905
12.8762
18.0286
11.2762
12.7333
12.2857
16.6476
14.1238
9.88571
16.8
21.3714
7.6
13.4857
19.7048
14.6762
10.8952
8.8381
16.8571
10.8571
18.8381
8.66667
19.3714
12.219
13.2571
5.67619
10.781
17.1524
15.9714
13.5048
11.4762
5.93333
14.8286
7.85714
20.4095
11.1333
10.7143
10.1048
8.71429
7.6
12.7619
7.06667
10.0095
14.6762
9
13.2095
13.5143
10.6286
13.7714
14.8762
11.1429
8.79048
24.2286
9.7619
14.0571
15.219
5.41905
13.0381
12.8667
10.4762
10.0952
16.0381
12.4
10.3048
8.73333
6.84762
12.8
14.0381
11.3238
9.53333
10.6857
9.46667
14.4857
17.1524
13.8381
6.95238
15.6
23.8667
9.79048
8.94286
14.8381
5.85714
13.0952
26.8286
11.5524
15.781
17.8667
9.78095
9.59048
12.0286
5.3619
13.381
14.9333
13.6857
11.9619
17.3048
12.7905
13.8
8.61905
16.0286
19.8571
11.5905
17.9619
11.0476
8.86667
16.5905
10
8.60952
11.8762
13.7143
10.9238
20.3714
10.1238
10.5429
10.2381
6
21.6095
7.88571
15.6762
18.3429
9.77143
10.2095
14.0571
6.88571
20.0857
9.4
18.5619
12.6
18.981
5.00952
13.8952
13.2476
8.12381
8.64762
17.5143
20.781
14.1333
4.64762
13.3524
8.14286
23.3238
23.3714
7.2
16.9714
17.2095
10.8762
11.5429
12.8571
8.54286
14.8476
8.67619
12.7524
16.7238
13.019
12.9429
6.47619
17.4952
24.181
13.3143
7.85714
15.219
18.4095
12.419
18.6762
16.7143
10.419
16.2095
15.781
12.4286
17.4
12.1619
10.7048
10.6667
8.81905
22.2667
7.28571
12.6952
11.7619
12.6095
14.0381
10.3714
14.181
12.8476
9.71429
8.24762
18.1619
6.35238
7.74286
16.3048
15.4857
12.1333
11.9905
20.581
18.4857
19.819
12.5619
20.8
13.3905
18.7429
14.2
7.4
15.1143
11.0762
6.41905
6.41905
10.0762
10.019
9.7619
8.57143
7.4381
4.79048
18.7429
14.7143
16.4571
19.6952
11.9238
13.9524
8.42857
16.7048
13.7333
10.1714
10.9333
16.3619
10.6857
17.7714
10.1048
18.5429
12.3905
15.819
12.0476
8.52381
9.86667
17.7429
10.7143
15.8667
10.4095
8.67619
6.10476
20.6
12.8095
7.49524
13.3429
21.0381
12.381
9.87619
17.619
9.7619
8.22857
20.7429
12.8476
11.2857
14.1714
10.419
7.94286
15.8571
7.0381
11.4667
13.981
8.13333
5.85714
20.8286
17.6
11.1333
7.55238
9.86667
12.6381
13.619
17.1333
13.5429
10.4571
7.8381
10.8286
15.3429
12.381
12.4667
13.9143
10.6286
7.71429
6.84762
8.90476
10.2952
13.8381
10.5143
8.40952
11.619
17.4857
13.3333
8.2381
26.3714
10.381
12.4857
17.2286
10.5238
18.381
10.9238
5.18095
12.8476
18.9905
13.9238
15.7524
10.7333
18.2952
16.3714
9.26667
9.81905
17.7048
16.5429
8.13333
8.69524
14.4571
14.5429
8.06667
12.4952
12.619
18.0857
14.8095
15.9238
14.3143
25.6952
13.181
8.42857
7.6
12.1048
19.2381
10.2381
7.64762
18.4571
13.4095
19.1143
10.2286
8.01905
22.1524
7.77143
13.2762
24.3619
10.5333
11.8571
11.6857
13.5619
13.3619
13.8952
20.019
7.50476
15.0857
17.9619
11.5143
18.1429
25.0381
14.6476
13.1905
13.9905
14.8
14.9905
9.86667
21.9905
11.7524
13.0381
7.08571
14.8571
20.0667
12.3333
12.0381
9.82857
7.30476
5.99048
18.1429
5.14286
5.91429
8
9.80952
16.9714
17.1714
14.2571
13.9143
18.2952
11.8857
10.2857
5.78095
17.3429
11.2
9.39048
14.819
5.61905
13.4667
17.5619
17.1048
14.3238
13.6095
8.8
11.6762
4.62857
12.4952
9.1619
8.17143
19.8381
15.3333
10.581
9.85714
21.4952
15.4571
15.9238
12.9619
5.88571
14.981
13.2286
14.3143
13.3619
13.781
19.3429
13.3714
9.18095
6.98095
17.2476
19.7333
8.67619
9.82857
14.2952
8.24762
16.7143
14.9714
12.2667
12.5143
15.6667
19.8286
10.419
16.3619
5.10476
8.48571
11.7238
5.35238
15.3905
6.54286
21.5905
14.1143
9.42857
16.1524
11.8667
19.6476
15.0095
9.81905
9.27619
12.1429
10.8952
13.0952
22.0476
10.6476
10.6952
13.2952
10.9619
10.8667
5.98095
13.3333
10.581
7.02857
7.11429
15.581
17.5619
7.48571
26.6952
14.4571
12.9619
14.8952
6.71429
10.6381
5.44762
18.1048
10.8571
15.619
19.6381
12.6476
13.6381
6.75238
12.6
18.9429
14.0762
13.0286
14.6667
11.0381
13.7333
15.5333
15.8476
7.3619
17.6762
12.9048
7.08571
16.781
15.4571
10.6476
20.5714
9.41905
11.8857
14.6
14.1905
11.3524
5.87619
20.7048
10.2286
16.7333
15.9524
18.5905
14.4476
8.25714
10.2667
8.77143
9.2381
9.90476
18.2762
9.64762
8.57143
7.31429
7.90476
7.60952
11.9143
12.419
11.5905
12.0762
10.3524
6.90476
8.07619
14.7714
5.50476
15.3143
10.7524
13.2095
13.3048
12.9333
11.6095
9.14286
10.981
17.0095
12.3619
16.9429
9.20952
14.1333
9.80952
16.6095
12.1333
8.72381
18.7905
12.7524
9.89524
8.80952
11.5238
13.2
11.1905
12.8476
9.25714
19.2952
9.55238
9.50476
11.5333
20.819
20.0762
11.6857
15.5143
10.7524
20.7333
13.981
14.7429
9.47619
20.1143
10.3714
15.1143
12.0571
8.70476
18.6571
13.7048
18.6667
11.7143
7.9619
22.2
10.8762
25.1333
10.9905
14.5143
14.8571
10.9333
8.06667
16.6095
15.3333
10.5905
18.3714
9.31429
10.9429
17.5524
9.89524
7.52381
15.5238
17.0381
12.3619
14.8857
14.7429
20.9333
18.9238
8.74286
11.6286
8.26667
6.88571
7.44762
14.181
18.6095
11.6952
14.5048
15.7905
14.3905
11.4857
16.2762
11.1429
10.619
13.0952
5.70476
15.019
6.71429
10.8667
6.72381
10.019
13.819
15.5524
12.419
9.19048
10.9905
12.4952
12.2476
17.6
14.1429
14.2571
21.219
8.55238
10.419
15.2095
12.619
10.3714
14.1714
14.8952
9.93333
9.34286
14.8476
7.78095
20.3714
14.5905
15.1619
12.8952
18.819
9.51429
17.4762
18.5143
12.6095
10.7905
6.31429
7.15238
41.1429
12.5524
10
18.3333
11.3048
8.95238
13.2095
17.5905
12.4571
16.7905
13.1714
5.65714
6.65714
17.9524
4.48571
6.84762
11.0857
15.2857
6.24762
11.1143
15.8286
12.2095
19.3333
18.381
14.781
8.15238
13.0571
11.5524
18.7143
6.35238
16.8286
12.8476
7.8381
10.1905
11.0571
8.91429
12.0381
7.26667
9.09524
9.68571
16.2571
16.6857
7.08571
15.6571
15.3905
14.181
10.981
20.0095
10.6286
14.3429
13.0857
16.2571
21.6952
16.5143
12.4762
13.4571
18.3238
13.4857
22.8667
7.9619
15.7524
13.1524
16.7429
7.04762
7.6
7.5619
8.89524
12.0952
16.7619
16.8571
13.6
17.7714
13.0571
6.32381
15.9333
13.2095
11.0286
13.7619
17.0286
12.0095
18.3429
10.981
5.41905
14.4
15.4095
14.5048
5.9619
15.381
14.8762
15.0381
11.2381
16.6381
15.9714
7.49524
11.9619
24.5619
21.619
13.4762
13.4286
21.3714
12.3238
17.6381
12.0286
12.9143
15.4
12.9333
13.9524
15.3333
14.0857
19.4476
9.01905
13.5905
8.29524
13.1048
15.3333
13.8095
16.3905
9.26667
11
15.581
9.9619
17.2286
9.09524
8.79048
13.2762
8.01905
17.781
6.46667
14.6762
13.4
15.9429
10
16.9524
11.3714
8.47619
12.4857
9.4381
8.92381
10.4762
21.8571
15.7143
12.4667
14.2381
8.58095
11.6095
9.49524
8.39048
15.2571
13.0762
13.7714
14.3714
15.2095
14.0857
12.8
11.7333
7.02857
11.6381
12.4762
20.0571
10.8381
13.3524
7.10476
11.8381
12.4571
10.9714
15.4762
20.619
10.3714
12.4476
5.45714
13.9619
6.8
20.7143
9.68571
17.4571
8.93333
9.18095
14.4762
18.5238
10.3905
12.8381
9.71429
7.6381
6.71429
13.7238
13.1238
12.2476
10.3048
7.74286
20.5048
13.8
21.619
12.3524
22.219
20.2
10.4286
10.0286
23.7905
7.58095
12.7905
15.3429
12.7619
16.9238
9.80952
8.47619
5.58095
12.8
5.2381
12.0571
6.81905
10.6857
15.6381
17.5429
18.0667
15.9048
8.05714
10.2381
11.9714
11.1429
10.5619
11.0667
11.781
12.1619
14.8762
9.38095
8
12.6286
5.98095
7.57143
9.01905
11.5143
17.9238
11.7238
20.4476
14.819
11.2476
10.2381
12.0095
8.77143
6.70476
12.5619
10.5143
11.4
26.0952
13.6095
19.0286
14.219
8.17143
25.0857
8.22857
19.9524
16.8
20.019
9.62857
13.0952
17.1048
13.0381
7.59048
8.95238
17.4476
7.61905
18.4476
8.04762
10.7238
17.8286
20.3619
15.8857
18.3048
21.419
8.75238
14.2
10.7619
13.4571
4.24762
9.86667
16.1143
18.6667
9.92381
8.77143
5.55238
6.86667
18.7905
18.0762
11.0381
15.0381
10.0095
12.2857
14.3714
6.79048
8.00952
12.7905
14.3429
12.6667
22.2571
14.619
5.93333
17.0381
17.9524
4.22857
10.6571
9.93333
13.2762
16.7429
10.4952
28.9619
10.3429
15.5905
11.8571
7.4
6.5619
23.6762
13.581
12.381
20.6
15.8952
9.12381
14.5238
8.71429
5.79048
14.8095
9.22857
10.4857
10.6476
13.5048
12.2952
10.181
10.4095
12.3333
16.6857
19.2571
20.3524
13.0762
11.2476
20.7238
15.7429
13.1429
15.4381
12.6
7.45714
7.06667
9.4
9.35238
6.05714
17.3619
11.6762
13.3333
8.4381
11.2286
8.06667
12.4095
13.8857
13.9619
6.62857
10.6952
16.1048
17.8381
11.0286
14.7714
11.4476
22.8667
8.57143
10.0095
12.7238
13.8952
20.5905
17.3429
9.92381
14.8952
7.85714
13.8571
9.28571
6.79048
13.6286
7.71429
17.3714
11.8952
15.2857
10.7333
11.3048
9.71429
8.34286
10.0857
12.8571
18.819
18.819
12.9143
13.9714
16.8667
17.4476
16.3429
10.4381
4.81905
14.5048
12.5619
10.3143
13.7905
11.2476
9.26667
7.00952
12.5524
17.019
15.2095
13.781
12.1333
9.6381
7.44762
13.5143
8.51429
8.97143
4.28571
19.1143
5.90476
18.8952
17.419
12.5333
8.35238
6.57143
19.2952
14.5524
15.8286
6.95238
11.4571
7.3619
13.3429
13.1905
11.8095
8.1619
15.9524
10.6571
14.9333
14.8571
14.7333
17.0286
13.6952
11.2952
18.5524
25.0286
8.77143
21.6571
20.4857
7.11429
19.4286
11.8667
11.4095
10.4286
17.381
9.65714
16.8762
8.02857
15.4667
9.8381
11.5619
6.26667
17.9333
16.7524
18.5238
11.3238
4.53333
18.8476
33.419
13.5143
11.2952
9.42857
18.0381
11.2857
7.6381
15.8
16.619
5.27619
5.85714
18.7619
11.3429
17.3429
18.7524
14.8952
5.48571
8.47619
17.1048
5.21905
18.7714
12.6095
13.7429
10.0952
17.7048
13.3429
14.1714
8.50476
8.12381
18.419
7.69524
9
13.3619
15.6286
14.5429
14.6857
23.6571
24.0667
11.0571
12.9714
11.1714
5.30476
18.2286
10.6381
14.6571
10.2
10.1619
14.9143
13.5238
14.9238
9.64762
4.8381
11.2667
13.8476
15.7905
6.45714
13.3619
12.1524
17.2667
7.11429
13.2476
11.2667
12.4381
18.5619
15.0286
16.1238
9.21905
19.981
7.72381
11.9333
14.7619
8.64762
12.8095
13.9143
11.4381
9.72381
14.6476
18.219
9.71429
7.3619
12.1905
8.25714
5.40952
4.82857
13.9429
12.6476
12.819
6.33333
19.9524
12.9905
8.40952
9.58095
16.9905
10.5238
11.4667
14.1143
10.4095
10.7905
10.9238
7.7619
9.75238
12.0476
13.4286
18.3619
4.78095
10.3048
6.95238
13
7.93333
10.619
14.5714
12.4286
10.9333
10.8762
12.9048
10.5048
15.8286
13.9714
4.34286
9.69524
8.34286
7.7619
6.69524
16.4667
17.0286
13.3238
14.7619
14.2571
12.9905
16.1333
13.3524
13.419
7.97143
14.1619
5.75238
15.6857
9.98095
15.4381
7.4381
8.55238
13.9333
13.781
8.44762
7.85714
9.84762
12.3905
16.619
7.39048
21.5143
19.4857
16.8
5.29524
10.4667
13.1238
10.2762
8.00952
9.55238
14.019
15.4857
7.04762
9.60952
11.8381
11.6381
12.3619
20.6571
10.981
9.40952
11.8667
12.3714
15.5429
7.47619
10.219
14.4857
11.0952
13.2095
8.62857
13.2571
7.53333
10
13.0571
11.2667
11.0857
20.4571
13.6762
15.4857
15.5429
16.0952
15.4
7.24762
6.66667
9.98095
19.7333
7.95238
17.181
18.381
11.619
16.381
6.4
11.8381
14.1714
14.7143
17.019
9.88571
17.5619
14.3143
12.619
6.86667
12.5619
10.2762
13.0286
9.20952
16.3238
16.4571
12.5524
11.3238
15.7905
23.1238
9.59048
15.1238
14.5524
6.9619
65.5619
10.3524
10.7333
13.1619
18.5143
16.2571
9.53333
9.02857
8.38095
6.68571
13.9714
5.15238
17.4952
9.6
19.9714
25.419
9.66667
13.5905
8.3619
13.7429
9.22857
8.64762
11.5238
14.9429
15.2
5.54286
15.5333
19.7333
16.7048
20.6952
17
30.419
21.6381
16.8286
10.8476
12.0857
17.819
19.8286
13.0286
10.2476
19
18.6571
11.6286
17.4095
5.44762
15.0286
12.4952
18.8286
7.94286
12.3143
7.58095
11.4571
10.3333
8.69524
14.819
10.2857
10.5714
15.7524
16.0952
13.181
8.86667
9.06667
8.61905
4.99048
13.819
17.3238
5.21905
9.04762
14.819
11.4381
16.619
8.67619
10.5524
8.32381
10.1524
19.2476
13.0762
12.7524
9.48571
17.7048
14.9429
14.0571
8.10476
9.50476
5.57143
8.79048
13.4286
15.4476
14.8952
18.5524
9.29524
12.419
13
10.8571
18.781
24.1714
14.581
13.4
13.2667
16.1143
13.419
13.6762
16.9905
14.6381
9.68571
11.1143
15.8381
13.9333
10.8857
11.0571
11.6476
13.4286
8.13333
12.9905
16.1619
10.5524
17.419
11.9048
13.6571
8.6
16.4381
5.52381
19.5905
14.4857
17.381
17.2857
11.4762
15.1333
12.9238
18.7429
18.2381
8.04762
12.6571
9.26667
17.8762
16.7238
13.3429
9.6
18.8762
15.2952
10.2571
21.781
13.981
10.2857
12.5619
12.9619
19.4286
9.21905
5.24762
8.61905
8.80952
21.3143
10.2476
11.6857
16.2571
10.0095
11.619
12.619
8.82857
18.3524
14.3238
7.48571
17.3333
15.5524
8.91429
8.55238
15.1143
12.2
12.819
15
13.781
10.2286
16.5619
20.0381
13.8095
8.6381
6.68571
21.8857
15.7524
10.2667
6.5619
8.8
12.181
16.4857
10.4381
15.0857
17.7238
8.53333
18.4476
7.98095
8.00952
9.85714
6.92381
9.32381
5.0381
25.981
8.40952
6.02857
13.419
10.019
12.6095
8.25714
15.5048
11.0857
9.55238
9.51429
16.619
10.8952
15.4952
11.7048
15.9905
9.11429
18.6571
9.26667
12.6762
11.2
25.819
7.87619
15.7048
17.0381
8.08571
12.6762
12.7714
14.181
22.0952
7.39048
6.15238
8.80952
9.8
13.0571
15.1429
10.3619
13.181
9.71429
14.5714
17.1714
7.47619
13.6381
10.9333
12.2667
11.2857
11.9905
14.2381
21.7619
10.4381
12.819
6.02857
6.5619
11.5714
7.47619
19.5238
8.95238
17
16.6667
8.94286
11.9714
8.55238
4.78095
7.44762
15.6095
8.81905
13.4762
6.81905
16.4286
14.6095
16.4667
20.3714
12.2095
15.4
12.4857
8.1619
11.2476
15.9143
15.1238
7.2381
11.5905
8.66667
13.7429
13.9048
11.3619
12.7905
12.781
15.4381
22.1333
14.0476
9.8
18.0476
13.5905
8.44762
16.3714
21.2762
18.2952
14.6
14.8
7.89524
18.4762
12.8286
14.3429
15.9048
13.7714
15.4476
18.4571
15.6857
23.1905
9.22857
10.9238
8.75238
13.1238
7.02857
15.7429
24.0381
14.4667
6.04762
9.71429
15.1524
10.3619
18.8952
11.9333
13.3143
4.89524
14.4667
17.4667
19.4667
22.8
12.2571
12.8952
10.2667
13.781
16.181
9.2
17.7333
14.2762
14.4095
17.1429
12.5143
12.2952
5.57143
14.6857
11.2667
5.90476
10.019
11.5619
16.9048
7.21905
13.0476
11.0095
22.619
10.4381
13.8381
9.51429
10.2952
10.5905
14.1048
11.8
27.419
12.1905
8.70476
10.8571
15.7238
11.5143
10.4952
7.70476
13.219
12.1238
17.1905
5.10476
14.619
13.019
16.9048
14.4952
20.8381
7.58095
18.4476
12.2095
10.6
16.2667
14.3143
17.3238
12.2381
7.26667
13.781
12.1429
6.85714
20.2095
10.6667
23.4857
7.38095
16.4571
10.7238
8.8381
11.9905
6.44762
10.5619
13.4762
6.86667
8.88571
5.38095
14.4
8.60952
15.8667
12.1333
10.5429
11.2857
5.25714
8.15238
23.7429
10.2
7.9619
10.2667
14.1143
8.55238
18.5333
9.27619
7.14286
9.25714
14.4476
11.9143
17.8571
27.4952
14.2286
18.6476
14.6952
7.6381
15.2476
10.1238
14.8476
14.3238
12.7238
12.9048
12.2667
11.7143
13.0381
18.7524
15.9238
10.4286
8.75238
10.2
8.4381
12.7143
18.2857
6.02857
12.019
19.0857
10.6095
9.40952
14.781
7.99048
6.24762
16.5905
19.2095
10.0476
11.2571
16.6286
7.66667
19.4
5.99048
12.7905
15.8952
13.4
17.7429
6.52381
12.2571
8.33333
5.45714
8.9619
19.1524
10.619
10.5238
4.45714
12.1619
12.6476
15.4286
11.7143
5.99048
15.8476
14.7429
12.1524
15.2571
9.21905
12.0381
10.3524
6.15238
13.3238
12.6667
14.0381
11.3905
11.2857
15.5238
11.9714
15.9143
16.6476
30.2571
11.7619
16.6667
11.0762
15.4
15.9333
10.9714
10.2
30.981
8.09524
7.82857
12.5429
11.0476
15.9524
12.0762
12.0857
8.08571
13.4667
11.7905
9.52381
12.0476
13.7143
10.581
19.3429
14.8762
15.1333
13.9524
15.2762
6.77143
13.3333
12.0571
12.5333
12.8095
20.8571
17.3429
22.8095
16.2857
18.619
9.15238
6.24762
6.39048
12.3905
9.31429
17.419
10.9048
18.8762
13.6571
12.1238
18.9238
10.5524
16.0476
11.5429
18.8095
14.7333
13.1714
16.581
14.6476
25.6667
13.9429
14.7238
5.29524
17.9619
7.06667
16.7048
18.7048
8.05714
10.5714
10.5619
6.5619
11.0952
12.8
8.88571
6.21905
11.3048
16.3714
12.1714
16.2476
13.5905
11.9619
20.981
10.5619
5.21905
20.2
8.29524
14.0286
14.4571
13.7524
22.1619
11.8762
11.6
16.3905
8.73333
6.94286
7.51429
16.5333
15.0095
12.4667
8.44762
8.39048
13.4476
14.9905
7.18095
13.9905
17.9524
17.7905
9.73333
12.219
16.4
14.0381
13.2952
6.44762
13.3905
8.66667
8.9619
8.72381
8.08571
10.3048
16.4667
11.1333
16.2952
9.39048
24.419
16.5048
16.2476
7.82857
14.0381
9.46667
17.3619
16.5143
10.3619
18.2857
10.4381
14.7048
11.8952
6.88571
8.17143
12.7238
7.6381
9.77143
13.5905
6.74286
16.8381
20.8857
15.2476
10.6762
14.3333
5.74286
11.9524
9.73333
12.3524
12.5238
16.0286
9.62857
7.46667
6.62857
9.84762
11.8857
14.219
15.0381
7.10476
14.9333
15.7714
10.8286
10.0857
11.7524
6.88571
10.7333
22.2476
18.6286
4.50476
26.0095
7.51429
9.8
12.1143
10.1143
9.87619
12.5905
8.69524
20.3714
9.30476
8.70476
11.2762
9.55238
13.3333
14.3619
13.181
13.2952
14.1143
14.9524
15.4571
15.1429
12.2762
8.15238
17.5524
7.90476
6.85714
12.6381
10.7238
16.9333
9.90476
15.9143
9.81905
13.781
14.4
18.2571
11.2762
21.0476
17.0095
20.4952
9.84762
7.2381
14.1619
18.219
10.0667
17.219
5.81905
14.3429
12.9238
11.9048
17.0571
6.2
15.5524
14.9238
4.46667
18.8286
11.1048
11.619
21.419
12.2952
6.64762
12.1238
10.5714
11.1714
6.12381
11.1143
8.33333
10.7048
8.04762
8.92381
11.0857
15.019
8.09524
23.6667
9.64762
6.07619
15.4857
11.0286
7.3619
16.019
13.5143
13.7333
4.84762
18.8571
7.68571
11.419
20.1619
21.0762
8.59048
14.6762
14.7714
14.2095
9.54286
13.8476
7.42857
9.12381
10.181
14.8476
11.9429
14.5048
11.5333
24.2952
7.40952
8.95238
12.4571
30.5238
18.0857
15.3905
8.91429
5.62857
9.18095
6.4
21.6476
12.9905
17.781
12.3619
14.7238
16.3429
14.781
14.8476
14.7429
18.9524
12
5.87619
10.7048
13.6667
22.0381
11.381
13.4
10.9524
15.6
12.7238
16.1714
18.9333
8.81905
12.8381
19.7905
19.2952
8.09524
12.1524
14.9238
6.15238
10.4
8.26667
19.6571
5.49524
14.9714
19.6952
13.6381
24.4571
8.38095
15.6952
5.51429
9.66667
13.1524
8.37143
7.64762
15.2857
20.7143
11.5238
14.1905
16.8952
14.8571
17.8286
15.6857
5.87619
14.7143
14
14.0286
18.3048
9.50476
8.80952
11.0667
9.8381
9.07619
5.94286
12.3048
10.4095
18.6952
7.34286
19.0286
13.8476
14.7143
10.0095
15.6667
15.4381
8.64762
15.6381
16.6952
10.9143
19.4667
7.8381
4.6
13.2381
7.07619
15.9524
15.7143
22.3524
13.5333
10.4571
20.2286
9.74286
14.9429
12.2952
11.8952
13.7143
12.2286
14.8381
25.3048
16.9905
12.2381
9.15238
12.1333
14.8857
13.0857
16.419
13.581
6.57143
17.7048
26.4571
16.1714
7.3619
18.2381
17.8571
19.3619
12.8667
12.9333
15.619
6.51429
17.0476
7.48571
15.7429
20.6857
15.6857
10.6857
16.9143
10.7143
14.9048
21.0952
4.46667
10.1333
14.1333
16.9333
21.8095
12.6667
13.1905
6.51429
4.31429
17.6381
23.7905
11.6762
16.8857
25.2571
19.6476
21.6286
16.8667
15.3524
16.1429
13
9.4381
7.91429
7.24762
11.6762
5.41905
7.14286
5.49524
16.3524
14.3048
18.2
10.8381
6.21905
7.58095
16.1238
15.5048
10.2571
7.37143
16.5905
16.5143
18.7143
13.2571
12.0762
15.2381
12.4476
16.9524
16.5524
20.5905
23.619
15.3524
18.8095
13.5143
15.5048
5.86667
9.14286
9.92381
20.1048
8.5619
20.2571
14.2
11.2667
12.1238
15.8286
6.8
9.44762
9.54286
10.7714
8.93333
15.8
8.09524
7.12381
6.7619
15.1619
18.0381
7.90476
9.18095
9.94286
7.21905
10.581
14.1333
9.94286
19.219
7.93333
18.8762
11.8286
6.8
9.50476
5.5619
23.5905
14.2
19.1524
14.1143
13.2095
14.0476
14.5524
11.1333
15.4286
22.0476
8.67619
14.1524
8.07619
16.381
17.0667
6.09524
19.2667
19.0952
9.6381
8.06667
9.71429
7.55238
14.2952
19.1238
15.9333
12.8381
9.15238
11.8762
17.7619
10.4476
15.7238
11.819
19.2952
9.52381
8.99048
15.6095
9.08571
4.10476
6.49524
16.8476
7.07619
13.4286
13.8476
12.1619
14.3048
15.4667
9.2381
7.41905
15.8667
15.9429
13.1143
12.8
9.58095
11.3619
8.50476
11.3048
9.69524
6.74286
10.2381
14.3143
12.9429
8.4
13.4952
6.2381
8.46667
11.2476
13.6381
15.4381
16.3714
10.6286
16.419
11.4
12.4571
10.8762
16.1048
15.0571
8.09524
6.75238
5.0381
6.69524
9.62857
12.0476
7.21905
20.0476
13.981
14.819
22.8857
18.3333
7.82857
22.2381
13.2476
15.8095
21.9714
6.75238
18.2286
15.0476
12.9905
21.2381
15.0952
17.1333
21.2381
8.61905
18.019
13.1714
12.3905
17.1619
10.7429
8.93333
6.67619
24.181
8.54286
6.14286
12.2571
10.8571
6.12381
9.06667
10.1905
9.88571
19.0952
19.4571
8.59048
7.17143
12.1143
12.0381
10.3143
16.0286
19.2952
18.619
21.7333
13.7429
15.7048
7.67619
12.5714
13.0857
14.3619
13.3619
6.20952
8.61905
16.6381
19.7238
15.5905
7.78095
18.3048
11.3714
21.7143
13.6
19.5238
13.3714
13.1714
13.7333
19.4095
4.57143
15.7238
17.8762
9.67619
9.30476
15.5905
13.0762
12.1429
4.49524
12.1905
5.1619
17.2667
12.0476
10.0476
18.6571
11.5524
17.7143
23.5905
10.9905
16.7429
7.9619
11.5524
14.7905
7.58095
10.8952
11.8
11.3714
9.10476
5.75238
10.181
13.9238
8.82857
9
12.7429
11.5714
8.00952
19.8095
10.581
19.9619
16.6952
10.019
16.0476
12.9714
13.9714
15.5905
12.7619
15.2286
18.419
16.4095
24.0476
14
12.619
17.181
11.0667
30.5333
14.5714
9.32381
9.21905
9.59048
9.24762
8.88571
7.30476
8.82857
8.4381
12.6571
7.3619
14.0476
16.3429
14.6286
13.3048
10.981
18.0952
24.0667
9.84762
10.4286
7.6381
15.2095
20.9238
10.2952
8.89524
10.4571
14.3714
20.0952
7.04762
12.4
12.8667
10.9905
16.3714
11.7048
10.2857
6.06667
15.2571
5.41905
9.33333
10.5429
14.0952
11.2857
12.1238
7.82857
9.1619
19.0667
15.381
17.5524
6.52381
18.1905
13.3524
12.0571
8.75238
12.9429
16.9905
12.5905
19.3619
13.7143
10.0762
11.2381
15.3143
12.8381
14.5619
7.79048
12.1333
11.981
4.73333
9.11429
5.84762
13.8095
22.6571
7.3619
12.5905
7.34286
15.8571
14.0286
15
11.9905
16.5429
9.67619
8.55238
9.70476
13.6381
20.9619
11.5048
22.019
7.38095
19.7714
16.2571
8.31429
13.2762
11.619
11.6762
13.3048
9.01905
14.4762
10.6952
13
14.3333
22.6381
13.7619
12.5048
13.4762
11.7048
9.44762
17.4952
16.6571
11.0762
17.1048
6.0381
11.1524
8.46667
19.1143
15.819
8.70476
13.2667
12.9238
16.8667
10.0857
6.55238
7.75238
10.4286
12.3429
14.5238
14.7143
7.39048
14.6476
10.4667
10.5143
4.20952
10.8857
8.2
14.9048
12.4857
7.80952
19.1429
12.3143
14.0762
12.5714
13.0857
10.6667
11.5714
7.42857
13.1905
8.18095
12.1238
9.35238
8.82857
19.219
9.02857
8.34286
14.0286
11.5048
5.13333
12.019
11.8
11.9333
18.4
8.1619
14.8857
12.8762
15.0381
13.1429
15.3238
7.75238
11.3143
12.1524
17.4476
14.219
15.8286
6.62857
15.8381
13.3333
8.67619
13.9714
16
11.6381
6.57143
13.4095
11.2381
10.0381
11.7429
6.6381
6.67619
26.3238
27.6286
13.0857
19.5429
15.1524
10.8476
11.4952
7
9.55238
13.5048
7.4
20.3143
11.0571
18.4762
11.5048
5.12381
17.8952
7.34286
14.8095
8.32381
14.2286
8.86667
7.91429
11.5619
13.9429
8.14286
4.79048
8
11.3905
10.1429
7.44762
10.819
11
20
7.46667
13.2
12.3714
6.2
8.40952
17.4571
25.2381
12.8667
8.20952
16.4476
15.2762
18.9619
8.51429
12.9714
12.6762
13.2286
12.0571
5.73333
9.28571
17.381
19.3143
9.71429
16.0667
9.72381
10.1143
15.7238
8.35238
16.5429
11.181
11.7333
6.88571
17.3143
19.4762
10.8
12.2
6.38095
11.181
12.381
11.8952
14.0857
23.2381
15.6857
13.4952
7.94286
14.1524
9.54286
15.3714
9.17143
13.7619
15.6
13.6476
13.9619
23.4476
11.781
12.0857
15.8571
9.4381
12.6667
7.68571
20.4095
4.4381
12.6476
8.78095
8.67619
14.1714
16.8762
11.0571
11.4
7.39048
8.19048
11.7429
13.5524
5.2
12.5524
5.55238
15.0381
8.92381
17.2762
16.9524
5.8381
12.0571
9.87619
16.8762
5.66667
14.9048
14.8952
11.2857
12.0286
7.52381
14.4571
13.6286
9.38095
9.68571
8.19048
7.67619
10.2
12.4762
8.29524
11.1524
10.0571
14.1619
13.8476
25.5524
5.8381
10.9714
14.2476
15.4762
19.0286
11.9429
6.78095
7.4
18.3619
12.2
19.5714
12.5333
17.9429
7.87619
10.4857
11.3714
13.0762
17.381
14.219
24.1714
9.58095
17.0571
8.51429
8.22857
10.8095
19.2952
18.4
15.419
7.7619
17.9429
13.1048
13.8762
15.6476
4.67619
9.39048
10.4381
9.11429
14.1619
15.8381
9.08571
19.2381
7.84762
10.2476
10.8095
9.92381
7.07619
9.49524
17.2095
7.34286
11.1714
7.67619
7.51429
8.84762
8.2381
14.7143
23.1238
6.9619
6.42857
11.2762
12.9619
19.6571
21.4095
14.6476
11.8667
15.3143
7.35238
18.1714
4.34286
14.2762
8.2
6.13333
8.89524
17.2952
10.2
12.6
14.2762
10.1905
12.7429
11.5238
13.6286
11.0857
12.2095
12.8476
16.4571
15.4952
12.3238
16.4286
11.4857
18.6095
12.1905
7.31429
14.7524
18.6857
17.3524
10.2381
7.75238
22.1714
6.87619
8.58095
21.8476
11.7238
11.9619
7.11429
21.3333
18.8952
11.0857
18.819
8.13333
13.1048
12.4571
15.0571
18.2667
15.8476
7.31429
5.29524
9.41905
17.5524
12.7619
15.8762
6.71429
10.7238
13.5619
12
17.5333
16.7619
18.1524
19.2952
9.4381
16.1619
7.78095
10.6
14.5714
13.2095
11.2286
13.1429
8.59048
9.94286
10.219
10.1238
14.2
6.32381
10.3238
8.32381
8.70476
11.7714
11.0381
8.6
10.7048
16.0286
16.7238
16.2476
6.20952
15.7429
13.4857
20.1714
14.5143
20.5714
6.5619
10.4286
11.1238
10
18.6762
14.8476
5.01905
7.22857
13.9524
8.79048
11
15.7238
14.019
17
5.65714
16.1048
12.9238
6.01905
10.581
14.0762
10.2571
16.9619
7.86667
10.6095
4.79048
18.6571
10.1143
11.381
11.2952
13.4667
17.9714
6.75238
20.8571
7.74286
14.3905
20.9238
5.93333
6.9619
19.2381
11.8476
12.0476
15.1429
8.28571
6.6
11.5048
6.93333
17.3714
8.88571
15.7714
5.78095
17.4381
6.79048
10.6
11.181
16.6095
11.3333
18.381
17.4095
8.90476
24.0762
14.019
8.55238
9.55238
19.9333
18.8095
10.8571
16.0571
11.1524
17.8
6.57143
11.8667
9.32381
9.24762
14.1524
14.581
11.1048
19.0286
7.87619
11.6
10.9143
12.4952
8.93333
15.7524
14.4095
19.8571
21.5524
15.0286
20.1143
16.3619
15.419
14.2571
8.26667
13.4095
7.27619
7.4381
8.35238
19.2381
12.3048
14.8286
7.85714
18.9619
7.22857
10.8667
9.67619
9.64762
12.9429
12.5619
17.0095
14.8
11.9524
4.79048
8.07619
6.82857
11.7619
11
7.81905
14.1333
18.1429
18.6381
14.781
6.88571
11.0952
19.0095
8.88571
13.6381
4.97143
5.01905
9.1619
17.5333
7.51429
9.81905
7.92381
13.5333
10.3619
10
10.6286
10.8571
15.5238
15.4286
16.4952
19.3238
16.1333
10.6952
17.9238
9.85714
10.9905
8.38095
17.6571
12.6476
9.18095
7.60952
5.89524
11.9524
21.9714
17.2857
11.181
6.6
9.27619
5.92381
8.26667
9.7619
9.20952
7.45714
6.27619
8.61905
14
21.219
8.06667
9.42857
15.7714
10.4762
9.99048
9.02857
15.6286
14.5238
13.5619
18.7619
15.0286
9.95238
17.4952
17.9429
14.6571
12.5524
9.05714
12.4476
9.29524
19.0095
22.9333
6.07619
11.9619
12.0952
14.7905
15.0667
15.2
9.84762
13.2952
12.5143
15.6857
13.8857
19.2095
14.4381
17.0286
10.4381
11.8
10.8476
12.981
10.6381
8.64762
10.419
11.2857
14.1238
9.11429
10.2286
8.84762
12.381
8.88571
9.32381
7.00952
16.1905
11.5143
13.5619
16.6571
6.37143
10.2952
15.6952
14.2952
14.4095
17.1524
13.4952
6.71429
4.45714
8.7619
9.20952
15.7429
16.219
20.6095
18.6571
16.9333
13.1714
6.12381
8.6381
8.75238
9.21905
10.9524
10.6667
7.67619
7.93333
15.0952
10.7619
8.97143
22.4762
19.019
8.12381
19.8667
14.8095
13.5048
11.5429
10.1905
10.6762
18.581
23.0381
22.2952
12.0571
12.9619
7.80952
10.4952
8.6
8.09524
9.8
6.5619
9.2381
22.1524
9.02857
11.0571
9.21905
8.59048
10.381
14.5143
19.1619
16.5238
7.06667
12.7619
13.4762
13.3714
12.6857
10.4286
9.44762
9.79048
9.93333
13.0762
10.1143
12.1524
14.0857
5.52381
10.8571
9.07619
9.92381
9.9619
12.3143
11.7905
16.5619
11.8667
14.0857
13.6381
18.819
7.7619
5.5619
9.46667
16.6667
12.4571
9.00952
12.2286
11.8952
15.0286
14.0667
7.33333
17.7619
11.9238
13.8667
6.92381
12.6667
12.3524
8.92381
9.58095
10.2667
13.6762
14.3143
17.4381
11.0667
10.3048
16.6762
7.8381
13.6095
17.0667
7.44762
17.381
17.8952
10.1143
6.42857
17.8381
11.0381
11.3524
19.3048
16.6476
12.2667
12.7143
8.68571
13.419
12.2
7.77143
22.3238
18.8381
14.4476
8.79048
10.1524
14.5143
18.3619
6.09524
20
17.3333
22
8.15238
17.5524
14.381
6.46667
11.219
18.819
16.8762
10.9333
12.4095
8.1619
12.4952
18.0286
7.8
9.66667
17.9429
15.6857
12.419
20.0857
15
9.0381
8.33333
8.8
12.1048
11.1333
11.7048
12.2476
13.0476
12.5429
13.1429
11.8952
11.8476
10.4762
6.7619
10.4
7.24762
20.0762
20.7238
9.61905
5.97143
13.4571
8.5619
22.1905
11.781
12.1333
8.94286
27.8667
13.9905
11.9143
9.21905
12.6286
18.0476
14.0286
4.90476
11.5048
10.3619
9.21905
5.78095
13.4286
22.181
4.69524
23.819
27.6095
8.87619
12.4667
10.4381
7.88571
8.31429
10.9429
7.99048
8.80952
12.4476
16.6095
15.4571
14.419
10.9333
19.1905
7.81905
20.8762
14.1619
21.0095
6.11429
21.4286
15.9143
17.2571
21
11.1905
10.1905
7.54286
7.72381
8.69524
14.3619
12.6476
9.33333
4.52381
7.59048
9.91429
10.9905
11.019
17.419
5.95238
7.99048
12.2381
15.2857
19.6667
18.2667
22.981
11.7905
8.59048
11.781
18.6762
14.1429
13.781
9.99048
14.7238
12.8857
16.6
7.29524
5.80952
9.73333
9.06667
9.10476
7.6381
9.85714
11.7143
5.8
16.8952
16.9619
10.181
13.7905
11.8571
13.4667
10.1714
19.2857
10.8095
12.0095
11.7333
14.8667
18.8952
8.89524
14.9238
11.0286
20.2095
15.3619
9.72381
10.8667
12.0762
7.1619
12.9619
12.381
11.4571
12.2857
20.5143
13.3048
20.8667
12.2286
11.6286
8.39048
8.89524
12.5048
14.1429
14.8095
10.8762
16.7238
7.68571
11.6857
8.31429
15.581
17.9143
6.81905
16.6
9.31429
14.5143
14.4571
16.6762
7.52381
8.12381
18.2095
9.34286
11.4476
5.59048
11.5333
7.05714
7.30476
7.30476
8.45714
28.0952
16.619
11.0571
8.93333
10.4381
6.72381
13.8381
13.6667
14.419
5.57143
6.02857
11.4286
18.3524
9.8381
11.2286
12.6
13.8571
7.81905
8.4381
14.8571
10.4476
11.5905
12.7714
17.5524
9.68571
6.97143
14.0667
8.6
12.8571
16.5333
21.0762
16.4286
18.3143
10.9905
16.2
15.9905
8.29524
5.57143
10.4952
8.33333
18.1429
12.7333
15.981
16.5143
11.7048
17.9429
13.6476
10.2952
24.1714
11.0952
8.1619
4.45714
10.7619
6.21905
11.981
11.2571
18.3143
13.6381
13.6381
10.6476
10.1524
8.26667
20.9429
11.219
14.6
15.9048
13.4
15.1714
13.8857
21.1238
7.93333
9.70476
9.78095
28.981
16.9429
15.8667
13.4571
12.4
10.7048
10.0762
8.01905
13.3429
6.97143
18.5238
21.4
13.6857
9.87619
20.619
8.84762
9.25714
8.54286
20.1714
25
9.30476
7.54286
14.9524
11.3333
13.1048
8.07619
11.1333
13.8095
16.1048
12.8762
22.2
12.4571
14.8095
9.00952
11.819
18.7905
22.019
12.9619
8.74286
11.1333
13.3143
18.8095
11.3714
8.29524
17.7048
7.42857
5.87619
7.05714
7.80952
8.42857
8.44762
16.1238
8.8381
12.3429
8.17143
7.12381
9.62857
17.181
6.86667
9.8
6.44762
11.3905
16.2762
7.18095
12.5333
11.5048
22.1429
13.1429
17.0952
6.59048
18.8476
6.15238
20.7905
9.09524
9.19048
11.4
13.8857
18.4476
8.26667
13.7238
16.6952
19.3048
15
12.9905
7.5619
6.21905
10.6476
6.71429
15.0381
9.81905
10.9429
8.74286
8.45714
15.5524
11.3238
11.3333
16.019
9.71429
8.52381
10.3429
16.4667
11.4286
6.77143
10.6
9.71429
10.7714
13.1048
17.4667
9.00952
7.28571
7.8
8.07619
9.69524
9.42857
9.48571
8.67619
16.2286
13.2667
16.9905
10.781
9.13333
18.3333
15.4
10.9619
12.4667
12.781
11.9048
17.0095
7.75238
9.59048
12.419
15.7524
4.62857
21.2952
11.7333
7.46667
12.3619
5.87619
21.0762
4.65714
13.2286
13.6095
17.6952
12.8
11.3238
9.1619
10.9524
6.6
8.72381
15.3048
14.8667
11.8857
11.2571
13.581
17.5429
7.06667
14.2762
8.3619
9.78095
4.4381
8.10476
5.13333
13.2952
5.59048
11.5048
13.5238
18.5143
5.91429
7.77143
9.59048
14.7619
9.98095
8.40952
12.7905
11.5905
11.2476
12.6476
11.8667
5.44762
9.69524
15.781
10.3524
7.85714
10.6952
12.1333
12.1333
4.2
10.0381
15.2667
10.1714
13.3429
14.2857
14.6667
9.60952
19.9429
18.381
17.3524
11.2571
9.91429
20.0286
11.8095
8.73333
20.5238
12.7714
13.2571
16.3714
7.65714
6.18095
15.0762
17.1238
10.4571
5.73333
16.6667
10.9714
29.6571
18.3143
13.7714
18.2095
15.5143
19.3333
7.6
10.6762
19.3905
12.6571
9.54286
17.4571
21.7714
12.3619
12.5048
16.1238
12.4286
9.2381
10.6
10.3714
22.3905
8.15238
14.6286
8.9619
12.8095
12.3524
13.8667
11.9143
11.6952
5.55238
11.8095
8.13333
17.9143
13.9714
15.8952
17.7429
11.3524
11.6857
12.9238
11.2095
15.0095
17
5.13333
8.48571
10.2381
19.0476
13.8
12.6571
13.981
7.13333
8.45714
5.34286
16.2286
12.581
11.181
8.54286
10.5143
11.5714
8.72381
12.0571
13.2095
16.019
14.4857
11.9429
6.50476
16.8381
18.3619
11.6762
13.6952
16.8857
10.3143
9.17143
13.8476
12.0476
10.5524
11.5048
14.7524
16.7524
14.3524
6.69524
11.0667
19.0857
6.99048
11.3905
13.7238
8.14286
9.99048
5.61905
6.31429
16.6571
8.94286
13.7905
8.33333
14.1905
17.219
11.1333
19.019
4.78095
8.09524
9.47619
14.7619
8.68571
13.9143
10.4476
6.4381
9.05714
7.21905
14.8381
9.08571
18.2762
11.7048
9.73333
11.3143
15.3524
10.9524
10.7048
8.88571
10.4571
8.2
8.47619
10.219
13.7905
11.0095
9.82857
13.2095
16.7143
13.0762
8.62857
11.3619
21.7905
15.5333
16.5143
10.4286
9.11429
13.5048
8.37143
11.2
8.48571
15.2476
7.2381
13.0667
14.1619
13.0762
7.11429
12.0476
16.4571
7.00952
14.1048
9.01905
9.39048
15.1619
11.8952
9.68571
11.7048
13.2476
10.7714
8.88571
12.5714
9.93333
9.44762
5.8381
14.6571
17.4095
18.8571
11.9619
20.5524
8.5619
7.08571
4.97143
11.5429
15.1429
16.2286
16.5048
15.0762
16.0952
14.5048
12.5524
16.5143
13.2476
19.5714
15.619
4.39048
8.65714
11.7905
31.1143
12.5333
14.2095
8.47619
9.32381
17.6476
11.0286
5.60952
11.3333
15.3714
15.8952
19.8762
4.57143
12.1143
12.2286
15.781
7.17143
12.1524
10.8762
32.819
14.0286
10.1524
18.3524
13.6762
15.2286
14.1714
11.3619
12.4095
6.20952
11.381
7.24762
11.4286
14.3048
12.7048
16.7619
15.4
12.4667
8.14286
6.72381
10.3905
15.2571
15.8286
6.94286
15.581
9.3619
10.2286
21
9.52381
9.7619
16.2952
7.10476
8.06667
7.29524
8.78095
14.4857
11.3143
11.0857
10.819
8.7619
14.019
9.4
12.1619
7.0381
11.9238
9.6
11.419
10.581
10.4095
7.62857
7.09524
6.49524
7.81905
8.90476
9.24762
12.2
10.6952
23.5333
9.05714
15.4952
9.27619
17.5714
9.84762
11.8667
22.1429
6.32381
18.3524
22.2667
16.3905
19.0952
6.26667
11
6.73333
8.06667
21.9048
24.981
15.8762
21.9619
10.6286
21.0286
20
15.0286
11.5048
18.1524
5.87619
18.8571
7.69524
13.6476
14.4286
11.3905
15.5714
12.4667
6.26667
17.9429
8.66667
7.04762
7.77143
6.8
10.3429
10.7524
7.02857
16.1333
4.85714
15.419
20.4
7.1619
17.381
12.8857
12.9524
6.2
9.84762
15.419
8.34286
10.8095
8.81905
15.7048
14.181
15.3238
16.3143
22.9905
10.581
14.7905
10.4857
22.2476
17.3048
10.4762
15.0095
10.4762
10.7143
12.2571
11.0762
11.8476
12.8
32.819
14.8476
8.38095
9.1619
9.1619
12.381
11.0857
8.44762
8.89524
9.19048
7.04762
10.0857
9.2381
13.2571
7.18095
18.1714
15.9429
6.31429
9.1619
11.8762
17.6571
6.72381
11.8857
12.8571
9.69524
7.85714
20.0857
17.9048
11.4571
11.9333
11.1905
7.8
9.93333
7.80952
16.6476
11.0571
8.88571
12.6571
7.19048
7.95238
14.8857
17.5619
13.419
11.1714
18.4952
8.69524
7.51429
12.1524
12.9905
12.6286
14.9714
4.22857
9.82857
4.98095
5.48571
17.5714
13.2571
5.52381
11.6762
13.5143
20.4476
8.71429
6.60952
10.3714
6.70476
19.4381
20.1619
8.18095
9.65714
6.39048
11.0476
9.41905
11.781
6.75238
8.60952
12.5714
9.68571
8.18095
13.8857
15.9524
14.619
16.4857
10.819
18.0762
6.0381
19.6952
11.4381
17.0952
11.5048
11.6381
5.44762
14.9238
9.70476
16.0476
12.9714
13.0857
12.0381
10.2762
11.4571
15.8286
16.8667
7.44762
11.8571
18.7429
11.0571
13.2476
7.04762
7.00952
10.9333
5.14286
14.2
10.581
7.00952
13.0762
9.44762
8.70476
11.8
26.6571
5.08571
11.8667
10.3333
10.0381
16.3429
5.88571
15.4476
12.5619
15.1333
17.4667
8.85714
8.98095
17.5333
8.91429
17.6762
8.65714
9.2
13.2
17.0476
15.219
12.5524
8.75238
13.6
12.2857
14.1143
17.019
13.2095
4.18095
15.5905
12.6095
17
18.3238
5.31429
7.7619
8.30476
10.2762
5.84762
11.0857
14.181
12.5905
9.91429
10.8476
10.6667
12.8762
3.45714
6.25714
11.8571
8.17143
6.77143
7.99048
8.81905
6.25714
8.13333
9.93333
9.25714
13.1143
12.2571
8.98095
6.77143
4.89524
11.2286
6.6
9.81905
4.31429
7.04762
4.12381
7.68571
7.39048
5.80952
13.5143
8.04762
9.59048
13.8
8.90476
8.41905
3.47619
6.9619
10.2952
12.4952
7.33333
14.181
9.50476
7.77143
6.41905
8.15238
9.31429
7.6
14.8
12.3143
17.219
7.11429
8.02857
9.65714
6.9619
16.0952
17.1143
9.40952
10.4762
11.8095
5.17143
5.21905
8.80952
10.5429
11.3619
7.2
10.9333
13.1429
17.0762
5.06667
11.2095
13.5143
6.15238
5.8
5.72381
18.9524
6.31429
8.0381
12.5238
9.64762
9.40952
12.0381
12.2476
16.4857
18.4476
9.25714
15.9429
16
9.81905
8.82857
11.1619
5.41905
5.51429
10.1524
8.20952
12.8
4.1619
5.11429
6.6381
11.0476
9.0381
6.84762
7.27619
9.07619
6.95238
10.9714
8.61905
11.9524
3.52381
12.4667
13.5714
6.89524
4.13333
9.3619
18.4286
15.5238
4.64762
12.019
10.8381
11.1238
8.47619
6.44762
7.27619
6.28571
6.78095
11.7619
7.02857
9.73333
5.95238
12.7143
5.05714
10.3524
9.51429
6.74286
7.59048
8.26667
6.39048
6.99048
11.8762
13.1905
10.819
5.48571
7.74286
5.20952
9.09524
9.84762
4.47619
12.7238
11.0095
11.1048
6.5619
14.581
4.9619
8.30476
4.98095
6.80952
8.88571
5.2
4.13333
15.3429
8.25714
7.73333
7.25714
14.6381
12.1333
5.09524
10.4571
3.91429
17.0857
11.8952
5.84762
4.72381
6.88571
9.52381
11.0667
9.73333
14.6762
3.2381
16.2952
18
5.81905
8.32381
12.9333
9.39048
10.9429
10.6
10.4667
5.47619
10.6857
3.9619
9.15238
4.40952
5.3619
4.24762
9.53333
6.50476
8.67619
11.5619
5.6381
12.2
28.8571
8.75238
5.86667
4.58095
13.1048
3.97143
8.32381
7.13333
10.4381
7.86667
8.87619
12.7714
7.32381
15.0381
11.6286
7.61905
9.54286
7.93333
6.11429
8.55238
7.80952
10.3524
6.77143
17.9524
13.5429
3.66667
15.181
4.66667
13.1429
9.11429
9.00952
12.4762
7.25714
9.95238
4.94286
9.39048
12.6952
17.3714
8.01905
7.70476
10.4
9.31429
16.2286
14.2
14.3429
4.37143
7.74286
12.5333
10.6857
14.0095
5.72381
15.3619
7.3619
7.51429
5.08571
21.8762
7.41905
17.6762
4.85714
11.4476
9.25714
23.1143
3.34286
8.95238
5.12381
10.9619
12.0762
15.619
6.05714
3.27619
19.419
13.0762
4.24762
11.3333
11.4857
7.27619
10.6286
12.1143
12.3619
5.75238
13.3143
18.0667
14.0857
8.80952
9.41905
6.14286
7.12381
8.1619
6.68571
13.9429
9.2
4.04762
3.6381
4.8
5.3619
9.9619
5.09524
11.3143
3.5619
8.90476
8.80952
14.6095
7.00952
13.9905
11.7143
11.6095
4.91429
11.019
10.8952
7.75238
6.44762
4.29524
8.84762
11.4952
7.01905
15.6095
3.6381
12.9143
9.89524
6.20952
10.7238
6.6
4.94286
12.2667
3.17143
4.52381
6.92381
6.32381
5.0381
5.50476
9.45714
5.29524
6.89524
5.95238
4.51429
4.88571
10.7905
7.4
6.8381
8.26667
14.5429
8.68571
7.9619
11.2381
8.29524
9.88571
4.58095
20.4857
9.34286
4.93333
14.8476
7.53333
10.0952
11.3048
3.64762
13.1905
7.71429
10.4095
10.6762
9.28571
14.4
16.5905
8.57143
15.1238
5.51429
9.37143
14.8095
17.8667
12.5238
7.92381
10.6
5.99048
4.44762
3
12.1429
8.85714
8.33333
8.66667
4.90476
19.0952
14.4571
16.0762
12.0095
13.2095
18.5524
6.92381
11.0095
5.14286
10.181
10.6571
10.8
7.85714
9.05714
5.7619
7.71429
8.72381
8.08571
18.6857
17.0952
13.2476
8.49524
59.3333
12.4857
11.5619
5.24762
6.3619
10.9619
5.11429
10.5238
16.1619
11.4952
9.93333
16.819
5.87619
14.5524
4.54286
4.06667
5.13333
5.26667
17.5143
5.52381
9.59048
14.8762
11.7714
6.51429
12.3619
9.28571
10.3048
9.79048
5.98095
4.65714
13.7714
12.0952
18.0952
4.8
6.4
7.67619
8.0381
14.0857
5.25714
10.5143
13.3048
10.219
13.3143
7.10476
7.97143
10.4952
8.82857
4.05714
10.4857
5.37143
16.3905
15.3619
6.42857
5.2
10.4952
5.09524
9.75238
5.6381
3.58095
11.4476
5.95238
10.419
8.85714
11.4476
10.1524
13.7905
3.09524
9.11429
7.02857
13.2571
7.6381
14.4667
9.42857
4
8.22857
5.1619
11.4762
10.6571
14.3714
7.67619
7.06667
5.57143
7.39048
5.80952
6.58095
6.29524
6.6381
8.19048
5.50476
13.0571
15.5524
8.59048
6.82857
6.72381
8.01905
7.4
4.41905
11.6381
5.20952
6.32381
13.1619
4.18095
3.61905
14.2667
15.2
8.31429
10.1143
7.88571
20.5429
5.19048
16.3333
10.3429
11.3143
13.5714
12.6381
12.8286
7.59048
8.93333
6.82857
3
17.4286
14.4381
19.4476
13.419
10.3524
13
11.8095
9.26667
10.9714
15.6571
6.64762
14.5524
13.0667
9.4
8.4381
11.1333
4.6
7.15238
12.5429
5.2381
8.41905
6.80952
15.1905
6.97143
8.8
10.4571
5.85714
9.55238
8.06667
7.08571
9.32381
6.73333
5.55238
11.9429
6.41905
8.4381
6.51429
14.3524
4.54286
6.72381
7.60952
8.33333
5.00952
3.50476
3.81905
10.581
4.68571
4.75238
4
4.74286
8
5.92381
6.14286
6.17143
12.381
9.42857
12.8571
8.18095
12.6476
8.07619
7.35238
13.7238
8.91429
3.41905
3.87619
3.79048
11.1333
7.2
8.9619
13.8667
18.8571
10.1714
4.79048
16.1905
11.619
7.6381
3.35238
7.86667
3.3619
3.45714
8.74286
11.7429
12.6
5.90476
12.4857
12.7048
16.5524
6.95238
10.8476
11.8476
14.2571
22.3143
4.42857
4.57143
7.77143
12.9333
10.3524
6.97143
12.7524
10.781
11.3524
4.37143
8.57143
8.08571
6.00952
8.86667
11.4952
14.7905
8.09524
24.5905
11.9905
12.0762
11.6952
10.3619
11.5524
4.75238
9.94286
3.60952
5.77143
5.31429
9.46667
13.9524
6.97143
8.90476
14.4286
3.77143
6.88571
5.18095
8.53333
10.8952
9.58095
7.08571
11
6.72381
9.5619
6.75238
8.4381
17.381
12.5238
8.4381
10.9048
10.9429
9.29524
5
4.53333
9.58095
3.95238
11.1905
6.81905
7.4381
14.8
9.65714
6.85714
5.11429
7.98095
3.33333
9.75238
16.381
4.10476
3.89524
5.27619
3.88571
9.37143
8.0381
7.9619
5.64762
13.2571
5.99048
13.9905
6.99048
9.94286
4.49524
4.24762
4.1619
9.41905
4.27619
4.71429
10.7048
11.181
10.0095
6.46667
6.04762
6.3619
3.62857
6.6
6.4381
15.2286
6.39048
6.35238
3.77143
7.0381
15.9524
7.05714
10.5524
4
16.4381
6.55238
5.55238
12.8857
3.08571
14.7238
4.44762
8.30476
8.46667
4.20952
10.7714
4
12.6762
9.53333
4.6381
7.2381
4.42857
15.619
11.981
9.15238
3.78095
14.4952
8.45714
11.9905
8.0381
16.1619
6.24762
7
9.22857
6.66667
5.19048
21.0476
6.3619
13.9524
4.94286
16.1429
5.6
13.619
12.8476
8.8
3.7619
5.46667
4.15238
18.2667
14.0381
7.8
7.84762
3.32381
5.26667
10.6857
7.46667
12.1714
14.2952
3.99048
12.2476
6.09524
8.45714
13.7143
12.1524
8.6381
12.981
9.29524
8.72381
21.3048
10.9905
6.91429
4.68571
7.08571
4.90476
3.78095
10.6381
11.8286
4.62857
6.35238
9.85714
5.71429
8.85714
5.87619
10.2571
7.37143
5.26667
16.981
3.55238
18.6381
15.7905
13.419
15.0571
11.8952
4.55238
7.87619
5.05714
12.7714
7.53333
6.74286
6.31429
9.97143
9.52381
3.47619
6.32381
5.19048
11.619
14.3333
6.10476
11.8667
7.3619
11.7619
9.57143
3.21905
7.86667
11.3619
10.8762
10.3333
10.4
8.65714
11.8667
4.6
11.6571
12.7905
11.5143
6.65714
14.1429
7.32381
3.17143
6.58095
8.87619
5.99048
6.78095
6.55238
10.3905
11.8857
5.90476
9.41905
12.0476
8.21905
10.6381
7.33333
12.0095
11.4571
9.97143
6.29524
15.8762
6.48571
4.17143
5.39048
7.60952
3.32381
13.6571
4.79048
7.15238
3.97143
7.67619
9.84762
7.39048
13.0571
9.30476
7.04762
11.3714
8.18095
9.14286
10.5143
4.37143
5.85714
6.80952
11.2952
8.84762
8.97143
13.2667
8.47619
12.1619
8.93333
13.8571
5.79048
11.6952
12.0857
4.38095
11.9333
15.2857
16.819
5.19048
15.6952
4.29524
10.6381
12.3619
11.9429
7.18095
7.0381
5.4
6.65714
7.46667
13.1429
15.9905
3.41905
9.38095
11.2571
5.41905
13.4857
11.5619
14.0095
13
12.4571
13.0571
10.4571
16.1524
12.4952
5.37143
11.6667
8.98095
3.93333
10.9238
13.6667
16.4571
7.31429
10.8
7.35238
16.8952
11.6857
12.0286
5.25714
8.30476
6.59048
9.02857
5.89524
10.7048
5.54286
5.34286
12.0286
13.4
13.6
3.49524
4.2
6.52381
9.75238
6.72381
3.94286
8.53333
4.75238
5.17143
3.15238
9.4381
7.18095
10.8095
12.5905
7.90476
14.7048
6.54286
21.8381
5.82857
5.7619
12.2762
5.80952
6.48571
3.90476
11.981
8.97143
5.31429
3.66667
11.4476
5.8
4.51429
6.4
8.82857
5.84762
5.50476
5.81905
8.10476
8.28571
4.57143
7.97143
6.97143
12.7714
10.3238
8.74286
11.4476
8.18095
12.5048
9.41905
11.9143
4.00952
11.3048
5.8
4.95238
7.67619
13.2857
13.2476
4.92381
5.24762
7.60952
9.73333
3.26667
8.42857
13.3333
12.3619
11.9143
10.9524
6.6
7.68571
8.11429
8.77143
7.6381
11.4286
7.13333
6.78095
6.21905
10.2095
5.39048
7.90476
12.7238
9.80952
10.8286
11.2381
12.7619
14.3333
3.40952
6.86667
12.1619
7.07619
6.60952
9.4
9.25714
10.6857
8.19048
4.02857
16.8857
3.2381
3.66667
5.69524
6.40952
8.52381
15.5524
10.781
7.25714
7.82857
5.72381
10.7619
16.5524
12.219
14.2952
4.45714
4.75238
3.38095
8.85714
12.9714
10.419
10.7048
5.05714
10.5619
5.18095
16.3619
6.69524
12.4095
5.72381
14.2
12.4
9.66667
4.72381
7.87619
12.1905
6.81905
4.20952
9.61905
8.59048
8.71429
10.7619
11.8762
5.80952
6.80952
17.3143
6.71429
6.51429
9.4381
5.19048
8.7619
13.3143
6.25714
8.2
16.019
8.59048
11.4095
10.8381
15.0857
7.02857
5.45714
6.39048
10.0667
9.05714
10.9714
10.0667
14.9333
4.34286
12.2286
8.45714
9.67619
4.40952
22.2952
22.819
10.0381
10.2095
10.3905
12.4952
7.37143
15.6952
16.6095
9.41905
13.3524
15.381
10.3619
11.3048
7.90476
11.7333
13.5143
9.05714
12.1619
7.07619
11.1429
14.9905
10.0476
14.4381
14.5143
10.1048
10.6476
19.9524
6.74286
5.71429
9.13333
12.0667
4.31429
10.3429
8.26667
16.9619
9.06667
11.9143
19.7048
6.01905
9.71429
3.60952
7.87619
9.75238
5.06667
7.29524
10.7619
8.35238
9.28571
6.55238
16.0857
13.9619
10.4476
5.82857
10.4
9.87619
3.35238
8.75238
11.8857
3.38095
12.7619
13.3048
5.60952
7.91429
12.0286
7.61905
10.1048
4.85714
9.82857
9.59048
17.8381
14.619
7.74286
3.78095
7.8381
18.6095
5.37143
11.7905
7.45714
6.09524
15.7714
3.67619
4.13333
17.6762
9.50476
11.981
16.1429
18.981
12.619
5.01905
12.1333
8.48571
18.3048
8.61905
5.65714
9.8381
14.3143
12.3238
7.30476
10.7238
14.8667
11.2476
7.65714
8.00952
8.73333
6.07619
18.5619
3.88571
8.2
16.381
10.781
14.6381
8.97143
5.90476
14.3905
6.84762
10.7905
6.70476
10.5048
10.2952
8.95238
4
7.12381
7.82857
7
10.2857
9.37143
6.27619
3.05714
8.79048
6.05714
7.72381
5.40952
7.89524
5.98095
9.0381
15.0286
10.9429
5.89524
6.02857
9.2381
6.13333
8.22857
6.53333
10.8095
24.9619
7.93333
8.53333
15.2952
13.2952
5.30476
7.25714
11.0095
14.981
16.9905
5.20952
8.0381
6.09524
17.6667
7.14286
17.1714
7.48571
9.67619
8.51429
6.01905
10.781
3.08571
9.40952
10.9333
10.3714
12.8667
10.8286
10.0381
7.11429
8.27619
6.50476
20.0667
12.9714
7.71429
8.8381
13.2095
4.44762
4.15238
10.0381
6.70476
3.79048
22.8762
13.781
3
9.6
12.4667
8.49524
7.97143
9.29524
8.52381
3.86667
9.91429
7.65714
9.65714
10.2381
10.781
5.80952
9.40952
9.01905
13.1714
7.90476
3.00952
11.5619
8.8381
7.33333
8.08571
15.4952
12.8095
4.64762
7.7619
3.62857
12.0476
5.22857
12.8571
10.5714
6.93333
4.82857
10.6762
4.26667
11.9524
7.45714
13.2762
11.2857
5.93333
6.70476
8.60952
7.05714
11.6857
15.6286
8.06667
3.61905
5.67619
8.2
8.77143
13
7.51429
10.7905
8.28571
11.7238
23.4381
12.8476
11.8952
9.41905
8.49524
7.24762
6.38095
12.7714
5.59048
7.45714
5.99048
5.2
13.6762
6.55238
5.90476
8.8
9.35238
13.219
8.30476
9.13333
13.4286
11.0095
9.94286
7.41905
15.1905
6.95238
14.2286
9.91429
4.30476
3.33333
7.21905
7.0381
14.1429
10.5905
3.87619
12.1524
10.6476
4.06667
4.4
6.62857
6.11429
4.77143
8.65714
9.99048
10.4571
8.2
4.41905
12.581
9.78095
7.9619
4.71429
11.9524
12.3524
3.95238
5.45714
6
8.57143
4.08571
4.08571
13.0857
5.52381
7.39048
6.28571
15.6667
8.93333
5.15238
14.4762
6.4
11.7143
8.65714
10.7619
7.19048
8.66667
7.97143
16.5619
7.6
13.981
10.2095
7.8
18.4286
10.5238
12.381
16.7714
12.2095
10.2
6.88571
4.37143
5.53333
10.6952
10.7429
12.1905
8.28571
4.69524
11.1429
8.61905
12.419
3.37143
6.55238
6.93333
6.58095
10.9905
10.3429
5.10476
14.2
12.3905
8.66667
11.781
6.2381
9.57143
13.2667
6.52381
5.8381
9.10476
12.781
5.59048
3.17143
11.9048
16.3429
13.1048
10.0952
18.1238
13.3333
8.25714
4.77143
4.20952
4.79048
11.0286
7.18095
9.05714
4.71429
6.87619
6.57143
12.781
13.5238
11.4571
8.50476
4.64762
4.70476
16.0095
7.94286
12.6
14.5714
10.7238
6.59048
11.2095
12.3429
10.4095
10.5524
6.78095
4.31429
3.32381
6.3619
9.6381
7.72381
6.39048
14.7238
11.4667
10.6
11.7143
12.7429
10.7429
8.34286
12.1619
10.181
10.1238
6.08571
17.5238
10.2476
3.77143
10.2952
11.3524
20.7333
3.8381
9.46667
4.33333
10.4381
5.20952
3.2381
13.7619
4.5619
6.90476
6.07619
7.59048
7.50476
8.1619
5.2381
7.48571
8.44762
7.12381
12.4
7.18095
4.18095
5.88571
9.34286
6.27619
12.5905
10.4
4.47619
17.7619
9.49524
4.77143
18.8
17.3429
10.5333
8.24762
11.0762
10.1905
13.2667
10.8286
14.4
8.48571
6.70476
12.8571
3.99048
12.3143
7.45714
9.68571
15.9143
10.3048
6.46667
11.0952
14.9714
7.99048
11.8952
4.10476
5.17143
12.0762
11.8381
11.8095
6.30476
4.54286
12.7048
12.4571
15.9238
13.4571
11.581
9.40952
5.64762
11.3714
6.15238
5.4
5.67619
9.91429
16.5143
7.18095
14.0571
8.4
8.32381
8.9619
10.8
8.42857
11.5714
5.48571
11.8286
8.72381
6.60952
7.74286
8.2381
19.5143
4.51429
11.2571
12.3333
6.66667
14.981
12.6762
8.8381
14.1619
7.8
19.0762
4.05714
12.1905
9.41905
5.12381
6.60952
11
19.4381
8.45714
10.6381
11.5714
9.91429
18.1143
7.45714
5.49524
5.51429
7.4
3.65714
15.781
6.54286
9.87619
6.87619
4.55238
6.38095
9.4381
10.6
11.6667
14.9333
7.53333
7.24762
7.72381
15.2571
7.40952
6.50476
8.49524
17.219
7.4
7.05714
6.6
19.3429
6.69524
7.4
6.30476
3.98095
8.49524
9.62857
11.6
5.20952
8.32381
3.82857
13.7714
12.6095
8.47619
5.53333
13
5.55238
6.1619
8.34286
9.44762
12.3238
6.74286
4.22857
7.37143
9.27619
14.0381
7.84762
8.05714
5.57143
14.6095
5.10476
4.44762
5.46667
5.00952
10.4952
7.73333
17
7.92381
3.72381
5.55238
5.29524
13.781
6.61905
7.57143
8.91429
3.65714
12.9048
6.26667
4.51429
8.25714
7.77143
5.93333
11.5619
8.81905
11.9048
7.80952
14.3619
10.7143
6.15238
10.0762
7.80952
16.9048
13.1905
8.40952
11.4476
4.77143
14.8
6.89524
11.5714
9.10476
15.8571
3.06667
16.4667
8.64762
10.0286
3.61905
7.12381
8.06667
6.53333
13.9619
11.9143
10.5429
18.4762
3.90476
9.67619
7.42857
16.981
10.8667
6.72381
3.40952
6.70476
11.4762
7.72381
16.8286
9.65714
15.6667
14.0952
4.60952
8.6381
15.6857
10.3048
13.6286
8.48571
13.8381
11.4857
5.27619
8.9619
13.019
9.48571
7.81905
13.4286
9.97143
9.73333
11.8667
5.21905
6.78095
14.5238
15.1714
4.69524
13.8286
4.24762
9.60952
6.99048
9.68571
8
13.1429
11.1714
20.8095
9.54286
6.69524
10.9714
9.51429
11.9143
10.8571
15.0571
13.5238
10.6095
12.9714
3.54286
17.1714
7.54286
17.5429
9.33333
4.07619
4.80952
10.3905
8.86667
8.27619
8.57143
8.32381
5.99048
7.17143
12.7905
6.47619
10.8381
7.34286
11.1238
8.04762
13.9714
15.2571
12.9143
7.46667
4.51429
6.45714
6.10476
11.7238
5.4
16.8476
9.46667
6.53333
5
5.06667
8.10476
7.30476
9.4
20.5714
15.2857
9.01905
13.6571
10.5429
10.8857
6.86667
9.69524
13.9143
12.2
11.0952
11.5429
12.2667
5.92381
8.93333
4.39048
10.9905
12.1143
4.6
3.6
14.6952
8.10476
6.27619
7.32381
4.91429
9.46667
6.93333
7.97143
5.6
5.92381
4.82857
10.1143
3.31429
8.90476
14.6762
5.77143
9.37143
14.4952
7.9619
6.8381
9.78095
13.1524
7.8
11.3905
9.53333
12.5238
5.11429
11.7619
5.51429
5.92381
10.1238
11.8286
9.95238
6.61905
4.9619
10.6667
10.0571
12.3333
9.40952
10.4476
11.4095
13.9619
9.32381
15.2095
7.49524
10.3619
13.0381
12.6952
5.38095
6.90476
6.68571
9.58095
7.24762
3.47619
10.8762
14.2952
10.0952
9.47619
4.6381
12.9429
7.8
6.79048
10.3143
16.7048
10
6.12381
4.35238
12.4095
6.89524
8.40952
15.1143
9.21905
16.1048
5.61905
17.8095
6.7619
9.41905
3.87619
13.2762
10.0476
10.8571
5.82857
11.8476
6.2
13.7333
6.24762
16.419
8.06667
6.4
10.1905
11.4857
15.7333
4.21905
5.80952
11.6952
4.72381
9.89524
7.71429
6.38095
6.02857
9.25714
11.9905
12.2857
10.2857
4.74286
11.1429
7.8
10.9905
9.84762
8.80952
25.4571
14.7619
14.0952
4.78095
5.64762
8.52381
12.3619
4.60952
5.50476
14.7714
4.49524
3.21905
8.92381
17.181
5.33333
4.4
4.26667
10.7048
5.21905
6.4381
8.99048
9.47619
7.0381
6.48571
7.01905
4.57143
5.86667
8.61905
8.50476
7.01905
12.9905
11.581
7.47619
8.39048
7.74286
4.78095
19.7714
14.8952
10.1714
8.48571
7.18095
5.29524
7.79048
9.61905
3.78095
33.4857
5.59048
6.81905
13.8476
8.01905
6.00952
12.5619
4.9619
9.91429
3.32381
12.8857
14.1524
10.2095
5.2
6.2
3.70476
5.18095
9.77143
11.0667
4.2381
9.10476
6.74286
8.31429
5.70476
9.49524
13.6
16.7714
10.0286
11.0476
8.34286
7.35238
9.07619
13.7524
4.7619
8.47619
10.4762
10.3905
19.3429
9.87619
15.6286
9.72381
5.2
9.55238
10.1333
14.219
3.41905
12.019
13.019
8.72381
11.2476
13.2095
5.74286
10.8571
11.219
6.40952
11.5619
7.74286
6.19048
7.40952
8.28571
10.8095
8.09524
12.0571
14.1048
8.21905
14.4095
3.85714
9.37143
6.13333
11.2571
5.14286
17.0381
10.3143
7.1619
9.50476
7.81905
11.181
14.9429
5.45714
11.5524
11.2286
13.5714
14.8952
9.77143
11.1429
13.219
12.4095
9.69524
4.40952
11.9905
15.0952
13.981
7.73333
8.8381
6.59048
9.24762
10.8762
6.51429
4.24762
9.7619
18.0762
3.90476
3.90476
4.91429
3.41905
3.61905
12.9619
4.79048
11.4476
11.419
9.85714
14.8952
7.42857
9.15238
13.4667
11.2286
5.50476
6.86667
8.98095
5.66667
6.49524
15.9714
7.47619
13.4
7.10476
4.92381
6.99048
4.82857
12.3048
4.87619
15.5905
5.32381
13.2476
10.2095
10.8381
11.4095
7.24762
8.29524
11.6095
6.30476
10.019
14.7619
12.6381
6.73333
4.30476
13.3238
17.0762
4.4
3.98095
6.2
8.5619
9.71429
9.72381
7.73333
8.17143
9.15238
9.75238
13.5238
6.45714
6.6381
6.95238
8.93333
11.4667
9.18095
14.0095
12.4857
8.61905
10.7905
11.4381
12.8857
11.0571
17.6476
15.2762
5.98095
16.6857
14.2762
11.8571
9.6
12.7619
10.2476
6.18095
10.9333
9.65714
8.12381
15.1238
14.4095
12.6095
9.61905
13.7333
10.1143
7.49524
10.3714
6.2381
9.51429
6.31429
18.2
11.4476
7.20952
4.59048
9.94286
13.3333
19.3143
11.419
8.57143
13.6952
7.20952
7.60952
8.19048
7.9619
15.4857
6.64762
9.10476
3.47619
4.6381
4.79048
15.6857
7.37143
5.27619
7.68571
7.32381
8.92381
11.1619
13.8095
13.0857
5.44762
9.17143
6.42857
5.32381
8.48571
7.00952
8.14286
20.5905
7.30476
11.019
6.26667
5.91429
14.419
4.13333
6.45714
7
8.8
4.94286
10.3524
5.9619
7.72381
6.5619
4.82857
4.3619
5.59048
4.77143
8.71429
7.12381
14.7048
12.7905
9.3619
14.9714
18.0571
13.6095
15.3714
10.7714
12.4286
17.8
8.58095
9.7619
13.2857
6.75238
7.08571
3.52381
10.9238
11.4476
19.2476
4.66667
15.219
4.6381
17.2476
12.8095
6.48571
12.0095
4.25714
10.2
6.32381
10.3143
14.4095
11.6381
12.1619
9.12381
3.98095
7.05714
10.0095
9.85714
9.90476
8.00952
9.1619
15.3619
6.5619
19.019
15.7143
6.07619
10.5238
11.4952
9.6
9.84762
8.12381
7.48571
16.5048
11.181
5.68571
6.98095
12.1905
11.619
14.7905
11.619
9.75238
10.9714
16.6286
5.17143
8.39048
9.79048
7.6381
3.26667
9.27619
7.02857
11.3333
7.64762
9.99048
13.0857
12.219
4.33333
9.68571
7.97143
11.3905
18.6
7.00952
7.70476
4.51429
5.26667
9.97143
6.87619
16.4857
8.15238
8.10476
7.88571
13.819
10.8762
12.1905
8.35238
10.1333
9.53333
6.92381
8.55238
7.64762
5.8
5.70476
6.7619
9.67619
8.08571
6.65714
7.8
11.8476
12.8286
10.9429
7.19048
4.21905
10.2381
6.19048
12.0667
11.2667
15.2857
6.80952
10.4286
5.18095
9.28571
6.87619
8.65714
16.2286
14.0857
3.81905
6.48571
17.4095
17.4
9.60952
13.2
12.619
7.72381
11.181
9.71429
6.80952
11.6667
4.70476
9.32381
11.1143
11.8286
4.26667
4.3619
12.2476
12.5619
3.77143
10
6.27619
8.60952
5.71429
8.89524
20.3333
18.4857
3.94286
13.4381
8.37143
8.5619
8.64762
7.18095
13.0857
9.81905
3.8381
10.219
7.92381
4.73333
4.8
2.94286
9.08571
4.00952
4.09524
3.2
7.22857
8.2
4.01905
8.10476
3.65714
6.57143
3.53333
5.12381
8.72381
5.10476
9.6381
4.89524
3.21905
3.48571
2.48571
7.21905
8.45714
2.04762
16.4286
5.04762
3.0381
2.60952
5.32381
7.45714
3.10476
3.60952
5.70476
3.70476
2.41905
4.06667
4.97143
3.29524
4.52381
9.68571
4.18095
7.82857
6.28571
9.41905
9.85714
7.44762
2.85714
2.09524
11.1048
2.14286
7.21905
2.42857
7.62857
5.00952
5.81905
2.41905
5.79048
4.80952
3.58095
8.71429
3.65714
16.3333
41.981
6.27619
10.6381
8.40952
8.25714
8.38095
9.28571
13.4286
4.31429
3.86667
4.37143
4.69524
4.57143
6.8
3.49524
2.33333
6.37143
6.11429
4.72381
3.15238
4.38095
2.32381
11.9429
16.4381
9.06667
12.9143
11.9714
4.02857
9.34286
3.32381
6.07619
7.06667
5.98095
20.7524
2.2
5.35238
5.71429
9.70476
4.64762
5.4381
2.90476
7.4
5.3619
4.11429
9.00952
7.2
4.1619
4.51429
4.17143
2.55238
6.19048
4.12381
5.7619
6.70476
4.3619
5.55238
7.33333
8.98095
7.51429
4.10476
5.46667
6.87619
7.65714
1
6.62857
1.20952
4.94286
7.90476
2.7619
4.93333
1.5619
2.47619
1.31429
1.15238
6.92381
6.17143
2.70476
5.9619
2.91429
1.25714
1.33333
3.1619
7.11429
4.26667
3.0381
2.9619
5.26667
4.94286
2.10476
5.81905
1.39048
3.49524
2.65714
1.89524
1
2.71429
3.52381
8.85714
1
1.09524
2.48571
1.22857
6.01905
2.0381
7.01905
7.46667
6.33333
1.10476
1.10476
9.09524
1.58095
1.26667
2.19048
1.38095
7.50476
10.1429
1.69524
1.0381
4.99048
1
1
1
9.26667
5.54286
2.25714
4.46667
2.01905
1.08571
2.66667
1.15238
7.59048
8.4
1
3.7619
5.14286
2.32381
2.19048
1.4381
1.52381
3.8
1.52381
1
2.24762
1.17143
8.08571
1.20952
2.51429
3.90476
1.08571
2.79048
1.4381
3.11429
8.27619
1.29524
1.4381
7.22857
7.95238
4.35238
5.71429
4.59048
8.84762
1.0381
2.11429
6.6
6.90476
1.75238
1.54286
7.99048
1.19048
1.11429
9.73333
1.20952
1
1.38095
3.88571
7.38095
5.98095
4.72381
8.91429
1.64762
1.04762
6.1619
1.18095
8.1619
1.80952
3.20952
1.06667
8.38095
1
5.20952
9.67619
1.42857
1.30476
2.33333
1.0381
6.52381
2.34286
1.28571
2.32381
2.69524
1.05714
7.66667
1
7.88571
1.0381
4.12381
1.50476
1.80952
2.06667
9.05714
5.72381
1.98095
1.4
6.60952
8.20952
8.20952
4.39048
1.91429
4.2
3.04762
1.68571
1.27619
2.13333
2.6
1.66667
5.46667
7.71429
3.04762
2.30476
1
5.38095
13.1429
1.45714
1
1.13333
6.6
6.90476
6.34286
2.15238
6.97143
1.22857
1
2.81905
1.45714
1
1
2.4381
4.92381
6.3619
3.52381
7.95238
2.24762
1.44762
2.26667
1
7.89524
6.50476
7.74286
4.02857
6.6
3.68571
5.67619
5.1619
1.61905
1.71429
1.2
3
1.38095
1.82857
7.60952
6.10476
1.41905
1
1.17143
1.65714
1.74286
1.45714
5.6381
1
6.78095
7.90476
2.07619
2.54286
1
1.91429
6.57143
2.6381
1.85714
4.08571
3.38095
1.69524
1.97143
2.27619
1.13333
3.86667
1.0381
1.41905
3.30476
5.08571
5.40952
1.29524
3.37143
2.74286
2.4
1.5619
6.95238
2.93333
5.4
3.24762
1.10476
4.21905
2.13333
3.22857
7.72381
4.11429
1.38095
3.47619
3.11429
2.75238
1
2.07619
1
2.20952
1.17143
1.47619
4.66667
1.85714
5.4381
10.3429
1.6381
1
1.46667
4.88571
8.11429
4.88571
1
1
9.4381
1
5.13333
6.68571
1.02857
6.3619
3.93333
2.14286
4.3619
4.05714
4.55238
5.68571
3.14286
1.47619
1.27619
3.78095
1.0381
4.6
1.88571
7.11429
7.69524
4.84762
5.59048
8.35238
3.92381
6.60952
1.41905
1.9619
3.71429
6.5619
1.13333
1.1619
1
1.8381
1.09524
3.06667
7.08571
6.46667
2.12381
1
11.619
5.09524
1.50476
1
6.12381
1.8
1.58095
1.35238
7.14286
2.93333
2.21905
9.57143
8.59048
1
7.8
7.49524
1
6.64762
6.95238
1
8.8381
5.70476
8.20952
3.2381
1.51429
1.1619
2.33333
6.2
1.29524
1.46667
6.90476
3.07619
1
2.72381
1.53333
1.59048
1.79048
1.60952
5.99048
5.38095
3.64762
8.01905
5.65714
1.2381
2.00952
1
1.77143
1.5619
2.11429
4.04762
1.45714
3.65714
6.73333
8.81905
8.41905
1.42857
1.80952
1.99048
7.87619
2.29524
3.52381
4.2
5.13333
1
1.59048
5.71429
6.33333
7.51429
1.25714
7
1.27619
7.90476
2.67619
1.48571
3.1619
2.14286
4.85714
5.6381
1.53333
1.39048
6.2381
1.51429
1
5.59048
5.47619
8.60952
1.6
1.26667
1.02857
1.82857
2.21905
5.93333
10.3714
6.35238
1
1.38095
1
1.60952
7.06667
2.81905
3.94286
7.61905
3.04762
1.12381
8.78095
3.15238
2.72381
1.2
3.06667
1
8.07619
6.62857
6.64762
1.21905
7.18095
1.21905
8.71429
8.05714
2.29524
7.39048
10.7905
6.64762
1.0381
1
1
1.32381
3.0381
1
1
6.2
1.07619
1.12381
4.57143
3.45714
1.20952
3
3.68571
1.66667
7.7619
1.72381
2.84762
1.3619
2.25714
2.85714
5.9619
1.70476
3.34286
7.19048
9.51429
1
1.26667
1
3.28571
1.20952
4.32381
3.37143
6.01905
1.1619
1.64762
6.22857
2.4381
1.5619
6.25714
7.08571
2.41905
6.77143
1.11429
3.47619
1
3.20952
1.41905
2.41905
6.8
1.0381
4.12381
8.13333
1
3.44762
9.02857
1
6.4
1.20952
1.31429
1.64762
2.77143
2.35238
4.37143
2.18095
9.21905
6.94286
4.34286
3.52381
1.24762
7.3619
1.52381
1.13333
8.58095
4.45714
1.10476
1.26667
6.08571
5.32381
1.19048
4.78095
6.61905
2.58095
9.28571
1.01905
3.7619
1
1.19048
1.5619
1.77143
1.41905
1
3.21905
2.2381
5.33333
1.18095
7.4381
5.77143
1.20952
1.4
2.22857
1.44762
2.57143
1
5.88571
1.15238
2.8381
3.72381
1.13333
4.57143
6.45714
10.2381
5.50476
1
2.2
7.6381
1.57143
7.41905
1.40952
8.29524
6.7619
9.53333
2.52381
4.22857
2.93333
3.4381
2.24762
2.29524
2.11429
7.79048
1.75238
1
1
9.21905
1
1.01905
1.59048
1.01905
7.61905
2.99048
1.61905
2.5619
2.91429
1
7.57143
1
1.48571
2.44762
1
1.88571
2.45714
8.1619
1.13333
5.50476
1.32381
4.12381
4.21905
8.6
1.88571
3.92381
5.6381
8.42857
1
2.02857
1.5619
8.9619
2.89524
2.26667
1.6
2.89524
1.82857
4.20952
8.8381
3.6
1.07619
1.19048
2.00952
5.46667
2.62857
7.65714
2.6
1.50476
2.11429
1
2.58095
4.64762
1.73333
1.55238
1
1
1
9.07619
1.64762
3.87619
5.89524
1.02857
6.6
1.05714
1
5.81905
5.22857
1.39048
1
1.09524
2.77143
2.98095
9.25714
1.07619
8.67619
1.42857
8.41905
1.08571
1.69524
2.46667
1
1
3.66667
6.62857
1.87619
1
2.51429
1
5.20952
8.24762
3.00952
2.40952
4.68571
1
4.5619
1.81905
1.90476
3.90476
1
5.48571
2.07619
4.58095
5.19048
9.86667
1.09524
2.53333
8.73333
1.58095
8.25714
1
1.06667
9.13333
1.01905
1.33333
1.73333
5.65714
9.00952
1
3.17143
4.93333
4.64762
2.45714
1.6
1.37143
2.90476
5.8
1.12381
5.62857
5.27619
3.30476
1.52381
1.09524
6.07619
2.79048
4.85714
10.0286
1.04762
1.39048
9.8
2.86667
6.09524
4.78095
1.44762
1.97143
1.18095
8.75238
1.02857
5.92381
6.62857
7.11429
9.41905
7.40952
1.26667
2.22857
3.46667
2.52381
3.2
1
2.29524
6.13333
1.0381
5.45714
9.35238
1.27619
1.7619
1.32381
1
3.59048
7.29524
1.3619
7
6.02857
1.29524
2.2
8.39048
6.04762
4.80952
1
1.04762
1.86667
2.65714
3.50476
1
6.10476
4.88571
7.68571
2.51429
3.08571
1.99048
1.04762
3.9619
5.90476
1
1.0381
3.08571
1.39048
6.41905
3.48571
1.24762
2.81905
2.62857
1.20952
1.15238
3.48571
2.57143
5.53333
1.35238
8.54286
1.99048
8.00952
1
2.58095
1.37143
5.7619
1
1.22857
1.41905
2.74286
5.42857
2.51429
1.3619
2.8
5.17143
5.37143
3
1.88571
4.32381
4.68571
3.10476
1
2.31429
9.0381
1
1.73333
1
1.67619
7.38095
2.89524
6.4
1.3619
3.15238
1.0381
1
5.77143
4.92381
1
1.40952
1.33333
1
4.39048
7.6
1.98095
6.87619
1.31429
1.25714
1.86667
2.4
6.64762
1
1.65714
1.17143
7.62857
1.72381
2.29524
8.39048
1.08571
1
1.31429
1.20952
1
4.2
5.07619
2.0381
3.52381
1.18095
7.41905
1
11.1429
1
1.20952
3.71429
3.41905
2.35238
1.65714
3.46667
1.91429
1.79048
2.58095
1.47619
3.15238
6.11429
10.2952
5.19048
5.17143
1.12381
1.52381
4.18095
2.66667
4.66667
5.89524
1
1.27619
4.20952
2.72381
2.10476
5.32381
2.26667
1.25714
7.41905
1
1.50476
2.99048
2.38095
1.19048
1
8.15238
7.46667
2.32381
1.7619
2.0381
1.00952
2.4381
2.78095
7.08571
9.92381
9.66667
1.72381
1
2.9619
1.98095
7.11429
1.02857
1.60952
2.4
7.05714
7.8381
3.77143
1.75238
1.39048
1.25714
1.02857
9.30476
3.04762
1.27619
1.14286
1.39048
9.32381
3.17143
6.97143
4.06667
3.6381
3.37143
10.5429
2.19048
7.14286
1.37143
5.06667
1.91429
1.14286
5.67619
1.38095
1
3.91429
1.19048
2.13333
1
7.22857
7.8
5.6
1.65714
6.10476
1.8381
2.33333
1.70476
1.35238
6.9619
2.55238
7.71429
1.46667
3.91429
7.86667
7.3619
1
1
4.38095
1.87619
7.98095
1.86667
4.08571
1.87619
4.13333
6.5619
1.64762
2.66667
8.31429
1.77143
1.32381
7.6
1
1.13333
1.8
4.25714
7.55238
8.5619
6.65714
1.82857
2.93333
2.02857
1
6.18095
4.29524
5.14286
2.2
2.42857
4.97143
3.51429
1.06667
1.14286
1.21905
10.1238
5.4
5.40952
1.86667
1
5.75238
1.58095
5.62857
2.81905
1.14286
2.47619
1.2381
1
5.13333
1.78095
5.74286
1.70476
6.00952
1.24762
3.40952
4.10476
3.87619
1.78095
4.24762
3.01905
6.68571
7.37143
6.37143
10.5619
3.84762
3.75238
6.40952
1.6381
9.59048
1
6.60952
2.74286
1
1
8.35238
2.88571
2.60952
7.53333
11.3048
6.53333
1.22857
4.74286
1.1619
4.39048
3.2
1.38095
1.99048
1.07619
4.38095
2.69524
8.20952
3.26667
4.91429
2.09524
2.85714
8.49524
1.86667
1.32381
7.2381
12.4952
6.04762
3.99048
3.18095
1.8
1.31429
2.26667
1.04762
1.86667
3.46667
4.92381
1
1.14286
2.17143
1.08571
1.39048
2.73333
3.64762
1
5.27619
6.12381
2.77143
7.71429
3.53333
1.13333
2.14286
1.84762
1.1619
2.50476
2.09524
3.82857
1.05714
1
2
1.05714
1.53333
2.2
1
5.92381
8.50476
3.05714
2.35238
1.31429
2.08571
1.13333
1
1.20952
1.5619
1.09524
2.84762
3.97143
1
1.59048
1.05714
5.89524
8.80952
3.50476
5.97143
1.05714
6.86667
6.26667
4.33333
1.44762
1
1.38095
1.10476
1
3.24762
1.34286
3.02857
1.86667
1.45714
2.78095
1.20952
2.09524
1.34286
4.84762
4.25714
1.08571
1
1
1.52381
5.1619
7.4381
1
1.61905
1.07619
4.54286
4.09524
1.91429
10.1429
3.6381
6.60952
4.84762
4.54286
1.18095
5.60952
1.20952
1.13333
6.49524
2.19048
6.49524
1.87619
9.08571
2.12381
1.41905
8.55238
8.48571
2.28571
4.8
1.1619
1.0381
1
6.22857
11.5333
1.39048
6.29524
1.87619
7.26667
5.8
9.2
2.45714
3.90476
3.90476
4.45714
2.05714
1.28571
4.34286
1.89524
6.79048
6.9619
6.25714
4.79048
1.80952
3.97143
8.2
2.91429
2.98095
8.2381
3.35238
1.25714
1.05714
1.34286
4.24762
6.18095
2.02857
2.08571
7.94286
2.89524
7.22857
5.17143
1
1.54286
7.92381
1.51429
1.40952
1.73333
7.30476
2.22857
2.11429
8.04762
9.57143
3.50476
3.53333
1
2.79048
6.66667
3.15238
7.44762
1.10476
1
5.47619
2.29524
1.32381
1
2.18095
5.44762
6.89524
5.2
1.2381
7.27619
1
1.18095
2.17143
4.99048
1.06667
2.64762
2.13333
9.34286
9.89524
5.6381
1.35238
2.33333
2.38095
2.87619
1.90476
1.7619
1
4.67619
1
2.1619
1.45714
1
8.98095
3.18095
2.55238
7.66667
3.1619
1.88571
1.38095
1.9619
1.2
6.75238
1
3.94286
1.24762
1
3.05714
2.98095
1.12381
3.7619
1.93333
1.46667
1.14286
1.4381
4.3619
12.381
6.17143
6.6381
1.62857
1.13333
5.41905
5.0381
1
1
1.80952
1.0381
5.13333
6.52381
2.2
4.59048
1.45714
5.88571
7.41905
3.40952
8.92381
8.66667
3.4381
10.1143
1.00952
1.73333
17.8476
3.69524
4.68571
1
8.91429
1.37143
2.2
6
8.95238
2.12381
1.24762
2.89524
2.78095
1.30476
1.79048
1.48571
1
7.28571
6.2
5.31429
8.87619
1.08571
8.65714
3.34286
1.25714
1.13333
3.11429
4.7619
3.84762
3.90476
9.77143
1.74286
3.15238
6.59048
6.69524
6.62857
1
5.75238
1.0381
3.26667
3.04762
3.11429
1
2.55238
1
2.14286
1.09524
4.51429
1.35238
3.58095
2.90476
1
1
1.08571
1
3.19048
1.4
1
9.22857
1.17143
1.27619
1
7.61905
1.75238
2.64762
4.21905
7
7.31429
2.79048
1
6.59048
4.10476
4.93333
2.04762
1.17143
4.87619
1
1.06667
1
1.89524
7.66667
8.05714
7.58095
1.4
3.78095
3.07619
9.74286
1.46667
5.85714
5.85714
4.48571
6.24762
8.07619
3.00952
1.32381
5.38095
6.57143
10.4667
2.15238
3.86667
2.88571
2.27619
1.06667
1.12381
5.64762
1.77143
3.73333
4.58095
1
2.99048
1.44762
1.44762
1
8.27619
2.33333
3.82857
3.61905
5.29524
8.95238
2.15238
1.85714
8.4
2.06667
1.40952
6.91429
4.65714
1.04762
1
2.53333
1
7.86667
7.98095
6.08571
7.58095
1
1.69524
8.87619
2.68571
3.6381
5.08571
1.07619
7.25714
7.13333
1
1
2.14286
6.85714
7.54286
1.06667
1.3619
1.22857
4.37143
1.04762
8.04762
1.33333
1.2
1.01905
3.05714
1.11429
2.01905
2.11429
3.34286
1.13333
3.33333
1.45714
1.95238
4.73333
1
4.04762
1.3619
1.44762
3.90476
1.54286
1.65714
1.02857
11.9048
1.92381
1.01905
7.91429
1
6.55238
1.21905
4.73333
1.91429
1.80952
1.4381
1.97143
2.02857
5.54286
2.33333
2.5619
5.94286
1.10476
1
1.29524
1
1.37143
1.1619
1
5.22857
7.3619
4.54286
3.06667
1.45714
1
3.95238
10.1905
5.99048
1
6.44762
7.99048
2.66667
1.19048
3.8381
6.59048
4.21905
2.25714
1.30476
1.09524
2.02857
1.21905
9.38095
1
2.20952
6.41905
3.38095
1.18095
4.68571
1.45714
1.81905
1
6.95238
1
1.8
7.92381
1
1.79048
3.1619
7.06667
7.51429
3.06667
1.21905
3.24762
1
4.20952
6.39048
2.02857
1.19048
8.00952
2.72381
9.53333
5.30476
5.99048
2.24762
1.6
1.19048
2.98095
2.1619
6.24762
3.17143
1.59048
1.59048
6.49524
1.01905
1.44762
2.34286
6.88571
1.05714
1.02857
1.09524
1.28571
1
1.89524
7.04762
9.41905
2.0381
1.52381
10.1619
7.45714
1.34286
6.2381
1.25714
3.02857
7
8.42857
3.73333
2.24762
4.66667
1.9619
2.22857
5.95238
4.37143
2.4
6.89524
1
5.88571
1.52381
9.87619
1
2.6381
5.97143
1.00952
6.37143
6.29524
3.62857
1.05714
1.06667
1.61905
2.70476
2.12381
1.54286
2.67619
5.88571
7.54286
8.18095
6.15238
1.28571
2.14286
3.32381
8.49524
6.49524
1.01905
1.00952
1.57143
1.57143
4.24762
4.4
1.27619
1
4.7619
3.49524
1.50476
4.88571
2.91429
7.25714
6.75238
2.40952
2.67619
4.92381
8.05714
2.00952
7.69524
1.35238
1.49524
5.9619
6.30476
4.64762
7.89524
1.30476
1
2.93333
1
4.21905
8.31429
6.01905
1.58095
5.60952
7.71429
3.58095
1
5.75238
5.90476
3.61905
2.12381
1.66667
4.01905
5.98095
6.42857
2.46667
3.18095
1.51429
5.98095
1.75238
1.14286
9.39048
3.92381
5.06667
1
5.30476
1.55238
3.64762
2.41905
4.26667
7.71429
1.4381
2.32381
2.24762
2.55238
9
1
1
2.31429
5.41905
7.13333
9.75238
1.4381
1.02857
1.33333
6.34286
8.79048
1.00952
1.46667
10.0476
6.70476
3.59048
1
4.80952
1.11429
1.55238
6.31429
2.10476
1.44762
3.09524
1.21905
1
1
2.84762
6.39048
6.22857
2.61905
3.15238
1.17143
1.8
1.2381
6.65714
11.5048
3.86667
1.27619
1.35238
2.91429
8.27619
9.77143
6.2
3.55238
3.04762
3
1
4.48571
8.07619
7.62857
2.39048
4.5619
3.85714
1.77143
2.42857
5.11429
2.17143
1.42857
1
2.33333
4.84762
7.53333
1.1619
1
6.44762
7.42857
6.25714
8.0381
2.48571
1.60952
1
2.27619
2.26667
6.35238
1.7619
2.86667
5.62857
1.53333
1
10.5524
4.64762
2.34286
4.07619
6.61905
5.74286
1.8381
3.8381
1.53333
1.64762
1.9619
2.11429
1.0381
1.21905
1
1
1.12381
1.60952
1
4.84762
5.31429
1.70476
4.21905
1
7.88571
1.06667
3.29524
3.53333
6.34286
2.08571
1.2
1
9.94286
1
1.41905
7.68571
1.41905
2.12381
2.86667
1.3619
1.5619
2.10476
5.8
2.40952
1.24762
2.08571
6
7.64762
1
1.4381
1.44762
6.31429
6.15238
1
7.52381
3.45714
1.05714
2.4
3.85714
10.3714
7.85714
2.64762
6.85714
1.09524
1
4.00952
1
6.47619
4.34286
1.78095
2.49524
5.98095
3.21905
8.37143
8.39048
1.05714
8.78095
1.51429
3.71429
1
4.18095
1
4.12381
3.27619
8.35238
1.28571
2.6
2.1619
1
1.52381
7.67619
1.87619
1.15238
6.4381
9.34286
3.74286
6.30476
3.55238
6.26667
2.9619
4.4381
5.86667
3.35238
5.99048
1.71429
6.55238
1.9619
1.7619
2.4
5.48571
1.28571
4.39048
1
5.86667
5.91429
4.17143
7.08571
1.46667
1.2381
7.21905
1.18095
5.49524
7.08571
2.64762
1.69524
7.53333
4.60952
1.46667
8.77143
4.53333
1.09524
8.72381
8.11429
2.35238
1.60952
7.70476
6.95238
6.41905
7.64762
2.65714
7.51429
1.41905
6.9619
3.5619
1.26667
13.2571
5.1619
3.52381
1.51429
8.54286
1.70476
1
1.71429
3.88571
2.27619
11.6476
1.00952
8.5619
1.07619
5.5619
1.17143
2.62857
4.49524
5.24762
2.49524
1.13333
3.05714
2.87619
5.80952
1
10.1905
8.17143
2.08571
4.81905
1.11429
1.92381
2.13333
1.00952
1.34286
7.58095
4.80952
5.87619
1.01905
2.98095
1.39048
4.25714
3.39048
4.6
10.5619
1.81905
6.02857
1
1.57143
6.70476
4.87619
1
1.01905
4.01905
1.09524
1
7.91429
1.14286
1
1.10476
1.02857
1.29524
1.48571
8.69524
2.93333
4.89524
4.93333
2.7619
2.55238
1
9.68571
2.49524
6.26667
4.68571
5.60952
2.6
6.1619
2.67619
4.07619
6.7619
4.90476
1
5.26667
3.00952
9.97143
1
6.72381
2.55238
1.3619
1.12381
1.0381
1.78095
2.40952
7.29524
1.42857
1
3.28571
3.99048
1
1.1619
1.29524
1.26667
3.01905
1.50476
1.65714
1
1.14286
1.79048
5.02857
3.17143
1.47619
