10876 34740
13.9238
9.46667
4.17143
10.0667
5.52381
6.49524
9.61905
5.85714
10.6
11.8667
13.3048
5.79048
10.019
6.8
14.2
8.26667
4.21905
8.85714
6.73333
12.5524
11.1333
8.55238
4.58095
9.13333
4.31429
11.6095
11.781
4.27619
4.91429
4.39048
4.64762
6.12381
7.25714
8.14286
6.08571
5.10476
8.41905
9.01905
11.981
8.19048
4.65714
10.5429
15.9905
11.4286
6.04762
6.82857
12.0095
9.62857
4.57143
11.0571
5.86667
8.59048
11.1905
6.40952
8.25714
14.0667
4.39048
9.2381
7.51429
7.20952
13.0095
14.5238
14.5524
7.81905
5.55238
10.9905
6.35238
4.27619
13.7905
4.4
15.9524
7.89524
8.99048
7.8
9.19048
7.2381
6.87619
8.01905
8.2
7.86667
8.30476
5.82857
5.81905
10.6667
6.5619
7.75238
12.1905
11.1905
6.60952
7.02857
6.32381
7.33333
4.6381
9.48571
6.57143
5.73333
10.1143
13.8381
6.2381
10.5714
13.2762
11.6
7.74286
4.17143
7.58095
12.019
9.12381
4.35238
4.38095
11.9905
8.01905
7.33333
10.2952
6.12381
7.40952
9.17143
5.58095
9.04762
12.1048
8.69524
15.5429
6.73333
6.29524
6.2381
4.14286
14.3143
11.419
14.219
15.0476
13.8952
7.67619
10.8952
8.51429
5.06667
12.3905
9.45714
12.581
9.87619
9.6381
5.66667
10.381
16.9429
10.0952
9.2
5.88571
14.0667
9.69524
10.3238
10.0571
9.54286
7.17143
14.619
11.1619
9.78095
8.59048
11.019
11.9143
7.2381
5.24762
7.08571
8.70476
11.4286
8.08571
8.65714
13.7524
8
8.57143
7.52381
9.57143
6.67619
8.21905
7.46667
7.22857
7.48571
4.2381
4.30476
9.31429
10.8952
12.1429
10.1333
11.7333
13.2381
5.7619
14.4571
8.50476
10.0952
7.89524
6.40952
8.99048
16.6476
11.981
10.8476
8.6381
8.30476
11.7714
6.32381
5.13333
6.77143
5.4381
13.4667
8.69524
6.80952
8.13333
9.79048
4.2
4.44762
11.0762
5.87619
9.67619
13.5524
7.42857
11.1905
4.4
11.4667
10.2762
7.31429
7.64762
4.09524
9.68571
4.21905
7.47619
5.86667
8.68571
15.7429
8.27619
6.47619
8.58095
4.17143
5.8
5.92381
10.0571
7.22857
7.15238
6.86667
6.09524
5.49524
11.1048
6.15238
4.67619
8.04762
4.79048
5.74286
4.04762
8.33333
12.8
13.0667
13.3905
14.6667
9.54286
9.4381
8.19048
7.20952
8.58095
5.12381
7.90476
7.37143
9.3619
8.77143
9.4381
7.4
9.89524
9.04762
10.2857
5.2381
6.77143
4.40952
11.9619
14.2381
12.6762
9.14286
12.4476
14.4667
16.6
8.78095
5.34286
8.60952
10.4667
4.14286
10.4381
11.9429
11.4857
10
4.11429
7.4
11.7429
10.6571
5.79048
11.4381
10.7619
12.2571
11.0095
9.8381
9.68571
10.5714
10.3238
11.7524
7.31429
13.2095
9.41905
5.82857
5.60952
10
8.29524
12.3714
9.18095
9.04762
9
6
4.24762
9.79048
12.8571
13.3429
9.35238
14.4381
10.619
6.01905
4.22857
9.8381
14.3905
11.0476
4.62857
4.41905
7.93333
9.48571
8.27619
6.50476
7.9619
9.46667
12.2952
9.54286
4.21905
18.4571
4.3619
4.59048
6.86667
7.25714
5.22857
4.27619
11.0286
9.32381
10.9905
4.72381
4.7619
7.64762
5.02857
8.05714
15.8571
5.31429
6.86667
6.14286
9.61905
10.019
10.3524
4.19048
8.2381
7.93333
8.52381
5.39048
7.52381
4.28571
4
11.0286
4.1619
8.94286
7.79048
10.7238
8.09524
7.84762
6.58095
8.06667
7.99048
6.50476
5.70476
7.39048
4.24762
5.42857
6.30476
6.26667
7.90476
12.2571
7.14286
6.14286
12.8381
11.6667
5.49524
18.6095
12.0095
13.4952
12.4286
9.6
8.10476
12.8
13.981
10.8857
12.1143
11.7905
12.3143
11.2476
7.93333
8.71429
4.73333
10.4667
7.93333
12.2762
4.6
6.25714
11.8667
12.7905
12.419
11.0286
4.44762
7.05714
9.81905
8.31429
8.8
7.46667
5.67619
8.85714
9.39048
5.64762
16.8857
7.00952
8.69524
4.24762
9.66667
7.53333
8.39048
4.81905
4.38095
6.8
7.29524
7.22857
8.91429
4.50476
10.4095
8.59048
9.88571
6.75238
8.82857
8.6
10.5905
7.50476
8.04762
6.8
9.87619
10.2381
10.6
7.6
6
7.40952
11.6476
8.42857
15.219
6.66667
10.219
9.05714
10.981
7.66667
13.1333
7.31429
9.06667
8.17143
11.9143
8.97143
6.82857
6.0381
6.32381
4.62857
4.26667
7.28571
9.77143
6.70476
4.35238
9.2381
8.24762
9.4
10.419
10.2286
10.3524
10.5714
6.58095
9.21905
9.20952
4.81905
10.7333
6.97143
13.2
9.33333
9.89524
13
17.8
7.37143
9.79048
11.9524
10.4762
8.39048
6.22857
9.31429
7.69524
5.92381
9.15238
13.2952
11.5048
4.67619
9.66667
7.73333
12.7048
9.82857
14.3143
12.9429
9.34286
4.95238
6.57143
6.99048
9.13333
5.74286
14.0476
8.31429
4.2
8.79048
4.3619
10.9333
9.72381
8.02857
6
12.3429
9.02857
6.89524
12.1524
9.66667
10.8667
4.17143
5.15238
4.52381
8.15238
4.27619
8.07619
13.9333
10.9333
4.18095
6.60952
5.88571
11.4667
12.2476
8.92381
10.1905
11.6286
7.90476
6.68571
7.8381
8.80952
9.14286
5.64762
5.30476
9.17143
4.91429
12.181
6.49524
4.27619
7.11429
7.44762
9.67619
9.13333
5.26667
5.0381
15.0476
11.5238
10.8476
11.7238
8.90476
18.619
10.0571
9.59048
10.4571
9.70476
11.219
8.4381
16.1333
4.10476
15.5714
8.2
7.80952
7.01905
9.45714
4.39048
5.90476
7.44762
17.0381
9.60952
8.15238
13.9048
4.2381
11.8476
8.64762
5.57143
12.1429
5.72381
7.6
6.65714
10.6571
10.3429
6.15238
9.06667
8
7.9619
5.53333
8
12.1524
9.29524
9.38095
15.0762
13.4381
4.25714
4.30476
7.0381
4.13333
11.3238
4.1619
12.7333
11.3714
6.27619
4.37143
9.05714
8.06667
11.4
17.0476
5.38095
9.18095
9.8
8
5.55238
7.34286
5.88571
4.73333
4.32381
8.64762
6.98095
9.97143
10.8286
18.2667
5.80952
5.80952
14.8667
7.66667
4.1619
5.79048
4.71429
4.48571
8.62857
9.40952
6.82857
7.41905
9.93333
5.90476
16.6095
7.27619
10.0381
11.1429
10.8095
10.2857
6.02857
6.46667
6.66667
10.2
11.3429
6.70476
7.59048
15.5619
9.84762
11.4
8.3619
9.82857
4.38095
4.5619
11.0095
8.4381
8.46667
9.53333
8.71429
8.10476
8.14286
11.9429
9.04762
9.18095
10.4381
6.92381
10.219
13.6381
10.2952
6.02857
7.40952
5.97143
11.6571
8.35238
7.75238
8.58095
11.0571
5.58095
8.30476
5.7619
6.08571
11.1238
14.6
8.01905
7.19048
7.61905
12.6476
4.97143
7.25714
6.07619
6.90476
10.8952
8.13333
8.60952
7.12381
4.42857
8.30476
10.2286
9.28571
4.69524
10.7238
6.52381
11.9143
12.8857
9.79048
8.72381
9.07619
12.5143
13.581
6.19048
8.31429
14.4095
8.2381
13.3143
4.06667
4.4381
4.25714
7.6
6.88571
14.8762
4.24762
4.40952
11.7714
6.18095
4.1619
9.74286
5.7619
11.8667
7.57143
8.40952
10.2857
13.2381
5.86667
6.67619
4.44762
4.77143
8.55238
12.2381
4.22857
14.4667
8.04762
7.88571
7.91429
7.79048
6.20952
12.3619
5.19048
12.5524
7.82857
11.7143
12.8095
4.13333
8.02857
16.3143
6.04762
13.0381
10.3238
9.45714
11.4667
7.14286
13.8762
10.6667
9.88571
10.4286
9.46667
6.58095
10.581
4.6
10.1333
6.42857
6.19048
13.2381
9.50476
14.7524
10.9238
7.22857
15.5429
10.5333
10.0952
9.91429
4.89524
9.89524
12.8476
11.0857
7.88571
7.31429
10.4667
4.41905
4.67619
14.4952
14.3238
8.81905
4.32381
7.44762
4.40952
9.69524
10.981
5.8381
8.61905
11.4952
12.381
9.32381
9.8
22.0286
4.30476
9.27619
9.46667
10.2476
6.6381
8
12.5714
11.619
8.64762
8.33333
7.62857
11.6762
8.24762
7.05714
7.01905
7.4381
10
8.60952
5.54286
4.95238
4.01905
6.46667
8.61905
7
9.09524
12.3238
6.86667
10.4286
5.73333
6.49524
10.2476
9.40952
4.33333
8.50476
5.20952
4.46667
4.84762
8.15238
6.7619
4.2381
4.34286
11.8857
10.781
8.28571
6.77143
9.52381
8.94286
8.5619
13.0667
8.00952
7.99048
4.30476
6.81905
7.19048
10.6571
4.37143
9.77143
5.26667
8.77143
6.93333
9.73333
6.84762
5.31429
6.08571
6.0381
4.32381
7.18095
4.74286
8.98095
13.3143
10.6762
10.2762
8.94286
4.64762
8.11429
5.95238
6.55238
9.73333
9.8
4.40952
6.04762
7.66667
7.12381
7.15238
10.9238
7.40952
7.57143
12.1524
6.67619
10.3238
7.6381
11.781
7.50476
10.8476
8.88571
10.3714
5.8
8.28571
11.2
9.37143
8.22857
6.5619
6.12381
8.15238
5.80952
4.20952
12.9905
10.3619
6.75238
9.15238
16.1429
11.6857
4.57143
7.97143
10.4286
8.18095
6.75238
8.41905
13.3143
14.0381
4.25714
13.7524
13.9238
15.581
15.3714
6.66667
4.09524
14.4857
9.25714
10.2762
7.75238
8.60952
4.07619
7.57143
10.9905
12.7143
9.35238
10.4286
5.3619
13.5143
13.219
5.42857
11.4762
11.3619
10.8667
5.70476
11.7714
9.62857
11.5429
5.60952
7.37143
8.61905
10.6952
9.13333
14.4286
11.4
15.5524
4.52381
4.2381
4.3619
5.4
8.19048
11.0381
11.4
13.7524
7.4
11.2571
5.29524
6.92381
13.8762
5.89524
9.82857
9.11429
10.819
11.8381
5.01905
4.46667
12.3143
4.30476
7.2381
10.7333
10
4.52381
7.27619
5.08571
6.44762
5.70476
5.99048
10.5238
7.18095
12.0381
11.7333
12.9619
10.4
11.8286
9.68571
11.4571
6.12381
7.25714
11.3429
5.41905
5.39048
13.0095
12.1524
4.88571
9.9619
11.8571
6.82857
16.3714
9.73333
8.32381
7.4381
8.0381
18.1905
7.28571
12.0762
18.381
6.00952
6.34286
9.6381
8.02857
10.2381
5.75238
5.58095
4.3619
9.89524
11.6095
10.2381
7.9619
7.37143
11.1714
7.27619
11.9619
10.7905
13.2286
8.69524
8.31429
10.581
8.37143
8.4
13.4667
9.57143
9.49524
4.2381
11.2571
10.3714
5.00952
11.3524
4.49524
4.20952
7.30476
8.75238
6.81905
10.181
14.581
10.6667
8.28571
5.46667
6.12381
9.81905
11.619
5.26667
6.30476
6.28571
5.58095
8.48571
9.41905
5.9619
12.6952
6.57143
7.32381
4.68571
4.8
14.7714
5.84762
15.4571
4.72381
5.20952
7.21905
14.3524
11.5333
11.7619
11.1238
9.77143
7.88571
5.19048
9.3619
6.01905
5.6381
7.87619
4.86667
9.17143
4.35238
11.0286
6.0381
7.37143
9.05714
9.46667
10.9524
12.5238
7.13333
14.9333
11.6
10.0286
9.39048
4.39048
14.0762
12.2095
9.28571
6.85714
10.1048
7.48571
10.6667
4.1619
8.59048
6.06667
7.24762
8.86667
4.53333
9.93333
4.81905
6.95238
12.1333
17.3524
10.7429
10.4381
7.6381
6.02857
5.24762
4.20952
8.70476
8.84762
8.44762
11.4286
4.31429
5.97143
5.98095
11.4286
13.8286
11.5238
9.37143
8.50476
4.67619
10.8571
10.019
5.92381
9.31429
11.2667
8.1619
16.2762
7.9619
6.07619
11.7619
6.01905
6.57143
12.6952
6.8
9.65714
8.62857
9.6
8.90476
4.15238
6.55238
4.85714
10.4
5.88571
7.05714
7.1619
4.6
11.5048
7.78095
8.89524
9.72381
10.1238
4.30476
8.8381
10.4857
8.32381
8.2
4.30476
7.5619
12.6762
7.74286
12.9714
8.0381
4.92381
5.26667
9.2
5.53333
6.14286
7.50476
13.0476
6.79048
6.08571
8.78095
12.8095
5.0381
10.2095
12.2
5.08571
10.1524
7.17143
13.8571
9.24762
6.77143
8.0381
9.3619
10.2381
8.33333
4.40952
4.69524
5.53333
10.181
4.40952
5.31429
4.2381
11.5048
8.14286
8.57143
12.3905
9.80952
7.6381
5.12381
4.55238
10.8381
5.25714
13.3143
6.07619
13.1714
7.2381
10.1619
8.01905
4.4381
12.3048
5.05714
4.07619
7.39048
7.39048
14.8762
14.7905
8.66667
9.6381
9.80952
8.77143
8.57143
7.11429
9.99048
8.80952
12.3238
8.19048
13.9048
7.48571
6.75238
5.80952
9.6381
5.52381
5.6
7.44762
11.581
8.22857
10.7905
7.61905
4.2
7.29524
6.17143
6.4
7.81905
10.6857
4.85714
12.1429
8.7619
9.75238
4.41905
7.15238
4.7619
7.1619
7.2
6.65714
9.78095
5.4381
9.32381
5.57143
13.1143
7.34286
19.0381
5.79048
12.4952
8.20952
8.79048
6.71429
10.7333
9.55238
8.68571
9.2
7.30476
8.32381
11.181
7.91429
15.6857
8.51429
11.181
13.2381
6.1619
6.42857
5.2381
6.6
7.50476
6.65714
9.85714
6.98095
6.5619
6.74286
11.0286
5.2
4.85714
9.74286
8.44762
8.40952
7.10476
5.47619
5.66667
12.4762
9.77143
8.09524
9.66667
6.4381
9.10476
10.4571
4.84762
10.2857
4.79048
4.99048
9.58095
9.09524
10.7905
8.98095
7.51429
4.34286
8.12381
8.13333
10.9905
10.7429
5.7619
7.81905
11.8762
4.45714
6.59048
7.50476
5.61905
7.65714
14.7905
4.26667
4.82857
8.82857
7.91429
5.6381
12.5429
8.54286
5.93333
10.0762
4.79048
6.14286
10.5048
10.1619
4.11429
7.61905
5.2381
8.86667
12.5333
7.25714
6.90476
5.75238
5.85714
4.10476
11.9048
8.9619
4.33333
11.5143
6.25714
5.71429
9.90476
8.3619
7.2381
11.7524
12.7714
7.15238
11.4857
4.53333
8.6381
7.35238
14.9714
8.22857
10.8095
11.7619
12.6762
4.24762
9.49524
8.94286
8.49524
9.04762
8.11429
8.42857
8.07619
6.34286
7.09524
5.61905
10.6381
5.62857
10.1048
4.65714
7.09524
6.7619
5.25714
11.9524
9.92381
14.9238
5.47619
4.1619
13.4095
11.0286
7.28571
15.8857
7.10476
9.37143
17.9905
19.0952
4.86667
7.17143
7.47619
12.6667
9.75238
6.4381
9.15238
4.20952
6.34286
8.06667
6.15238
8.1619
10.9333
12.1238
12.8095
5.28571
4.73333
8.9619
10.4
10.6
9.77143
11.9238
9.7619
4.77143
13.9143
8.50476
15.3429
10.819
10.3048
11.1905
11.5905
7.75238
10.3238
9.91429
6.90476
12.0286
9.46667
7.75238
13.1429
15.619
9.58095
4.54286
7.02857
6.77143
9.42857
10.7524
13.7238
11.0762
4.3619
7.29524
6.30476
11.6667
10.2857
12.8
7.35238
7.88571
4.14286
4.41905
8.77143
11.8476
4.95238
8.48571
10.3524
15.2286
10.4857
10.9238
6.8381
11.8762
5.67619
7.22857
4.80952
13.3714
19.2095
6.47619
7.22857
5.91429
12.0476
9.2381
7.80952
7.14286
4.7619
5.59048
7.93333
4.87619
6.18095
6.97143
6.75238
10.3333
10.7429
12.4381
8.50476
4.25714
6.14286
6.86667
12.0286
7.05714
15.7429
6.52381
4.0381
11.6571
8.9619
10.3333
9.37143
10.219
9.32381
7.15238
10.781
8.9619
13.9524
4.13333
9.02857
7.7619
4.29524
11.5048
10.3238
16.6
7.46667
7.4381
9.10476
12.0857
10.0476
10.8
4.78095
11.5333
6.8
12.6667
9.00952
10.0571
12.1619
11.5619
11.7619
7.88571
6.6
8.71429
12.5905
7.66667
10.3238
7.22857
4.3619
6.32381
6.19048
9.98095
12.9429
7.94286
9.77143
11.1048
7.49524
10.0952
4.1619
6.8
7.08571
7.06667
7.00952
4.35238
4.28571
4.22857
4.55238
5.3619
6.90476
4.15238
7.80952
6.44762
15.2286
8.09524
12.2667
4.28571
10.6381
7.78095
11.0952
8.62857
17
5.38095
5.09524
4.45714
9.17143
8.73333
8.66667
4.49524
10.8571
11.7238
7.49524
9.72381
10.9619
7.78095
7.3619
12.9048
7.45714
4.10476
4.4
9.55238
10.781
10.9524
11.0667
8.32381
12.7238
8.65714
12.7333
5.8381
4.6
7.10476
8.60952
6.48571
6.04762
4.27619
11.7714
10.5524
7.80952
7.08571
9.28571
7.37143
8.04762
7.5619
4.10476
7.9619
8.30476
5.08571
10.2857
10.0667
10.9333
8.91429
4.4381
5.04762
5.25714
13.9619
9.01905
4.24762
4.27619
8.95238
5.58095
7.05714
5.60952
9.82857
11.2667
10.3333
13.1524
9.34286
4.38095
9.71429
4.54286
7.33333
13.9619
7.2
9
11.219
10.5333
4.24762
6.08571
5.1619
10.7048
6.5619
4.89524
6.48571
4.4381
4.39048
4.25714
16
8.34286
8.86667
5.38095
8.06667
7.71429
5.12381
6.60952
6.34286
9.80952
5.68571
4.38095
6.33333
6.27619
14.9333
9.13333
9.4
14.1238
4.59048
11.7619
13.419
9.8381
10.0381
10.2476
4.68571
9.7619
12.8952
10.2952
4.25714
5.30476
9.14286
11.4762
4.2381
4.47619
9.09524
13.0476
4.34286
11.4
10.6667
4.22857
5.57143
14.1905
8.34286
7.3619
5.85714
10.2381
5.68571
5.2381
8.7619
4.30476
7.87619
12.9619
8.54286
10.1238
4.27619
9.99048
7.34286
8.10476
7.2381
4.67619
7.57143
6.71429
5.2
9.73333
11.4286
6.21905
8.4381
13
8.55238
7.47619
4.27619
4.46667
4.73333
6.72381
7.51429
5.37143
5.14286
8.30476
6.7619
4.5619
11.5333
5.72381
5.52381
10.2762
5.39048
9.33333
5.42857
9.31429
4.4381
8.25714
5.90476
8.11429
24.4667
11.5429
11.7524
11.2857
7.00952
10.419
6.55238
12.8571
11.2381
9.31429
8.81905
14.7619
10.8952
10.1714
8.81905
6.99048
6.5619
6.58095
4.21905
7.68571
16.4381
8.01905
11.9143
12.2667
6.01905
10.2
4.75238
9.18095
4.25714
6.8
8.47619
7.79048
4.08571
6.65714
8.90476
5.89524
8.88571
8.71429
13.0571
10.5429
6.00952
7.42857
6.08571
7.2381
14.2667
14.6
8.26667
10.6667
5.10476
7.52381
12.6
6.71429
6.8
7.94286
7.81905
4.3619
10.7333
5.89524
7.85714
8.73333
5.17143
10.6
7.81905
9.44762
13.2381
11.6952
12.0952
8.89524
12.8476
7.45714
6.61905
12.981
7.55238
6.57143
6.1619
9.89524
7.57143
4.46667
9.09524
8.05714
10.9714
7.32381
5.47619
13.3714
9.55238
11.6667
16.0952
8.9619
12.2952
7.74286
8.2381
4.04762
9.73333
8.24762
11.4571
9.34286
5.2381
9.12381
7.53333
13.7429
5.8
10.6667
5.27619
4.2
7.0381
9.62857
12.219
4.33333
9.89524
5.62857
11.0095
5.38095
8.47619
9.5619
9.3619
6.73333
5.33333
8.13333
12.8286
14.0095
10.6286
6.79048
8.26667
4.2381
4.11429
4.68571
10.2
5.34286
4.27619
10.3238
10.0571
8.22857
8.59048
5.86667
6.57143
7.71429
4.27619
8.46667
4.42857
7.31429
13.1333
9.62857
12.9238
9.46667
7.80952
7.6381
5.8381
4.54286
4.18095
7.37143
4.18095
9.26667
11.3238
12.3238
6.97143
8.52381
4.90476
6.41905
7.14286
11.9429
10.2667
8.70476
8.91429
6.26667
10.4381
7.27619
9.10476
9.71429
11.6857
5.77143
10.4571
5.6
4.12381
11.8381
7.6
7.18095
11.2286
5.35238
6.77143
7.13333
10.7048
10.7619
4.34286
11.6667
18.5524
8.19048
10.5333
17.4
8.62857
8.53333
7.40952
7.59048
7.46667
10.6381
6.61905
10.5905
9.22857
10.3429
4.4381
6.27619
5.9619
8.94286
5.98095
8.91429
4.6
10.6286
6.42857
14.0571
6.94286
8.06667
8.47619
4.20952
6.19048
8.59048
5.38095
5.79048
10.781
5.51429
4.39048
8.98095
6.54286
7.6
7.84762
6.94286
5.57143
9.77143
8.40952
5.61905
10.5905
4.29524
9.22857
7.37143
7.8381
7.0381
12.9905
9.28571
8.64762
7.0381
4.71429
9.38095
8.93333
6.58095
7.1619
6.37143
6.39048
7.93333
13.5524
9.18095
5.20952
11.4286
16.5714
5.99048
4.59048
10.181
4.00952
11.1619
15.381
9.60952
12.7238
11.219
6.62857
8.33333
7.37143
4.70476
11.2095
9.52381
9.46667
6.24762
10.1429
6.85714
10.2667
5.29524
9.33333
10.7238
4.33333
9.92381
8.37143
7.20952
9.89524
5.0381
7.27619
7.9619
7.07619
5.72381
9.45714
6.15238
5.02857
7.6
4.47619
14.4476
7.98095
11.019
10.4857
5.09524
7.84762
7.89524
4.3619
14.2286
5.75238
11.6095
8.53333
12.4476
4.73333
7.9619
7.32381
7.65714
7.12381
9.95238
13.781
10.4095
4.37143
9.10476
6.59048
14.0762
12.9238
7.50476
13.4095
9.2381
7.27619
8.29524
9.19048
5.65714
9.32381
6.78095
7.68571
6.00952
8.61905
6.8
4.37143
11.9333
14.8762
10.581
6.62857
6.91429
11.181
9.41905
16
12.1905
6.85714
7.40952
7.66667
10.7048
9.62857
7.9619
4.29524
4.40952
4.13333
13.181
4.70476
9.37143
8.32381
5.08571
7.65714
9.4381
9.65714
11.5714
6.31429
4.44762
12.0857
4.14286
4.4381
9.19048
11.9714
6.65714
7.46667
12.6571
12.1905
14.8857
9.73333
11.9238
8.92381
13.019
12.5429
4.32381
9.82857
10.2952
5.78095
4.2381
5.81905
5.98095
7.12381
6.09524
6.58095
4.46667
11.5429
8.39048
10.0667
11.4476
8.60952
6.78095
4.47619
12.3048
11.7714
7.50476
5.49524
11.1143
8.14286
8.7619
8.5619
13.6857
7.05714
9.14286
7.50476
4.2381
4.34286
11.1333
9.5619
8.68571
6.17143
4.38095
4.44762
14.219
8.22857
6.8381
8.94286
13.7333
8.50476
5.61905
9.29524
4.20952
4.46667
12.7524
4.18095
5.41905
4.19048
8.50476
4.57143
7.92381
4.18095
9.22857
9.77143
5.81905
4.40952
10.6381
11.4667
8.77143
4.20952
9.21905
9.52381
9.1619
9.9619
8.7619
7.57143
4.49524
9.75238
10.8857
7.70476
7.85714
7.7619
4.29524
5.79048
4.24762
5.53333
4.44762
8.20952
6.8
4.9619
8.22857
10.8
10.1333
5.22857
15.6476
9.97143
7.3619
9.62857
9.35238
11.0571
7.89524
4.07619
8.49524
8.80952
9.92381
15.1333
4.68571
10.9524
11.5905
4.5619
7.42857
13.8476
13.0476
4.37143
6.46667
10.6667
10.0857
6.50476
10.3048
10.1905
14.5714
10.8667
13.8
6.70476
14.9524
7.84762
7.27619
4.30476
6.80952
12.4952
5.9619
5.82857
13.8952
7.24762
11.8667
6.61905
4.32381
14.8571
8.40952
10.8
15.8381
7.29524
5.46667
4.00952
9.45714
9.22857
7.41905
14.419
4.50476
8.74286
10.1905
9.29524
9.70476
14.0571
10.6857
8.6381
9.25714
8.14286
11.7143
6.92381
14.0762
6.28571
6.9619
6.2381
6.54286
9.89524
4.8
7.18095
6.61905
5.4381
4.42857
12.8095
4.34286
4.61905
6.0381
7.80952
8.64762
15.3238
9.33333
8.98095
12.0381
7.57143
5.70476
4.13333
10.7143
6.37143
5.59048
12.0381
4.29524
6.5619
14.0857
8.50476
7.78095
7.64762
7.74286
7.14286
4.14286
7.3619
5.69524
4.28571
11.8857
9.78095
6.2
6.93333
13.019
11.0476
10.8095
8.1619
4.66667
6.95238
7.84762
7.74286
10.3238
9.01905
11.5714
11.7143
6.09524
5.84762
11.9429
11.8
5.92381
6.75238
7.74286
6.26667
9.0381
5.64762
7.60952
8.97143
10.6
10.6857
6.20952
15.5333
4.39048
5.54286
9.24762
4.21905
8.29524
4.58095
12.419
8.82857
7.81905
10.219
5.85714
11.3905
7.88571
4.44762
5.64762
9.07619
5.64762
8.92381
12.7524
6.20952
6.6381
7.11429
6.20952
4.99048
4.95238
11.3143
6.11429
4.71429
4.93333
9.41905
9.00952
5.8
15.3714
11.1619
8.45714
10.2286
4.58095
7.88571
4.32381
11.6
9.73333
13.7429
13.9238
10.419
5.99048
4.87619
9.88571
12.1619
7.21905
11.3524
9.15238
9.95238
6.6381
12.7048
8.74286
7.42857
12.6286
8.29524
5.82857
12.3048
9.17143
6.2381
12.6476
5.52381
6.47619
10.8381
8.12381
8.25714
4.57143
12.581
6.28571
10.6095
12.3429
10.219
10.4762
4.88571
6.97143
5.98095
6.17143
4.50476
14.0667
8.61905
4.15238
5.9619
6.78095
5.8
7.1619
5.32381
6.68571
8.15238
8.17143
5.27619
4.28571
7.5619
4.7619
7.53333
5.61905
10.3143
8.5619
8.70476
8.60952
5.73333
8.06667
11.9524
5.3619
8
7.54286
7.04762
7.74286
14.0857
8.60952
4.45714
12.6857
9.01905
4.70476
5.07619
7.70476
9.65714
6.31429
6.60952
5.19048
16.781
5.92381
4.21905
6.9619
13.4381
15.5143
7.75238
7.62857
7.88571
15.4286
9.22857
9.14286
4.31429
10.6857
7.40952
11.7905
6.68571
5.0381
9.09524
7.81905
15.7714
6.28571
6.25714
16.5143
7.27619
16.6095
7.95238
7.92381
9.1619
6.53333
5.89524
12.6571
8.66667
5.40952
12.8952
4.34286
7.01905
10.7905
6.65714
4.29524
12.419
9.4
8.42857
8.69524
7.48571
12.1333
11.0857
5.9619
7.59048
4.19048
4.08571
4.18095
8.33333
15.8095
6.9619
7.9619
9.97143
7.42857
5.90476
12.2095
5.58095
8.82857
10.3333
4.12381
8.97143
5.95238
8.41905
4.47619
7.89524
9.65714
12.0762
8.72381
4.21905
5.21905
8.25714
7.79048
11.9333
12.8381
8.90476
15.4667
8.60952
5.39048
9.61905
8.29524
10.7048
9.82857
10.6381
7
8.06667
11.4095
4.48571
12.9524
11.1143
12.4286
10.9524
12.5143
7.4381
13.8571
11.3714
9.05714
8.02857
4.8
4.85714
29.2952
6.80952
6.19048
10.6095
7.73333
7.28571
9.99048
13.2571
5.98095
11.3333
8.53333
4.51429
5.05714
10.6381
4.17143
4.89524
8.91429
12.8952
4.31429
6.99048
11.5143
8.86667
16.7143
11.6476
8.14286
4.35238
9.05714
5.90476
10.7048
6.28571
11.6667
8.39048
4.26667
6.22857
6.0381
5.8
4.13333
4.39048
5.01905
6.17143
9.69524
10.8476
4.77143
9.22857
8.26667
6.69524
7.32381
9.40952
4.19048
8.0381
4.5619
12.3333
12.5143
12.0667
8.44762
6.3619
12.3143
11.6667
12.2667
5.7619
9.5619
8.44762
8.4
4.57143
4.40952
6.78095
6.65714
8.48571
12.0476
14.4762
8.86667
8.52381
8
4.75238
9.44762
9.73333
6.70476
9.29524
10.4762
6.80952
10.4571
4.87619
4.38095
7.84762
10.2286
11.6095
4.14286
9.68571
10.5333
12.1619
7.95238
13.3905
10.3905
4.04762
7.2
15.9714
15.4
6.81905
9.26667
10.4857
8.10476
7.44762
8.2
7.87619
10.8381
8.28571
8.6381
8.12381
8.60952
12.4095
4.28571
6.6
6.13333
8.4
8.2
7.62857
9.0381
7.31429
6.32381
8.52381
7.48571
7.2
4.71429
6.24762
7.00952
7.44762
8.07619
4.60952
8.52381
8.9619
9.29524
7.27619
8.72381
8.3619
5.49524
7.39048
6.79048
4.27619
6.87619
12.3143
7.8381
6.81905
6.67619
5.26667
7.92381
6.91429
6.5619
9.51429
9.59048
6.57143
10.5333
8.8
7.3619
8.47619
7.26667
4.38095
7.70476
5.39048
18.381
6.87619
7.2
5.35238
5.08571
9.4
4.25714
10.8857
10.5429
6.39048
8.93333
4.24762
10.3333
5.34286
8.92381
4.9619
8.64762
7.45714
4.34286
10.3143
11.7714
8.86667
8.06667
6.09524
4.13333
5.05714
6.59048
6.69524
7.67619
7.1619
5.39048
11.1048
9.90476
12.0952
10.2476
12.0667
9.2
9.48571
7.40952
16.0476
6.02857
9.51429
11.7333
8.07619
6.87619
6.87619
5.06667
4.2
9.3619
4.67619
8.32381
4.55238
6.04762
11.3905
9.48571
12.581
8.98095
4.34286
6.60952
8.8381
4.3619
5.05714
6.93333
8.01905
7.55238
6.9619
4.26667
7.27619
8.22857
4.73333
5.78095
6.92381
8.95238
12.7524
7.72381
13.0095
10.0571
7.49524
4.50476
7.24762
5.75238
4.2381
9.89524
4.17143
6.80952
13.581
10.181
12.2667
7.33333
5.6381
14.9905
4.17143
13.2857
11.4762
8.50476
6.6381
10.0381
11.5048
9.18095
4.09524
5.34286
10.219
4.33333
10.4667
4.54286
8.69524
8.79048
10.4476
13.7714
14.4571
12.3048
4.42857
6.55238
7.88571
10.4762
4.70476
4.79048
10.1714
11.981
4.68571
5.44762
4.4
5.65714
13.219
12.4762
5.2381
8.90476
4.14286
10.9714
10.9429
4.49524
4.4
7.98095
8.11429
7.14286
15.5333
11.8667
4.66667
11.2381
16.2762
4.29524
9.54286
7.08571
6.01905
9.45714
4.40952
18.6762
6.69524
10.8571
9.67619
4.11429
4.25714
14.6095
8.17143
6.4
14.7905
8.64762
4.47619
9.30476
7.35238
4.39048
11.181
5
7.33333
7.06667
8.9619
6.18095
5.32381
7.89524
10.0381
10.019
11.8667
14.5429
8.31429
7.41905
19.4571
7.47619
9.78095
11.5429
6.12381
4.5619
4.3619
5.72381
9.67619
4.27619
11.3524
10.2286
7.5619
5.61905
4.24762
5.3619
7.33333
9.01905
9.90476
4.29524
6.06667
11.7238
14.0381
7.59048
8.72381
8.34286
16.4762
5.5619
6.59048
7.4
11.3714
11.1143
11.3619
7.34286
9.54286
5.97143
9.11429
4.31429
4.5619
8.14286
7.47619
10.1524
8.10476
13.2762
8.89524
5.47619
7.22857
8.89524
4.54286
8.95238
14.1333
10.6571
10.7429
7.40952
12.8095
8.39048
8.78095
6.69524
4.33333
9.81905
5.55238
6.50476
8.89524
9.7619
8.73333
5.7619
6.98095
9.05714
11.0857
9.22857
9.68571
6.75238
5.48571
8.58095
6.21905
6.46667
4.47619
13.1333
4.25714
12.1429
10.6095
5.41905
4.94286
5.20952
12.0381
8.82857
11.7429
4.6
7.2381
4.80952
10.5619
8.97143
8.65714
4.25714
10.6952
7.91429
9.92381
10.5619
10.6286
11.2381
7.84762
6.42857
9.66667
14.6571
5.19048
14.7333
12.0952
5.44762
14.4381
8.78095
5.58095
5.19048
12.219
7.60952
7.95238
4.25714
10.4857
6.4
6.2381
4.67619
12.4857
12.2286
14.0286
5.72381
4.93333
13.1048
19.7524
7.7619
7.74286
7.47619
12.2095
9.39048
7.2381
6.53333
12.2857
4.12381
4.49524
10.4952
9.09524
11.9143
11.6952
14.6667
4.11429
5.58095
11.7524
4.21905
10.6952
7
8.3619
6.26667
14.581
9.45714
9.4381
4.62857
6.42857
11.0762
6.72381
6.58095
9.35238
9.53333
6.31429
7.8
14.3524
15.619
6.00952
9.33333
7.08571
4.29524
8.95238
8.67619
12
5.22857
5.48571
8.75238
9.48571
8.34286
5.65714
4.24762
8.11429
6.44762
7.72381
5.40952
8.26667
6.82857
10.8286
5.8381
8.54286
7.22857
8.05714
11.2095
10.9905
8.92381
5
14.4095
5.99048
7.22857
6.4381
5.6
6.90476
6.65714
8.66667
8.08571
6.57143
12.2095
7.40952
4.12381
8.26667
5.41905
4.39048
4.19048
8.81905
6.69524
9.13333
4.44762
11.7333
6.74286
6.45714
4.14286
8.33333
6.90476
9.57143
8.65714
5.50476
9.60952
6.31429
4.1619
6.27619
7.72381
7.90476
12.2857
4.55238
4.19048
4.10476
9.04762
5.85714
7.4
9.82857
7.7619
6.71429
8.0381
6.5619
6.78095
11.4095
7
4.1619
4.13333
5.47619
4.33333
8.19048
7.29524
6.25714
9.3619
12.0667
9.38095
7.58095
12.2667
6.41905
10.4095
7.32381
8.12381
5.41905
9.01905
4.37143
12.6762
4.26667
5.79048
8.44762
10.181
4.30476
4.32381
8.22857
8.21905
7.25714
4.98095
14.3524
14.781
10.9619
4.4
7.15238
11.7238
4.2
6.39048
6.00952
9.99048
11.5048
4.97143
4.10476
5.88571
7.11429
7.82857
16.3143
8.47619
6.37143
9.42857
7.18095
11.4857
6.22857
5.93333
7.68571
6.31429
5.08571
5.22857
7.73333
4.19048
6.41905
7.38095
9.82857
9.70476
11.5429
8.01905
11.7333
9.78095
8.04762
8.5619
4.3619
4.11429
9.08571
11.7333
4.77143
9.58095
11.5238
8.35238
7.24762
4.13333
8.06667
7.91429
7.8
10.6762
4.48571
9.53333
11.781
5.14286
5.51429
4.6381
9.52381
6.7619
5.66667
9.29524
8.29524
7.49524
4.15238
11
15.219
7.50476
10.3429
10.6952
4.18095
50.8857
5.0381
9.7619
6.95238
10.4571
13.2857
5.3619
6.22857
5.89524
4.35238
8.82857
4.29524
11.6762
5.49524
11.2667
13.2381
4.1619
12.0667
4.70476
9.47619
6.90476
5.14286
7.17143
8.52381
10.6095
4.91429
9.55238
15.5619
10.2571
12.8476
9.85714
16.5143
11.0952
10.7238
8.31429
7.17143
13.6095
10.3714
9.10476
8.00952
10.1143
11.8095
8.35238
10.5619
5.26667
8.01905
8.62857
10.3905
4.4
6.6
5.35238
8.9619
8.29524
4.88571
11.7048
7.06667
8
10.4762
11.8762
8.26667
6.27619
6.89524
6.05714
4.61905
7.52381
12.0667
4.65714
6.74286
10.5429
8.74286
6.35238
4.21905
6.58095
4.31429
7.72381
8.45714
11.4
7.08571
5.53333
13.6095
9.99048
9.85714
4.14286
4.14286
4.3619
8.61905
10.1429
8.07619
11.1238
14.3714
8.57143
6.49524
7.18095
6.74286
10.6952
14.5714
9.37143
7.46667
4.94286
10.2857
6.2381
4.94286
10.6476
8.58095
7.22857
4.64762
9.42857
9.37143
6.0381
7.65714
8.51429
7.32381
4.11429
7.51429
7.02857
5.33333
6.88571
6.6
9.40952
4.40952
8.86667
4.51429
10.2286
10.0667
11.2857
10.7048
8.92381
8.25714
6.60952
15.3714
12.2667
5.94286
8.47619
4.3619
13.8381
10.2
6.50476
7.89524
10.4952
9.8381
6.53333
10.9714
12.0952
6.14286
7.39048
9.31429
8.91429
7.74286
4.35238
6.2
4.49524
14.4571
4.4381
8.67619
10.2952
5.44762
5.84762
9.49524
4.8381
10.7429
9.71429
5.11429
11.1238
6.88571
5.88571
4.93333
9.62857
5.98095
9.67619
8.15238
10.0381
7.30476
10.9619
13.0476
10.2286
4.61905
4.10476
13.3333
9.54286
7.17143
4.46667
5.81905
6.6381
10.1524
7
9.45714
13.419
4.51429
12.9429
5.51429
4.75238
7.69524
5.19048
6
4.40952
14.981
5.79048
4.42857
8.98095
7.67619
9.35238
5.24762
9.86667
7.88571
6.37143
6.92381
8.42857
7.58095
9.33333
4.13333
9.54286
4.80952
14.8381
4.69524
11.3429
8.42857
12.9619
6.89524
11.1429
10.2762
6.26667
7.04762
5.55238
7.87619
12.2476
4.89524
4.74286
5.97143
8.53333
10.0762
7.7619
7.9619
8.72381
4.45714
9.97143
10.5143
7.01905
10.8286
6.00952
7.98095
8.21905
7.62857
7.21905
11.4095
5.30476
9.17143
4.4381
4.21905
6.62857
4.35238
14.3714
5.53333
7.89524
12.4095
4.48571
8.31429
5.0381
4.12381
4.12381
7.67619
5.93333
9.46667
4.07619
11.8
6.6
12.5143
13.9143
9.40952
10.7238
6.68571
8.2
8.81905
10.7524
12.4571
4.04762
8.7619
4.95238
12.0095
13.2571
7.01905
6.49524
5.92381
13.2571
14.0476
8.45714
5.82857
7.78095
10.819
6.69524
8.40952
11.3619
7.1619
8.28571
8.88571
5.3619
9.58095
7.11429
7.06667
10.619
8.0381
8.77143
9.80952
9.18095
11.7619
6.81905
6.09524
4.33333
6.40952
4.18095
8.94286
16.381
7.73333
4.38095
6.92381
12.4571
8.18095
11.1619
7.47619
7.99048
4.22857
10.1905
14.0762
10.7143
14.8762
10.3238
7.93333
8.06667
8.49524
10.7429
5.93333
12.0762
7.07619
8.81905
15.8667
7.34286
6.69524
4.69524
9.67619
6.64762
4.6381
9.48571
8.33333
14.8762
7.19048
7.72381
10.0381
17.1048
4.85714
9.35238
8.2381
5.74286
8.08571
11.1429
11.5238
17.2667
9.99048
7.05714
8.69524
7.00952
10.5524
8.07619
4.28571
6.54286
7.29524
8.46667
4.69524
9.90476
13.6476
9.19048
11.6
10.7714
4.92381
11.1238
7.29524
7.90476
8.46667
8.77143
11.2286
8.69524
5.77143
9.32381
7.31429
5.54286
14.4476
6.27619
14.3238
6.10476
11.8667
9.45714
5.55238
6.77143
6.30476
5.62857
8.4381
4.46667
5.58095
4.0381
9.61905
5.4381
10.2762
9.02857
9.34286
7.07619
4.57143
5.53333
15.7429
8.35238
4.77143
6.47619
10.5524
4.95238
12.6381
6.82857
4.47619
6.39048
10.9429
7
9.78095
16.0571
8.94286
12.9238
7.21905
6.67619
10.1714
6.89524
6.04762
11.6952
9.71429
6.6
9.29524
5.06667
9.54286
14.3333
9.58095
7.68571
5.22857
7.32381
5.30476
5.6
8.21905
4.51429
8.14286
13.7619
7.24762
7.00952
10.3238
5.64762
4.20952
12.4381
11.1905
6.80952
7.48571
10.5143
4.8
9.99048
4.77143
8.19048
11.6857
8.46667
10.8667
4.15238
7.10476
5.54286
4.18095
4.17143
12.0476
6.88571
7.11429
4.06667
7.58095
4.05714
8.01905
7.09524
4.32381
8.60952
10.5238
7.09524
9.17143
4.17143
5.50476
7.28571
4.54286
8.93333
7.47619
9.33333
6.00952
8.3619
8.62857
7.26667
11.7714
12.5905
20.3048
11.4762
8.45714
10.4571
10.9714
9.7619
8.28571
7.88571
19.0095
7.19048
7.08571
8.11429
7.4
10.4
5.87619
6.7619
5.15238
8.34286
9.26667
4.54286
6.6
9.88571
8.72381
12.0952
9.07619
15.1048
8.66667
12.2571
4.1619
8.50476
5.00952
8.39048
8.92381
13.5619
11.6286
14
9.59048
10.5524
4.8381
4.13333
5.59048
8.25714
6.33333
9.6
6.2381
10.6571
9.64762
9.18095
13.5714
7.64762
13.2571
8.74286
14.0667
11.1905
7.99048
8.05714
9.1619
12.7333
6.90476
9.51429
5.15238
8.21905
4.08571
10.7905
13.8286
6.8
7.49524
7.1619
4.39048
8.75238
6.41905
5.34286
5.31429
6.13333
15.5238
7.21905
8.33333
8.32381
6.27619
10.2571
4.80952
4.27619
9.39048
6.01905
6.61905
10.2095
10.4381
14.4381
8.15238
8.4381
9.86667
6.68571
4.25714
4.20952
12.181
9.45714
7.84762
4.45714
5.37143
8.60952
12.4095
4.90476
6.61905
9.04762
10.5524
5.67619
8.98095
9.14286
10.4381
4.6381
4.22857
8.67619
7.90476
4.44762
4.14286
4.34286
6.69524
5.91429
8.67619
11.1619
5.37143
14.9714
9.48571
8.59048
4.55238
8.11429
10.0381
11.8381
12.2286
6.51429
11.019
5.57143
9.64762
10.3048
6.66667
4.97143
9.4
4.28571
6.62857
9.04762
6.48571
13.781
12.7238
10.6762
9.22857
8.02857
4.30476
6.98095
4.6
6.5619
4.40952
13.4762
7.35238
4.2381
4.79048
7.60952
10.7333
6.98095
8.97143
4.07619
11.7714
10.3143
10.2667
8.73333
7.88571
4.6381
8.58095
10.581
12.9333
4.74286
19.9238
5.30476
6.70476
7.8381
5.84762
7.37143
7.72381
5.1619
14.7905
7.66667
6.09524
7.81905
4.48571
8.52381
7.3619
10.1048
7.64762
8.17143
10.2095
10.3048
12.1048
9.01905
4.1619
9.86667
4.17143
4.14286
6.97143
8.4
12.9905
6.34286
8.92381
4.91429
7.20952
10.581
11.3429
4.60952
11.7619
9.5619
11.9524
8.90476
6.19048
9.1619
10.8667
5.33333
12.1333
5.29524
7.42857
6.47619
6.6381
11.7429
5.40952
9.67619
9.87619
4.80952
10.6667
7.17143
8.88571
12.6381
8.4
4.35238
5.8
6.45714
6.91429
5.52381
6.97143
6.66667
7.51429
4.74286
5.27619
7.80952
9.08571
7.38095
14.4571
6.4
4.53333
10.4286
4.25714
5.72381
8.87619
7.91429
11.3143
4.32381
10.9333
6.18095
5.65714
14.3429
14.8571
5.61905
4.18095
9.74286
6.3619
7.24762
9.60952
4.5619
6.0381
4.4
9.8
6.6381
10.7429
6.29524
12.7714
4.19048
8.81905
7.3619
20.3714
10.3714
7.30476
5.52381
4.48571
7.11429
4.3619
13.5905
8.85714
13.2857
6.78095
8.47619
12.7905
10.0095
8.44762
8.19048
12.3429
7.98095
4.94286
7.61905
7.78095
15.8857
7.84762
7.48571
8.77143
10.7524
11.3429
10.781
13.7333
5.25714
8.28571
10.1905
7.24762
8.04762
4.54286
7.42857
4.55238
6.86667
4.3619
11.3905
4.07619
10.381
16.5524
5.80952
16.0857
5.6381
9.12381
4.07619
6.80952
10.5905
4.49524
5.82857
10.3429
14.3524
7.4
11.9524
10.019
12.7714
10.2095
10.6381
4.4
6.92381
9.22857
11.8762
9.86667
4.6381
6.05714
4.44762
6.0381
5.35238
4.52381
8.07619
7.20952
11.0571
4.44762
11.3143
9.21905
10.2571
6.75238
13.0857
11.1238
6.92381
6.19048
9.90476
6.0381
12.1333
4.30476
4.28571
7.86667
4.13333
7.28571
8.31429
10.6286
8.74286
8.85714
14.3143
7.08571
9.69524
8.05714
8.82857
9.99048
10.3238
10.5619
16.3333
10.7524
5.29524
5.99048
8.50476
9.92381
8.1619
12.8286
7.74286
4.31429
11.2381
13.8095
9.8
5.45714
10.6762
9.64762
8.68571
9.11429
9.2
13.2381
4.45714
11.4
4.29524
10.1905
8.84762
7.07619
7.3619
9.5619
6.77143
10.9524
13.3524
4.24762
8.0381
11.3524
12.7619
12.8095
9.02857
7.2
4.15238
4.49524
11.1333
11.5333
4.47619
11.0381
22.0095
14.7524
14.8476
9.49524
6.59048
10.2095
8.3619
4.28571
6.14286
5.24762
7.68571
4.74286
4.54286
4.47619
8.5619
9.77143
15.1048
9.02857
4.1619
5.78095
10.0571
8.60952
4.47619
4.22857
9.12381
9.58095
12.0857
9.14286
8.49524
10.4286
7.86667
10.0381
11.0857
10.1333
12.9905
9.92381
15.0857
7.62857
7.69524
4.72381
5.34286
9.21905
13.2857
6.98095
14.0857
8.90476
7.04762
8.75238
10.3524
5.47619
4.38095
6.25714
5.48571
4.6
8.77143
4.48571
4.38095
6.49524
13.2857
14.3905
5.86667
7.80952
4.26667
4.19048
6.18095
5.32381
7.42857
10.8095
4.15238
11.0571
6.51429
6.69524
5.44762
4.11429
15.2476
7.44762
11.8571
8.51429
9.62857
9.19048
7.73333
8.4
8.79048
14.2571
6.29524
9.06667
4.5619
10.381
11.4
4.32381
12.4667
10.1429
5.09524
6.13333
4.4
4.25714
8.42857
11.819
7.34286
7.93333
6.74286
7.61905
13.581
11.2286
7.72381
6.1619
14.5429
4.24762
7.57143
10.4476
5.92381
4.50476
6.05714
9.58095
6.4
8.89524
6.49524
10.3238
6.88571
7.35238
5.4381
4.10476
10.0286
9.72381
10.8
10.2381
7
6.11429
5.93333
10.0476
6.7619
4.46667
6.13333
11.181
4.52381
6
10.4095
4.48571
4.18095
7.02857
7.19048
10.9905
10.9048
6.20952
10.6857
5.41905
10.9333
6.41905
11.3714
7.39048
4.18095
4.37143
4.41905
5.32381
5.21905
5.51429
6.30476
16.1333
8.37143
8.2381
16.0381
12.1524
5.9619
14.981
9.54286
9.6381
11.181
5.39048
11.9619
11.981
4.35238
10.0476
8.90476
13.3429
13.9905
6.51429
6.27619
8.79048
8.79048
8.75238
5.11429
5.20952
5.02857
14.3524
7.32381
4.09524
10.1333
7.27619
4.46667
8.26667
8.34286
7.01905
11.5333
11.1905
5.01905
5.44762
6.01905
7.53333
6.44762
10.6762
10.2952
12.2952
10.8286
9.41905
7.39048
4.94286
7.8
8.61905
8.30476
10.7619
4.3619
6.05714
8.5619
10.0381
7.84762
4.7619
11.6476
6.6
18.381
9.13333
12.0952
8.35238
6.91429
8.49524
12.2571
4.71429
8.74286
9.49524
4.54286
6.39048
13.6857
10.2
4.09524
4.39048
6.24762
4.62857
12.619
9.04762
8.18095
17.419
8.24762
15.4476
15.4857
8.81905
10.6381
4.41905
6.99048
11.2476
5.57143
6.38095
7.40952
7.85714
5.5619
4.70476
9.01905
9.34286
4.29524
5.82857
10.2381
7.54286
6.25714
12.4
7.85714
13.1905
8.97143
4.21905
9.92381
8.73333
9.79048
6.74286
8.78095
6.97143
12.2952
10.3238
13.0952
8.84762
11.2
6.13333
7.94286
16.781
8.13333
8.01905
5.50476
4.45714
5.30476
8.15238
5.08571
6.15238
4.21905
6.37143
7.11429
5.44762
9.46667
7.88571
8.51429
7.2
9.17143
11
7.92381
7.54286
4.8381
5.8
15.9619
5.88571
5.31429
6.39048
6.07619
13.6
4.39048
6.86667
9.06667
7.18095
9.8381
6.32381
7.20952
4
6.9619
4.42857
5.58095
9.90476
9.15238
9.7619
9.84762
5.69524
6.77143
11.2571
7.34286
11.1619
5.91429
11.4952
11.5143
8.02857
7.57143
8.62857
10.8095
6.6
9.47619
9.86667
5.41905
9.2
11.2286
9.17143
9.01905
7.13333
7.01905
7.08571
4.40952
6.0381
4.29524
8.5619
14.4667
4.2
8.86667
5.45714
10.019
10.0667
10.2381
8.77143
14.6857
5.8
4.52381
7.02857
8.02857
10.381
8.02857
11.3524
4.98095
11.9619
7.93333
5.93333
11.2571
8.34286
4.51429
5.48571
4.29524
8.15238
8.41905
7.24762
8.79048
13.2952
6.6
9.88571
8.26667
6.95238
7.29524
9.31429
10.5429
4.77143
11.6857
4.59048
10.1143
5.7619
13.8286
12.1714
6.6
8.32381
8.58095
11.6857
4.29524
4.58095
5.88571
8.52381
5.28571
9.64762
8.62857
5.72381
12.3905
6.24762
6.06667
4.26667
6.64762
5.22857
12.0381
8.49524
8.02857
10.5238
7.84762
7.00952
8.20952
8.2
8.66667
10.1429
4.29524
7.08571
5.25714
7.92381
6.87619
4.59048
12.0571
5.15238
4.58095
7.80952
7.20952
4.38095
5.72381
8.27619
5.20952
8.92381
4.24762
8.87619
5.32381
9.66667
8.2381
10.3429
4.38095
7.45714
7.39048
8.35238
9.39048
9.69524
4.50476
8.05714
6.8
4.68571
10.1619
12.2
7.73333
4.4381
7.82857
7.19048
5.75238
8.97143
4.31429
4.66667
15.2667
16.3714
9.92381
9.82857
10.419
6.30476
4.1619
6.30476
5.51429
10.5333
4.48571
12.7143
8.37143
11.7238
5.88571
4.25714
12.1333
4.2381
10.5429
5.93333
7.6
7.81905
6.02857
11.7238
6.69524
4.20952
4.18095
4.41905
7.66667
7.32381
4.26667
8.15238
6.2381
11.781
4.64762
10.1048
6.30476
4.53333
4.49524
12.0476
14.5238
5.55238
6.27619
8
12.0857
11.6667
4.2381
9.77143
8.4
9.44762
6
5.53333
8.32381
12.4571
12.5429
8.32381
12.6857
6.6381
6.48571
8.46667
6.33333
8.3619
7.01905
6.33333
5.21905
10.7714
8.50476
4.22857
7.64762
4.32381
8.61905
9.46667
7.5619
7.51429
15.6857
12.6476
8.40952
5.41905
6.60952
5.9619
7.7619
8.20952
13.2095
12.9333
6.50476
9.4381
11.7143
6.99048
7.70476
8.70476
6.8381
8.00952
7.89524
12.4476
4.2381
7.68571
7.13333
6.46667
7.98095
9.37143
9.37143
7.07619
4.18095
5.31429
7.67619
6.90476
4.28571
5.42857
5.0381
6.41905
5.70476
10.981
9.59048
4.65714
10.2476
5.82857
9.79048
4.51429
8.2
12.1333
9.67619
5.84762
4.40952
8
7.92381
5.91429
6.28571
5.8
4.99048
7.59048
11.5905
7.66667
6.67619
6.69524
6.37143
7.59048
14.3048
5.4
5.9619
6.70476
12.1429
9.95238
6.92381
4.25714
4.05714
13.8
5.8381
14.1905
6.29524
10.7619
6.25714
7.09524
7.14286
9.25714
10.0095
8.74286
17
7.70476
9.72381
6.25714
4.38095
4.07619
11.5905
9.48571
7.81905
5.85714
8.11429
7.42857
7.54286
9.65714
4.24762
7.60952
6.42857
6.10476
9.4381
8.91429
9.60952
11.9619
6.09524
7.06667
5.30476
4.1619
4.25714
5.52381
11.9048
4.35238
8.58095
5.87619
4.9619
5.69524
4.22857
7.51429
14.7524
5.80952
4.31429
6.33333
8.13333
13.2952
12.8952
9.6
6.71429
10.4762
6.7619
8.21905
4.26667
7.65714
6.60952
4.54286
6.3619
10.4762
6.3619
10.2
9.69524
7.41905
8.87619
5.79048
10.4286
8.12381
7.8381
7.55238
8.60952
9.77143
6.89524
11.3048
8.17143
12.7905
6.72381
5.51429
9.64762
12.9524
9.4381
7.35238
5.46667
10.6762
5.6
4.35238
12.4476
6.08571
7.82857
4.4381
11.6381
12.4095
9.09524
11.5238
7.61905
11.1619
8.19048
10.8286
10.6762
11.3143
7.05714
4.52381
5.17143
10.5714
9.33333
9.09524
4.46667
7.01905
7.89524
9.41905
11.1048
11.8952
10.2857
14.0667
9.66667
9.97143
4.50476
6.86667
8.50476
9.31429
6.41905
6.5619
5.31429
5.84762
6.86667
4.28571
9.78095
4.38095
8.2
5.08571
5.46667
4.08571
6.77143
5.93333
5.5619
10.5619
13.3524
8.60952
4.38095
13.6571
8.2
11.7143
7.19048
8.72381
4.87619
7.89524
7.17143
6.60952
7.40952
6.68571
4.3619
5.60952
8.39048
6.14286
6.6381
9.24762
6.77143
8.09524
4.31429
12.3619
8.48571
5.66667
5.62857
8.34286
6.81905
12.5619
4.12381
9.1619
4.12381
11.2286
5.90476
7.65714
6.31429
9.40952
10.8
4.62857
15.0476
5.59048
8.41905
16.5619
4.28571
4.86667
9.95238
8.50476
9.34286
7.86667
4.4381
4.20952
9
4.20952
9.33333
4.60952
10.8476
5.6381
10.0952
4.51429
8.46667
8.2
11.8857
4.94286
12.7048
11.9048
5.93333
15.7619
7.06667
4.25714
4.54286
12.219
13.6762
7.53333
8.91429
8.39048
8.11429
4.69524
11.581
6.31429
6.73333
9.2
10.1238
9.39048
8.10476
5.9619
6.09524
8.98095
6.06667
5.80952
12.2476
10.5714
11.8667
11.8952
11.1619
13.4667
9.39048
14.7619
7.73333
6.32381
9.6381
4.14286
4.38095
4.33333
17.0476
6.72381
9.47619
6.97143
10.1238
5.12381
6.22857
6.54286
8.8
6.72381
11.9619
12.8
6.39048
9.25714
4.69524
4.70476
4.45714
5.94286
7.85714
6.55238
7.85714
11.9524
10.3238
12.9143
7.2
4.52381
9.70476
5.14286
8.94286
4.1619
4.90476
4.18095
10.2476
4.33333
4.4
6.26667
5.73333
7.8
7.90476
6.72381
7.21905
9.8
11.4381
12.381
11.0571
10.1714
6.9619
13.8286
7.45714
6.87619
5.95238
11.219
9.31429
4.09524
7.15238
4.2381
9.53333
14.3524
14.5238
9.8381
6.6
6.45714
4.46667
6.50476
6.99048
4.80952
4.35238
4.15238
6.46667
7.15238
10.7524
4.58095
6.78095
9.44762
8.09524
6.11429
6.69524
11.1048
6.27619
7.8381
11.1714
9.94286
4.15238
13.1619
8.78095
7.88571
5.97143
7.04762
8.12381
5.44762
14.181
13.4762
4.65714
4.91429
7.65714
10.0381
11.0571
14.1619
7.53333
7.15238
7.77143
7.61905
12.5714
9
10.4476
8.41905
6.39048
6.54286
7.20952
12.4286
6.54286
4.62857
9.40952
5.74286
8.24762
5.59048
7.67619
4.30476
8.00952
5.77143
6.54286
4.35238
11.2095
6.37143
8.57143
11.0476
4.60952
9.60952
9.98095
14.0952
12.619
11.2095
7.24762
4.27619
4.19048
6.49524
8.20952
8.30476
10.2857
11.6667
11.819
10.4381
6.69524
4.41905
4.78095
6.97143
5.8381
5.37143
4.89524
5.91429
5.95238
8.22857
8.53333
4.48571
11.3714
10.8571
5.26667
12.0762
6.78095
10.6095
8.09524
9.55238
7.64762
11.9905
14.981
11.781
8.02857
8.34286
4.61905
8.07619
4.2
6.32381
5.45714
5.34286
7.2
9.27619
6.32381
8.18095
4.26667
4.15238
7.8
5.86667
11.981
11.0286
6.10476
6.62857
9.66667
6.2
9.37143
6.4381
7.64762
6.62857
4.21905
6.80952
6.79048
8.02857
8.81905
4.60952
4.31429
9.07619
5.46667
7.65714
5.97143
4.35238
7.95238
5.58095
8.69524
9.35238
12.2857
5.40952
4.32381
6.99048
11.1429
8.31429
4.53333
8.81905
8.73333
6.92381
9.77143
5.97143
9.2381
8.53333
9.01905
4.14286
8.60952
4.24762
4.55238
7.50476
5.52381
7.4381
9.5619
11.419
6.18095
4.44762
11.8
4.49524
10.781
10.2
5.54286
11.781
8.86667
5.1619
4.27619
11.581
4.21905
5.52381
13.219
12
8.52381
5.61905
6.41905
8.30476
6.77143
4.38095
11.2095
14.019
11.4
4.38095
6.39048
7.98095
11.3429
4.81905
6.98095
11.1524
13.6571
6.75238
12.4762
11.4476
4.74286
7.69524
11.4762
9.35238
4.12381
9.12381
4.49524
7.21905
12.1714
6.12381
6.53333
7.27619
6.70476
4.91429
11.019
7.6
5.34286
7.73333
6.8381
6.21905
5.70476
9.8381
4.52381
10.3524
6.39048
8.27619
7.92381
8.29524
4.4
4.47619
4.49524
4.47619
10.4667
7.29524
7.93333
4.65714
6.2
4.4381
12.2
5.66667
7.84762
5.49524
15.0762
10.1714
5
6.25714
9.13333
11.2952
5.25714
4.32381
4.90476
4.59048
7.6
4.13333
7.8381
13.4762
4.41905
14.8286
16.819
4.58095
7.87619
7.0381
4.6381
6.60952
9.8
5.40952
8.89524
6.30476
10.619
8.44762
9.2
8.25714
11.2667
4.55238
11.9714
9.04762
14.1905
4.44762
15.3524
13.781
13.3524
16.019
6.73333
4.2381
5.28571
6.82857
5.67619
8.39048
7.50476
6.22857
4.35238
4.3619
6.88571
4.11429
7.15238
12.9238
4.41905
4.27619
9.35238
9.07619
13.5905
10.6667
13.419
8.0381
5.94286
8.70476
10.8952
7.12381
9.55238
8.30476
10.8762
5.68571
12.0667
5.4
4.02857
6.2381
4.88571
4.3619
5.24762
7.62857
7.79048
4.4
13.5238
10.8
7.12381
9.1619
6.4381
6.66667
8.89524
14.7619
6.27619
6.40952
9.27619
12.4095
10.981
4.30476
8.89524
6.46667
12.2952
9.87619
7.86667
11.5238
8.49524
6.32381
8.49524
6.53333
10.619
10.219
14.1714
6.90476
11.6571
10.6952
5.99048
5.02857
4.29524
7.08571
10.9714
11.2571
6.59048
11.1238
4.3619
6.9619
5.84762
9.5619
9.71429
4.28571
8.72381
7.5619
11.4
7.81905
6.73333
4.97143
4.22857
7.44762
4.4
6.46667
4.06667
9.12381
4.48571
4.35238
4.70476
5.42857
18.019
12.7429
7.00952
6.41905
6.54286
4.69524
7.95238
9.49524
11.1524
4.66667
4.92381
7.60952
11.7714
7.48571
8.0381
8.34286
8.05714
7.73333
7.53333
9.10476
7.62857
8.11429
8.89524
12.1429
4.47619
4.30476
8.12381
4.92381
7.17143
9.71429
15.1429
12.4381
8.44762
7.13333
10.3238
12.3143
4.78095
4.6381
8.71429
4.33333
9.25714
6.84762
10.7714
8.19048
8.18095
8.42857
6.34286
4.50476
10.3143
6.87619
6.3619
4.3619
6.15238
4.37143
5.12381
7.17143
15.9619
9.01905
11.8286
7.48571
7.31429
6.07619
13.3905
5.39048
10.981
10.9714
8.70476
10.7048
8.27619
13.2952
6.6
4.33333
6.68571
18.9619
8.58095
11.2667
10.9429
10.5714
5.87619
6.01905
6.90476
11.0476
4.45714
14.8667
14.2952
8.93333
8.18095
10.3905
5.57143
7.65714
4.41905
9.58095
18.9333
6.84762
4.10476
14.3714
8.06667
9.2381
4.35238
8.99048
7.40952
14.5333
9.08571
12.8
8.04762
8.51429
8.04762
6.05714
10.4381
12.2857
7.10476
4.24762
7.44762
6.20952
11.581
7.26667
5.81905
4.17143
5.06667
4.34286
6.30476
5.44762
8.59048
5.94286
9.8381
4.52381
6.97143
5.53333
4.6
4.80952
12.2095
4.1619
10.5238
4.32381
8.09524
9.99048
5.52381
6.5619
5.72381
12.0476
6.61905
8.62857
4.33333
11.581
4.27619
11.019
7.04762
4.68571
7.25714
11.5048
11.2476
6.86667
11.7143
10.2095
15.8952
6.89524
8.98095
4.4381
4.37143
4.57143
5.65714
10.1429
4.90476
10.1143
4.29524
4.45714
11.7714
8.28571
6.39048
12.5619
4.58095
5.11429
8.44762
10.1143
4.88571
6.46667
6.75238
5.35238
7.29524
7.26667
10.981
6.92381
5.6381
4.46667
4.21905
4.55238
9.95238
8.35238
7.40952
12.7714
8.25714
7.52381
5.32381
7.48571
12.7429
7.1619
7
5.91429
7.17143
8.70476
9.07619
4.41905
5.8
5.79048
9.75238
4.21905
16.9429
9.8381
4.54286
8.94286
4.58095
8.80952
4.45714
4.42857
7.99048
10.2667
8.2381
8.51429
4.34286
6.49524
6.9619
5.33333
10.2286
10.3048
6.99048
6.47619
6.11429
8.48571
5.33333
8.62857
6.42857
6.35238
4.22857
4.4381
4.25714
6.05714
4.50476
6.37143
8.04762
12.7714
4.58095
5.31429
4.84762
8.08571
5.17143
4.90476
7.51429
6.58095
5.72381
5.69524
5.92381
4.01905
4.14286
9.81905
6.46667
4.68571
7.92381
8.37143
10.7524
4.44762
4.52381
10.1238
8.05714
11.6
5.35238
9.00952
6.62857
11.5048
12.0667
10.9619
6.15238
7.24762
11.4476
7.70476
7.62857
13.219
8.49524
8.87619
13.581
8.25714
4.19048
9.0381
9.62857
7.09524
4.28571
9.24762
6.71429
18.8476
13.0857
7.14286
13.1333
9.30476
12.8476
6.69524
8.86667
10.9333
7.45714
6.51429
10.2286
10.4857
8.71429
8.05714
9.86667
8.29524
9.52381
6.42857
6.61905
12.5333
4.25714
6.37143
4.2381
4.79048
9.94286
10.5905
8
7.18095
4.12381
9.13333
4.2381
14.8857
11.981
12.1714
13.7238
5.65714
10.6571
7.22857
7.9619
8.13333
8.2381
4.57143
5.27619
6.88571
11.4571
7.95238
9.09524
11.0762
4.18095
4.25714
4.13333
10.581
5.55238
7.86667
4.4381
9.65714
9.13333
6.2381
8.68571
5.70476
13.819
9.2381
9.40952
4.35238
10.8762
9.80952
9.41905
9.51429
11.3238
7.4381
5.28571
6.75238
8.06667
8.37143
11.2
9.33333
8.97143
12.6762
4.32381
5.92381
11.4286
4.05714
7.37143
5.38095
4.27619
5.69524
5.29524
4.29524
7.57143
4.09524
9.22857
4.19048
10.4381
7.86667
4.47619
9.31429
4.20952
6.89524
5.73333
10.6476
7.8381
7.85714
9.4381
4.70476
4.58095
4.37143
7.18095
7.70476
9.2
7.0381
4.25714
6.65714
7.28571
8.72381
5.50476
5.00952
8.95238
6.06667
4.6381
7.80952
8.33333
7.22857
7.75238
7.70476
7.79048
6.54286
4.29524
7.39048
12.2762
8.6381
9.9619
7.14286
5.70476
7.28571
4.8381
8.31429
5.26667
9.70476
5.50476
7.0381
8.26667
8.53333
5.13333
6.30476
12.3524
4.20952
7.64762
5.94286
8.04762
9.5619
7.77143
8.46667
5.42857
5.49524
6.45714
4.59048
7.0381
5.28571
6.42857
4.3619
9.32381
12.419
12.3905
7.87619
16.3905
4.37143
6.1619
4.40952
7.3619
11.9238
7.88571
10.5524
10.7143
10.8952
9.46667
7.66667
7.6
8.84762
9.44762
8.86667
4.42857
6.32381
9.34286
19.8095
7.4
8.15238
6.73333
5.21905
10.0476
5.9619
4.2381
8.87619
12.2286
7.62857
12.2381
4.7619
5.20952
7.91429
8.2381
4.64762
8.71429
6.66667
25.8381
11.1524
6.7619
10.4
7.77143
7.38095
9.5619
5.4
8.81905
4.78095
8.70476
5.11429
9.46667
7.53333
8.82857
10.7524
15.8952
5.52381
4.27619
5.35238
4.33333
9.53333
11.5905
4.53333
10.3619
4.73333
6.8
11.6
8.60952
6.49524
8.14286
4.64762
5.24762
5.55238
7.41905
7.15238
8.7619
5.90476
9.2
5.48571
9.4381
5.00952
4.18095
4.32381
5.34286
7.50476
7.28571
5.68571
9.17143
6.39048
4.85714
4.33333
4.54286
4.28571
4.52381
6.45714
9.71429
16.7524
4.46667
7.41905
6.46667
13.6476
6.85714
6.57143
13.4
4.13333
12.2476
14.5238
11.2857
11.2286
5.01905
4.31429
4.18095
4.30476
12.5143
12.9524
9.10476
14.981
6.60952
14.0095
12.1714
13.5619
9.2
11.9238
4.38095
11.7048
4.52381
10.1048
8.95238
8.5619
9.55238
6.71429
4.39048
8.98095
6.24762
4.86667
5.2381
4.08571
4.81905
8.29524
7.37143
12.0286
4.47619
8.7619
13.1143
4.58095
10.2095
9.62857
8.29524
4.26667
5.34286
9.44762
7.01905
5.66667
4.46667
10.0952
6.74286
11.1524
10.219
16.1714
7.20952
6.59048
6.6
12.8476
8.81905
6.79048
7.25714
4.46667
6.93333
8.70476
6.2381
7.18095
7.69524
21.9333
8.53333
4.33333
5.1619
4.87619
8.69524
8.45714
4.44762
6.6381
4.5619
4.5619
7.89524
5.79048
8.29524
4.26667
11.8952
11.8952
4.08571
5.8381
6.41905
14.0476
4.11429
8.01905
8.52381
6.53333
8.08571
14.0667
10.1048
7.50476
6.60952
4.19048
4.45714
4.64762
5.88571
11.0476
7.57143
7.13333
9.73333
6.09524
5.53333
9.98095
8.50476
5.84762
6.29524
13.7905
5.81905
4.39048
6.3619
9.8381
8.12381
7.44762
4.28571
5.57143
4.53333
4.57143
8.24762
7.22857
4.27619
8.88571
7.50476
14.581
4.51429
4.42857
4.59048
4.2381
12.3905
8.6
6.30476
4.2
4.57143
8.21905
6.39048
5.71429
4.2
4.44762
7.60952
6.70476
4.6
8.4
7.05714
9.01905
6.90476
4.53333
9.26667
4.35238
12.4571
8.62857
12.1143
8.12381
8.80952
5.32381
10.7905
7.4381
9.72381
12.2571
11.6095
7.57143
7.39048
8.15238
12.3429
12.0667
4.22857
7.20952
11.4952
6.46667
8.02857
7.62857
4.46667
7.1619
4.75238
7.62857
7.55238
5.98095
9.99048
6.98095
7.72381
4.65714
13.6762
4.11429
4.29524
6.73333
8.04762
10.8667
4.34286
8.65714
9.28571
10.7333
16.019
4.68571
4.17143
9.07619
6.32381
9.02857
7.45714
5.08571
9.48571
14.3333
8.99048
10.5238
6.81905
11.4952
7.2381
9.78095
7.99048
7.61905
4.4381
9.61905
5.84762
9.04762
11.0667
4.6
4.13333
4.10476
4.1619
4.33333
10.181
7.99048
6.98095
6.12381
6.52381
8.55238
9.20952
3.35238
3.48571
9.51429
6.89524
6.94286
5.92381
6.7619
3.42857
5.5619
3.24762
7.93333
9.75238
10.1333
5.34286
3.70476
3.32381
6.7619
3.32381
4.9619
3.18095
3.49524
3.10476
7.44762
6.8381
4.40952
10.0381
4.70476
5.75238
12.181
8.14286
5.10476
3.13333
3.61905
5.11429
11.219
4.47619
9.3619
5.2381
5.9619
5.41905
8.10476
3.1619
5.18095
9.54286
8.93333
13.6381
6.14286
5.33333
5.6
5.64762
8.0381
11.3143
4.84762
7.82857
5.57143
3.41905
3.12381
4.41905
6.7619
7.42857
3.34286
5.0381
9.11429
11.6571
3.37143
9.88571
8.35238
3.11429
4.33333
3.33333
14.7714
7.26667
6.6
11.2286
6.34286
6.13333
6.45714
7.35238
14.0952
11.5714
7.02857
9.42857
10.4476
5.6
5.0381
7.60952
3.47619
3.14286
7.09524
4.22857
7
3.1619
3.55238
3.11429
6.17143
6.35238
3.53333
5.2381
5.26667
3.1619
8.30476
7.89524
5.14286
3.10476
7.07619
10.7143
3.75238
3.61905
6.78095
11.6286
9.38095
3.15238
5.8
5.08571
7.55238
3.12381
3.13333
5.20952
3.13333
4.3619
6.41905
4.72381
5.9619
6.07619
7.2381
3.41905
5.52381
4.25714
5.88571
5.47619
6.11429
5.11429
3.99048
8.52381
6.05714
5.32381
3.2
3.22857
3.0381
4.81905
5.11429
3.34286
10.9524
6.45714
7.1619
3.11429
9.86667
3.2
8.6
3.8
3.49524
5.58095
5.65714
3.01905
5.90476
5.09524
5.2381
4.47619
7.10476
5.8381
3.07619
3.80952
3.51429
10.2095
9.6
6.0381
3.72381
6.02857
6.61905
9.85714
7.20952
8.2
3.01905
12.8952
13.5238
4.02857
4.20952
10.8095
4
8.81905
5.45714
7.01905
4.00952
7.62857
3.15238
5.49524
3.18095
3.30476
3.31429
8.70476
3.11429
5.39048
5.33333
3.54286
6.33333
25.4857
5.25714
4.2381
3.11429
8.05714
3.32381
6.20952
3
7.74286
3.53333
8.45714
8.31429
5.60952
10.5619
5.30476
4.78095
5.26667
6.3619
3.55238
6.44762
5.70476
8.31429
6.21905
12.4381
6.8381
3.08571
11.9238
3.95238
7.10476
3.35238
3.37143
6.18095
5.59048
7.02857
3.26667
6.8381
7.4
7.29524
4.84762
5.08571
4.61905
6.08571
6.88571
8.64762
6.53333
3.50476
3.25714
9.26667
10.4571
8.17143
3.61905
12.5238
4.8381
6.33333
3.51429
14.7048
3.05714
9.62857
3.38095
8.11429
6.17143
15.5524
3.29524
5.49524
3.38095
5.17143
7.19048
12.3333
3.7619
3.1619
12.6571
5.13333
3.19048
9.1619
7.90476
6.13333
7.74286
6.55238
9.9619
5.02857
7.15238
8.74286
12.8381
5.9619
7.27619
3.27619
3.44762
6.32381
6.1619
9.93333
6.10476
3.2381
3.15238
3.4381
3.17143
6.26667
3.22857
8.64762
3.13333
7.00952
5.68571
9.54286
4.26667
9.95238
7.79048
6.65714
3.14286
8.20952
8.48571
5.08571
3.90476
3.3619
6.62857
5.94286
6.37143
7.84762
3.09524
9.6
3.25714
3.2381
6.74286
3.90476
3.40952
10.7524
3.49524
3.29524
3.35238
3.08571
3.2
3.09524
6.35238
3.0381
3.6381
3.09524
3.04762
3.60952
6
5.77143
3.2381
7.4
8.78095
3.6381
7.32381
9.57143
5.10476
6.22857
3.22857
11.5905
6.45714
3.13333
8.97143
3.52381
4.99048
7.6381
3.19048
6.98095
5.3619
8.34286
6.99048
7.04762
9.8381
11.7048
3.11429
10.619
4.30476
7.84762
14.6286
11.2571
5.70476
4.9619
7.13333
3.38095
3.61905
3.52381
6.5619
6.86667
3.18095
6.46667
3.29524
11.9333
7.45714
8.44762
8.31429
10.0857
14.0667
3.49524
6.59048
3.10476
5.82857
8.0381
7.73333
3.61905
8.14286
3.22857
6.37143
5.45714
6.95238
12.4857
10.2381
8.24762
8.00952
39.4857
9.18095
6.21905
3.19048
3.47619
3.1619
4.60952
7.7619
8.59048
7.55238
6.44762
8.32381
3.64762
7.93333
3.19048
3.17143
3.32381
3.48571
11.8
3.8
9
6.7619
8.65714
5.44762
8.6381
5.75238
5.93333
5.9619
4.87619
3.09524
6.88571
8.52381
11.3238
3.2
3.42857
5.50476
5.2381
8.40952
5.04762
5.57143
6.90476
10.0381
9.34286
4.14286
3.11429
6.65714
5.92381
3.35238
9.01905
3.02857
12.1048
8.33333
5.6
3.0381
7.65714
3.2381
5.90476
4.44762
3.57143
7.98095
5.58095
5.8
5.47619
7.4
6.34286
5.54286
3.30476
5.45714
7.72381
7.68571
6.15238
12.0857
7.54286
3.35238
6.70476
3.14286
8.99048
5.14286
7.57143
3.2381
4.2
4.86667
4.92381
3.45714
3.6
3.06667
6.09524
5.49524
4.65714
6.4381
10.0381
5.68571
5.59048
4.69524
6.26667
5.10476
3.24762
6.92381
5.15238
3.33333
5.11429
3.15238
3.87619
9.42857
10.2381
5.32381
5.28571
4.91429
9.8
4.11429
8.01905
6.54286
8.87619
8.70476
8.4
4.52381
5.32381
7.05714
5.50476
3.21905
12.5905
9.39048
10.3429
6.26667
7.49524
10.6857
12.0095
5.57143
9.45714
12.6762
4.66667
8.73333
8.97143
5.89524
5.28571
6.87619
3.20952
3.02857
10.2667
3.1619
3.00952
3.93333
9.46667
3.86667
5.85714
4.18095
5.20952
5.68571
3.18095
3.71429
6.29524
3.95238
5.53333
8.92381
3.17143
3.18095
5.15238
6.37143
3.1619
5.38095
5.20952
7.51429
3.20952
3.51429
3.26667
7.79048
3.07619
3.00952
3.9619
3.05714
4.01905
3.32381
5.41905
3.06667
7.6381
5.64762
10.0952
5.91429
7.3619
4.92381
5.34286
9.68571
4.80952
3.2
3.10476
3.20952
5.08571
4.72381
4.86667
8.89524
12.581
6.10476
3.2381
12.3524
5.5619
5.72381
3.53333
3.35238
3.15238
3.31429
5.12381
7.12381
12.8571
3.17143
8.94286
8.1619
9.17143
5.21905
7.14286
5.90476
9.91429
11.6952
3.2381
4.45714
3.45714
6.17143
6.19048
5.08571
6.0381
8.18095
8.44762
3.5619
4.97143
7.13333
3.33333
3.5619
6.6381
9.02857
3.22857
16.3333
5.42857
9.2
8.65714
7.01905
8.3619
3.67619
6.30476
3.66667
3.28571
3.5619
6.05714
11.0476
3.17143
5.80952
10.2762
3.4381
3.41905
3.06667
7.04762
8.20952
5.89524
5.00952
8.18095
3.11429
4.78095
3.85714
7.74286
12.7048
7.4381
5.8
5.82857
6.85714
6.52381
3.55238
3.13333
5.72381
3.93333
5.62857
5.2381
3.30476
12.3524
6.6
3.35238
3.05714
6.0381
3.26667
8.60952
9.6381
3.31429
3.20952
3.34286
3.64762
7.40952
4.67619
5.49524
3.33333
8.65714
5.00952
7.34286
3.29524
6.15238
3.18095
3.27619
4.32381
5.55238
3.37143
3.24762
5.6381
6.93333
5.02857
3.18095
4.61905
6.06667
3.60952
3.12381
4.11429
11.4952
4.26667
3.72381
3.1619
5.6381
8.41905
5.2
7.17143
3.4
9.62857
3.70476
4.6381
10.8952
3.18095
8.86667
3.46667
6.25714
5.28571
3.48571
8.06667
3.10476
6.58095
7.12381
3.15238
3.52381
3.27619
10.2762
9.25714
5.04762
3.14286
9.61905
3.35238
5.74286
6.94286
7.34286
3.10476
3.11429
5.68571
3.24762
3.13333
11.6571
3.8
8.93333
4.4
13.0952
3.67619
5.90476
7.87619
5.13333
3.21905
3.30476
3.14286
12.0857
8.19048
6.51429
6.32381
3.31429
6.66667
7.1619
3.32381
8.40952
11.7524
3.19048
7.54286
3.21905
6.31429
12.3238
6.67619
4.11429
6.48571
7
5.98095
11.819
8.97143
6.19048
3.06667
3.3619
3
3.22857
5.00952
11.5143
3.32381
4.07619
3.12381
3.14286
3.28571
3.12381
7.8
3.32381
3.4381
7.4381
3.44762
11.1619
10.4286
7.0381
10.4476
6
3.37143
6.07619
3.05714
8.39048
5.11429
5.27619
3.58095
6.64762
6.07619
3.17143
3.12381
3.12381
6.11429
7.07619
3.14286
7.97143
3.30476
11.4381
7.10476
3.07619
3.52381
6.46667
6.95238
7.60952
5.84762
6.6
5.89524
3.0381
6.65714
8.07619
5.28571
3.29524
8.15238
5.93333
3.46667
3.34286
5.50476
4.52381
3.38095
3.4
7.78095
10.1619
3.08571
3.42857
10.6952
5.72381
5.42857
6.85714
9.10476
11.1905
7.66667
5.94286
11.1048
5.77143
3.44762
3.38095
3.17143
3.14286
10.0476
3.2381
3.7619
3.05714
7.12381
9.79048
5.21905
9.29524
6.61905
4.69524
8.78095
5.60952
4.41905
6.04762
3.11429
5.57143
4.97143
6.4
6.77143
4.7619
12.2571
8.67619
5.55238
7.91429
8.8381
3.13333
5.45714
8.12381
3.44762
9.24762
7.72381
10.6857
4.44762
9.37143
3.19048
5.89524
7.27619
6.67619
6.39048
4.57143
3.38095
3.47619
5.6381
11.7333
8.99048
3.18095
6.0381
6.8381
4.12381
8.2381
7.40952
9.55238
9.17143
10.9238
10.5524
7.44762
9.89524
8.10476
3.62857
7.8381
8.05714
3.45714
9.02857
8.66667
6.94286
5.41905
4.72381
3.27619
9.41905
9.6
8.46667
3.26667
6.12381
4.10476
3.32381
5.37143
8.55238
3.24762
3.31429
7.64762
9.09524
10.9048
3.22857
3.25714
3.28571
6.20952
4.70476
3.34286
5.66667
3.77143
3.18095
3.8
5.3619
5.90476
7.8381
7.8381
7.13333
6.84762
5.2
16.3524
3.4381
4.79048
8.17143
3.11429
3.26667
3.1619
8.61905
5.19048
3.85714
3.04762
4.82857
3.4
3.3619
4.7619
5.4381
5.30476
3.10476
4.35238
5.14286
5.50476
3.10476
6.75238
5.21905
8.26667
7.68571
6.20952
5.44762
5.05714
10.7524
5.81905
6.05714
3.22857
6.39048
3.62857
3.31429
5.27619
11.0095
4.93333
3.13333
3.4
3.51429
5.78095
3.12381
3.29524
8.53333
9.82857
6.71429
7.01905
3.48571
6.17143
5.66667
6.67619
5.39048
8.0381
5.59048
5.62857
3.5619
9.61905
3.33333
5.10476
7.04762
7.1619
7.90476
5.9619
7.70476
9.91429
3.60952
4.8381
8.31429
7.2381
3.33333
6.65714
6.2381
9.14286
5.87619
3.8
12.419
3.45714
3.40952
4.46667
3.17143
3.40952
8.49524
5.71429
5.54286
5.57143
4.15238
7.92381
11.2095
7.0381
9.8381
3.17143
3.65714
3.13333
5.77143
6.50476
8.07619
6.01905
3.32381
8.22857
3.39048
9.7619
6.31429
6.67619
3.05714
9.44762
9.84762
6.85714
4.24762
5.40952
9
3.57143
3.49524
8.52381
4.92381
5.2
7.1619
10.2095
3.01905
4.93333
13.9238
3.21905
6.30476
3.38095
4.00952
7.55238
11.2476
5.21905
5.12381
9.82857
4.82857
7.71429
6.53333
9.32381
3.39048
3.57143
3.18095
8.27619
3.42857
6.06667
5.21905
10.6476
3.34286
7.7619
7.02857
6.15238
3.4381
10.0571
15.9238
9.5619
6.57143
8.66667
9.82857
5.04762
8.75238
12.1048
7.29524
6.58095
8.48571
9.4
10.0667
5.64762
8.21905
8.30476
4.67619
7.99048
3.4
5.78095
9.72381
5.84762
11.7333
9.73333
5.8381
7.42857
13.3143
5.82857
3.3619
6.74286
8.46667
3.45714
5.17143
6.67619
11.3524
6.30476
4.93333
12.6952
3.06667
5.3619
3.22857
8.72381
6.19048
3.40952
3.35238
7.95238
5.01905
5.37143
3.40952
13.1429
9.8381
5.61905
3.80952
6.53333
7.8381
3.37143
8.6
5.55238
3.31429
4.77143
7.00952
3.02857
6.57143
6.14286
5.2
5.54286
3.41905
6.52381
7.52381
10.7714
9.75238
3.05714
3.47619
6.7619
11.5238
4.18095
8.74286
3.73333
3.31429
10.3333
3.64762
3.19048
13.1524
6.55238
6.17143
11.8381
10.219
7.09524
4.84762
6.82857
7.02857
11.8
5.59048
4.44762
5.47619
8.64762
8.99048
4.12381
4.74286
8.94286
6.68571
3.22857
4.61905
5.9619
3.15238
11.9238
3.37143
7.39048
11.6095
10.6857
11.0952
7.55238
3.22857
7.6381
5.25714
4.87619
5.68571
8.34286
7.4
5.47619
3.50476
3.30476
3.27619
3.1619
6.51429
6.75238
6.35238
3.13333
7.4381
3.21905
5.9619
3.70476
3.86667
3.5619
6.04762
6.74286
8.75238
6.12381
3.34286
7.73333
3.47619
8.20952
3.29524
9.61905
14.3333
4.67619
3.39048
11.7524
9.12381
3.2
3.28571
6.75238
10.2
11.9714
3.15238
7.14286
3.02857
13.5619
5.08571
9.44762
6.15238
9.4
3.90476
3.14286
5.95238
3.05714
6.81905
10.1429
6.58095
8.72381
5.70476
7.99048
7.70476
4.97143
3.1619
10.781
7.5619
3.31429
6.08571
9.59048
3
3.53333
5.46667
7.38095
3.1619
10.6381
8.40952
3.19048
5.52381
7.17143
5.28571
5.4
8.90476
6.53333
3
4.80952
7.95238
6
4.86667
9.4381
3.05714
10.2762
6.60952
6.38095
6.75238
3.18095
8.09524
6.59048
3.26667
6.07619
9.1619
9.49524
3.19048
4.99048
3.17143
8.06667
3.50476
8.00952
5.60952
6.66667
3.08571
7.4
3.04762
11.0476
3.30476
11.019
7.26667
3.10476
3.22857
5.52381
3.25714
6.88571
12.0762
5.62857
3.27619
3.2
5.55238
5.84762
7.38095
3.42857
7.07619
3.53333
4.9619
16.619
7.60952
10.3143
7.0381
5.85714
3.22857
5.22857
10.9619
3.41905
5.74286
3.29524
3.95238
9.54286
5.05714
3.87619
4.8
3.31429
9.22857
3.24762
6.12381
9.10476
5.3619
5.2
5.62857
9.2381
4.87619
7.98095
6.01905
3.21905
3.11429
3.4381
4.68571
5.50476
6.81905
3.15238
6.32381
7.18095
3.4
3.40952
5.97143
3.08571
3.17143
3.04762
5.75238
6.80952
3.66667
3.15238
7.68571
6.6381
5.30476
3.89524
9.32381
8.37143
3.26667
3.09524
3.3619
7.2381
3
3.00952
8.97143
3.48571
3.2381
3.9619
9.21905
3.30476
3.4381
9.47619
3.04762
5
5.22857
6.13333
5.22857
4.53333
4.72381
9.2
7.14286
8.46667
6.51429
8.05714
11.1524
7.72381
4.75238
8.08571
7.95238
5.44762
5.8
3.28571
3.64762
5.00952
6.87619
5.86667
4.00952
3.66667
5.5619
6.47619
6.09524
3.52381
4.62857
4.92381
5.39048
6.46667
3.69524
3.34286
12.0857
5.30476
8.6381
7.65714
5.01905
7.35238
7.05714
3.21905
3.64762
6.19048
6.95238
3.13333
3.31429
6.38095
15.5714
5.9619
7.07619
12.1714
10.5524
5.37143
3.4381
3.31429
3.05714
5.98095
5.71429
6.44762
3.30476
5.82857
4.53333
13.3333
8
8.66667
7.11429
3.53333
3.11429
9.15238
5.8
11.419
11.1429
5.70476
5.59048
11.2571
5.9619
6.47619
6.53333
3.41905
3.20952
3.30476
3.14286
4.3619
3.1619
3.44762
9.45714
8.90476
7.4
8.75238
5.4
8.48571
3.20952
8.20952
9.01905
6.13333
5.52381
9.2381
6.65714
3.09524
4.67619
11.2095
15.8857
3.65714
5.70476
3.11429
7.93333
3.32381
3.2
5.59048
4.60952
6.1619
3.10476
6.17143
7.55238
3.29524
3.82857
3.1619
6.88571
5.39048
5
4.06667
3.1619
3.50476
5.79048
4.24762
8.24762
4.93333
3.35238
11.1905
7.02857
3.14286
12.6667
7.70476
6.05714
4.08571
8.64762
7.91429
6.14286
5.52381
8.93333
3.81905
4.66667
10.6
3.5619
6
6.42857
7.29524
6.57143
5.91429
3.17143
7.7619
9.82857
3.35238
11.1238
3.25714
4.67619
8.13333
5.5619
7.15238
4.2381
4.35238
8.06667
8.6
9.72381
8.17143
8.3619
3.7619
3.1619
7.65714
3.19048
3.25714
5.21905
5.40952
11.5048
4.64762
12.3619
3.38095
5.01905
7.0381
5.5619
4.28571
6.4
6.04762
7.47619
5.67619
5.53333
3.14286
6.46667
13.5238
3.07619
8.37143
8.01905
3.55238
9.24762
7.92381
6.42857
8.70476
4.07619
8.20952
3.33333
5.0381
7.17143
5.92381
3.21905
6.90476
13.4
6.4
7.97143
6.28571
5.1619
9.27619
3.25714
5.10476
3.29524
5.28571
3.25714
11.4286
3.44762
5.71429
3.55238
3.14286
3.12381
5.64762
5.94286
6.61905
11.4095
4.48571
6.45714
5.60952
8.41905
5.68571
5.07619
4.85714
10.2381
5.93333
3.13333
4.65714
10.619
3.57143
5.61905
6.74286
3.00952
4.85714
6.71429
8.24762
3.87619
6.71429
3.19048
5.4381
11.9333
5.60952
3.50476
8.97143
3.79048
3.6381
6.59048
3.09524
10.1905
4.94286
3.24762
3.52381
7.87619
8.21905
6.64762
7.13333
5.05714
9.97143
3.69524
3.59048
3.55238
3.50476
6.04762
3.3619
8.62857
4.7619
3.3619
3.52381
3.61905
11.2476
4.66667
5
3.10476
3.04762
9.15238
5.24762
3.37143
5.74286
3.2
3.48571
11.0762
3.18095
7.64762
4.52381
7.94286
9.15238
5.99048
6.30476
6.48571
14.5429
9.02857
3.2381
8.26667
3.32381
8.70476
5.25714
3.44762
6.02857
13
3.22857
13.7048
6.85714
5.55238
3.27619
5.80952
3.21905
4.71429
8.8381
6.49524
7.8
9.59048
3.15238
5.13333
3.35238
12.0571
10.1429
3.74286
3.11429
3.97143
5.69524
6.47619
11.6571
8.15238
12.219
8.81905
3.1619
6.00952
9.21905
4.2381
10.7238
8.91429
12.0286
6.78095
3.6381
4.92381
5.52381
6.28571
5.19048
7.30476
5.77143
5.14286
8.0381
3.09524
3.32381
9.11429
10.5905
3.21905
9.99048
3.10476
8.25714
3.9619
6.59048
5.57143
5.99048
6.0381
8.75238
6.20952
6.28571
3.18095
9.28571
7.55238
8.94286
8.42857
9.31429
8.99048
7.66667
3
8.20952
5.5619
11.3524
4.12381
3.4
4.92381
7.2381
5.22857
6.34286
5.47619
6.06667
3.5619
4.01905
5.74286
6.87619
8.2
3.28571
9.02857
6.7619
7.08571
9.05714
7.57143
3.69524
3.54286
5.44762
3.2381
5.84762
3.14286
9.21905
6.34286
3.19048
3.35238
3.44762
5.79048
3.18095
6.04762
11.1524
9.58095
6.21905
10.9905
6.34286
6.42857
4.81905
7.37143
7.0381
9.1619
7.11429
7.75238
8.71429
3.22857
6.04762
4.11429
8.37143
8.14286
3.39048
3.27619
8.52381
6.14286
3.72381
3.2
3.15238
6.75238
3.20952
7.21905
3.21905
3.94286
3.28571
5.8381
3.20952
5.11429
10.0095
3.87619
3.67619
8.18095
5.84762
5.14286
7.82857
9.85714
6.48571
6.20952
7.15238
7.54286
3.11429
5.61905
5.28571
4.17143
3.4381
8.28571
6.25714
4.82857
3.45714
9.08571
6.8
11.1238
5.80952
7.50476
8.42857
11.1714
4.97143
6.4381
3.42857
7.22857
9.50476
7.01905
3.22857
3.13333
5.42857
6.4
3.14286
3.71429
12.1238
9
7.34286
5.72381
3.11429
7.48571
3.14286
4.00952
4.58095
11.4762
6.74286
5.1619
3.65714
9.87619
5.48571
5.08571
10.1143
4.81905
7.87619
3.70476
12
3.15238
7.86667
3.44762
6.46667
4.20952
8.04762
3.24762
8.44762
3.64762
9.32381
3.30476
11.0571
5.29524
3.2381
5.37143
8.47619
10.2857
3.73333
3.21905
9.55238
3.26667
5.90476
6.02857
4.92381
3.24762
4.2381
7.54286
5.81905
9.99048
3.57143
5.22857
3.25714
5.91429
5.17143
5.58095
14.4476
9.55238
8.31429
3.20952
4.51429
3.32381
9.59048
3.41905
3.18095
8.58095
3.15238
3.54286
7.01905
7.85714
3.51429
3.10476
3.28571
7.37143
3.51429
3.26667
7.18095
5.35238
7.51429
4.39048
5.67619
3.71429
3.29524
6.20952
4.49524
4.87619
10.819
7.65714
4.24762
5.13333
5.60952
3.40952
10.6286
8.40952
6.73333
5.47619
3.21905
3.40952
3.31429
8.55238
3.21905
22.7619
3.73333
6.05714
8.64762
6.21905
3.2381
8.18095
3.14286
6.20952
3.01905
7.12381
8.95238
6.06667
3.09524
4.61905
3.27619
3.09524
4.97143
6.80952
3.27619
7.37143
3.02857
6.38095
3.47619
4.72381
8.38095
9.69524
6.99048
6.07619
5.99048
3.06667
4.9619
6.85714
3.29524
5.26667
4.89524
7.78095
10.981
5.37143
10.8286
9.06667
3.2
4.97143
5.59048
9.45714
3.26667
8.04762
5.73333
3.97143
10.581
7.25714
3.21905
3.3619
5.57143
3.4381
6.81905
3.06667
3.27619
6.94286
6.35238
6.6
5.80952
8.7619
8.21905
6.81905
13.8286
3.50476
6.68571
5.27619
7.21905
3.35238
7.21905
6.3619
5.45714
4.89524
4.97143
7.44762
9.57143
4.79048
6.26667
4.18095
10.1048
7.57143
5.58095
8.72381
8.47619
5.52381
3.25714
3.59048
9.85714
8.59048
9.00952
5.3619
5.52381
6.29524
5.27619
4.29524
3.27619
3.35238
7.14286
11.8
3.34286
3.41905
3.35238
3.0381
3.17143
9.09524
3.14286
5.82857
9.05714
8.14286
6.65714
5.74286
4.5619
8.57143
7.65714
3.05714
3.18095
5.71429
3.41905
3.05714
9.37143
5.30476
8.24762
3.30476
3.48571
5.85714
3.02857
5.89524
3.41905
8.42857
3.46667
10.4381
6
6.77143
10.0762
6.37143
3.41905
6.4
3.08571
6.90476
10.4857
8.10476
4.98095
3.17143
11.819
9.62857
3.07619
3.28571
3.08571
6.82857
5.58095
4.70476
3.04762
5.15238
8.59048
8.69524
7.67619
5.02857
3.41905
4.84762
5.9619
7.70476
4.37143
7.84762
5.99048
7.50476
8.01905
8.13333
5.72381
8.58095
9.58095
4.9619
4.66667
10.6286
10.0571
6.60952
7.45714
6.50476
6.2381
4.0381
6.27619
7.15238
5
10.6857
9.60952
8.35238
5.27619
6.94286
6.35238
5.81905
5.12381
5.45714
4.80952
5.13333
12.1905
9.40952
4.82857
3.78095
6.35238
8.58095
12.3619
6.46667
6.14286
10.6857
4.65714
5.64762
5.62857
6.40952
7.94286
5.61905
4.6
3.27619
3.29524
3.06667
10.5429
5.92381
3.37143
6.27619
3.09524
5.35238
9.42857
8.44762
7.90476
5.3619
4.61905
5.00952
3.52381
7.51429
5.33333
6.77143
12.5143
5.2
7.04762
4.91429
3.18095
8.2381
3.10476
4.01905
3.06667
6.79048
3.67619
8.4381
3.15238
3.37143
3.82857
3.33333
3.25714
3.42857
3.1619
7.31429
3.61905
9.85714
9.13333
6.4
7.30476
11.1048
7.85714
11.7429
6.95238
11
12.8952
3.70476
6.85714
8.50476
3.93333
5.95238
3.1619
6.87619
8.64762
12.1048
3.4
9
3.32381
9.84762
9.11429
3.33333
8.58095
3.25714
6.18095
4.88571
7.60952
10.7429
5.50476
4.94286
7.46667
3.2381
3.22857
6.09524
7.66667
5.53333
4.99048
3.46667
11.019
4.74286
11.8952
9.40952
3.1619
5.07619
10.7905
6.92381
4.86667
5.15238
5.8381
9.93333
5.84762
3.44762
5.38095
10.3714
7.66667
11.0762
7.92381
6.99048
8.61905
11.1333
5.24762
5.97143
8.29524
3.59048
3.13333
5.13333
3.28571
7.0381
4.39048
5.29524
9.01905
5.99048
3.2381
5.20952
3.18095
9.13333
10.1714
5.49524
3.09524
3.2381
3.4
10.2381
5.04762
13.3143
6.79048
3.1619
3.12381
6.22857
8.2381
7.95238
6.90476
5.81905
3.66667
3.08571
5.08571
4.95238
3.12381
3.08571
3.12381
5.0381
3.38095
3.6
5.59048
8.7619
8.41905
6.27619
5.71429
3.10476
4.54286
3.26667
5.70476
9.93333
9.04762
5.70476
6.11429
3.6
3.18095
5.53333
6.39048
11.6667
11.3429
3.98095
7.12381
9.27619
8.59048
5.89524
5.9619
7.08571
3.7619
7.20952
8.29524
3.10476
7.15238
3.30476
3.27619
6.88571
6.64762
3.61905
3.14286
6.34286
6.77143
3.34286
5.50476
3.71429
6.10476
3.25714
6.14286
12.2476
12.2667
3.80952
9.42857
4.92381
5.62857
5.99048
5.74286
8.27619
9.91429
2.18095
7.18095
5.04762
3.87619
2.30476
2.18095
2.1619
4.8
2.2381
2.08571
4.78095
3.89524
2.00952
4.8381
2.19048
4.26667
2.41905
4.55238
6.82857
2.13333
3.87619
2.78095
2.79048
2.33333
2.37143
5.87619
7.18095
2.25714
10.0762
2.99048
2.39048
2.13333
2.47619
4.87619
2.15238
2.0381
3.8381
2.47619
2.20952
2.3619
4.26667
2.09524
2.06667
4.38095
2.29524
2.14286
4.14286
7.49524
4.00952
4.47619
2.06667
2.26667
6.21905
2.10476
4.66667
2.25714
5.17143
2.35238
2.38095
2.28571
4.77143
2.2381
2.15238
6.49524
2.95238
11.2857
28.7143
3.85714
9.11429
3.57143
4.35238
2.44762
6.01905
9.49524
2.41905
2.05714
2.07619
2.01905
2.12381
3.78095
2.07619
2.2
4.65714
2
2.21905
2.46667
3.93333
2.21905
7.15238
9.53333
9.24762
8.52381
6.04762
2.38095
5.88571
2.08571
3.87619
4.5619
5.4381
12.1619
2.38095
3.54286
2.29524
4.65714
3.49524
2.51429
2.62857
5.21905
2.35238
2.2
3.9619
4.13333
2
2.52381
2.09524
2.18095
2.18095
3.26667
5.97143
3.87619
2.15238
2.2381
5.22857
5.94286
6.40952
2.20952
2.98095
6.3619
5.92381
1.02857
4.22857
1.00952
5.21905
6.10476
1.38095
4.54286
1.74286
1.29524
1.07619
1.15238
4.88571
3.42857
1.35238
3.9619
1
1.38095
1
1.10476
5.3619
2.78095
1.21905
1.10476
3.57143
4.19048
2
5.9619
1.11429
1.01905
1.08571
1.2
1.15238
1.02857
1.47619
6.02857
1.2
1.12381
1.21905
1
4.1619
1.25714
5.28571
7.92381
4.09524
1.15238
1.07619
5.00952
1.06667
1.11429
1
1.19048
5.81905
5.25714
1.07619
1.08571
4.9619
1.10476
1
1.09524
4.92381
3.17143
1.89524
2.7619
1.0381
1.13333
1.08571
1.01905
3.9619
5.13333
1.00952
3.17143
2.91429
1.17143
1.2381
1.42857
1.1619
1.4381
1.04762
1.38095
1.13333
1.08571
3.60952
1.04762
1.09524
1.02857
1
1.06667
1.15238
1.02857
7.95238
1
1.00952
5.62857
7.15238
3.87619
5.51429
1.05714
5.47619
1.35238
1.34286
4.29524
5.40952
1.0381
1
5.79048
1
1.14286
5.68571
1.02857
1.02857
1.0381
1
3.72381
6.79048
1.06667
4.20952
1.09524
1.14286
4.82857
1.10476
5.22857
1.42857
1.1619
1
6.41905
1
3.12381
5.4381
1
1.02857
1.13333
1
3.14286
1.30476
1.27619
1.53333
1.08571
1.22857
4.28571
1.11429
4.33333
1.0381
3.5619
1.29524
1.79048
1.31429
5.19048
3.94286
1.58095
1.02857
5.17143
6.50476
4.33333
1.26667
1.02857
1.00952
1.02857
1.02857
1.00952
1.85714
1.2
1.32381
4.15238
4.70476
1.01905
1.58095
1.12381
3.70476
5.70476
1.07619
1.30476
1
6.08571
4.2381
3.33333
1.05714
4.57143
1.0381
1
1
1
1.08571
1
1.08571
1.00952
4.84762
4.61905
4.52381
1.01905
1.26667
1.2381
1
4.2
5.9619
3.81905
1.11429
5.54286
1.29524
4.8
5.1619
1.17143
1.2381
1.17143
2.5619
1.11429
1.02857
5.84762
4.94286
1.00952
1.02857
1.00952
1.04762
1.26667
1.67619
4.73333
1.04762
3.02857
5.41905
1.05714
1.07619
1
1.00952
4.53333
1.02857
1.32381
1.19048
1.05714
1.33333
1.00952
1.55238
1.06667
4
1.00952
1.2
1.10476
1.74286
2.64762
1.11429
1
1.71429
1.88571
1.09524
4.93333
1.38095
1.55238
1.08571
1.05714
1.24762
1.07619
1
5.80952
1.28571
1.02857
1.31429
1.02857
1.10476
1.0381
1.07619
1.01905
1.06667
1.12381
1.07619
1.00952
1.01905
1.12381
4.1619
1.00952
1.11429
1.08571
4.4
9.00952
1.20952
1.18095
1.14286
5.82857
1.10476
5.24762
6.57143
1.00952
3.9619
1
1
1.02857
1
2.82857
5.00952
1.0381
1.00952
1.0381
4.20952
1.2381
2.49524
1.02857
4.33333
6.45714
3.32381
4.66667
8.70476
3.7619
6.60952
1.11429
1.07619
1.28571
4.47619
1.0381
1.06667
1.01905
1.08571
1
1.06667
4.8381
3.84762
1.08571
1.00952
6.94286
5.25714
1.19048
1.19048
4.38095
1
1.11429
1.01905
3.92381
1.01905
1
6.26667
7.51429
1.22857
6.07619
5.88571
1
4.88571
5.18095
1.04762
6.12381
4.31429
5.45714
1.82857
1.17143
1.17143
1
4.67619
1.07619
1
2.88571
1
1.06667
1.51429
1.17143
1.02857
1.00952
1.82857
4.53333
4.6381
1.05714
5.31429
3.69524
1.07619
1.06667
1.12381
1.02857
1.02857
1.22857
2.13333
1.1619
3.13333
4.17143
5.44762
4.55238
1.13333
1.01905
1.15238
4.8
1.2381
1.02857
1.50476
5.64762
1.00952
1.66667
4.54286
4.77143
5.14286
1.00952
5.17143
1
4.41905
2.3619
1.01905
2.20952
1.75238
4.2
4.50476
1
1.21905
5.2381
1
1.02857
1.31429
4.39048
7.13333
1.1619
1.07619
1.18095
1.1619
1.2381
4.7619
6.20952
4.78095
1.02857
1.00952
1
1.02857
5.00952
2.47619
3.51429
5.28571
1.10476
1.00952
6.25714
1.02857
1.01905
1.20952
1.14286
1.01905
7.39048
5.18095
5.33333
1.2381
5.00952
1.0381
4.20952
3.98095
1
4.07619
7.6381
4.24762
1.04762
1.01905
1.01905
1.00952
1.07619
1.22857
1.01905
3.60952
1.27619
1.00952
4.19048
1.38095
1.06667
1.10476
1.22857
1.10476
4.66667
1.0381
1.01905
1.20952
1.00952
1.0381
5.09524
1.12381
1.04762
4.89524
8.46667
1.01905
1.00952
1.04762
1.02857
1
5.0381
2.52381
6.8381
1.41905
1.0381
4.37143
1.80952
1.15238
5.15238
4.66667
1.06667
5.05714
1.18095
1.17143
1.11429
2.21905
1.01905
1.02857
3.33333
1.04762
1.04762
5.00952
1.0381
1
5.79048
1.0381
3.3619
1.09524
1.13333
1
1.09524
1
3.41905
1.8
3.98095
5.48571
4.4
1
1.13333
6.8381
1.04762
1.01905
6.98095
4.84762
1.01905
1.10476
5.74286
3.93333
1.41905
4.06667
5.3619
1.0381
5.28571
1.17143
1.55238
1.04762
1.02857
1.15238
1.17143
1.07619
1
2.30476
1.00952
1.32381
1.02857
4.66667
3.89524
1.02857
1
1.01905
1.17143
1.41905
1.0381
5.4
1.13333
1.05714
1
1.08571
5.35238
5.25714
7.19048
4.72381
1
1.02857
7.9619
1.04762
3.69524
1.1619
4.73333
3.53333
9.01905
1
3.60952
1.0381
1.11429
1.47619
1.1619
2
4.53333
1.00952
1.19048
1.18095
7.00952
1.10476
1.09524
1.04762
1.02857
5.84762
1.13333
1.49524
1.31429
1.11429
1.1619
4.90476
1.04762
1.15238
1.11429
1.13333
1.01905
1.04762
4.34286
1.13333
5.19048
1.02857
3.17143
1.05714
3.37143
1.08571
4.19048
3.5619
6.07619
1.13333
1.02857
2.0381
6
1
1.06667
1.07619
1.06667
1.22857
1.06667
7.9619
1.0381
1.01905
1.30476
1.10476
3.82857
1.02857
5.20952
1.10476
1.06667
1.12381
1.02857
1.1619
4.65714
1.4
1.20952
1.07619
1.10476
1.04762
8.34286
1.10476
3.95238
7.22857
1.12381
5.67619
1.04762
1.05714
1.72381
3.42857
1.01905
1.13333
1.21905
1.10476
1.06667
8.45714
1
6.00952
1
4.87619
1.06667
1.01905
1.15238
1.21905
1
3.69524
5.10476
1.2
1.21905
1.04762
1.01905
4.48571
6.33333
1.20952
2.14286
4.21905
1.14286
1.02857
1.12381
1.00952
1.02857
1.14286
5.32381
1
6.32381
3.99048
5.51429
1.12381
1.02857
5.15238
1.0381
6.94286
1.01905
1.06667
7.85714
1
2.90476
1.00952
3.77143
7.86667
1.04762
1.00952
4.53333
5.72381
1.01905
1.31429
1.04762
1.08571
5.33333
1.01905
5.59048
3.27619
1.27619
1.0381
1.06667
7.2
1.07619
1.31429
5.88571
1.25714
1.19048
6.53333
1.05714
5.72381
2.45714
1.07619
1.46667
1
4.75238
1.02857
4.68571
3.09524
3.84762
6.12381
3.42857
1.00952
1
1.15238
1.09524
2.40952
1.04762
1.08571
4.65714
1.12381
3.51429
3.49524
1.09524
1.09524
1.24762
1.2
1
3.39048
1.40952
5.33333
3.46667
1.01905
1.19048
6.51429
4.82857
5.44762
1.08571
1.06667
1.38095
1.22857
1
1.02857
3.88571
1.02857
5.62857
1.01905
2.71429
1.30476
1.11429
2.68571
3.81905
1
1
1.17143
1.11429
4.99048
1.2
1.25714
1.00952
1.0381
1.25714
1.00952
1.10476
1
3.97143
1.21905
5.68571
1.15238
4.59048
1.02857
1.4
1.0381
4.19048
1.0381
1.18095
2.1619
1.02857
4.4
1.09524
1
1
3.09524
4.51429
2.67619
1.00952
3.24762
3.29524
1.02857
1.20952
1.57143
6.06667
1.14286
1.15238
1
1.13333
6.52381
1
3.72381
1
1.04762
1.12381
1.00952
6.55238
2.78095
1.02857
1.2
1.00952
1.24762
2.34286
1.05714
1.05714
5.61905
1.14286
1.10476
1.00952
1
3.21905
1.2
1.02857
1
4.66667
1.12381
2.13333
4.84762
1
1.0381
1.29524
1.06667
1.00952
2.94286
3.46667
1.09524
1.08571
1.05714
6.89524
1.04762
6.35238
1.65714
1.27619
4.1619
1.11429
1.02857
1.24762
1.0381
1
1.10476
1.86667
1.07619
3.80952
2.89524
5.78095
3.50476
5.91429
1.24762
1.10476
1
1.18095
3.64762
5.25714
1.2
1.17143
3.14286
1.18095
1.0381
2.60952
1.20952
1.44762
6.98095
1.08571
1.04762
1.08571
1.05714
1.31429
1
6.17143
5.89524
1.51429
1.39048
1.02857
1
2.6381
1.05714
8.47619
7.10476
6.37143
1.13333
1.01905
2.67619
1.20952
5.06667
1.24762
1.0381
1.06667
4.60952
5.11429
1.29524
1.02857
1.48571
1.93333
1.05714
4.52381
1
1.20952
1.02857
1.0381
5.07619
2.50476
6.0381
4.42857
1.74286
1.33333
4.02857
1.22857
8.72381
1.00952
3.85714
1
1.09524
5.07619
1
1.08571
1.04762
1.08571
1.00952
1.05714
4.9619
6.24762
3.35238
1.35238
6.92381
1.13333
1.22857
1.02857
1.35238
5.3619
1.00952
12.2571
1.85714
3.86667
3.39048
4.77143
1.10476
1.05714
3.9619
1.05714
7.93333
1.1619
1.08571
1.02857
1.08571
5.68571
1.01905
1.21905
6.00952
1.35238
1.11429
4.9619
1.00952
1.10476
1.25714
1.0381
4.98095
5.85714
4.32381
1
1.0381
1.08571
1.09524
5.67619
1.68571
4.78095
1.02857
1.41905
4.0381
2.14286
1.14286
1.14286
1.2381
5.60952
4.98095
5.80952
1.08571
1.00952
3.95238
1.38095
2.81905
1.04762
1.02857
1.25714
1.10476
1.00952
4.48571
1.00952
4.47619
1.14286
5.09524
1.9619
1.86667
3.81905
1.00952
1.06667
1
1
3.13333
4.8
3.97143
6.59048
1.12381
1.00952
2.2
1.7619
6.0381
1.12381
5.19048
1.00952
1.17143
1.08571
6.12381
1.26667
1.02857
8.12381
7.13333
4.69524
1.1619
3.78095
1.06667
3.73333
1.2
1.1619
1.01905
1.21905
2.8
1.00952
7.89524
1.09524
3.87619
1.06667
1.09524
4.17143
1.18095
1.14286
5.40952
6.10476
5.64762
1.19048
1.27619
1.26667
1.15238
1.25714
1
1.09524
3.2381
3.75238
1.08571
1.00952
1.22857
1.31429
1.09524
1.18095
2.88571
1
3.3619
3.87619
1.06667
7.41905
1.0381
1.00952
1.0381
1
1.18095
1.15238
1.2
1.07619
1
1.21905
1.98095
1
1.13333
1.06667
1
4.97143
6.34286
1.77143
1.04762
1
1
1
1.04762
1
1.25714
1.18095
1.12381
1.04762
1.13333
1.2
1
5.66667
7.26667
1.11429
4.20952
1.13333
4.90476
3.2
1
1.21905
1
1.13333
1.09524
1.26667
1.10476
1.08571
1.14286
1.14286
1.2
1.01905
1.01905
1.08571
1
4.17143
3.41905
1.05714
1
1.19048
1.00952
3.85714
5.45714
1.07619
1.77143
1.04762
2.60952
3.13333
1.02857
6.53333
1
5.47619
3.82857
4.54286
1.07619
5.31429
1
1.04762
3.24762
1.04762
5.98095
1.13333
7.6381
2.0381
1.13333
7.07619
6.08571
1.33333
5.31429
1.01905
1.2381
1.05714
4.60952
7.88571
1.71429
6
1.60952
3.78095
6.53333
4.8
1.04762
5.17143
1.85714
1.10476
1.05714
1.12381
4.67619
1.15238
6.06667
4.15238
3.70476
3.78095
1.02857
3.93333
5.71429
1
1.14286
5.11429
1.15238
1
1.05714
1.13333
1.44762
5.06667
1.02857
1.17143
3.9619
1.0381
6.18095
5.1619
1
1.00952
4.78095
1
1
1.27619
5.80952
1.05714
1.74286
4.79048
5.65714
1.11429
1
1.00952
1.24762
4.64762
1.2
7.01905
1
1.35238
6.93333
1.13333
1.0381
1
1.58095
5.27619
5.92381
5.49524
1
4.91429
1.04762
1.04762
1.08571
5.17143
1
1.50476
1.00952
7.94286
6.02857
4.47619
1.25714
1.18095
2.32381
1.04762
1
1.1619
1.2381
3.40952
1.09524
1.86667
1.15238
1.2
5.38095
1.01905
1.07619
5.02857
1.6
1.17143
1.00952
1.14286
1.0381
6.3619
1.24762
1.45714
1.10476
1
3.48571
1.01905
1.02857
1.68571
1.41905
1
1
1.1619
1.07619
5.38095
4.47619
4.48571
1.04762
1.19048
3.61905
2.74286
1.06667
1
2.07619
1.08571
4.58095
2.82857
1.14286
2.13333
1.41905
4.28571
4.32381
1.86667
5.78095
6.4
1.9619
5.95238
1
1.50476
11.419
1.97143
4.54286
1.11429
5.11429
1.05714
1.15238
1.00952
5.62857
1.02857
1.05714
1.73333
1.99048
1.10476
1.24762
1.3619
1
5.05714
4.2
2.69524
3.7619
1.07619
5.57143
1.46667
1.13333
1.18095
3.13333
3.57143
5.99048
2.92381
6.49524
1.02857
1
4.42857
3.49524
4.8
1.04762
4.04762
1.14286
1.08571
1.10476
1.10476
1.18095
1.29524
1.01905
1.51429
1.38095
1.02857
1
1.09524
1.02857
1
1
1.01905
1.05714
1.04762
1.08571
1
6.81905
1
1.01905
1.02857
3.73333
1.01905
1.04762
1.0381
4.94286
5.79048
1.07619
1
3.94286
3.65714
2.8
1.41905
1.1619
4.0381
1.27619
1.25714
1
1
7.27619
5.15238
4.14286
1.04762
3.6
1.02857
7.14286
1.04762
6.65714
3.85714
3.38095
4.54286
4.41905
1.9619
1.09524
3.08571
5.94286
6.15238
1
2.8381
1.47619
1.13333
1.04762
1.0381
3.80952
1.02857
2.82857
4.68571
1.06667
1.38095
1.18095
1.85714
1
5.7619
1.0381
1.61905
1.1619
4.02857
3.54286
1
1.38095
3.71429
1.15238
1.11429
4.50476
3.37143
1.18095
1
1.00952
1
4.6381
4.11429
4.20952
3.95238
1
1.27619
4.6381
1.04762
1.04762
4.02857
1
6.28571
5.54286
1.01905
1.11429
1.1619
3.98095
6.66667
1.15238
1
1.08571
4.4
1.13333
4.62857
1.07619
1.09524
1.01905
1
1.10476
1.09524
1.10476
1.25714
1.00952
1
1.2381
1
2.5619
1.01905
4.4381
1.7619
1.13333
1.0381
1.21905
1.02857
1.00952
11.8952
1
1.00952
4.62857
1
6.67619
1.05714
3.67619
2.93333
1.04762
1.09524
1.13333
1
3.19048
1.15238
1.8
4.7619
1.0381
1.04762
1
1.06667
1.06667
1.29524
1.22857
4.33333
5.81905
4.13333
1
1.05714
1.0381
2.4381
7.34286
4.42857
1.0381
3.98095
5.18095
1.31429
1.12381
1
4.53333
1
1.92381
1.04762
1.13333
1.19048
1.08571
6.01905
1.12381
2.37143
2.50476
1.15238
1.08571
2.6
1.07619
1.30476
1.05714
3.7619
1.06667
1.17143
4.78095
1.13333
1.02857
1.14286
6.44762
4.31429
1.05714
1
2.74286
1.02857
1
4.98095
1.18095
1.10476
6.10476
1.13333
8.09524
7.51429
4.26667
1.32381
1.70476
1.19048
1
1.0381
4.29524
1.00952
1.20952
1.02857
3.89524
1.12381
1.29524
1.10476
5.35238
1.02857
1.08571
1.12381
1
1.2
1.29524
6.04762
3.80952
1.07619
1.28571
5.5619
4.72381
1.15238
4.54286
1.09524
1.00952
6.18095
6.31429
1.04762
1.40952
4.7619
2.88571
1
4.50476
3.17143
1.08571
5.95238
1.29524
5.46667
1
6.07619
1.18095
1
4.89524
1.18095
6.84762
5.50476
1.4381
1.17143
1.07619
1
1
1.01905
1.13333
1.10476
3.9619
4.72381
7.51429
5.17143
1.0381
1.07619
2.87619
6.08571
5.35238
1.30476
1.00952
1.21905
1.00952
2.48571
1.00952
1.35238
1.04762
1
1.9619
1
4.29524
1.02857
4.84762
5.49524
1.01905
1.01905
4.02857
5.45714
1.19048
7.99048
1.01905
1.38095
3.17143
4.99048
2.66667
7.10476
1.32381
1.2
1
1
3.09524
4.39048
6.41905
1
3.77143
5.73333
1
1
6.02857
7.2
1
2.4
1.01905
1.68571
3.8381
4.28571
1.02857
1.05714
1
5.51429
1.4
1
4.8381
1.0381
3.47619
1.06667
5.24762
1.10476
1.00952
1.05714
4.12381
6.95238
1.14286
1.02857
1.00952
1
6.29524
1.11429
1.01905
1.35238
5.2381
4.82857
3.60952
1.02857
1
1.11429
4.2381
5.48571
1
1.2381
7.85714
7.62857
2.77143
1.06667
4.02857
1.08571
1.08571
4.8
1.07619
1.02857
2.46667
1.35238
1.02857
1.42857
1.07619
2.61905
4.37143
1.80952
1
1.00952
1.29524
1.81905
5.22857
8.78095
3.89524
1.47619
1.07619
1.09524
5.31429
6.61905
5.9619
3.30476
1.00952
3.50476
1.04762
4.70476
5.79048
5.31429
1.22857
5.4
1.07619
1.08571
1
5.09524
1.04762
1
1.14286
1.02857
1.07619
4.50476
1.4
1.11429
4.06667
6.78095
4.3619
6.00952
1
1.06667
1.02857
1.18095
1.55238
4.25714
1.17143
1.19048
4.09524
1.04762
1.08571
7.48571
2.70476
1.1619
1.00952
4.67619
5.88571
1.99048
3.58095
1.10476
1.05714
1.12381
1.00952
1.19048
1.11429
1.11429
1.01905
1.2381
1.05714
1.11429
2.57143
4.6
1.04762
1.0381
1.02857
4.8
1.06667
1.02857
2.54286
4.2381
1.60952
1.08571
1.04762
6.39048
1.00952
1
4.69524
1
1.13333
1.04762
1.00952
1.41905
1.09524
5.52381
1.01905
1.11429
1.11429
5.60952
6.8
1.29524
1.08571
1.00952
5.00952
5.01905
1.05714
5.6
2.11429
1.27619
1
1.10476
5.92381
4.61905
1.11429
5.08571
1.15238
1.00952
1.17143
1.15238
6.25714
3.40952
1.02857
1.11429
5.25714
1.13333
7.8381
7.10476
1.10476
3.68571
1.39048
1.12381
1.08571
1.21905
1.21905
1.04762
1.0381
6.14286
1
1.00952
1.18095
1.02857
1.14286
6.88571
1.2381
1.17143
4.51429
7.97143
1.07619
3.35238
1
3.22857
1.09524
2.85714
5.50476
1.33333
2.64762
1
6.70476
1
1
1.37143
4.88571
1.07619
3.95238
1.05714
4.40952
4.77143
1.2381
5.14286
1.2
1.33333
5.70476
1.08571
3.66667
4.84762
1.14286
1.07619
4.70476
1.00952
1.2
4.81905
1.34286
1
5.86667
4.10476
1.14286
1.40952
5.93333
5.52381
4.53333
3.51429
1.35238
4.50476
1.05714
4.6381
1.07619
1.24762
10.5429
6.51429
1.3619
1.06667
3.94286
1.00952
1.01905
1.44762
3.40952
1.40952
5.33333
1.02857
5.06667
1
5.35238
1.04762
1.7619
1.29524
3.72381
1.18095
1.04762
1.34286
1.34286
3.71429
1.04762
7.65714
5.54286
1.00952
3.87619
1
1.11429
1.1619
1.1619
1.13333
4.18095
3.5619
5.18095
1.10476
1.1619
1.00952
1.07619
1.5619
1.1619
6.94286
1
4.14286
1.00952
1.18095
4.50476
3.06667
1.00952
1.00952
2.84762
1.08571
1.00952
7.61905
1.27619
1.11429
1
1.72381
1.00952
1.11429
5.09524
1.00952
3.05714
3.50476
1.02857
1.00952
1.05714
3.8
2.18095
7.64762
4.73333
2.74286
1.05714
5.20952
1.80952
5.20952
4.85714
4.88571
1.0381
5.13333
2.42857
5.2
1.32381
4.50476
2.10476
1.18095
1.08571
1.08571
1.05714
1.0381
4.72381
1.04762
1.02857
1.34286
2.64762
1.00952
1
1.17143
1.08571
1.25714
1.00952
1.12381
1.00952
1.05714
1.05714
4.7619
1.37143
1.15238
