10876 34740
17.1048
8.69524
4.04762
9.38095
5.31429
6.71429
10.0571
6.2
10.7619
10.2
12.8286
5.73333
10.2952
7.02857
12.4
8.70476
4.48571
11.9619
5.60952
14.4857
13.5905
8.28571
4.60952
10.5714
4.47619
12.981
12.2857
4.3619
4.45714
4.49524
4.94286
6.14286
7.75238
8.02857
6.34286
5.00952
9.19048
10.9238
12
9.19048
4.2381
10.0381
16.619
10.1905
5.81905
7.44762
10.219
10.4
4.27619
10.5714
5.79048
8.46667
10.6667
5.2
9.77143
12.6857
4.2
9.06667
8.09524
6.88571
12.8667
13.5333
14.4381
8.40952
5.53333
10.9524
7.07619
5.01905
16.181
4.37143
15.1524
8.10476
8.00952
8.11429
12.7143
8
6.0381
7.86667
6.92381
7.92381
8.28571
5.30476
4.94286
10.6381
6.50476
6.91429
14.0381
12.4571
7.17143
7.97143
6.79048
7.27619
4.00952
9.71429
6.26667
6.33333
10.4286
13.6381
6.73333
10
15.0571
12.4952
8.37143
4.51429
7.64762
10.2381
9.7619
4.80952
4.45714
13.581
7.01905
7.31429
11.6571
6.2
7.68571
8.10476
6.12381
9.74286
11.6476
9.04762
17.4
7.48571
5.50476
6.18095
4.14286
16.3143
13.0762
14.6857
14.7429
18.181
7.30476
11.1143
8.86667
5.28571
12.9143
10.6857
12.3143
9.2381
8.3619
5.2381
11.4286
14.9524
9.85714
8.31429
5.04762
13.4667
9.52381
11.1333
10.3429
11.6762
6.53333
13.5905
12.5429
8.57143
7.82857
11.2571
11.0095
8.62857
5.34286
6.11429
7.52381
14.9905
8.68571
8.35238
13.2381
8.90476
7.58095
6.64762
10.0571
7.02857
7.42857
7.88571
7.6
7.01905
4.09524
4.0381
10.3524
9.92381
10.7238
11.4095
13.0095
12.7714
6.17143
15.3905
9.41905
8.64762
7.8381
6.61905
9.14286
17.6476
12.6857
10.8952
9.13333
8.15238
13.6571
7.95238
5.46667
7.38095
5.40952
13.4381
9.41905
6.85714
6.93333
10.3143
4.31429
4.31429
12.2952
5.86667
10.8476
11.3333
7.2381
11.9714
4.78095
9.62857
10.181
7.22857
7.95238
4.2
9.60952
4.61905
7.15238
6.2381
7.80952
15.419
9.30476
5.38095
9.29524
4.00952
5.98095
5.7619
9.40952
7.19048
8.28571
6.8381
6.14286
5.41905
10.0857
6.33333
4.3619
7.33333
4.14286
5.3619
4.19048
7.53333
10.819
11.9714
11.6095
14.8476
10.2952
7.94286
8.42857
7.71429
9.15238
4.01905
7.60952
7.80952
8.32381
8.33333
8.46667
7.47619
9.41905
10.019
12.4286
4.49524
6.87619
4.01905
12.4
13.9714
13.4952
9.1619
13.1238
13.5905
17.5333
8.38095
5.04762
10.4571
11.3714
4.04762
10.5143
13.2667
12.7143
8.34286
4.14286
6.67619
11.8476
10.5238
5.29524
12.4286
11.5333
13.2762
10.7048
11.181
10.1905
12.9143
9.81905
10.8571
7.71429
14.9524
9.53333
5.48571
5.46667
10.9333
10.4095
12.3238
8.2381
8.09524
9.93333
6.62857
4.49524
11.0667
14.181
11.9905
11.219
12.8476
11.0571
5.91429
4.39048
9.73333
16.2381
10.8762
5.12381
4.10476
8.62857
9.65714
8.57143
7.22857
8.37143
9.89524
11.1048
8.99048
4.11429
19.9048
4.79048
4.60952
6.6381
6.9619
4.66667
4.21905
10.419
8.9619
9.49524
5.2381
4.55238
7.69524
4.6
7.99048
15.1714
5.48571
7.40952
6.97143
10.5333
9.93333
10.3905
4.46667
7.53333
7.73333
9.8
5.48571
7.3619
4.08571
4.0381
12.5714
4.44762
8.38095
8.26667
9.64762
8.47619
9.26667
6.30476
8.4381
8.47619
6.68571
5.47619
7.39048
4.73333
4.19048
5.52381
5.84762
9.2381
11.3048
8.11429
5.84762
11.7905
12.2
5.67619
18.9905
13.1238
13.381
10.2095
10.2381
7.62857
10.9524
12.7429
10.5714
14.1714
12.8762
13.5429
10.7714
8.32381
9.68571
4.17143
11.9619
7.30476
14.7619
4.61905
5.88571
12.0095
13.3524
10.5619
11.8095
4
6.48571
10.9905
7.48571
10.181
9.0381
5.93333
9.77143
10.0095
6.0381
16.8095
6.01905
8.59048
4.13333
10.0381
8.27619
7.8381
4.18095
4.14286
6.11429
8.82857
6.93333
8.46667
4.15238
11.0095
8.28571
10.0476
6.61905
9.62857
7.3619
8.14286
7.1619
7.73333
7.09524
9.59048
9.33333
10.7048
8.44762
6.55238
8.4381
10.2476
9.67619
15.2857
6.87619
11.4
10.0381
10.5429
8.40952
13.0952
7.39048
9.87619
8.08571
13.6762
9.6
6.98095
5.62857
6.67619
4.62857
4.3619
7.77143
10.6762
6.51429
4.3619
8.95238
8.2
10.1714
11.8095
11.6381
8.14286
10.4286
6.71429
7.67619
10.0667
4.30476
12.1238
7.07619
12.6381
7.85714
9.6
13.9524
17.5905
7.3619
10.2381
11.5619
9.80952
9.10476
6.42857
8.87619
9.2
5.91429
8.60952
15.3048
12.4381
4.08571
8.84762
8.00952
12.6667
9.49524
13.9333
12.6286
8.62857
4.35238
7.30476
6.46667
10.2476
5.26667
14.8
7.98095
4.54286
8.91429
4.65714
10.5048
11.6857
7.6
5.22857
14.1905
9.90476
7.18095
12.5143
9.93333
9.97143
4.06667
4.62857
4.91429
8.35238
4.53333
7.68571
12.0762
10.9524
4.6
7.82857
6.28571
11.9143
12.3429
9.94286
9.0381
10.5429
8.87619
6.32381
7.75238
9.32381
9.12381
5.87619
5.79048
10.181
5.05714
11.2476
8.55238
4.4381
7.49524
6.65714
10.2571
9.58095
4.77143
5.49524
14.4857
11.1524
11.2381
10.6762
9
19.2667
10.3619
9.41905
10.4476
8.57143
10.3905
8.55238
13.8857
4.13333
14.781
9.49524
7.19048
8.94286
8.94286
4.66667
5.2381
7.24762
17.9238
8.55238
9.6
12.3714
4.2
12.9238
8.15238
5.06667
13.2857
5.46667
7.91429
7.29524
11.6667
9.50476
6.26667
10.6667
9.54286
7.14286
5.00952
9.30476
13.2571
8.05714
9.40952
13.8952
14.0476
4.2381
4.65714
6.67619
4.42857
10.7905
4.3619
11.2667
10.8571
5.58095
4.34286
8.90476
7.39048
10.5905
16.381
6.07619
7.97143
10.0381
7.11429
5.66667
7.71429
6.07619
5.33333
4.48571
9.11429
6.69524
10
10.781
18.6762
6.47619
5.81905
15.1905
7.66667
4.11429
6.78095
4.79048
4.35238
7.74286
7.69524
6.17143
7.87619
10.7905
5.94286
17.9333
8.84762
10.0762
11.419
10.6381
10.5905
6.06667
6.55238
6.55238
11.2762
13.0952
6.88571
6.44762
15.7905
10.1524
10.3429
9.74286
9.69524
4.39048
4.14286
7.92381
10.6381
8.28571
8.49524
9.68571
9.4381
7.80952
11.419
11
8.66667
10.7619
6.93333
10.2
14.2095
10.8286
6.8
7.53333
6.14286
13.9429
8.73333
7.78095
9.13333
11.8476
5.61905
9.74286
6.26667
5.09524
10.6476
15.5048
7.88571
6.38095
6.91429
11.2476
4.5619
7.44762
6.60952
6.91429
12.419
8.85714
8.6
6.95238
4.2
8.35238
11.8952
8.28571
4.01905
11.5048
6.18095
12.1714
12.8667
10.4762
8.90476
9.00952
10.8571
14.5143
5.8
7.97143
15.7905
11.4286
12.3714
4.32381
4.33333
4.1619
7.78095
6.95238
14.7333
4.6
4.26667
9.67619
7.05714
4.45714
10.6095
5.75238
15.4571
8.07619
8.29524
10.6381
12.9143
6.17143
7.22857
4.4381
4.4381
8.33333
12.0571
4.67619
13.619
8.78095
7.74286
8.06667
10.2
6.7619
13.0476
5.58095
12.381
8.04762
11.781
13.3048
4.2
7.55238
17.6952
5.73333
12.4952
12.4095
8.90476
13.1524
7.46667
12.6857
10.8667
9.92381
9.70476
10.0381
7.02857
9.85714
4.53333
10.6381
8.54286
6.54286
13.2857
11
17.0476
11.0952
8.59048
16.9619
10.1333
10.8476
10.419
4.67619
9.3619
14.581
11.7238
8.14286
8.73333
11.3333
4.46667
4.70476
14.2476
13.3714
7.80952
4
9.53333
4.81905
9.44762
11.8095
6.29524
10.2952
9.9619
12.6857
10.419
9.08571
21.6857
4.4381
8.44762
9.17143
10.381
7.00952
7.90476
14.0095
10.9238
7.9619
8.42857
7.27619
13.5238
8.69524
7.22857
6.73333
7.97143
9.67619
9.08571
5.66667
5.28571
4.3619
6.57143
8.89524
7.77143
9.27619
11.9238
7.9619
11.3238
5.07619
7.33333
9.91429
8.39048
4.39048
9.58095
4.68571
4.13333
4.46667
8.79048
6.77143
4.38095
4.32381
11.9429
12.0286
7.53333
8.25714
9.25714
9.66667
8.38095
13.819
7.13333
8.6381
4.5619
7.59048
8.02857
11.3905
4.2
9.05714
5.35238
7.29524
6.24762
10.6857
7.25714
5.49524
6.20952
7.27619
4.39048
7.95238
4.55238
9.65714
14.1524
10.381
8.71429
9.9619
4.34286
7.8
5.62857
7.09524
10.8381
10.1429
4.41905
7.30476
7.6381
7.0381
7.82857
10.7619
7.94286
7.11429
11.219
6.38095
10.9714
7.45714
11.4095
8.3619
14.1429
9.30476
11.5714
5.49524
8.66667
11.6667
7.77143
8.45714
5.93333
5.75238
6.60952
4.8381
4.22857
13
8.79048
7.07619
12.2476
15.2571
11.5905
5.09524
8.08571
10.9048
9.8
7.10476
8.27619
14.6286
13.9429
4.33333
13.6
13.219
12.9429
11.5143
6.32381
4.46667
14.1238
9.42857
10.1143
9.07619
7.8381
4.6381
7.04762
11.419
12.7333
8.99048
10.8667
6.11429
12.4286
11.3143
6.61905
12.181
10.4667
10.6571
5.88571
12.1333
10.019
11.7143
5.79048
6.72381
8.9619
9.80952
9.57143
14.4952
11.3143
14.8095
4.28571
4.6381
4.10476
5.72381
8.31429
10.8
12.419
12.9333
7.08571
13.0571
5.54286
7.51429
11.7905
5.85714
10.8952
9.61905
10.2476
14.3143
6.20952
4.17143
13.2857
5.06667
7.5619
11.0667
9.64762
4.31429
6.35238
5.48571
7.18095
5.39048
5.75238
11.4571
7.05714
11.6762
10.2762
12.9238
9.99048
12.3619
10.4762
11.3714
5.91429
7.01905
10.6286
5.75238
7.47619
12.5238
12.1333
4.22857
10.8381
13.2
8.80952
15.2952
9.89524
10.1333
7.00952
7.20952
16.4095
6.98095
13.7048
18.619
6.52381
6.74286
7.12381
7.82857
11.0952
6.01905
5.00952
4.57143
8.49524
10.219
11.2095
8.50476
8.07619
12.0095
7.87619
13.6095
10.9238
12.8952
10.0476
8.69524
11.4762
8.42857
10.4095
15.7143
10.1905
9.85714
4.78095
12.9429
10.3143
4.89524
10.981
4.25714
4.29524
7.6381
8.64762
6.38095
8.5619
14.981
10.5619
8.61905
5.48571
5.77143
11.2952
10.9238
5.38095
6.13333
6.75238
5.31429
6.87619
10.0762
7.10476
13.619
7.35238
7.29524
4.5619
4.48571
14.1048
6.67619
14.819
4.45714
5.2381
8.4
14.0952
11.6476
11.581
11.4286
10.9048
7.58095
4.94286
10.0952
6.13333
5.44762
7.6381
4.61905
8.84762
4.31429
11.7905
5.92381
7.93333
8.58095
9.55238
11.581
11.6381
7.90476
15.7619
11.619
10.2667
9.65714
4.48571
15.1333
11.0286
10.6571
6.08571
10.219
7.45714
10.2857
4.90476
8.68571
5.74286
7.3619
9.52381
4.26667
9.85714
4.09524
6.67619
11.619
16.8571
10.6952
10.3333
7.84762
5.79048
4.86667
4.00952
8.1619
8.10476
9.5619
10.419
4.25714
6.06667
6.82857
11.7619
15.8095
11.9714
9.31429
8.41905
4.22857
11.4286
10.5905
6.09524
9.92381
11.4857
9.59048
13.8
7.52381
5.74286
11.5714
5.62857
7.09524
10.181
6.57143
11.9524
10.6667
9.8381
8.05714
4.02857
5.95238
4.40952
10.581
6.52381
7.07619
6.94286
4.50476
11.4571
6.73333
9.70476
10.9429
10.0286
4.61905
9.62857
11.6
7.88571
7.8381
4.07619
7.4381
13.2571
8.82857
12.0381
7.58095
4.8
4.94286
8.93333
5.60952
6.37143
7.30476
9.93333
6.28571
6.22857
9.30476
15.3619
4.4
9.4381
12.8095
5.04762
9.4
6.78095
13.9143
8.38095
6.46667
8.86667
10.181
10.181
8.58095
4.11429
4.3619
5.7619
8.92381
4.12381
6.21905
4.0381
12.0571
8.38095
8.77143
11.5905
9.07619
7.7619
5.84762
4.21905
10.0952
6.08571
13.3905
6.98095
13.0286
6.82857
9.33333
8.32381
4.10476
9.82857
4.97143
4.31429
7.02857
8.04762
13.9619
14.619
8.84762
10.2
9.2381
8.1619
7.58095
7.40952
10.1333
9.02857
12.0286
6.8
13.0571
7.91429
7.04762
6.12381
10.2381
5.7619
6.05714
8.29524
14.0667
7.44762
10.4476
9.14286
4.12381
6.45714
5.87619
6.54286
8.2381
10.3905
5.51429
11.8
9.9619
8.75238
4.1619
6.9619
4.75238
6.58095
7.41905
6.40952
9.7619
6.09524
9.99048
5.80952
14.7048
8.05714
18.6
5.7619
13.3524
8.74286
8.27619
7.53333
11.1048
10.7238
10.8381
9.69524
6.18095
10.1333
13.1524
9.64762
17.0952
7.7619
11.1524
16.0667
7.13333
7.10476
5.95238
6.17143
8.09524
6.68571
9.3619
6.66667
7.33333
6.61905
12.4857
5.09524
5.12381
9.27619
10.1143
8.62857
7.40952
6.89524
5.49524
12.5238
10.0476
7.21905
8.69524
7.29524
7.99048
10.5524
4.54286
9.65714
4.80952
5.0381
8.2381
9.33333
11.4
7.74286
8.39048
4.41905
7.27619
8.45714
10.9333
10.0857
5.26667
8.12381
11.6571
4.60952
6.28571
8.28571
5.71429
8.53333
14.2
4.07619
4.47619
9.26667
7.69524
5.41905
11.0476
8.21905
5.40952
10.9905
4.17143
6.7619
11.1429
9.68571
4.2381
7.4381
5.09524
7.6
11.5714
6.90476
7.79048
5.55238
5.73333
4.32381
13.1619
9.92381
4.19048
10.5905
7.11429
5.51429
9.47619
8.07619
7.04762
11.1905
11.8762
7.13333
11.5429
4.60952
8.34286
7.07619
16.2857
8.90476
11.6762
11.6476
12.9429
4.32381
10.3619
9.49524
8.49524
9.55238
7.35238
7.31429
7.99048
6.71429
7.49524
6.19048
11.2095
5.48571
8.44762
5.04762
6.60952
7.1619
6.87619
10.8381
9.25714
16.6857
5.81905
4.39048
15.2667
10.1048
7.09524
13.9905
6.27619
9.5619
19.5905
19.1333
6.12381
7.67619
8.40952
10.8857
9.17143
8.25714
9.71429
4.1619
5.58095
8.32381
5.54286
8.0381
10.2
12.781
12.2
5.19048
4.15238
8.94286
9.78095
10.3143
11.181
11.6
11.6381
4.9619
11.9619
8.17143
13.819
12.9429
10.2
9.31429
9.7619
7.46667
8.87619
11.0476
6.6381
11.019
9.49524
8
12.7905
17.1714
10.8857
4.00952
6.97143
7.79048
9.10476
10.1238
12.8762
11.7429
4.54286
9.7619
6.10476
12.2381
10.2
13.2857
8.19048
7.54286
5.42857
4.00952
7.57143
11.8286
4.51429
9.31429
10.4476
16.1143
8.81905
10.4857
7.90476
13.2857
5.89524
6.95238
5.27619
13.4381
16.8762
6.47619
6.82857
6.02857
11.9333
8.48571
8.75238
7.67619
4.87619
5.89524
8.05714
4.45714
5.70476
6.8381
7.58095
11
11.6095
11.419
8.62857
4.09524
6.3619
6.90476
9.13333
8.01905
16.3429
6.54286
4.08571
10.5333
7.6381
8.77143
8.68571
9.80952
8.00952
6.5619
11.7238
9.30476
14.3143
4.5619
10.4476
8.10476
4.45714
13.2381
11.7238
16.4667
7.68571
8.51429
9.41905
11.6381
8.27619
11.0476
4.7619
11.1429
6.20952
14.2476
9.02857
10.6667
12.7524
11.3905
14.1238
8.68571
6.69524
7.82857
12.1238
7.58095
10.3333
7.08571
4.20952
5.71429
7.2
10.4
14.0762
8.60952
9.07619
12.0476
8.2381
10.8857
4.35238
6.95238
8.02857
6.28571
5.97143
4.37143
4.26667
4.46667
4.27619
5.39048
6.14286
4.13333
7.18095
6.87619
15.8667
6.93333
13.0476
4.08571
9.19048
7.73333
8.30476
9.41905
14.6095
4.95238
5.14286
4.07619
9.0381
8.10476
7.14286
4.26667
11.9714
13.9905
7.82857
9.78095
12.0952
7.08571
7.89524
15.0667
7.55238
4.38095
4.77143
10.0857
10.5714
11.8667
11.9619
7.64762
11.5429
9.5619
10.7619
5.0381
4.22857
7.7619
8.07619
6.69524
5.99048
4.10476
10.4952
11.1524
6.3619
6.97143
9.25714
8.33333
7.28571
6.71429
4.32381
7.84762
9.2381
4.86667
9.01905
10.4476
11.1333
9.00952
4.52381
5.10476
5.01905
15.8095
10.581
4.8
4.37143
8.79048
5.2
8.09524
6.25714
9.84762
11.0762
11.0095
9.95238
8.31429
4.29524
11.381
4.75238
7.6
14.7238
7.07619
10.181
10.6952
11.619
4.24762
5.75238
6.33333
11.819
6.10476
5.4381
6.79048
4.18095
4.53333
4.11429
18.7714
9.2381
9.12381
5.13333
7.9619
9.4381
4.99048
7.18095
6.31429
8.35238
5.91429
4.45714
7.00952
6.2
12.6
9.09524
8.74286
14.3429
5
10.8286
14.0667
8.49524
9.01905
10.819
5.1619
8.77143
13.9143
11.4571
4.31429
5.26667
8.85714
10.9238
4.22857
4.66667
7.37143
14.3905
4.48571
10.219
13.2095
4.72381
5.53333
12.5905
8.41905
7.62857
5.62857
10.0762
5.80952
5.71429
8.72381
4.8
7.61905
14.3238
7.84762
9.58095
4.69524
10.6095
7.65714
7.05714
7.59048
4.25714
8.21905
6.33333
5.00952
10.4
13.0667
6.09524
8.71429
12.4476
7.51429
8.69524
4.53333
4.38095
4.65714
7.02857
8.27619
5.67619
6.05714
8.74286
6.48571
4.05714
10.8667
5.69524
5.7619
7.52381
5.40952
8.86667
5.17143
8.00952
4.40952
8.49524
5.99048
7.65714
24.4
9.07619
9.48571
10.1714
6.68571
10.019
8.4
12.8095
9.77143
9.77143
9.34286
12.8476
11.9905
10.0952
8.3619
7.10476
6.13333
6.15238
4.88571
8.05714
16.0762
8.22857
11.0571
10.2
5.75238
10.5619
4.73333
11.019
4.21905
6.54286
9.82857
8.6
4.29524
7.19048
8.49524
4.71429
8.94286
8.84762
12.6476
11.7905
5.91429
8.27619
5.49524
7.58095
12.7143
16.1143
7.65714
10.7238
5.40952
6.30476
13.7048
5.48571
6.86667
9.09524
8.3619
4.26667
10.6286
6.29524
7.57143
8.52381
5.08571
9.50476
8.00952
9.67619
13.6476
12.7048
9.53333
8.79048
10.2286
6.7619
6.81905
11.4952
6.88571
6.13333
6.12381
10.7048
8.5619
4.40952
9.60952
7.94286
12.1714
7.59048
5.4381
13.6
8.25714
13.1048
12.6476
7.67619
10.4571
7.44762
7.91429
4.79048
8.89524
8.44762
11.3048
9.06667
5.08571
7.77143
7.4
13.8381
5.34286
9.64762
4.8381
4.15238
5.47619
8.92381
12.2571
4.27619
8.88571
5.93333
9.62857
6.02857
8.88571
8.26667
9.24762
6.31429
5.73333
9.32381
10.7714
13.819
11.0857
5.94286
7.72381
4.51429
4.19048
4.6381
9.79048
6.04762
4.46667
10.3429
9.93333
8.40952
8.68571
6.07619
6.79048
7.88571
4.54286
7.81905
4.2381
7.59048
15.1714
9.44762
13.8857
10.581
6.68571
7.14286
6.48571
4.18095
4.13333
7.46667
4
10.2476
11.0667
11.6667
6.09524
8.95238
4.35238
6.1619
7.31429
9.9619
9.42857
8.24762
11.5429
6.41905
10.7429
7.1619
9.4
9.34286
11.2095
5.86667
10.3619
5.52381
4.28571
11.8952
7.81905
8.40952
10.3905
6.29524
6.65714
8.30476
10.981
11.6571
4.84762
11.1238
17.3905
7.72381
7.98095
16.1905
8.19048
8.27619
6.94286
8.45714
7.26667
11.5143
5.55238
10.8952
9.49524
10.9143
4.19048
6.06667
5.46667
9.04762
5.48571
7.33333
4.18095
11.3714
6.00952
14.5333
6.08571
8.40952
8.71429
4.24762
5.71429
7.67619
5.61905
6.15238
9.8381
5.6381
4.67619
8.05714
7.1619
7.29524
8.07619
7.10476
6.45714
10.8762
7.47619
6.62857
11.8
4.28571
9.60952
6.72381
8.3619
6.98095
13.1333
9.17143
8.71429
7.12381
4.40952
9.29524
9.30476
6.35238
7.14286
7.0381
6.75238
8.82857
13.0762
9.1619
5.40952
11.8
15.7429
6.3619
4.49524
11.8857
4.10476
10.0667
14.1238
9.70476
13.1524
11.5238
7.94286
7.07619
7.51429
4.97143
10.9905
9.38095
9.30476
6.22857
10.3619
7.15238
9.72381
5.39048
9.20952
10.5429
4.10476
10.5429
8.8
6.55238
11.1619
5.51429
7.57143
9.86667
6.44762
6.01905
10.9429
5.65714
5.05714
8.17143
4.46667
13.9429
7.72381
11.8857
10.8762
5.34286
7.27619
7.52381
4.34286
12.7524
5.92381
13.0286
9.2
12.8857
4.67619
8.69524
7.37143
7.6
6.6
10.4762
12.981
9.54286
4.4
9.42857
6.32381
13.4
13.5143
7.15238
13.9238
8.45714
6.91429
8.94286
9.7619
5.77143
9.27619
6.21905
7.72381
5.86667
9.62857
6.40952
4.06667
11.781
16.2571
10.3333
6.25714
6.6
11.8571
9.22857
13.5143
12.4952
7.6381
8.39048
9.8381
10.7524
10.1238
9.35238
4.2
4.94286
4.28571
14.8095
4.61905
10.2286
9.35238
5.54286
8.64762
8.92381
9.20952
11.1333
7.6381
4.3619
12.5238
4.29524
4.53333
8.81905
11.4381
7.2381
7.2
14.6095
12.7524
13.1619
8.37143
11.5524
9.11429
11.7048
14.4286
4.84762
11.8381
10.2476
5.31429
4.12381
6.25714
5.71429
6.89524
5.94286
5.59048
4.97143
13.1429
8.51429
8.88571
10.8286
9.67619
8.21905
4.39048
10.6476
12.7143
7.39048
5.8
10.6762
9.24762
8.5619
8.05714
12.8571
7.66667
9.1619
7.9619
4.31429
4.46667
10.9238
9.28571
11.0667
7.00952
4.34286
4.34286
16.6667
8.57143
6.44762
8.68571
13.6762
7.77143
6.34286
8.46667
4.65714
4.14286
12.7429
4.00952
5.06667
4.53333
8.05714
4.58095
7.99048
4.8381
9.18095
9.66667
6.24762
4.27619
10.781
12.6095
8.34286
4.95238
8.1619
9.4
7.58095
10.2286
9.92381
6.55238
4.51429
9.08571
10.1429
7.6381
7.86667
8.71429
4.47619
6.3619
4.37143
5.82857
4.75238
8.69524
7.72381
5.07619
8.2381
12.0667
10.4286
4.42857
14.9143
10.0095
7.30476
11.5143
9.09524
11.0952
7.82857
4.28571
9.35238
9.55238
9.05714
13.9048
4.8
12.1429
13.2286
4.64762
5.93333
11.8667
12.7619
4.02857
6.51429
9.64762
10.8476
6.26667
11.1333
10.1429
13.6095
13.7333
11.381
7.4381
14.1714
7.73333
6.57143
4.79048
6.89524
11.8857
5.54286
5.98095
13.0667
8.19048
10.619
6.8381
4.34286
14.8762
7.19048
12.7714
16.2
7.38095
5.48571
4.13333
10.4286
9.42857
6.82857
12.7905
4.5619
9.58095
10.7714
7.91429
11.619
13.4286
10.6
8.60952
8.68571
7.67619
11.6571
6.98095
14.981
7.05714
6.49524
6.80952
7.28571
9.73333
4.7619
7.44762
8.17143
5.79048
4.25714
15.3714
4.44762
4.51429
6.08571
7.91429
8.58095
15.3429
10.2381
8.47619
10.4571
8.60952
5.54286
4.4381
10.5429
6.34286
5.3619
12.4667
4.68571
6.65714
12.3238
9.90476
7.8381
8.53333
7.98095
6.99048
4.3619
7.19048
5.55238
4.6
11.2476
9.45714
6.41905
6.91429
15.419
13.819
11.1429
8.93333
4.49524
7.67619
8.2
7.49524
10.419
8.19048
12.4
12.2667
6.73333
5.42857
12.5333
12.5619
5.34286
6.64762
8.33333
6.80952
9.14286
6.62857
8.41905
8.57143
10.419
11.4762
6.81905
13.2952
4.70476
5.28571
9.37143
4.01905
9.86667
4.05714
13.8571
8.13333
8.1619
9.48571
5.91429
11.8286
7.5619
4.73333
6.65714
7.82857
6.0381
8.65714
10.8857
6.9619
7.85714
6.72381
6.53333
4.86667
4.91429
9.7619
6.67619
4.44762
5.33333
9.88571
9.00952
4.94286
16.6571
9.48571
7.18095
11.1143
4.10476
7.53333
4.60952
12.2286
12.1714
12.4
13.5714
11.5238
5.93333
5.64762
10.4952
11.9333
7.74286
10.4571
10.8762
8.32381
6.82857
11.4476
9.87619
6.67619
12.4381
8.02857
5.45714
12.781
9.44762
6.47619
12.6095
5.4
6.0381
10.6381
7.69524
8.78095
4.30476
12.1619
6.25714
10.6762
14.6381
12.1905
10.1905
5.13333
8.22857
5.39048
7.0381
4.37143
17.2476
7.70476
4.17143
6.66667
6.58095
5.5619
7.65714
5.66667
6.4
7.46667
10.0095
4.94286
4.41905
7.20952
4.68571
7.95238
5.64762
11.2857
6.99048
9.52381
9.32381
5.80952
8.64762
13.219
5.2
7.71429
8
8.70476
7.1619
13.9905
9.2381
4.52381
14.9143
8.39048
4.59048
5.14286
7.78095
10.1333
7.31429
7.47619
4.81905
14.4286
5.90476
4.78095
6.51429
12.9048
13.2952
7.25714
9.26667
8.61905
13.419
8.7619
8.72381
4.19048
10.4286
8.07619
13.0667
6.53333
5.4
9.73333
7.81905
17.4
5.62857
6.04762
15.9714
6.30476
18.4952
6.9619
8.7619
9.82857
6.86667
6.02857
11.1619
8.81905
5.99048
13.419
4.12381
6.28571
11.1048
6.26667
4.78095
11.2857
8.84762
8.80952
8.6
8.05714
14.5429
10.2095
6.06667
6.93333
4.49524
4.80952
4.27619
9.26667
14.9048
7.3619
8.48571
10.0857
7.52381
5.91429
11.7333
6.0381
8.91429
10.6381
4.06667
10.1333
5.32381
7.42857
4.48571
8.28571
11.4762
11.9238
9.8
4.10476
4.44762
8.2
7.6
12.7238
10.0952
9.66667
15.4381
8.22857
5.28571
10.1905
7.86667
10.5524
10.4
11.0476
6.97143
7.1619
9.38095
4.95238
13.3524
10.9429
12.4571
8.25714
13.2381
7.65714
13.6095
13.5714
9.29524
9.08571
6.51429
4.89524
28.4476
7.2381
5.89524
11.6762
6.98095
7.69524
10.1524
14.019
5.67619
12.0095
8.73333
4.4381
4.70476
11.1048
4.59048
4.31429
10.0667
10.5524
4.13333
7
11.3714
8.87619
14.981
11.7905
9.26667
4.09524
8.68571
5.69524
10.619
6.22857
13.0952
7.88571
4.21905
6.3619
5.81905
5.97143
4.00952
4.48571
5.02857
6.39048
11.6095
10.9333
5.07619
10.3905
8.86667
6.57143
6.49524
9.2381
4.34286
8.11429
4.27619
11.3238
10.9048
13.2571
7.31429
7.1619
11.8381
10.4381
12.3048
6.07619
8.86667
10
8.33333
4.78095
5.00952
6.18095
7.12381
10.3238
11.2
12.4952
9.39048
7.69524
8.78095
4.6381
9.6
9.67619
7.48571
8.33333
11.9714
6.9619
9.67619
5.60952
4.35238
8.90476
10.5333
12.0286
4.38095
8.41905
10.7619
10.0095
7.60952
16.0857
9.51429
4.10476
7.86667
18.0952
14.5143
6.82857
11.1238
9.89524
7.42857
7.89524
8.55238
8.30476
12.6095
8.8
9.1619
8.15238
8.30476
12.3619
4.39048
6.54286
5.73333
8.93333
7.65714
8.14286
9.48571
6.7619
6.31429
9.31429
7.62857
6.69524
4.29524
5.86667
6.13333
7.4
9.27619
4.42857
9.90476
8.54286
8.69524
7.75238
10.2095
9.06667
4.80952
7.69524
7.6381
4.33333
8.19048
11.9524
9.40952
7.12381
6.25714
5.12381
7.67619
7.07619
6.92381
10.2762
9.74286
7.38095
9.88571
9.86667
7.70476
8.00952
7.35238
4.75238
9.35238
5.10476
14.9238
7.27619
7.13333
5.01905
4.30476
9.72381
4.28571
11.9619
10.7619
7.71429
8.09524
4.72381
10.4286
5.26667
7.84762
5.72381
9.74286
5.92381
4.09524
10.2
11.2381
9.21905
7.94286
6.04762
4.48571
4.72381
6.79048
6.44762
7.95238
7.92381
5.75238
10.9143
9.31429
10.8667
12.219
10.9333
10.2762
9.3619
7.94286
16.4095
6.14286
9.99048
11.0571
8.21905
7.20952
7.42857
4.8381
4.41905
9.28571
5.07619
8.5619
5.33333
5.78095
11.0095
8.53333
12.0762
8.61905
4.42857
6.90476
9.15238
5.53333
5.04762
7.12381
8.4
7.98095
7.61905
4.44762
7.81905
8.0381
4.4
6.02857
7.42857
8.57143
13.9429
7.31429
13.4571
10.5619
7.24762
4.31429
6.48571
5.91429
4.05714
9.42857
5.00952
7.51429
13.219
9.55238
10.9048
8.75238
5.51429
14.6
4.07619
11.581
11
8.24762
6.93333
9.68571
11.0381
9.51429
4.37143
5.10476
9.38095
4.82857
10.8095
4.13333
8.22857
9.91429
10.619
13.3524
14.9524
12.5905
4.59048
6.4381
7.50476
11.581
4.42857
4.8
11.4571
11.2476
4.70476
5.34286
4.17143
5.66667
12.3143
13.0857
4.94286
9.35238
4.19048
10.8857
9.59048
4.41905
4.09524
7.48571
8.29524
7.75238
15.9429
10.619
4.46667
12.9333
14.7714
4.22857
9.06667
6.05714
6.99048
8.52381
4.99048
16.4667
6.6381
12.3143
10.3143
4.37143
4.19048
19.6476
8.74286
6.59048
13.4
8.85714
4.08571
8.97143
7.30476
4.25714
10.5143
5.01905
7.4381
6.75238
9.37143
6.32381
5.2
8.98095
9.64762
9.40952
11.819
12.8667
8.21905
8.17143
17.981
7.9619
9.67619
8.27619
6.2381
4.18095
4.4
5.9619
8.86667
4.30476
11.1333
9.91429
7.65714
6.32381
4.29524
5.10476
7.5619
10.2667
10.6667
4.48571
5.72381
11.0857
10.9714
8.31429
8.49524
8.54286
15.7714
5.77143
7.27619
8.11429
12.2857
12.3714
10.1143
6.90476
8.80952
6.98095
8.70476
4.4381
4.31429
9.6
7.75238
10.8952
7.80952
12.2095
9.15238
5.95238
6.48571
8.66667
4.50476
8.25714
13.7333
10.2286
8.49524
8.48571
10.7619
9.7619
10.4571
6.40952
4.06667
10.6381
5.18095
6.3619
9.01905
10.4095
8.28571
5.85714
6.73333
8.94286
13.4762
9.10476
10.2095
6.35238
4.41905
10.3524
5.86667
7.32381
4.25714
14.1524
4.33333
12.6095
13.2762
5.93333
4.67619
4.57143
12.4571
7.75238
12.2667
4.13333
7.21905
4.45714
9.32381
10.7048
8.19048
4.3619
9.77143
7.28571
11.4381
10.1714
9.71429
9.91429
7.66667
5.93333
9.12381
13.4762
4.17143
13.3143
12.4571
5.21905
15.8952
9.02857
6.27619
4.79048
10.3143
6.39048
8.6
4.05714
10.381
5.8
6.40952
4.5619
11.9143
13.6476
15.7429
6.02857
4.14286
12.419
16.5238
7.09524
9.4381
8.1619
12.3524
8.38095
6.58095
6.80952
10.0762
4.80952
4.3619
9.28571
9.6381
12.3619
11.9048
14.9524
4.09524
6.2381
12.7048
4.41905
11.0857
5.98095
9.3619
5.97143
13.0476
8.81905
10.5143
4.24762
7.44762
10.781
6.52381
6.7619
9.11429
11.8476
6.51429
8.3619
12.8286
16.8571
5.99048
9.48571
7.12381
4.68571
8.46667
8.02857
12.6476
5.13333
6.1619
8.41905
9.60952
7.82857
5.58095
4.46667
7.32381
7.88571
7.19048
5.53333
7.5619
6.84762
9.82857
5.88571
7.73333
6.7619
8.07619
9.11429
9.75238
10.0286
4.57143
14.7238
5.0381
8.13333
5.64762
7.13333
6.4381
6.65714
10.5429
7.39048
6.92381
12.6095
7.09524
4.01905
9.91429
5.87619
4.39048
4.41905
7.74286
6.67619
7.52381
4.28571
11.3905
6.71429
7.24762
4.49524
9.44762
7.21905
9.30476
8.80952
5.87619
9.97143
5.94286
4.2
6.55238
8.20952
7.61905
9.70476
4.19048
4.22857
4.12381
9.47619
6.35238
7.60952
9.84762
7.66667
7.47619
7.86667
7.35238
7.55238
12.381
8.8
4.52381
4.45714
5.67619
4.44762
8.10476
7.48571
6.95238
9.85714
11.8286
8.75238
8
12.9905
5.8381
10.6381
8.06667
9.3619
5.44762
9.02857
4.65714
11.0857
5.10476
6.13333
7.44762
9.2
4.47619
4.61905
8.69524
7.51429
8.5619
5.31429
13.7333
14.619
11.2095
4.40952
6.05714
11.6952
5.35238
5.80952
6.6
10.3905
12.0667
5.04762
4.40952
6.44762
6.6381
8.34286
15.8476
7.33333
6.27619
10.0571
8.61905
12.2
6.51429
6.32381
7.29524
6.2381
5.52381
5.37143
7.99048
4.32381
5.85714
7.48571
9.28571
8.68571
13.4952
7.86667
12.0762
9.74286
8.37143
9.20952
5.18095
4.86667
9.21905
10.9524
4.53333
10.1524
11.4571
8.73333
7.4
4.39048
7.9619
7.7619
8.57143
10.6476
4.27619
7.89524
12.9429
5.20952
5.69524
4.37143
9.20952
8.08571
6.62857
9.37143
8.15238
7.61905
4.45714
10.4952
15.2667
7.67619
10.3238
10.019
4.55238
50.0952
5.29524
9.09524
8.0381
9.40952
12.1524
5.68571
5.64762
6.5619
4.92381
9.35238
4.25714
12.9524
5.71429
12.5333
15.0952
4.32381
11.3333
4.90476
8.91429
6.81905
5.90476
7.49524
9.0381
11.581
4.64762
9.33333
14.8286
11.0286
13.1143
10.5238
18.7714
12.4952
11.3143
8.08571
7.86667
12.5905
9.42857
8.8381
7.5619
12.0381
13.2095
7.77143
10.6571
4.06667
8.99048
9.8
10.8286
4.1619
7.79048
6.35238
9.32381
7.87619
4.89524
13.0286
7.26667
8.9619
11.2762
11.981
7.60952
6.37143
7.14286
5.62857
4.08571
8.58095
11.2952
4.25714
6.73333
11.5524
9.17143
6.84762
4.09524
5.58095
4.19048
7.39048
10.3619
9.87619
8.53333
5.53333
12.1048
9.41905
8.2
4.17143
4.2
4.7619
9.01905
12.1524
7.8381
11.4095
13.3905
7.25714
6.35238
6.29524
7.10476
11.2857
14.0857
8.11429
7.4
4.72381
10.4667
5.90476
5.42857
11.8762
8.95238
6.54286
4.65714
8.68571
9.85714
5.98095
7.75238
7.82857
7.10476
4.31429
8.51429
7.8
5.3619
7.18095
6.78095
9.72381
4.08571
9.8381
5.10476
9.8
8.30476
9.2
10.8
10.4381
9.46667
6.80952
11.2857
11.8286
5.44762
8.97143
4
12.6667
11.9619
6.62857
9.26667
11.1619
9.3619
6.72381
10.7048
12.8857
5.8381
7.66667
10.8762
8.07619
7.27619
4.02857
5.98095
4.28571
12.9905
4.22857
7.8
11.1048
5.57143
6.00952
9.58095
4.10476
10.2857
10.5238
4.89524
9.86667
6.70476
6.02857
5.10476
9.58095
6.53333
8.44762
8.0381
9.57143
8.51429
10.3524
14.9143
8.9619
4.7619
4.21905
10.8476
9.48571
6.61905
4.1619
6.46667
6.84762
9.88571
8.17143
8.6
12.6571
4.39048
11.8952
5.12381
5.45714
7.33333
4.99048
6.06667
4.65714
14.2286
5.88571
4.57143
8.9619
7.35238
9.58095
5.44762
10.381
9.02857
6.53333
6.99048
9.52381
6.82857
9.97143
4.35238
10.181
4.5619
14.0857
5.09524
11.6857
7.62857
14.9619
6.65714
12
10.7524
6.22857
8.53333
5.50476
7.9619
13.2286
5.09524
4.97143
5.6381
8.2
11.5524
8.8381
7.47619
8.75238
4.61905
8.70476
10.5619
6.44762
11.9238
6.48571
9.2381
7.40952
7.39048
7.22857
12.0762
5.62857
9.13333
4.50476
4.64762
6.02857
4.50476
14.6476
5.1619
7.74286
11.4762
4.54286
7.57143
5.29524
4.2
4.19048
9.12381
5.54286
8.33333
4.41905
11.6952
5.67619
12.6
12.5619
10.4476
9.78095
7.22857
8.10476
9.32381
11.1048
11.8762
4.53333
10.2
5.19048
12.2667
12.0857
7.64762
6.64762
5.2
12.4762
14.6762
8.39048
6.44762
8.73333
11.2
6.44762
8.27619
12.5333
7.74286
8.41905
9.35238
5.26667
10.2
7.64762
7.68571
9.77143
8.38095
10.4952
8.65714
10.4381
10.9048
6.32381
7.13333
4.20952
7.15238
4.11429
8.71429
15.8667
7.21905
4.11429
6.47619
11.4857
7.34286
10.3238
8.1619
8.68571
4.17143
11.8571
13.6286
13.7333
13.8762
10
7.68571
9.00952
8.75238
10.6095
6.31429
10.6857
7.8
9.79048
15.6381
7.89524
6.74286
4.32381
9.72381
7.64762
4.24762
7.18095
8.41905
13.5238
7.27619
6.92381
8.37143
16.5619
4.18095
8.79048
7.69524
5.75238
8.12381
10.2571
11.5619
15.9905
11.0476
7.14286
7.88571
5.81905
9.84762
8.14286
4.53333
6.3619
7.19048
9.15238
4.18095
10.6381
10.4762
8.19048
13.4571
9.8381
4.12381
9.64762
8.10476
9.19048
8.93333
8.4381
10.8286
8.84762
5.89524
9.57143
7.61905
5.89524
14.9905
5.9619
15.8952
5.45714
10.5524
8
5.97143
6.3619
6.49524
5.30476
8.4381
4.4
5.46667
4.11429
9.14286
5.55238
10.2095
8.64762
7.70476
6.42857
4.99048
6.00952
18.3238
7.40952
5
5.90476
10.2857
5.22857
12.4286
6.47619
4.45714
6.75238
12.4476
6.66667
10.0857
16.1143
9.78095
13.7429
8.65714
6.50476
10.3714
7.7619
7.60952
11.5333
12.219
7.02857
10.0667
5.04762
11.8381
14.0286
10.4857
7.15238
4.93333
7.67619
5.9619
5.75238
8.30476
4.68571
8.41905
14.3048
7.8
7.2
11.2667
5.21905
4.15238
10.8
12.4762
6.99048
7.46667
11.6
5.04762
9.79048
4.84762
7.64762
11
9.94286
9.82857
4.04762
7.06667
4.84762
4.01905
4.44762
11.9714
7.06667
6.89524
4.2381
8.93333
4.09524
8.2381
7.90476
4.18095
8.29524
11.1238
6.46667
8.33333
4.25714
5.69524
7.4381
4.4
9.08571
7.48571
9.81905
6.22857
8.7619
8.7619
8.29524
9.9619
11.3238
19.9333
10.8571
9.1619
10.8095
11.1905
10.0286
9.3619
8.67619
18.0571
7.55238
5.9619
7.9619
7.25714
9.87619
6.30476
7.35238
5.06667
9.31429
9.41905
4.0381
6.52381
9.28571
9.47619
13.2857
8.62857
12.9333
8.06667
13.8571
4.35238
7.4381
4.35238
8.28571
9.51429
12.8667
10.6476
14
8.67619
10.5238
5.39048
4.34286
5.60952
8.32381
7.18095
8.65714
8.4381
12.2571
8.79048
8.86667
14.019
7.60952
14.4095
9.13333
12.2952
11.7905
7.74286
8.6
9.19048
13.5143
7.25714
9.6
4.82857
8.51429
4.74286
10.381
15.1048
6.78095
7.6
7.26667
4.5619
8.29524
6.33333
5.32381
5.54286
6.14286
14.181
7.50476
8.31429
7.4381
7.09524
11.7429
4.6
4.18095
9
5.71429
6.22857
9.54286
11.0857
15.1524
9.26667
8.19048
9.59048
7.2
4.00952
4.57143
13.5714
8.94286
7.15238
4.27619
5.26667
9.34286
11.7714
5.46667
6.80952
8.61905
11.0286
5.98095
8.57143
9.73333
9.20952
4.37143
4.18095
8.52381
7.90476
4.45714
4.57143
4.75238
7.08571
5.2
8.53333
10.3905
5.0381
17.4381
10.0286
8.48571
4.34286
6.70476
9.33333
10.3905
13.0952
6.87619
11.3048
5.91429
9.25714
10.4667
6.99048
5.1619
8.39048
4.24762
6.86667
9.8
5.87619
14.1048
10.7048
10.3905
8.15238
8.65714
4
6.77143
4.29524
7.0381
4.26667
13.8381
7.32381
4.75238
4.42857
7.48571
10.3238
7.22857
8.32381
4.25714
11.1429
9.57143
11.9333
9.12381
7.88571
5.11429
8.1619
9.64762
13.3524
5.0381
19.9905
5.33333
6.65714
7.37143
6.2381
7.71429
8.00952
4.92381
14.181
7.27619
6.17143
7.59048
4.08571
8.35238
7.68571
10.0381
8.01905
7.75238
11.4857
11.2667
12.5143
8.78095
5.13333
8.67619
4.8
4.40952
9.2381
9.1619
11.4286
6.20952
11.1429
4.71429
7.31429
11.981
10.8
4.27619
9.92381
10.4
11.8095
8.49524
6.38095
8.71429
13.1238
5.19048
13.581
5.15238
8.1619
6.26667
6.64762
12.019
5.30476
9.58095
10.7048
4.07619
10.9905
7.17143
9.47619
13.4952
8.50476
4.34286
5.67619
6.51429
6.4381
6.2
7.2381
7.3619
6.73333
5.15238
5.34286
10.0857
10.1524
7.47619
15.2095
5.7619
5.40952
11.6381
4.0381
5.65714
9.30476
8.51429
10.6762
4.1619
10.181
5.81905
6.26667
14.5714
15.5238
5.6
4.48571
9.54286
6.14286
7.65714
9.00952
4.41905
6.04762
4.07619
9.3619
7.94286
11.6286
7.18095
13.7238
4.06667
7.17143
7.6381
20.1619
9.47619
8.41905
5.46667
4.4381
6.9619
4.34286
12.981
8.77143
13.2
7.0381
6.70476
10.6571
10.4
6.8381
7.89524
12.0762
10.1048
4.78095
7.55238
8.3619
12.8286
7.60952
7.8
6.35238
12.1143
12.0952
12.0381
13.381
5.46667
7.48571
13.6381
8.05714
8.41905
4.78095
7.90476
4.37143
5.80952
4.51429
12.0476
4.32381
13.6857
17.1429
6.24762
13.6571
5.57143
6.50476
4.29524
6.05714
10.2095
4.98095
5.6381
10.8286
16.0095
6.84762
10.819
8.8381
12.419
11.1048
12.5238
4.69524
5.99048
9.05714
11.5429
9.02857
4.6381
7.11429
4.74286
5.59048
5.26667
4.2381
8.72381
6.44762
10.5143
4.45714
11.7619
8.66667
10
7.66667
12.1048
12.7524
7.00952
5.93333
9.32381
6.93333
9.14286
4.02857
4.13333
8.4
4.53333
6.90476
9.26667
11.1143
8.17143
8.42857
13.0095
6.32381
10.6952
7.61905
9.52381
11.2571
10.8667
10.9524
18.2667
9.78095
5.94286
5.95238
7.81905
10.0286
8.33333
13.8571
8.20952
4.1619
11.3714
14.4476
10.781
5.80952
10.3905
9.61905
10.2762
10.0952
9.48571
12.0286
4.37143
10.7048
4.79048
11.019
9.38095
7.01905
6.26667
10.8286
7.37143
11.7905
12.3905
4.17143
8.35238
11.0476
12.5048
12.8095
8.6381
6.50476
4.48571
4.67619
11.5524
12.4952
4.4
12.2095
18.3619
13.4857
12.5333
9.80952
7.00952
9.55238
8.2
4.06667
5.77143
5.37143
8.11429
4.60952
4
4.52381
8.52381
8.37143
15.2
8.78095
4.18095
5.74286
7.82857
7.87619
4.49524
4.22857
10.6571
8.90476
10.781
8.10476
9.15238
8.84762
8.91429
9.07619
9.88571
8.6
12.1048
10.2381
15.3143
7.32381
8.2381
4.4
5.54286
8.34286
13.2857
6.89524
11.8
8.78095
7.11429
7.74286
10.4857
5.17143
4.12381
6.44762
5.81905
4.19048
8.22857
4.32381
4.97143
6.22857
11.4571
10.381
5.93333
7.2
4.51429
4.70476
5.89524
5.68571
8.95238
10.8
4.08571
10.219
6.61905
7.45714
5.94286
4.42857
16.1238
7.69524
12.6952
9.93333
8.46667
8.14286
7.0381
8.80952
9.00952
14.419
8.34286
9.33333
4.32381
9.97143
11.7238
4.27619
12.419
10.381
5.4381
6.53333
4.21905
4.35238
9.1619
12.1143
8.2
8.2
7.60952
7.41905
14.2
9.4381
7.77143
6.44762
13.5143
4.55238
7.78095
10.2762
5.45714
4.51429
5.66667
10.2857
6.59048
9.72381
5.74286
9.49524
7.10476
7.2
5.65714
4.52381
9.9619
8.8
10.7429
9.17143
6.4381
5.79048
6.25714
10.0762
6.15238
4.94286
6.18095
11.6762
5.39048
5.84762
10.0286
4.74286
4.57143
6.61905
7.08571
9.71429
10.219
6.94286
11.5429
5.49524
11.3429
7.02857
10.5143
8.01905
4.57143
4.33333
4.26667
5.45714
5.92381
5.78095
6.70476
18.6571
9.8381
8.05714
17.2571
13.5714
5.49524
15.181
9.09524
10.419
11.9905
5.77143
14.7619
10.8476
4.31429
9.2381
8.70476
14.381
12.7238
7.19048
7.34286
8.4
8.75238
10.4571
5.47619
5.8381
5.08571
14.2
7.58095
4.1619
9.8
7.46667
4.35238
7.57143
8.58095
7.8381
11.5143
10.381
4.50476
5.7619
5.95238
8.34286
6.61905
9.93333
10.019
14.4857
11.6571
8.72381
8.92381
4.53333
8.17143
8.6
7.98095
11.4476
4.54286
6.26667
8.87619
10.1048
8.61905
4.32381
11.181
7.84762
19.3429
11.2571
13.181
8.4
6.7619
8.33333
11.3524
4.11429
8.48571
9.20952
4.71429
6.5619
12.9048
10.5524
4.44762
4.32381
6.55238
4.07619
12.781
9.81905
10.2762
15.6476
8.44762
13.7143
17.1714
11.0476
11.5524
5.10476
6.73333
10.5048
5.71429
8.38095
7.19048
7.91429
5.01905
4.55238
8.5619
10.2952
4.14286
6.73333
9.85714
6.66667
6.2
10.7048
8.5619
11.8667
8.89524
4.05714
8.82857
7.94286
8.88571
6.55238
8.97143
8.85714
14.4476
10.0667
11.4
7.44762
12.1524
6.53333
6.53333
19.1048
8.71429
7.71429
5.6381
4.7619
5.05714
7.75238
5.0381
6.35238
4.60952
6.42857
6.87619
6.14286
10.6571
9.1619
7.90476
7.27619
8.4381
10.3238
7.26667
7.10476
4.33333
5.79048
16.6952
5.74286
5.38095
6.92381
5.99048
13.6286
4.45714
6.2381
10.381
7.89524
11.1048
6.80952
6.95238
4.66667
7.17143
4.5619
5.8381
8.39048
6.90476
9.91429
8.17143
5.87619
6.06667
10.8476
7.58095
12.4571
5.87619
10.7238
10.5048
10.7619
6.81905
8.78095
11.0857
7.13333
10.8571
10.4762
5.38095
8.94286
9.90476
8.64762
10.181
6.85714
6.5619
7.40952
4.61905
6.2381
4.60952
9.0381
16.7905
4.08571
8.06667
5.51429
9.99048
9.22857
11.1238
8.52381
15.2952
6.02857
4.87619
6.58095
8.55238
10.1048
8.53333
13.5143
4.49524
10.1429
8.46667
5.28571
11.819
7.57143
4.8381
5.11429
4.17143
8.74286
7.4381
6.99048
8.92381
12.6667
6.52381
10.5048
8.25714
7.49524
7.4381
11.2381
9.44762
4.4
9.8
4.21905
9.1619
5.6381
13.1619
11.6476
6.59048
8.8
8.86667
10.4952
4.40952
4.40952
5.95238
7.91429
5.71429
9.93333
9.00952
5.80952
12.0857
7.31429
6.50476
4.09524
7.3619
5.14286
11.0857
9.0381
7.79048
13.3143
7.14286
6.65714
8.69524
8.11429
9.18095
9.5619
4.10476
7.69524
5.46667
7.60952
6.37143
4.31429
12.419
5.06667
4.13333
7.65714
6.11429
4.73333
6.12381
8.64762
5.20952
9.98095
4.14286
9.22857
5.64762
9.92381
7.39048
10.581
4.05714
8.02857
7.95238
7.67619
10.6857
7.8381
4.47619
7.61905
6.2381
4.49524
9.95238
12.219
6.68571
4.25714
7.2
7.61905
5.71429
8.51429
4.37143
4.10476
17.6095
16.819
10.581
10.4476
12.381
6.28571
4.14286
5.93333
5.47619
9.85714
4.33333
14.8095
7.92381
9.73333
6.41905
4.18095
11.5905
4.44762
11.7238
5.33333
8.75238
7.1619
6.69524
10.019
7.35238
4.47619
4.34286
4.42857
6.79048
7.13333
4.32381
8.62857
7.31429
12.8
4.46667
9.58095
6.59048
4.22857
4.39048
10.9048
13.819
5.20952
7.2381
7.17143
10.819
12.181
4.01905
11.0095
8.6
8.93333
6.19048
4.84762
8.14286
11.4952
14.3714
7.48571
13.8762
6.48571
6.42857
9.54286
6.06667
8.13333
7.41905
6.10476
5.57143
10.4762
8.7619
4.19048
7.8381
4.55238
7.7619
10.1238
7.62857
7.95238
16.1524
11.619
8.25714
5.44762
6.80952
5.90476
7.27619
6.81905
10.0952
13.5714
6.78095
8.45714
12.9143
7.33333
7.8381
9.93333
6.7619
8.2
7.40952
13.1333
4.71429
8.1619
6.87619
7.3619
8.13333
8.74286
7.99048
6.42857
4.14286
5.49524
8.27619
6.14286
4.58095
5.62857
5.18095
6.95238
6
11.4381
10.6952
5.0381
10.3905
5.72381
10.1429
4.60952
8.84762
12.1524
8.67619
7.02857
4.2
7.90476
8.74286
5.60952
6.19048
5.38095
5.21905
7.2
11.419
6.81905
6.2
6.48571
5.88571
7.4
12.5429
4.95238
4.94286
6.81905
10.6
8.8381
7.06667
4.08571
4.26667
12.3429
6.10476
13.3048
5.99048
11.1905
6.04762
7.54286
8.32381
8.50476
10.1429
8.88571
16.5238
6.8
9.4381
6.00952
4.13333
4.25714
14.5524
9.68571
7.46667
6.13333
8.68571
8.2
8.52381
11.9429
4.50476
7.77143
6.78095
6.45714
10.3714
9.02857
10.9905
11.981
5.92381
6.78095
4.70476
4.08571
4.19048
5.35238
13.1619
4.49524
7.57143
5.91429
5.09524
6.2381
4.05714
7.80952
13.581
5.6
4.92381
6.2381
7.34286
12.8476
12.7905
10.2
6.51429
11.4571
5.73333
9.7619
4.39048
8.69524
7.00952
4.29524
7.08571
9.01905
5.84762
8.89524
10.0762
7.77143
9.94286
5.71429
11.7714
9.15238
8.12381
7.59048
8.67619
9.59048
6.31429
11.1714
8.00952
13.819
7.13333
5.21905
10.3905
13.381
9.26667
6.79048
5.33333
12.9143
6.06667
4.0381
10.0857
5.67619
8.34286
4.22857
12.8857
12.4571
9.1619
10.9905
6.85714
10.781
7.97143
9.37143
11.5429
12.4095
6.46667
4.21905
6.09524
9.94286
9.41905
8.68571
4.61905
10.1905
7.98095
10.6476
9.27619
9.4
10.3333
13.7714
8.8
9.27619
4.74286
6.08571
10.3429
8.93333
5.86667
6.98095
4.57143
6.62857
6.08571
4.6
10.6286
4.46667
8.67619
4.9619
5.44762
4.37143
6.21905
5.3619
5.95238
10.3333
13.7143
9.40952
4.19048
12.6857
9.07619
12.6667
6.97143
10.1429
4.86667
7.21905
7.65714
5.98095
8.3619
8.91429
4.09524
5.62857
9.1619
5.48571
6.2381
6.80952
7.02857
8.18095
4.44762
12.4286
8.47619
4.86667
5.8381
8.48571
7.2381
11.7429
4.25714
10.3143
4.38095
12.9905
6.24762
8.95238
6.09524
7.92381
11.4952
4.51429
15.7429
5.58095
9.12381
18.6667
4.52381
4.68571
11.1619
9.04762
9.04762
6.87619
5.22857
4.2
8.8381
4.21905
9.92381
4.25714
10.5619
5.59048
10.7905
4.61905
9.37143
9.37143
13.2095
4.84762
13.8476
12.0095
6.13333
14.3619
6.13333
4.41905
4.27619
11.6762
13.1143
8.93333
8.97143
10.6
8.84762
4.13333
12.4762
6.53333
6.42857
9.92381
8.81905
10.6095
9.73333
6.10476
6.07619
8.8
6.74286
5.99048
10.381
10.3524
12.5905
13.9429
12.1048
12.019
10.5333
13.8952
8.33333
6.49524
10.0381
4
4.6
4.51429
15.1524
6.98095
11.8381
7.88571
11.8095
4.2381
7.53333
5.6
8.3619
5.84762
11.1524
12.5714
7.65714
8.29524
4.10476
5.53333
4.29524
5.97143
8.42857
6.06667
7.41905
13.1238
11.2
12
5.17143
4.52381
8.27619
5.05714
9.55238
4.73333
4.30476
4.27619
9.58095
4.28571
4.28571
6.34286
5.73333
7.5619
7.81905
6.77143
7.82857
8.7619
10.2952
12.1333
11.4476
10.7429
7.06667
12.2667
7.8381
6.58095
6.34286
11.619
7.91429
4.54286
6.32381
4.15238
11.1143
11.8
13.781
8.86667
5.85714
6.21905
4.58095
6.44762
6.49524
4.8
4.08571
4.24762
6.85714
6.91429
11.2952
5.1619
7.54286
9.95238
7.73333
7.07619
8.29524
9.90476
5.61905
7.94286
11.1143
10.0286
4.2
13.5333
8.90476
8.57143
6.07619
6.35238
7.98095
5.24762
15.5524
14.0857
4.3619
4.46667
7.39048
9.7619
12.2762
12.7429
7.4381
6.75238
8.6
7.47619
10.1524
8.05714
11.7048
10.2
6.10476
6.2381
8.42857
14.7143
5.78095
4.26667
9.91429
5.59048
9.5619
6.1619
7.09524
4.41905
7.13333
6.0381
6.24762
4.94286
10.4952
6.64762
9.64762
11.1905
4.62857
8.88571
10.8095
12.7048
10.9333
11.0667
6.71429
4.38095
4.01905
5.33333
7.88571
8.00952
8.77143
11.219
11.0857
10.0667
7.12381
4.34286
4.12381
6.79048
5.89524
5.65714
4.2381
7.19048
5.65714
8.93333
8.74286
4.38095
9.08571
10.7429
5.4
13.8476
7.04762
9.6
7.29524
9.26667
9.58095
11.4857
14.381
12.1714
8.50476
8.18095
4.62857
9.72381
4.34286
6.70476
5.45714
5.45714
6.6
11.3333
7.34286
7
4.13333
4.24762
9.05714
5.6
10.9619
11.3238
6
6.50476
10.1333
6.37143
9.2381
5.35238
7.05714
6.59048
4.48571
6.25714
6.70476
7.31429
8.89524
4.69524
4.98095
8.71429
5.05714
6.75238
5.90476
4.75238
8.26667
6.24762
7.55238
9.61905
13.5429
5.99048
4.49524
7.65714
11.4476
7.04762
4.02857
8.19048
9.15238
7.12381
9.28571
5.15238
10.1143
9.7619
7.95238
4.64762
9.49524
4.10476
4.52381
6.53333
5.4
7.8381
11.0476
11.3619
6.35238
4.81905
11.4095
4.19048
11.2762
9.86667
5.72381
12
8.77143
4.90476
4.19048
9.73333
4.33333
5.94286
11.5238
13.1619
7.91429
5.39048
5.78095
8.25714
6.3619
4.6381
11.581
15.2476
10.1333
4.38095
6.86667
8.11429
13
4.41905
8.06667
13.2571
13.381
7.18095
12.5714
11.9333
4.01905
8.08571
12.2952
9.61905
4.69524
8.57143
4.72381
8.34286
12.0762
6.84762
6.48571
7.87619
6.11429
5.40952
9.20952
9.08571
5.27619
6.94286
7.89524
7.18095
5.98095
8.53333
4.20952
11.5524
6.13333
6.99048
8.02857
8.34286
4.68571
4.72381
4.35238
4.2
11.0667
9.49524
5.80952
4.20952
5.65714
4.49524
14.8857
5.6
7.29524
6.05714
15.3429
9.07619
4.93333
6.61905
10.1429
10.9429
5.93333
4.19048
4.25714
4.24762
7.51429
4.17143
8.46667
14.5619
4.60952
13.3714
17.1429
4.2381
8.3619
7.35238
4.49524
8.24762
8.49524
5.7619
8.6381
5.51429
10.6476
8.25714
9.74286
8.82857
13.4381
4.28571
13.1524
7.62857
15.4571
4.44762
14.8857
13.8571
14.1619
15.781
6.86667
4.62857
5.11429
7.75238
5.52381
8.59048
10.6857
6.4381
4.2381
4.4
6.28571
4.61905
6.77143
12.3048
4.24762
4.45714
9.41905
8.8
15.2667
10.9524
13.7333
7.8
5.92381
8.80952
10.0857
7.54286
10.2476
7.44762
10.3333
5.73333
12.1524
5.61905
4.2381
6.14286
4.69524
4.17143
4.2381
8.05714
7.20952
4.22857
14.2095
11.7143
8.22857
8
6.24762
9.15238
8.32381
11.9048
5.98095
7.00952
10.0667
12.0952
11.5048
4.46667
9.28571
5.6
12.4381
10.0286
7.94286
11.8095
8.01905
6.25714
9.71429
6.4381
8.49524
9.5619
14.2095
6.57143
13.0095
10.8
5.97143
5.21905
4.33333
7.73333
10.181
11.1048
6.54286
9.72381
4.37143
6.64762
6
9.85714
9.20952
4.04762
9.51429
6.5619
11.2952
8.46667
6.05714
4.99048
4.30476
8
4.78095
6.75238
4.62857
8.33333
4.54286
4.3619
4.08571
5.55238
17.9714
12.5048
6.37143
6.06667
7.04762
5.17143
7.95238
9.91429
10.9429
4.33333
5.26667
9.25714
10.5333
7.02857
8.78095
7.06667
8.54286
7.4381
8.31429
9.47619
7.19048
7.82857
8.09524
12.0476
4.49524
4.54286
8.74286
4.35238
8.27619
9
16.1048
12
8.93333
7.14286
10.1429
14.0571
5.07619
4.20952
10.3333
4.41905
10.5619
6.46667
11.7429
8.70476
6.94286
8.60952
7.09524
4.39048
12.1238
8.13333
5.27619
4.48571
6.40952
4.32381
6.1619
7.72381
15.7429
9.26667
10.3143
6.53333
7.38095
5.91429
14.381
5.92381
10.0667
11.5048
7.98095
10.5143
9.34286
15.8762
6.04762
4.99048
6.17143
21.7143
8.57143
11.219
11.581
9.8381
5.5619
5.4
7.12381
10.3333
4.0381
15.2381
15.4286
10.2762
7.98095
9.22857
6.0381
8.40952
4.58095
9.47619
15.1619
6.7619
4.27619
13.4667
8.34286
9.79048
5.27619
8.46667
7.59048
13.4952
9.2381
14.0762
8.5619
10.781
8.48571
6.3619
10.4095
12.7524
5.90476
4.51429
7.50476
6.80952
11.0381
7.32381
6.53333
4.28571
5.20952
4.55238
5.39048
5.81905
9.01905
5.66667
11.1619
4.31429
9.62857
6.28571
4.33333
4.19048
12.7714
4.13333
8.31429
4.42857
7.81905
9.07619
6.50476
6.46667
5.48571
11.3238
6.13333
7.8
4.12381
12.4476
4.09524
9.18095
6.30476
4.34286
6.49524
11.3524
11.5333
7.21905
12.0381
9.37143
17.9619
5.73333
9.26667
4.46667
4.62857
4.54286
5.27619
12.1619
4.78095
11.2476
4.33333
4.41905
10.8286
8.29524
6.55238
12.9905
5.11429
4.86667
8.14286
10.4381
4.46667
6.75238
6.97143
5.20952
6.8
7.82857
10.0476
6.25714
5.82857
4.54286
4.47619
4.25714
8.69524
7.46667
7.30476
11.1143
9.4
7.2381
6.06667
6.08571
13.581
6.2
8.89524
6.13333
6.7619
9.2
8.86667
4.20952
6.32381
5.37143
9.85714
4.14286
19.0667
9.92381
4.6
9.61905
4.27619
9.02857
4.84762
4.9619
7.97143
12.0857
9.77143
7.67619
4.10476
6.50476
6.62857
5.20952
10.5238
9.67619
7.29524
6.73333
6.09524
8.62857
5.75238
9.69524
6.45714
6.38095
4.11429
4.94286
4.35238
6.15238
5.54286
8.09524
7.88571
14.2
4.1619
5.6
5.18095
7.42857
5.41905
4.67619
7.91429
6.58095
6.20952
5.25714
5.78095
4.79048
4.45714
10.1048
7.52381
4.44762
6.42857
7.31429
11.8286
4.0381
4.58095
9.79048
7.25714
12.181
5.38095
9.2381
6.9619
10.4286
12.2762
13.2286
6.52381
6.85714
14.6381
8.81905
7.92381
13.5619
8.06667
9.48571
13.6857
7.45714
4
9.5619
10.2952
6.11429
4.05714
8.95238
7.66667
17.981
11.5714
6.91429
13.0762
9.40952
13.9333
7.64762
8.5619
10.7905
7.69524
6.9619
11.6095
11.3429
8
7.15238
8.94286
8.07619
8.19048
6.32381
6.11429
12.0857
4.68571
6.85714
4.25714
4.49524
8.66667
11.1333
7.19048
7
4.18095
9.86667
4.26667
14.1714
14.1524
11.7238
12.9143
5.82857
8.60952
8.41905
7.59048
10.4381
8.58095
4.39048
5.98095
7.4381
11.9905
9.01905
9.2
11.5238
4.54286
4.35238
4.19048
10.581
5.55238
7.46667
4.41905
8.10476
10.4
6.4381
8.80952
5.12381
12.4286
9.89524
10.0286
4.91429
10.4286
9.74286
9.22857
8.87619
10.7524
8.37143
5.51429
6.45714
7.95238
7.4
11.2857
10.7524
8.61905
11.1905
4.53333
5.71429
11.2
4.15238
7.60952
5.11429
4.40952
6.64762
5.2
4.27619
7.66667
4
9.4
4.25714
12.3333
8.93333
4.98095
10.2
4.18095
7.61905
5.70476
10.7333
7.75238
7.46667
10.7619
4.37143
4.3619
4.4
7.06667
7.33333
8.31429
8.49524
4.10476
7.07619
7.22857
9.37143
5.71429
4.60952
10.4952
6.51429
4.44762
9.8
9.4
7.61905
9.35238
7.54286
8.5619
6.32381
4.46667
8.31429
10.6857
7.3619
9.70476
6.34286
5.0381
7.32381
4.27619
7.65714
5.51429
9.1619
6.1619
7.54286
8.90476
8.32381
5.05714
6.21905
10.5429
4.17143
7.59048
5.90476
8.18095
12.4762
6.8381
8.19048
4.87619
6.2
7.12381
4.84762
6.93333
4.91429
6.55238
4.14286
8.68571
12.5048
11.3714
9.40952
13.5524
5.06667
6.2
4.28571
7.26667
13.5905
7.78095
11.2857
10.0476
12.1905
9.99048
6.94286
7.87619
6.77143
8.77143
8.86667
4.64762
5.62857
8.35238
18.1619
6.98095
8.53333
6.98095
5.15238
9.91429
5.6
4.32381
8.98095
9.68571
7.38095
11.7524
4.2
5.13333
7.8
8.95238
4.85714
8.54286
6.22857
24.8476
10.8857
6.45714
13
8.4
7.08571
8.73333
6.13333
9.0381
4.2381
8.7619
4.1619
8.52381
7.93333
9.46667
10.8762
16.7143
7.09524
4.32381
6.10476
4.29524
8.4381
10.8571
4.75238
11.1714
4.45714
6.94286
10.8952
7.9619
6.84762
8.54286
4.61905
5.22857
5.61905
7.3619
6.35238
9.00952
6.26667
8.46667
5.24762
10.5429
4.31429
4.25714
4.40952
5.01905
7.70476
8.27619
6.24762
8.92381
6.92381
4.18095
4.05714
4.4381
4.54286
4.84762
6.33333
9.89524
14.5619
4.3619
7.35238
6.98095
12.6286
7.02857
6.1619
13.0762
4.4
12.3714
13.181
12.0857
11.819
4.19048
4.28571
4.19048
4.34286
11.7619
18.0286
10.0381
12.9619
5.86667
13.7905
10.8857
11.1905
8.52381
13.1333
4.39048
11.3238
4.30476
9.10476
8.80952
10.1048
9.46667
6.88571
4.6
8.6381
5.15238
4.34286
4.94286
5.09524
4.66667
8.08571
6.13333
12.3143
4.15238
9.55238
13.8095
4.52381
8.40952
9.59048
7.13333
4.53333
4.97143
9.12381
6.90476
5.45714
4.6381
10.4286
6.93333
10.8
11.0381
16.6476
6.67619
7.51429
6.57143
13.4857
8.66667
6.91429
7.61905
5.15238
7.68571
9.54286
6.57143
7.24762
7.15238
23.4571
9.2
4.21905
5.08571
4.98095
8.91429
9.09524
4.38095
6.52381
4.13333
4.11429
8.40952
4.98095
9.38095
4.34286
12.4286
9.88571
4.37143
5.6381
6.20952
14.2857
4.44762
8.6381
8.01905
6.10476
8.30476
15.0952
10.3429
6.04762
6.72381
4.13333
4.2381
4.22857
5.6
10.5238
7.35238
7.11429
10.1429
5.85714
5.52381
9.08571
8.3619
5.27619
5.70476
11.619
5.74286
4.93333
7.0381
9.95238
7.29524
7.50476
5.21905
6.26667
4.04762
4.1619
9.17143
7.86667
4.46667
8.8
8.90476
13.2952
4.26667
4.3619
4.51429
4.54286
12.3048
9.8
6.29524
4.05714
4.60952
8.28571
6.06667
6.73333
4.45714
4.6
7.90476
6.1619
4.47619
9.77143
7.95238
8.95238
6.8
4.22857
11.2857
4.13333
10.9905
10.7333
12.2476
8.6
8.27619
4.95238
10.7333
7.17143
10.219
9.8381
9.0381
7.06667
7.59048
8.15238
13.7238
11.6667
4.01905
7.20952
10.5905
6.0381
7.59048
7.00952
4.79048
7.58095
4.85714
9.0381
7.44762
5.2381
10.0286
7.8381
6.94286
4.26667
12.7333
4.34286
4.50476
7.37143
8.98095
10.0571
4.20952
8.79048
8.91429
9.90476
12.9905
4.12381
4.05714
9.75238
6.41905
9.26667
5.72381
4.94286
9.27619
15.581
7.88571
9.93333
5.75238
10.419
6.30476
10.6571
7.90476
8.14286
4.29524
11.1905
5.3619
8.37143
11.619
4.6
4.27619
4.25714
4.84762
4.39048
11.0857
7.00952
7.20952
6.98095
6.35238
7.12381
8.49524
3.2
3.55238
10.3619
8.44762
6.70476
5.32381
7.51429
3.24762
4.98095
3.31429
6.42857
11.4667
9.65714
5.57143
3.29524
3.50476
6.11429
3.11429
5.80952
3.0381
3.15238
3.14286
7.38095
7.27619
4.8
9.24762
5.70476
5.80952
12.6476
8.50476
5.11429
3.37143
3.62857
5.47619
11.4095
4.86667
7.67619
4.95238
5.59048
6.68571
8.05714
3.28571
5.80952
9.40952
8.86667
13.219
6.12381
5.01905
4.75238
4.88571
8.39048
11.9429
4.21905
7.22857
5.37143
3.84762
3.29524
4.55238
6.80952
7.68571
3.3619
4.67619
7.4381
14.0857
3.34286
8.58095
10.0762
3.41905
4.39048
3.24762
14.0857
6.13333
7.1619
12.8667
5.33333
6.44762
7.67619
7.91429
12.2476
11.7714
8.0381
9.08571
12.5143
5.10476
5.62857
7.49524
3.07619
3
6.33333
4.4
6.91429
3.6
3.33333
3.15238
5.82857
6.1619
3.4
5.26667
5.53333
3.18095
7.39048
8.84762
6.54286
3.27619
7.90476
11.8952
3.50476
4.86667
8.04762
9.80952
8.86667
3.05714
5.90476
4.79048
8.52381
3.2
3.90476
5.15238
3.51429
4.78095
6.54286
6.35238
6.6381
5.42857
7.81905
3.40952
6.67619
4.54286
5.11429
5.26667
7.26667
4.73333
3.98095
6.84762
6.12381
5.6381
3.12381
3.04762
3.15238
5.21905
5.4381
3.37143
9.28571
7.47619
8.35238
4.20952
8.81905
3.12381
7.90476
3.32381
3.62857
4.82857
5.3619
3.20952
6.45714
4.90476
5.44762
4.46667
5.58095
6.2381
3.42857
4.08571
3.5619
11.4
10.5524
6.04762
4.26667
5.06667
8.02857
9.31429
6.44762
9.53333
3.10476
11.6286
14.019
4.0381
4.53333
9.93333
4.82857
8.39048
6.28571
7.52381
3.72381
6.98095
3.22857
5.60952
3.2
3.35238
3.38095
9.15238
3.19048
6.00952
6.38095
3.5619
6.61905
24.7429
5.18095
4.80952
3.39048
8.40952
3.15238
7.6381
3.09524
5.77143
3.24762
8.92381
7.93333
5.39048
11.6952
6.2381
4.72381
6.55238
5.26667
3.6
6.10476
5.49524
7.86667
5.05714
13.5429
7.0381
3.1619
10.2857
3.9619
7.39048
3.20952
3.01905
6.61905
7.30476
6.47619
3.04762
6.07619
7
7.89524
5.02857
5.44762
4.35238
6.21905
6.66667
9.6381
8.14286
3.6
3.19048
9.54286
9.78095
6.81905
3.74286
11.6762
4.93333
5.1619
3.34286
17.0381
3.20952
8.99048
3.0381
6.93333
6.01905
15.6571
3.28571
4.98095
3.1619
5.2
7.18095
11.6952
3.69524
3.35238
13.6381
5.06667
3.19048
9.54286
8.58095
5.66667
7.69524
5.85714
8.45714
5.47619
7.01905
9.34286
13.0286
6.04762
7.57143
3.31429
3.02857
7.40952
5.14286
10.5333
7.19048
3.18095
3.1619
3.50476
3.22857
6.20952
3.09524
8.94286
3.38095
6.61905
6.2381
8.86667
4.84762
10.2286
8.25714
6.52381
3.34286
8.53333
9.04762
5.54286
3.97143
3.25714
7.20952
7.89524
5.74286
8.95238
3.1619
10.2952
3.4381
3.04762
7.41905
3.9619
3.21905
9.78095
3.40952
3.8
3.57143
3.65714
3.33333
3.31429
7.05714
3.08571
4.31429
3.38095
3.49524
3.80952
6.51429
6.02857
3.10476
5.69524
9.14286
3.48571
7.73333
10.1524
4.9619
5.94286
3.06667
11.1143
5.49524
3.88571
9.2381
4.67619
4.80952
7.37143
3.51429
6.29524
5.85714
8.4
6.91429
6.92381
8.89524
13.2952
3.09524
9.19048
5.07619
7.24762
13.0857
13.2857
6.85714
4.65714
8.70476
3.48571
3.19048
3.19048
5.86667
6.85714
3.2
4.93333
3.08571
12.0762
5.88571
12.1238
7.18095
10.1524
15.0476
3.00952
6.35238
3.75238
5.38095
8.14286
7.45714
3.73333
7.00952
3.04762
5.01905
4.94286
6.62857
14.2286
9.13333
7.09524
8.81905
39.7238
9.09524
6.50476
3.42857
3.55238
3.05714
4.82857
8.6381
9.26667
8.62857
7.14286
8.82857
3.48571
9.04762
3.29524
3.14286
3.10476
3.67619
11
3.8381
7.50476
5.57143
8.13333
6
8.33333
5.6
5.99048
5.54286
4.47619
3.19048
8.22857
7.72381
11.6
3.2381
3.27619
6.08571
5.48571
8.62857
4.64762
6.4381
6.73333
8
10.4571
3.9619
3.17143
5.82857
5.37143
3.31429
9.75238
3.12381
11.3619
8.52381
5.06667
3.0381
9.05714
3.09524
5.79048
4.2381
3.8
7.28571
6.08571
5.87619
5.52381
9.27619
7.52381
7.11429
3.52381
6.05714
7.28571
9.25714
6.12381
10.4476
6.21905
3.37143
5.8
3.26667
8.53333
5.4381
7.70476
3.05714
4.57143
5.45714
6.28571
3
4.58095
3.05714
5.87619
6.65714
4.90476
8.4
10.4476
4.90476
4.51429
4.92381
7.6381
5.18095
3.21905
7.07619
4.80952
3.28571
5.09524
3.06667
3.0381
9.64762
10.6762
5.70476
5.14286
4.95238
11.0762
3.39048
7.99048
5.6381
8.42857
7.15238
8.33333
4.44762
5.40952
6.32381
4.87619
3
12.3333
12.5048
8.32381
6.52381
7.58095
11.3143
10.4286
5.59048
9.04762
13.0095
4.93333
8.75238
8.88571
5.64762
5.69524
6.6381
3.2381
3.0381
9.59048
3.17143
3.20952
3.28571
9.08571
3.95238
7.05714
3.54286
5.00952
6.00952
3.04762
3.42857
5.19048
3.6381
5.06667
8.77143
3.34286
3.32381
5.28571
7.31429
3.09524
5.44762
5.00952
9.11429
3.64762
3.04762
3.10476
8
3.07619
3.09524
3.8
3.44762
3.77143
3.45714
6.27619
3.04762
7.44762
5.32381
10.0286
5.26667
6.79048
5.4
5.88571
9.94286
4.70476
3.11429
3
3.13333
5.4
4.70476
5.78095
9.37143
13.0667
6.34286
3.61905
11.6762
6.40952
6.88571
3.24762
3.31429
3.02857
3.19048
5.89524
7.66667
10.6667
3.64762
8.12381
10.5714
10.1333
5.44762
6.28571
5.5619
10.419
10.4762
3.1619
3.88571
3.55238
5.99048
6.14286
5.09524
5.37143
8.52381
7.05714
3.19048
5.33333
6.61905
3.53333
3.40952
6.34286
9.37143
3.12381
14.8952
5.7619
9.38095
8.34286
7.49524
10.5714
3.78095
7.19048
3.28571
3.14286
3.25714
5.5619
11.3333
3.06667
6.5619
7.84762
3.38095
3.40952
3.20952
6.25714
7.05714
7.92381
4.8
8.37143
3.04762
5.0381
3.59048
6.98095
10.6286
6.30476
5.24762
5.1619
7.0381
7
3.44762
3.20952
6.34286
3.49524
5.3619
5.54286
3.10476
10.3333
5.70476
3.34286
3.18095
5.86667
3.19048
7.00952
10.2476
3.21905
3.1619
3.65714
3.30476
5.91429
4.75238
6.45714
3.40952
9.57143
5.06667
7.29524
3.41905
6.62857
3.18095
3.62857
4.17143
6.25714
3.27619
3.05714
5.91429
6.46667
5.30476
3.31429
4.88571
5.0381
3.84762
3.55238
4.02857
13.1143
4.39048
3.7619
4.86667
5.58095
8.50476
5.50476
7.4
3.49524
10.0857
3.35238
4.4
9.4381
3.51429
9.10476
3.08571
5.39048
5.54286
3.18095
7.32381
3
6.6381
7.53333
3.88571
4.00952
3.27619
11.8
8.54286
4.53333
3.42857
9.72381
4.00952
6.05714
6.15238
7.65714
3.08571
3.17143
6.42857
3.15238
3.31429
13.9524
3.14286
7.60952
3.61905
15.019
3.6
6.33333
7.46667
5.64762
3.08571
3.15238
3.05714
11.6476
9.2381
6.64762
6.32381
3.09524
5.53333
7.35238
3.50476
8.29524
11.1143
3.1619
9.57143
3.24762
7.26667
11.1048
6.14286
4.82857
7.30476
7.05714
5.7619
14.019
9.75238
5.95238
3.22857
3.1619
3.12381
3.48571
5.22857
12.5429
3.07619
3.37143
3.48571
3.04762
3.02857
3.20952
6.21905
3.48571
3.22857
8.71429
3.19048
12.3048
8.55238
7.72381
9.40952
6.54286
3.14286
5.2381
3.01905
9.29524
5.28571
6.26667
3.06667
6.2
5.93333
3.20952
3.34286
3.18095
6.66667
8.01905
3.06667
8.20952
3.4381
11.5048
7.48571
3.05714
3.67619
7.40952
7.41905
7.38095
5.93333
6.55238
5.93333
3.31429
5.86667
8.98095
5.72381
3.53333
9.59048
5.89524
3.11429
3.30476
5.29524
4.52381
3.8
3.62857
7.26667
9.65714
3.26667
3.27619
10.4476
6.94286
6.31429
7.11429
7.89524
11.3143
9.19048
5.47619
9.69524
5.13333
3.46667
3.12381
3.26667
3.13333
7.8381
3.30476
3.42857
3.26667
7.1619
8.51429
4.6
10.1429
7.34286
4.5619
8.32381
4.80952
4.85714
6.66667
3.31429
5.09524
5.00952
6.40952
6.12381
5.21905
10.1524
8.46667
5.13333
6.00952
7.22857
3.28571
6.33333
8.45714
3.2381
8.2
6.9619
10.4952
4.51429
9.77143
3.54286
5.77143
8.41905
7.34286
6.58095
4.79048
3.48571
3.59048
5.58095
10.9048
8.65714
3.51429
5.62857
6.93333
4.14286
9.94286
8.10476
9.82857
10.4571
8
11.3429
7.14286
9.88571
8.75238
3.50476
8.54286
8.67619
3.61905
9.65714
9.67619
6.99048
5.47619
5.58095
3.24762
10.3429
10.5429
7.70476
3.2
6.82857
3.82857
3.00952
5.99048
7.87619
3.46667
3.1619
8.40952
9.13333
11.1238
3.20952
3.1619
3.54286
5.09524
4.44762
3.42857
6.67619
3.53333
3.12381
3.67619
5.07619
5.52381
6.82857
9.15238
7.18095
6.73333
5.57143
16.019
3.22857
4.7619
7.4381
3.08571
3.07619
3.0381
8.25714
5.26667
3.97143
4.01905
4.4
3.04762
3.0381
4.21905
5.2
5.98095
3.13333
4.53333
6.15238
4.6
3.22857
6.09524
5.40952
7.87619
6.51429
7.2
6.17143
5.34286
9.77143
5.81905
6.2381
3.1619
5.67619
3.2
3.52381
4.70476
10.0952
5.60952
3.64762
3.05714
3.19048
6.28571
3.2381
3.4381
10
9.62857
7.88571
7.37143
3.42857
5.92381
6.44762
7.02857
4.71429
7.22857
5.97143
4.98095
3.08571
9.61905
3.62857
5.65714
8.06667
7.09524
7.88571
6.90476
9.21905
10.0952
3.07619
5.82857
7.82857
6.90476
3
6.75238
5.24762
10.3333
6.39048
3.27619
12.4476
3.6381
3.88571
3.75238
3.33333
3.28571
8.18095
6.24762
5.80952
5.65714
4.19048
8.4381
11.6095
8.15238
9.6
3.28571
3.66667
3.29524
6.37143
6.38095
8.20952
6.09524
3.26667
7.01905
3.13333
9.68571
6.48571
7.34286
3.50476
9.8381
8.82857
6.38095
4.88571
5.07619
9.32381
3.65714
3.07619
6.9619
5.1619
5.99048
6.94286
9.98095
3
6.04762
14.1333
3.12381
6.35238
3.4381
3.19048
7.44762
9.98095
5
5.89524
11.1048
5.81905
7.25714
5.97143
8.62857
3.26667
3.02857
4.12381
6.70476
3.66667
5.64762
5.72381
11.4381
3.25714
8.26667
6.8381
5.91429
3.33333
10.4857
17.0381
6.97143
6.11429
8.2381
8.08571
4.9619
7.92381
11.1524
6.9619
5.59048
8.53333
9.79048
10.0286
6.74286
9.97143
9.4381
5.67619
7.46667
3.14286
5.64762
10.6
6.04762
9.66667
10.6762
5.50476
7.7619
12.0381
6.8
3.39048
6.55238
8.58095
3.45714
5.65714
6.95238
10.6476
6.28571
5.7619
13.2286
3.05714
5.62857
3.19048
8.30476
6.04762
3.14286
3.14286
7.80952
4.75238
6.2
3.64762
12.5048
10.4381
5.69524
3.47619
7.27619
6.8
3.17143
8.37143
5.1619
3.26667
5.18095
8.26667
3.27619
7.78095
5.50476
5.75238
5.6
3.05714
6.41905
7.67619
11.6857
9.44762
3.29524
3.39048
6.41905
10.7429
3.66667
7.99048
3.93333
3.46667
10.7143
3.6381
3.26667
11.8
5.61905
7.38095
12.4095
8.62857
6.87619
4.22857
8.13333
8.19048
11.5238
5.4381
4.14286
6
8.60952
8.50476
3.7619
5.38095
8.11429
6.12381
3.55238
5.07619
5.9619
3.01905
12.781
3.69524
7.0381
10.3238
8.73333
10.5048
7.30476
3.25714
8.85714
4.70476
5.11429
5.71429
9.44762
8.7619
5.50476
3.6
3.47619
3.19048
3.15238
5.71429
9.04762
5.73333
3.04762
7.78095
3.17143
5.71429
3.30476
4.04762
3.2
6.17143
7.31429
8.26667
5.6
3.30476
7.71429
3.08571
7.94286
3.66667
9.11429
14.181
5.2
3.4381
13.8381
9.25714
3.08571
3.1619
7.04762
9.8381
9.6
3.41905
6.35238
3.07619
12.381
5.98095
8.89524
5.57143
8.82857
3.95238
3.05714
5.8
3.10476
7.45714
10.9238
7.27619
8.57143
5.37143
7.82857
6.54286
4.97143
3.14286
10.6667
7.6381
3.21905
6.05714
9.94286
3.22857
3.2381
5.12381
7.12381
3.04762
13.7143
9.00952
3
5.21905
7.7619
6.85714
5.19048
7.98095
5.31429
3.04762
5.04762
7.21905
5.99048
5.31429
8.2381
3.14286
10.3905
6.69524
6.71429
7.05714
3.22857
7.31429
6.29524
3.2381
6.71429
9.59048
9.80952
3.15238
5.45714
3.13333
8.60952
3.54286
7.50476
6.00952
6.00952
3.2
6.80952
3.24762
11.6476
3.69524
11.6286
7.46667
3.1619
3
5.64762
3.02857
7.32381
12.4667
5.46667
3.51429
3.7619
6.59048
6.29524
7.57143
3.32381
7.86667
3.15238
5.49524
16.1619
8.17143
10.5238
7.74286
6.1619
3.17143
5.55238
11.3619
3.31429
5.97143
3.6
3.52381
12.0095
5.9619
3.33333
3.99048
3.02857
7.97143
3.0381
7.2
7.92381
5.2
5.4
6.21905
9.90476
5
6.95238
8.14286
3.38095
3.08571
3.35238
5.14286
5.64762
6.90476
3.04762
6.75238
6.84762
3.35238
3.65714
5.28571
3.1619
3.31429
3.18095
7
7.15238
3.69524
3.40952
7.34286
6.24762
6.01905
3.24762
8.02857
8.86667
3.24762
3.44762
3.14286
7.02857
3.27619
3.11429
9.85714
3.13333
3.01905
3.42857
10.1429
3.06667
3.0381
10.1714
3.25714
5.10476
5.92381
8.08571
5.00952
4.65714
5.5619
10.0667
5.58095
8.53333
6.80952
6.98095
11.9048
6.37143
4.77143
7.41905
8.25714
5.60952
5.45714
3.27619
3.8
5.51429
6.0381
6.64762
3.67619
3.21905
5.29524
6.15238
7.07619
3.77143
4.4381
4.9619
5.87619
6.55238
3.4
3
11.7429
6.46667
6.10476
6.50476
4.38095
6.8381
7.09524
3.18095
3.17143
7.37143
6.82857
3.29524
3.1619
7.12381
14.7619
7.93333
5.62857
12.7524
10.5238
5.7619
3.24762
3.12381
3.22857
5.80952
6.13333
6.1619
3.26667
4.62857
5.04762
13
8.48571
9.3619
5.93333
3.02857
3.37143
9.0381
5.20952
10.6571
10.781
5.89524
6.20952
8.42857
6.68571
6.12381
6.67619
3.2
3.15238
3.55238
3.1619
4.24762
3.17143
3.44762
10.981
7.57143
6.50476
9.53333
5.1619
8.22857
3.07619
9.0381
11.1524
5.85714
4.94286
10.8952
7.49524
3.2381
4.50476
8.86667
12.6762
3.10476
6.24762
3.26667
8.28571
3.08571
3.26667
5.53333
4.15238
5.6381
3.7619
6.18095
8.18095
3.40952
3.52381
3.53333
7.10476
4.87619
5.7619
3.45714
3.21905
3.55238
5.22857
4.8
9.12381
5.8
3.39048
11.0381
6.94286
3.41905
12.8381
8.53333
5.64762
3.93333
7.28571
6.61905
6.47619
7.10476
8.54286
4.12381
4.60952
10.9619
3.50476
6.2381
5.26667
5.98095
7.38095
5.48571
3.15238
8.73333
9.4381
3.1619
9.48571
3.13333
4.66667
8.1619
6.38095
6.8
3.86667
3.68571
7.33333
9.26667
12.2
8.41905
9.4
3.30476
3.09524
8.99048
3.82857
3.06667
5
5.41905
11.6857
4.65714
12.2952
3.02857
4.90476
7.30476
5.0381
4.00952
6.64762
6.44762
6.87619
5.29524
5.13333
3.26667
6.33333
14.8381
3.29524
8.94286
8.6381
3.49524
10.9429
7.61905
6.08571
7.84762
3.89524
8.78095
3.28571
5.53333
7.86667
5.40952
3.58095
6.80952
13.2095
7.58095
8.11429
6.32381
5.09524
9.91429
3.28571
4.97143
3.27619
4.88571
3.13333
13.5905
3.4381
6.39048
3.6381
3.27619
3.35238
5.51429
5.41905
6.24762
10.2381
4.68571
5.7619
4.60952
8.71429
7.05714
4.95238
5.64762
9.4
6.06667
3.45714
4.57143
9.72381
3.51429
5.25714
6.65714
3.22857
5.50476
6.71429
8.88571
3.91429
6.87619
3.33333
4.93333
12.6667
5.75238
3.2381
9.24762
3.55238
3.4381
6.53333
3.49524
9.42857
5.22857
3.25714
3.06667
8.29524
9.53333
6.08571
6.34286
5.20952
12.2667
3.68571
3.42857
3.65714
3.34286
6.47619
3.15238
8.54286
4.51429
3.40952
3.04762
3.2
11.1524
4.30476
4.71429
3.0381
3.2381
9
4.37143
3.04762
6.53333
3.25714
3.6
12.1143
3.07619
7.19048
4.97143
9.69524
9.92381
6.13333
6.1619
6.2381
13.4952
10.9714
3.14286
6.72381
3.32381
10.2952
6.46667
3.94286
6.09524
11.4857
3.5619
13.0667
7.06667
6.67619
3.46667
4.77143
3.32381
5.10476
9.41905
6.93333
8.24762
10.6762
3.41905
6.01905
3.21905
11.0571
9.92381
3.09524
3.05714
3.58095
4.77143
6.49524
11.6952
9
12.2095
9.2
3.59048
6.50476
9.15238
4.67619
11.8286
9.62857
10.9333
6.8381
3.21905
4.33333
5.32381
5.82857
5.59048
6.31429
6.11429
5.5619
7.81905
3.25714
3.41905
9.6381
9.1619
3.21905
8.69524
3.04762
8.28571
4.60952
5.90476
5.46667
5.68571
6.57143
8.14286
6.97143
6.40952
3.29524
8.74286
6.61905
8.60952
7.4381
8.01905
9.92381
9.22857
3.21905
10.0095
5.71429
10.3524
3.71429
3.21905
4.68571
7.18095
5.25714
6.84762
6.13333
5.41905
3.17143
3.60952
5.40952
6.68571
7.41905
3.45714
8.33333
7.1619
8
7.8381
6.35238
3.54286
3.53333
5.8381
3.28571
7.67619
3.14286
9.30476
6.20952
3.00952
3.05714
3.31429
5.86667
3.09524
6.79048
12.6571
9.55238
6.4381
9.94286
6.81905
7.18095
5.30476
5.54286
6.95238
9.70476
7.10476
6.99048
9
3.2381
6.05714
4.20952
6.65714
6.68571
3.22857
3.67619
8.15238
5.70476
4.17143
3.12381
3.10476
7.55238
3.22857
7.90476
4.13333
3.9619
3.04762
6.75238
3.2381
4.85714
9.52381
4.08571
3.59048
7.71429
5.85714
4.79048
8.66667
10.3429
6.12381
6.04762
7.65714
8.06667
3.2
5.80952
5.24762
4.29524
3.18095
7.87619
7.15238
4.66667
3.49524
9.2381
6.93333
9.1619
6.26667
7.07619
8.85714
12.0667
4.85714
6.32381
3.39048
7.07619
7.04762
6.28571
3.22857
3.21905
6.31429
6.01905
3.14286
3.51429
11.4286
9.46667
8.38095
6.74286
3.3619
7.81905
3.07619
4.17143
5.4
12.4286
7.10476
5.10476
3.52381
8.78095
6.59048
5.6
9.79048
4.89524
8.90476
3.60952
12.4857
3.11429
6.86667
3.38095
6.7619
4.91429
8.60952
3.1619
9.04762
3.45714
8.27619
3.78095
12.2095
5.53333
3.46667
5.45714
8.41905
8.61905
4
3.21905
9.42857
3.53333
5.71429
5.92381
5.6
3.00952
3.75238
7.49524
7.53333
9.89524
3.4
5.0381
3.1619
6.13333
5.89524
5.61905
13.4667
8.25714
8.12381
3.7619
4.59048
3.15238
10.6
3.25714
3.0381
9.24762
3.18095
3.37143
6.33333
8.4381
4.26667
3.4381
3.57143
7.17143
3.12381
3.38095
9.05714
5.08571
8.00952
4.86667
5.72381
3.62857
3.69524
6.6
4.97143
4.93333
11.6381
6.8
4.51429
4.88571
6.72381
3.5619
10.7429
9.11429
6.41905
5.35238
3.21905
3.7619
3.20952
9.47619
3.18095
22.2762
3.28571
6.57143
7.77143
5.95238
3.05714
7.32381
3.35238
5.41905
3.18095
6.57143
7.81905
5.40952
3.52381
4.4381
3.11429
3.09524
4.82857
5.9619
3.21905
5.90476
3.87619
5.37143
3.0381
4.98095
8.38095
8.74286
7.47619
5.80952
6.30476
3.25714
4.64762
7.00952
3.09524
6.48571
5.69524
6.99048
11.3238
6.07619
10.0095
7.79048
3.26667
5.80952
6.24762
8.58095
3.26667
8.31429
5.82857
3.92381
8.59048
8.92381
3.15238
3.4381
6.28571
3.19048
6.70476
3.53333
3.05714
6.87619
6.8
5.71429
6.59048
8.91429
7.69524
7.15238
12.8
3.74286
6.24762
5.47619
7.98095
3.0381
7.75238
6.47619
5.15238
5.67619
4.84762
7.45714
9.98095
4.93333
6.37143
4.4
11.819
8.6
5.34286
9.44762
8.54286
6.44762
3.47619
3.19048
9.79048
10.1429
8.74286
5.4381
5.1619
5.93333
5.39048
5.49524
3.64762
3.06667
7.6381
11.9333
3.45714
3.65714
3.09524
3.0381
3.08571
8.34286
3.0381
7.28571
8.53333
7.17143
8.50476
5.6381
4.87619
8.97143
6.55238
3.08571
3.01905
6.07619
3.29524
3.06667
9.30476
5.79048
7.59048
3.05714
3.64762
6.80952
3.13333
4.88571
3.18095
9.44762
3.38095
10.0286
5.49524
7.26667
7.79048
6.04762
3.41905
6.04762
3.0381
6.85714
11.7524
8.15238
4.67619
3.13333
10.7714
9.86667
3.09524
3.66667
3.2
6.25714
6.39048
5.07619
3.14286
5.75238
10.3714
9.72381
9.00952
5.69524
3.2381
5.54286
5.93333
8.8
4.47619
9.08571
5.9619
7.53333
8.59048
8.38095
5.66667
9.70476
10.0762
5.55238
5.33333
9.87619
11.1238
7.65714
7.72381
6.95238
6.9619
4.17143
5.61905
6.58095
5.11429
10.3714
9.75238
7.85714
5.89524
8.1619
5.54286
5.22857
4.70476
4.60952
4.75238
5.0381
10.4476
8.1619
4.37143
3.60952
5.48571
10.5143
12.1429
6.46667
5.92381
8.59048
5.05714
6.80952
5.45714
5.97143
10.3048
5.55238
5.2
3.18095
3.07619
3.26667
10.7619
5.4
3.40952
6.06667
3.49524
5.40952
11.4571
10.1905
9.39048
5.99048
4.3619
4.28571
3.46667
6.9619
6.48571
6.9619
11.1524
4.86667
7.24762
5.39048
3.26667
6.80952
3.2381
3.85714
3.08571
6.78095
3.92381
7.29524
3.01905
3.1619
3.61905
3
3.51429
3.84762
3.2381
6.15238
4.14286
9.21905
8.94286
6.33333
7.9619
9.8
8.71429
12.6
8.10476
9.79048
14.1429
3.74286
6.08571
8.35238
4.13333
5.49524
3.09524
7.30476
9.54286
11.6286
3.02857
8.87619
3.14286
7.88571
9.25714
3.04762
8.51429
3.02857
5.89524
5.39048
7.77143
11.5714
6.61905
5.48571
7.27619
3.41905
3.59048
6.6
6.17143
5.8
5.34286
3.21905
11.9714
5.18095
13.8476
8.55238
3.25714
4.71429
11.7238
6.92381
4.98095
5.25714
5.97143
11.4476
6.84762
3.27619
6.18095
9.7619
7.98095
10.4857
8.24762
6.97143
8.34286
10.819
4.47619
6.48571
9.1619
3.17143
3.22857
6.18095
3.58095
7.09524
4.71429
5.80952
8.33333
6.88571
3.27619
5.35238
3.42857
7.48571
10.3905
6.30476
3.22857
3.07619
3.55238
8.69524
5.18095
13.2762
6.34286
3.24762
3.86667
7.64762
7.40952
8.85714
7.20952
5.31429
3.40952
3.04762
5.89524
5.4
3.32381
3.31429
3.20952
5.40952
3.79048
3.92381
6.08571
7.41905
9.73333
6.24762
6.7619
3.14286
4.77143
3.2
5.8381
10.8095
8.39048
5.69524
5.4
3.40952
3.30476
5.11429
6
11.819
11.5619
3.39048
6.53333
9.28571
9.34286
7.71429
6.4
7.04762
3.73333
7.39048
8.39048
3.07619
7.60952
3.26667
3.35238
7.37143
8.15238
4.21905
3.31429
7.0381
6.61905
3.41905
5.80952
3.13333
6.73333
3.27619
6.28571
13.4667
11.5333
3.50476
9.94286
5.29524
6.42857
7.18095
6.74286
7.95238
7.48571
2.05714
8.19048
5.32381
3.44762
2.14286
2.22857
2.20952
3.52381
2.12381
2.11429
4.1619
4.13333
2.15238
4.93333
2.87619
4.64762
2.2
4.14286
8.11429
2.19048
3.62857
3.31429
2.99048
2.44762
2.29524
5.19048
5.69524
2.10476
8.73333
2.6381
2.19048
2.05714
2.14286
4.38095
2.06667
2
3.93333
2.10476
2.24762
2.73333
4.20952
2.25714
2.17143
5.02857
2.3619
2
5.00952
6.21905
4.15238
4.47619
2
2.20952
9.07619
2.27619
4.4381
2.10476
5.59048
2.6
2.0381
2.26667
4.93333
2.42857
2.11429
8.11429
2.68571
10.8857
28.4762
4.44762
8.14286
3.35238
4.11429
2.15238
6.31429
11.181
2.19048
2
2.07619
2.18095
2.15238
4.39048
2.60952
2.38095
4.44762
2.13333
2.01905
2.24762
4.05714
2.4
6.6381
9.74286
8.09524
8.2381
5.68571
2.57143
5.86667
2.21905
4.00952
4.97143
4.74286
11.3048
2.35238
3.55238
2.05714
4.68571
3.82857
2.81905
2.97143
6.26667
2.00952
2.17143
4.59048
4.82857
2.47619
2.53333
2.00952
2.01905
2.29524
3.09524
7.19048
4.19048
2.11429
2
4.84762
7.71429
5.27619
2.25714
3.12381
5.57143
7.46667
1
4.74286
1.09524
6.09524
8.95238
1.09524
3.12381
2.26667
1
1.14286
1.00952
5.2
4
1.34286
3.85714
1
1.31429
1
1.06667
4.64762
3
1.1619
1.01905
3.04762
5
1.8
6.70476
1.52381
1
1.09524
1
1.07619
1.15238
1.52381
6.54286
1
1.01905
1.38095
1
5.12381
1.31429
4.68571
8.79048
4.26667
1
1
6.35238
1
1.05714
1
1.12381
5.32381
5.4
1.11429
1.21905
3.89524
1.2381
1
1.08571
4.51429
3.7619
2.15238
2.90476
1
1
1
1.05714
3.99048
4.95238
1.02857
3.40952
2.85714
1
1.13333
1.35238
1.00952
1.52381
1.12381
1.01905
1
1.00952
5.24762
1.01905
1.02857
1
1
1.10476
1.00952
1.06667
7.53333
1.00952
1.00952
4.88571
7.38095
2.99048
6.35238
1.15238
6.10476
1
1.14286
4.13333
6.18095
1.05714
1.1619
6.99048
1.17143
1
7.01905
1
1.02857
1.04762
1.02857
3.50476
5.0381
1.00952
4.47619
1.06667
1
6.28571
1.01905
7.34286
1.12381
1
1.24762
5.66667
1.01905
2.84762
6.1619
1.06667
1.05714
1
1
3.2
1.19048
1.06667
2.1619
1
1.02857
5.54286
1.05714
4.82857
1.02857
3.99048
1.12381
2.11429
1.4
6.86667
4.08571
1.60952
1
5.77143
5.3619
5.02857
2.18095
1.02857
1.06667
1
1.02857
1.25714
1.60952
1.02857
1.24762
5.32381
5.11429
1.08571
1.57143
1
4.85714
6.97143
1.05714
1.00952
1.19048
4.46667
5.81905
3.07619
1
5.40952
1.24762
1.37143
1.04762
1.01905
1.04762
1.00952
1
1.25714
5.09524
4.65714
5.70476
1.00952
1.4
1.08571
1
5.40952
6.11429
3.3619
1
5.29524
1
5.73333
5.54286
1
1.3619
1.02857
2.5619
1.00952
1.04762
6.52381
4.94286
1.17143
1.0381
1.28571
1
1.37143
2.24762
4.79048
1.19048
4.08571
5.57143
1
1.0381
1.05714
1.14286
5.13333
1.0381
1.2
1.02857
1.08571
1.35238
1
1.5619
1.30476
3.28571
1.31429
1.02857
1.06667
1.38095
2.75238
1.02857
1.18095
2.33333
1.66667
1.02857
4.27619
1.1619
1.24762
1.17143
1.05714
1.14286
1.10476
1.04762
8.37143
1.02857
1
1.05714
1.02857
1.02857
1.11429
1
1.00952
1.04762
1.27619
1.05714
1.02857
1.09524
1.08571
6.25714
1
1.14286
1.15238
4.32381
8.06667
1.07619
1.11429
1
5.40952
1.06667
6.97143
6.68571
1.02857
4.3619
1.01905
1.22857
1.04762
1
2.73333
4.33333
1.29524
1.00952
1.02857
4.6
1
3.37143
1
3.71429
4.71429
4.04762
4.4
7.75238
4.37143
6.27619
1.14286
1
1.59048
4.19048
1.02857
1.37143
1.01905
1.12381
1.00952
1
3.94286
3.72381
1.04762
1.18095
7.81905
5.47619
1.30476
1
4.71429
1
1
1
5.4
1.09524
1
4.41905
8.11429
1
6.55238
4.41905
1
5.04762
5.29524
1
5.5619
3.82857
4.5619
2.09524
1.1619
1
1.04762
5.29524
1.0381
1
3.61905
1.2381
1.02857
1.58095
1.28571
1.12381
1.10476
2.62857
5.33333
3.72381
1.0381
4.87619
3.7619
1.00952
1
1.11429
1.13333
1.01905
1.21905
1.47619
1.3619
3.40952
6.86667
5.80952
4.61905
1.0381
1.18095
1.1619
5.6381
2.92381
1.02857
1.28571
4.92381
1
2.24762
4.59048
4.12381
5.06667
1.12381
3.98095
1.0381
3.82857
2.31429
1.2
1.99048
2.95238
4.49524
5.90476
1.25714
1
6.2381
1.00952
1.12381
1.19048
6.00952
5.13333
1.00952
1.0381
1.08571
1.22857
1.34286
4.75238
6.57143
3.78095
1.06667
1.10476
1
1.0381
5.42857
2.62857
3.2
5.64762
1
1.2
5.95238
1.18095
1.00952
1.52381
1.04762
1.11429
7.46667
3.74286
5.20952
1.21905
7.07619
1.17143
5.94286
4.06667
1.06667
5.62857
7.87619
4.41905
1.02857
1.12381
1
1
1
1.10476
1
4.5619
1.00952
1.12381
3.64762
1.6
1.11429
1.21905
1.46667
1.01905
5.62857
1
1.11429
1.28571
1
1.0381
5.93333
1.06667
1.04762
5.8381
6.61905
1.00952
1.01905
1.0381
1.02857
1
4.49524
2.61905
5.87619
1.45714
1.09524
4.6381
1.71429
1
4.28571
5.18095
1.09524
3.95238
1.33333
1.1619
1.2
1.52381
1.02857
1.02857
3.81905
1.09524
1.01905
4.77143
1.10476
1.20952
4.92381
1.12381
4.40952
1.21905
1.32381
1
1
1.27619
3.32381
1.64762
3.10476
5.15238
3.8381
1.13333
1.2
5.62857
1.13333
1.11429
7.58095
3.90476
1.26667
1.00952
4.86667
3.35238
1
3.93333
5.69524
1.18095
4.8
1.25714
1.24762
1.05714
1
1.20952
1.27619
1
1.00952
2.84762
1
1.13333
1.0381
4.18095
3.34286
1
1.02857
1.05714
1.18095
1
1.19048
5.77143
1.24762
1.06667
1
1.01905
6.22857
5.44762
9.20952
4.79048
1.02857
1.05714
6.95238
1.10476
3.51429
1.18095
4.60952
3.88571
6.90476
1.06667
4.50476
1.00952
1.00952
1.47619
1
2.5619
4.45714
1.10476
1.10476
1.09524
8.4381
1.12381
1
1.14286
1.01905
5.9619
1
1.53333
1.13333
1
1.06667
5.15238
1.05714
1.29524
1
1.04762
1.0381
1.14286
5.31429
1.08571
6.29524
1.01905
1.31429
1
3.95238
1.0381
3.87619
4.45714
6.64762
1.31429
1.62857
1.74286
5.02857
1.2
1.24762
1.14286
1.06667
1.55238
1.05714
7.90476
1.01905
1
1.17143
1.0381
3.45714
1
8.99048
1.07619
1.00952
1.18095
1
1.09524
5.06667
1.79048
1.19048
1.04762
1.12381
1.00952
8.47619
1
3.59048
6.27619
1.08571
5.1619
1
1.04762
1.53333
4.22857
1.29524
1.01905
1.0381
1.02857
1
7.84762
1
5.90476
1
4.46667
1.15238
1
1.02857
1.11429
1.00952
3.85714
4.3619
1.17143
1.00952
1
1
4.46667
5.27619
1.11429
1.72381
3.55238
1.09524
1.20952
1.27619
1.04762
1.04762
1.01905
5.79048
1.12381
4.2381
3.88571
5.8
1
1.35238
6.07619
1.08571
7.00952
1.25714
1.24762
6.8
1
1.64762
1
5.42857
6.28571
1.10476
1.14286
5.12381
6.02857
1.22857
1.15238
1.00952
1.08571
6.29524
1
3.95238
2.88571
1.12381
1.00952
1
4.78095
1.28571
1.12381
6.40952
1.08571
1
6.10476
1.0381
6.88571
1.55238
1.11429
1.01905
1.28571
6
1.12381
3.72381
3.11429
4.48571
7.75238
3.25714
1.04762
1
1.01905
1.20952
2.59048
1.22857
1.01905
3.95238
1.13333
3.5619
4.55238
1.12381
1.27619
1.2
1.08571
1.15238
3.5619
1.22857
4.33333
4.12381
1
1.12381
7.67619
4.17143
5
1.06667
1.0381
1.4381
1
1
1.10476
3.02857
1
7.11429
1
2.33333
1.12381
1
3.17143
4.78095
1.11429
1.05714
1.15238
1.17143
3.6381
1.31429
1.27619
1.06667
1
1
1.15238
1.00952
1.00952
3.95238
1.20952
3.4381
1.35238
5.02857
1.01905
1.20952
1
5.10476
1.11429
1.02857
1.52381
1.07619
3.53333
1.24762
1.09524
1.30476
3.64762
5.73333
3.2381
1.19048
3.7619
3.25714
1.04762
1.2
2.28571
6.2
1.04762
1
1
1.32381
5.6
1.02857
4.06667
1.01905
1.24762
1.01905
1
4.84762
2.89524
1.04762
1.06667
1.34286
1.04762
2.20952
1.09524
1
5.87619
1
1.09524
1.2
1
3.90476
1.14286
1.2381
1.25714
5.50476
1.14286
2.08571
5.73333
1.2
1
1.4
1.2
1
3.80952
3.78095
1.04762
1.01905
1.05714
5.75238
1.17143
6.89524
1.00952
1.07619
4.05714
1.25714
1.01905
1.09524
1.34286
1.24762
1
1.33333
1.32381
3.0381
3.77143
4.60952
3.2
6.41905
1
1.00952
1.25714
1
2.62857
5.12381
1.08571
1
3.51429
1.05714
1.06667
2.40952
1.17143
1.61905
6.68571
1
1
1
1
1.18095
1
6.6
4.99048
1
1.19048
1
1.15238
2.6
1.00952
6.89524
7.05714
7.33333
1
1.10476
2.70476
1
5.11429
1.0381
1.06667
1
4.55238
5.10476
1.11429
1
1.52381
1.89524
1.00952
6.24762
1.01905
1
1
1.20952
5.9619
2.54286
5.38095
5.40952
1.54286
1.4
4.64762
1.01905
6.10476
1.04762
4.42857
1.11429
1.41905
5.2
1.10476
1.30476
1.25714
1.32381
1.17143
1
5.14286
7.40952
3.10476
1.24762
5.39048
1
1
1.0381
1.05714
5.4381
1.0381
7.44762
1.69524
4.80952
4.99048
4.92381
1.12381
1.10476
3.89524
1
7.18095
1.19048
1.01905
1.00952
1.08571
5.42857
1.00952
1.09524
6.27619
1.53333
1.01905
4.38095
1.0381
1.07619
1.19048
1
5.65714
7.6381
4.70476
1.18095
1.01905
1.18095
1
7.20952
1.89524
4.61905
1
1.84762
5.73333
1.8
1.01905
1
1.29524
4.50476
6.18095
4.7619
1.0381
1.07619
5.7619
1.20952
3.72381
1
1
1
1
1.2
4.48571
1.17143
4.92381
1.13333
5.09524
2.11429
1.54286
3.4
1.08571
1.08571
1
1.15238
2.62857
5.73333
3.49524
6.6
1.14286
1.09524
1.81905
2.34286
5.38095
1
4.84762
1.11429
1.0381
1.01905
5.2
1
1
8.51429
7.64762
4.34286
1
3.61905
1
3.93333
1.11429
1.12381
1.45714
1
2.34286
1.04762
8.05714
1.14286
3.2
1
1
4.32381
1
1
6.37143
6.04762
4.64762
1.27619
1.25714
1.13333
1
1.12381
1
1.12381
3.24762
4.20952
1
1.19048
1.08571
1
1
1.01905
3.99048
1
3.82857
3.85714
1
6.52381
1.14286
1.17143
1.1619
1.18095
1.27619
1.04762
1.12381
1.01905
1.00952
1.05714
1.48571
1.00952
1.15238
1.04762
1.0381
4.52381
5.88571
1.7619
1.0381
1.00952
1.53333
1.21905
1
1.31429
1.22857
1.13333
1.02857
1.07619
1.00952
1.05714
1.05714
4.90476
8.11429
1.2381
4.64762
1
4.75238
3.97143
1
1.02857
1
1.24762
1
1.06667
1.27619
1.09524
1.01905
1.14286
1.24762
1
1
1.04762
1.02857
5.15238
3.41905
1.04762
1.02857
1.28571
1.05714
4.79048
4.37143
1.00952
1.97143
1
3.20952
3.64762
1.13333
6.6
1
5.21905
3.07619
4.53333
1.01905
6.17143
1.00952
1.19048
3.39048
1.06667
4.98095
1.35238
6.05714
1.67619
1.10476
4.8
7.80952
1
5.49524
1
1.06667
1.35238
4.35238
9.27619
1.51429
5.47619
1.79048
4.90476
5.38095
6.04762
1.26667
5.04762
1.42857
1.27619
1.02857
1.18095
5.39048
1.25714
4.7619
5.4381
3.92381
4.05714
1.02857
5.68571
5.88571
1.11429
1
6.09524
1.1619
1.13333
1.17143
1.02857
1.60952
5.37143
1
1.07619
5.44762
1.04762
6.3619
4.66667
1.0381
1.09524
5.01905
1.06667
1.07619
1.14286
4.14286
1.08571
1.73333
6.51429
6.81905
1.01905
1.18095
1.15238
1.02857
5.86667
1.05714
5.59048
1.00952
1
5.44762
1
1.17143
1
1.66667
4.94286
5.82857
4.02857
1
5.84762
1.05714
1.51429
1.00952
4.5619
1.10476
1.91429
1
8.14286
4.75238
4.74286
1
1.1619
2.06667
1.0381
1.2
1
1
4.1619
1.1619
2.30476
1.15238
1.13333
4.62857
1.00952
1
3.38095
1.29524
1
1.47619
1.18095
1.04762
5.80952
1
1.08571
1.18095
1.09524
3.51429
1.00952
1
1.59048
1.55238
1.05714
1.28571
1.1619
1.00952
6.79048
4.44762
3.54286
1.07619
1.4381
3.89524
2.31429
1.02857
1.08571
2.29524
1.05714
4.28571
3.20952
1.21905
1.71429
1.88571
3.73333
5.85714
1.58095
5.18095
6.06667
2.4
5.48571
1
1.75238
10.7619
2.3619
4.34286
1.01905
7.13333
1.06667
1
1
5.5619
1
1
1.54286
1.55238
1.01905
1.25714
1.42857
1.00952
5.06667
3.75238
2.38095
4.60952
1.10476
4.3619
1.44762
1.25714
1.22857
3.97143
3.55238
4.00952
2.85714
6.58095
1
1.04762
5.13333
4.71429
3.49524
1.20952
4.02857
1
1.09524
1
1
1.01905
1.00952
1.06667
1.82857
1.31429
1.40952
1.28571
1.09524
1.24762
1.2
1.10476
1.00952
1.04762
1.07619
1
1.0381
6.37143
1.19048
1.2381
1
3.82857
1.30476
1.33333
1.25714
4.28571
5.89524
1.13333
1
4.64762
2.67619
2.8381
1.01905
1
3.3619
1.00952
1.31429
1.07619
1
6.34286
7.71429
5.15238
1.00952
2.69524
1
6.5619
1.01905
6.57143
4.64762
3.68571
4.9619
3.68571
1.81905
1.09524
3.51429
7.01905
6.88571
1.00952
2.60952
2.04762
1.1619
1.14286
1.15238
3.74286
1.25714
2.58095
4.18095
1.00952
1.55238
1.47619
1.8
1.02857
8.84762
1.02857
1.09524
1
3.82857
4.65714
1.4
1.00952
4.12381
1.35238
1.0381
4.85714
4.29524
1.04762
1
1.09524
1.00952
5.05714
4.4381
3.84762
4.02857
1.00952
1.21905
3.37143
1.20952
1
3.58095
1
5.52381
6.09524
1.02857
1
1.10476
4.12381
5.61905
1.24762
1.47619
1.30476
3.95238
1.06667
5.87619
1.45714
1.01905
1.01905
1.13333
1.06667
1
1.00952
1.2
1.10476
1.0381
1
1.11429
2.44762
1
4.49524
1.87619
1
1.12381
1.00952
1
1.04762
11.7905
1
1.02857
4.25714
1.10476
5.21905
1
3.68571
1.71429
1
1.07619
1.12381
1.04762
2.58095
1
1.71429
5.18095
1.13333
1.0381
1.00952
1.09524
1
1.09524
1.02857
4.95238
5.79048
6.2381
1.11429
1.14286
1.01905
2.4381
6.8381
3.1619
1.21905
4.74286
6.10476
1.46667
1.01905
1.10476
5.31429
1.04762
1.49524
1.28571
1.19048
1.22857
1
7.8
1
1.71429
3.44762
1.05714
1.0381
3.25714
1.01905
1.2381
1.00952
3.06667
1.07619
1.14286
4.31429
1.10476
1.15238
1
5.94286
5.06667
1
1
2.71429
1.04762
1.09524
5.74286
1
1.3619
6.66667
1.11429
7.69524
5.62857
4.0381
1.22857
1.62857
1.2
1.09524
1.01905
3.51429
1.08571
1.01905
1.04762
4.1619
1
1
1
4.8381
1.00952
1.21905
1
1
1.05714
1.35238
6.41905
4.39048
1
1.29524
5.39048
5.37143
1.46667
4.34286
1.15238
1.00952
6.04762
4.10476
1
1.5619
3.46667
1.99048
1.37143
5.92381
3.42857
1.0381
6.10476
1.25714
5.27619
1.28571
6.61905
1
1.30476
4.69524
1.1619
4.75238
4.4
1.6381
1.00952
1
1
1
1
1.10476
1.15238
3.73333
5.31429
6.4
5.5619
1.01905
1
2.33333
6.13333
4.44762
1.05714
1.01905
1.19048
1.10476
2.10476
1.08571
1.37143
1.2
1.14286
2.02857
1
3.84762
1.1619
4.73333
5.93333
1.30476
1.09524
5.22857
6.00952
1.22857
8.31429
1.1619
1.2381
2.85714
4.81905
3.81905
4.93333
1.02857
1
1
1.0381
3.47619
4.5619
6.45714
1
3.39048
6.4
1.00952
1.38095
5.92381
6.2
1.11429
1.78095
1.18095
1.93333
4.27619
3.44762
1.00952
1.05714
1
5.28571
2.01905
1.05714
4.12381
1
3.79048
1
4.64762
1.19048
1.06667
1
3.07619
6.54286
1.13333
1.11429
1.00952
1.01905
4.42857
1.10476
1.01905
1.18095
5.1619
4.9619
3.85714
1.04762
1.01905
1.12381
4.47619
6.02857
1
1.35238
7.79048
8.32381
3.57143
1
4.87619
1.02857
1
5.9619
1.10476
1
2.74286
1.19048
1
1.07619
1.20952
2.77143
6.73333
1.54286
1.04762
1
1.34286
1.52381
5.33333
6.80952
3.81905
1.89524
1.06667
1.00952
5.32381
6.5619
5.04762
3.11429
1.05714
3.33333
1.00952
4.72381
7.11429
5.52381
1.13333
5.44762
1
1.05714
1.2381
4.09524
1
1
1.12381
1.06667
1.08571
4.42857
1.21905
1.02857
4.49524
8.26667
4.11429
6.7619
1.04762
1.32381
1.26667
1.19048
1.48571
5.1619
1.5619
1.07619
4.73333
1.01905
1.08571
6.38095
3.37143
1.15238
1.09524
7.29524
5.06667
2.04762
3.58095
1.33333
1.01905
1
1.00952
1.04762
1.10476
1.02857
1.01905
1.1619
1
1.09524
2.40952
4.11429
1
1.17143
1.12381
5.31429
1.14286
1.07619
2.7619
4.01905
1.37143
1.12381
1.0381
7.32381
1.15238
1.11429
4.2
1.71429
1.1619
1.0381
1.09524
1
1.13333
5.26667
1.00952
1.00952
1.2381
7.14286
6.4
1.10476
1.00952
1.01905
6.40952
4.65714
1.17143
4.99048
2.75238
1.25714
1
1
5.25714
4.74286
1.34286
4.60952
1.15238
1
1.14286
1
5.40952
2.8
1.13333
1.13333
4.69524
1.1619
5.66667
6.04762
1
3.74286
1.30476
1.00952
1.11429
1.26667
1
1.1619
1.14286
5.1619
1
1.1619
1.19048
1.27619
1
6.45714
1.00952
1
4.25714
6.04762
1.00952
3.10476
1
3.2381
1.09524
3.24762
4.37143
1.02857
3.02857
1
6.2
1.15238
1.21905
1.28571
4.99048
1.12381
4.89524
1.15238
4.87619
5.50476
1.14286
4.99048
1.14286
1.25714
5.82857
1.11429
3.8381
6.57143
1.01905
1.01905
4.97143
1.39048
1.48571
4.92381
1.31429
1.45714
4.79048
4.42857
1.25714
1.29524
5.4381
5.74286
4.4
4.17143
1.38095
4.85714
1
4.02857
1.08571
1.13333
7.95238
5.57143
1
1.41905
4.64762
1.11429
1
1.11429
3.19048
1.10476
8.32381
1.00952
4.42857
1.06667
4.9619
1
1.52381
1.13333
3.25714
1
1
1.18095
1.14286
3.2381
1.22857
9.08571
4.41905
1
4.2381
1
1.10476
1
1.35238
1
4.1619
4.58095
5.35238
1.04762
1.10476
1.0381
1
1.9619
1.05714
8.68571
1.10476
4.01905
1.02857
1.41905
6.10476
3.75238
1.04762
1
3.40952
1
1.02857
8.6381
1.10476
1.12381
1.02857
1
1.06667
1.05714
4.92381
1.04762
2.4
3.75238
1.00952
1.01905
1.08571
5.06667
2.29524
5.74286
4.11429
3.35238
1.00952
4.92381
1.37143
5.79048
5
4.14286
1.19048
4.77143
2.0381
5.51429
1
4.15238
2.50476
1.20952
1.0381
1.3619
1.13333
1.00952
5
1.31429
1.24762
1.14286
3.18095
1.02857
1.22857
1
1.07619
1.11429
1
1.00952
1
1.11429
1.09524
5.72381
1.00952
1.27619
