10876
17
12.56
8.12
12.28
9.72
10.32
12.96
8.88
13.68
14.36
17.36
9.32
13.44
9.56
16.16
12.16
8.28
12.8
9.68
18.08
15.88
15.08
9.16
12.96
8.2
17.76
12.4
8.28
8.28
8.2
8.56
9.96
11.48
11.4
9.96
9.64
13
14.92
15.6
11.32
8
16.52
19.16
13.72
9.12
10.16
15.52
12.72
8.28
12.68
9.8
11.92
14.36
9
11.24
16.08
8.2
13.04
11.32
10.68
17.84
13.52
19.04
13.8
9.16
14.88
10.6
8.2
16.32
8.52
24.64
10.76
10.2
11
13.4
11.76
10.6
11.36
10.6
11.88
11.64
9.36
9.92
11.68
10.16
10.76
16.44
15
10.28
10.32
10.56
10.44
8.08
11.96
9.84
8.96
12.28
15.8
10.6
12.12
14.04
14.8
10.36
8.08
11.08
14.92
12.6
8.04
8.32
14.88
11.48
11.24
14
10.2
10.88
10.6
8.92
11.4
14.32
13.72
17.92
10.32
9.08
10.68
8.12
18.12
13.08
14.76
16.28
17.08
10.28
13.24
11.08
9.56
14.76
15.04
15.24
11.12
13.36
9.32
15.28
14.8
14.12
15.52
9
16.44
12.28
12.44
11.76
12.76
9.76
17.12
17.12
12.36
11.36
13.88
13.68
10.8
9.68
9.32
10.2
14.96
11.08
11
17.24
15.08
12.2
10.4
11.56
10.4
13.08
12.36
9.96
9.92
8
8.12
10.84
13.56
15.68
13.76
13.04
15.96
10.52
15.84
13.48
13.48
12.08
9.4
11.28
17.24
17.28
14.44
12.2
11.28
14.72
10.16
9.12
10.16
9.04
16.2
13.52
10.6
11.32
13.44
8.04
8.52
12.32
10.16
13.72
14.72
10.84
13.72
8.2
14.88
12.84
11.68
13.04
8.16
12.24
8.04
10.24
9.36
11.48
18.04
10.52
9.36
9.64
8.08
9.2
9.68
14.32
9.84
12.48
12.16
10.2
10.12
12.12
9.4
8.84
11.32
8.76
8.8
8
11.2
14.12
14.56
13.88
15.76
14.8
12.36
11.2
10.32
12.44
8.32
12.48
10.96
12.04
11.72
13.04
12.32
13.76
13.8
12.68
8.68
10.48
8.24
16.4
19.6
11.72
12.68
14
16.36
19.32
12.16
8.8
11.52
13.36
8.48
12.8
16.56
15.64
11.56
8.08
10.04
15.6
15
10.92
16.6
12.24
15.64
11.84
12.96
14.96
15.32
12.12
15.24
10.04
13.4
12.96
9.32
8.4
12.24
9.52
13.4
11.88
11.68
11.68
10.84
8.2
13.84
16.56
13.52
12.32
15.2
14
9.44
8.28
12.96
20.16
15.44
8.36
8.2
11.6
11.96
11.92
10.72
12.64
13.16
14.76
11.68
8.28
22.24
8.08
8.4
9.88
9.56
8.2
8.32
12.72
13.28
11.76
8.88
8.64
11.76
8.44
10.4
19.68
9.08
10.4
10.64
12.8
11.76
14.24
8
12.8
11.28
10.88
9.52
10.12
8.36
8.24
12.72
8.4
10.72
10.16
12.68
12.04
11.96
9.6
12
11.72
9.6
8.92
10.88
8.2
8
9
10.16
13.6
16.08
11.32
9.04
15.36
14
9.12
17.52
14.44
15.8
13.96
13.12
10.64
12.48
14.92
14.04
14.96
13.88
13.8
14.2
12.12
12.32
8.16
13.52
11.04
14.12
8.4
8.88
15.72
14.16
13.4
12.04
8.2
10.56
14.68
12.4
12.12
11.76
9.08
11.24
12.16
9.6
16.08
11.16
12.04
8.36
11.88
11.32
13.16
8.64
8.2
10.24
11.04
11.64
12.28
8.48
12.4
12
13.56
9.2
11.8
10.96
12.32
11.4
11.4
11.64
11.08
14.88
13.52
10.8
9.48
11.04
14.24
12.12
13.64
10
11.44
11.76
13.72
11.36
16.56
10.48
11.36
11.2
16.72
12.48
10.2
9
9.92
8.04
8.16
10.76
12.6
10.52
8.24
12.76
11.88
12.08
13.44
14.68
13.64
12.92
9.64
10.76
11.56
8.04
13.48
11.2
14
10.96
11.88
16.24
21.2
9.72
12.88
13.76
12.52
14.76
10.76
11.88
11.28
9.4
13.76
17.24
16.6
8.2
12.8
12.08
17.6
12.24
15.76
14.52
13.48
8.28
10.12
11.28
11.2
8.68
14.48
11.16
8.32
10.72
8.24
13.68
14.36
10.76
9.2
15.52
12.92
10.48
16.48
13.12
14.64
8.12
8.04
8
11.56
8.32
11.2
14.96
15.16
8.16
10.28
10.8
15.36
13.84
11.72
10.92
14.56
12.6
10
11.6
12.8
12.4
9.6
9.8
11.52
8.6
14.56
10.04
8.24
9.96
9.96
15.48
11.76
8.6
9.48
18.32
14.84
14.24
13.84
12.52
20.68
14.36
12.92
15
13.08
12.72
11.8
18.48
8.6
16.92
11.56
10.6
11.92
11.52
9.84
9.76
11.08
16.88
12.04
10.64
15.72
8.4
16.56
12.52
9.4
14.88
9.44
10.88
9.96
11.76
13.6
9.36
13.56
11.48
11.04
8.36
13.12
14.84
11.04
12.4
15.44
16.76
8.2
8.52
9.88
8
13.68
8.52
13.96
13.12
10.36
8.28
12.24
10.48
13.6
17.24
8.6
11.96
13.36
10.68
9.48
10.24
9.84
8.28
8.44
11.08
10.44
13.72
13.32
15.28
9.36
10.28
15.48
11.04
9.04
9.32
8.96
8.04
12.52
11.6
9.28
10.96
14.24
9.04
18.28
10.16
12.16
13.36
13.92
14.48
9.4
10.2
10.84
13.96
13.96
11.72
10
15.04
12.76
13.84
12.32
11.12
8.52
8.2
11.72
11.64
11.08
10.88
11.8
11.44
10.32
13.96
12.92
12.08
12.24
11.08
15.12
15.28
14.76
10.76
10.76
10.88
14.24
10.56
10.96
10.72
13.96
9.92
13.4
10.68
9.52
14.6
15.4
10.24
9.8
11.12
14.08
8.48
11.12
9.12
9.68
12.56
11.6
11.84
10.52
8.28
11.12
12.24
14.08
8.2
14.88
9.56
14.16
13.8
13.64
10.72
12.04
14.64
14.2
8.6
13.72
17.28
11.96
13.6
8.32
8.32
8.32
10.8
11.44
18.84
8.04
8.6
13.08
10.88
8.52
11.92
9.6
17.24
11.08
11.16
13.76
18.2
9.32
11.04
8.6
8.32
10.4
12.4
8
17.48
11.08
11.2
11.76
12.32
9.92
22
9.28
13.92
12.32
14.24
13.76
9.16
11.36
16.32
9.72
14.56
13.44
12.64
12.28
12.36
14.88
15.76
13.84
12.72
13.68
11.2
12.72
8.32
14.12
11.64
10.16
15.2
13.08
19.2
12.4
11
19.16
13.04
12.64
14.64
8.56
13.24
15.68
13.84
12.16
10.2
12.56
8.12
8.72
15.76
16.84
10.72
8.04
10.52
8.04
12.8
13.32
9.32
13.68
12.92
16.24
12.08
12.88
19.6
8.36
11.88
11.96
13.08
10.16
10.68
15
15.04
12.52
9.6
11.12
14.64
11.72
12
10.28
11.48
13.56
12.44
9.44
9.28
8.08
10.6
11.08
11.56
11.76
16.84
10.08
13.52
8.64
11.64
11.84
12.52
8.44
15.48
8.32
8.44
8.36
11.96
11.32
8.28
8.08
13
13.8
13.92
10
12.76
12.24
11.36
17.8
9.36
12.44
8.52
10.08
12.48
12.36
8.04
12.76
10.04
11.92
10.92
14.2
12
9.28
9.72
9.96
8.24
10.6
8.04
12.28
19.92
11.92
11.64
11.24
8.16
13.04
10.08
10.88
15.52
15.68
8.32
9.2
11.84
9.6
10.56
12.44
10.76
12.32
13.52
9.8
13.84
10.52
13.8
12.16
14.92
11.56
13.96
9.44
11.76
15.24
12.4
10.68
9.4
9.2
10.12
8.72
8.24
14.36
11.28
10.76
14.76
19
14.2
8.32
11.16
13.72
12.8
10.04
12.16
15.4
19.08
8.12
16.52
16.64
13.96
16.12
10.04
8.48
17.36
12.08
11.76
10.76
11.6
8.48
9.6
15.48
14.84
12.8
12.12
9.88
13.68
15.52
10.2
14.4
14.56
11.96
9.4
15.28
14.36
14.72
9.16
10.12
13
12
13.48
16.44
13.12
16.64
8.44
8.08
8.16
9.8
10.12
16.16
13.88
16.6
11.16
13.68
9
10.28
15.84
10.36
11.68
12.8
12
13.24
9.44
8.36
12.76
8.28
11.44
14.6
12.56
8.68
10.68
9.28
10.72
9.4
9.04
14.52
11.28
13.88
14.72
13.28
14.96
15.36
13
15.76
9.48
11.12
12.76
9.56
9.6
17.92
15.2
8
11.28
17.88
11.8
22.48
14.4
11.88
10.64
10.36
19.72
10.32
13.68
18.08
9.36
10.44
10.32
10.56
12.36
9.56
9.16
8.64
12.32
14.36
12.68
10.56
11.72
13.04
11
13.96
14.04
16.88
11.28
10.28
15.68
12
13.4
15.52
12.84
12.04
8.04
15.44
15.04
8.96
11.64
8.32
8.16
11.24
15.6
10.04
12.24
15.4
14.32
10.28
8.92
8.88
12.6
15.32
9.16
9.12
9.92
9.36
12.36
13.72
9.96
15.28
10.12
10.48
8.24
8.68
16.32
9.72
19.04
8.2
8.72
10.64
19
16.16
13.2
13.32
13.8
11.6
8.44
11.8
10.04
9.24
12.92
8.32
12.4
8.44
13.2
9.08
10.52
11.32
13.48
12.88
16.96
11.48
18.52
15.2
15.08
10.44
8.36
15.44
13.52
13
10.36
12.84
10.16
12.2
8.56
14
9.2
10.36
11.72
8.36
12.2
8.16
10
14.96
19
11.48
12.52
10.6
11
8.64
8.56
11.92
11.72
10.88
12.96
8.2
9.56
10.12
14.08
14.64
14.32
10.76
12.48
8.76
14
13.16
10.04
13.92
12.84
13.88
13.96
11.28
9.72
14.08
9.2
10.6
15.28
10.72
12.24
13.44
12.92
12.16
8.08
9.12
8.48
15.48
9.32
9.96
12.92
8.28
17.12
11.32
13
14.72
11.72
8.76
11.12
13.88
10.72
11.96
8.28
11.92
15.6
9.96
15.44
10.68
9.08
8.88
12.32
9.72
10.4
11.2
13.76
10.48
9.52
12.28
16.28
8.76
11.92
14.6
8.84
11.68
10.48
14.44
10.88
9.56
11.32
11.36
13.56
10.32
9.4
8.08
9.56
15.04
8.16
8.56
8
16.68
12.28
12.08
17.56
14.92
11.24
9.36
8
13.12
9.44
16.16
9.84
13.52
11.08
12.96
12.24
8.24
14.48
8.76
8.04
10.44
10.84
20.4
16.44
12.28
15.56
15.56
12.6
11.4
10.96
12.04
12.92
16.88
11.76
18.84
12.28
11.36
11.04
12.84
9
10.56
10.88
14.56
10.76
15.52
13.16
8.24
10.32
10.6
10.8
12.2
13.92
8.64
16.48
12.32
10.8
8.2
9.76
8.88
13.52
8.84
9.44
12.12
9.88
13.2
9.08
14.8
10.36
15.52
9.76
14.28
11.56
10.52
11.6
13.44
13.96
15.28
13
9.12
14.32
16.8
13.36
19.36
11.16
15.84
15.8
9.88
10.72
9.12
10
12.32
10.8
12.12
10.24
9.96
11.16
14.04
8.76
8.8
10.68
15.36
13.08
10.36
8.88
9.12
14.8
12.88
10.4
12.6
10.68
11.28
12.04
8.24
12.72
8.92
8.92
13.04
12.44
15.12
9.88
11.24
8.04
9.84
11.36
13.88
12.92
8.92
10.12
13
8.56
9.64
12.44
8.96
10.88
19.32
8.08
8.12
13.32
11.24
9.12
13.92
12.24
9.36
12.12
8.04
10.2
13.8
12.68
8.28
10.6
9.08
11.12
12.32
10.8
11.08
9.24
9.24
8.76
16.32
12.2
8.12
13.6
10.08
9.32
12.92
12.88
9.84
15.96
15.16
10.4
12.96
8.84
11
9.92
15.16
15.24
14
17.16
12.84
8
12.4
12.28
11.96
12.4
11.56
12.6
10.76
10.32
10.36
9.56
14.32
8.92
12.16
8.2
12.32
10.12
9.72
14.88
14.76
20.24
9.84
8.32
15.68
14.08
9.96
16
9.84
11.16
19.48
17.52
9.32
9.88
10.4
14.8
15.52
10.04
12.6
8.36
11.32
13.72
9.36
11.2
15.4
13.2
14.16
9.52
8.76
12.28
13.08
12.88
11.48
16.72
12.24
8.52
16.92
11.12
15.48
12.92
13.68
13.28
13.08
11.16
14.8
13.32
10.76
14
12.44
12.92
16
20.04
11.88
8.08
13.84
11.76
13.12
14.32
17.12
15.36
8.76
12.96
9.84
13.56
12.12
15.04
11.28
10.52
8.44
8.12
11.4
14.24
9.2
13.84
14.28
19.8
13.2
12.24
9.88
15.92
9.08
10.12
8.4
17.48
19.64
9.76
11.28
9.56
15.48
11.12
10.68
12.08
8.4
9.12
10.16
8.72
9.64
10.52
10.2
14.12
12.92
15.76
10.64
8.36
10
10.08
12.48
11.72
17.28
10.8
8.08
14.8
12.76
13.92
12.56
13.08
10.24
10.68
12.44
12.2
15.8
8.24
12.36
10.96
8.56
13.84
13.36
17
11.52
9.92
13.24
12.96
11.76
14.52
8.4
14.08
9.52
14.6
14.68
11.76
14.52
13.68
13.96
12.56
10.44
10.76
17.16
11.76
14.8
9.6
8.28
9.64
9.84
12.48
16.4
12.56
12.76
14.4
11.52
12.64
8.12
9.72
9.52
11.6
9.8
8.08
8.04
9.16
8.08
9.2
9.8
8.4
10.84
10.24
14.76
11.96
17.08
8.08
13.92
11.36
12.76
11.6
16.8
9
9.36
8.16
12.68
11
9.64
8.68
13.68
13.92
9.72
11.04
14.32
13.56
9.76
15.04
11.08
8.24
8.28
12.76
12.16
15.88
14.04
11.8
14.28
12.48
13.96
9.16
8.08
12.32
11.76
10.2
8.8
8.28
12.92
13.12
9.48
11.32
13.4
11.52
11.84
9.88
8.28
11.24
12.64
10.04
12.04
14.36
12.68
13.8
8.52
9.12
8.8
15.28
12.08
8.12
8.16
12.36
9.36
9.84
9.52
13.12
16.64
13.36
20.2
11.28
8.28
14.92
8.28
9.72
17.44
10.6
12.08
12.64
12.28
8.4
8.8
9.6
15.68
9.4
9.56
10.8
8.56
8.24
8.28
17.48
11.32
11.84
8.6
10.48
11.68
8.88
10.76
9.12
11.96
10.24
8.28
9.48
9.4
12.72
11.88
13.36
17.36
9.28
12.72
15.68
15.2
11.72
13.4
8.48
16.28
14.88
11.96
8.88
9.44
11.6
12.92
8.08
9
10.16
16.04
8.52
14.68
14.68
8.16
8.72
20.04
11.56
10.52
9.84
11.12
9.84
9.76
11.32
8.72
12.24
14.12
11.4
12.44
8.52
12.72
11.96
11.2
11
8.72
11.2
10.04
9.04
12.64
15.12
9.2
10.88
14.24
12.4
11.92
8.36
8.88
8.36
10.28
12.68
9.76
8.8
13.92
9.28
8.08
13.96
9.04
10.4
12.32
9.72
12.76
10.16
11.6
8.32
11.52
11.96
11.28
27.44
11.96
12.68
14.72
10.28
14.4
10.24
15.76
12.24
12.16
12.96
13.96
14
12.96
9.32
9.76
10.2
9.68
8.04
11.36
20.08
11.12
13
16.12
9.64
13.64
9.4
13.12
8
9.36
13.28
12.04
8.24
10.4
9.6
8.44
14.24
12.56
15.08
12.56
10.2
11.68
8.92
9.92
15.48
19.64
11.32
13.24
9.64
9.2
16
9.64
12
11.04
11.8
8.28
13.36
9.6
11.8
12.28
9.12
14.28
12.56
15.08
14.96
12.12
13.52
12
13.08
12.16
11.4
19.04
10.32
10.64
9.44
12.8
11.44
8.24
11.76
12.16
13.8
11.92
8.92
16.72
12.44
14.2
17.04
10.76
14.28
10.64
10.16
8.12
11.52
13.12
14.84
11.64
8.88
12.92
12.04
15.96
9.92
14
9.76
8.2
10
13.64
18.16
8.16
11.2
8.92
13.32
9.08
12.16
12
10.84
10.4
9.28
11.24
14.92
17.32
12.92
10.48
12.88
8.48
8.08
8.24
13.32
8.96
8.16
13.12
12.32
11.12
12.6
9.96
11.04
11.44
8.12
10.8
8.56
10.32
18.6
11.76
14.88
15.64
11.2
11
10.28
8.24
8.48
11
8.16
11.76
14.44
14.24
9.96
11.4
8.4
11.44
12.52
13.12
13.36
12.92
12
9.64
12.8
11
12.72
14.56
14.88
9.24
13.56
9.08
8.12
12.8
10.28
11.44
13.2
9
10.08
10.8
14.28
13.68
8.6
13.96
20.16
10.48
12.12
23
9.72
9.48
10.68
11.32
12.36
14.72
10
13.12
12.32
13.36
8.24
10.16
9.84
12.44
9.2
11.32
8
12.24
9.76
18.28
11.44
11.88
14.12
8.44
11.48
9.92
9.2
10.64
13.64
9
8.24
10.6
11.24
10.56
11.44
11.08
9.04
15.04
11.24
8.8
11.04
8
14.24
11
11.8
10.28
14.32
11.6
12.32
9.36
8
11.64
12.64
9.48
11.28
10.68
10.52
11.96
15.96
15.72
9.32
14.2
14.2
9.64
8
14.36
8.36
14.28
16.76
13.52
13.4
11.92
10.44
11.08
10.12
8.16
13.88
12.96
14.36
9.12
12.68
11.08
14.08
8.88
12.96
14
8
14.48
13.4
10.16
12.36
9.08
10.56
12.64
10.4
9.08
14.56
10.12
8.56
11.48
9.48
17.84
10.16
16.6
12.64
9.68
13.96
11.4
8.16
16.28
8.88
18.32
11.88
14.72
8.24
10.56
11.4
10.56
10.64
13.16
17.4
12.2
8.08
11.32
9.88
15.32
19.04
11.04
15.6
12.52
11.12
12.84
14.08
9.72
11.44
9.92
10.44
10
12.16
10.32
8.48
15.08
14.96
12.08
9.08
10.44
13.4
11.12
15.04
14.6
9.48
11.04
10.92
11.24
12
11.92
8.28
8.68
8.44
15.96
8.36
13
13.68
9.68
10.36
11
12.24
14.44
9.44
8.88
13.4
8.4
8.4
11.04
13.2
10.96
10.68
15.72
15.16
16.64
14.44
13.84
11.36
14.24
13.48
8.72
12.76
11
10.36
8.16
11.12
9.96
11.12
9.48
9.4
8.52
15.16
11.68
11.76
14.44
13.72
10.36
8.16
14.84
13.88
10.64
9.04
13.44
11.32
10.12
10.44
15.8
10.04
12.52
11
8.64
8.4
14.04
13.28
13.84
10.24
8.12
8.12
17.32
10.44
11.92
11.52
15.12
11.08
9.92
12.92
8.32
8.4
15.04
8.16
9.28
8.28
12.88
8.36
12.2
8.4
12.12
12.16
9.52
8.08
12.6
13.88
11.6
9
11
11.72
11.6
12.64
11.6
10.88
8.36
12.32
13.24
10.28
10.96
10.16
9.16
9.32
8.24
9.8
8.28
12.32
10.28
9.04
10.2
12.04
13.32
8.76
17.36
13.52
11.24
11.52
12.2
14.12
11.92
8.24
12.12
12
13.24
14.84
8.12
15.72
13.24
8.28
9.48
18.24
18
8.76
9.88
11.72
12.12
10
12.6
13.68
17.68
13.76
13.88
10.92
19.04
10.36
10.16
8.32
10.8
15.48
9.68
10.04
14.44
12.92
15.44
9.68
8.68
19.2
10.76
14.92
18.68
10.28
8.84
8.56
11.88
16.92
10.92
18.28
8.16
11.96
11.6
12.12
10.68
16.52
11.76
11.12
13.28
11.76
14.4
10.36
17.52
12.6
9.28
10.88
10.36
13.36
9
11.92
13.6
10.04
8.2
16.24
8.24
8.36
8.84
11.04
14.52
16.8
12.92
12.88
13.44
11.88
9.32
8.36
12.16
11
10
13.52
8.4
8.88
14.36
11.04
13.12
10.48
10.64
9.84
8.04
10
9.48
8.4
14.76
12.16
10.6
10.52
16.72
14.84
13.48
12.72
8.16
11.4
10.6
11
12.4
10.72
14.56
12.56
9.72
9.04
13.84
11.84
9.48
10.2
10.48
10.32
11.04
9.6
13.28
12.92
14.16
12.96
10
20.92
8.08
9.16
12.36
8.08
13
8.04
15.64
13.44
10.84
11.6
9.12
14.16
9.68
8.16
10.4
12.2
9.24
14.36
16.44
10.28
10.36
12.64
10.96
10.36
9.48
13.52
9.4
9.24
8.96
11.6
11.92
8.52
18.84
12.08
10.6
14.2
8.44
13.08
8.32
13.52
13.2
15.56
13.92
11.96
8.92
9.48
13.32
13.56
10.88
15.48
15.28
11.6
10.16
14.44
10.24
10.4
14.88
11.4
9.44
13.72
14.28
10.64
15.4
9.12
10.04
15.24
11.92
11.28
8.72
15.52
12.8
13.92
15.12
14.96
14.44
8.72
10.84
9.32
9.56
8.36
17.24
11.08
8.36
10.32
10.52
9.12
10.72
9.2
9.48
13.12
11.6
8.32
8.32
10.32
8.64
11.48
9.52
12.96
10.28
12.08
10.48
8.76
10.88
17.52
8.76
10.8
11.28
12.56
11.88
20.16
12.44
8.48
16.08
12.76
9.08
9.64
12.24
11.44
10.2
9.32
9.08
18
10.92
8.32
10.76
13.96
15.2
10.24
11.6
10.2
15.36
13.04
11.36
8.04
12.72
13.84
14.44
10
8.8
15.76
11.56
15.8
9.04
9.96
18.92
10.56
22.24
11.16
12.08
12.2
10.88
9.12
11
12.12
9.6
13.68
8
9.6
13.64
9.88
8.2
16.36
11.72
12.4
14
11.48
16.12
13.32
9.44
10.04
8.12
8.64
8.28
11.64
16.92
10.12
12.16
11.88
11.12
10.48
15.4
9.52
11.04
12.16
8
16.32
8.72
10.48
8.68
12.12
13.8
14.2
12.56
8.68
8.28
12.44
11.08
13.2
15.6
12.84
14.48
10.32
9.44
11.52
10.16
12.72
13.56
14
9.6
10.56
12.76
8.4
18.44
13.32
16.52
12.16
14.24
9.96
16.04
14.6
12.64
13.32
9.16
9
30.08
11.24
9.92
15.76
9.64
12.52
12.56
15.88
9.2
14.72
12.88
8.08
8.96
13.44
8.24
8.28
12.44
14.4
8.08
9.4
15.24
11.84
15
15.2
12.08
8.4
11.48
8.6
13
9.2
17.6
13.32
8.2
10.04
9
9.12
8.04
8.12
9.16
10.8
12.52
12.44
8.92
11.48
11.88
11.32
9.96
12.48
8.32
10.4
8.24
13.52
13.2
17.48
11.04
10.52
14.08
15.52
15.96
9.4
12.96
11.84
12.16
8.28
8.84
10.76
11.16
13.8
13.68
14.6
12.2
12.16
12.8
8.52
11.64
13.4
10.96
12.04
13.88
10.24
13.32
8.72
8.24
12.32
10.24
11.88
8.68
11.08
13.08
14.56
10.92
18
14.28
8.2
10.56
19.96
16.76
10.24
12.44
12.32
10.72
12.88
10.4
11.52
12.96
10.6
10.64
10.84
10.28
14.36
8.36
10.6
9.72
13.76
12.04
10.76
13.12
10.4
9.04
11.92
10.2
10.68
8.08
9.04
10
10.4
12.48
8.92
12.68
11.64
11.8
10
12.12
10.68
8.6
10.72
10.28
8
13.28
13.6
14.2
10.08
10.44
8.76
10.44
9.84
9.76
12.36
12.24
11.4
13.24
11.52
11.04
11.52
10.72
8
10.72
8.76
18.52
11.32
9.24
9.4
8.44
15.08
8.12
14.4
13.12
10.48
13.32
8.32
12.52
8.88
11.68
9.32
12.28
9.28
8.88
12.52
13.96
11.48
12.72
10.36
8.12
8.96
12.6
9.76
10.76
10.8
9
14.36
11.64
15.32
16.88
15.08
14.12
11.44
11.96
21.16
9.92
12.28
13.44
10.88
10.96
10.28
8.44
8.16
13.52
9.64
11.6
8.32
9.6
13.32
10.92
16.6
12
8.4
10.24
11.72
8.08
9.04
11.28
10
11.96
10.36
8.2
10.88
11.28
8.2
9.76
10.68
10.8
14.32
11.88
17.56
13.4
10.6
8.4
10.04
9.24
8.16
13.36
8.36
10.48
14.72
12
15.84
11.36
9.48
18
8
18
14
12.04
9.48
14.32
17.76
12.88
9.8
9.2
11.64
8.12
14.48
8.16
10.88
13.32
11.92
13.6
15.88
15.12
8.16
10.6
10.72
12.88
8.04
8.52
15.52
12.88
8.12
8.84
8.12
9
14.04
16.52
9.4
12.64
8.12
13.96
13.32
8.44
8.72
10.76
13.6
10.32
18.04
18.48
8.4
13.4
15.36
8.04
11.16
9.64
10.84
12.08
8.6
18.04
10.92
13.76
12.88
8.32
8.24
19.48
11.76
9.72
21.44
14.12
8.88
10.96
9.56
8.4
13.04
8.88
10.52
9.36
13.28
9.28
9.56
10.64
13.72
13.16
15
16.32
10.96
11.52
21.04
11.08
14.32
10.12
9.6
8.48
9.28
8.96
13.04
8.12
13.68
15.08
10.48
10.32
8.32
10.08
10.52
10.64
13.88
8.72
9.2
13.2
12.48
13
11.08
11.6
18.4
9.4
11.2
11.04
13.2
13.88
14.6
9.88
12.2
10.48
12.44
8.8
8.12
11.28
10.72
13.12
11.28
15.16
14.32
9.12
10.52
13.44
8.44
12.32
20.44
15.6
12.52
11.12
16.12
13.12
12.52
11.6
8.12
11.48
9.64
9.28
11.04
13.48
11.8
9.24
10.72
11.68
16.72
11
12.6
9.72
8.68
13.92
9.72
11.4
8.12
15.8
8.12
15.24
14.16
9.88
8.92
8.6
16.32
11.36
15.16
8.4
11.72
8.2
12.64
11.4
12.52
8
12.76
11.36
14.08
13.4
12.04
12.68
11
11.68
13.48
13.88
8.16
18.36
13.96
9.52
18.52
10.84
9.04
8.12
14.32
10.12
10.72
8.08
13.32
9.6
9.92
8.08
17.64
12.88
15.04
10
8.04
15.24
19.76
11.2
10.72
12.44
14.48
11.16
12.48
10.4
12.8
8.08
8.24
13.2
10.6
18.4
20.32
16.6
8.32
10.4
15.28
8.32
14.36
10.32
12.16
9.64
15.04
13.56
13.36
8.72
10.28
15.96
10.16
9.84
14.04
13.04
9.84
10.36
17.6
21.2
10.2
11.72
9.76
8.32
14.56
10.72
14.12
9.08
9.76
10.76
13.44
11.48
9.2
8.44
11.76
10.52
11.72
8.68
12.2
10.56
13.2
11.68
11.24
10.24
10.84
13.2
13.68
13.24
8.52
16.68
9.28
11.08
10.28
9.44
11
10.4
10.88
11.04
10
16.6
10.08
8
11.96
8.8
8
8.08
10.76
9.76
10.28
8.2
14.36
9.36
9.6
8.44
11.32
10.56
12.76
11.84
9.48
11.52
11.08
8.32
10.6
11.24
10.68
12.16
8.2
8.04
8
12.84
9.52
10.96
13.08
12.36
10.12
9.36
10.4
9.68
14
11.04
8.12
8.32
9
8.12
10.48
11.92
13.36
12.04
15.64
12.64
11.76
16.08
9.64
12.44
10.12
12.28
9.4
12.16
8.12
14.16
8.08
10.28
11.16
13.4
8.04
8.6
12.48
11.8
11.24
9.16
16.88
18
12.48
8.24
10.56
14.08
8.72
10.2
9.32
13.4
14.28
8.92
8.4
10.44
14.16
13.48
17.48
13.24
9.72
14.04
13.24
13.56
9.56
9.96
10.88
10.12
8.84
9.48
10.92
8.76
9.88
12.6
12.96
12
14.2
11.88
13
13.24
13.2
11.32
8.28
8
11.76
15.08
11
12.08
13.68
9.84
10.96
8.08
11.32
12.44
12.76
15.24
8.24
11.72
14.08
9.8
8.96
8.92
12.64
11.84
9.2
11.2
11.88
10.44
8.32
13.72
17.2
10.44
14.08
15.52
8.12
53.84
9.08
11.76
9.8
15.4
12.32
8.84
9.04
10.76
8.48
12.4
8.24
13.64
8.84
14.68
15.4
8.44
12.96
8.24
11.4
9.36
9.16
11.48
12.12
16.52
8.36
12.12
13.36
14.64
14.68
14
16.56
11.84
12.96
14.96
9.52
19.16
12.64
11.16
11.92
14.04
15.44
13.24
14.08
8.2
10
12.8
13.8
8.64
9.8
9.68
12.8
13.28
8.88
13.76
11.08
11.48
13.6
14.36
11.32
9.68
10.48
9.4
8.28
13.68
14.76
8.16
12.56
14.16
11.64
10.16
8.2
9.68
8.12
9.64
13.56
12.68
12.84
9
14.28
13.04
12.72
8.88
8.12
8.28
11.36
15.6
10.04
15.16
18.48
10.04
10
9.84
10.88
12.88
19.52
11.76
10.56
8.72
13.8
9.84
8.64
15.04
13
10.68
8.2
13.48
13.96
11.68
11.88
10.88
10.24
8.12
11.4
10.48
9
11.52
11.12
12.4
8.16
12.8
8.72
15.32
12.96
13.24
14.4
14.6
11.72
10
14.2
16.96
9.56
11.52
8.32
14.76
14.08
9.88
12.28
11.8
12.8
11.24
14.36
16.92
9.36
9.72
12.44
10.88
9.76
8.32
9.56
8.08
14.68
8.12
10.24
12.52
9.4
8.84
13.6
8.8
13.12
13.52
8.8
14.6
11.08
10.52
8.96
12.04
9
11.72
11.44
13.24
10.6
15.2
15.64
10.96
8.4
8.08
13.72
11.96
10.88
8.16
9.4
9.4
14.92
12.76
12.12
15.28
8.32
14.76
8.72
8.56
12.12
8.76
8.92
8.04
17.12
10.04
8.4
12.6
10.2
13.52
9.92
12.32
12.08
10.72
10.28
12.16
11.52
12.56
8.04
12.56
8.28
14.64
9.72
14.76
9.48
18.84
10.88
13.88
12.28
10.92
10.48
9.04
12.12
15.52
8.64
8.52
9.68
11.64
13.44
10.6
10.76
12.36
8.24
12.68
14.48
10.68
12
9.92
11.36
10.96
10.56
10.84
13.2
8.76
14.44
8.36
8.08
10
8.2
17.56
8.76
10.92
13.88
8.52
11.32
8.8
8.16
8.44
11.28
9.36
12.2
8.88
14.64
10
14.56
16.4
15.72
15
10.4
11.32
13.44
14.8
14.48
8.16
11.36
9.12
13.32
15.28
10.08
10.84
9.52
14.36
15.4
12
9.48
9.8
12.76
9.04
10.16
15.08
11.4
9.84
12.64
10.12
14.36
10.56
11.16
12.68
12.28
10.48
12.96
13.84
11.92
10.16
10.12
8
9.6
9
13.96
16
12.68
8.08
9.56
13.8
11.28
11.64
13.04
12.04
8.24
15.84
13.44
15.52
16.96
13.92
12.8
12.04
10.84
14.12
11.52
14.84
11.2
14.48
18.64
10.52
10.8
8.08
13.04
12
8.44
10.92
10.72
15.12
10.56
10.48
11.84
19.64
8.64
12.88
11.52
9.48
10.48
11.64
14.56
20
14.28
10
11.44
10.48
12.08
13.76
8.08
9.68
10.12
13.68
9.6
14.56
13.04
11.68
12.6
15.08
8.2
14.76
10.12
10.04
13.48
13.2
13.52
10.76
8.92
12
12
9.12
18.56
10.36
17.92
9.56
14.36
10.8
8.72
10.12
10.96
10.28
11.44
8.84
9.48
8
14.96
8.8
13.72
13.2
10.68
9.68
8.28
9.6
16.52
10.28
9.32
9.08
12.48
8.96
15.76
10.24
8.48
10.76
13.36
9
13.76
16.84
11.2
15.76
11.12
9.92
14.6
10.44
9.88
13.96
12.32
9.4
11.16
8.68
14.92
14.52
11.56
11.04
8.56
10.56
9.44
9.48
11.24
8.12
12.12
16.36
12.04
10.12
11.76
9.68
8.28
14.44
15.48
10
9.84
14.56
8.6
13.24
8.52
10.96
14.44
15.96
11.36
8.04
10.92
8.12
8.04
8.12
14.36
8.92
10.6
8.24
12.92
8.04
11.36
12.28
8.32
11.92
12.88
10.96
11.56
8.16
9.2
10.28
8.08
12.4
12.2
12.64
9.64
13.8
14.6
10.92
12.84
12.76
19.72
14.92
12
11.6
13.24
14.68
12.2
12
21.64
11.56
9.68
11
11.84
11.72
9.96
11.64
8.72
13.52
11.4
8.4
10.88
12.64
12.28
17.4
13.2
15.72
9.72
15.32
8.04
10.92
8.4
11.48
12.12
15.92
13.44
14.08
12.16
15.88
9.36
8.6
9.08
12.56
11.72
12.4
13.6
10.76
12.36
11.8
15.48
11.36
15.36
11.68
14.44
13.04
11.16
12.2
13.28
15.68
9.48
11.96
8.4
12.08
8.72
12.6
18.04
12
10.44
10.44
8.52
11.32
10.2
8.96
9
10.88
17.12
10.6
11.52
11.2
9.12
14.72
8.36
8.64
11.16
10.28
9.76
12.2
13.12
16.84
13.92
11.64
11.48
10.04
8.04
8.6
13.92
14.12
12.92
8.44
9.2
13.72
15.48
9.24
10.12
12.8
13.48
9.28
11.92
11.08
15.36
9.08
8.16
11.84
12.84
9.16
8.52
10.08
10.28
9.12
10.8
11.12
9.32
16.24
11.28
12.96
8.12
10.84
10.08
13.24
15.96
9.52
13.44
9.8
12.48
15.44
10.68
9.12
12.04
8.2
10.72
14.4
9.76
15.76
15.16
13.52
11.32
12
8.36
10.32
8.08
10.36
8.36
18.6
11.64
8
8.44
11.16
12
10.72
12.64
8.08
14.56
12.12
14.32
12.24
11.32
8.44
11.76
14.56
14.92
8.64
19.08
8.96
10.8
11.36
8.92
12.32
10.4
8.76
16.76
10.36
9
11.96
8.16
11.92
12.64
14.52
10.16
12.76
12.24
12.68
14.24
12.4
8.44
13.04
8
8.36
11.64
12.28
16.52
9.4
13.76
8.88
9.92
12.68
12.88
8
15.76
12.52
14.08
12.12
9.68
13.16
12.28
9.88
17.08
9.76
11.16
11.04
10.12
15.56
8.72
12.08
11.88
8.32
13.08
11.28
13.28
16.76
11.12
8.48
10.24
9
11.92
9.32
10.4
10.4
11.04
8.48
8.92
11.92
13.56
10.08
17.52
9.24
8.32
12.88
8
9.24
12.56
12.2
12.84
8
15.8
9.2
9.6
16.92
19.92
9.8
8.28
11.04
10.32
10.92
10.16
8.56
9.8
8.52
12.88
11.48
15
9.72
19.8
8.32
11.4
9.8
21.44
16.56
12.16
10.8
8.4
10
8.56
14.12
12.92
15.44
12.36
11.44
16
13.32
11.2
11.24
13.64
12.8
8.4
12.88
13
15.32
10.48
10.72
10.96
13.68
15.36
12.28
17.2
9.32
12.32
14
11.76
10.84
8.4
11.76
8.56
9.08
8.08
15.56
8.08
13.8
20.6
9.72
16.56
9.6
12.52
8.24
9.6
11.28
8.28
9.64
13.96
13.8
10.28
15.32
11.44
15.36
14.76
14.44
8.12
11.44
13.2
13.92
13.52
9.64
9.6
8.36
9.52
9.24
8.24
12.8
10
12.76
8.2
13.36
11.76
13.56
10.2
14.16
14.52
11.12
9.92
13.4
9.68
12.24
8.16
8.48
11.44
8.32
12.24
11.88
14.72
11.68
11.16
13.84
10
12.88
10.12
13.6
14.16
13.52
12.24
19.8
13.04
9.4
9.2
11.52
15.44
12.88
16.6
10.52
8
17.56
18.52
12.52
9.68
13.44
14.12
10.44
10.48
14.96
14.96
8.16
13.96
8.36
14.68
13.64
10.64
10.52
11.56
10.52
15.24
15.96
8.36
11.32
14
16.16
15
11.24
10.52
8.28
8.4
13.44
13.72
8.04
12.8
20.72
17.04
18.2
12.92
9.68
13.48
11.16
8.24
9.68
8.8
11.8
8.4
8.12
8.24
11.48
11.52
17.84
10.44
8
9.4
12.04
13.24
8.44
8.24
13.68
11.32
13.52
11.6
11.8
12.4
10.76
13.32
13.56
12.88
14.6
13.12
18.08
10.36
11.56
8.28
10.08
11
15.96
9.92
13.08
11.4
10.08
12.2
12.52
9.76
9.04
9.32
9.36
8.32
11.52
8.72
8.28
9.24
16.44
17.44
9.92
10.64
8.32
8.52
10.6
8.92
10.2
12.16
8.04
12.2
9.92
9.32
8.96
8.08
19.08
11.12
15.6
11.36
13.6
10.8
11.16
11.28
11.12
14.52
11.04
12.48
8.4
10.32
14.92
8.4
16.08
12.2
9.32
9.96
8.32
8.36
13.12
14.16
10.44
11.88
10.32
11.16
13.2
13.32
10.16
10.6
15.4
8.12
10.96
12.8
9.28
8.32
9.96
13.56
10.24
12
10.56
15.12
10.92
11
10.04
8.68
13.16
11.64
12.28
11.56
11
9.2
9.32
13.2
10.16
8.24
9.96
13.16
8.52
9.08
14.68
9.04
8.16
10.08
10.56
11.64
12.16
10.16
14.4
8.4
14.56
9.68
14.32
12.24
8.92
8.08
8.08
8.96
9.4
9.28
10.72
17.96
10.32
11.8
18
14.6
9.36
15.08
12.16
13.52
14.04
9.08
15.72
13.72
8.4
13.4
13.52
15.36
15.08
9.68
10.28
10.72
11.32
12.2
9.36
8.84
8.96
18.32
9.68
8.8
11.88
9.8
8.44
10.08
12.92
10.44
14.84
12.44
8.52
10.04
8.92
10.76
10.2
12.72
12.76
14.84
14.76
14.16
11.56
8.28
12.36
12.36
11.16
12.88
8
9.88
11.16
12.04
10.92
8.56
13.16
9.88
20.92
10.16
15.52
10.28
10.08
12.32
15.04
8.2
11.68
13.32
8.52
10.64
15.76
13
8.72
8.28
10.44
9.4
14.88
11.32
13.24
18.08
11.16
13.4
19.08
13.04
11.8
8.36
9.56
13.6
8.96
12.04
12.76
11.28
8.72
8.32
12.56
11.64
8.08
9.52
12.84
10.88
9.88
15
12.48
13.76
11.76
8.44
14.48
12.08
11.64
10.16
11.56
12
14.72
13.6
15.52
11.16
13.28
10.36
10.44
18.6
11.68
13.28
10.12
8.28
8.88
12.88
8.76
10.64
8.12
9.88
10.28
9.4
13.48
11.96
12.84
11.04
12.24
13.12
10.64
10.4
8.28
9.64
18.44
10.8
9.2
9.04
10.32
14.56
8.12
10.84
12.12
11.12
12.84
10
10.04
8.28
10.2
8.44
9.6
12.56
10.76
14.96
10.76
9.2
9.8
14.08
11.12
16.08
9.28
14.24
14.2
11.96
10.8
11.16
11.68
10.28
12.48
11.72
8.8
10.48
13.16
12.6
13.92
10.72
9.88
9.64
8.64
10.12
8.6
11.56
16.64
8.24
11.52
10.36
12.92
13.44
13.28
11.08
15.64
10.6
8.72
10.28
11.72
12.4
11.4
16.72
8.4
13.6
11.24
8.32
13.44
10.52
8.32
9.04
8.2
11.16
11.04
10.32
14.52
15.24
9.52
11
11.84
10.64
12.08
14
13.48
8.32
12.44
8.4
13.72
9.84
17.24
17.52
11.6
11.36
11.36
14.28
8.36
8.28
9.68
9.76
9.36
11.96
12.72
9.96
15.12
8.84
9.52
8.72
11.28
8.92
14.08
11.2
11.48
15.36
13.84
10.16
10.08
12.64
12.96
12.52
8.24
10.68
8.76
10
11.4
8.16
15.08
8.92
8.2
11.52
10
8.2
8.92
11.32
9.48
13.8
8.08
12.84
9.04
14.6
10.76
13.36
8.4
12.56
12.32
11.04
13.64
13
8.48
11.12
9.48
8.32
12.56
15.12
10.36
8.6
12.28
11.12
9.24
11.84
8.56
8.52
16.2
16.16
12.44
13.08
12.96
9.76
8.16
9.16
10
14.36
8.48
16.6
10.92
13.2
10.32
8.16
18.96
8.8
14.52
9.96
11.36
11.44
9.64
11.4
11.4
8
8.96
8.04
11.8
10.2
8
12.24
10.44
14.12
8.32
11.6
9.88
8.24
8.2
15.76
17.88
8.76
9.96
11.16
13.96
14.24
8.08
13
12.64
13.48
9.8
8.52
11.32
13.56
16.16
10.48
19.8
10.2
10.04
11.44
9.32
12.04
9.56
9.84
9.28
14
12.28
8.04
10.84
8
12.28
13.92
10
11.52
16.68
15
11.08
9.36
11.8
9.4
10.12
11.56
13.08
15.76
9.92
12.88
15.64
10.96
10.4
12.36
10.04
11.84
9.08
14.64
8.12
10.84
12.2
9.48
11.72
12
11.8
10.72
8
9.48
9.84
10.2
8.32
9.92
8.12
10.24
9.64
15.2
12.92
8.2
14.92
9.44
11.44
8.52
12.16
12.2
10.48
11.2
8.44
10.24
11.28
8.92
11.72
9.56
9.32
10.2
13.92
10.4
9.92
9.56
11.36
11.4
14.08
8.88
8.32
11.32
16.44
12.32
10.24
8
8.08
12.2
9.2
16.48
9.96
14.64
10
11.36
11.4
14.92
13.08
12.56
17.52
12.04
13.2
9.88
8.08
8.16
16.2
11.76
11.28
9.04
12.56
11.04
12.12
13.08
8.52
10.08
10.2
9.44
13.28
10.72
16.72
14.72
9.04
10.4
8.64
8.12
8.2
9.68
15.08
8.2
11.16
9.32
8.6
9.72
8.12
11.2
18.56
9.24
8.04
9.04
11.08
14.8
16.68
12.48
10.56
13.52
9.96
11.8
8.16
11.96
10.12
8.04
9.76
12.24
9.8
11.64
12.44
10.8
11.32
10.04
11.44
10.12
11.08
10.48
10.92
12.92
10.52
13.84
12.36
13.32
10.76
9.36
13.48
16.08
12.72
10.12
9.6
15.48
9.6
8.16
15.6
9
11.84
8.24
13.64
12.64
11.32
19.48
10.12
12.84
10.96
17.04
13.8
13.12
9.64
8.12
9.56
14.72
15.44
12.64
8.12
13.64
12.16
14.84
15
13.24
14.56
17.56
13.52
13.88
8.28
10.44
14.6
12.84
9.64
8.84
8.96
10.92
9.64
8.48
15.28
8.44
12
9.2
9.6
8
9.36
8.96
9.2
13.88
18.32
10.88
8.68
15.12
14.28
14.12
10.44
12.6
8.24
11.52
11.36
9.36
11.16
12.36
8.64
9.36
11.32
9.68
10.16
11.36
10.92
9.88
8.16
14.48
14.32
8.76
8.44
12.56
9.72
17.24
8
13
8
13.64
10.28
12.88
9.24
10.72
13.44
8.12
16.32
9.4
12.52
15.2
8.16
8.28
12.68
11.2
9.8
11.32
9.56
8.12
12.2
8.48
13.2
8.32
18.64
8.84
13.4
8.44
10.48
11
14.36
8.24
15.28
13.52
10.08
16.24
9.28
8.16
8.96
15.2
17.88
11.32
12.08
11.88
11.76
8.16
11.96
9.76
10.72
10.28
13.6
12.28
10.48
9.56
10.6
11.28
11.16
9.28
13.72
11.92
12.88
12.72
13.24
15.28
11.8
16.04
9.64
9.76
12.12
8.12
8.64
8.08
19.6
12
11.72
10.88
13.4
8.04
11.72
10.72
12.24
10.6
14.64
14
9.24
12.8
9.08
8.32
8.36
9.48
11.8
10.84
10.72
13.12
13.16
16.84
8.88
8.88
12.08
8.96
12.12
8.48
8.2
8.24
13.04
8.04
9.08
10.72
9.84
11.24
12.24
10.36
11.92
12.72
14.4
15.84
14.36
12.84
10.8
16.36
11.84
11
9.6
15.68
10.2
8.24
10
8
15.72
17.28
19.4
13.68
9.8
10.12
8.24
10.92
9.76
8.76
8
8.48
10.72
11.6
14.08
8.4
13.12
14.08
11.68
10.96
10.12
13.4
10.04
11.44
14.28
13.52
8
18.24
11
11.68
9.4
11.04
10.56
8.72
14.52
17.52
8.04
8.88
10.84
12.16
13
12.16
11.88
10.64
10.96
10.2
15.76
10.36
14.72
11.92
9.48
10.48
11.36
15.16
9.52
8.4
12.92
8.96
9.8
8.64
9.52
9.04
11.32
9.48
10.76
8
13.24
9.64
11.16
14.96
8.28
12.84
13.64
14.36
14.4
14.08
11.12
8.56
8.8
9.72
10.64
10.88
15.48
13.16
15.12
13.64
9.88
8.36
8.76
9.48
9
9.52
8.4
9.12
9.6
11.8
12.28
8.04
12
13.96
9.28
13.8
12.76
11.56
10.08
13.6
11.72
13.92
16.24
18.68
10.52
10.84
8.76
11.48
8.36
10.36
8.56
9.32
10.96
12.24
10.72
11.8
8.12
8.4
11.44
9.32
16.24
16
10.68
10.12
12.64
10
12.28
9.84
10.08
10.32
8.24
10.64
10.88
11.44
13.12
8.08
8.16
12.2
9.32
10.4
8.8
8.96
11.72
9.76
13
12.76
15.48
9.48
8.24
10.08
14.16
10.52
8.4
11.44
11.08
9.64
12.36
9.52
13.56
11.28
11.48
8
13.44
8.28
8.56
9.8
9.52
11.16
12.6
14.72
10.08
10
13.6
8.24
12.12
13.88
9
14.8
13.12
9
8.4
12.48
8.36
9.36
14.96
13.4
10.16
9.52
10.4
13
9.8
8.36
13.16
17.48
16.68
8.2
10.04
12.84
14.64
8.84
10.48
15.04
16.8
9.72
16.96
14.44
8.92
10.48
13.36
11.92
8.52
12.76
9.04
12.04
12.8
9.6
9.08
12
9.84
9.68
12.6
10.76
9.52
9.8
11
10
9.12
11.6
8.04
12.68
9.92
11.64
12.2
11.08
8.56
8.2
8
8.48
11.92
12.4
11.04
8.16
9.16
8.28
15.44
9
11.76
9.04
18.48
12.72
8.56
10.96
14.2
13.2
8.16
8.2
8.24
8.04
11.68
8.28
11.44
19.24
8.04
14.24
19.76
8
10.4
13.16
8.52
10.92
12.12
9.68
10.84
9.44
13.92
12
10.84
11.6
14.96
8.12
16.84
10.12
16.76
8.12
18.96
15.08
15.8
18.32
10.76
8.04
8.56
12
9.72
11.4
13.04
9.56
8.36
8.08
9.84
8.28
9.88
14.16
8.44
8.04
12.36
12.28
13.76
15.16
16.16
10.52
9.64
13.56
16.28
10.92
12.16
11.52
13.36
9.76
14.08
8.48
8.2
9.04
8.28
8.16
8.36
10.8
12
8.32
14.64
13.68
9.28
12.36
11.36
10.36
11.6
16.24
10
10.88
13.28
13.36
15.2
8.44
11.52
9.6
14.44
12.36
10.6
14.32
11.56
9.52
11.2
9.36
18.8
14.12
17
10.8
14.36
13.96
9.6
8.84
8
11.2
11.72
13.6
9.24
12.36
8.08
11.72
9.96
11.72
11.68
8.28
13.68
11.36
12.4
11.32
9.6
8.52
8.2
10.64
8.24
10.84
8.08
12.92
8.04
9.08
9.56
9
18.88
14.88
10.04
9.76
11.32
8.68
11.12
15.4
13.76
8.08
8.32
10.88
14.04
11.28
11.44
11.44
11.76
10.16
11.2
11.92
11.16
10.72
11.8
16.28
8.04
8.48
10.44
8
10.36
12.2
16.32
14.72
12.8
9.36
13.24
14.88
8.8
8.2
10.92
8.56
15.84
10.92
15.56
11.24
10.24
10.88
9.92
8.24
12.88
11.24
9.28
8.12
9.48
8.24
8.72
10.96
15.28
10.6
14.32
9.76
9.6
9.6
15.32
9.36
13.08
12.08
11.6
12.24
12.88
14.96
11.36
8.08
10.4
21.36
11.56
12.04
14.24
13.6
9.48
8.56
11.76
13.72
8.6
20.52
14.52
11.44
11.44
12.96
10.56
11.32
8.2
13.76
18.72
9.8
8.72
14
11.08
12.08
9
11.56
10.92
16.04
11.2
16.68
10.64
11.76
13.52
10.44
12.12
15.52
9.72
8.12
11.52
9.92
13.8
11.52
9.2
8.12
8.32
10.44
9.92
9.08
10.52
9.08
12.72
8.08
14.12
9.8
8
8.16
15.96
8.52
12.44
8.36
10.64
11.76
10.08
10.2
10.8
14.6
10.4
13.24
8
15
8.32
14.72
9.64
8.28
9.72
13.68
14.64
10.44
12.88
12.88
17.32
9.96
11.36
8.52
8.24
8
9.44
13.36
8.2
14.12
8.12
8.32
16.6
10.32
10.6
15.92
10.76
8.12
12.88
12.28
8.88
10.2
9.12
8.72
10.76
10.16
12.2
11.36
10.2
8.08
8.32
8.08
12.48
11.76
11.16
14.84
11.52
11.56
9.44
9.68
14.2
9
9.84
9.48
10.92
11.92
12.48
8.52
10.24
9.32
12.4
8.24
21.24
11.4
8.6
12.72
8.16
12
8.12
8.28
11.72
14.8
12.36
12.08
8.52
10.4
10.32
8.36
12.48
13.28
10.76
10.32
9.36
13.8
8.88
10.64
10.04
9.64
8.32
9.6
8.4
9.64
8.8
10.32
11
14.52
8
8.76
9.52
10.8
8.8
8.04
10.12
9.56
9.88
9.12
10.16
8.08
8.2
14.64
9.72
8.56
9.8
11
13.32
8.08
8.72
15.24
9.8
14.76
8.84
11.36
10.24
12.36
16.64
14.84
10.16
11.24
15.96
10.24
10.6
17.84
12.28
13.8
15.88
12.04
8.36
11.04
15
10.32
8
12.28
10.96
15.52
15.6
10.2
14.72
12.64
16
9.88
10.76
13.96
10.84
10.16
13.6
15.2
10.48
10.56
13.48
11.76
11.4
9.48
9.96
14.52
8.48
9.32
8.28
8.64
15.24
13.72
11.2
11
8.2
15.96
8.04
15.2
18.72
13.56
15.4
10.08
11
10.76
11.16
11.16
12
8.08
8.92
10.28
17.04
12.4
13.36
15.32
8.96
8.24
8.36
15.8
9.2
11.6
8.2
12.84
11.8
9.84
12.52
9.56
16.48
12.04
12.6
8.36
12.68
11.96
10.76
11.4
13.4
10.2
8.8
10.52
10.56
10.52
13.2
11.68
12.6
16.36
8.44
8.84
14.12
8.08
10.52
9.84
8.52
9.88
9.24
8.16
11.32
8.84
12.32
8.12
14.8
12.2
8.36
13
8.24
10.6
8.56
12.32
10.72
10.68
14.36
8.08
8.36
8.04
12.56
10.4
11.36
11.4
8.36
10.12
11.64
11
9.64
8.32
11.28
9.56
8.24
10.84
12.24
9.68
10.88
10.6
11.28
9
8.16
10.52
17.84
11.76
12.64
11
9.08
10.84
8.12
10.96
8.72
12.8
10.16
10.2
12
11.36
10
9.36
13.08
8.2
11.44
10.2
11.4
14.72
10.8
11
8.16
9.28
9.64
8.04
10.76
9.76
10.24
8.32
12.6
23.88
14.88
10.84
16.56
8.44
9
8.68
10.68
13.36
12.12
14.8
14.88
15.4
13.28
10.8
10.36
12.36
11.36
11.28
8.04
9.8
12.48
20.64
10.32
11.2
10.92
9.08
12.16
9.68
8.44
13.72
14.44
11.28
16
8.32
9.36
10.68
11.48
8.2
12.16
9.72
26.88
11.08
9.6
13.28
10.48
11.72
13.68
9.2
12.44
8.48
9.96
8.32
13.72
11.28
13.8
12.64
21.84
10.64
8.2
10.24
8.4
12.24
16.24
8.96
13.04
8.68
9.72
15.24
11.36
12.48
12.2
8.12
8.44
8.96
10.68
10.68
12.12
9.8
11.6
9.6
11.2
8.4
8.48
8.2
8.96
10.88
12.08
10.32
13.92
9.76
8.04
8.4
9.12
8.2
8.04
10.12
12.2
19.44
8.4
12.12
10.76
16.12
10.56
10.08
16.24
8
16.8
19.28
14.92
12.96
8.52
8.04
8.04
8.2
15
16.64
13.32
17.84
9.36
16.52
16.84
15.2
10.44
16.2
8.4
15.32
8.48
13.04
10.84
11.52
12.08
10.84
8.04
10.92
8.96
9.48
9
8.96
8.48
11.48
9.52
14.04
8.44
13.8
15.44
8.32
15.12
13.88
14.44
8.48
8.52
13.6
10.52
9
8.64
15.08
11.16
13.56
13.72
20.08
10.24
11.4
9.44
14.8
11.96
10.4
10.88
11.08
9.44
13.4
10.56
10.2
11.12
27.48
10.24
8.12
8.52
8.32
13.24
14.08
8.56
10.6
8.12
8.2
13.24
9
15.12
8.12
14.8
12.6
8.24
9.2
10.36
16.88
8.2
10.8
12.2
10.96
11.4
20.44
13.68
9.12
9.76
8.84
8.08
8.16
8.68
13.6
12.16
10.64
11.56
9.48
10
13.48
12.52
8.96
9.36
16.16
8.68
8.12
10.92
14.04
11.16
11.84
8.4
9.48
8.92
8.76
12.64
11
8.24
10.44
10.04
13.76
8.24
8
9.08
8.32
15.4
12.48
10.64
8.16
8.24
10.28
10.2
10.68
8.32
8.72
12.4
8.8
8.16
10.64
10.88
12
9.56
8.8
13.96
8
12.32
11.4
14.64
11.24
11.56
8.6
15.08
10.84
14.8
12
14.72
10.16
11.88
11.32
15.2
16.32
8.08
10.32
11.96
10.16
11.16
9.76
8.12
11.32
8.12
10.76
11.12
9.6
12.2
10
11.36
8.16
18.48
8.12
8.32
9.92
12.36
13.24
8.88
12.2
12.08
11.8
15.44
8.28
8.24
12.2
10.04
11.36
9.48
9.2
14
15.8
12.72
13.08
9.88
13.24
10.88
11.8
12.68
12.2
8.36
14.2
9.4
11.72
14.72
8
8.08
8
9.24
8.32
14.32
11.84
11.88
11.36
9.6
11.32
13
7.16
7.24
11.92
10.72
8.64
9.52
11.04
7.44
9.12
7
10.48
11.04
11.76
8.64
7.6
7.8
10.08
7.56
10.44
7
7.16
7.12
12.56
16.4
8
12.6
11
8.8
14.44
12.36
8.36
7.2
7.52
8.24
11.6
8.24
11.16
8.48
9.2
9.76
11.24
7.12
8.44
12.84
11.04
13.32
10.08
8.2
9.36
9.4
10.6
12.16
8.88
8.84
9.64
7.36
7.08
8.04
9.28
11.24
7.12
8.48
11.16
13.8
7.32
12.84
10.28
7
7.36
7
16.48
10.8
11.4
13.4
10.92
10.24
9.52
11.92
15.92
14.24
11
11.04
17.8
10.16
9.68
9.76
7.56
7.12
9.48
8.36
10.76
7.12
7
7.76
9.16
9.08
7
8.6
7.92
7.12
11.04
11.84
9.96
7.08
9.92
16.56
7.08
7.36
11.76
14.88
12
7.12
8.96
8.96
12.36
7.84
7.12
8.4
7.04
8.8
10.88
9.68
13
10.28
11.4
7.68
8.44
8.32
8.48
8.52
10.2
8.76
7.56
10.44
9.08
9.04
7
7.12
7.24
8.04
8
8.32
11.4
10.8
12.56
7.36
13.28
7.04
8.88
7.2
8.04
8.8
9.16
7.12
10.4
8.6
8.64
8.2
10.56
8.92
7.2
7.52
7.08
13.04
13.84
8.64
8.24
9.04
10.16
10.96
9.52
11.6
7.12
11.8
17.68
8
8.88
11.84
7.84
14.32
9.72
10.72
7.32
11.04
7.52
9.6
7
7.12
7.12
10.84
7.16
8.12
10.12
7.2
9.88
21.84
9.64
8.12
7.48
9.44
7
11.12
7.44
12.12
7.12
14.16
11.16
10.68
13.72
8.6
9.28
9.72
8.72
7.28
10.04
8.48
11.6
8.6
13.12
10.72
7.24
13.08
8.68
10.44
7.12
7.72
10.04
9.68
11
7.44
9
12.56
10.68
9.12
9.84
8.8
14.36
10.16
12.52
9.16
7.36
7.92
15.32
15.24
12.24
7.76
14.04
8.84
10.08
7.32
18.48
7.56
12.64
8.44
11.2
8.68
15.4
7.24
8.92
7
8.2
10.88
12.24
7.8
7.72
17.04
9.04
7.08
11.24
12.4
9.64
12.48
9.28
10.76
9.32
9.68
15.48
13.64
9.64
8.56
7.16
7.08
9.32
8.6
12.28
10.08
7.2
7.8
7.12
7.16
11.04
7.04
12.6
7.04
10.68
9.68
15.6
8.32
10.92
11.04
10.52
7.08
10.04
10.96
8.48
7.88
7.24
8.72
12.48
9.64
14.28
7.08
11.64
7.44
7.4
10.24
7.4
7.84
13.76
7.08
7.12
7.08
7.08
7.2
7.56
10.08
7.92
7.56
7.28
7.08
7.84
10.6
8.44
7.04
10.92
13.44
7.28
9.36
9.96
8.04
9.24
7
13.36
9.2
7.44
11.28
7.92
8.32
13.16
7.04
13.28
8.64
10.24
9.84
8.8
13.92
14.88
7
14
8.64
11.64
14.96
14.2
9.36
9.24
9.2
7.44
7.2
7
9
9.6
7.56
9.24
7.04
13.56
9.52
10.84
10.96
12.24
17.88
7.28
9.8
7.68
9.84
11.8
10.2
7.24
10.68
7.08
11.84
9.08
11.4
16
15.2
10.6
10.88
35.84
12.08
10.04
7.28
7.4
7.32
8.44
11.32
10.76
13
12.44
10.64
7.12
12.68
7.16
7.96
7.48
7.28
13
7.72
12.16
9.24
13
10.4
10.84
8.8
9.48
8.68
8.36
7.12
10.96
11.24
12.16
7.08
7.2
9.36
8.72
9.8
8.6
8.56
9.56
11.16
12.64
8
7.24
9.48
8.84
7.12
10.28
7.16
13.36
11.72
8.08
7.36
9.96
7.64
11.8
7.44
7.12
10.68
11.44
9.84
8.28
10.08
9.76
10.32
7.84
9.44
10.76
11.2
9.84
13.04
10.64
8.72
9
7.8
12.16
9.44
9.76
7.08
8.32
9
8.4
7.08
8.28
7.08
9.6
11.48
8.56
9.96
15.84
8.2
8.44
8.4
11.76
8.68
7.12
10.56
8.12
7.28
8
7.12
7.64
13.4
13.6
8.36
8.72
9.84
12.92
7
11.04
9.24
14.12
10.92
13.56
8.12
9.08
11.68
8.2
7.88
13.04
15
13.36
11.2
9.16
10.72
13.04
9.08
11.92
15
9.08
13
12.56
8.84
8.8
9.88
7.12
7.04
12.12
7.04
7.12
7.52
14.44
7.56
10.76
7.28
9.04
10.32
7
7.4
9.76
7.32
9.6
11.76
7.48
7.12
8.88
10.96
7.28
9.76
8.56
10.24
7.12
7.04
7.2
11.4
7.08
7.04
7.64
7.44
8.04
7.08
8.44
7.12
10.8
9.2
11.84
8.44
10
8.52
9.52
14.92
8.88
7
7.08
7.16
8.64
8.36
8.6
11.56
15.52
9.64
7
13.4
9.48
10.96
7.48
7.44
7.24
7.08
8.44
10.6
16.48
7.48
11.32
12.08
13.32
9.2
10.32
9.52
12.64
13.32
7.28
7.8
7.12
9.6
10.92
9.24
9.04
10.8
11.76
7.16
8.24
9.8
7.4
7.08
10.04
13.16
7.24
17.88
8.72
11.8
10.36
9.12
11
7.16
9.4
7.32
7
7.12
9.24
13
7.08
9.88
10.8
7.52
7.2
7.04
10.92
12.4
11.72
8.48
11.72
7.2
8.88
7.8
10.8
15.4
9.72
8.88
8.6
9.36
9.96
7.12
7.08
9.2
7.6
8.12
9.48
7.28
14.56
9.08
7
7.12
9.28
7.36
11.84
12.72
7.08
7.4
7.28
7.04
9.76
9
9.32
7.2
11.96
8.2
9.16
7
8.68
7.04
7.2
8.6
9.08
7.56
7.12
9.6
9.92
9.04
7.48
8.28
9.36
7.4
7.36
7.92
13.04
9
7.96
7.24
9.36
10.04
9.44
10.16
7.32
12.48
7.84
8.16
11.6
7.04
13
7.24
9.44
9.24
7.72
10.56
7.24
9.56
11.68
7.28
7.16
7.36
12
10.56
8.36
7.04
12.12
7
9.48
8.56
9.92
7.36
7
8.64
7.12
7.32
18.28
7.08
11.04
7.24
16.44
7.12
9.52
9.8
9.28
7
7.2
7.16
14
10.68
10.68
11.12
7.04
9.92
10.28
7
11
14.4
7.76
12.24
7.08
9.44
13.56
9.2
8.56
8.92
10.08
9.92
16.68
12.6
8.56
7.36
7.04
7.16
7.08
9.44
14.12
7.16
7.68
7.08
8.12
7.64
7.64
10.6
7.08
7.12
10.64
7.12
16.12
13.56
10.52
12.36
8.68
7.08
8.72
7.2
13.72
10.04
9.36
7.4
10.32
9.28
7.04
7.12
7.16
10.4
11.44
7
12.92
7.12
12.52
11.2
7
7.28
10.44
10.52
10.04
9.44
8.52
8.76
7.04
9.84
11.16
8.28
7
12.52
9.96
7
7.28
9.12
8.72
7.6
7.32
9.92
12.44
7
7.24
12.16
9.84
9.28
10.36
12.36
13.96
10.76
10.28
14.16
9.2
7.44
7.4
7.04
7.04
11.8
7.04
7.08
7
13.36
11.96
8.12
12.48
9.84
8.44
12.52
8.72
8.48
9.52
7.08
8.28
8.92
8.72
9.68
8.4
13.92
13.04
8.6
9.52
12.64
7.2
8.92
10.48
7.08
12.6
12.08
13.68
8.48
12.76
7.32
10.08
10.8
11
9.64
7.56
7.16
7.4
9.16
16.08
12
7.24
10.32
10.56
8.88
10.88
11
12.8
13.56
12.68
13.08
10
14.36
10
7.12
11.4
10.96
7.24
12.64
13.16
15.32
7.88
8.96
7.08
12.44
13.76
10.84
7.08
9.4
7.68
7.36
9.08
11.6
7.28
7.12
11.88
11.32
13.36
7.52
7.04
7.04
9.48
8.28
7.12
10.6
7.56
7.24
7
9.32
9.64
8.56
11.04
11.08
11.4
8.96
16.84
7.44
8.4
11.16
7.2
7.36
7.04
10.68
7.76
8.04
7.12
8.04
7.24
7.64
8.08
8.16
8.88
7.36
7.88
10
8.4
7.16
9.12
10.68
11.52
9.6
8.8
10.32
9.2
12.28
9.72
9.16
7.08
10.16
7.04
7.04
9.24
15.56
9.88
7.48
7.16
7.08
9.72
7.44
7.2
12.6
12.52
9.8
8.8
7.24
8.92
10.96
10.08
8
11.08
9.92
8.36
7.32
10.6
7.36
9.56
12.2
11.04
12.16
9.6
12.96
12.4
7.6
9.8
10.2
9.52
7.08
8.64
10.44
10.64
8.76
7.12
16.52
7.08
7.4
7.32
7
7.16
12.04
8.64
9.44
9.08
7.96
11.52
15.56
10.6
12.04
7.24
7.48
7
9.2
12.44
11.68
9.12
7.24
10.2
7.88
11.64
10.56
10.84
7
12.92
12.08
10.2
7.6
8.32
12.04
7.36
7.12
13.24
8.16
9.28
9.84
12.52
7.08
9.32
15.28
7.08
9.12
7.72
7.16
9.16
12.04
10
10.08
12.36
8.44
11.52
8.28
11.68
7.48
7.2
7.24
9.64
7.6
9.2
8.4
12.2
7.12
12.28
9.48
10.16
7.4
14
17.12
10.8
10.32
10.64
10.8
9
11.52
16.68
11.52
9.8
10.72
10.92
11.92
9.32
14.12
12.32
9.44
10.6
7.6
8.92
12.84
8.72
13.88
13.84
9.68
9.92
14.32
10.12
7.52
9.24
12.08
7.2
9.88
9.32
12.64
11.16
9.56
17.52
7
9.4
7.56
9.4
9.92
7.32
7.76
13.24
7.96
10.64
7.84
13.96
11.72
8.72
7.28
10.96
11.64
7.16
10.56
9
7.44
9.32
10.24
7.16
9.4
8.6
8.32
10
7.04
10.28
10.32
14.8
13.04
7.32
7
9.8
15.8
8.04
12.96
7.28
7.6
14
8.36
7.4
10.8
9.92
11.36
14.6
13.6
9.56
9.04
10.24
10.32
14.08
8.6
7.96
8.8
12.8
13.56
10.2
9.28
12.92
11.64
7.2
9.2
8.72
7.32
12.8
7.56
11.6
12.2
10.72
13.64
9.16
8.12
11.12
8.96
11.96
8.88
12.6
10.6
9.12
7.24
7.64
7.4
7.32
9.36
13.72
9.08
7.04
10.84
7.76
8
7.76
7.36
7.24
10.44
10.28
12.28
9.48
7.16
10.4
7.04
10.84
7.2
14.32
17.24
8.4
7.48
16.96
14
7
7.04
10.52
12.88
13
7.24
12.28
7
13.48
9.36
12.72
9.52
12.16
7.52
7.12
11.28
7.32
11.68
16.32
10.72
10.52
8.88
12.36
11.88
8.6
7.4
14.84
11.12
7
8.88
14.48
7.08
7.56
9.72
9.2
7
14.76
12.88
7.32
8.88
14.08
10.16
9
9.88
8.88
7.28
8.52
11.8
8.92
8.72
11.88
7.24
13.4
9.8
11.92
8.6
7.36
15.48
9.52
7.36
10.28
14.12
13.36
7.04
9.28
7.12
11.92
7.72
8.36
9.44
10.88
7.12
10
7.36
14
7.12
10.32
11.32
7.2
7
9.84
7.2
9.56
12.92
9.92
7.12
7.16
9.28
10.72
10.36
7.32
9.92
7.2
8.24
18.56
11.8
12.48
9.12
8.44
7.08
8.48
14.44
7.72
9.64
7.28
7.12
11.12
7.68
7.2
8.12
7.08
13.08
7
9.16
13.32
9.36
10.64
8.36
12.04
9.48
11.4
10.76
7.08
7.8
7
9.24
9.04
11.24
7.16
10.76
10.64
7.08
7.2
8.88
7.16
7.2
7.08
10.2
9.96
7.84
7.24
10.2
9.76
10.04
7.04
12.96
11.08
7.4
7.08
7
9.96
7.24
7.04
11.32
7.24
7.08
7.8
13.4
7.48
7
13.08
7.2
9.48
9.68
9.64
8.6
8.44
8.36
11.24
10.72
11.88
10.92
10.96
14.24
10.48
8.72
10.56
11.12
8.92
9.16
7.28
7
9.36
8.96
10
7.4
7.32
10.76
9.6
10.84
8.32
8.92
8.12
8.16
11.24
7.28
7.28
14.4
9.36
11.32
10.28
8.32
9.72
10.12
7.2
7.44
9.52
9.08
7.28
7.12
9.36
20.24
10.88
10.52
12.04
13.2
8.76
7.16
7.6
7.24
9.68
9.28
9.8
7.04
8.96
8.72
15.36
10.6
12.16
9.96
7.36
7.32
11.92
12.08
17.48
13.4
11.32
10.04
12.36
10.16
9.68
9.04
7.12
7
8.48
7
8.76
7.12
7.28
11.08
11.4
10.48
13.76
9
10.8
7.2
13.24
11.12
8.76
8.52
13.24
11
7.12
8.28
13.12
14.48
7.16
11.04
7.12
11.56
7.48
7.04
9.08
9.16
8.08
7.32
10.04
10.16
7.12
7.88
7.24
9.92
9.4
9.12
8.32
7.2
7.2
10.92
7.84
12
9.36
7.24
14.24
11.28
7.28
16.8
11.28
9.64
7.48
12.64
10.08
10.24
9.36
12.12
7.56
8.52
12
7.12
9.44
9.84
9.64
10.8
9.04
7.24
8.84
11.4
7.64
11.36
7.44
8.64
10.76
8.92
9.64
7.84
7.88
11.44
11.68
13.12
10.48
12.72
8.2
7.08
12.72
7.08
7
9.32
10.32
15.08
8.08
15.6
7.36
8.88
9.8
8.48
9
11.32
9.52
9.92
11.52
8.44
7.04
9.76
13.8
7.24
11.72
11.36
8.16
10.08
10.72
9.48
9.92
7.64
12.48
7.2
8.52
11.28
9.12
7.16
10.28
14.32
12.52
11.08
9.72
8.6
14.24
7.16
8.52
7.24
8
7.04
15.32
7.08
11
7.12
7.04
7.24
9.72
8.56
11.76
12.92
8.36
8.76
8.84
12.68
8.44
9.12
9.64
15.4
9.4
7
9.28
13.08
7.28
9.24
9.48
7.44
9.04
9
13.88
7.44
10.92
7
8.72
14.56
9.04
7.08
11.88
7.8
7.2
9.76
7.56
11.96
10.2
7.36
7.08
11.56
11.84
8.56
10.52
9.28
12.04
7.68
7.44
7.44
7.56
10.08
7.04
13.48
9.04
7.32
7.08
7.12
14.04
8.56
8.44
7.08
7.28
13.36
8.16
7.04
10.2
7.28
7.2
11.12
7.04
11.56
9.64
11.36
14.32
9.4
9.12
9.76
17.36
13.08
7.32
10.12
7.48
12.92
9.24
7.2
9.52
13.36
7.04
12.68
10.76
9.2
7.04
10
7.44
8.44
11.8
9.48
10.72
11.6
7.08
9.4
7.32
12.48
13
7.32
7
7.68
9
9.52
15.32
11.16
14.84
11.8
7.48
9.32
11.76
8.28
13.6
9.76
13.16
9.68
7.08
7.92
9.64
9.2
8.24
12.72
9.68
9.36
12
7.12
7.48
12.84
11.84
7.04
13.32
7.04
11.04
8.44
10.52
8
10.12
9.28
11.36
9.84
8.52
7
13.88
10.64
11.08
12
11.44
10.84
11.36
7.04
12.68
8.64
15.48
8.04
7.32
8.4
10.6
8.28
10.16
10.68
9.64
7.16
7.72
9.32
8.96
10.8
7.12
12.64
9.04
10.64
12.88
9.8
7.36
7.24
8.76
7.32
10.72
7.04
14.24
11.08
7.28
7
7.88
8.96
7.16
9.36
13.48
10.96
9.76
10.64
10.36
10.12
9
10
9.4
10.88
10.4
10.84
12.88
7.12
9.2
7.32
11.72
10.64
7.12
7
12.48
8.84
8.24
7
7.08
9.6
7.16
9.8
7.52
7.32
7.2
8.96
8.04
9.12
12.28
7.92
7.32
11.04
9.92
8.8
11.44
12.52
9.48
11.24
10.4
14.32
7.16
8.48
8.72
8.24
7.2
10.96
9.6
8.4
7.04
10.8
11
12.56
9.64
9.84
12.04
15.96
8.44
9.48
7.48
10.64
10.6
11.52
7.04
7.08
9.52
9.52
7.24
7
15.88
13.64
12
8.84
7.2
11.88
7
7.72
9.24
14.92
12.2
9.04
7.2
11.04
9.08
8.44
13.24
8.4
11.32
7.36
13.52
7.16
11.4
7.32
9.52
9.16
8.68
7.04
14.12
7.72
11.96
7.76
14.32
9.16
7.16
8.76
12
10.92
7.28
7
12.76
7.52
8.92
9.04
9.8
7
7.96
10.48
9.84
11.6
7.52
8.36
7.36
8.4
9.24
8.16
14.92
10.96
11.24
7.16
8.36
7.16
13.48
7.4
7
12.2
7.28
7.32
9.72
11.92
7.68
7.04
7
12.64
7.12
7.04
10.88
8.8
12.08
8.88
9.2
7.56
7.2
9.04
8.24
8.48
9.96
10.76
8.16
8.48
9.96
7.48
14.08
12.8
9.32
9.44
7.08
7.12
7.08
12.44
7.84
23.56
7.32
8.68
11.04
8.44
7.16
10.76
7.6
11.04
7.52
9.4
10.04
8.76
7.44
8.04
7.12
7.84
8.6
9.8
7.4
11.08
7.4
8.84
7.4
8.32
11
12.96
9.72
9.28
9.28
7.28
9
9.4
7
8.48
8.52
10.52
12.84
10.16
13.84
12.12
7.36
8.28
8.24
11.72
7.48
12.16
9.2
7.84
10.56
11.92
7.12
7.04
9.8
7.4
8.76
7.48
7.28
11.04
9.84
9.72
8.64
10.16
11.76
8.6
14.72
7.12
9.52
9.08
12.04
7
10.76
10.44
8.68
9.72
9.16
9.64
14.88
9.32
9.84
7.96
16.28
11.88
9.96
13.24
11.96
9.64
7.44
7.12
11.96
11
10.28
10.16
10.28
9.28
9.24
7.96
7.16
7.04
10.88
15.64
7.24
7.32
7.2
7
7.36
10.44
7.16
11.08
10.68
9.56
10.8
8.24
8.64
15.56
10
7
7
8.84
7.64
7.16
12.32
9.72
12.48
7.2
7.72
9.76
7.24
9.64
7.6
10.88
7.36
11.56
9.4
9.92
11.4
9.36
7.44
10.2
7.12
9.48
13.72
10.08
8.84
7.08
13.8
10.88
7.2
7.16
7.24
8.76
9.12
8
7.08
8.88
12
11.68
13.6
9.56
7.04
8.88
8.92
12.04
7.8
11.4
9.2
11.4
12.04
11.12
11.08
12.68
11.88
9.12
8.16
12.84
11.68
11
11.36
10.56
10.44
8.12
9.24
8.48
9.28
12.84
15.76
9.28
8.6
11.92
9.68
7.52
8.56
8.32
8.88
8.88
12.44
12.88
9.28
7.28
9.8
11
15.88
8.4
10.88
14.28
8.72
9.08
9.76
9.08
13.88
9.04
9.96
7.12
7.04
7.08
13.6
9.8
7.36
9.76
7.36
8.52
13.32
13.32
11.88
10.8
9.32
8.96
7.04
10.88
9.48
9.88
13.52
8.72
8.68
9.68
7.56
11.32
7.2
7.44
7.24
11.2
8.72
10.68
7.68
7.96
7.28
7
7.12
7.12
7.6
10.88
7.12
11.76
10.84
9.28
10.92
12.76
11.44
15.12
12.16
13.36
16.88
7.36
9.48
11.2
8.12
9.08
7.08
9.12
10.56
17.84
7.36
11.32
7
13
11.96
7.2
10.8
7
8.52
9.16
12.48
13.56
8.88
8.4
9.56
7.08
7.36
8.96
9.72
8.96
8.44
7.2
14.88
8.6
14.36
12.08
7.76
11.04
13.24
10.68
8.6
8.96
8.6
17.8
9.88
7.32
8.6
11.04
11.24
13.64
10.24
10.28
11.48
11.8
9.16
9.92
9.72
7.16
7.04
8.32
7.2
10.36
8.08
9
10.36
9.88
7
8.4
7.2
13.4
10.88
11.4
7.04
7
7.12
13.2
9.48
12.48
10.32
7.08
7.16
10.64
9.6
10.36
10.28
9.8
7.36
7.04
10.4
8.84
7.08
7.4
7.08
8.76
7.48
8
9.72
12.76
13
8.88
9.6
7.12
8.2
7
7.88
12.72
12.52
8.48
9.36
7.28
7
8.16
9.6
14.32
16
7.08
9.04
12.68
10.52
9.52
9
10.04
8.08
9.56
10.64
7.08
9.12
7.32
7.48
8.92
9.8
7.64
7.2
11.04
13.24
7
9.56
7
8.04
7.04
9.04
14.32
14.44
8.08
8.96
8.6
10.96
11.44
8.64
11.48
11.04
6.04
9.24
7.32
7.64
6
6.04
6
7.52
6.12
6.12
8.8
7.24
6.04
7.84
6.28
7.72
6.16
7.92
10.48
6.08
7.84
6.32
7.36
6.4
6.24
8.76
9.96
6.28
11.92
6.56
6
6.08
6.56
9.84
6
6.08
7.64
6.2
6.12
6.24
8.6
6.36
6
7.88
6.24
6
7.48
10.32
8.56
8.4
6.04
6.04
10.08
6
9.32
6.16
10
6.2
6.32
6.12
9.6
6
6.2
10.32
6.96
11.68
26.32
7.52
10.64
7.52
7.48
6
8.72
12.92
6.2
6
6.16
6.2
6.04
7.56
6.4
6
7.8
6.08
6
6.04
7.8
6.48
10.68
10.68
9.4
11.72
9.36
6.04
10.04
6.08
7.6
8
8.6
14.96
6
7.64
6.12
8.88
6.8
6.04
6.8
9.44
6
6.08
7.52
8.44
6.08
6
6
6.04
6.16
6.64
10.08
7.88
6.16
6
8.6
10.88
8.36
6.4
6.16
9.8
9.44
5
7.92
5
9.84
11.04
5.2
6.56
6.96
5.04
5
5
7.08
6.88
5.12
9.32
5.4
5.44
5.04
5
8.2
8.44
5.2
5
6.36
8.24
5.32
8.64
5
5.08
5
5.2
5
5
5.36
9.24
5.12
5.04
5.12
5
8.48
5.24
8.56
9.12
9.4
5
6.08
9.2
5.04
5
5
5.08
9.64
8.08
5.04
5.04
8.56
5.04
5.2
5
7
6.08
5.56
6.96
5
5.08
5
5
7.8
7.68
5
5.88
7.52
5
5.36
5.2
5
7
5
5
5
5.08
11.44
5.12
5
5.04
5
5.16
5.04
5
11.24
5
5.76
9.28
9.96
6.32
8.36
5
9.2
5
5.08
8.24
8.76
5
5.04
9.56
5.08
5
8.92
5
5.08
5
5.12
7.48
9.36
5
8.76
5
5.04
9.92
5
8.36
5.24
5
5.08
8.12
5.04
6.24
7.96
5
5.16
5
5.04
7.4
5.16
5
5.4
5.12
5.24
7.72
5
7.4
5
7.92
5.16
5.28
5.44
9.76
6.36
5.28
5
7.08
11.56
8.28
5
5
5.04
5.04
5
5.04
5.48
5.04
5.32
7.76
8.72
5.12
5.4
5
8.16
9.6
5
5
5.12
8.24
6.92
6.96
5.28
6.56
5
5
5
5
5.08
5
5
5
9.76
7.68
8.36
5
5.24
5
5.12
8.08
9
6.96
5.12
9.16
5
9.08
10.36
5
5.28
5
6.2
5.08
5
9.32
8.56
5
5
5.2
5.2
5.72
5.72
7.92
5
5.88
8.88
5
5
5
5
8.04
5
5.08
5
5.04
6.12
5.04
5.8
5.08
7.56
5.04
5
5.08
5.92
5.36
5.28
5.08
7.84
5.2
5.04
8.4
5
5.16
5.04
5
5.4
5
5
8.56
5
5.08
5
5.16
5.04
5
5.08
5.12
5
5.16
5.04
5.08
5
5
11.12
5
5
5
6.88
10.04
5.16
5
5
9.72
5.16
13.4
9.64
5.08
8.24
5.08
5.12
5
5
8.8
8.08
5.16
5.04
5
8.04
5
7.2
5
8.08
10.52
7.08
9.6
10.36
8.96
10.88
5
5
5.36
7.96
5.28
5.32
5.08
5.12
5
5
7.48
7.56
5.12
5.12
9.76
9
5
5
10.32
5
5.28
5
7.4
5
5.36
9.8
8.72
5
10.92
7.04
5.4
7.6
7.6
5
12.52
6.96
9.84
5.92
5.04
5.04
5.04
8.48
5.12
5
6.04
5
5
5.48
5.04
5
5
5.36
12.6
9.24
5.48
8.76
7.2
5.04
5
5
5
5.28
5.08
5.32
5.36
7.44
9.52
8.56
9.72
5.04
5
5.08
8.12
5.36
5
5.36
8
5
5.56
7.04
7.16
8.56
5
7.84
5
13.04
6.48
5.2
5.84
5.72
7.6
7.76
5
5
8.12
5
5.36
5.16
8.08
8.08
5.28
5.36
5
5.04
5.08
7.92
7.84
6.8
5.04
5
5
5
7.8
6.72
7.28
11.08
5.04
5.36
7.8
5
5
5.16
5.2
5
9.6
8.08
8.96
5.32
9
5
7.44
8.64
5.44
7.4
9.44
8.16
5
5
5
5
5.08
5.6
5
6.92
5
5
7.04
5.36
5.16
5.04
5.36
5
8.76
5
5
5
5.08
5.32
9.2
5
5
11.24
10.24
5.12
5.04
5.08
5.04
5.04
9.32
5.96
8.64
5.28
5
7.84
5.2
5
8
6.96
5.04
9.56
5
5.04
5.36
5.52
5
5.52
6.92
5.04
5
8.36
5
5.04
9.36
5.04
7.4
5.04
5.72
5
5.04
5
7.44
5.72
8.68
7.64
7.84
5.36
5.6
12.6
5.04
5
10.6
8
5.28
5
8.52
6.08
5
7
9.6
5
9.76
5
5.44
5.08
5
5.08
5
5.08
5.04
6.04
5.12
5.16
5.04
7.08
7.88
5
5.2
5
5.12
5.12
5.08
10.84
5.08
5.24
5.04
5.04
9
10.12
9.48
7.12
5.16
5.08
15.96
5.32
7.64
5.12
7.48
8.96
13.48
5
9.28
5
5
5.4
5
5.16
8.64
5
5
5
10.72
5
5.04
5
5.08
9.76
5.08
5.44
5.12
5.16
5
9.6
5.08
5.04
5.08
5
5
5.12
8.16
5.04
7.48
5.04
5.28
5.04
7.04
5.04
7.56
8.36
10.16
5
5.12
5.72
9.4
5
5.24
5.2
5
5.28
5.16
8.32
5.12
5
5.12
5
6.36
5
9.88
5.48
5.04
5.28
5
5.08
7
5.44
5.04
5
5.08
5
10.92
5.12
7.24
8.96
5
9.88
5
5.04
5.12
7.32
5.16
5
5
5
5.16
9.72
5
9.68
5
8.28
5
5.12
5
5
5
8.28
8.52
5.76
5.08
5
5.04
7.88
9.24
5
6.32
7.44
5.08
5
5
5.08
5.08
5
6.92
5.16
9.4
7.64
7.04
5.04
5.04
8.64
5.08
10.12
5.16
5
9.4
5
5.44
5.28
7.04
10.36
5
5
8.52
8.24
5
5.04
5
5
9.36
5.16
8.48
7.24
5
5
5
8.92
5
5.24
11.24
5.2
5.12
8.96
5.08
9.16
5.36
5
5
5.28
8.88
5
8.24
7.04
7.04
8.92
5.92
5
5.32
5
5
6.76
5
5
6.36
5.16
7.8
8.96
5
5.08
5.16
5.16
5.08
8
5.12
7.24
7.36
5.96
5.32
9.68
7.04
7.48
5.04
5
5.52
5.12
5
5
7.44
5.04
9.2
5
5.76
5.28
5.16
6.44
7
5.4
5
5
5
9.28
5.08
5.24
5
5
5
5
5.44
5.04
7.88
5.12
8.64
5.12
8.08
5.36
5
5
8.32
5
5.04
5.24
5
6.92
5
5
5.16
6.48
9.88
6.88
5.08
7.44
6.56
5.08
5
5.52
8.72
5.08
5
5
5.16
9.84
5
7.2
5
5
5.08
5.28
7.48
7.68
5
5
5.04
5
5.28
5
5.64
11.16
5.04
5
5.04
5
8.68
5.28
5.04
5.04
10
5.12
5.56
9.08
5
5
5.32
5.12
5.08
7
7.2
5
5
5.12
7.68
5
8.28
5
5
7.32
5
5.04
5.28
5.16
5
5
5.76
5.04
6.88
7.52
9.12
8.56
8.16
5.04
5.04
5.92
5
6.64
10.12
5.16
5.08
6.48
5
5.08
6.6
5.4
5.8
9.88
5.28
5
5
5.48
5.48
5
9.24
9.64
5
5.92
5
5.04
6.16
5.04
12.12
12.68
7.84
5.28
5.04
6.44
5.44
6.8
5.08
5
5
8.92
8.2
5.08
5
5.44
5.96
5.2
8.84
5
5.12
5
5
9.52
6.56
9.64
8.56
5.2
5.32
6.76
5
8.88
5.36
8.6
5
5
7
5.04
5.2
5.08
5
5.12
5.04
8.56
12.52
10.36
5.28
8.04
5
5.12
5
5
7.64
5.12
10.76
5.16
9.4
6.64
8.32
5.04
5.24
8.84
5
8.84
5.2
5
5
5.04
11.6
5
5
8.72
5.2
5.08
7.56
5.12
5.12
5.12
5.36
8.64
11.56
7.6
5.08
5
5
5.04
9.48
5.76
9.16
5
5.32
8.4
5.48
5
5.08
5.16
6.6
6.88
6.96
5.04
5
8.88
5.16
6.72
5.24
5
5
5.04
5
8.68
5
8.8
5.08
8.4
6
5.96
8.08
5
5
5
5.24
6.44
9.72
7.92
7.6
5
5.04
5.56
5.56
9.8
5.08
6.88
5
5
5.08
9.32
5
5
11.6
9.92
6.6
5.12
6.6
5
6.52
5
5
5.08
5.24
6.32
5
9.96
5.4
6.88
5.04
5
8
5
5
8.36
8.44
7.2
5.12
5.16
5.12
5
5.08
5
5.12
7.8
8.16
5
5
5
5
5.08
5
6.6
5.12
8.64
7.72
5
6.88
5
5.04
5
5
5.08
5
5.24
5.04
5.08
5
5.84
5.04
5.08
5.08
5
6.92
8.4
5.88
5
5.32
5
5.16
5
5.08
5.16
5.16
5.16
5
5.08
5.12
5
7.6
9.92
5.2
7.28
5.32
7.92
7.08
5.04
5
5
5.2
5
5.04
5.24
5
5.08
5
5.28
5.12
5
5.04
5
8.76
6.76
5.16
5
5
5
8.6
9.12
5
5.92
5.2
6.48
7.04
5.32
13.08
5.08
9.72
8.36
8.76
5.12
8.28
5
5.08
6.56
5.04
8.04
5
8.4
6.56
5
9.2
7.04
5.08
7.28
5.36
5.08
5.12
9.44
9.92
5.12
8.88
5.76
7.36
8.76
10.24
5
7.08
5.2
5
5
5.12
7.96
5.32
8.76
7.88
6.24
7.16
5
11.48
8.6
5.04
5.04
7.24
5.16
5
5.04
5.24
5.24
8.92
5.08
5.04
9.36
5
7.4
7.28
5.28
5
8.72
5.04
5
5.28
7.52
5
6
8.44
12.04
5
5
5.12
5.08
7.36
5.08
7.8
5.24
5.08
8.28
5.12
5.04
5
5.24
7.72
11.08
7.16
5.04
9.28
5.04
5.04
5
8.36
5
6.24
5.08
10.12
8.8
8.12
5
5.08
5.6
5.04
5
5
5
6.76
5
5.32
5.08
5.04
8.56
5
5.08
9.28
5.76
5
5.04
5
5
8.8
5
5
5
5.12
7.12
5
5.04
6.16
5.28
5.24
5.04
5.4
5
10.44
7.64
7.24
5
5.08
7.52
6.12
5
5
5.76
5.48
9
6.32
5.12
5.88
5.68
7.96
7.72
5.72
6.84
8.8
6.28
10.2
5
5.92
15.52
5.84
7.92
5
8.8
5.16
5
5.16
12.44
5
5.08
5.44
5.2
5.08
5.08
5.12
5
8.8
8.12
6.36
6.68
5.36
8.32
6.12
5.36
5.48
6.6
6.88
9.16
5.92
9.72
5.12
5
7.04
8.8
6.72
5
8.76
5.04
5.04
5
5.04
5.12
5.16
5
6.36
5
5.08
5
5
5
5.04
5.08
5.08
5.04
5
5
5.04
10.2
5.12
5.04
5
7.96
5.08
5
5.2
7.6
7.72
5.84
5.04
9.2
5.92
6.12
5.2
5.04
7.04
5.2
5.16
5
5
7.72
10.52
8.32
5.04
6.48
5
13.48
5.04
9.76
10.36
8.6
8.32
8.96
5.24
5.08
7.68
8.08
9.88
5.12
6.24
5.88
5.12
5.2
5
8.8
5
6.6
7.04
5.12
5.56
5.24
6.56
5.08
9.52
5
5.2
5
6.96
8.16
5.16
5
6.64
5
5.04
8.48
7.48
5
5.12
5
5.04
8.96
7.32
7.68
9.04
5
5.32
8.04
5.08
5
8.72
5.04
9.88
9.24
5.04
5
5
7.08
7.52
5.2
5
5.16
8.32
5.16
7.52
5
5.08
5
5.2
5.32
5.16
5.36
5.12
5
5
5
5
7.08
5
8.6
5.28
5
5
5
5
5.08
13.12
5.04
5.24
6.36
5.2
9.08
5
8
5.48
5
5.04
5.36
5
6.96
5.12
5.56
8
5
5
5.04
5
5
5.12
5
6.56
11.76
9.28
5
5.04
5
6.84
8.6
9
5.04
7.64
9.64
5.2
5
5.04
10.2
5.2
5.32
5
5
5.24
5.2
10.8
5.2
5.6
7.68
5
5
7.2
5
5.04
5.04
5.96
5.04
5.28
8.52
5
5
5.16
9.32
6.64
5.08
5
5.84
5
5.04
7.76
5
5.28
8.68
5.2
11.24
11.12
8
5.2
5.76
5.16
5
5.32
6.24
5.08
5
5.08
7.52
5
5
5
9.16
5
5
5
5
5
5.2
14.32
7.76
5
5.2
7.32
10.52
5.12
7.72
5
5.28
12.32
8.24
5.04
5.28
6.76
5.84
5.04
9.2
7.92
5.2
9.96
5.04
6.72
5
8.72
5.04
5
8
5
8.68
8.16
5.2
5
5
5.04
5
5.08
5
5.08
8.16
9.16
9.24
7.88
5
5
6.48
7.16
10.92
5
5.16
5.16
5
6.84
5
5.32
5.08
5
6.64
5
6.76
5
8.68
6.92
5
5
7.96
10.12
5.04
11.28
5
5.24
7.12
11.08
6.28
10.84
5.2
5
5
5.08
7.2
6.4
8.04
5
9.24
10.4
5
5
13.36
8.28
5.28
7.36
5.16
5.08
9.64
7.04
5
5.12
5.12
9.16
5.08
5
6.92
5
8.2
5.04
7.44
5.2
5
5.12
6.84
10
5.44
5.04
5
5.04
9.76
5.24
5.12
5.24
6.88
8.2
7.92
5
5.12
5.4
7.84
8.6
5
5.4
11.28
10.2
6.24
5
7.92
5
5.12
9.56
5.04
5
6.68
5.12
5
5.08
5
6.84
7.68
5.08
5
5
5.56
5.44
9.56
8.2
7.52
5.68
5.24
5
8.92
8.96
8.8
7.2
5.12
6.6
5.32
7.52
8.48
8.76
5.16
7.96
5.08
5
5.2
8.52
5
5
5
5.04
5
8.64
5.12
5
6.6
10.44
8.04
8.44
5
5
5.12
5.16
5.4
6.92
5.4
5
7.04
5
5
10.76
6.44
5.16
5
8.68
10.48
5.52
7.68
5.28
5
5
5.04
5
5.04
5
5
5.16
5
5.12
6.4
7.4
5.08
5
5
8.28
5
5.16
7
9.64
5.08
5
5
9.84
5.08
5
7.6
5
5.12
5.24
5.2
5.24
5
8.64
5
5.24
5.24
9.48
9.8
5.24
5
5.28
9.44
7.44
5
9.08
5.92
5
5.2
5
10.16
8.36
5.12
7.08
5.08
5
5.08
5
13.8
7.28
5.08
5
8
5
12.44
7.56
5
6.84
5.2
5.04
5
5.08
5.16
5.12
5
8.88
5
5.08
5.04
5
5.12
7.72
5.12
5.04
10.28
9.16
5.04
8.68
5.52
6.48
5.04
6.52
7.64
5
6.52
5.04
7.36
5
5.04
5.36
7.24
5.12
8.2
5.56
7.32
8
5.08
7.88
5
5.28
7.52
5.04
8
8.52
5
5.16
11.32
5
5.28
7.12
5.16
5
7.72
8.48
5
5.24
11
9.64
8.24
6.88
5.04
8
5.12
9.12
5.08
5
10.12
7.48
5
5
7.68
5
5
5.16
7.24
5.12
10.84
5
6.4
5.08
7.96
5
6.24
5.12
6.56
5.04
5.04
5.4
5.16
6.12
5
9.44
11.56
5.4
7.64
5.04
5
5
5
5.16
8
7.68
9.68
5
5.2
5
5.12
5.8
5
13.52
5
6.92
5.04
5.12
6.48
8.16
5.12
5.08
7.48
5.12
5.08
12.32
5.04
5.08
5
5
5
5
7.4
5.08
6.84
6.24
5.04
5
5.84
7.32
5.52
7.96
8.52
6.28
5.16
7.64
5.48
7.4
11.12
7
5
7.56
6.24
8.48
5
7.44
5.28
5
5
5.16
5
5.04
8.16
5
5.12
5.12
6.64
5
5
5
5.08
5
5.04
5
5.04
5.12
5.04
7.44
5
5
