10876 34740
10.87
8.28
4.35
7.37
5.37
6.23
8.46
5.24
8.67
8.62
10.92
5.18
8.19
5.96
10.31
6.92
4.37
8.46
5.68
10.84
9.62
7.31
4.38
8.36
4.67
9.07
8.95
4.45
4.3
4.5
4.45
5.5
6.23
6.42
6.08
4.96
6.62
7.11
10.14
6.85
4.77
8.97
12.6
8.53
5.63
6.25
10.21
8.66
4.52
8.76
5.75
7.35
8.53
5.48
6.44
10.3
4.43
7.48
7.07
6.89
9.95
10.43
10.11
7.41
5.5
9.4
5.85
4.41
9.68
4.42
11.62
6.49
6.52
5.83
7.2
7.45
6.1
6.31
7.08
6.93
6.62
5.35
5.01
9.58
6.09
6.32
10.35
9.2
5.98
6.21
6.05
7
4.31
7.82
5.38
5.5
7.91
9.08
5.74
8.69
11.83
8.22
6.44
4.16
6.4
8.35
8.33
4.18
4.46
9.51
6.86
6.56
8.91
5.34
6.69
7.57
5.21
8.38
8.79
7.18
12.45
5.9
5.47
5.43
4.32
11.86
9.63
10.31
10.09
10.56
6.75
8.47
6.21
4.78
9.77
7.83
9.66
7.64
8.49
5.11
9.57
12.24
8.11
7.75
5.37
11.08
7.78
8.33
7.04
8.09
6.3
10.55
10.57
6.86
7.28
9.76
8.4
6.44
4.92
6.33
5.82
10.2
6.55
6.72
9.67
6.88
7.46
5.79
8.32
5.71
5.96
6.4
6.36
6.34
4.14
4.36
7.6
8.07
9.7
8.64
8.99
10.45
5.33
11.77
7.55
8.49
7.2
5.93
8.32
14.32
8.55
9.09
7.87
7.07
9.62
6.41
5.06
6.19
5.63
9.64
7.03
6.78
6.41
8.16
4.51
4.26
7.51
5.53
8.15
8.69
6.16
8.29
4.29
9.07
8.9
6.95
6.51
4.21
7.64
4.2
6.54
5.31
7.05
12.04
6.98
5.24
7.43
4.14
5.59
5.39
6.87
6.16
6.6
6.65
6
5.28
8.61
5.85
4.42
6.36
4.28
5.44
4.06
6.87
9.75
10.93
8.63
9.91
7.93
7.61
7.06
6.24
7.52
4.2
6.91
6.09
7.36
6.97
6.82
6.24
8.46
7.36
9.1
4.86
6.23
4.43
8.58
9.24
9.17
7.46
9.74
10.33
13.15
7.4
4.98
8.08
8.19
4.45
10.61
8.47
9.47
7.72
4.52
6.25
9.28
8.43
4.81
9.25
8.56
9.95
8.56
8.77
10.14
8.29
7.26
8.87
6.58
10.22
9.05
5.6
5.36
8.25
6.96
9.9
7.51
6.96
7.65
5.77
4.32
9.11
10.26
9.93
7.24
10.11
8.98
5.38
4.38
8.1
12.18
8.18
4.75
4.3
8.13
7.22
8
5.78
6.48
8.17
8.66
7.72
4.52
13.76
4.26
4.53
6.43
6
4.57
4.31
8.43
7.79
7.52
4.55
4.39
7.11
4.68
6.9
12.02
4.84
5.83
5.75
8.58
8.12
8.29
4.08
7.47
6.88
6.6
5.1
6.81
4.25
4.19
8.21
4.17
7.58
6.88
8
7.51
8.16
6.11
7.32
6.7
5.86
5.27
6.92
4.2
4.32
5.82
5.15
7.55
8.28
5.58
5.61
8.9
9.94
4.94
12.84
9.72
10.4
8.05
7.14
6.41
9.15
10.98
7.88
10.1
9.68
11.99
8.94
7.46
7.46
4.41
8.8
7.07
11
4.72
5.47
9.97
10.68
9.37
8.49
4.51
6.23
8
6.69
7.18
6.76
5.31
7.44
8.25
5.13
12.99
5.84
6.24
4.16
8.18
7.11
8.41
4.5
4.37
5.22
6.01
5.83
7.23
4.4
7.8
7.22
7.68
6.01
7.11
6.59
7.44
5.99
7.07
6.65
7.25
8.06
8.68
7
5.78
6.74
8.71
6.9
12.35
5.54
7.48
7.84
9.37
7.53
10.64
6.28
8.02
6.41
10.16
7.81
6.15
5.16
5.6
4.27
4.27
6.32
8.13
6.64
4.4
6.84
6.96
8.04
8.69
9.09
7.06
9.23
6.18
7.41
8.31
4.31
9.16
6.1
11.78
6.9
7.32
8.93
13.48
5.59
8.52
9.71
7.66
7.92
5.31
8.29
7.78
5.41
8.82
9.99
8.49
4.26
7.95
7.21
10.23
7.67
10.32
11.48
7.74
4.58
5.86
6.28
9.02
5.22
10.6
7.12
4.27
6.94
4.41
9.05
8.94
6.15
5.44
9.87
7.24
6.54
10.06
8
8.33
4.1
4.58
4.39
6.63
4.16
7.02
9.48
9.93
4.21
5.88
6.12
8.82
10.13
8.71
7.93
9.45
7.06
6.45
6.17
6.85
7.66
5.5
5.51
7.36
4.78
9.44
5.86
4.5
6.11
6.72
8.56
7.42
4.8
4.87
11.04
8.89
8.79
9.46
7.37
15.35
8.38
7.59
8.24
8.02
7.57
6.12
10.27
4.13
10.17
7.64
6.73
6.62
7.26
4.15
4.56
5.91
12.23
7.97
7.71
9.5
4.2
9.69
6.63
5.04
9.77
5.02
6.74
6.33
8.93
7.74
5.9
7.91
6.98
6.4
4.75
7.74
10.17
6.89
8.35
12.19
11.35
4.22
4.31
5.69
4.13
8.22
4.08
8.41
8.39
5.34
4.27
7.23
6.87
8.65
12.85
5.28
7.31
8.76
6.87
5.56
6.67
5.52
4.84
4.2
6.45
5.5
8.95
8.73
11.73
5.49
5.56
12.66
6.08
4.14
5.02
4.69
4.25
7.53
7.52
6.4
7.34
8.54
5.69
12.52
5.54
7.4
8.87
8.88
7.69
5.28
5.5
6.36
9.58
8.69
5.69
6.8
12.24
8.7
7.73
7.19
8.21
4.61
4.14
7.73
8.08
7.32
8.37
7.72
6.97
7.59
8.24
7.98
7.66
8.64
5.82
8.86
10.04
8.9
6.27
7.26
5.83
10.43
7.23
6.87
7.58
7.92
5.16
7.85
5.89
5.39
8.14
11.58
7.07
5.41
6.73
10.19
4.52
6.05
5.91
6.01
9
6.86
7.86
6.79
4.08
6.68
7.99
7.18
4.43
8.59
5.82
8.51
11.62
7.85
7.69
7.88
7.87
10.74
5.5
7.33
10.22
8.27
10.05
4.16
4.39
4.4
6.91
5.9
11.8
4.26
4.48
8.11
5.95
4.18
8.74
5.4
10.57
6.55
6.76
8.52
11.35
5.45
6.57
4.25
4.5
6.91
8.67
4.53
10
6.38
7.52
6.94
7.21
5.76
11.57
4.94
8.8
7.81
8.9
9.5
4.12
7.55
10.23
5.8
8.88
8.05
7.2
8.62
6.41
9.92
8.67
8.74
7.5
8.33
6.53
8.66
4.52
8.43
6.29
5.52
11.75
8.16
11.06
8.68
6.32
13.03
8.7
7.94
8.19
4.65
7.8
9.58
8.5
6.32
6.59
7.54
4.49
4.6
11.03
11.55
7.05
4.41
7.07
4.33
8
8.05
5.29
7.77
8.6
10.38
8.34
9.15
15.12
4.19
7.13
7.28
7.19
5.94
7.17
11.27
10.08
7.55
6.89
6.54
10.08
6.47
6.42
6.34
6.52
9.01
6.88
5
4.76
4.04
5.94
7.51
6.86
6.89
9.42
6.73
8.9
5.24
6.29
7.99
7.8
4.26
8.67
4.62
4.62
4.71
6.88
6.36
4.29
4.3
8.77
8.84
6.61
6.74
8.15
7.44
7.09
12.01
6.4
7.28
4.59
6
5.33
7.8
4.13
7.73
4.98
6.71
5.66
8.93
7.12
5.02
5.64
5.84
4.28
6.81
4.17
7.67
11.16
8.01
7.74
8.49
4.26
6.07
6.01
6.36
8.07
8.13
4.24
5.46
6.42
6.29
6.23
9.25
6.36
6.3
8.37
6.38
8.61
6.58
9.7
6.66
9.4
7.62
9.19
5.2
6.95
8.82
7.08
7.09
5.64
5.67
6.26
4.97
4.21
10.26
8.17
6.06
7.76
13.24
8.85
4.33
7.45
8
8.43
5.83
7.48
10.08
10.89
4.18
12.13
10.51
9.9
9.72
6.14
4.27
10.41
8.01
8.24
7
6.2
4.2
5.98
7.74
10.66
7.4
8.49
4.99
9.18
9.64
5.26
9.53
9.1
8.44
5.16
10.1
7.71
8.83
5.1
5.88
7.04
8.71
7.63
10.39
9.01
10.53
4.47
4.44
4.33
5.15
6.88
8.88
9.36
10.25
6.49
8.5
5.08
5.99
8.34
5.1
8.62
7.19
8.87
9.22
5.04
4.27
10.26
4.39
6.66
8.21
7.72
4.63
5.68
4.6
6.45
5.54
5.59
9.12
6.12
8.08
8.11
10.5
7.9
9.24
8.52
9.14
5.62
6.05
8.97
5.12
5.24
10.58
8.73
4.27
8.7
9.42
7.2
11.16
8.46
7.95
7.29
6.42
11.25
7.01
8.91
13.96
6.28
6.13
6.37
6.65
8.93
5.44
4.33
4.35
7.78
8.21
8.79
7.08
6.6
9.14
6.79
9.5
8.69
10.28
7.64
6.92
7.25
7.45
7.63
11.18
8.66
7.79
4.59
8.65
8.12
4.93
8.19
4.64
4.08
6.62
8.11
5.84
7.32
11.74
8.09
7.66
4.94
5.28
7.51
9.67
5.22
5.42
6.26
5
6.92
8.09
5.77
9.56
5.77
6.26
4.68
4.37
11.17
5.86
10.79
4.27
4.93
6.64
12.09
9.79
9.71
9.95
9.48
6.82
4.88
7.72
6.09
5.42
6.62
4.86
7.46
4.48
8.96
5.4
7.42
7.82
7.92
8.51
8.84
6.13
11.5
8.91
8.43
7.31
4.33
9.95
9.52
8.4
6.26
8.52
6.79
8.81
4.45
7.74
5.54
6.59
7.25
5.45
8.58
4.64
6.11
10.56
12.62
8.2
7.91
6.84
5.85
4.84
4.19
6.85
7.32
7.82
9.21
4.3
5.75
5.46
9.61
10.14
9.62
7.7
6.5
4.54
8.37
8.01
5.36
7.87
8.72
8.37
10.43
6.71
5.55
9.62
5.04
6.22
8.22
6.34
8.17
8.38
8.42
6.61
4.19
5.9
4.64
8.72
5.58
5.75
6.27
4.62
8.53
6.24
8.7
7.84
8.03
4.42
8.42
9.99
6.77
6.55
4.3
6.87
10.54
6.48
9.04
6.46
4.63
4.95
7.73
5.01
5.45
6.22
8.68
6.32
5.6
8.27
9.72
4.59
8.48
9.35
5.13
7.74
6.4
9.82
7.1
6.02
7.1
7.61
7.5
6.68
4.2
4.77
5.28
6.46
4.66
5.26
4.08
9.34
6.81
6.5
10.74
7.22
6.27
5.11
4.25
7.71
5.47
10.78
5.88
10.35
6.05
8.19
8.26
4.47
8.42
4.67
4.1
7.25
6.95
11.86
10.33
7.1
7.93
8.18
7.33
6.62
7.12
8
7.1
10.89
6.65
9.38
6
6.31
5.54
7.76
4.9
5.14
6.27
9.5
7.09
8.77
6.92
4.28
5.92
5.95
5.78
6.78
9.47
5.06
9.72
7.81
7.97
4.29
6.16
4.46
6.58
6.35
5.41
7.43
5.49
8.46
5.52
9.16
6.84
13.11
5.71
10.21
6.9
7.05
6.31
7.75
8.23
7.18
8.31
6.27
8
9.66
7.56
10.7
6.64
10.07
10.43
5.5
6.13
5.13
5.9
6.73
6.01
7.34
6.33
6.02
5.63
9.34
4.96
4.53
7.95
7.92
7.04
6.76
5.06
5.1
9.36
8.35
5.83
7.35
6.69
7.27
8.07
4.53
8.16
4.71
4.91
7.38
8.17
8.56
6.7
7.07
4.26
5.99
7.25
8.33
7.78
5.5
6.51
9.22
4.3
5.15
7.24
4.95
6.91
11.4
4.23
4.72
7.95
6.63
5.03
9.57
7.33
5.39
7.89
4.47
5.49
7.65
9.15
4.17
7.07
5.01
6.32
9.31
6.26
7.17
5.76
5.47
4.1
9.17
7.53
4.44
8.24
5.55
5.12
7.6
6.43
6.39
8.73
9.18
5.54
9.08
4.67
6.72
5.94
11.6
7.06
9.33
9.68
9.21
4.34
7.38
6.98
7.13
7.47
7.04
7.19
7.63
6.04
6.06
6.27
9.35
5.37
7.62
4.34
6.61
6.21
5.66
9.17
8.85
13.24
5.55
4.23
11.3
8.84
6.2
10.1
5.99
6.96
14.25
13.01
4.65
6.43
6.65
8.81
8.12
6.51
7.43
4.29
5.69
7.99
5.52
7.72
9.88
10.16
10.06
5.07
4.28
7.91
8.3
8.66
7.19
9.36
7.7
4.63
8.46
7.47
9.9
9.07
8.74
8.66
8.68
5.77
7.95
8.85
6.34
8.92
8.1
6.73
8.82
11.71
8.88
4.52
6.7
6.27
6.93
8.49
11.66
9.68
4.32
6.75
5.67
9.89
8.09
10.57
7.01
6.47
4.25
4.34
7.35
9.11
5.26
8.67
9.16
11.62
9.37
8.36
6.41
9.61
5.11
6.59
4.75
11.22
11.7
5.93
6.27
5.44
8.63
7.48
6.34
7.04
4.56
5.18
6.73
4.5
5.82
5.86
6.16
8.85
8.36
9.68
7.82
4.25
5.37
6.27
9.61
6.17
11.1
5.45
4.07
8.75
6.89
7.79
7.47
9.26
7.62
5.69
9.26
7.09
11.13
4.14
8.52
7.01
4.3
9.58
8.67
10.87
6.21
6.31
7.24
9.08
7.69
8.43
4.62
8.76
6.29
10.26
7.84
6.71
9.92
10.14
9.24
7.33
5.52
6.7
8.56
6.69
8.6
6.38
4.1
5.54
6.39
8.53
10.11
7.31
7.78
8.44
6.81
8.3
4.46
5.62
6.68
6.13
5.86
4.2
4.14
4.21
4.38
5.32
5.68
4.22
7.33
6.36
10.44
6.88
11.11
4.2
7.67
7.11
7.62
7.25
12.83
4.97
4.92
4.38
7.99
6.4
6.42
4.35
9.12
9.36
6.13
7.73
8.51
7.35
5.85
9.53
6.79
4.2
4.29
7.72
8.92
8.96
9.45
7.47
9.17
8.05
10.11
5.27
4.31
7.24
8
5.83
5.38
4.47
8.51
8.41
6.32
6.98
7.53
5.71
6.99
6.1
4.01
6.49
6.89
5.04
7.47
9.56
9.13
7.24
4.28
5.03
5.07
11.91
8.29
4.15
4.19
7.08
5.72
5.74
5.65
8.44
8.78
8.68
8.85
6.7
4.24
8.6
4.27
6.01
11.14
6.86
7.25
7.79
7.72
4.24
5.4
4.89
9.35
5.71
4.87
6.08
4.34
4.16
4.45
12.44
6.57
7.14
4.86
6.61
6.77
4.79
5.48
5.24
6.97
5.42
4.47
6.3
5.93
10.59
6.62
6.81
12.76
4.53
8.33
9.75
7.63
8.28
7.12
4.6
8.06
9.16
8.41
4.22
5.08
7.82
9.27
4.28
4.67
7.79
9.01
4.21
8.88
9.54
4.38
5.03
10.19
7.03
6.53
5.94
7.42
5.27
5.12
7.21
4.33
6.57
9.52
7.63
8.14
4.14
8.13
5.66
7.32
6.69
4.31
6.54
6.03
4.84
7.44
8.76
5.79
7.07
9.55
7.22
5.99
4.28
4.41
4.28
6.58
6.61
4.9
6
7.03
6.03
4.49
8.92
5.7
5.51
6.18
5.11
6.92
5.02
6.73
4.2
7.28
5.44
6.48
19.47
9.32
7.82
9.32
6.54
8.32
5.99
8.36
9.6
7.28
7
10.54
9.35
6.89
7.72
6.57
5.53
5.96
4.26
7.17
11.14
7.04
8.55
8.71
5.58
8.53
4.52
8.47
4.27
6.3
6.87
6.96
4.05
6.24
7.04
4.37
7.36
7.34
9.79
8.04
5.58
6.82
5.28
6.58
9.51
11.32
6.93
8.46
5.4
5.51
10.58
5.09
5.93
6.75
6.27
4.27
8.62
5.39
7.1
6.79
4.38
7.32
7.16
7.89
11.38
8.57
8.13
8.72
9.48
6.22
6.27
9.33
6.19
6.35
5.19
8.83
7.14
4.37
6.79
7.39
9.21
6.74
5.19
10.52
8.08
9.95
9.74
8.21
10.95
6.8
7.15
4.12
7.14
8.43
8.57
8.16
5.09
6.29
6.94
11.16
5.24
8.48
5.28
4.25
5.62
7.73
10.03
4.12
7.57
5.3
8.12
4.91
7.06
8.1
7.09
6.26
5.7
8.4
10.44
12.52
7.94
5.65
8.06
4.28
4.43
4.26
7.93
4.9
4.38
8.28
8.69
6.44
7.08
5.6
5.74
7.19
4.18
7.3
4.18
7.32
9.68
7.1
10.16
6.93
6.65
6.66
5.85
4.2
4.14
6.59
4.37
7.87
9.5
10.01
6.09
7.64
4.38
6.05
6.75
9.44
8.41
7.15
8.34
5.7
7.03
6.96
8.94
9.2
8.59
5.41
9.53
5.77
4.08
8.19
6.81
7.13
8.75
5.17
6.09
7.23
9.77
8.19
4.39
9.58
12.03
6.2
6.64
13.57
6.38
7.17
6.01
7.16
6.08
8.78
5.68
8.82
7.23
8.01
4.4
5.76
5.6
7.1
5.55
7.46
4.39
8.72
5.25
10.53
6.09
7.61
6.89
4.34
5.83
6.69
5.22
5.42
8.69
5.56
4.36
6.81
6.2
7.06
6.76
6.99
5.43
8.85
6.99
5.36
9.85
4.18
8.07
6.53
6.14
6.42
8.61
7.69
6.61
5.97
4.37
8.78
7.4
5.77
6.03
5.98
6.08
7.05
8.84
8.73
5.13
9.07
11.75
5.32
4.33
8.97
4.08
8.86
11.46
7.99
8.94
8.47
6.68
6.41
6
4.31
9.2
7.55
7.92
5.64
8.64
6.32
8.28
5.29
7.84
8
4.25
8.19
7.91
6.57
8.74
4.92
5.9
7.22
6.21
5.11
7.98
5.67
5.03
6.22
4.37
10.75
7.09
8.49
8.5
4.96
6.51
7.18
4.52
10.06
5.63
9.42
8.26
10.69
4.68
6.59
6.39
6.29
5.56
8.49
9.4
8.45
4.31
8.26
5.28
10.89
11.87
5.79
9.74
7.5
6.53
7.86
8.43
5.16
7.88
5.04
7.5
6.05
7.56
5.57
4.36
9.6
10.99
7.73
5.91
6.15
8.97
7.26
10.68
9.23
5.98
6.23
6.36
8.58
7.92
7.78
4.28
4.34
4.08
9.63
4.54
8.25
7.3
5.1
6.8
6.63
8.29
8.2
6.23
4.5
9.71
4.24
4.4
7.24
9.36
6.26
7
9.72
8.86
12.21
8.35
8.79
7.65
9.51
9.3
4.16
7.88
7.92
5.23
4.39
6.01
5.35
6.26
5.62
5.2
4.2
10.43
8.35
8.02
9.67
7.67
6.43
4.26
10.39
9.61
6.65
4.96
9.33
6.5
7.14
6.89
11.07
6.63
8.76
6.84
4.33
4.32
9.13
7.74
7.29
5.6
4.28
4.22
11.38
6.52
5.71
7.32
10.95
6.08
5.98
7.25
4.22
4.53
9.92
4.16
4.66
4.47
7.89
4.73
6.11
4.26
8.26
8.07
5.71
4.41
8.97
9.63
7.03
4.18
7.49
8.08
6.31
8.93
7.78
6.75
4.39
7.28
8.41
6.18
6.87
7.2
4.31
5.57
4.28
5.51
4.4
6.96
6.45
4.63
6.74
8.27
7.6
4.64
11.7
7.6
6.23
8.52
7.48
8.57
6.79
4.06
7.22
7.7
8.39
10.76
4.3
8.56
10.35
4.69
4.89
11.29
9.32
4.41
5.48
8.11
8.51
5.76
7.64
7.76
10.23
9.7
9.61
7.09
12.05
6.47
6.47
4.23
6.52
9.52
5.94
5.5
10.28
7.73
8.71
5.66
4.39
11.59
6.56
8.55
13.3
6.27
5.12
4.05
7.97
7.4
6.4
9.58
4.32
8.1
8.2
7.54
7.98
10.38
8.5
7.17
7.32
6.9
9.94
5.61
9.83
5.8
6.01
5.77
7.1
8.46
4.51
6.3
6
5.32
4.13
10.18
4.24
4.36
5.39
6.85
6.45
11.27
8.5
7.79
9.76
6.9
5.24
4.3
8.21
5.57
5.08
9.13
4.63
5.64
10.49
7.54
6.44
6.8
6.83
5.62
4.44
5.97
5.49
4.13
9.75
8.61
6.47
6.47
10.25
9.15
10
7.2
4.36
6.3
7.02
6.99
8.25
7.99
7.88
8.02
5.75
4.85
9.22
9.34
5.54
6.16
6.89
6.16
7.03
5.25
6.87
7.58
8.75
8.53
5.74
9.95
4.25
5.46
7.75
4.33
8.19
4.31
11.1
7.32
6.9
7.51
5.89
8.33
6.78
4.34
5.62
7.41
5.06
8.45
10.01
6.03
5.29
6.43
6.43
5.06
4.48
8.55
5.5
4.6
4.86
8.18
7.09
5.25
12.39
7.27
6.4
9.03
4.39
6.59
4.35
9.73
8.93
11.74
11.21
8.27
6.25
4.93
7.51
9.47
5.57
8.6
8.43
7.59
5.68
8.66
7.08
6.4
10.2
6.84
5.23
10.24
8.22
5.5
10.54
5.23
5.47
8.64
7.02
6.73
4.49
9.37
5.85
8.45
8.87
8.95
8.63
4.66
6.72
6.04
5.64
4.54
11.91
7.31
4.2
5.39
6.27
5.52
6.67
4.96
5.61
7.49
7.11
5.01
4.23
6.17
4.63
7.26
5.37
7.83
6.3
7.68
7.58
5.43
6.42
10.75
5.22
6.91
6.29
6.15
6.7
10.49
7.39
4.46
10.98
6.95
4.54
4.97
6.5
7.39
6.29
5.93
5.25
11.54
5.51
4.26
6.42
10.86
11.84
6.13
8.11
6.34
11.2
6.93
7.16
4.21
9.2
7.02
9.39
5.65
4.6
7.92
6.55
11.66
5.22
5.5
11.43
6.47
13.1
6.58
6.24
7.69
6.15
5.14
9.18
7.93
4.94
10.39
4.46
6.11
8.51
5.61
4.49
8.96
8.37
8.11
6.51
6.55
10.39
9.7
5.29
6.6
4.13
4.14
4.45
7.72
12.18
5.94
7.46
7.43
6.71
5.37
10.41
4.97
7.53
7.74
4.12
7.52
5.05
7.9
4.26
6.97
9.16
9.95
7.41
4.21
4.94
7.13
6.95
9.34
8.8
7.99
10.51
7.4
5.29
8.36
6.4
7.53
8.92
10.13
6.22
6.14
8.69
4.53
9.73
9.51
10.2
7.95
9.45
6.85
10.55
9.39
7.19
6.89
4.94
4.53
23.46
6.04
5.83
8.76
5.82
6.54
7.94
10.68
5.78
9.51
6.95
4.25
4.43
9.49
4.08
4.66
7.43
9.16
4.4
6.42
8.87
8.08
12.37
8.96
7.5
4.18
7.66
5.19
8.49
5.58
9.02
7.62
4.32
5.77
5.74
5.48
4.03
4.26
4.86
5.98
9.18
7.76
4.68
7.68
6.59
6.34
6.86
8.66
4.23
6.48
4.25
9.18
8.78
10.41
6.6
5.81
9.13
9.47
9.14
5.07
7.6
7.32
7.48
4.46
4.33
5.16
7.04
7.58
9.2
10.95
8.25
7.23
6.9
4.54
7.29
8.22
6.4
6.72
8.92
6.81
8.25
4.53
4.29
7.61
6.67
8.36
4.09
7.38
8.6
9.51
7.01
10.73
9.13
4.14
6.53
12.74
11.67
6.59
8.66
9.08
5.94
6.73
7.07
6.98
9.83
7.48
7.4
6.94
7.14
9.71
4.2
5.77
5.54
7.5
6.81
6.77
7.52
5.97
5.62
7.64
6.39
6.3
4.14
4.84
5.74
6.22
6.37
4.3
7.24
7.62
7.48
7.09
7.75
7.39
4.88
6.67
5.83
4.71
6.38
9.33
6.68
5.78
5.88
4.82
6.45
5.9
5.54
7.58
7.12
5.88
8.58
7.15
6.85
6.81
6.7
4.56
7.36
4.66
11.93
5.99
5.3
4.99
4.35
8.23
4.39
9.08
9.16
5.68
6.91
4.28
8.07
5.94
7.47
4.95
7.4
5.51
4.13
8
9.52
6.98
6.66
5.09
4.21
5.19
6.59
6.41
7.54
6.38
5.24
8.9
8.04
9.72
9.2
10.16
7.91
8.6
6.24
11.76
5.54
7.62
9.07
7.04
5.93
5.7
4.72
4.54
8.16
4.92
7.34
4.53
5.8
8.9
7.22
9.41
7.6
4.3
6.28
7.06
4.37
5.07
6.39
6.38
7.07
6.6
4.42
6.27
7.09
4.34
5.24
6.05
6.86
10.93
7.1
10.18
8.98
6.32
4.56
5.43
5.5
4.54
7.5
4.47
6.79
9.72
8.07
9.35
6.53
4.83
11.83
4.62
9.04
10.4
7.5
5.72
8.23
8.64
7.6
4.2
5.3
8.04
4.16
8.56
4.76
7.55
7.5
7.69
9.62
11.16
9.3
4.52
5.99
5.92
8.07
4.43
4.78
8.67
9.04
4.63
5.17
4.54
4.93
8.53
10.41
5.53
7.7
4.25
8.97
8.4
4.37
4.41
6.28
6.74
7
12.98
9.72
4.83
9.44
9.76
4.24
7.94
5.55
6.18
7.91
4.5
12.56
6.2
8.12
8.87
4.17
4.34
12.14
7.11
6.64
10.28
7.22
4.35
7.03
5.81
4.32
9.85
4.66
7.17
5.94
7.74
6.78
5.13
7.63
8.61
8.62
8.55
10.43
6.31
6.75
12.46
6.7
8.22
7.65
5.8
4.68
4.22
5.55
7.67
4.2
8.3
8.48
6.1
5.24
4.25
5.18
6.55
7
8.19
4.47
5.42
8.89
9.81
6.52
8.15
7.34
10.8
5.27
5.99
7.58
9.3
9.33
8.03
5.96
7.99
5.7
7.21
4.36
4.21
7.69
6.34
8.19
6.83
9.56
7.35
4.86
6.7
7.25
4.44
7.25
11.02
8.89
7.15
6.09
9.67
7.61
7.14
6.31
4.44
7.81
5.49
5.54
8.12
7.13
7.27
5.08
6.3
7.82
8.99
6
8.51
5.69
4.89
7.78
5.44
6.26
4.43
9.65
4.34
10.15
9.67
5.11
4.75
4.9
10.52
6.47
8.69
4.24
7.08
4.81
8.45
8.25
6.46
4.19
7.66
7.15
8.44
8.92
7.86
8.02
7.36
5.71
7.45
10.4
4.36
9.58
9.12
5.08
11.42
8.46
5.11
4.65
9.47
5.73
6.67
4.18
8.72
5.52
5.99
4.25
9.35
10.1
11.43
5.18
4.34
9.8
14.32
7.01
7.49
6.69
9.21
7.27
6.53
6.28
8.64
4.25
4.37
8.34
7.36
9.35
9
12.09
4.08
5.51
10.21
4.22
9.37
5.74
7.26
5.79
10.54
7.65
8.58
4.27
5.77
9.55
5.39
5.45
7.72
8.89
6.06
7.2
10.8
12.59
5.34
7.75
6.18
4.23
7.84
6.73
9.54
4.93
5.78
7.76
7.92
6.29
4.86
4.08
6.45
5.49
6.6
4.85
6.96
6.17
8.47
5.37
7.76
5.79
7.32
8.69
7.78
8.32
4.89
10.6
4.92
6.94
5.34
5.47
5.84
6.08
7.19
6.28
6.29
10.46
6.42
4.1
6.85
4.89
4.17
4.28
7.01
6.06
7.53
4.47
10.06
6.24
5.58
4.23
7.88
6.59
7.93
7.3
5.3
7.51
5.86
4.19
5.89
7.31
7.04
7.87
4.23
4.18
4.11
7.67
5.72
6.92
7.85
6.36
6.62
6.57
6.64
6.35
9.83
6.64
4.11
4.22
5.06
4.3
6.29
6.41
5.74
7.75
9.1
7.28
7.28
8.41
5.56
8.13
5.85
6.88
4.88
7.24
4.36
9.54
4.23
5.63
6.75
8.19
4.3
4.45
6.64
7.03
6.89
4.94
10.77
10.77
8.83
4.18
6.38
8.67
4.39
5.76
5.62
8.38
8.78
4.88
4.29
5.52
5.98
6.54
10.94
6.91
5.32
8.68
6.28
8.81
5.93
5.62
5.96
5.86
4.84
5.52
6.28
4.22
5.53
7.24
7.64
6.87
10.14
7.09
8.65
7.51
7.42
7.4
4.57
4.12
7.72
9.18
4.5
7.63
9.59
6.86
6.4
4.14
7.03
6.39
7.06
8.74
4.32
8.49
9.72
5.3
4.93
4.22
7.08
6.6
5.17
7.14
7.43
7.19
4.24
8.18
12.03
6.87
8.03
8.18
4.11
31.28
4.81
7.93
6.39
8.02
11.17
4.89
5.13
5.69
4.22
8.12
4.31
9.07
4.91
8.82
11.24
4.08
9.17
4.4
7.65
5.97
5.09
6.3
7.4
8.63
4.44
8.03
11.59
8.78
9.17
9
12.65
9.46
8.75
8.39
5.54
10.17
8.3
7.72
6.73
9.73
9.76
7.54
8.56
4.3
7.31
7.3
8.34
4.44
5.46
4.94
8.59
7.42
4.78
9.94
5.82
6.97
9.17
10.1
7.64
5.65
6.26
5.53
4.45
6.74
8.58
4.98
5.9
9.11
7.18
5.77
4.27
5.81
4.38
6.44
7.68
8.22
7.08
5.4
9.65
7.56
7.84
4.13
4.14
4.21
6.71
8.78
6.82
7.36
10.93
6.37
5.43
6.07
6.41
9.29
10.32
6.9
6.88
4.64
8.36
5.63
5.19
9.72
8.16
6.39
4.43
8.2
6.35
6.12
6.7
7.2
6.93
4.19
7.38
6.24
5.03
6.29
6.25
8.43
4.18
7.85
4.24
7.66
6.89
9.14
8.79
8.39
7.48
6.31
10.22
10.27
5.02
6.87
4.31
9.88
8.74
6.71
6.63
8.61
8.63
5.54
9.69
9.41
5.64
6.7
7.99
7.11
6.34
4.38
5.54
4.31
9.76
4.4
7.37
8.05
5.14
5.24
8.27
4.24
7.98
8.75
4.82
9.27
6.55
5.69
4.63
8
5.8
7.26
7.24
8.44
6.82
8.41
10.75
8.01
4.41
4.09
9.51
7.37
6.37
4.22
5.65
6.25
7.44
6.24
8.33
10.69
4.81
9.62
4.77
4.55
7.04
4.92
5.71
4.35
11.95
5.93
4.36
7.64
6.27
8.18
5.06
7.79
7.14
5.67
6.39
6.88
6.86
7.68
4.25
9.13
4.51
10.08
4.6
9.01
7.19
11.44
5.36
9.68
8.26
5.73
6.1
5.19
7.83
10.45
4.56
4.57
5.67
6.92
10.03
6.63
6.65
7.59
4.27
7.4
8.03
6.12
7.75
5.78
7.33
6.26
6.08
6.02
10.17
5.21
7.67
4.45
4.32
6.11
4.19
10.37
5.56
7.11
10.27
4.56
6.92
4.84
4.19
4.08
6.81
5.23
8.23
4.25
8.44
5.37
10.04
9.69
8.12
8.64
6.18
7.45
7.82
8.84
10.34
4.19
7.51
5.11
8.36
10.06
5.69
6.11
4.97
10.23
9.55
7.29
5.35
7.17
8.93
6.32
7.67
10.06
7.14
6.51
7.56
5.09
7.95
7.62
6.83
9.03
7.59
7.84
7.59
8.04
8.7
5.99
5.49
4.31
6.03
4.32
8.71
12.86
5.89
4.27
6.31
10.49
7.17
8.54
6.17
6.83
4.22
8.95
10.67
10.78
10.28
8.17
7.61
6.62
7.38
8.19
5.53
8.51
6.4
8.2
12.01
6.03
6.18
4.45
7.52
7.04
4.53
6.26
7.09
10.07
6.18
6.31
7.62
11.45
4.25
6.84
6.06
5.37
7.63
7.71
7.11
14.09
8.57
5.93
6.87
5.8
7.88
7.19
4.21
5.87
6.29
7.69
4.44
8.56
7.36
7.44
8.3
8.13
4.15
9.01
6.63
6.24
7.04
7.97
9.43
7.44
5.48
8.12
7.49
5.34
10.89
5.42
11.7
5.53
8.98
6.27
5.15
6.01
6.01
5.64
7.21
4.41
5.65
4.04
8.07
5.59
8.64
6.91
7.47
6.02
4.33
5.23
12.68
6.08
4.79
5.41
8.3
4.91
9.16
5.9
4.55
5.73
9.6
6.04
8.66
12.47
7.83
9.76
5.76
6.17
8.73
6.28
6.15
8.32
9.32
6.01
8.04
4.53
8.83
11.51
8.73
5.68
5.14
6.49
5.05
5.55
7.02
4.21
6.43
10.89
5.98
5.7
7.38
5.31
4.24
9.16
8.99
6.43
6.35
8.76
4.18
8.11
4.71
6.56
9.24
7.51
8.58
4.11
6.99
4.96
4.08
4.58
9.77
5.63
6.48
4.2
7.2
4.21
6.75
6.6
4.25
7.43
9.47
6.77
7.16
4.32
5.16
6.34
4.09
6.87
7.46
8.6
5.37
6.99
8.37
6.91
8.75
8.74
14.76
7.87
7.87
8
10.25
8.49
7.68
7.79
14.76
6.59
6.4
6.74
6.16
8.54
6
5.99
4.83
6.89
7.62
4.26
5.87
7
7.47
10.21
8.87
10.55
6.54
9.68
4.27
6.4
4.6
7.3
6.4
9.72
9.59
9.54
8.48
7.66
4.75
4.11
4.91
7.94
6.13
7.59
5.16
8.98
7.52
7.83
9.66
5.88
10.7
6.94
10.23
9.74
6.17
7.41
6.76
11.46
6.25
7.58
4.71
7.81
4.26
8.53
10.67
5.53
6.12
6.25
4.31
7.79
5.83
5.04
4.85
5.57
9.87
6.57
7.82
6.71
6.31
9.63
4.57
4.47
7.11
5.94
5.81
7.01
9.09
11.54
7.14
7.59
7.96
6.59
4.46
4.44
9.49
7.4
6.85
4.45
5.27
7.23
9.59
5.06
5.58
7.31
7.07
5.65
7.27
6.88
7.81
4.53
4.23
6.38
6.77
4.6
4.31
4.2
5.67
5.31
7.37
7.65
5.73
12.15
7.78
6.87
4.46
6.48
6.75
8.49
9.23
6.79
8.78
5.81
7.62
8.94
5.53
4.98
8.02
4.11
6.63
7.62
5.74
9.15
9.49
9.54
7.26
7.31
4.46
6.1
4.39
6.02
4.45
10.01
6.92
4.3
5.47
6.25
6.99
7.08
7.34
4.04
9.11
7.47
8.1
6.82
6.37
4.46
8.03
8.91
9.85
4.52
13.53
4.9
6.24
7.03
5.43
6.72
6.48
4.43
11.14
6.25
5.67
7.39
4.44
6.85
6.3
8.34
6.99
6.84
8.43
8.47
10.3
7.15
4.37
6.94
4.13
4.36
6.73
7.24
7.79
5.51
7.91
4.94
6.3
8.97
9.23
4.33
8.6
8.15
10.83
7.76
5.82
7.42
8.49
5.24
9.74
5.04
6.22
5.99
6.22
9.72
5.14
7.69
8.79
4.37
9.53
6.01
7.37
10.95
6.87
4.39
5.61
5.9
6.59
5.12
6.61
6.02
6.32
4.88
4.57
6.94
7.46
6.08
11.24
5.49
4.3
7.57
4.25
4.91
7.46
6.75
8.53
4.1
9.23
5.48
5.77
10.13
10.21
5.45
4.09
7.88
6.06
6.31
8.36
4.29
5.29
4.58
7.37
6.48
8.78
6.29
10.71
4.2
6.74
5.89
15.4
8.58
6.63
5.6
4.43
5.73
4.36
10.93
7.32
9.54
6.51
6.43
8.44
8.06
6.11
6.67
10.22
7.66
4.89
6.54
6.93
10.56
6.49
6.56
6.5
9.17
8.64
9.57
10.9
4.89
7.77
8.64
7.14
6.35
4.45
7.6
4.49
6.61
4.51
8.94
4.08
8.6
11.5
5.39
10.99
5.33
7
4.15
5.6
8.32
4.42
5.5
9
11.34
6.03
9.95
8.01
11.11
8.56
8.85
4.23
6.01
7.33
9.38
7.37
4.54
5.59
4.22
5.64
5.25
4.38
7.89
6.15
8.13
4.28
8.79
7.42
8.8
6.65
9.97
9.59
5.9
5.63
7.69
6.42
8.13
4.53
4.28
6.84
4.11
6.42
7.07
9.17
6.8
7.4
10.96
5.92
7.75
6.39
7.85
9.65
8.84
8.36
11.61
8.82
4.82
5.41
6.98
8.41
6.58
8.88
7.32
4.13
8.42
10.85
9.46
4.95
8.61
8.51
8.03
6.22
8.07
10.03
4.23
9.33
4.57
8.19
7.79
6.38
5.88
8.44
6.48
9.55
9.5
4.4
7.15
8.45
9.27
9.85
8.16
6.71
4.29
4.79
8.99
10.28
4.45
9.71
13.25
10.43
11.87
8.16
5.72
7.15
6.69
4.1
5.56
5.06
6.41
4.75
4.56
4.31
7.35
7.18
11.47
6.77
4.09
5.38
7.53
6.64
4.4
4.14
7.43
8.1
9.33
8.4
7.36
8.08
6.68
7.86
7.8
8.73
9.88
7.73
11.23
6.92
6.34
4.49
5.7
7.31
10.06
6.39
12.33
7.97
6.24
6.9
7.75
5.1
4.53
5.98
5.08
4.5
7.09
4.15
4.41
5.94
8.45
9.08
5.73
6.55
4.13
4.04
5.78
5.19
6.1
8.68
4.44
8.98
5.82
5.97
5.58
4.1
11.34
6.98
9.99
7.48
7.77
6.72
6.45
6.86
7.47
10.26
6.4
6.6
4.35
7.61
7.14
4.54
9.63
8.32
5.13
5.82
4.39
4.24
7.67
9.12
6.67
7.33
6.15
6.51
10.4
7.93
6.39
5.9
9.73
4.23
6.83
8.62
5.21
4.22
5.12
8.49
5.81
6.25
5.5
8.86
6.74
6.37
5.25
4.09
8.48
7.7
7.38
7.32
5.94
5.74
5.32
7.88
6.48
4.48
6.44
8.2
4.59
5.61
7.79
4.34
4.2
5.83
6.31
8
7.99
5.35
8.45
4.82
9.01
5.5
9.76
6.67
4.19
4.3
4.19
4.79
4.72
5.63
6.53
12.02
6.52
7.72
11.46
9.76
5.21
11.51
7.64
8.56
8.96
5.58
9.45
7.72
4.07
7.67
7.5
10.63
10.69
5.28
6.63
7
7.01
7.95
5.08
5.35
4.91
10.39
6.08
4.18
7.78
6.23
4.23
7.37
7.57
6.25
9.76
8.72
4.45
5.08
5.17
7.11
5.75
8.11
8.5
9.42
9.06
8.12
6.72
4.65
6.53
6.77
7.84
9.17
4.43
5.85
7.02
7.99
6.97
4.19
8.59
6.1
14.2
7.06
9.03
6.99
6.63
6.9
9.21
4.28
8.06
7.66
4.77
6.01
10.22
9.08
4.13
4.76
5.35
4.37
8.94
6.32
7.31
13.07
6.3
10.38
12.58
7.96
9.11
4.28
5.79
8.08
4.93
6.6
6.48
6.69
5
4.29
6.91
7.56
4.17
5.27
8.33
6.43
5.61
9.32
5.99
9.92
7.42
4.03
7.81
6.83
7.61
5.9
7.59
7.03
9.67
8.98
10.2
7.98
8.15
6.42
6.62
11.74
6.81
6.55
5.42
4.54
4.84
6.48
4.59
5.8
4.32
6.05
6.21
4.99
8.3
7.45
7.43
5.69
8.03
8.73
6.27
6.81
4.34
5.53
11.33
5.36
4.77
5.9
5.51
9.52
4.45
5.9
7.29
6.32
8.95
5.56
6.52
4.01
6.05
4.34
5.12
7.61
6.95
7.55
7.52
5.18
5.66
9.08
6.2
9.43
5.5
9.63
8.87
6.81
6.75
6.21
8.32
5.83
8.81
7.97
5.11
6.82
7.79
7.27
8.14
6.32
6
6
4.24
5.41
4.35
7.07
12.34
4.1
6.79
5.16
7.71
8.23
8.06
7.33
10.36
5.56
4.46
5.82
7.25
9.12
7.27
9.55
4.64
8.51
6.65
4.85
9.45
6.69
4.3
5.14
4.63
6.56
5.96
6.15
6.79
9.25
5.51
7.9
6.85
6.81
6.21
8.65
8.41
4.77
9.07
4.51
8.44
5.53
9.86
9.81
5.98
7.15
8.26
8.66
4.3
4.4
5.95
6.87
4.98
8.68
7.57
5.7
10.68
5.55
5.41
4.21
6.78
5.5
8.86
7.49
7.73
8.78
6.42
6.46
5.96
6.78
7.41
7.43
4.39
6.81
4.91
6.32
5.86
4.32
9.07
4.84
4.12
6.42
5.75
4.65
5.18
8
5.29
8.31
4.21
7.94
4.84
9.55
6.97
7.75
4.42
6.88
6.49
6.84
7.44
7.06
4.34
7
5.78
4.67
8.16
10.57
6.3
4.37
6.82
6.22
5.16
7.44
4.63
4.44
10.94
13.35
8.44
7.98
8.96
6.3
4.14
5.7
5.41
7.85
4.31
11.15
8.03
9.01
5.45
4.34
9.62
4.62
9.21
5.53
7.52
5.83
5.73
8
6.35
4.49
4.28
4.36
6.16
7.96
4.15
6
6.09
10.56
4.37
7.74
5.78
4.31
4.51
8.07
13.22
5.39
6.36
6.24
8.5
9.22
4.25
8
7.64
7.86
6
5.15
7.39
9.46
10.51
6.44
10
5.7
5.74
7.1
5.77
7.79
6.41
5.27
5.24
9.2
6.95
4.26
6.49
4.27
7.23
8.89
6.53
7.35
11.92
9.64
7.56
5.43
6.63
5.8
6.1
6.01
8.39
11.62
5.69
7.14
9.92
6.32
6.4
7.79
6.13
6.76
6.31
11.19
4.34
7.18
6.47
6.51
6.55
6.74
6.61
5.46
4.08
5.46
6.36
5.95
4.26
4.98
4.78
6.04
5.47
9.73
7.63
4.55
8.11
5.57
8.98
4.36
7.26
8.29
7.49
6.2
4.3
6.76
7.63
5.43
5.5
5.19
4.82
6.74
10.34
6.3
5.88
5.57
5.54
6.91
10.31
5.05
4.87
6.79
7.76
6.8
6.24
4.81
4.03
9.48
5.49
11.48
5.34
9.4
5.63
6.7
6.41
7.07
8.69
7.31
11.79
6.71
8.16
6.09
4.24
4.18
10.3
8.49
7.03
5.26
8.09
7.11
7.12
8.92
4.42
6.21
5.7
5.68
8.05
7.15
7.06
9.21
5.56
6.04
5.14
4.21
4.26
5.11
9.33
4.16
7.46
5.4
4.63
6.01
4.25
6.59
10.21
5.3
4.25
5.89
6.69
10.65
11.27
8.97
5.5
8.59
5.54
7.99
4.3
6.75
5.8
4.33
6.23
8.29
5.81
7.5
7.77
6.67
7.08
5.3
9.17
6.99
6.79
6.83
7.38
6.42
5.75
9.19
7.2
10.61
5.79
5.25
9.27
10.48
7.42
5.86
5.24
8.75
5.19
4.3
9.6
5.57
6.98
4.23
10.74
9.25
6.69
9.26
6.02
9.18
6.51
7.84
8.76
8.96
6.21
4.16
5.03
8.11
7.86
7.85
4.49
7.36
6.63
7.86
8.84
7.34
8.93
9.79
8.51
8.15
4.54
5.73
7.49
7.85
5.27
5.44
4.85
5.69
5.93
4.62
8.92
4.26
6.98
4.81
5.12
4.29
5.88
5.73
5.06
8.85
10.28
6.58
4.2
10.86
7.76
9.83
6.57
8.19
4.56
6.72
6.47
5.88
8.13
5.88
4.26
5.6
7.43
5.64
5.34
7.49
5.92
6.17
4.44
9.35
7.18
4.9
4.88
6.36
6.01
9.67
4.2
8.1
4.32
9.16
5.88
6.95
5.65
7.12
8.5
4.46
10.67
5.3
7.36
12.83
4.69
4.59
8.66
7.64
7.51
6.88
4.52
4.19
7.07
4.27
9.07
4.58
9.08
5.09
8.97
4.47
7.27
6.54
8.79
4.62
10.92
9.68
5.15
11.32
6.36
4.23
4.45
10.09
10.09
7.35
7.65
6.59
7.37
4.22
8.74
5.83
5.86
7.05
6.95
7.75
6.82
5.91
5.95
7.73
5.52
5.21
8.36
8.57
9.23
10.26
8.76
11.13
8.04
11.1
6.56
6.36
7.81
4.15
4.2
4.39
12.57
7.14
8.61
6.16
9.05
4.41
5.66
5.67
6.86
5.5
9.31
9.25
6.3
7.12
4.4
4.51
4.54
5.55
7.64
5.79
6.73
10.23
8.64
11.13
5.25
4.43
6.94
4.78
7.56
4.08
4.44
4.34
7.79
4.43
4.34
5.36
5.73
6.36
7.19
5.58
6.05
8.35
8.29
8.9
8.54
7.93
6.11
9.91
6.18
6.08
5.79
8.81
7.15
4.15
6.32
4.63
8.18
10.25
10.47
7.61
5.75
5.61
4.4
6.56
6.04
4.46
4.29
4.18
6.15
6.72
8.69
5.31
6.22
8.47
7.13
6.03
6.51
8
5.3
7.01
9.73
8.52
4.31
10.2
7.17
7.29
5.48
6.4
6.18
4.8
10.33
10.76
4.33
4.87
6.24
7.43
8.58
9.97
6.67
5.9
6.68
6.4
8.36
6.55
9.03
8.65
5.08
5.94
6.88
10.17
5.67
4.45
6.74
5.34
6.82
5.34
6.62
4.34
6.35
5.08
6.18
4.27
9.23
6.13
7.1
8.83
4.48
8.16
7.87
9
9.61
8.18
6.35
4.14
4.28
5.1
6.57
6.65
7.57
9.09
10.72
8.74
6.94
4.25
4.46
5.99
5.76
5.07
4.46
5.68
5.26
6.95
6.66
4.37
8.24
9.37
5.21
9.44
6.42
9.03
7.09
7.31
7.09
8.71
11.3
9.51
6.79
7.33
4.7
6.81
4.26
5.92
4.64
5.28
6.74
8.94
6.14
6.47
4.28
4.03
7.02
5.25
9.88
8.93
5.44
6.44
9.59
5.7
6.95
5.64
6.16
5.7
4.07
5.66
6.45
6.32
6.99
4.36
4.33
6.39
5.14
6.67
5.35
4.38
7.13
5.72
7.59
8.85
10.56
5.32
4.36
7.14
8.86
6.72
4.26
6.49
6.92
6.4
8.61
5.17
7.61
8.02
6.04
4.18
6.86
4.03
4.35
6.09
4.97
6.94
7.8
9.71
5.5
4.43
8.9
4.47
8.48
8.09
5.18
8.69
8.11
4.98
4.33
9.01
4.2
5.37
10.65
9.08
6.64
5.96
5.7
6.29
5.56
4.44
9.48
11.12
10.44
4.55
6.26
6.48
9.25
4.98
6.58
10.25
11.45
5.87
9.54
9.51
4.57
7.16
8.35
8.2
4.07
7.25
4.4
6.74
11.23
6.24
6.17
6.4
6.65
4.99
8.35
7.08
4.89
6.42
6.68
5.87
5.57
7.71
4.45
8.12
6.24
7
6.19
6.98
4.4
4.35
4.36
4.29
8
6.44
5.24
4.47
5.43
4.62
11.17
4.84
6.65
4.95
11.89
7.8
4.88
6.19
8.61
7.67
4.76
4.36
4.45
4.59
6.59
4.05
6.41
11.51
4.41
9.99
11.99
4.33
6.73
6.7
4.5
6.81
8.06
4.9
7.05
5.31
9.08
7.38
7.49
7.84
8.69
4.28
10.37
7.49
11.66
4.37
12.59
10.78
10.14
11.47
6.08
4.13
4.98
6.26
5.32
7.27
7.5
5.51
4.28
4.57
5.94
4.1
6.13
10.26
4.36
4.15
7.8
7.63
8.44
8.61
9.88
7.11
5.36
7.7
8.42
6.98
7.92
6.4
8.59
5.68
8.61
4.83
4.03
5.25
4.39
4.59
4.46
7.16
6.6
4.6
10.28
8.82
6.41
6.86
5.56
6.37
6.52
9.74
5.84
6.99
8.68
8.98
8.34
4.43
7.34
5.91
10.15
8.33
6.35
8.68
7.16
5.46
6.64
5.9
7.52
7.93
10.15
6.15
9.06
8.78
5.68
4.59
4.25
6.85
8.72
8.29
5.8
9.77
4.4
6.33
5.61
7.71
8.63
4.23
8.59
6.72
8.27
6.81
5.95
4.83
4.13
6.8
4.39
6.08
4.05
7.17
4.64
4.24
4.17
5.39
14.19
9.02
6.25
5.51
6.15
4.75
5.91
8.37
8.1
4.19
4.53
6.95
8.76
7.48
7.52
6.63
6.87
6.87
7.57
8.53
7.31
6.69
7.55
8.39
4.34
4.42
7.29
4.36
6.88
8.07
11.32
10.25
7.64
6.19
8.2
9.17
4.73
4.34
7.47
4.36
8.39
5.75
9.21
7
7.41
7.53
6.14
4.35
8.65
6.74
6.09
4.29
5.66
4.34
5.08
6.33
10.49
7.86
8.86
6.03
7
5.33
10.33
4.8
9.24
9.46
7.44
8.68
7.66
9.94
5.65
4.33
5.83
16.23
8.08
8.08
8.71
8
5.53
5.19
6.35
9.77
4.3
11.45
10.33
7.08
7.2
9.33
5.18
6.61
4.36
8.3
12.8
5.71
4.39
9.23
6.78
7.69
4.35
7.06
6.69
11.01
8.18
11.06
7.73
7.62
6.72
5.71
7.81
9.76
6.64
4.68
6.8
5.6
8.95
6.86
5.35
4.06
4.46
4.29
5.34
5.08
6.53
5.53
7.32
4.25
6.58
4.96
4.4
4.6
9.81
4.21
8.17
4.26
6.52
8
5.51
6
5.54
8.73
5.7
6.41
4.2
9.09
4.21
7.59
5.6
4.38
6.04
8.35
10
6.25
7.96
7.33
11.82
6.03
6.53
4.3
4.49
4.61
5.13
8.55
4.65
7.64
4.18
4.7
9.23
7.1
5.88
9.02
4.79
4.66
6.81
8.63
4.58
5.98
6
4.94
6.14
6.76
7.46
6.14
4.93
4.26
4.34
4.59
7.22
6.33
7.07
9.75
7.32
6.93
5.24
6.15
9.14
6.4
5.92
5.66
6.03
7.35
7.84
4.43
5.64
5.15
8.04
4.27
12.1
8.52
4.56
7.97
4.59
6.63
4.44
4.25
7.13
8.95
7.45
7.85
4.52
5.72
5.77
4.93
8.81
8.07
7.44
6.04
6.19
6.49
5.46
7.43
5.57
5.9
4.12
4.75
4.26
5.52
4.93
5.85
6.67
9.96
4.5
5.08
4.78
7.45
4.77
4.26
6.98
5.56
5.97
4.78
5.58
4.03
4.09
7.37
5.12
4.35
6.3
6.14
8.93
4.67
4.46
8.76
6.12
9.33
5.18
7.16
6.13
8.91
9.65
8.79
5.91
6.06
11.11
6.73
7.14
10.3
7.24
7.92
9.53
6.26
4.27
7.45
7.29
5.55
4.2
8.21
5.79
13.36
10.49
5.81
9.32
7.36
8.41
5.94
6.94
9.05
6.48
5.95
8.13
9.27
7.3
6.55
8.53
6.27
6.78
5.54
5.8
8.97
4.22
6.01
4.22
4.78
7.57
7.77
6.36
6.67
4.11
7.13
4.19
10.33
8.82
9.27
9.45
5.56
7.64
6.46
6.54
6.65
7.8
4.52
4.96
5.98
10.37
7.48
7.33
9.58
4.12
4.32
4.17
8.01
5.11
6.63
4.14
6.86
8
5.81
7.62
5.52
9.13
7
7.72
4.37
9.89
8.21
7.26
7.4
8.47
6.97
4.9
5.91
7.04
6.69
8.24
7.3
7.44
9.92
4.74
5.19
10.17
4.06
6.25
4.71
4.25
5.6
4.89
4.24
6.6
4.14
6.66
4.36
8.5
7.44
4.37
7.67
4.3
5.9
5.31
7.72
6.73
6.07
7.55
4.14
4.39
4.33
6.04
6.45
7.09
6.51
4.19
6.59
6.3
7.28
5.36
4.3
6.84
6.19
4.42
6.35
6.89
6.88
7.27
6.67
7.48
6.08
4.2
6.29
10.14
6.98
8.06
6.41
5.54
6.43
4.38
6.73
5.18
9.22
5.23
6.29
8.08
7.31
4.87
5.82
8.11
4.15
6.54
5.48
6.57
8.72
6.83
6.96
4.7
4.98
5.69
4.34
5.81
4.77
5.4
4.18
7.55
10.57
9.83
7.29
11.79
4.45
5.79
4.45
5.92
9.53
7.15
8.72
8.49
8.14
8.51
7.11
6.87
7.05
8.69
7.62
4.63
5.05
8.29
14.87
5.95
7.51
6.23
4.75
8.64
5.77
4.3
7.47
8.72
7.14
9.9
4.63
4.87
6.54
7.11
4.52
7.42
6.17
19.13
8.2
6.21
9.6
8.12
7.03
7.24
5.3
8.76
4.28
6.56
4.75
8.2
6.65
8.87
9.15
9.88
6
4.42
5.4
4.09
8.53
9.63
4.52
8.95
4.2
5.56
8.66
7.33
6.7
7.11
4.32
4.79
5.55
5.9
5.47
7.65
5.52
6.62
5.39
9.24
4.81
4.18
4.33
5.18
6.89
7.39
5.43
7.81
6.52
4.48
4.48
4.3
4.25
4.26
5.89
7.57
11.49
4.85
6.27
7.22
8.07
6.21
5.6
10.41
4.11
10.42
10.37
8.75
8.02
4.55
4.12
4.21
4.36
8.62
11.97
8.63
10.97
5.74
11.69
8.44
8.86
6.8
9.91
4.23
10.03
4.37
7.87
6.97
6.99
8.29
6.15
4.43
7.52
5.26
4.57
4.62
4.27
4.64
7.8
6.07
8.86
4.56
7.44
10.13
4.47
7.44
8.34
6.75
4.42
5.41
8.49
6.2
5.8
4.47
7.14
5.6
8.61
10.65
10.85
6.23
5.69
6.43
10.66
7.81
5.85
7.42
4.59
7.69
8.21
5.27
6.4
6.6
19.26
7.85
4.28
4.55
4.71
7.1
7.25
4.51
6.19
4.44
4.43
7.12
5.37
7.35
4.16
10.61
8.82
4.17
5.5
5.56
9.97
4.39
6.92
6.8
5.85
6.76
11.55
8.35
5.3
6.35
4.29
4.35
4.14
5.3
8.65
5.81
6.23
7.56
5.05
5.51
7.04
7.3
5.49
5.88
10.37
5.11
4.52
5.84
7.7
6.29
6.4
4.64
4.82
4.43
4.47
8.02
6.95
4.38
7.78
5.86
10.81
4.3
4.39
4.63
4.31
9.74
7.49
5.77
4.09
4.34
6.59
5.72
5.63
4.26
4.33
6.34
6.08
4.29
6.95
6.81
8.06
7.24
4.49
8.38
4.36
8.76
8.01
8.48
6.42
6.58
4.82
7.22
5.91
7.58
7.51
7.34
6.15
6.85
6.29
10.06
9.82
4.22
5.91
8.21
5.77
6.68
5.82
4.46
7.01
4.19
7.19
6.81
5.03
7.27
6.29
6.44
4.32
11.52
4.14
4.52
6.17
7.01
8.26
4.2
8.34
8.15
8.22
11.41
4.9
4.15
8.53
5.4
7.44
5.37
4.83
6.84
10.95
7.17
9.29
5.85
8.24
5.96
7.03
7.26
7.5
4.19
7.41
5.12
6.95
6.86
4.27
4.17
4.2
4.13
4.09
8.91
6.16
6.54
6.36
5.57
6.52
6.59
3.33
3.67
6.1
5.4
5.42
4.51
5.74
3.25
4.57
3.17
6.35
8.58
8.09
4.43
3.99
3.23
5.39
3.78
4.7
3.31
3.75
3.08
5.76
5.74
3.59
7.69
4.38
4.84
8.8
5.63
4.66
3.2
3.8
5.1
7.24
4.15
7.26
4.29
4.76
5.3
5.77
3.06
4.45
6.32
5.83
8.64
5.52
5.1
4.85
4.41
6.14
7.83
4.66
6.32
4.64
3.44
3.18
4.43
5.01
6.7
3.17
4.77
6.63
8.73
3.32
7.65
6.28
3.1
3.87
3.31
10.77
4.95
5.76
7.26
4.8
4.91
5.82
7.33
10.11
7.59
7.37
7.35
8.52
5.03
4.39
5.52
3.34
3.13
5.7
4.14
5.78
3.16
3.3
3.41
5.13
5.41
3.18
4.87
5.08
3.27
6.31
6.7
4.93
3.04
5.65
8.53
3.55
3.42
5.56
8.46
7.85
3.12
5.37
4.72
5.28
3.09
3.25
4.52
3.17
4.09
5.43
4.06
5.4
4.83
6.43
3.38
5.07
4.28
5.58
4.94
5.74
5.25
3.62
5.94
5.37
4.94
3.21
3.23
3.06
4.49
4.56
3.39
7.36
5.96
6.68
3.14
6.46
3.16
6.53
3.34
3.49
4.8
4.42
3.05
5.65
4.46
4.78
4.27
5.35
5
3.15
3.45
3.52
8.59
7.24
5.01
3.64
4.94
5.55
7.01
6.66
7.38
3.01
7.95
10.46
3.56
4.09
6.69
3.77
6.72
4.97
6.2
3.5
6.34
3.12
4.36
3.14
3.35
3.19
6.34
3.04
4.86
5.02
3.1
5.32
18.6
4.87
3.89
3.23
6.98
3.38
5.65
3.01
6.36
3.22
5.75
6.67
4.75
7.52
5.17
4.52
5.02
4.75
3.34
4.68
4.63
6.63
4.62
7.45
5.24
3.09
8.67
3.9
6.25
3.29
3.05
5.21
5.43
6.92
3.22
5.37
6.37
6.86
5.05
4.61
4.62
5.83
6.4
7.31
5.94
3.18
3.33
8.11
7.74
6.9
3.69
6.34
3.96
5.11
3.41
12.06
3.03
8
3.21
5.53
5.12
11.77
3.18
4.21
3.4
4.83
6.38
10.65
3.59
3.2
9.54
4.39
3.2
7.45
6.32
5.46
6.68
5.21
7.19
4.88
5.38
7.22
8.03
4.79
5.27
3.66
3.38
5.3
5.36
8.06
5.24
3.53
3.27
3.34
3.21
5.85
3.11
6.52
3.26
5.45
5.31
7.58
4.47
7.06
6.59
5.3
3.17
6.85
7.19
4.27
3.65
3.52
5.86
5.81
6.22
6.48
3.21
7.39
3.23
3.37
5.67
3.64
3.31
7.82
3.39
3.21
3.21
3.17
3.31
3.12
5.38
3.1
3.39
3.12
3.1
3.37
5.19
5
3.25
5.03
6.57
3.51
5.99
8.28
4.05
5.13
3.44
7.6
5.31
3.11
7.27
3.54
4.7
6.08
3.39
5.34
4.74
6.92
5.77
5.59
7.34
9.22
3.04
8.2
4.22
7.44
9.87
8.34
5.21
4.57
5.99
3.16
3.38
3.42
4.99
6.42
3.2
5.02
3.22
8.52
6.22
7.2
5.67
8.36
9.19
3.64
5.37
3.1
4.94
6.11
6.4
3.54
5.76
3.24
4.74
4.52
5.98
9.29
7.48
5.66
5.9
27.14
7.21
5.47
3.18
3.22
3.18
4.36
6.88
7.1
5.99
5.4
6.21
3.27
5.92
3.1
3.18
3.39
3.53
9.18
3.72
7.95
5.34
6.58
5.5
7.44
4.85
5.2
4.82
4.28
3.13
7.21
5.74
8.67
3.16
3.3
4.84
4.76
6.77
4.18
4.67
5.58
7.19
7.3
3.95
3.09
4.75
5.27
3.41
6.28
3.05
6.94
6.14
4.75
3.04
5.72
3.25
5.14
3.65
3.4
6.06
4.85
5.15
4.63
5.59
5.52
5.44
3.15
4.51
6.2
6.95
6.06
9.3
5.96
3.16
4.77
3.11
6.65
4.88
6.36
3.14
3.94
4.74
5.46
3.22
3.45
3.06
4.71
4.95
4.16
5.9
8.17
4.95
4.51
4.36
5.75
4.42
3.41
5.94
4.73
3.23
5.17
3.25
3.51
6.48
8.29
4.61
5.03
4.51
8.1
3.24
6.54
4.94
6.35
6.42
6.45
4.33
4.83
5.68
4.48
3.23
9.93
7.59
6.65
5.2
5.69
7.89
8.19
4.63
6.63
9.33
4.33
7.48
6.19
5.6
5.12
5.56
3.17
3.02
7.93
3.01
3.08
3.39
6.68
3.26
5.02
3.45
4.46
4.36
3.2
3.3
5.3
3.38
4.99
6.8
3.25
3.33
4.49
5.78
3.05
4.77
4.49
5.97
3.2
3.43
3.2
5.63
3.06
3.01
3.7
3.07
3.73
3.13
5.29
3.18
6.53
5.03
7.45
5.13
6.38
4.94
5.06
7.26
4.38
3.13
3.09
3.39
4.58
4.12
4.55
6.72
9.45
4.72
3.18
8.72
4.81
5.15
3.74
3.3
3.18
3.21
5.29
5.62
7.6
3.17
6.55
7.48
9.27
4.56
6.66
5.52
7.38
8.6
3.38
3.65
3.1
5.4
6.33
4.34
4.37
7.04
6.36
3.37
4.42
5.71
3.38
3.53
5.35
7.68
3.26
10.86
5.27
6.56
6.13
6.15
6.81
3.3
5.65
3.47
3.21
3.45
5.57
8.37
3.35
4.94
7.32
3.27
3.3
3.13
5.74
6.16
5.32
4.3
6.3
3.3
4.33
4.13
5.65
8.08
5.69
5.19
4.26
5.22
5.33
3.38
3.03
5.44
3.72
5.37
4.29
3.34
7.78
5.08
3.25
3.37
4.98
3.27
6.06
7.35
3.16
3.24
3.45
3.9
4.82
4.52
4.92
3.2
7.98
4.29
5.88
3.39
5.12
3.16
3.17
3.78
5.57
3.35
3.08
5
5.8
5.07
3.23
4.56
5.05
3.49
3.08
3.82
9.04
4.24
3.83
3.24
4.76
5.57
4.76
5.43
3.45
8.35
3.58
3.92
8.26
3.25
7.88
3.32
4.79
4.8
3.16
6.03
3.12
6.52
6.71
3.24
3.28
3.37
8.18
6.53
4.16
3.14
7.23
3.41
4.72
5.85
5.76
3.2
3.13
4.96
3.07
3.08
8.57
3.34
6.81
3.56
10.41
3.6
5.49
6.05
4.69
3.19
3.13
3.2
8.94
7.07
5.28
5.14
3.15
4.67
5.59
3.13
6.79
8.97
3.14
6.73
3.09
4.92
8.11
6.12
3.85
6.18
6.62
4.92
10.8
7.24
4.84
3.08
3.26
3
3.1
4.79
9.21
3.4
3.9
3.24
3.18
3.29
3.07
5.78
3.18
3.04
6.69
3.26
8.99
8.32
7.19
8.23
5.33
3.43
4.9
3.19
7.24
4.87
4.97
3.15
4.97
5.18
3.19
3.2
3.16
5.74
6.81
3.22
7.15
3.28
7.83
5.62
3.15
4.36
5.21
4.98
6.21
5.67
5.71
5.16
3.02
5.68
7.02
4.85
3.14
7.04
4.84
3.1
3.47
4.44
4.25
3.87
3.18
5.76
8.14
3.1
3.19
7.41
4.9
4.54
5.52
8.09
7.48
5.32
4.96
7.88
4.62
3.31
3.18
3.18
3.1
6.82
3.18
3.59
3.23
6.03
6.14
4.67
7.81
6.8
4.44
7.47
4.77
3.83
5.4
3.07
4.52
4.98
5.64
5.18
4.55
7.99
6.91
5.23
4.94
7.44
3.29
4.85
6.61
3.22
6.96
6.55
8.59
4.2
7.53
3.1
5.03
6.64
5.7
4.79
4.29
3.12
3.6
4.78
8.28
7.84
3.21
5.37
5.84
3.92
7.41
5.58
7.84
7.56
7.52
7.23
5.59
7.18
5.75
3.36
5.89
5.66
3.45
7.61
6.8
6.77
4.75
4.91
3.15
7.76
7.37
7.19
3.31
5.94
3.69
3.21
4.62
7
3.42
3.28
7.55
6.79
8.51
3.21
3.47
3.12
4.63
4.42
3.2
5.17
3.73
3.08
3.27
4.65
5.31
4.65
6.54
5.46
6.34
4.75
12.14
3.34
4.49
6.24
3.08
3.34
3.38
7.18
5
3.91
3.01
4.46
3.07
3.21
4.17
5.44
4.53
3.36
3.99
4.61
4.59
3.07
5.71
4.85
6.6
5.84
4.75
5.01
4.78
7.64
4.73
5.05
3.04
5.31
3.37
3.31
4.92
7.78
4.45
3.37
3.18
3.24
5.25
3.16
3.13
8.16
7.96
5.96
5.44
3.33
4.84
6
5.49
4.03
6.68
4.92
4.52
3.43
7.27
3.28
4.93
5.96
5.94
6.96
5.76
6.8
8.22
3.13
5.39
6.62
5.35
3.58
4.83
4.83
8.23
5.18
3.4
9.13
3.31
3.38
3.45
3.1
3.3
6.36
5.08
4.95
4.6
3.99
6.46
8.17
6.78
8.22
3.11
3.36
3.09
4.82
5.71
7.46
4.69
3.43
5.52
3.25
7.1
5.36
6.28
3.11
7.95
7.31
5.98
3.81
4.62
6.87
3.17
3.19
6.84
4.59
4.93
5.82
7.1
3.09
4.81
9.87
3.22
4.86
3.26
3.35
6.09
7.88
4.51
5.27
7.94
4.59
6.49
6.12
7.19
3.37
3.29
3.22
6.39
3.35
4.96
4.78
8.13
3.31
5.84
6.21
4.96
3.42
7.77
13.38
6
5.66
6.08
6.72
4.37
6.68
8.85
6.3
5.27
7.3
8.04
7.41
5.42
7.32
7.71
4.52
6.48
3.16
4.87
7.6
5.51
8.26
7.48
5.17
5.86
11.13
5.89
3.3
5.72
7.82
3.39
4.66
5.18
7.77
5.49
5.12
10.55
3.17
4.8
3.13
6.39
4.62
3.27
3.21
6.05
5.37
5.17
3.38
10.23
7.82
5.08
3.53
5.13
5.89
3.39
5.83
4.25
3.17
5.51
6.3
3.01
5.76
5.11
4.24
5.04
3.18
5.65
6.94
8.62
7.81
3.09
3.18
5.63
7.83
3.96
5.85
3.64
3.28
8.38
3.37
3.27
9.56
5.36
5.81
9.4
6.61
6.02
4.48
5.92
5.49
10
4.94
4.41
4.84
6.47
6.07
3.5
4.59
5.82
5.23
3.1
4.11
4.71
3.15
8.62
3.24
6.35
6.47
6.6
7.66
5.49
3.2
7.14
4.64
4.18
4.51
6.69
6.2
4.67
3.4
3.34
3.31
3.34
5.47
6.1
5.27
3.09
5.96
3.26
5
3.56
4.15
3.53
4.59
5.34
6.53
4.38
3.25
6.04
3.29
6.51
3.21
7.67
10.28
4.58
3.15
8.25
6.67
3.11
3.16
5.41
8.93
6.99
3.18
5.82
3.02
9.09
4.43
8.6
5.55
6.45
3.18
3.24
5.14
3.14
5.55
7.4
5.86
6.93
5.02
6.52
5.9
4.27
3.28
8.9
6.16
3.43
5.07
8.08
3.05
3.3
5.14
5.63
3.16
8.83
6
3.15
4.83
6.49
5.67
4.98
6.7
4.7
3
4.76
6.06
5.05
4.9
5.87
3.02
6.18
5.43
5.06
5.39
3.1
5.33
5.09
3.45
5.37
9.01
6.69
3.4
4.97
3.18
6.27
3.44
6.13
5.49
5.44
3.05
6.05
3.11
8.79
3.21
8.32
5.87
3.04
3.15
5.5
3.39
5.62
9.03
4.75
3.26
3.4
5.4
5.56
6.21
3.38
5.31
3.44
5.13
11.89
6.42
8.36
6.12
4.38
3.51
4.48
8.11
3.31
4.69
3.16
3.38
8.53
4.91
3.4
4.8
3.48
7.01
3.32
5.97
6.42
4.82
4.8
5.22
6.66
4.74
5.71
5.62
3.3
3.18
3.28
5.08
4.77
4.71
3.1
5.71
5.78
3.17
3.13
4.71
3.31
3.15
3.26
5.22
6.2
3.59
3.08
5.01
5.82
4.58
3.31
7.47
6.17
3.37
3.13
3.31
5.84
3
3.02
6.42
3.23
3.19
3.67
7.4
3.21
3.32
8.12
3.17
4.47
5.19
5.4
4.45
4.34
4.75
8.01
5.78
6.94
5.75
5.81
8.61
6.24
4.65
6.83
6.37
4.92
4.85
3.29
3.22
4.77
5.46
5.6
3.22
3.16
4.55
5.06
5.1
3.37
4.31
4.29
4.82
5.34
3.23
3.36
9.3
4.95
6.39
5.2
4.08
5.95
6.83
3.34
3.47
5.97
5.89
3.12
3.13
5.03
10.94
5.32
5.46
9.04
7.9
4.61
3.24
3.21
3.02
5.67
5
5.9
3.28
4.7
4.55
8.75
7.3
7.01
5.1
3.45
3.03
7.16
4.83
8.96
7.94
5.29
4.96
7.93
5.1
5.37
5.77
3.07
3.23
3.15
3.19
4.01
3.2
3.28
7.71
7.03
5.7
7.63
4.28
6.21
3.14
7.21
7.18
5.02
4.63
7.77
5.9
3.07
4.63
8.75
9.69
3.36
5.16
3.18
6.77
3.19
3.15
4.95
3.7
5.45
3.1
5.42
6.39
3.3
3.37
3.12
5.87
4.32
5.06
3.58
3.17
3.43
4.7
4.31
7.03
5
3.45
8.37
6.22
3.19
9.3
6
4.97
3.78
7.17
5.41
6.39
4.75
6.41
3.87
4.34
7.43
3.3
5.57
5.48
5.62
5.49
5.03
3.12
6.51
7.99
3.48
8.84
3.28
3.88
6.61
4.79
6.31
3.65
4
6.26
6.9
7.06
7.52
8.33
3.41
3.05
5.69
3.32
3.18
4.53
4.73
8.54
3.94
8.14
3.26
3.98
5.56
4.77
3.86
5.85
4.9
6.49
5.01
5.41
3.18
5.26
9.64
3.1
7.6
6.6
3.37
7.15
6.73
5.32
6.83
4.02
7.22
3.21
4.72
6.91
5.14
3.44
5.75
8.47
5.4
7.09
4.98
4.41
7.83
3.17
4.29
3.2
4.78
3.22
10.31
3.23
4.52
3.34
3.25
3.11
5.02
4.83
5.48
8.01
4.38
5.17
4.64
7.08
4.94
4.95
4.63
7.94
5.18
3.1
4.74
8.11
3.51
4.58
5.99
3.03
4.89
5.87
6.63
3.55
5.49
3.32
4.92
9.35
4.95
3.44
6.56
3.5
3.52
5.97
3.19
6.65
4.84
3.34
3.4
6.12
6.86
5.58
5.78
4.54
7.15
3.45
3.5
3.59
3.43
5.81
3.28
6.04
4.55
3.57
3.38
3.41
11.15
4.2
4.19
3.19
3.12
6.39
4.58
3.21
5.07
3.23
3.29
7.75
3.22
6.68
4.47
7.3
7.07
5.04
4.52
5
9.88
7.79
3.21
5.35
3.42
8.58
4.48
3.44
5.03
8.46
3.29
9.01
5.66
5.41
3.5
4.73
3.23
4.62
7.71
5.5
7.23
7.74
3.3
4.67
3.12
7.83
8.36
3.41
3.12
3.9
4.68
5.39
9.94
6.85
9.77
6.64
3.24
4.83
8.22
4.03
8.14
6.33
9.2
5.45
3.31
4.22
4.46
4.7
5.78
6.13
5.3
4.84
6.72
3.16
3.39
7.11
7.48
3.3
8.24
3.27
7.43
3.74
5.23
5.2
5.7
5.19
7.3
5.26
5.01
3.2
6.35
5.4
7.1
6.23
6.32
7.22
6.34
3.08
7.96
4.91
8.01
4.36
3.31
4.42
6.21
5.33
4.89
4.93
4.87
3.48
3.75
4.69
5.07
7.04
3.42
7.24
5.82
6.03
7.79
5.62
3.41
3.32
4.73
3.29
5.2
3.17
8.25
6.34
3.22
3.23
3.33
3.86
3.16
5.42
8.53
7.82
4.52
7.94
5.4
5.72
4.47
5.65
5.3
6.58
6.32
5.38
6.9
3.26
5.02
3.41
5.38
6.09
3.46
3.15
7.11
4.74
3.6
3.31
3.06
5.68
3.18
6.03
3.31
3.74
3.21
5.35
3.2
4.67
7.53
3.47
3.72
6.22
5.01
4.95
6.13
6.92
5.31
5.48
5.67
5.71
3.14
4.73
4.31
4.1
3.29
6.54
5.17
4.22
3.13
6.68
6
6.35
5.11
5.82
7.2
8.51
4.55
4.92
3.37
6.4
6.89
6.06
3.1
3.29
5.09
5.06
3.1
3.59
7.9
8.19
7.19
4.79
3.23
6.73
3.11
3.5
4.95
7.43
6.23
4.79
3.65
7.95
4.93
4.8
7.59
4.62
6.63
3.51
8.27
3.24
5.56
3.16
4.97
4.18
6.19
3.35
7.27
3.3
6.96
3.3
7.87
5.21
3.46
4.94
6.92
7.29
3.39
3.21
7.21
3.33
4.52
5.3
4.68
3.24
3.87
6.16
5.25
7.24
3.4
4.44
3.11
5.11
4.53
4.93
10.2
6.83
5.81
3.18
4
3.29
7.44
3.38
3.22
6.13
3.15
3.29
5.5
5.99
3.83
3.06
3.22
6.16
3.23
3.14
6.29
4.77
5.36
4.28
5
3.35
3.21
4.75
4.22
3.98
7.7
6.6
4.32
4.16
5.02
3.75
6.92
6.95
5.57
4.77
3.27
3.34
3.34
7.15
3.24
15.25
3.32
5.76
6.08
4.41
3.08
6.59
3.48
4.88
3.13
5.97
7.13
5.11
3.25
4.43
3.24
3.18
4.48
5.86
3.67
5.56
3.02
4.83
3.57
4.76
6.19
6.78
5.92
5.11
5.26
3.24
4.74
5.23
3.26
4.95
4.42
6.39
8.33
4.32
8.59
6.46
3.27
4.82
5.13
7.18
3.22
7.04
5.14
3.9
7.11
6.47
3.24
3.16
5.39
3.25
5.69
3.13
3.2
5.95
5.87
5.23
5.42
6.19
5.95
5.4
7.73
3.27
4.61
4.38
6.45
3.32
5.97
4.96
4.32
5
4.76
6.11
8.31
3.91
4.94
5.02
8.3
7.42
5.3
6.96
7.54
5.13
3.17
3.17
7.88
6.51
6.43
4.93
4.63
5.43
5.23
4.12
3.36
3.14
5.79
9.42
3.44
3.23
3.13
3.03
3.12
6.53
3.12
5.14
6.43
5.33
6.42
4.86
4.54
6.6
6.08
3.04
3.28
4.91
3.34
3.05
7.64
4.85
6.71
3.19
3.58
5.05
3.03
4.78
3.47
8.11
3.44
7.78
5.11
5.74
6.17
5.9
3.55
5.47
3.24
5.97
8.24
7.18
4.56
3.35
8.73
8.01
3.31
3.14
3.06
4.96
5.02
4.01
3.02
4.2
7.12
7.38
6.4
4.85
3.34
4.49
4.96
5.94
4.22
7.54
5.49
6.42
6.89
6.78
5.23
7.12
7.31
5.67
4.22
8.02
7.34
5.06
5.88
5.38
6.43
3.92
5.19
5.22
5.13
7.69
7.24
7.35
4.24
5.05
4.87
5.07
4.7
4.1
4.48
4.87
8.63
6.8
3.68
3.47
5.92
6.75
10.01
5.73
5.19
6.74
4.32
4.8
5.16
5.72
6.45
5.02
4.13
3.26
3.26
3.04
8.5
5.21
3.52
5.54
3.09
4.75
8.14
8.42
6.76
5.13
4.63
4.18
3.22
6.03
4.88
5.92
7.96
4.7
5.3
4.6
3.04
6.39
3.12
3.61
3.18
5.78
3.36
6.42
3.17
3.21
3.45
3.3
3.15
3.26
3.26
5.29
3.67
6.52
6.37
5.79
6.82
8.05
7.47
9.35
6.46
8.56
9.04
3.98
5.54
6.5
3.71
5.44
3.09
6.37
7.57
9.5
3.32
6.37
3.36
7.81
7.59
3.23
6.32
3.12
5.26
4.68
6.76
7.94
4.58
4.92
5.37
3.14
3.27
6.47
5.13
4.65
4.51
3.5
8.18
4.7
8.7
6.98
3.07
4.72
8.17
5.48
4.73
4.54
4.8
9.32
5.1
3.43
4.7
8.59
7.13
8.11
6.48
5.64
6.38
8.85
4.47
5.28
6.02
3.24
3.19
4.68
3.22
5.76
4.25
4.33
6.55
4.98
3.31
4.74
3.11
7.29
7.18
5.63
3.2
3.12
3.13
7
5.1
9.23
4.82
3.16
3.14
5.69
6.68
7.21
5.88
5.25
3.51
3.15
5
4.64
3.13
3.15
3.19
4.86
3.38
3.45
5.03
7.03
7.46
5.19
4.63
3.09
4.96
3.43
5.04
7.12
6.61
4.99
4.7
3.43
3.18
4.8
5.46
9.13
7.81
3.25
5.34
7.58
6.9
5.07
5.28
5.75
3.65
6.35
6.11
3.05
6.18
3.25
3.1
6.16
5.75
3.81
3.11
6.31
5.77
3.18
4.64
3.32
5.07
3.18
4.66
9.76
8.51
3.36
6.15
4.63
5.37
4.75
5.07
6.8
5.6
2.2
5.75
4.08
3.34
2.25
2.23
2.08
3.4
2.3
2.13
3.89
3.26
2.12
4.21
2.21
3.73
2.42
3.3
6.12
2.1
3.19
2.65
2.56
2.26
2.32
4.38
4.93
2.31
7.33
2.7
2.24
2.1
2.3
3.82
2.11
2.04
3.55
2.44
2.24
2.3
3.67
2.15
2.03
3.97
2.36
2.28
3.23
4.41
4.04
3.4
2.04
2.19
5.16
2.16
3.8
2.24
4.95
2.34
2.06
2.27
3.59
2.13
2.25
6.31
2.68
7.56
20.7
3.66
5.5
3.42
3.85
2.24
4.53
7.84
2.66
2.1
2
2.04
2.09
3.57
2.13
2.12
4.19
2.01
2.19
2.67
3.27
2.23
5.21
5.81
5.9
6.62
4.81
2.37
4.53
2.08
3.55
3.8
4.76
9.71
2.52
3.16
2.16
4.83
3.09
2.52
2.49
5.28
2.48
2.19
3.57
3.41
2
2.25
2.05
2.31
2.26
3.04
5.32
3.38
2.13
2.15
4.04
4.85
5.01
2.21
2.76
4.7
4.44
1.01
3.75
1.05
3.36
4.42
1.14
2.63
1.57
1.23
1.1
1.25
3.74
3.06
1.23
2.78
1
1.53
1.03
1.09
3.71
2.94
1.12
1.1
2.28
3.03
1.38
4.88
1.05
1.01
1.01
1.11
1.09
1.02
1.23
6.02
1.18
1.05
1.44
1
2.65
1.1
4.1
5.36
3.22
1.2
1
4.15
1.03
1.17
1
1.08
4.05
3.97
1.02
1.13
2.82
1.08
1
1
3.61
2.19
1.61
2.3
1.1
1.11
1.08
1.02
3.99
3.72
1.02
2.37
2.56
1.08
1.11
1.11
1.27
1.42
1.02
1.18
1.01
1.08
3.5
1.39
1.02
1.08
1
1.07
1.08
1.01
5.04
1
1
5.08
4.32
3.13
3.48
1.07
3.93
1.12
1.02
3.28
4.16
1.14
1
4.4
1
1.12
4.66
1.04
1.06
1.06
1
3.46
4
1.06
3.84
1.08
1.03
3.61
1
3.58
1.26
1.01
1
3.96
1.07
2.46
4.17
1
1.02
1.28
1
2.63
1.27
1.21
1.21
1.15
1.07
3.56
1.08
3.2
1.05
2.92
1.15
1.68
1.22
4.52
3.3
1.57
1.02
4.03
3.27
3.67
1.42
1.06
1.02
1.03
1.04
1.03
1.31
1.07
1.39
2.96
3.94
1
1.16
1.04
3.25
4.39
1.09
1.28
1
3.32
3.07
2.54
1.12
4.31
1.1
1
1
1.02
1.06
1.01
1.05
1.11
4.09
2.57
3.85
1.04
1.23
1.08
1.02
3.38
3.25
3.75
1.12
3.41
1.06
3.61
3.47
1.24
1.21
1.05
2.16
1.03
1
4.05
4.02
1.06
1.01
1
1.03
1.53
1.67
3.65
1.05
2.31
3.74
1.02
1.1
1.03
1.05
3.29
1.03
1.21
1.15
1.04
1.22
1
1.31
1.06
2.89
1.05
1.08
1.21
1.27
2.17
1.15
1
1.77
1.16
1.13
3.08
1.05
1.53
1.04
1.07
1.29
1.14
1
4.2
1.1
1.03
1.11
1.02
1.14
1.03
1.16
1.01
1.18
1.12
1.05
1.03
1.01
1.24
5.03
1.01
1.05
1.16
3.39
5.52
1.07
1.15
1.06
4.64
1.02
3.74
3.81
1.02
2.78
1
1
1.05
1.02
1.91
3.71
1.01
1
1.09
3.34
1.11
2.35
1.08
3.65
3.76
2.85
3.48
5.78
4.07
3.7
1.13
1.08
1.42
3.33
1.04
1.07
1.05
1.14
1.31
1.03
3.02
2.6
1.03
1.08
4.54
3.99
1.19
1.17
3.06
1.14
1.06
1.02
3.21
1
1.01
4.58
4.17
1.04
4.52
4.08
1.01
4.01
3.27
1.24
4.09
2.81
3.58
1.65
1.09
1.12
1
3.22
1.1
1
2.65
1
1.08
1.78
1.15
1.04
1.03
1.43
3.62
3.19
1.05
3.79
3.07
1.07
1.07
1.13
1.13
1.04
1.11
1.69
1.13
2.9
3.59
3.49
3.54
1.21
1.03
1.1
3.28
1.21
1.01
1.42
3.77
1
1.82
3.13
2.96
3.89
1.02
3.23
1.05
3.58
2.28
1.02
1.78
1.7
3.29
4.18
1.01
1.2
3.51
1.01
1
1.28
2.96
4.56
1.08
1.12
1.22
1.09
1.06
3.5
4.22
3.33
1.09
1.01
1.11
1.08
3.78
2.46
3.15
3.47
1.05
1.02
3.07
1.01
1.07
1.06
1.05
1.01
4.72
3.99
3.61
1.18
3.55
1.02
4.43
2.67
1
3.66
5.43
3.07
1.02
1.08
1.02
1
1.03
1.16
1.01
3.4
1.19
1
3.73
1.28
1.1
1.36
1.2
1.06
3.69
1.08
1.03
1.11
1.06
1.03
3.91
1.12
1
3.73
4.31
1.06
1.03
1.03
1
1
3.85
2.46
4.25
1.23
1.21
3.58
1.73
1.07
3.56
3.15
1.1
2.99
1.12
1.09
1.06
1.3
1.07
1.01
3.12
1.02
1.09
4.07
1.03
1
4.16
1.03
3.96
1.05
1.07
1
1.08
1
3.31
1.84
3.72
3.94
4.03
1
1.12
5.01
1.01
1.02
4.06
2.89
1.01
1.11
4.08
2.65
1.24
2.47
3.58
1.12
3.16
1.21
1.52
1
1.03
1.01
1.32
1.09
1
1.82
1.01
1.55
1.03
3.25
3.13
1.06
1
1
1.16
1.12
1.02
4.07
1.12
1.05
1
1.06
4.31
3.66
4.43
2.75
1.01
1.05
4.58
1.06
2.5
1.14
3.07
2.9
4.89
1.01
3.16
1.32
1.07
1.43
1.09
1.37
3.11
1
1.1
1.15
4.77
1.17
1.22
1.05
1.08
4.77
1.06
1.43
1.05
1.06
1.11
3.64
1.03
1.16
1.11
1.06
1.1
1.1
3.57
1.33
3.35
1.03
1.76
1.1
3.21
1.04
2.79
2.73
4.59
1.08
1.03
1.33
3.92
1.02
1.21
1.08
1.21
1.18
1.08
5.61
1.04
1.04
1.31
1.25
3.41
1.09
4.6
1.04
1.12
1.12
1.03
1.06
3.89
1.43
1.18
1.04
1.08
1.03
5.72
1.11
2.8
4.72
1.05
3.61
1.02
1.12
1.58
2.62
1.01
1.03
1.03
1.17
1.14
4.71
1
4.9
1
3.59
1.23
1.09
1.26
1.11
1
2.35
3.26
1.17
1.18
1.02
1.01
3.66
4.27
1.1
1.68
3.32
1.1
1.06
1.14
1.02
1.06
1.09
3.38
1
3.75
2.85
3.72
1.11
1.14
3.6
1.01
4.03
1.01
1.15
4.73
1.01
1.46
1.1
3.58
4.34
1.06
1.01
4.02
3.96
1.08
1.1
1.08
1.12
4.39
1.05
3.22
2.73
1.1
1.12
1.15
4
1.03
1.32
3.79
1.03
1.11
4.33
1.13
5.12
1.53
1.11
1.13
1
4.02
1.04
3.33
2.65
3.38
5.9
2.31
1.01
1
1.14
1.01
1.88
1.02
1.05
2.89
1.1
2.66
3.43
1.1
1.04
1.25
1.15
1
2.32
1.09
3.56
2.91
1.02
1.14
4.23
3.35
3.27
1.11
1.04
1.41
1.14
1
1.04
2.93
1.02
5.05
1
1.4
1.26
1.12
2.15
3.17
1.03
1.02
1.17
1.02
2.99
1.07
1.27
1.06
1.13
1.07
1
1.07
1.04
3.42
1.23
3.24
1.17
3.1
1.05
1.2
1.06
3.96
1.07
1.08
1.73
1.01
3.02
1.2
1
1
2.75
2.8
1.84
1.02
3.33
2.08
1.02
1.12
1.61
3.91
1.05
1.05
1
1.05
3.87
1
2.57
1.01
1.05
1.14
1.01
3.56
2.55
1.01
1.14
1
1.03
1.4
1.09
1.14
3.45
1.2
1.16
1.01
1
3.33
1.07
1.15
1
3.52
1.04
2.06
4.35
1
1.09
1.34
1.06
1.02
2.69
2.6
1.02
1.07
1.05
3.74
1.16
4.3
1.05
1.11
3.22
1.23
1.06
1.3
1.34
1
1.06
1.58
1.13
2.74
3.1
4.33
2.61
3.09
1.1
1.06
1
1.13
2.32
3.7
1.2
1.07
2.7
1.05
1.13
2.33
1.08
1.5
4.98
1.1
1.01
1.08
1.1
1.19
1
4.04
3.73
1.11
1.3
1.05
1
2.43
1.11
5.8
5.8
5.47
1.19
1.14
2.28
1.05
3.96
1.21
1.06
1.09
3.27
4.16
1.3
1
1.38
1.47
1.04
2.81
1
1.09
1.02
1.11
4.71
1.95
4.51
3.23
1.38
1.2
3.22
1.1
5.06
1.02
3.03
1.01
1.05
3.14
1
1.03
1.08
1
1.04
1.09
3.51
4.97
3.38
1.28
4.45
1.21
1.08
1
1.09
3.26
1.04
6.39
1.38
3.12
3.03
3.98
1.05
1.04
3.11
1.11
5.19
1.17
1.05
1.22
1.1
3.52
1.04
1.15
4.19
1.29
1.05
3.32
1.02
1.14
1.05
1.04
3.35
4.97
3.63
1
1.03
1.1
1.03
3.65
1.42
4.24
1.05
1.77
3.34
1.49
1.06
1.06
1.15
4.34
3.79
3.85
1.05
1.01
3.12
1.27
2.63
1.09
1.05
1.13
1.06
1.04
4.1
1.01
4.44
1.04
3.28
1.38
1.85
2.69
1.02
1.13
1
1
2.8
4.11
3.24
4.56
1.12
1
1.74
1.33
4
1.04
3.35
1
1.28
1.13
3.77
1.05
1.12
6.3
4.29
3.29
1.12
3
1.03
2.87
1.06
1.12
1
1.16
2.37
1.02
4.68
1.09
3
1.12
1.01
3.44
1.17
1.13
3.46
3.68
3.33
1.13
1.29
1.23
1.05
1.17
1
1.06
2.78
2.84
1.05
1.01
1.1
1.19
1.31
1.09
2.72
1
2.81
3.29
1.19
5.24
1.07
1.03
1
1.01
1.2
1.08
1.23
1.08
1
1.06
1.45
1.01
1.09
1.01
1
3.45
3.67
2.01
1.17
1.01
1.01
1.01
1.27
1
1.2
1.07
1.04
1.05
1.05
1.14
1.01
3.6
4.34
1.16
2.83
1
3.41
2.78
1
1.21
1.03
1.17
1.06
1.09
1.13
1.11
1.1
1.17
1.3
1
1.09
1.03
1.02
2.93
2.94
1.07
1
1.35
1
3.33
3.07
1.07
1.75
1.01
2.52
2.7
1.03
4.03
1
2.79
2.81
3.23
1.07
4.36
1
1.07
2.84
1.06
3.13
1.05
4.87
1.77
1.11
4.27
4.66
1.17
3.64
1
1.1
1.01
2.98
4.59
1.69
3.68
1.46
4.58
4.21
4.17
1.04
3.25
1.37
1.14
1.04
1.01
4.12
1.25
4.04
3.71
3.13
2.74
1.02
3.47
3.73
1
1.08
4.12
1.19
1
1.13
1.11
1.46
4.31
1.03
1.15
4.11
1.02
3.93
4.09
1
1.02
3.65
1
1.02
1.27
4.48
1.05
1.46
4.74
3.73
1.14
1
1
1.1
3.93
1.04
4.51
1.04
1.11
5.26
1.01
1.03
1.01
1.55
3.26
3.76
3.39
1
3.54
1.1
1.02
1.09
3.01
1.04
1.45
1
6.42
4.15
3.58
1.11
1.17
1.45
1
1.05
1.17
1.09
2.97
1.21
1.6
1.11
1.07
4.74
1.04
1
3.24
1.4
1.17
1
1.35
1.05
4.84
1.12
1.24
1.08
1
2.58
1.1
1.01
1.76
1.44
1
1
1.14
1.12
4.98
3.23
3.35
1.09
1.29
2.67
2.03
1.03
1.02
1.55
1.04
3.45
2.33
1.12
1.75
1.37
3.25
4.05
1.35
3.34
4.65
2.01
5.27
1.05
1.3
8.06
1.58
3.09
1.11
4.67
1.04
1.18
1.04
3.83
1.13
1.06
1.13
1.77
1.11
1.27
1.12
1
3.75
2.8
2.32
3.21
1.11
3.66
1.43
1.11
1.19
2.67
2.58
3.09
2.41
4.75
1
1.01
3.63
3.65
3.68
1.04
3.24
1
1.16
1.09
1.17
1.17
1.09
1.17
1.38
1.05
1.01
1
1.15
1.01
1.01
1.11
1
1.06
1.06
1.05
1.02
4.76
1.01
1
1.05
3.06
1
1.08
1.07
3.78
3.44
1.11
1
3.27
2.5
2.04
1.16
1.1
2.76
1.11
1.17
1.03
1
4.19
4.71
2.94
1.04
2.55
1.04
4.23
1.2
4.09
3.32
3.13
3.92
3.47
1.79
1.06
2.8
4.02
3.69
1
2.21
1.6
1.08
1.11
1.01
3.08
1.17
2.63
3.11
1.11
1.21
1.16
1.49
1
4.95
1.06
1.19
1.06
2.9
3.28
1.03
1.39
3.77
1.16
1
3.77
2.64
1.05
1.04
1.12
1
3.76
3.1
3.24
3.01
1
1.42
2.81
1.08
1.16
3.49
1
5.58
3.79
1.06
1.15
1.11
3.25
3.96
1.13
1
1.12
3.42
1.1
3.62
1.24
1.17
1.01
1.02
1.18
1.11
1.19
1.08
1
1.02
1.1
1.02
2.33
1.06
3.69
1.31
1.13
1
1.1
1.09
1.02
6.89
1.01
1
3.58
1
5.16
1.07
3.15
1.39
1.04
1.03
1.16
1.03
2.12
1.14
1.42
3.16
1.08
1.02
1.06
1.02
1.04
1.21
1.08
4.35
4.45
3.7
1.03
1.01
1.01
2.02
4.5
3.34
1.13
3.15
4.27
1.25
1.13
1
3.32
1
1.48
1.02
1.06
1.17
1.05
4.5
1.14
1.19
2.72
1.14
1
2.46
1.09
1.08
1.37
2.9
1.11
1.26
3.55
1.12
1.05
1.17
4.87
3.46
1.04
1.01
2.31
1.05
1.01
4.03
1.17
1.14
4.06
1.17
4.66
3.57
2.51
1.16
1.55
1.33
1
1.07
2.82
1.01
1.09
1.14
3.05
1.08
1.09
1.02
3.39
1.04
1.08
1.09
1.02
1.15
1.21
4.76
3.02
1.08
1.17
3.6
3.63
1.3
2.99
1.04
1.05
3.9
2.89
1.07
1.21
2.85
1.43
1
3.5
2.69
1.07
3.77
1.1
3.46
1
4.66
1.23
1
3.13
1.2
4.4
2.96
1.61
1.08
1.24
1
1
1.08
1
1.13
2.96
3.59
4.96
4.16
1.07
1.09
2.67
3.91
3.7
1.22
1.05
1.09
1.01
2.52
1.01
1.29
1.05
1
1.36
1.01
2.78
1.06
3.92
3.81
1
1.01
3.45
4.21
1.14
5.17
1.02
1.11
2.23
3.35
2.29
5.1
1.1
1.17
1
1
2.7
3.2
4.12
1.02
3.23
4.57
1
1
3.18
4.74
1
1.62
1.08
1.57
3.16
3.02
1.08
1
1
3.79
1.77
1
3.53
1.14
3.4
1.13
3.81
1.2
1
1.05
2.96
4.78
1.15
1
1.02
1.02
4.09
1.12
1.01
1.17
4.47
3.9
2.97
1.04
1
1.26
3.48
3.63
1
1.18
4.79
4.67
2.72
1.05
3.3
1.1
1.02
4.5
1.21
1.03
2.07
1.35
1.03
1.1
1.01
2.37
3.77
1.42
1
1.02
1.35
1.51
3.44
5.65
3.59
1.23
1.12
1.07
3.84
4.48
3.73
2.4
1.01
2.59
1.16
2.79
4.02
5.1
1.26
3.36
1.08
1.03
1
3.51
1.18
1
1.26
1.01
1.16
3.67
1.18
1.03
3.89
4.55
3.48
3.78
1.02
1
1.01
1.21
1.21
3.5
1.63
1.08
3.45
1.04
1.1
5.1
2.53
1.15
1.02
4.22
4.37
1.66
2.8
1.09
1.06
1.06
1
1.17
1.1
1.11
1.04
1.33
1.16
1.1
2.21
3.33
1.07
1.12
1.02
3.08
1.19
1.02
2.18
2.74
1.32
1.22
1.07
4.19
1.01
1
3.11
1.02
1.08
1.02
1.01
1.14
1.05
4
1
1.12
1.15
4.87
4.11
1.12
1.08
1.02
3.6
3.21
1.23
3.59
1.92
1.13
1
1.09
4.04
2.98
1.09
3.5
1.12
1
1.15
1.06
3.87
2.69
1
1.13
4.08
1.32
4.93
5.17
1.03
2.75
1.22
1.17
1.06
1.15
1.12
1.01
1
3.46
1.05
1
1.05
1.04
1.06
4.24
1.12
1.1
3.33
3.97
1.12
2.98
1
2.73
1.1
2.66
3.8
1.29
1.86
1
4.08
1
1
1.42
4.11
1.1
3.47
1.05
2.98
3.25
1.04
3.52
1.19
1.2
3.61
1.03
3.03
3.97
1.09
1.15
3.23
1.04
1.11
3.6
1.31
1
3.57
3.03
1.15
1.32
3.74
3.33
2.56
2.88
1.2
3.44
1
2.93
1.06
1.13
4.86
3.34
1.23
1.02
3.32
1.06
1.02
1.25
2.83
1.23
4.99
1
3.14
1
3.47
1.06
1.28
1.24
3.43
1.24
1.03
1.28
1.16
2.64
1.06
4.95
5.05
1.03
4.28
1
1.1
1.18
1.18
1.07
3.64
3.2
3.8
1.08
1.08
1.01
1.16
1.56
1.26
5.02
1.01
4.02
1.24
1.15
3.7
2.54
1.04
1.03
3.02
1.15
1.07
5.06
1.03
1.18
1.07
1.15
1.01
1.09
4.21
1.04
2.35
3.14
1.15
1
1.05
3.54
1.9
4.31
3.07
2.94
1.02
2.77
1.46
3.97
3.29
3.54
1.05
3.51
1.93
3.98
1.11
3.14
1.99
1.13
1.19
1.19
1.02
1.08
3.53
1.08
1.02
1.29
1.98
1.01
1
1.22
1
1.1
1
1.18
1.07
1.09
1.1
2.99
1.04
1.07
