10876 34740
27.3
16.4
12.3
15.3
9
25
20.3
14.5
13.9
18.4
53.5
12.5
22
13.8
28
13.4
10.3
24.3
23.3
27.3
28.1
18.4
12.2
28.6
11.9
27.6
20.5
9.2
19.8
10.7
14.1
11.5
10.6
14.3
15.5
10.9
22.5
20.2
25.7
26.3
12
22.1
29.4
17.2
10.9
17
28.3
17.6
14.7
25.3
12.2
14.1
21.3
11.7
12.8
15.2
9.2
13.2
19.3
12.6
22.8
18.4
34
16
15
18.1
14.1
8.9
20.9
16
34.5
35.7
21.4
14.8
23.4
13.6
14.2
13.2
16
18.3
19.9
10.4
13.1
17
24.1
14.8
18.2
25.7
16.5
20.4
12
9.2
9
22.1
10.4
13.1
26.2
21.9
17.5
27.8
22.1
15.2
19.7
13.6
16.3
33.7
21.2
9.8
9
18.5
24.9
11.5
16.4
12.9
12.5
13.5
12
23.7
19.3
20.2
25.5
16.7
10.5
32.7
19.1
25.8
15.5
27.7
28.6
27
15.3
23.7
13.5
11.5
19.4
15
18.2
14.9
13.2
11.6
23.7
64.5
20.8
20
11.6
37.3
22.4
17.4
23.6
23.1
12.5
19.3
37.4
21.7
30.8
32.2
27.2
12.8
17.5
14.8
25.1
45.8
16.3
22.3
37.4
19
15.3
13.6
15.1
15.7
21.4
23.4
13.1
11
10.3
8.2
12.5
19.3
26
16
15.4
24
14.1
26.5
21.6
17.5
14.6
14.7
21.7
42.4
21.8
18.9
19.8
21.8
35.4
14
16.6
13.8
16.1
33.2
21.7
16.7
30.5
13
9.8
8.9
19
16.9
20.5
25.5
22.5
13.1
13.6
17.8
16.4
18.3
12.4
12.5
21.1
8.9
12.5
13.7
19.7
27.5
12
18.9
14.9
10.8
21
10.8
14.2
14.6
13.3
18.2
12.3
13.8
21.7
11.5
11
15.1
12.2
11.2
10.5
17.4
19
39.3
20.7
12.4
24.8
14.2
22.6
15.5
20.9
9.3
20
19.3
19.2
13
18.9
20.7
25.6
17.6
24.7
12.1
18.1
12
31.3
24.5
25
13.2
28.9
22.7
40.5
15.5
20.3
28.1
15.7
14.1
17.4
21.4
23.4
27.7
12
13.3
27.9
22.9
24.2
39
16.9
20
22.5
17.2
27.6
21.1
23.8
25.3
12.4
37.8
17.7
11.4
17.1
19.2
22.1
23.5
13
15.6
25.5
15.2
11.8
21
16.9
22.9
22.7
29.7
16.4
13.5
11.4
19
28.5
20.2
12
9.2
16.2
14.4
20
18
15
29.5
19.8
14.8
8.3
30.8
12.6
10.2
11.3
13.9
13
10
24.5
18.9
26
9.5
10.8
19.2
12.8
18
31.4
14.2
16
17.5
23
32
16.9
10.1
17.6
16
18.3
13.2
18
10.7
14.5
24.8
9.1
25.8
21.9
16.6
11.4
17.9
15.5
19.8
16.6
14.9
11.8
13.1
9.7
10.4
8.7
14.2
17.3
29.8
16.3
13
26.7
28.5
12
37.1
17.6
24.9
23.8
21.4
30.2
25.3
27.2
24.4
25.7
22.9
41
20.7
13.6
16.2
9
14.8
17.5
18.2
10.9
12.5
22.7
20.1
23.6
28.5
13
14.6
16.3
18
19.9
20.6
12.4
23.6
29.6
14
33.1
10.4
15.9
11.1
16.7
12.1
16.3
14.3
11.1
23
14.9
18.7
11.9
8.7
19.7
14.6
27
20.3
23.1
22.8
16.5
13.1
16.6
17.4
16
14.4
21.8
15.9
18.6
17.3
19.4
22.6
24.1
11.3
32.9
17.5
23.9
19
45.4
24.7
20.2
12.1
17.6
15.3
13.8
15.9
13.3
10.5
18.7
17.4
27
12.2
11
29.7
18.2
15.1
22.1
13.4
18.5
42.1
11.6
17.2
22.5
10.5
14
16
22.3
22.7
13.7
28
32.1
12.2
14.5
21.8
14.1
14.2
14.5
13.7
17
13.5
21.7
31.3
22.5
11.7
15.2
15.5
28.2
18.2
22.3
32
16.2
9
21.1
11.9
12.1
8.6
21.6
18.7
9.8
19.5
10.1
17
21.5
14
11.3
25.6
13.1
11.7
19.4
21.2
17.7
8.5
11.3
10.8
13.3
9
11.3
18.4
20.9
9.3
12.4
19.2
27.9
22.9
23.1
27
14.5
14.3
14.6
14.6
24.9
18
27.5
13.1
13.9
16.7
18.5
16.4
12.1
16.6
16.9
18.5
13.8
10.8
10.6
28.2
20.6
17.9
21.1
23.8
28.2
23.9
20.2
18.7
26.4
26.1
16.4
25.9
8.7
19.1
18.7
15.9
21.5
22.2
17.5
10.6
12.9
22.7
16.4
14.5
21.4
10
23.5
13.2
11.5
29.6
17.3
19.4
11.8
19.5
30.7
18
23.9
17
13.1
8.9
16.8
26.1
18.8
26.1
20.6
28
10.1
12.3
16.1
9.6
21.5
19
28.5
18.6
10.2
10.2
21
16.7
14
31.1
16.2
19.3
20.8
16.2
22.6
13.5
15.2
10.5
8.8
13.1
13.1
24.1
26.8
27.6
14.4
12.7
29.2
14.2
24.4
9.3
13.9
8.1
17
17.7
14.9
18.1
15.2
14.1
25
20.8
15.4
17
19.4
17.2
27.9
16.1
27.3
18.4
23.4
23.2
15.3
32.6
29.6
15.5
15.6
19.7
12.5
9.3
24.3
25.9
26.9
15.4
34.8
25.8
20.2
19.7
31.2
18.2
16.1
14.6
18
30.8
18.4
15.8
17.6
10.8
34.7
22.9
17.9
26.1
25.9
9.9
18.4
11
15.7
26.2
34
20.4
14
17.7
40.2
10.4
17.1
13.3
14.1
20.5
20.6
14.4
10.1
9.1
13.9
18.5
16.7
9.3
17
13.2
19.1
20.1
29.7
18
15.2
14.5
32
11.1
13.7
33.1
16.5
17.7
11.1
12.9
9.9
18.4
16.9
30.3
10
11.9
17.6
13.7
8.4
18.8
12.2
22.4
18.8
19.3
19.8
30.6
9.7
28
9.9
12.2
13.8
17.6
9.5
27.6
19
16.3
13.9
17.2
10.7
28.8
12.3
22.7
10.9
17.3
18.9
17.4
12.8
28.2
10.8
22.1
25.2
17.6
31.8
16.3
25.9
18
22.6
28
21.5
18.5
31.3
9.5
17.8
15.6
17.4
27.8
26.2
39
20.3
18.7
25.3
18.7
21.6
19.8
13.2
18.1
23.6
14.3
18.1
15.6
16.8
9.6
14.2
24.2
22.6
27.7
8.3
13.5
10.3
19.7
20.9
14.6
17.7
22.7
28.7
18.6
26.6
56.3
10.4
17.6
19.7
12.6
11.3
13.1
21.7
18.6
16.1
17.3
16.5
23.9
15.4
23.1
17.6
21.5
23.1
21.6
13
13.9
9.8
11.3
14
15
23.2
28
19.3
24.9
12
28
19.5
31.4
14.1
21.4
11.1
11
11.8
15.4
10.7
9
14.7
28.8
31.3
15.7
19.6
24.4
19.9
18.5
19.9
15.4
14.8
9.4
24.7
21.9
14.3
10.8
28.1
11.1
16.4
13.5
22.3
14.7
12.4
15.2
36
9.9
15.9
11.1
14.7
30.8
16.2
19.5
48.8
8.6
16.3
19.4
13.3
17.2
25.5
10.8
12.4
9.8
11.3
11.8
19.1
13.9
14.9
18.2
12
22.5
13
19.4
19.9
23.7
20
20.4
10.7
16.5
18.4
23.1
18.2
10.7
12.8
11.5
15.6
8.7
30.8
23.3
13.4
13.2
21.8
15.8
10.9
16.9
28.2
21.1
11.7
14.4
23.3
21.6
13.1
36.5
24.5
26.2
21.3
15.2
10.2
35.6
15.8
21
16.2
14.6
9.9
25.6
14.4
23.7
19.5
15.1
13.1
17.4
14.4
14.2
18.8
17.8
17.5
12.1
20.3
21.6
31.4
28.7
15.2
16.6
17.9
19.2
25.1
29.3
33.8
9
9.2
11.6
14.2
29.5
26.3
28.1
31.9
23.5
28
14
11.6
32.2
13.9
16.1
16.6
16.3
22.6
23.4
12
26
9.5
20.4
45
16
14.5
15.7
18.4
18.6
10.4
15.2
31.8
13.2
16.2
15.6
33.2
30
16.5
17.8
17.3
18.3
14.2
17.8
14.8
12.9
26.2
18.9
11
21.4
18.6
16.8
25
14.7
18.3
14.6
12.2
28.7
14.6
31.7
47.9
13.8
14.8
15.1
18.6
14.3
18.2
12.7
10.3
26.1
26.7
16.6
17.5
11.8
26.2
16.7
18.9
15.5
19.4
34.7
14.6
15
22.6
20.7
24.9
21.3
23.8
11.9
17.4
18
11.5
17.8
12.1
8.2
13.4
19
12
25.1
32
13.2
18.3
12.5
20.4
16.1
24.9
11.5
18.1
14.4
13
13.4
23.4
11.4
32.1
27.2
13.5
13
8
31.7
19.2
38.1
8.5
13.4
19.7
23.6
17.9
33.5
21.8
17.9
16.2
15.9
18.6
14.8
12.8
13.2
9.1
29.8
8.4
14.7
9.6
12.4
22.1
18.8
29.1
26.2
14.2
22.5
23.8
24.8
14.2
10.3
17.3
28.4
16.9
12.7
15.1
18.9
21.3
9
15.3
11
15.1
24.4
10.6
18.5
12
12.7
21.6
29.6
17.9
13.1
13.6
9.7
13.3
8.6
12.6
18.8
21.5
16
9.8
13
11.1
18.6
25.8
23
14.3
18.4
13.7
15.8
14.1
17
23.8
19
18.8
35.3
12.4
12.5
27.6
21
17
18.4
16.4
21.5
15.7
15.7
13.3
9.4
17.3
18.4
19.6
17.7
19.1
10.9
10.8
25.7
16.8
27.4
15.6
24.5
9.5
25.4
24.5
16.2
15.6
10.4
28.2
42.7
11.1
30.2
16.2
10.8
10.2
28.2
13
12.9
12.1
18.7
18
17.2
28.1
24
18.2
25.4
18.5
13.8
16
15.3
20.8
17
13.3
17.4
18.3
19.5
23.4
11.2
9.9
11.7
20.1
8.8
12.4
12.5
19.4
15.4
21.4
21.2
16.1
11.7
13.7
10
18.6
8.7
23.6
17
21.9
17.9
22.8
21
9.5
25.7
10.4
8.6
14.6
17.9
36.6
20.1
17.2
27.4
38.1
18.2
30.5
12.3
26.6
16.9
25.3
14.5
27.8
24.3
10
25
22.7
14
15.8
17.9
30.2
17.4
15.3
23.7
17
11.1
11.4
11.1
11.8
16.7
11.9
20.6
25.5
25.2
11
16.6
14.9
14.6
14.5
16.3
12.9
11.8
21.8
9.8
14.9
19.7
34.9
14.3
24.7
19.6
17.1
14.6
18.9
21.4
21.7
15.6
11.2
17.7
25.5
17.8
28.6
17.7
23.4
20.3
11.8
16.3
13.6
14.1
12.9
11.5
15.1
15.4
22.5
17.2
20.4
15.2
10.6
18
15.1
22.3
17.9
15.5
13.1
29.8
18.6
19
15.7
13.3
23.9
14.2
9.9
15.6
12.1
9.3
30.1
13.5
25.9
28
24.6
8.8
19.2
16.2
20.9
17.5
11.7
13.6
28
20.8
19
15.7
10
15.1
37.7
9.1
9
16.2
15.1
11.6
21.6
19.8
11.3
17.1
9.3
14.1
27.5
17.1
9.3
17
16.4
14
26.5
19
18.1
16.2
12
13.4
36
21.3
11.5
20.1
12.7
13.1
23.9
12.1
20
20.7
19
19.3
14.8
20.9
19.7
11.7
27.8
16.3
18.5
21.9
16.5
10.6
25.8
14
13.1
34.7
18.2
16.1
13.5
27
12.3
14.4
22.4
21.4
21.5
9.7
13.6
11.3
14.5
29.8
19.7
32.7
13.1
9
26.2
19.4
14.9
49.4
18.7
20
49.1
45.7
11.9
9.3
26.3
26.3
15.2
11.1
22.4
9
24.2
37.7
9.6
18.8
21.4
14.4
26.8
11.4
9.6
17.3
17.9
26.7
15
21.2
16
10.9
17
19.8
43
21.1
17.5
24.6
22
15
16.1
18.1
18
15.4
17.8
18.9
20.2
35.5
19.1
10.9
15
15
12.6
21.3
20.6
22.2
9.7
15.1
11.6
14.2
30.1
23
19.3
19.5
10.4
12.3
13.5
19.6
13.4
16.8
23.4
22.8
23.4
17.7
10.5
32.3
14.2
20.4
9.3
32.4
30
17.7
24.6
17.6
30.1
12.6
13.3
17
8.6
16.8
14.6
9.5
10.5
17.1
15
18.6
23.9
19.3
18.1
8
11.8
11.4
36.9
22.7
23.5
13.3
17.8
19.9
20.9
19.3
21.5
18.4
20.1
13.6
31.3
14.4
22.8
10.2
26.3
27.8
9.1
22.9
31.5
23.1
17
13.2
16.6
21.4
20.4
18.3
14.4
15.1
15.4
20.1
30.2
17.8
20.7
20.3
15.1
13.4
20.2
16.3
27.3
15.1
27.3
17.7
11.1
13.7
13.3
20.1
26
16.7
19.9
14.5
14.7
18.6
8.4
11.8
14
11.1
10.2
8.6
9.5
12.6
8.5
10
12.1
10.2
19
11.9
29.2
15.5
15.6
8
26.8
18.7
27.3
18.2
23.6
10
10.8
14.4
18.4
30.8
10.5
12.8
21
44.2
18.5
18.4
20.9
16.5
16.3
15
15.3
11.3
10.2
19.4
25.7
29.6
25.5
11.1
20.7
18.6
21.2
12.7
14.7
25.5
16.9
24.5
10.8
9.8
26.2
19.3
12.4
13.9
17
18.2
16.8
22.6
11.6
22.8
13.3
14.3
20.8
20.7
32.4
11.8
11.2
13.7
10.7
27.1
19
12.1
9.3
17.2
15.1
11.7
13.9
14.4
16.8
16.3
21.8
18.1
9.6
22.2
13
14.3
29.6
15.8
17.5
16.8
14.3
9.3
9.6
10
31
16.9
13.4
12
9.1
15.8
12.3
33.9
13.1
21.1
11.8
18
16.5
14.2
18.4
20.2
15.6
13
14.4
16.6
13.4
18.6
15.5
13.3
22
9.9
25.8
18.8
19.3
23.9
18.1
13.9
29.1
23.9
24.6
9.1
12.9
22.3
20.1
9.4
10.4
16.4
25.6
9.2
17.5
28.3
9.2
11.8
20.2
21.2
17.9
12
20.5
13.6
17.7
25
8.5
18.2
18.2
13.6
32.5
13.4
15.6
11.3
16
13.5
10.4
12.6
18
13.2
19.6
28.5
9.8
16.7
23.2
13.2
14.8
11.1
15.8
21.4
30.1
17.9
11.6
18
21
29.7
11.5
25.8
12.2
11.5
12.8
11.6
26.1
18.2
14.1
12.5
12.5
10.6
13
42.2
33
22.1
26.6
17.3
33.8
14.7
25
24.3
16.1
19.2
20.9
27.9
13.2
23.7
28.2
21
23.3
21.6
20.7
41
13.8
25
28.1
14.5
20.4
12.3
17.7
14.8
13.4
17.9
20.9
13.1
10.4
18.5
11.1
17.2
15.6
22.4
16.4
13.2
15.2
15.4
14
27.2
20.1
11.6
24.2
12.1
17.8
20.6
13
11.6
10
14.9
9.9
24.2
11.8
16.9
15.8
13.5
27.4
18.6
21
19.5
20.4
15.9
25.1
20.7
14.6
14.4
25
13.2
12.7
13.9
29.5
17.6
11.4
15.4
18
25
12.9
13.5
26.8
16.6
25.6
19.6
16.6
20.9
19.3
13.9
11.1
15.9
13.3
17.7
21
12
18.8
17.3
21.4
19.8
22.9
10.3
18
13.3
21.7
17.5
9
14.9
10.9
26.6
13.9
21
16.2
14.8
12.2
12
11.3
22.6
23.3
18.1
12.1
16.6
8.4
12.4
10.1
17.2
13.5
10.8
17.9
25.3
17.8
16.5
16.5
16.7
13.4
14.1
32.2
8.5
15.9
22.4
14.1
29.4
17.1
13.3
15.7
11.4
18.2
9.7
19.1
8.9
14.8
21.6
24.8
11.9
26
11.5
15.5
18.1
16.7
17.8
12.5
14.7
11.9
18
16.2
16.9
20.5
23.7
12.8
22.8
11
9.4
24.5
11.6
10.7
29.3
14.1
13.1
19.3
25.7
38.8
9.3
16.4
24.6
18.8
21.9
41.2
18.1
20.6
11.6
17.9
19.7
28.9
24.1
12.8
20.3
19.7
8.4
13
10.4
16.9
11.6
16.5
19.9
36.1
12.6
21.4
18.9
16.2
14.7
9.4
10.9
17.2
10.9
20.7
18.2
13
10
21.7
14.4
16.6
15.8
21.5
13.8
44.1
16.2
12
19.3
11.9
20.8
11.6
12.8
21.3
46.8
25.7
31.1
14.6
10.4
20
22
14.4
13.2
24.8
21.8
15.6
35.3
15.6
11.2
23.4
31.9
12.1
9.5
38.3
17.3
27.2
25.9
21.6
22
22.5
14.3
10.5
14.4
12.6
17.2
17.6
22.2
10.7
15.7
17.9
22.5
12.5
13
17.8
8.8
18.1
17.5
16.2
19.2
13.2
12.3
11.1
15.6
14.7
28.7
13.8
11.7
13.7
19.4
35.6
17.3
20.9
16.7
15.3
24.1
16.4
14
24.3
12.7
31.2
18.7
29
10.1
27.2
21.2
13.5
15.6
13
25.6
14.8
16.6
27.7
14.1
26.3
20
11.6
26.7
16.6
15.8
14.2
15.8
14.8
24.1
15.5
10.5
14.9
20.7
18.9
20.6
15.9
21.9
12.9
15.4
18.9
19
19.8
24.5
25.3
17.2
23.7
19.4
31.3
22.1
24.7
13.4
10.9
9.2
38.2
16.4
18.9
19.8
10.9
18.3
19.1
16.4
20.3
13.1
12.2
22.8
11.1
11
21
22.5
13.3
24.4
26.5
23.6
32.9
21.4
26.3
21.6
18.9
30.7
10.8
14.3
14
14.9
23.9
17.4
16.1
10.8
21.1
11.4
11.7
24.4
20.8
10.8
24.3
16.7
18.7
10.2
26.5
20.4
18.2
14.9
16.9
17.9
11.1
19.5
20.1
14.8
16
18.3
11.8
11.3
16
17.5
15.3
9.8
11.7
8.7
28.4
27
13.9
29.3
29.7
13.8
11
13
17.5
13.3
20.8
19.9
22
8.7
28.3
11.3
21.7
8.9
23.5
18.5
13.5
10
20.5
27
21.1
9.8
30
11.9
13
14.3
18.7
12.5
10.2
22.3
17.8
16.7
12.9
23.9
8.9
10.6
12.5
12.1
16.8
14.9
13.7
11.3
31.3
14.1
19.4
15.1
25.5
18.1
26.2
14
16.6
13.3
11.8
9.8
12.6
23.1
19.2
36.3
9.3
18.1
21.9
10.4
17.6
36.7
22.5
9.4
22.7
18.4
20.3
15.1
15.3
20.4
33.3
26.1
27.6
19.2
33.2
19
28.9
14.3
23.5
21.3
15.8
16.8
32.6
26.5
18.4
12.7
21.5
33.2
15.9
23.4
31.2
15.4
12.8
12
21.6
20.3
11
27
10
15.3
20.7
19.5
12.8
15.6
24.7
14.4
12.4
13.8
21.9
14
30.7
15.1
14.1
13
15.2
14.4
15.1
12.9
13.2
13.6
9.5
32
9.2
11.3
14.4
18.6
15.9
17.3
28.9
17.6
22
15.1
15.1
8.5
23.4
14.6
14.2
20.9
9.5
15.8
30.9
18.3
21.3
15.4
14.5
21.4
12
16
13.6
10.9
15
25.3
30.4
16.4
20.9
25.9
23
23.2
9.6
14.3
14.3
15.5
17.1
11.7
17.5
15.5
9.9
15.7
35.4
26.1
11.9
14.5
10.2
15.3
22.4
14.3
21.8
27.6
16.7
19.1
14.6
21.1
24.5
10.9
16.9
10.9
15.4
10.7
18.6
16.3
13
18.9
15.7
24.8
17.4
11.2
15.4
13.9
14.3
17.9
23.8
20.8
13.1
19.4
17.4
13.9
9.4
18.2
14
9.1
12.8
13.3
19.1
13.1
33.6
13.7
20.1
25.6
13.7
15.7
9.8
27.3
15.6
23
33.2
25.1
18.5
17.4
20.2
17.2
11.6
21.1
20
13.3
11.8
42.1
15
11.7
25.6
20.3
12.4
27.4
18.3
12
25.2
11.5
21.4
23
10.9
15.7
10.3
25.5
11.3
21
20.2
15.9
15.4
16
20.3
12.2
17.8
9.8
21.5
18.5
8.4
20
11
9.3
13.8
11.8
13.4
12.9
14.5
12.3
8.6
13.8
9.3
15.5
11.6
22.4
20.1
29.8
20.5
11.6
22.9
37.2
15.4
17.7
24.1
12
18
24.3
15.6
11.3
21.7
20.6
10
15.8
17.1
23.9
20
12.9
14.5
21.1
12.4
9
9.7
37.2
30.3
19.2
18.2
16.8
20.2
17.2
15.9
8.9
24.6
15.5
34.9
14.7
16.6
20.9
18.1
49.2
18
17.4
24.4
13.5
45.6
12.3
14.3
14.3
12.6
14.7
14.2
16.2
14.3
13.7
8.8
16.3
24.5
12.6
9.9
16.4
14.5
18.8
20.3
13.9
18.2
33.7
14.4
11.8
10.4
9.1
10.2
22
23
14.3
18.5
32.6
13.1
15.5
22.5
11.4
14
22.7
13.5
15.3
19.3
13.6
13.2
14.2
25.5
21.1
18.7
15.2
12.4
16.6
17.8
22.7
27.6
20.1
25.4
14.6
11.9
18.3
11.7
26.7
20.2
20.3
14.3
16.2
13.5
16.6
27
23
28.9
16
26.8
11.1
39.3
24
16.5
17.3
10.4
8.4
50.3
19.8
15.3
26.9
23.7
13
19
18.4
11.4
28.7
17.7
16.9
9.2
30.9
8.7
8.1
19
20.6
13.4
15.4
24.1
25.5
27.4
22.7
16.9
12.1
11.8
10
15.8
10.7
43.1
14.8
13.6
13.3
17.5
12.7
10.9
17.3
20.4
24.3
19.8
17.6
21.1
27.7
18.5
12.1
15.8
44.4
8.8
13.4
9.2
29
25.1
27.6
12.4
16.3
25.3
16.3
34.8
24.3
17.9
23.4
21.8
11.9
16.7
22.7
12.3
23.2
22.4
14.2
17.1
20.4
14.9
9.4
25
19
18.6
19.6
15.7
11.1
22.9
10.7
11.2
16.8
13.8
12.9
11.9
15.2
16.6
20.1
17.7
26.1
28.5
14.8
14.5
46.2
18.3
18.7
22.5
27.8
11.2
12.2
15.3
17.6
19.2
15.6
17.5
17.9
14.7
21.1
12.8
16.2
18.7
25.4
16.7
9.8
23.3
17.2
16
15.6
14.7
11.2
10.9
23.6
15.7
23.2
19.9
13.6
19.8
12.1
17.9
29.8
13.5
12.2
9.9
13
14.9
9
11.6
22.5
23.9
10.5
12.2
11.8
16
16.8
16.6
18
25.2
11.4
27.9
24
20.7
20.7
21.6
14.1
20.9
12.7
17.7
11.6
13
15.1
13.5
15.2
15.8
20.4
21.4
11.3
15.2
10.7
24.1
18.2
22.8
12.7
14.9
13.8
10
32.6
24.1
18.2
21.5
13.2
9.8
9.6
21.6
12.8
12.4
21.3
11
17.6
21.7
22.7
22.1
18.8
14.8
31.7
15.9
33
16.1
15.3
20.8
27.3
22.6
20.5
11.3
10.2
16.8
9
20.2
9.1
10.6
15.5
19.5
23.8
14.6
14.7
14.4
18.1
8.9
10.1
15.6
12.4
15.9
13.1
11.6
13.8
13.8
23.6
11.6
9.2
20.1
32.9
16.3
17.1
17.3
18.7
9.6
14.6
12.4
8.8
14.3
10.1
17.3
21.3
14.3
27.8
19.9
11.6
23
10.3
21.9
16.9
19.7
29.2
25.5
20.6
22.5
14.4
19.5
18.1
9.8
29.9
11.3
21.8
18.1
22
27.3
30.2
26.5
9.6
11.9
17.5
20.5
8.4
17.3
21.4
20.1
9.3
21.1
13.6
24.6
28.5
21.8
9.8
18.9
8.7
24.9
19.7
15.9
12.9
15.5
13.9
14.3
28.6
23.9
10.9
29.2
27.5
13
17.2
14
9.9
12.5
11.6
22.1
15
23.7
38
8.5
12.7
22.1
19.2
11.9
26.5
13.9
8.6
13
16.8
13.2
28
10.1
24.4
21.8
19.4
24.6
11.9
14.7
19.3
23
20.7
21.2
19.9
25.6
26.9
12.1
18.8
16.2
12.4
11.8
9.1
12.5
15.1
13
25.3
16.7
20.8
11.8
8.2
12.1
14.6
24.3
16.5
16
27.9
20
23.6
11.1
19.8
18
27.3
18.3
16.1
12.2
17.9
23.7
21.6
16.5
18.9
28
37.4
15.4
8.2
17.5
15.7
12.8
15.7
24.4
15.8
15
10.1
12.8
9.2
21.8
56.3
28.2
22.8
31.2
21.5
23.6
12.4
13.7
8.6
25.7
24.7
17.4
15.7
17.1
18.3
9.7
12.9
26.3
20.3
14
22.2
10.9
16.8
19.5
12.6
17.5
9.3
20.1
22.8
31.2
19
10.5
13.4
11.4
26.7
28.1
29.1
12.3
10.6
12.2
17
18.7
15.8
10.2
13.5
18.8
12.3
27.1
12.9
24
22.7
18.2
19.3
28
8.8
20.1
17
12.8
22.4
19
10.7
13.5
20
14.5
25
10.1
18.1
11
18.6
21.2
28.7
18
20
18.4
9.8
20.1
46.2
17.5
19
15.2
28.6
13.4
17.3
18.6
16.3
8.9
11.7
30.8
20.1
33.7
31.7
27.1
9.8
18.6
32.8
11.3
22.7
9.8
13.9
11.3
29.4
23.2
14.6
17.4
17.5
25.5
14.5
16.8
22.1
22.9
20.2
12.2
34
24.7
18
22.5
10.6
9.3
16.1
25.6
26.7
14.5
11.9
19
16.2
23.8
10.5
9.6
16.1
13
17.6
12.5
13.5
21.7
17.4
15.8
13.6
11.1
17.2
23
14
28.8
12
30.4
12.5
22.2
10
12.7
16.5
12.3
14.5
16.2
20
22.7
15.9
11.7
20.3
11.2
12.7
9.3
13.6
13.4
15.7
9.8
20.6
18.4
12.5
11.9
14.9
13.4
19.2
24.7
11.8
18.6
13.2
14.9
12.9
17.4
17.4
16.7
11.9
14.3
10.5
14.4
15.7
14.1
18.8
16.4
13.8
19.9
16.8
12.3
27
12.2
21.8
21.6
17.7
8.9
27
19
13.3
16.4
19.7
17.1
22.2
29.9
10.4
13.1
23.6
16.2
14.4
16
10.1
26.8
8.4
20
17.2
17.8
26.1
11.1
18
14.1
16.3
21.7
18.7
30.7
23.2
9.7
16.8
41
9.6
13.5
11.2
22.9
21.6
14.2
8.5
9.5
11.8
15
36.7
15.9
10.8
10.6
20.9
13.2
15.1
11.3
13.6
13.2
10.1
9.6
16.2
8.9
11.4
23
21.9
15.7
25
17
17.4
19
27
18.1
12
10.6
15.3
16.8
9.8
16
25.2
32.2
20.5
13.9
20.8
15.1
25.5
21.3
9.1
16.8
24.3
11.5
10.1
11.7
21.5
19
15.7
13.4
19.2
12
9.1
20.5
27.3
14.2
31
20.8
9.4
70
13.6
16.6
25.3
14.7
17.2
11.5
21.2
16.9
14.3
17.7
10.3
15.7
14.2
19.5
19.6
13
28
10.8
19.2
11.1
9.5
11.1
22.1
15.4
20.7
15.4
22.6
18.8
22.2
19
25.7
19
18.2
14.9
11.6
25
17
20.6
23.3
14.8
25.5
17
19.6
10.8
14.6
18.5
11.8
10.7
15.8
11.5
26.9
12.6
9.7
20.5
13.6
15.3
22.5
33.7
21
9.5
13.2
12.2
9.3
13.3
23.4
14.1
20.5
18.8
12.5
10.4
9.6
17.2
19.8
18.2
20
27.5
16.9
14
17.1
24.3
20.3
18.5
18.4
9.9
14.7
16.1
17.7
27.1
40.8
17.7
14
15.6
23.7
22.4
37.9
13.6
12.5
16
16
15.5
13.5
34.9
17
18.8
9.5
14.5
15.9
15.6
13.1
15.5
28.6
19.5
11.7
14.9
12.9
18.2
28.5
32.3
11
19.5
9.6
24.6
21.9
22.2
23.5
28.8
21.5
16.1
24.4
19.3
18
13.6
15.3
27.1
14.7
14.6
26.4
13.1
12.3
14
14.6
21
17.7
15
17.3
32.6
14.7
16.8
12.1
10.4
21.4
14
13.4
24.4
13.1
14.6
13.2
10.9
21.3
34
12.6
25.5
15.6
10.6
14.6
20.9
14.4
17.1
19.8
22.5
29.9
17
24.9
20.3
9.2
12.8
25.1
19
15.5
13
28.2
13.8
28.1
16.9
14.7
32.1
9.9
20.1
11.7
12.3
12.9
14.7
14.5
11.7
26.9
11.5
9.5
29.9
11.4
19.7
21
26.4
20.1
11.4
11.2
19.9
17.1
14.9
16.4
22.8
10.9
24.2
10.5
26.5
17.4
28.5
14.9
19.4
18.9
11.6
18
9.2
26.3
19.8
10.3
10.9
20.2
13.4
20.1
11.5
19.2
16.8
8.5
17.4
21.6
11.5
34.5
12.1
22.7
17.2
19.7
20.4
22.3
19.8
16.6
12.5
9.3
12.4
10.4
18.3
17.3
13
20.4
11.3
14.7
16.7
12.4
11.2
18.6
12.4
21.4
9.7
21.8
13
20.7
24.9
15.1
14.7
12.9
13.7
17.4
38.9
20.6
10.3
15.3
11
24.3
13.3
14.2
15.3
10.5
20.2
21.3
17.3
16.3
13.5
21.5
17.6
14.9
21.8
22.1
13.5
25.3
8.4
13.2
16.2
12.3
23
25.4
20
20.3
24.4
25.1
21.4
16.8
17.8
13.6
9.7
25.7
25.3
14.4
18
15
18.7
15.4
19
12.1
12.2
10.7
23.1
31.5
49.9
23.4
21.9
17.7
10.5
12.1
21.4
12.4
13.2
16.6
18.7
29.6
15.9
12
19
23.2
13.8
15
20
14.2
27.9
14.8
20.4
18.9
33.6
9.1
16.7
19.2
11.4
18.4
28.6
35.4
29.4
32.3
11.5
12.3
16.6
24.8
12.8
8.6
12.4
14
19.2
8.8
24.5
18.5
18.9
15
20.1
13
15.1
20.6
23.4
13.1
12
25.5
15.4
17.7
14.6
12.3
13.1
21.1
11.9
30.1
11
22.7
16.3
15.2
11.7
17.1
11.7
15.8
8.3
15
8.2
16.7
10.2
12.9
22.1
14.4
17.5
13.2
10.3
34.7
21.1
8.9
16.8
17.3
12.5
23.9
12.1
9.3
17
17
12.6
16.5
28.7
17.6
30.6
18.7
12
24.4
17.6
12.9
16.6
17
11.6
25.8
13
20.2
29.3
16.9
15.6
14.6
20.6
11.6
12.3
25.1
9.9
16.5
31.6
13.2
12.2
20.4
19.3
10.7
20.4
37.2
15.6
12.9
17.9
8.2
15.9
9.8
15.2
16.4
15.5
27.1
9.5
10.3
13.2
10.7
9
18.4
19.7
11.8
12.4
14.4
10.4
13
11
10.4
21.5
19.9
12.5
15.6
9.7
15.8
20.4
10.8
18.8
45.2
22.8
19.6
16.3
18.9
12
25.9
18.5
28.9
17.5
35.4
18.3
15
17.1
20.3
21.2
40.9
20.1
15
13.6
14.5
26.3
11.9
30.9
10.4
22
14.9
18.7
20.2
20.5
12.4
25.9
27
20.1
18.2
19.6
18.7
15
8.5
20.2
23.7
33
25.6
33.5
18.5
20.2
17.6
8.6
20.1
20.6
13.2
20.8
11
26.6
16.1
17.1
18.8
15.9
33.7
14.9
26.6
17
12.9
30.1
27.7
18.6
20.2
16.2
9.9
18.7
10.7
14
24
17.6
18.7
16.9
9.2
20.2
11.9
15.2
10.4
17.1
19.2
27.7
14.2
13.4
22.8
21.4
10
12.7
14.6
16.4
14.5
11.6
25.3
38.9
15.1
25.3
17.7
15.5
11.2
8.8
22.5
18.8
26.9
10.7
21.2
15.6
33.7
10.3
19
22.8
29.6
11.5
17.2
20.1
16.9
10.9
11.2
18.4
15.7
21.3
13.4
8.6
12
9.6
13.9
22.3
12.3
24.1
15
17.2
17.7
16.9
18.7
22.4
21.7
17
19.3
22.4
14.8
14
13.5
11.9
16.3
8.9
16.1
15.9
13.1
22.5
18.9
22.5
16.1
15.3
10.3
12.5
10.3
21.9
10.6
28.1
12.6
9.3
11.7
13.7
29
15.5
14
9.6
31.7
17.6
14
13.7
19.3
13.9
20.2
19.8
26.9
10.5
33.1
13.5
17.9
16.4
14.2
18.5
12.1
13.7
26
18.4
13.1
20.1
10
13.3
14.3
16.7
16.1
19.9
19.7
24.3
27.9
23.1
11.5
15.6
17.4
10.7
17.6
14.7
18.6
10.2
20.3
12.5
18.7
28.9
22.2
16.6
17.9
17.1
27.6
13.2
15.6
23.2
31.9
12.5
30.4
11.5
14.1
11.6
24.2
27.4
21.3
15.1
19
13.5
20.3
16.5
24.9
25.6
17.5
8.7
18.2
10.8
22.4
13.2
16.2
14.1
12.4
12.4
9.9
18.5
22.8
15.8
26.6
18.4
10.1
22.2
9.7
28.2
22.3
13.2
19.9
24.6
23.7
13.6
12.7
21.5
31.3
11
9.5
15.6
26.6
19.4
14.7
9.8
14.6
11.4
16.8
11.4
25.5
13.1
25.8
10.2
17.1
15
34.1
14.6
17.5
12.9
14.9
15.5
13.2
31.3
21
27.9
17.3
32.8
20.5
14.3
10.9
17.6
18.5
18.1
10.4
16.3
20.6
23.4
20.7
15.4
15.3
21.6
25.2
24.5
17.6
11.2
16.8
30.8
12.7
19.6
15.7
11.5
14.2
10.6
10.2
32.7
12.7
25.7
43.5
15.1
38.1
15
15
13
20.9
20.3
14.6
15.4
26.7
21.8
17.1
23.2
19.8
20.8
29.1
19.3
15.2
15.9
27.3
21.4
24.7
8.3
12.7
10.1
9.8
10.5
10.3
14.5
13
33
9.4
23.5
25.2
19.1
13.6
20
26.2
12.5
16.4
13.7
12.5
18.4
12.4
10.9
16.4
11.3
31.6
19
28.3
15
20.9
23.2
21.8
22.4
11.8
16.1
22.3
16.1
23.4
22.7
19.5
14.8
19.2
13
27.3
24.5
29
14.3
9.8
16.9
37.3
15.2
25.5
23.5
17.9
27.8
16.1
19.3
18
9.6
14
8.6
21
20.7
10.7
13
19.7
23.4
18.1
19.7
14.2
20.9
23.2
46.3
40.7
16.7
13.2
12.9
17
25.3
23.3
13.4
18.5
40.3
28.6
16.1
29.5
11.9
17.8
14.5
12.9
16.7
12
12.6
12.7
13.6
8.4
14.2
18.2
32.2
15.9
10.6
12.8
18.8
17.4
9.8
9.3
16.3
16.1
24.3
14.8
13
22
21.2
15.7
19.8
19
18.4
19.1
30.4
13
35.8
9.5
9.6
21
25.3
11.4
17.4
27.1
15.5
14.1
19.6
17.4
10.7
24.5
21.2
15.2
15.7
16.3
10.4
12.7
36.9
14.9
16.2
16.6
11
13
27.7
17.5
17.2
19.6
8.9
15.9
12.9
19.6
14.4
9
40.7
13.1
22.9
15.8
17.1
23.7
16.3
19
17.1
21.8
19.8
16.5
13.7
12.1
20.1
12.1
20.9
23.3
10.9
14.5
10.3
10.1
18.1
21.4
15.7
15.2
19.4
18.6
22.2
14.4
18.3
12.8
25.4
8.6
18.4
21.9
11.3
12
16.7
15.7
21.1
19.1
12.3
22.1
18.6
15
9.7
12.5
13.7
32.1
11.9
14.8
17.6
13
12.9
26.1
13.3
10.1
15.8
14.3
18.4
9.3
22.9
17.5
18.6
15.8
15.5
30.1
13.1
10.6
33.2
10.6
17.4
16.4
27.8
15.6
11.6
11.3
8.6
12.8
12.7
18
17.2
24.6
13.1
19.1
26.6
31.9
10.6
23.9
17.8
15.9
24.9
10.5
28.5
32.1
13.1
20.5
16.7
19.8
31.9
12
19
17.7
16.3
24.8
10.2
13.4
13.9
26.1
15
8.8
26.2
24
12.7
13.5
14.5
11.5
19.4
16
10.1
11
13.9
18.3
11.7
26.6
25.4
23.6
20.7
14
14.4
9.8
12
14.5
15.2
21.2
9.9
23.5
10.1
13.7
17.3
9.6
21
15
29.8
14.9
21.2
15.7
14.1
11.8
13.2
13.4
27.4
22.2
12.7
19.3
25
13.8
12
10.6
16.8
13.7
22.7
19.1
24.2
46.6
14.4
27
19.9
29.2
26
8.9
11.1
33.3
9.5
20.2
15.8
14.7
12.7
10.9
14.7
18.2
9.5
14.1
28.4
15.7
12.2
29.7
26.1
25.2
16.6
10.1
18.6
14.6
15.8
14.7
13.2
14.1
19.6
19.7
21.4
18.2
16.5
11.3
17
28.6
24.2
19.1
17.8
12.1
9.8
18.5
9.6
14.1
8.9
25
18.3
9.2
12
17.2
16.2
21.3
18.5
31.7
17.2
11.9
9.6
14.1
29.9
14.6
12.9
12.7
12.6
23.2
9.2
21.7
17
17.7
22.7
16.1
14.4
8.6
18.4
15
13.2
19.7
13.3
22.3
15.7
16.8
11.9
27.6
13.7
21.2
19.1
15
17.7
15.8
13.9
22
15.8
11.1
19.8
14.3
9.6
15.5
17.4
16.9
26.4
23
16.1
11.7
12.7
11.9
11.6
17.7
25.8
9.8
16.4
12.6
35.6
17.5
25
32.4
26.1
10.9
9
13.2
17.9
20.7
17.5
19.5
9.5
30.4
11.8
14.5
35
19.5
9.8
15.9
8.6
19.5
17.2
19.2
17
25.3
11.9
17.2
11.6
16.5
20.2
25.2
19.3
9.3
28.1
10.6
11.6
12.6
18.4
30.2
17.7
20.7
19.3
23.4
19.1
11.2
17.8
18.3
12.7
22.6
11.6
10.8
20.5
9.5
15.1
11
25.7
12.6
26.6
17.4
16.2
23.4
13.8
16.2
16.6
18.2
15.9
13
13
12.2
10.3
16.7
12.9
18
16.2
10.6
11.4
13.9
12.3
14
15.1
31.5
10.3
19.2
17.4
11.4
10.4
23.5
13.7
17.9
8.6
21.3
20.3
15
20.6
20.9
9.1
19.6
11.8
14.2
14.6
18.9
18.1
8.3
13.3
14.8
14.7
16.1
10.4
10.9
25.3
21.4
18
16.1
15.2
20
11.6
13.3
13.1
18.2
24.2
39.3
15.4
29.1
9.3
17
37.4
15
32.2
10
15.7
12.2
16.3
25.7
11.2
12.6
9.3
14.1
13.8
13
15.6
15.1
15.2
19.4
9.2
19.2
23.5
12
11.7
22.8
31
12.5
19
12.1
15.1
20.8
8.8
23.3
21.5
16.6
22.7
10.4
28.5
18.7
22.2
12.2
37.5
13.2
18.4
22
14.7
20.6
25
18.8
11
17.9
14.7
10.9
21.8
9.6
16.6
16.8
15.5
11.2
25.2
18.3
19.3
14.5
14.5
13.6
14
15.5
20.5
37.2
11.5
14
20.2
15.4
12.7
15.4
19.1
14.5
13.2
24.6
13.4
19.1
25
18
27.3
14.8
18
27.6
12.5
14.1
16.9
24.4
9.6
12.9
13.7
21.3
10
29.8
24.9
9.5
21.2
15.9
16.3
11.4
14.6
24.3
21.4
12.6
8.6
22.1
14
11.1
15
12.3
11.4
14.4
16.4
16.7
12.3
11.8
12.2
19.1
19.5
10.5
13.3
14.8
22.8
18.4
17.1
8.5
9.8
22.2
16.1
17.5
17.9
33.8
14.7
19.1
16.1
20.9
25.6
15
25.1
13
23.3
11.8
9
12.2
29.3
20.7
12.7
25.1
17.3
13.9
18.8
27.3
11.3
21
18.2
17.3
20.8
15
14.5
29.7
10.8
11.1
13
11.9
11.6
12.7
26.1
11
17
11.6
10.5
28.2
15.5
17.9
24
12.7
11.2
19.2
14.4
21.8
24
24.1
15.5
24.7
13.5
17.5
9.6
17.6
10.7
9.8
22.5
22.7
13.7
20.8
20.9
19.7
17.8
14.7
20.6
12.4
14.8
11
33.8
18.7
14.2
18.3
22.2
21.8
14.9
9.6
19.2
25.7
22
13.4
15.4
16.5
16.5
12.9
22
14
17.8
11.8
38.3
35.9
18.6
26.7
11.5
20.9
19.4
24
37.6
29.5
13.4
9.4
9.8
19.6
24.9
17.1
11.7
13.2
13.6
16.6
24.5
16.4
21.8
25.7
38.1
14.4
9.1
12.1
19.1
18.6
10.2
11.1
13.5
9.3
14.4
10
18.9
11
13.9
15.2
14.2
10.3
12.8
11.6
13.4
18.9
41.6
17.4
13.8
27.3
28
14.3
18.2
20
11.5
22.5
12.6
11.9
29.4
16
10.4
10.8
12.2
13.9
17.7
20.3
29.7
12.1
12.1
28
20.8
10.3
9.5
28.4
32
29.4
12
42
13.7
16.9
11.4
27.8
19.2
17.5
22.2
12.1
22.3
15
19.1
45.4
12.1
16.1
25.4
18.6
24.5
13.8
10.4
15.5
16.2
10.7
12.2
9.5
31.5
10.9
19.6
9.7
15.3
27.9
26.6
8.9
25.9
14.7
12.5
31.4
13.4
10.8
12.7
30.9
20.8
11.8
11.1
12.1
27
8.3
21.9
12.1
20.3
26.2
15.2
20.1
19.1
13
14.6
19.5
14.9
14.7
29.8
15.7
16.4
33.1
16.2
22.4
17
40.3
19.7
11.4
24.9
8.4
11.2
12.8
25.4
17.6
17.7
16.6
19.9
10.2
12.9
16.9
14.5
10.1
26.5
21.5
15.4
16.5
8.7
8.6
9.6
15.9
14.3
12.5
27.5
29.4
44.6
22.4
11.2
12.8
15.4
12.6
15.3
21.1
11.6
12.6
15.3
9.9
10.3
20.7
11.5
13.5
19.4
12.2
23.5
25.6
16.8
22.3
16.8
27.5
12.6
20.2
15.9
14.9
18.1
26.4
15.6
9.4
28.1
9.7
15.2
24.7
22.5
13.8
11.3
10.4
18.7
15.4
16.3
11.1
18.1
9.6
11.6
11.7
27.9
14.3
14.9
18.7
12.9
9.9
25.1
23.2
20.7
14.4
25.1
16.9
11.1
31.4
12
13.6
11.7
21.3
29.6
18.2
33.5
27.2
15.9
16.5
17.2
18.4
20.3
24.1
24
11.9
12.5
17.6
21.1
20.6
17.8
23
35.5
15.2
14.3
19.9
10.6
9.4
28.4
13.6
15.1
13.2
18
10.8
15.4
13.3
14
13.9
24.6
18.4
22.2
18.6
9.6
30.9
22.3
20.8
23.7
20.5
18.4
10.8
17.4
11.8
15
19.6
15.5
22.1
32.3
19.4
13.8
16.1
14.5
12.3
11.7
9.2
8.6
10.7
12
16.8
28.6
10.2
18.5
25
11.8
34.1
14.8
16.6
15.5
24.1
21.6
23.4
19.2
20.9
12.2
16.5
11.7
14.5
16.1
11.3
9.4
17.7
13.9
18.9
12
19
12.9
11.1
18.2
12.9
20.1
38.5
14.1
11.7
17.5
12.4
23.7
14
18.2
16.6
9.1
15
11.8
15.7
14.6
19.3
9.4
10.4
12.3
21.9
18.4
9.2
21
11.3
20.1
13.5
23.9
11.7
17.3
13.5
21.8
14.1
13.5
25.7
21.3
19.6
17.3
10.3
15.5
17.4
15.3
9.2
18
13.2
17.3
21.4
15.3
16.7
14.4
19.7
18.8
11.7
20.1
9.5
15
26.5
12.3
32.2
14.7
11.8
16.3
25.9
10.9
10.8
20.6
25.9
15.4
9.6
15.4
25.2
11.8
9.9
16.9
32.2
23
9
12.8
20.6
13.9
10.8
24
34.3
15.1
12.9
25.2
22.9
12.1
18.4
29.3
16.5
10.3
14.1
18.9
17.4
19.3
11.3
15.6
18.9
15.6
12.3
23.3
17.4
13.1
13.3
12.6
15.4
13.2
22.1
9.3
18.9
10.7
15.7
15.9
16
15
9.3
8.6
10.7
21.5
24.3
12.6
10.7
10.1
11.2
28.2
14.6
20.1
11.7
28.2
24
14.7
17
18.6
19.6
12
10.4
10.5
9.8
22.5
14.6
18.7
27.1
10.7
22.2
40.1
8.8
13.3
19.4
11.7
16.8
17.5
10.4
25.2
11.6
12.6
16.6
17
13.1
24.2
13
28.9
20.3
32.8
12.7
49.4
31
19
31
20
10.7
13.7
18.1
22.5
19.9
19.6
16.6
10.1
11.6
25
10.8
23.1
29.4
10.4
9.9
20
30.8
28.3
18.6
23.4
19.4
11.1
24
21
23.4
17.1
16.5
16.8
19.3
20.2
13.6
15.9
12.3
14.3
10.4
12.8
18.4
13.7
10.8
37.6
25
11.6
26.6
12.2
17.4
21.3
16.4
14.1
12.2
22.1
19.7
24.9
10.1
20.4
20.5
29
23.9
19
25.7
15.2
9.9
18.4
15.3
20.3
26.5
22
14.6
48
27.6
16.6
16
11.6
15
19.6
23.5
16.3
18.5
10.6
15.5
19.7
21
22.9
16.2
13.8
17.7
20.6
14.1
12.8
9
9.6
11.3
8
15
10.5
24.7
10
8.5
9.9
16.9
30.1
20.9
15.8
26.6
11
12.2
20.6
20.6
23.1
10
12.3
20.9
14.8
16
18.5
14.1
23.7
10.4
13.2
15.1
16
17.2
20.3
24.3
10.8
9.1
12.7
10.2
12.5
19.7
30.5
19.7
18.3
19
17.7
18.8
12.5
21.2
26.5
9.5
18.8
13.2
28.1
14.8
17.7
12.5
14.5
9.9
33.6
24.5
11.1
13.9
16.7
11.4
11.4
13.5
29.5
16.2
20.9
10.6
13.9
19.9
17.1
10.6
18.3
16.9
20.2
19.4
15.2
30
17.3
16.8
14
27.2
18.3
27.3
30.6
21.7
10.2
16.1
17.9
18.2
13.2
21.4
34.5
21.2
11.9
15.2
11.6
18
12.1
24.7
30
17
10.7
22.3
11.6
23.6
15.6
18.4
16.5
30.8
24.8
29.8
28.3
16.8
16.1
23.8
25.5
42.1
12.6
9.5
13.9
13.2
26.3
15.7
14
10.5
9.8
14.6
28.9
10.1
15.6
9.8
14.2
16.1
26
16.2
9.1
11
25
12.6
21.9
10.2
11
24
11.3
11.7
19.9
30.3
11.2
21.7
14.9
44.9
9.8
14.7
16.7
15.3
19.4
30.3
28.5
12.2
23.3
18
20.3
13.2
23.6
11.5
11.7
17.4
10.2
16.2
11.9
20.6
10.1
13.7
24.8
17.6
13.9
19
9.4
15.4
24.6
39.3
8.7
14.3
20.9
13.7
17.2
26.9
14.1
18
18.3
8.4
11.3
9.8
17.3
17.8
17.8
23.4
24.1
15.4
22.1
18.8
20.2
14.7
18.4
14.1
13.4
24.5
15.8
11.6
12.6
10.8
26.5
8.8
39.5
15.9
14
18.9
10.3
16.2
9.6
9.9
19.1
28.9
17.1
18
14.8
25.2
13.1
9.6
18.7
14.3
20
18.1
15.4
23.1
14.6
30.9
13.9
11.4
13.3
11.3
9.6
15.1
14.4
12.1
23.6
24.1
8.3
11.3
11.9
15.3
12.6
10.1
17.8
16.6
13.3
9.8
10.5
8.6
8.8
26.6
14
10.4
12.6
16.4
16.7
8.5
12.9
18.8
18.9
21.5
11.8
21.4
12.6
28
20.3
23.5
12.5
16.9
38.4
16.4
23.3
20.2
25.5
16.8
30
13.3
10.2
12.8
15.4
15
13.3
13
15.9
47.7
20.1
13.5
24
12
18.6
12.2
23.8
18.3
12.3
13.5
30.2
24.9
23
16.7
16.6
10.2
16.9
20
11.6
34.1
8.4
11.6
14.3
10.8
14.7
26.9
11.7
14.4
12.2
14.5
10.3
23.7
19.9
25.4
27.2
12.6
16.1
12.9
16.7
12.3
14.5
13.5
13.3
12.9
30.3
18.5
24.8
19.3
17
10.2
10.7
23.3
12.1
17.4
9.4
34.6
25.8
11
14.4
12.1
24
21.8
21
8.6
16.9
16.5
22.6
17
14.7
12.1
13.1
13.9
13.9
12.4
23.6
17.8
30.6
37.6
10.1
11.1
29.8
13.1
13.4
16.1
12.5
13.4
12.6
8.9
15.5
12.3
19.1
10.6
19.8
18.5
10.1
24.7
9.6
17.4
15.9
19.4
12.7
14.1
11.7
8.3
12.8
14
23.8
11.7
20.1
20.4
16.3
13.5
18.6
30.6
12.5
13.3
15.4
19.6
13.1
13.6
15.9
12.1
11.7
23.5
14.1
14.6
20.3
18.1
21.7
22.6
19.9
15.5
15.1
28.6
13.5
18.9
18.6
22
21
15.7
21.3
14.2
19
26
26.2
9.7
13.9
20.8
13.2
20.2
12.2
14.8
12.3
13
13.1
11.7
18.9
10.1
10.8
12.9
13.8
28.6
25.3
20.3
41.6
8.7
15.2
18.4
11.5
24.5
14.3
18.7
37.6
30.4
21.6
14.7
13.4
21.5
18.8
15.7
12
16.3
13.8
24.6
11.8
14.2
11.2
10.2
20.9
12.8
11.2
17.5
19.7
26.5
26.6
9.4
10.8
18.9
17.4
9.9
17.3
13.7
50.6
20.4
15.5
26.9
13.1
13.1
14.1
10.3
21.3
10.3
31
10.2
14
18.6
21.4
17.9
21.5
15.3
10.3
9.7
11.8
19.8
16.6
13.6
39.3
9.8
13.3
20
24.5
13.7
18
12.5
13.5
15.6
19.6
12.7
16.7
12.2
16.7
9.1
17.4
10.5
12
8.4
9.4
14.6
14.6
11.3
16
19
8.9
14.4
9.6
12.9
8.9
12.1
16.9
22.2
12.9
24.2
20.1
18.5
14.9
14.1
30.8
11.9
24.6
27.9
29.2
17.4
9.1
11.2
17.1
8.4
24
26.5
18.6
23.4
16.7
26
13.5
26.5
11.4
21.9
14.4
31.6
12.1
19.1
17.4
15.4
20.1
14.6
16.7
18.8
10.5
9.7
14.3
11.1
14.1
15.3
14.8
23.2
9.6
22.7
26
14.2
17
18.9
17.7
8.4
11.9
24.5
11.7
11.2
9.2
21.8
11.9
16.3
20.6
23.2
16.8
15.9
37
32.9
18.9
16.8
14.1
15.8
12
17.7
17.8
18.5
11.5
55.7
16.6
15.6
11.6
12.8
19.9
14.9
10.4
15.9
12.2
8.2
14.7
12.7
21.1
9.8
21.4
30.7
9.6
14.7
13.9
17.7
11.8
21.2
13.5
13.7
13.3
26.2
24.9
17.3
14.2
10
10.3
13.2
23.3
21.9
15.7
18.4
18.4
18.1
10.4
26.8
27.7
13.1
13.1
17.6
19
10.7
13.6
23.6
18.1
17.8
10.6
11.9
9.5
10.3
18.5
13
14.1
19.1
21.9
24.6
10.7
9.8
11
11.8
16.5
20.3
12.8
10.6
9.9
12.8
35.4
12
9.4
11.6
14.7
13.1
11.1
21.2
15.8
21.5
13.4
15
24.1
8.6
16.8
18.1
15
15.1
27.7
15.2
22.4
17.4
25
13.5
20.6
14.7
10.9
13.8
23.6
27.8
8.7
15.6
21
16.5
16.9
12.6
19.4
19.3
11.5
13.8
15.4
13.6
22.8
13.6
15.2
10
22.6
9.8
11.6
21.5
19.6
34.8
16.4
17.9
28.3
22.9
23.7
8.3
11.2
20
11
18.2
10.5
9.8
15
20.2
14
16.5
10.9
17.2
26.6
19.6
13.6
19.9
10.4
27.7
14.8
15.7
20.1
10.3
9.2
12.1
8.3
11.3
30.2
25.4
19.5
19.5
11.4
10.5
16.3
11.2
11.4
13.1
23.7
20.6
14.8
12.6
8.4
13.4
11.7
15
21.5
21.3
9.8
9.3
7.9
18.5
19.4
10.8
14.1
9.2
8
17.8
12.1
11.8
23.1
16.2
9.9
26
23.5
14.3
7.1
8.9
18.7
19.5
10.9
14.1
19.9
11.8
11.8
14
11.2
16.2
20.8
13
22.3
14.7
19.7
14.1
8.5
16.4
28.4
13.3
15.8
18.3
9.9
7.8
12.7
13
12.3
8.3
9
22.3
24.9
10.1
21.1
19.1
8.7
17.3
8
23
9.6
16.4
28
10.7
13.6
17.2
21.6
36.5
26.1
24.9
18.2
19.6
10.4
21.6
9.6
9.9
8.2
11.3
9.6
13.7
8.1
8
8.7
15
11.3
10.2
15
17.2
9.6
20
20.1
17
8.2
12.9
16.7
12.7
7.2
20
20.3
24.8
10.7
12.3
9.5
13.7
10.7
11.1
13.2
9.6
8.3
16.3
10.4
12.4
13.7
13.9
8
14.2
23.3
12.8
13.6
20.8
12.9
7.1
22
14.9
10.7
14.7
7.8
10.7
12.2
7.9
8.3
16.6
17
12.3
7.8
23.8
8.3
15.2
7.2
9.6
11.1
8.5
8.2
22.2
10.2
16.2
8.6
27.5
11
7.9
8.2
8.1
35
16
16.5
8.7
12.9
18
22.7
15.5
12.3
8.5
26.8
22.1
12.1
14.2
15.4
8.3
17
12.3
11.3
11.9
13.5
7.9
13
8.3
7.3
14
13.7
8.6
10.5
9.8
12.6
10.6
44.2
11
10.2
10.4
26.1
11.7
13.7
8.4
16.7
7.1
20.4
14.3
19.3
21.9
23.1
12.7
11.9
9
7.5
15.7
14.7
19
14.4
13.3
19.8
13.8
20.2
8.6
14
7.2
14.7
12.7
12.2
20.9
8
14.8
11.8
21.5
15
14
12.3
19.6
18.2
20.3
16.6
18.8
13.4
15.5
29.6
10.3
8.5
15.6
10.7
15.5
7.1
23.7
7.5
14.1
12.1
12
15.1
41.5
7.6
14.3
7.2
13.4
11.7
15.1
9.3
11.6
23.1
12.6
9.5
12.5
19.6
23.6
9.2
13
12.6
11.6
20.1
19.2
36.1
10.2
10.8
9.6
7.3
12.2
11.7
15.6
21.5
11.2
7.4
12.5
15.5
11.9
7.8
29.2
7.7
10.7
10.9
19.9
11.1
12.3
17.3
25.6
7.7
13.1
24.1
12.1
10.4
9.9
19.1
15.2
24.2
14
8
18.6
10.1
7.1
20.5
11.6
12.7
22.5
11.2
16
8
13.6
10.1
9
11.9
8.5
10.1
9
12.1
12.6
13.9
21
8.5
11.1
17.3
8.6
14.2
29.7
8.9
11.1
7.9
15.7
14.3
12.4
25
9.4
14.3
18.2
8.2
19.6
22.2
12.9
11
21.4
14.8
22.2
7.3
21.6
18.8
11.3
27.2
19
11.6
12.1
15.7
7
8.9
7.5
13.6
14.6
7.2
13.5
9.3
18.8
12
16
15.9
15.5
24.1
14.3
12.2
9
9.8
18.8
11.7
10.5
12.4
9
14.3
11.9
12.5
21.9
19.7
13.7
14.6
66
21
17.3
8.6
9.9
8.2
16.9
18.1
12.7
14.6
16.4
29.7
7.8
19.5
13
10.8
7.9
7.6
27.4
10
20.1
22.5
17
14.8
16.5
9.8
12.3
11.4
12.9
7.2
18.9
14.9
19
11.6
8.2
17.9
11.8
14.5
11
12.9
12.1
14
25.5
14.3
7.2
10.8
16.2
8.8
16.9
9.7
27.5
28.4
16.4
8.8
11.1
8.8
10.8
10.5
10.7
18.9
14
12.7
14
17.1
16.1
14.1
11.4
12.3
15.7
15.4
13.7
15.1
13.6
8.4
12.5
7.9
19.9
12.8
14
9.5
13.8
18
10.2
7.4
10.9
15.9
16.2
21.3
9.4
12.9
19.3
21.2
8.8
11
21.6
11.8
9.1
12.3
12.1
8
17.2
11.6
9.1
22.3
22.2
18.6
10.1
19.9
14.7
7.5
14.9
10.4
24.4
19.4
17.6
12.8
10.7
18.8
13.6
7.2
27.7
21.1
12.2
12.8
17.2
18.4
22.9
16.3
24.7
19.3
8.6
22.2
23.5
14.4
9.4
20
7.8
7.3
21.6
8
14.7
11.7
13.9
10.2
11.7
11.3
8
12.1
7.4
8
12.3
7.6
10.4
14.9
8.9
8.7
15
12.3
8.2
13.8
9.3
15.9
18.6
8.4
7.2
11.2
12.7
8.4
10.1
10.2
14.8
8
12.1
19.8
15.5
11.9
18.7
16.3
15.7
13.4
15.5
15.9
12.6
13.5
9.3
7.3
16.5
10.4
9.8
21.1
19.2
11.7
8.1
18.4
15.4
9.3
8.5
7.6
9.6
8.8
10.3
8.2
28.4
9.1
18.4
21.6
19.2
16.2
11.8
11
15.3
23.8
8
10.5
11.2
15.9
14.6
10.7
17.7
17.5
11.6
8.1
15.8
11.5
7.3
8.7
18.3
18.7
9.1
27.4
9.9
12.8
25.2
11.5
13.6
13.5
15.2
7.4
10.9
9.2
8.9
21.6
7.9
16
17.3
7.6
12.6
7
24.4
9.1
13.9
9
20.3
8.4
11.8
9.6
16.1
24.5
9.2
11.9
10
17.9
19.3
8.3
13.2
12.1
12.1
18.4
10
9.5
16.2
12
8
21
13
10.8
16.1
24.6
8.2
8.1
13.2
9.8
10.6
10.7
10.2
8.4
11.1
21.4
17.8
10
15.9
8.5
8.1
8.8
10.8
7.8
10.4
10.3
19.2
13.7
7.6
8.6
8.3
7.9
9.9
11
19.6
11.4
8.7
13
14.3
17.8
13.8
19.6
10.9
19.1
13.7
8.7
18.2
12.5
12.1
8
14.3
12.8
9.1
10.1
8.3
25.5
21.3
8.7
7.3
18.3
17.1
19.9
14.6
10.1
22.3
7.5
12
15
10.1
7.9
8
14.6
7.8
10.2
29.5
8
11.5
8.2
31.3
15.2
11.1
15.4
13.3
9.3
7.2
8.2
26
20.2
15.4
11.1
7.3
11.8
16.8
11.6
17.8
21.9
7.6
14.6
18.3
16.8
21.8
12.3
9
13.4
14.1
10.9
23.4
17
15.6
9
7.7
7.6
14
11.7
18.1
11
8.1
8.4
7.3
8.4
7.3
24.8
11.2
9.3
15.8
8.1
25.1
16
16.2
28.6
15.9
11.7
10.1
8.7
15.4
13.4
8.2
9.4
15.1
13
15.5
9.4
8.1
12.4
22.1
13.8
13.9
9.3
21.4
14.9
7.3
7.6
11.7
20.2
16.1
17
16.9
18.6
12
12.9
27
10.1
16.5
20.9
10.1
9
8.3
12.3
12.5
7.7
7.5
14.9
21.4
10.3
9.7
23.4
12.6
14.4
10.6
18.8
19.7
17.4
16.8
19.6
14.2
10.5
11.2
12.4
8.7
22
8.3
11.8
8.8
14.8
19.5
13.2
27.7
14.9
14.7
14.8
15.1
10.2
27.8
10
11.4
10.8
9.4
10.4
11.4
18.1
19
8.7
17.5
17.2
8.1
10.7
21.7
8.7
21.7
12.9
18.5
11.5
13.1
8
10.4
13.1
19.3
14
9
14
11.6
28.4
18.4
26.2
10.1
14.4
14.7
12.1
20.2
14.1
16.4
16.1
26.6
20.7
12.6
22.3
19.1
10
9.4
15.2
9.2
20.7
16.7
17.5
10.3
8.9
10.7
18.1
25.5
10.3
7.4
14.3
18.1
7.7
11.4
14.8
8.8
11.9
14.7
19.6
21.6
7.9
9.9
8.1
13.7
9.9
9.1
12.9
8.1
14.3
10.7
8.5
14.2
29
13.3
13.6
19.4
11.7
32
11.1
13.3
14.9
9.2
8.4
7
18.8
10.3
9.8
8
9.3
7.6
9.4
10.3
14.2
9.5
8
14.2
22.1
8.6
7.5
9.5
10.9
19
13.8
22.1
14.2
12.6
23.8
11.1
13.7
17
20.3
9.6
7.4
10
20.1
12.7
7
8.6
7.5
12.1
7.7
13.7
15.4
23.2
16.2
14.7
12.2
17.8
14.7
11.6
10.6
17.8
14.1
13.6
7.8
15.8
8.1
9.2
19.1
15.4
23.5
14.8
17.9
24
9.5
12.5
13.2
14.4
7.8
19.2
10.4
24.1
16.3
7.6
17.5
9.7
10.1
8.7
9.6
8.6
24.1
11.1
12.4
15.3
11.6
12.4
18.6
19.5
22.6
7.5
10.8
7.8
10.8
13.6
17.4
13.2
7.3
17.1
7.8
16.2
8.4
15.2
8.7
17
29.7
15.3
12.5
12.7
17.1
11.7
7.4
14.3
14.3
18.6
13.3
20.6
7.8
10.4
23.6
7.9
13.6
11.9
7.8
11.4
22.7
7
16.8
14.8
13.7
24.8
13.2
24.7
7.7
8.2
9.2
15.6
10.7
12.2
11.2
24.5
12.4
10.2
13.4
14.2
9.4
19.3
24.6
17.7
13.9
12.6
28.3
12.7
16.7
27.7
13.8
12.5
17.8
17
14.6
21.7
25.8
25.6
11.9
15.2
7.3
16.2
11.5
12.8
21.7
21.6
11.9
17.7
20.2
9.5
12.2
14.1
14.4
10.3
10.5
24
16.8
15.2
12.9
28.2
8.2
8.6
9.2
21
10.3
8.4
10.8
16.4
11.7
14
8.6
19.8
13.8
16.2
8.9
17.6
10.6
9
15.6
10.8
7.5
14.7
18.9
10.1
20.9
10.2
9.3
10.4
11
13.9
26.5
29.3
15.5
10.4
12.8
13.1
30.9
8.4
17.2
11.3
9.1
17.7
9.4
11.5
33.9
16.9
26
25.5
21
13
11.7
16.3
14.5
20.7
12.2
14.7
10
32.8
12.5
12.6
15.5
16.4
16.8
10.1
10
19.6
7.9
14.4
9.3
13.7
15.9
18.8
24.9
23.1
9.7
14.8
11.9
13.7
14.6
13.9
19.3
11
10.8
8.3
10.2
8.4
10.8
27.4
34.1
7.6
11.4
8.3
17
13.4
9.8
9.3
10.6
12.7
13.8
12.7
9
14.7
8.1
14.5
14.1
16.2
22.3
23
7.7
25.2
15.7
10.4
7.8
18.3
17.2
20.5
11.1
13.2
7.5
34.2
10
23.2
10.8
13
9.9
14.3
19.9
8
12.8
16.9
17.1
16.3
14.9
13.4
9.4
12.8
7.1
20.7
12.9
11.9
14
17.2
10.3
13.3
11.1
10.2
11
25.6
13.7
9.1
15.3
13
14.9
8.9
15.2
15.2
11.9
11.1
13.9
13.6
10.9
23.5
8.6
19.6
14.8
17.5
25
10.4
19.5
14.6
8.1
43
22.2
13.8
7.7
10.7
9.6
15.8
12.4
19.9
13.8
14.7
11.9
10.5
12.7
12.9
8.5
13.4
16.6
10
9.4
13
11.2
12.2
26.7
11.7
7.1
14
11.6
13.9
14.1
14.6
10.8
10.3
10.6
24.4
12.5
13.5
13.8
10.9
7.1
8
19.8
8.4
9.8
8.5
10
22.9
14.3
7.5
12.2
14.2
19.2
9.1
14
18.4
17.5
12.7
14.9
15.6
10.4
19.6
16.9
10.5
10.5
7.9
10.5
16
13
10.5
12
10.4
9.4
13
12.6
8
9.7
9.5
14.5
20.4
9.4
14.9
13.4
14.1
10.4
10.5
22
12
9.5
9.9
9
17.4
9.2
8.9
17.7
9.1
8.5
7.9
19.6
7
9.7
19.6
9.1
10.7
13.9
11.4
11
15.8
10.3
21.5
15.8
17.8
9.5
13.3
25.9
14
8.4
21.3
23.1
13.3
9.8
20.4
8.6
14.1
13.9
16
9
10.3
12.4
22.6
20.5
10.3
15.4
10.5
19.2
12.7
8.1
8.2
30.8
14.2
9.9
18.2
14
12
25.5
9.5
11.5
23
15.6
9.3
8.8
17.6
32.7
15.4
22.6
28.2
14
15.8
7.9
7.7
12.4
14
9.9
14.1
11.3
9.7
7.4
31.1
15.9
14.1
12.8
9.7
9.3
31.7
14.4
28.3
14.9
23.9
22.5
12.5
16.5
12.5
12.9
9.8
9
7.9
8.4
11.6
8.4
10.2
18.6
16.7
21.9
24.8
9.7
29.1
8.7
18.7
18.2
13.4
12.6
21.4
14.2
10.5
10.1
12.3
21.2
8.6
18.4
10.2
12.8
7.2
9.6
12.5
9.1
11.8
9
12.7
11.5
8.4
7.7
11.9
16.8
9.1
10.7
9.1
7.4
16.7
11.1
9.6
16.8
9.7
7.4
22.8
18.1
8.1
26.3
17.4
8.5
12.1
14.3
9.1
13.5
20.2
14.2
11.8
10.5
10.7
8.6
18.1
14.1
12
13.3
14.7
9.4
13.5
15.7
8.5
29
18.2
9.9
20.9
14.7
19.3
7.7
9.4
12.5
18
14.7
23.5
13.6
12.2
10.1
15.6
12.7
9.1
10.8
10.5
23.2
13.2
14.8
7.2
12.8
13.7
11.1
9.9
23.1
10
17.4
13.6
12.2
9
11.4
22.3
13.8
13.4
18.1
13.6
24.2
15.6
11.7
17.1
8.8
15.9
10.3
14.3
19.2
11.3
8.1
14
22
10
16.6
13.4
13.5
30.5
7.6
17.6
9.3
12.2
12.4
17.2
9.1
13.4
7.7
7.1
7.5
10.7
10.9
9.1
24.4
19
18.8
19.8
15
21.8
11.3
15.3
17.7
10
9
12.7
24.2
7.9
11.4
14.9
9.3
9.2
15.2
27.1
10.1
13.5
13.6
8.2
31.6
13.4
7.3
15
9.1
9.6
14.3
9.4
12
15.9
8.2
7.1
17.8
17.9
12.9
15.4
8.6
20.3
12.5
9.9
7.9
9.7
10.7
9.2
20.9
10.8
8.3
10.5
10.2
17
9.4
11.1
13.6
8.4
20.8
13.4
9.7
17.5
7.4
7.9
32.6
7.5
18.3
10.6
13.9
20.3
13.9
11.4
9.9
26.6
16.5
8
12.7
7.9
18.2
20.4
10.5
12
23.6
9.8
23.1
10.1
9.6
9
11.4
7
9.8
31.4
19.7
17.2
17.8
7.1
9.7
9.3
14.2
13.2
8.7
9.3
7.8
11.6
15.1
20
19.8
35.2
13
11.5
14.6
15.9
9.3
21.4
16.8
14
11.8
8.1
10.2
9.2
14.1
12
17.6
18.5
18.3
15.1
13.4
11.3
25.1
19
10.5
18.8
9.9
17.5
9.1
16.5
9.5
14.6
16.6
14.5
10.7
8.4
11.2
15
21
28.9
19.4
21.9
10.4
17.2
8.7
12.3
10.1
26
10.1
8.3
9.5
16.8
18.6
8.9
11
25.7
9.7
9.4
12.6
19.3
22.8
7.8
18.3
12.3
13.2
12
12.3
11
8.6
9.1
8.1
16.2
11.8
18.6
10.6
8.5
8.5
10.4
11.6
8.3
14.6
25.9
25
14.5
15.3
14.3
13.9
10.3
10.2
12.4
17
9.6
17.3
17
8.7
15.4
13.7
18.5
14.9
10.5
7.4
19.3
15.3
8.7
8.3
11.4
12.3
10.1
23.8
10.7
11.2
9.3
11.6
7.9
9.1
13.7
9.5
17.3
21.3
14
13.1
18.4
17.7
15
13.1
10.7
11.7
7.6
9.1
16.8
11.8
11.5
19.1
12.1
16.4
7.4
14.7
17
32.9
15
10.1
16.6
29.2
15.2
12.7
11.2
11.8
15.2
10.3
10.8
7.4
11.9
23.5
9.7
12.8
23
18.9
15.9
14.8
7
14.3
7.8
9.4
11.5
14.5
15.6
9.6
12.2
20.6
13.7
14.4
14
21.9
18.6
10
23.3
18.3
23.5
8.3
13.3
8.7
10.2
13.6
12.5
8.6
15.2
10.9
18.9
12.4
7.9
12.8
14.6
14.8
9.6
7.2
16.8
8.9
14.8
10.1
9.9
11.9
13.3
16.9
10.4
22.3
8.1
9
8.7
11.3
10.1
13.1
20.1
12
24
11.3
21.2
7.7
15.2
9.2
7.8
24.9
7.9
12.1
21
10
8.3
10
7.6
17.4
10.2
9.1
20.8
12
11.7
8.7
15.5
8.5
8.3
12.7
8
10
14.7
12.7
12.8
11.2
13.2
9.5
10.8
17
14.5
14.7
8.2
8.4
8
15.3
9.5
27.5
11.9
13.8
14.2
14.4
7.4
21.7
11.3
19.2
7.1
23.5
13.4
17.6
8.3
13.2
8.2
16.9
11.9
14.9
8.6
12.1
15.6
12.8
14.8
9.3
18.9
10.2
12.3
17
10.6
8.6
12.3
12.7
8
15.2
9.5
19.1
36.1
11
15.1
19.7
7
11.2
10.7
14.9
10.5
16.9
11
8.2
17.3
13.7
15.5
13.4
10.6
8.4
15.9
8.4
8
17.8
17.4
12.8
11.9
12.4
16
13.5
15.5
8.4
10.7
10.2
16.9
10.3
14.5
14.8
14
9.5
12.3
17.6
14.3
13.3
12
8.1
19.4
15.8
10
15.8
22.4
9.1
11.2
18.5
15.3
18.8
21.7
14.4
9.6
11
11.9
9.6
9.6
9.4
26.7
23.7
8.8
9
16.3
8.1
11.5
19.1
10.7
14.1
9.6
12.9
14.9
12
8.4
17.9
17.2
9.6
11.8
15.1
12.3
12
21.2
10.7
18.4
8.7
8.6
10.6
14.4
15.7
7.3
19.5
10
12.6
14.3
15.3
11.6
11.6
10
10.5
8.6
13.7
17.5
29.4
13
9.3
25.9
18.9
7.9
16
7.1
14.3
12.6
13
7.9
19.3
15.1
24.8
14.5
11.1
7.6
11.9
9.7
17.2
8.3
14.6
13.7
17
20.2
12.2
13.9
20.3
14.8
12.8
9.9
26
24.6
10.4
10.9
17.9
16.8
8.3
13.8
9.9
18.7
22.7
19.6
12.6
9.2
11
8
11.6
8.7
25.6
14.3
12.4
23.4
15.8
10.2
9.9
9.7
13.3
15.4
14.3
20.3
25.3
8.9
11.6
10.8
13.5
19.8
18.3
10.5
8.8
7.1
7.4
18
8.6
7.7
14.6
8.6
10.8
18.4
17
15.5
12.1
11.3
10.1
7.5
16.2
12.2
12.9
17.6
11.2
10.2
10.8
9.3
16
8.6
7.1
7.8
10.4
10.4
14.9
8.8
10.7
8
11.7
8.8
8.6
13.1
19.5
9.8
16.9
20.4
21
11.6
18.9
21.1
18.4
18.1
18.8
29.3
26.2
13.5
24.5
16.5
18.9
8.9
12.6
23.7
24.4
14
18.1
7.9
13.7
17.7
16.4
13
8
10.1
11.8
11.5
24.6
29.5
13.8
15.9
10.6
10.4
12.2
15.1
13.5
8.3
9.6
17.8
8.6
16.5
24.2
10.4
8.7
18
11.7
10.3
11.5
10.9
16.4
8.4
7.2
11.6
22.1
13
22.1
15.3
21
11.6
25.8
8.3
15.1
15.8
7.9
7.5
12.9
8.9
14.1
9.5
8.8
15.1
9.5
8.7
10.9
11.8
14.4
13.3
12
9.1
7.8
8.1
25.4
11.1
41.1
15.3
7.8
10.4
11.6
12.8
19.9
13.8
17
9.7
20.7
11.2
10.3
10.1
8.6
7.9
10
11.2
10.4
11.8
22.4
14.1
17.9
15.3
8.1
12.1
7.4
11.2
19.4
18.9
20.7
12.3
8.1
11.3
11
11.5
43.3
24.3
9.7
10.1
25.3
17.2
10.7
14.6
18.4
19.9
13.8
25
7
13
9.5
15.6
14.4
16.3
11.1
7.3
13.6
16.4
9.8
11.2
8.9
11.7
9.7
12.8
17.3
26.8
13.8
16.9
11.8
11.1
14.5
14.1
25.1
11
6.5
13.7
15.4
9.1
8.6
6.6
6.8
8
6.9
11.5
12.2
7
6.2
11.6
7.3
10.2
10.2
11.1
16.1
7.8
7.4
7.5
30.3
12.1
6.3
9.5
17.6
7.5
15.8
6.4
6.4
7.6
6.6
13.9
6.3
8.1
7.2
6.3
8
7.2
9.7
6.4
8.8
9.8
10.8
7.4
8.3
9.8
9.1
12.5
6.7
6
14.1
7.3
19.4
9.9
10.4
6.8
10.2
6.1
12.9
7
7.5
15.2
7.5
22.4
43
12.8
12
8.1
11.6
6.4
9.8
27.3
8.8
7.6
6
7.6
6.1
15.7
6
6.8
12.2
11.3
6
7.9
13.4
9.9
16.9
19.3
15.4
26.3
9.3
8.3
14
6.5
16.4
9.3
13.6
29
7.3
10.2
7.4
29.5
7.3
6.8
10.2
13.5
6.6
7.2
11.1
10
6.8
6.4
6.6
6.5
7.5
7
19.1
10.8
12.5
7.3
17.3
11.5
9.7
6.6
9.7
16.9
10.9
5.6
7.1
6.1
22.1
12.8
5.5
13.8
5.9
5.1
6.1
5.2
12.4
8.3
5.5
8.5
5.1
7.7
5.1
5
13.7
8.3
5.4
12.9
7.9
10.2
6.2
13.1
5.9
5.7
5.7
7.3
5
5
7
11
5.9
12.5
5.8
5
9.7
5.3
21.5
17
6.6
5.1
6.8
13.3
5.3
5.1
5.8
5
20.5
13.8
7.9
5
10.6
6.4
5.3
5.2
21.8
7.8
7.7
6.3
5.2
5.1
7.4
6.4
14.3
11.8
5.8
25
12.3
5
6.8
5
5.9
7.8
5
6.2
5.6
6.9
10
9
5.4
5
6.1
8.5
5.3
5.9
12.2
6.1
16.3
11
10.2
13
8.3
5
9.2
5
5
8.4
12.1
5.5
5.2
15.6
5.2
6
12.6
5.2
5.1
5
5
7.9
13.7
5
8.8
7.1
5.3
13.7
5.4
10
6.1
5.2
5.1
14.9
6.2
8.5
13.5
10.1
6.5
5.4
5.6
9.8
5.6
5.1
5.3
5.5
8.6
7.1
6.3
10.4
6.2
7.6
5.3
8.7
5.1
8.7
18.7
5.6
5
19.5
15.1
9.6
7.1
7.4
5.4
5.5
7.3
5.3
6.5
5
7.4
9
8
5.2
5
5.4
6.1
14
8.8
5
5.4
17.3
13.4
6.8
6.6
11.6
5.9
8.7
5.4
6.6
5.4
5.6
5
5
8.3
11.1
12.3
6.1
6.5
5.1
5
9.8
16.7
8.5
5
12.3
6.1
11.1
17.7
8.7
5
5.4
5.7
5
5.6
19.1
9.3
5
5.2
6.3
6.5
10
8
14.8
5
7.1
14
5
5
5.6
5
6.9
5.2
5.1
5.1
5
5.1
6.4
21.8
5.6
13.5
5.2
5.8
5.2
6.1
12.7
5
5.2
6.9
6.1
5
9
5.5
7.3
5
5.1
5.2
5.6
6.2
16.8
5
5
5.9
5.8
5.7
6
5
5.1
5
5.1
5.7
5.1
5
5.1
27.2
6.4
7.4
6.9
11.7
15.1
5
5.8
5.1
10
5
11.8
9.2
6.4
9
5.7
5.1
7.9
6
8.4
11.1
7.5
5
8.2
15.2
5
6.4
6
12.8
17
19.5
10.9
11.1
12.7
15.5
6.8
5
6.3
6.1
5
11.4
8.1
5.4
5
7.3
12.6
8.9
5
5.8
13.5
19.6
5.3
12.1
23.8
9.5
5
6.2
11
6.3
5
12.3
24.8
5.1
14.3
14.5
5.1
10.8
7.5
5
11.3
13.9
15.3
6.6
7.3
5.1
6.8
11.9
5
5
7
5.5
5.1
11.8
8.1
7.8
5.1
6.7
6.7
7.5
6.2
13.9
8.4
6.7
6.4
5.6
5
5.4
5
6.9
5.2
7.9
6.9
13.2
8.4
5
5.5
6.8
23.8
5.8
6.3
5.3
12.4
5.1
14.3
8
14.6
9.9
7.4
14.2
5
7.9
8.4
6
5.9
5.9
15.3
9.3
5
5.3
13.5
8.7
6.1
7.1
6.2
19.1
8.3
5.7
5.8
5.4
5
12.2
9.1
8.5
5.3
5.8
5.6
6.9
12.1
7.6
8.6
9.8
5
5
14.9
7.3
10.5
5.2
5.7
5.9
9.5
12.8
7.9
5.1
7.1
6.1
13.8
11.9
5.2
10.3
13.6
8.2
6
5
5
5.7
5.8
5.8
6.9
8.3
5
5.2
11.1
7.2
5
7
6
6.2
7.9
6
5.2
5
5
5
11
5.5
6.1
15
14.8
7
5.4
5.6
5.4
5.8
8.4
7.2
21.3
5
7.3
19.7
7.3
7.1
8.6
14.3
8.2
8.6
5.7
7
6.3
5.2
5.3
6.5
10.9
5
5.3
8.2
5.9
9.8
15
5.6
6.9
5.3
5.1
6.7
5.5
8.1
9.3
6.2
11.9
9.5
7.3
5.1
5.1
8.8
5
5.5
12.2
8.3
6.3
5.2
8.9
13
10.2
16.1
16.5
6.4
11.5
5.3
5.5
5.6
6
5.3
5
5
5.4
6.7
6
5.1
5.3
7
6.5
5
5
5.5
5.2
5
5.2
13.8
5.3
5.5
5.5
5.2
13.2
14.2
23
13.2
5
5.8
17
5.1
9
5.9
9
11.4
16.4
5.1
9.6
5.1
6.1
6.4
6.9
7.1
11.5
7.3
5
5.1
16.5
5
9
5.6
5.4
8.1
5.5
5
5.2
5.3
5.9
11.1
5
5.2
5.7
5.5
5.6
5
10.6
5
16.5
5.4
5.8
5
16.5
5
7.7
14.9
11.5
5
11
6.7
25.4
5
5
5.8
6.3
5.4
5.1
17.8
5.4
5
8.4
12.9
10.1
5.1
11.3
5.1
5.2
5.4
5.5
5
12.9
6.2
6.9
5
5.5
5.9
16
9.5
9.3
11.7
7.6
10.6
5
5.1
9.6
7.6
6.1
5.1
5.1
5.2
6.1
21.6
5.1
11.8
5.4
7
5
5.2
5.5
5
5.1
5.4
9.3
5.4
5.1
6.7
7.6
8.2
8
6.1
6.3
13
5.5
6.2
6.4
5.1
11.8
5
13.6
5.5
12.9
7.2
13.7
7.4
5.6
18.6
10
11.8
5.1
5.5
30.2
6.6
5.3
6
10
9.7
5.6
5
10.8
12.3
7.1
5
5.3
6.6
18.7
7.5
8.5
17.4
5.3
5.6
5.6
9.6
5.1
7.2
12.8
5.2
5.4
9.5
5.1
8.5
5.3
5.2
5.6
7
6.8
5.6
11
8.4
9.5
15.1
11.5
5.9
5.6
5
5.6
6.9
5
5.6
19.7
5
10.2
12.9
5.2
5.1
5.3
10.2
5.5
15.7
7.1
7.3
10.7
5.1
9.1
12.9
12.1
10.9
5.4
6.7
5.5
7.2
5.2
5
10.6
5.5
11.7
5
5.2
5.5
11.3
11.7
7
5.5
5
6.8
5.3
17.6
5.6
6.6
5
5.5
5
6.1
9.4
5.2
11.2
5.2
9.9
9.6
18.4
5
5.1
5.2
12.8
5
5.1
7.4
5
8.5
6.5
5.5
5
8.2
10.4
6.5
5.5
7.3
10.5
6
5
5.7
16
5.1
7.5
5.9
5
9.4
5
21.8
5
5.3
7.5
5.1
8.8
8.4
5.4
7.3
5
6
5.3
5
5
8
5
5
5
5
7.2
5.1
5.1
5
13.6
5
6.7
9.1
5.7
5
5
5.4
5
6.7
7.1
5.1
6.5
5.1
11.1
5
12.1
5.9
5.1
12.8
5.7
5.1
6.5
6.6
5
5
5
5.2
7.3
6.9
10.5
14.9
12.9
5
5.6
5
5
6.7
12.5
7.8
5
7.3
5.2
5.9
20
5.7
6.8
20.2
5.1
5.6
11.3
5
5
6
8.3
8.9
5.9
8.2
5.7
6
5.7
6
11.8
17.7
8.2
5
5.7
6
5.2
12.2
5
5.2
5.1
6.9
15.8
5.9
5.9
5.1
8
5.3
9.9
5.4
5
9.6
7.2
18.9
13.5
20.6
13.7
5.2
6.1
12.7
5
10.4
5.1
7.2
10
5.3
10.3
5.9
5.2
5.8
5.2
6.5
5.3
9.4
14.6
14.5
5
15.4
5
5
7
5.5
11.7
5.2
11
5.6
9.5
11.5
23.8
5
6.6
10.4
5.2
21.9
5.7
5.8
5.3
5.1
10.7
5
6
11.1
5.2
12.3
9.9
5.8
8.1
5.7
5.9
12.9
13
11.3
5
6.1
5.1
5.4
15
6.1
8.9
7.3
9.8
13.7
8.7
5
5.9
5.3
10.1
10.8
14.6
5.3
11.1
7.4
7
6.9
5
5.1
6
5
10.9
14.5
5
12.9
5
7.4
7.4
6.4
8.3
5
5.3
5.7
7.7
17.2
13.1
10.7
13.5
5.1
5.4
6.6
5.9
8.8
8.7
8.5
5.6
5.1
5.3
10.9
5.7
7.9
17.5
8.1
9.6
5.2
7.2
5.2
17.1
5.6
10.9
5
6.5
7.9
5
11.3
5
7.5
5.2
5.1
12.3
6.2
10.1
13.2
21.7
12.4
6.9
5.1
8.9
10.6
5.2
6.7
8.8
12.7
7.7
5
5.9
5.3
5
6.7
6.5
7
6.8
8.1
9.6
8.9
16.9
7.6
5.2
5.3
5
5.6
5
6.7
5.1
5.7
5.2
5.8
5
5
5.5
6.3
14.2
11.4
5.7
5.7
6.6
5
9
5.5
5.5
5.8
5.2
5.2
5.1
5.9
7.2
6
18.3
23.7
11
9.5
5
10.3
7.9
6.4
5.3
5
5.8
8.3
5
5
6.4
5
5
6.2
5.2
5.2
5.9
6.7
7.6
7.4
10.6
5
5
5.6
12.1
9.5
6.1
7.7
5
8.4
7.3
5.4
11
5
9.6
8.4
9.7
9.5
8.2
5.9
5
6.6
6.4
16.2
5
9.5
5.9
5.3
11.7
12.3
6.1
10.1
5
5.5
5.6
15.9
14
6.5
17.1
6.2
8.5
8.6
6
6.1
11.9
11.3
5
5.2
5.1
14.7
5.3
13.6
9.1
8.5
9.4
5.2
9.5
15.1
5.7
5.1
8.8
6.6
5.9
5.2
5
7
13
5.4
6.4
13.3
5.3
19.5
8
5
5.1
12.5
5.1
5.1
5.8
10.9
5.3
11.3
15
29.2
5.1
5.7
5.9
5.9
7.4
5
18.1
5.1
5
21.8
6.5
7.5
5.9
5.2
12.1
7.9
8.2
5.3
21.1
5.1
5
5
21.6
5
5
6.4
15.4
16.8
7.6
7.7
7.6
6.5
5.2
5.6
5
5.4
8.8
5.2
7
7
9.3
18
5.3
13.2
7.9
12.5
5.2
5.1
7.4
5
9.8
5.4
5.3
5.4
6
7.9
5
5
5.7
7.3
6.8
6.4
5.3
7
11.5
8
13.4
5.1
5.9
21.4
7.8
6.3
5.7
5.7
5.2
10.6
13
5.7
5.5
10
14.8
11.5
7.9
12.6
9.2
22.7
21.6
5.1
11.2
31.4
10.4
11
5.2
10.7
7.7
13.1
5.5
23.2
5
5.1
7.9
5.4
6.3
6.2
5.3
6
11.6
12.6
6.3
20.8
5.8
12.2
5
5.5
5.7
8.6
6.3
8.3
7.3
13.7
5.8
5.7
11.4
12.3
11.6
5.6
12.7
5.4
6.1
5.6
5.4
7
5
6.5
5.2
7.8
5
5.2
5.1
5.5
21.2
9.9
5.3
5.2
5
6.6
5
10.8
5.4
5.4
6.1
11.6
5
5
5.1
9.8
7.7
5
7.1
11.8
16.1
9.3
5.1
5.9
7.3
19.1
5
5.2
7.5
10.5
9.4
10.6
5
8.1
5.5
20.7
5.1
20.9
10.4
8.7
10
9.2
6.8
8
11.4
16.6
17.7
6.8
9.9
9.3
5.1
5.5
5.7
12.2
6.4
7.7
9.6
5
5.5
5.8
8.1
6.5
16.7
6.3
5.4
5
9.6
14.6
5
5.2
11.7
8.8
5
8.5
8.5
5
6.2
5
5.3
8.8
14.2
22.3
11.1
5.2
5.1
8.6
6.1
13.3
7.5
5.5
14.8
10.1
5
5.8
5
11.8
16.4
5
5.3
5.1
9.9
5
7.3
5
5.6
5
10.8
5.2
5
5.1
8.3
5.4
5
5
5
6.9
5.1
13.4
7.5
6.4
5.3
5.3
5
5
11.5
5.1
5.4
6.6
6.3
11.1
9.2
7.4
5.2
5.1
5.2
5.1
5.6
6.3
5
6.3
9.9
6.2
5
9.5
5.2
6
5.6
5.1
10.1
16.5
14.9
5
5.2
5.6
6.4
9.3
14.1
5
11.1
23.1
5.2
5
10
8.8
6.1
6.4
8.4
5.1
5.2
5.2
7.5
5.7
6.8
6.4
5.6
5.2
11.8
5.1
5
8.4
10.9
5.1
6.2
6.5
5.1
5.1
5.8
14.7
13
5.1
5
6.2
5.7
5.1
23.2
5.2
5.5
15.2
5.1
15.9
9.5
12.8
5
5.4
6.8
5.6
5.5
8.7
5.2
5.1
5.3
9.4
5.2
10.2
9.8
8
8.3
5.9
5
5.3
5.2
6.6
16.7
6.7
5.3
5.5
22.5
13.3
6.4
9.9
5
7.3
9.4
15.8
5
5.2
9
8
7.3
13.4
8.7
5
12.5
6.9
12
7.1
11.8
6.2
5.2
8.4
5
11.6
13.3
9.8
5.7
5
5.2
5
6.2
5.9
5
10.3
10.1
9.4
21.9
6.3
5
14.8
8.2
12.8
5.3
5
5.6
5
9.5
5.3
5.4
5
7.5
6.9
8.1
15.7
6.4
12
14.7
6.7
5.6
9.2
15
7.4
18.9
5.1
5.6
7.9
16.1
6.5
15.8
16.9
5
5.3
5
11.5
9.3
13.3
5
14.8
15.5
5.4
7.5
12.1
17.3
5.3
7.1
5.3
5.8
17.7
6.8
9.5
5.1
5
15.9
9.7
5.4
10.9
5
15.5
5.1
14.9
5.3
5
9.2
12.2
20.3
5.2
5
6.5
5
16.6
5.1
5.8
5.9
13
7.9
27.8
5
7.1
7
8.6
34.5
5.2
8.3
15.6
28
10.7
5.3
23.2
5.1
5
18.4
5.2
7.3
6.2
5
5.5
5.4
5.6
7.4
18.5
5.7
5
6
6.1
8.3
10.1
19.8
11.4
6.7
5
5.6
13.3
9.4
8.8
11.3
5
7
5
9.5
8.8
18
5.2
8.9
5.9
5
5
8.6
5.3
5.2
5.4
6.8
5
17.6
8.3
5.3
6.7
24.9
8.8
13.9
5.3
5
5.2
6.2
5.8
7.7
10.8
5
8.5
5
5.4
10.8
7.1
6.5
5
8.3
12.6
5.6
17
11.6
5.1
5
5
6.8
5.5
7.4
5.7
5
7.9
5.5
8.6
7.6
5
5.9
5.9
12.1
5
5.9
6.9
11
13.6
5
6.6
9.1
5.9
5.8
12.9
5.8
5.5
5.2
6.4
5
5
18.7
5.7
5
10.9
19.2
10.3
6.5
5.4
5.8
9.6
9.6
7.1
8.1
8.6
5
5
5
10.6
9.1
5.5
13.8
8.4
5
7.2
15
16.4
8.1
5.2
7.7
26.4
5
11.2
11.1
5.2
6.1
8.1
5
5.7
5.6
5
5
5.5
9.1
7.1
5.6
5
5.1
5
14.5
7.7
7.4
12.1
20.2
6.2
8.9
5.9
10.3
5.4
9.1
9.8
5.1
7.1
5
7.4
5
6.1
6.1
12.3
5.6
12.9
7.3
15.8
6.3
5
7.4
5
5.5
9.5
5.9
14.6
8.3
5.8
5
13.2
5.2
6.4
9.8
5.9
5
16
8.5
8.6
5.5
9.5
17.1
19.5
12.2
7.4
9.9
5.3
7.8
7.4
5.2
13.6
12.9
7.1
5.1
8.5
5.4
6.3
5.5
7.9
5.5
13.9
5.8
9.9
5.7
8.5
5.1
7.4
5.6
9.5
5.8
5
6.3
5.5
6.9
6.6
23.2
17.3
5
12.1
5
7
5
10
10
13.8
9.6
17.3
5.6
5.7
6.4
7.9
6.4
6.2
6.8
5.3
16.5
5.5
5.9
15.4
10.6
5
5.7
13.7
5
5
10
5.8
7.1
5.6
6.9
5
5.8
11.1
5
7.8
12.9
5.3
5
5
9.3
8.4
10.5
13.7
13.8
5.1
9.8
9
15.8
10.4
7.9
5.1
8.7
7
15.9
5
11.6
5.5
5.6
6.5
5.5
5.4
6
12
9.1
5
5.6
11
5
6.9
6.3
7.8
6
6
5
7.2
5
6
16
5
5
