10876 34740
47.9619
40.7333
6.91429
35.2
10.181
22.2
39.9429
6.99048
40.5333
37.3524
52.981
11.4286
24.7143
20.419
60.8571
24.4286
4.85714
44.3905
11.781
58.4095
52.4667
23.2095
8.68571
39.9905
5.47619
37.9238
48.4857
11.4381
14.7429
10.9714
8.13333
10.5048
22.0571
23.2095
20.6
6.8
22.2952
23.4381
60.2952
32.2381
4.69524
37.019
78.4
39.2476
19.7524
19.5619
34.4
35.1333
10.7714
50.3619
12.7905
23.4476
36.0381
13.6571
19.4762
45.2667
4.55238
19.8476
23.9714
18.4095
44.8857
38.0381
65.8381
29.7905
7.08571
25.6
16.2095
8.13333
55.6571
7.99048
68.1714
20.7429
18.1048
37.4286
36.7333
21.0857
18.5143
27.419
22.7905
28.7429
21.1714
14.581
9.91429
39.4952
19.581
16.7143
57.5905
34.7143
16.8286
17.981
14.2286
22.3048
11.9905
33.7714
16.7048
18.6286
30.0476
43.5333
13.9619
34.7429
79.6571
38
21.0857
8.82857
23.2952
41.5714
41.0952
6.53333
5.72381
46.5619
28.5714
16.4667
35.0095
19.8571
13.981
42.581
18.6952
30.5714
40.181
23.8095
64.4381
18.3143
11.2667
12.6
7.98095
70.0381
47.3619
55.5714
59.9143
51.6476
15.6762
31.0762
21.0095
12.2667
47.9238
23.6952
29.1619
50.7714
37.5714
15.4857
36.6952
54.4857
28.019
38.6762
10.4952
52.4952
43.7238
51.781
37.7333
39.181
30.8762
49.3238
58.0286
29.9619
21.6667
38.3714
40.6095
22.3905
8.35238
28.5238
30.819
48.2286
42.3524
30.3429
48.8762
33.1714
21.2
17.2857
21.7905
18.8286
25.8095
24.819
18.8095
30.6571
9.8
7.77143
24.5619
31.981
64.5238
39.5429
41.5905
60.3048
11.1143
53.8381
32.8857
21.5524
23.8857
23.9619
38.0381
71.9048
45.181
31.3714
24.8
25.0667
53.8476
34.2286
7.98095
24.7619
12.819
51.4667
31.8857
15.2476
22.781
32.8667
18.7143
9.17143
25.0667
11.819
37.4286
60.019
15.7333
64.9905
17.819
35.1619
40.9238
14.1714
26.619
10.0286
22.8857
12.181
14.8952
10.0667
19.9524
55.0286
28.6381
8.45714
24.2095
7.51429
11.4
10.8571
37.7429
23.4762
18.419
17.2857
12.7714
13.2
25.8095
11.181
6.75238
15.7333
6.8381
19.7238
6.70476
26.9143
34.7429
62.6952
38.6571
54.5238
40.3048
33.5524
18.8762
28.7048
37.6381
8.10476
26.0381
31.2952
19.4667
17.9905
40.2762
28.9905
29
27.5143
45.3143
5.22857
20.5905
7.4
52.8667
44.9238
52.0095
35.9905
46.4762
60.6857
80.6762
28.0952
16.3905
34.4381
36.019
10.4952
42.2476
44.7905
43.6
39.581
15.0857
13.9524
49.9714
47.8762
22.6762
47.2095
36.7333
45.5333
38.0952
40.4476
38.5429
42.2952
25.3238
48.0095
32.8
45.4667
37.5238
12.3143
18.1905
33.0286
32.3619
48.1714
40.9524
19.9714
26.4667
18.819
14.6095
39.5048
61.0476
64.9714
33.9714
52.2857
39.219
14.2952
11.6857
21.5429
40.3048
42.8857
10.0952
7.72381
22.0952
33.8762
23.8857
14.0286
36.3048
37.1429
43.6571
23.0571
4.26667
56.5429
9.72381
9.81905
17.5429
15.0381
12
5.7619
39.4
23.6381
27.6
12.3238
9.73333
26.4
8.64762
21.981
75.6952
8.3619
22.9238
23.9619
28.2952
30.5714
45.3048
10.2857
24.0095
22.8476
31.2667
13.3238
30.1524
9.75238
4.54286
48.619
8.46667
27.6381
22.7905
33.5619
26.2667
30.7143
18.2286
24.6
22.419
16.0476
12.381
17.9714
8.7619
5.82857
9.6381
17.6
29.6762
42.5333
17.5333
11.8571
66.0476
45.9429
12.4857
80.6
46.6286
57.6952
42.1905
39.7333
21.2095
60
53.6762
31.3905
48
40.7238
34.5238
40.7143
20.0476
27.6571
7.32381
29.5619
13.7714
50.3619
12.4571
18.6286
41.3619
58.4
35.781
46.1238
6.99048
19.8476
30.9714
23.3429
31.0667
31.0857
8.73333
32.6381
31.8857
13.7048
67.9619
21.8381
24
13.8952
36.7714
21.2952
38.1524
13.2095
5.62857
13.5714
15.5429
16.0571
31.419
6.24762
30.7714
29.0286
36.6667
16.3143
19.981
24.2667
32.5238
27.3048
28.3714
18.3143
32.4381
47.6571
33.5429
14.2857
15.2667
22.2095
40.9048
26.1143
51.5714
19.8952
32.6857
34.9238
36.9619
22.5333
54.7905
16.5333
31.2095
24.1238
38.7714
23.6762
21.5714
12.9048
18.3238
9.64762
5.34286
30.9714
31.8952
23.4286
4.44762
35.5429
23.5238
30.4286
43.0952
39.6381
34.5905
32.4381
22.4857
35.6571
35.2667
5.28571
47.3714
25.4762
37.0762
29.9619
39.019
38.4286
73.3524
25.4
31.1048
44.6952
35.4857
32.8476
13.2476
20.9619
42.7048
10.9048
44.4857
54.8
38.5905
6.19048
29.9714
25.4952
56.5905
34.9333
46.0571
55.1619
24.7048
15.5238
19.9429
13.6476
39.2762
10.9333
65.7238
20.181
9.2381
21.6857
6.51429
38.9048
41.2
30.5143
8.39048
62.1238
27.6762
16.1333
57.2476
32.0857
35.3905
6.73333
7.72381
8.34286
33.1714
16.1143
32.6952
64.619
37.5714
5.17143
31.9905
20.2762
42.981
47.981
36
41.0476
40
23.3048
19.1238
33.9238
28.7238
25.9905
18.3524
10.6667
28.1143
15.4
33.0952
18.8571
6.57143
20.8476
21.9048
46.1333
27.8095
8.33333
15.8
55.4476
50.1238
37.0571
46.4381
29.8095
57.2667
33.6952
24.2952
30.0095
34.8476
49.7238
34.2667
60.8095
11.4571
61.8857
32.2857
16.9714
29.6476
21.1048
5.88571
15.7619
27.2
82.0095
35.3429
21.4857
67.0571
5.41905
44.3524
26.0381
8.89524
46.6571
9.33333
21.9048
15.7429
30.1714
37.2286
11.2857
29.6762
22.8762
15.5048
10.8286
22.2667
36.4
35.1429
29.1048
44.2571
73.4095
5.6381
4.62857
9.61905
8.25714
49.8571
6.79048
42.0286
30.0476
16.5524
7.70476
32
25.0952
46.0667
79.6
11.4667
20.4286
32.5524
26.0762
19.9048
27.2762
10.2095
7.25714
5.54286
24.9714
17.8857
34.8286
23.7429
75.8
17.2762
14.5905
46.8286
23.1429
6.34286
9.53333
11.5714
5.94286
19.9333
31.9238
13.7524
15.9714
36.419
13.2857
67.981
25.4952
30.7619
45.7524
38.1048
41.619
10.619
16.3524
24.4762
41.981
51.0286
17.419
25.7048
58.7333
28.8095
41.6476
28.7238
38.981
6.60952
4.4
32.981
35.0286
23.3048
32.0762
21.6286
20
21.5238
38.8762
49.5333
20.819
33.6667
21.8762
38.4571
39.7048
37.4286
22.1048
20.8952
17.2667
49.5714
23.5619
24.9714
18.3619
48.181
9.87619
31.7619
17.1714
12.0476
42.8095
46.7524
25.2286
19.4952
15.0476
55.781
7.6381
33.2952
18.8571
16.4381
47.6476
18.781
29.581
17.6
12.3905
16.7905
43.181
35.4286
4.40952
50.1143
21.0381
47.0095
58.1619
25.4
21
30.2381
47.1905
47.5905
14.0857
23.2
56.5429
41.5524
42.6476
8.48571
7.26667
8.68571
38.2571
24.0571
62.2
4.33333
9.04762
34.2571
18.1429
6.09524
38.3048
28.4667
59.5143
33.581
31.5619
36.7333
46.7238
7.18095
21.9714
12.3619
10.9238
20.2
38.6095
12.5429
49.2
34.9143
15.6
19.0381
33.5048
20.4095
60.5429
10.3048
43.4476
25.8667
28.1048
49.6286
4.61905
17.4476
88.381
13.3048
37.4095
41.9905
32.5048
56.2762
19.3333
56.6095
44.0095
31.6476
30.0667
21.5619
14.6762
31.5143
9.08571
33.2667
22.581
10.2476
60.9333
36.9524
53.3619
41.3429
25.7524
71.4095
47.1714
49.2762
28.2762
9.78095
35.1333
47.4476
44.2
32.0857
23.1714
38.6857
10.6762
13.7048
49.4476
67.6571
21.3238
14.4952
24.6286
7.45714
40.3714
39.0952
12.2286
23.9619
42.2381
51.1429
37.3714
27.4762
93.4571
11.181
20.8952
30.0857
32.3143
17.5619
32.5238
40.0571
42.5333
21.381
34
20.4381
50.7905
27.7333
20.3429
18.6857
22
23.8571
21.6381
10.619
15.181
7.41905
30.1333
23.6667
24.5238
25.2667
39.4095
18.7714
43.781
17.8476
25.5524
28.4381
27.3714
7.29524
24.1714
11.781
4.68571
10.6667
34.2
18.981
20.419
7.25714
42.9905
34.0667
25.9143
14.2952
28.1238
33.0667
20.3429
50.2
14.6095
29.6095
9.48571
30.2381
14.7429
48.7429
13.8381
31.2857
9.75238
27.0571
13.6381
43.2571
20.2762
15.2952
18.1524
11.4095
8.78095
17.0667
4.4
22.3143
48.619
48.3143
45.0952
31.4286
7.48571
17.5619
12.5619
17.0095
38.0762
33.9048
11.0857
14.0476
23.4095
15.9143
16.1619
41.0952
24.8286
20.619
44.0857
13.5619
37.0762
25.9048
32.5048
22.7619
38.4857
38.4857
37.6286
11.3333
24.7714
47.5619
22.8286
23.6762
18.819
17.0476
18.981
5.14286
5.57143
49.2667
34.1619
11.5048
32.9524
62.6
37.581
8.80952
18.3238
31.9048
40.2
16.7905
26.4571
60.2667
55.3048
5.4
67.9429
54.4286
59.0667
52.9143
22.1048
11.1333
54.0571
28.0762
47.3143
21.3238
33.0952
9.59048
16.619
52.3143
47.419
26.8381
33.6
21.0667
60.0857
59.981
11.7905
46.0095
48.2095
44.0667
13.7905
49.3333
30.2762
42.4286
19.1143
14.8762
26.3143
38.2571
37.4571
53.5619
35.9524
64.4476
10.5905
12.6667
6.6
12.6571
21.181
34.819
37.6762
49.8762
34.8952
43.1524
15.3048
20.3238
44.5048
9.35238
42.7238
31.3714
47.8095
42.4952
10.0571
4.37143
45.6381
5.40952
18.8952
37.5333
31.5143
7.44762
16.7714
10.6667
17.5333
14.2571
12.1143
37.3429
24.1143
37.5143
35.1429
57.5524
46.6476
41.0095
29.7048
31.6857
21.9238
17.1714
26.6381
12.1429
10.9619
43.2762
54.5333
6.51429
30.9905
55.0762
32.6476
72.0286
28.2667
37.3619
15.7333
17.6667
84.4476
15.0286
42.2286
79.0952
10.8667
13.7905
32.0476
20.8381
24.4095
10.4095
20.2
5.25714
32.0381
43.4857
36.5333
35.0476
39.6667
35.3333
22.0667
67.0857
27.2286
46.9714
34.5524
21.219
42.9714
23.0571
41.6571
54.3619
35.4476
31.0476
9.94286
58.4
38.381
5.45714
35.581
13.2857
11.9619
21.1238
24.5714
15.0476
30.6571
71.6095
42.6476
28.981
11.4857
13.8381
29.5905
37.5619
16.3048
19.4476
21.6381
13.7714
17.219
52.9238
20.4667
43.9619
22.0286
23.8667
19.0381
11.5238
62.0952
13.2571
49.781
5.07619
12.0286
26.4476
71.2381
38.0286
36.0286
50.4381
50.2952
31.6095
9.38095
34.3333
14.5714
13.0286
18.3524
18.7429
32.7333
9.27619
29.1619
15.3619
22.5238
22.419
27.7143
32.9238
52.1714
16.2
53.4952
30.7143
34.0381
31.3714
5.66667
60.2571
37.3238
37.6667
16.2762
34.7429
23.1048
33.5714
8.09524
26.0857
10.019
17.1905
25.8476
6.5619
28.6857
13.9238
13.9619
32.3333
72.7619
31.6952
49.7143
26.3333
11.3905
6.31429
6.9619
19.0857
24.5429
31.0571
44.819
5.78095
13.1143
13.6857
35.3429
72.9238
61.0762
32.1714
30.6476
5.65714
45.7048
28.3429
18.2952
30.4952
45.0095
45.5143
64.2
21.9619
15.9048
39.2476
15.419
21.1143
48.2571
15.0857
44.5619
30.9524
21.7048
23.3333
6.10476
12.2476
6.55238
25.2286
13.1429
12.3619
29.9524
5.9619
60.5429
22.0286
43.9714
45.6476
39.5619
5.45714
35.6571
57.0095
20.8095
24.1714
9.44762
27.4762
45.2095
17.8762
47.4762
31.7619
11.4857
12.5333
30.9429
13.9048
16.4857
15.0857
38.3524
17.5619
20.2
19
55.9619
10.7238
28.781
34.2476
8.0381
25.5429
19.619
43.3143
37.3048
14.2857
35.3429
30.2476
31.181
16.1429
19.2762
6.38095
10.5524
42.819
9.59048
14.7524
5.19048
43.9429
22.4571
20.1524
43.2762
40.8
20.8571
10.4095
6.87619
38.6667
13.9238
53
12.6762
49.3524
20.1429
35.8857
25.0667
7.45714
37.1238
8.79048
8.22857
27.3905
17.581
57.7048
47.9333
32.619
33.1714
37.6857
29.9333
25.181
17.6667
47.3143
25.2381
42.7429
24.6667
72.1905
25.419
24.7048
16.4
34.1619
7.85714
12.019
27.3714
55.5524
19.8857
45.8476
38.6286
4.99048
18.8952
15.0762
15.2667
25.9333
48.2381
9.72381
44.0857
32.7714
32.3238
5.8
19.6952
6.75238
24
29.8095
18.981
28.2476
12.6667
26.0286
10.1905
59.0286
20.6667
79.1524
13
39.6571
38.2381
23.6
17.5048
23.819
45.6381
52.5524
25.3143
20.7714
35.3714
44.019
20.4095
53.2286
27.4857
45.3238
50.2762
17.3524
11.3238
10.1714
12.8381
27.6952
18.581
22.3714
16.0571
29.781
15.7714
32.4286
11.981
6.51429
35.4762
27.7238
23.5333
27.8095
10.0095
15.381
53.7048
39.6476
30.2952
29.6476
12.9905
26.3143
31.7524
10.5619
35.8762
11.5429
7.72381
38.7524
20.9048
33.0762
17.9429
18.4667
6.39048
15.0667
19.0286
31.5238
39.1333
9.30476
23.1905
41.6
8.71429
13.5714
19.781
16.9238
27.8952
67.6571
9.49524
5.30476
35.5524
18.3048
18.7905
48.1143
27.5048
11.7333
33.581
7
12.8095
33.4476
31.2762
7.82857
21.6381
17.3143
25.981
60.2667
15.3143
23.8952
16.3714
24.2762
7.8381
55.5714
25.7048
5.34286
35.0667
17.0476
9.5619
33.2857
18.9333
23.181
50.1238
42.6857
16.5905
37.5429
8.3619
20.5429
28.1143
63.819
22.2
34.8
39.7905
35.3048
4.46667
41.4762
17.2762
31.1143
29.9524
25.1905
29.4952
18.7714
26.3143
21.4667
12.9143
48.2476
11.819
31.581
7.99048
14.3429
25.4
8.47619
39.7524
25.8952
83.0952
16.619
7.12381
39.1619
34.2286
14.4095
52.0476
14.3524
28.3429
78.0667
66.4667
17.4381
21.3619
31.419
43.619
30.1905
18.2857
31.9429
7.73333
24.4857
24.9333
10.0571
26.4
32.2286
45.4952
34.4857
13.9238
10.0571
19.9524
40.7333
44.0381
30.0286
38.5524
35.7714
12.5905
45.0286
22.5143
62.7619
45.8667
33.6476
53.6667
47.2476
21.2095
23.2571
28.219
22.981
38.4476
46.6952
24.0476
43.0667
68.9905
31.9905
10.619
20.2286
22.8286
27.8952
50.0667
52.2381
50.4667
10.5429
42.2
14.2762
41.1905
36.4762
56.9333
28.9143
21.7143
19.4476
10.0381
20.3714
39.3238
8.44762
32.9619
32.0476
72.0095
33.2381
29.2857
20.1524
51.4
7.2381
23.8
12.2571
69.4
56.1048
19.4952
24.8762
11.2857
42.4095
26
21.0095
19.9524
12.4476
8.3619
21.3714
4.46667
9.34286
22.2095
15.4476
40.0381
37.219
32.0857
28.4476
5.92381
16.1238
9.98095
50.7714
24.0952
60.8095
14.8476
5.77143
34.7714
19.1524
20.981
17.5143
35.2476
31.4762
29.4381
40.0286
30.5905
50.4476
4.90476
31.9333
22.981
4.26667
39.181
28.2095
60.4476
21.0095
18.1714
29.3905
41.9524
36.5238
33.0762
5.59048
45.1143
16.3905
70.6667
17.0476
35.6667
39.0286
41.3905
40.4476
35.7429
19
23.7619
55.7238
25.9333
36.7524
15.1524
16.9048
13.381
19.0667
45.5333
50.4095
29.4095
30
42.8381
27.9429
32.4286
8.10476
15.019
18.7524
18.181
21.8667
8.95238
23.0857
6.44762
7.54286
15.7524
15.0476
5.65714
23.4762
20.1048
60.4476
26.8762
58.9429
5.75238
26.5143
17.0476
30.2286
37.8095
63.981
15.8857
9.01905
5.6381
38.6286
27.3905
21.2667
7.77143
36.9905
40.9143
21.5143
26.1429
35.2095
34.8667
26.6476
59.0381
19.0667
5.75238
5.68571
35.0952
25.9905
45.9143
31.8381
17.3333
38.8857
33.3048
61.1524
11.4476
5.40952
15.7429
24.6952
17.181
14.0476
5.99048
35.1905
41.7714
14.1619
18.4667
27.2857
22.7143
19.1905
12.7714
7.82857
27.6667
24.2667
13.2571
36.181
38.581
36.9714
27.4952
8.28571
9.98095
12.3714
74.6952
47.2286
16.4857
7.78095
25.019
7.74286
16.6381
14.3238
40.6476
42.6952
37.4952
41.8095
37.4381
5.0381
33.8762
4.06667
20.4381
57.8952
19.3333
33.8381
44.6476
43.6381
8.40952
8.79048
7.93333
46.9905
13.0476
9.27619
17.6857
5.28571
9.5619
9.47619
68.0762
29.9333
29.1905
12.5619
16.4857
28.1143
10.2095
21.4286
20.9333
33.6476
11.5143
7.13333
16.0667
19.8857
47.8952
40.9524
33.3524
84
5.84762
47.1905
47.6952
45.8095
42.5333
28.1619
7.65714
31.3333
50.6095
44.381
5.0381
12.9333
19.4857
39.5619
9.47619
11.7333
40.5619
46.2
4.37143
31.3143
38.019
8.60952
11.5048
54
21.3238
12.2952
11.0095
42.0762
14.1524
11.3905
29.5333
9
22.6952
57.8286
22.581
23.0762
9.75238
29.0667
24.2286
20.0667
22.8095
4.50476
20.581
17.6857
8.80952
32.3333
53.4
17.4095
24.819
52.819
23.581
17.8571
8.97143
7.73333
5.12381
13.1048
22.2571
8.61905
12.8381
31.2
18.0095
11.9429
53.5238
11.4857
10.3905
23.0476
15.4
25.9714
19.4952
19.6381
11.2952
31.1524
9.25714
17.5619
105.276
41.981
37.3429
28.7619
19.2
33.8476
19.2667
41.8286
36.3524
33.619
35.1238
47.0476
54.9714
36.2857
29.7238
24.0952
13.1429
25.0095
8.94286
14.7905
57.2476
13.5524
38.3714
42.9714
14.2952
35.3048
6.9619
27.3619
9.86667
22.181
35.9905
25.3905
12.5619
22.8667
23.9333
15.6286
19.981
24.8381
33.8667
32.219
10.6095
28.7714
9.12381
25.4952
44.9238
52.9714
11.7619
35.2095
8.10476
12.0286
66.0286
16.5619
15.4762
23.3524
21.4952
14
40.7238
10.7714
22.8857
30.0667
14.8095
36.4
26.6571
42.581
46.981
65.2095
33.6952
27.7524
37.8762
33.9714
25.3619
46.3238
19.3524
13.2762
16.3333
35.0286
30.3048
6.07619
30.1619
28.3429
49.4762
27.1143
11.419
53.1714
25.2667
42.6857
58.5238
20.4476
47.0476
24.1143
18.0095
15.2476
46.2571
40.5238
51.781
36.4857
6.93333
30.1143
16.8952
33.6762
12.1048
32.3333
11.581
5.69524
15.1333
30.3048
55.4952
9.62857
32.8667
12.9238
42.1238
8.9619
31.8
31.7429
23.181
10
17.0476
26.4857
28.5333
62.5048
50.8952
9.65714
22.5333
4.79048
10.1905
6
31.019
7.39048
7.15238
44.0571
29.8381
23.381
32.6667
16.8667
10.219
21.4286
13.581
36.3905
5.88571
27.2571
37.7524
36.0476
46.7619
38.419
25.1238
19.4381
20.9143
4.40952
5.93333
16.619
9.44762
37.5714
47.8762
31.6476
18.4667
30.8762
9.74286
11.981
16.5429
33.8952
55.3905
37.7714
38.781
12.4857
34.2
14.0857
41.7429
32.781
54.9619
13.0762
41.4857
12.3714
7.41905
56.4571
17.7238
25.8571
36.581
14.4857
20.0476
28.6
38.2762
44.019
14.9238
48.381
64.7619
35.5048
25.219
87.2095
33.0571
32.9048
16.5333
17.0857
18.0762
54.9333
17.6381
44.4095
40.2571
38.3333
4.34286
9.10476
10.5714
23.4286
11.5619
24.8286
10.381
42.2762
11.5143
67.1524
15.4762
27.8857
26.1714
5.2
11.7238
25.8762
13.7143
12.1619
37.4952
17.6
13.581
24.5333
20.4952
18.2667
20.4571
21.6952
13.7524
39.4095
23.0286
22.7714
46.0381
7.95238
30.9714
23.1429
12.2667
25.219
56.0095
20.019
18.8381
14.981
8.58095
24.8762
31.4286
18.0286
20.9905
8.67619
16.8571
27.181
45.0381
40.9238
12.2762
46.9429
51.6476
15.2476
6.54286
38.2
6.94286
33.8952
61.3524
40.9143
57.4667
38.1619
13.9714
13.6571
15.4095
14.4381
32.4952
26.1619
25.3429
11.5238
40.0952
18.6667
35.2857
22.7429
30
36.7143
6.57143
42.4762
18.781
21.0381
27.981
6.95238
29.9048
22
17.7905
8.46667
29.6476
12.9143
18.4476
21.0571
5.78095
49.0476
26.3048
47.4762
33.619
13.2857
34.2476
20.5714
5.9619
39.2857
24.1143
48.0571
25.5143
54.3238
7.57143
23.4
28.5619
14.2667
10.6857
34.981
57.981
39.5333
14.2571
25.3048
15.2095
47.5429
48.3524
22.3714
43.1143
24.381
26.9429
27.7333
51.5048
19.8762
30.181
14.9619
19.6095
22.0286
30.3619
24.0476
10.7238
42.619
62.419
30.7048
21.5905
16.2
38.3905
25.6952
43.3429
47.0476
21.3714
22.8381
22.5714
32.9619
38.3143
26.4381
6.69524
7.24762
4.91429
52.9143
11.4857
53.2571
25.4286
11.9048
16.4762
23.2286
29.6762
47.8857
17.1333
4.9619
57.3238
7.57143
6.69524
23.4762
39.0476
21.8952
22.2286
45.8667
45.2095
63.5714
21.7143
30.0286
24.6857
42.9619
50.3333
12.219
41.8857
41.181
11.0667
6.1619
17.981
18.981
29.8857
12.1333
11.0095
7.46667
41.3905
27.6857
45.019
37.8095
23.5048
20.8952
6.65714
37.2857
38.3143
18.4
8.85714
28.8952
32.2952
21.7905
34.9333
63.7619
21.9619
30.9905
32.381
5.10476
6.05714
28.1619
25.7143
43.2
24.6476
7.87619
11.4381
74.5238
27.2476
8.39048
19.5714
54.0857
18.5429
8.97143
22.7333
6.55238
9.65714
50.7143
4.86667
18.9714
5.06667
26.0571
5.7619
17.6476
5.10476
33.8762
41.819
12.2476
4.34286
48.5048
41.5429
31.2476
6.19048
18.5143
37
19.2762
42.9714
31.4095
11.9905
11.8667
23.1619
43.2286
24.381
21.219
27.9619
8.92381
15.8476
11.8
7.20952
9.77143
18.9619
21.7714
9.10476
27.9333
38.0095
31.219
9.44762
59.5048
28.619
23.0667
43.3905
31.0667
41.1429
23.1238
4.2381
30.0667
28.3619
33.6
72.0857
6.98095
47.2762
47.9238
6.78095
16.181
41.5905
41.419
13.5333
20.419
24.0667
27.0095
13.8
34.7143
32.3905
55.8095
26.419
43.9333
14.3143
52.9048
17.3905
16.8857
7.49524
17.3524
45.981
10.9619
14.8667
46.8762
25.5143
26.8381
16.4571
4.29524
55.6952
19.5619
52.8286
63.3333
17.9238
13.2857
5
30.9143
39.4286
13.819
58.981
10.6381
19.381
23.3619
23.4952
37.5905
48.0667
42.619
25.7905
30.8667
19.8381
49.1905
22.3905
72.1714
20.4857
13.1429
27.3524
18.1333
30.9714
18.8381
20.619
16.4381
18.8381
7.01905
70.219
8.5619
6.87619
19.9524
22.6571
23.4571
51.1333
25.5619
19.5714
37.3905
24.7429
13.5905
5.74286
28.3429
17.2667
10.5429
38.5143
6.00952
20.7333
42.8762
33.6286
31.9048
17.7429
29.019
19.2952
10.8857
24.2286
12.6667
5.90476
49.1048
50.0476
23.7048
14.9238
61.3429
54.9238
38.9143
26.019
7.51429
21.8762
24.6286
19.9429
53.9524
25.9524
36.2095
38.9619
17.4095
13.0952
35.6476
28.3143
20.3619
18.5524
22.1333
21.0571
27.2381
15.9619
25.8571
27.7619
34.3238
31.381
10.4381
61.6571
11.0286
19.0571
33.4381
9.07619
28.8
7.17143
46.5143
32.4095
19.1143
44.8476
22.8952
41.6286
18.7429
11.2381
10.8857
24.6952
14.8381
42.5238
45.4476
17.6286
33.4571
19.0857
11.9143
5.87619
12.2
37.819
11.2857
9.61905
12.3524
24.9143
34.9905
16.2
75.8857
46.4286
15.8381
41.7143
8.1619
22.8095
13.6571
46.3048
47.0095
45.3905
55.1238
39.4571
13.1048
7.28571
34.8952
38.781
19.619
31.019
37.4762
24.2095
21.0952
38.5333
34.4476
23.9905
33.0762
22.9143
13.2476
36.8952
34.0857
16.4952
45.7048
11.6381
16.4762
27.6286
21.2286
27.9429
15.2476
47.3619
17.7238
34.2857
50.5333
48.8286
44.1429
9.64762
18.2286
15.8952
21.8286
7.73333
60.3714
20.219
7.38095
15.9905
19.2
12.2
18.8095
15.3714
20.381
32.9524
27.2476
8.48571
6
19.1333
10.7143
20.7714
13.2952
32.1333
12.2762
29
23.2571
12.2381
33.7048
47.3714
10.181
23.7619
26.9905
23.1429
24.2
61.6571
26.3048
7.17143
80.3238
25.2667
8.99048
11.4762
19.1048
33.8952
15.3238
18.6286
11
53.8095
11.7429
5.80952
18.6667
62.6286
51.5905
19.819
22.2
27.2381
60.4952
31.0571
28.3524
4.68571
29.5524
18.3905
37.581
24.0857
8.26667
23.5333
17.219
53.8095
11.6
21.3619
82.3333
17.4476
73.0952
18.4
30.6857
35.4381
33.981
8.79048
41.7714
55.1714
9.08571
65.8286
10.8286
24.0952
43.6286
11.4571
6.06667
28.7143
33.0381
27.1238
25.019
23.1524
54.4286
60.0952
10.6286
30.3048
4.6
8.60952
4.4381
29.619
66.8857
18.2762
31.7429
29.4667
23.3905
13.2381
34.019
8.6
22
43.4286
10.2286
34.381
15.7238
32.9524
5.42857
30.6952
48.0381
48.8667
26.6571
7.2
11.6286
32.7429
23.9429
34.219
51.5714
40.4476
48.3143
27.8476
19.5429
33.5524
22.0857
42.5048
31.6381
40.6571
25.0286
22.2667
30.0762
10.8857
38.8762
29.7619
43.619
42.4857
46.7048
31.6381
58.1714
55
27.6571
34.4952
19.3714
11.3238
182.724
23.6857
21.1619
41.819
13.2095
15.381
24.8667
46.7333
15.5429
46.981
30.3619
4.48571
10.7524
30.2667
4.9619
5.14286
25.2952
47.4095
5.54286
12.7619
56.8476
30.7524
64.2476
44.4857
27.9619
9.66667
27.1143
9.18095
48.5905
12.7714
48.9619
18.9333
7.52381
14.0476
12.3143
11.5048
10.7048
5.50476
10.3429
29.7524
35.1333
40.1619
10.8286
39.5524
26.5619
34.9429
20.381
35.1429
12.6
26.2381
9.68571
33.2381
36.0857
45.3143
29.4762
15.6762
51.6857
37.5714
36.8381
14.0667
23.5238
27.1524
31.3714
5.21905
14.7238
15.8762
20.6762
19.5524
56.8095
51.0571
38.3143
24.7429
25.9333
6.85714
27.6286
28.8
13.5524
21.8476
37.981
23.4286
23.3238
10.4571
11.9619
21.819
55.2381
40.6667
12.5619
22.4667
43.0381
34.619
13.6952
54.1714
28.9048
7.39048
12.6286
73.7048
55.8762
18.7905
34.3429
62.2381
25.9524
19.0095
26.2476
19.5714
57.8095
18.4762
28.5143
22.5238
22.5143
48.3524
9.17143
14.819
10.1143
24.6952
20.3238
28.5048
26.4667
17.8
10.419
20.3619
29
20.6667
8.18095
16.4095
15.7429
21.8095
31.2667
5.89524
35.2476
18.9238
21.3238
25.0476
34.7333
22.9143
8.73333
14.8095
29.1524
6.78095
30.4476
57.381
32.7143
13.5619
11.1333
11.6667
21.4095
17.0952
19.1143
36.5619
31.2857
27.6476
42.1524
30.4476
19.3714
32.581
15.2286
9.30476
28.3524
14.3333
66.1238
23.5619
17.5619
9.17143
6.09524
31.7333
4.77143
43.219
32.0952
19.4476
25.8286
9.97143
71.7238
14.8
32.6857
15.6667
23.8667
21.5143
10.5429
39.8286
26.7524
31.7333
17.4571
12.9524
6.4381
14.1905
15.0667
10.7333
26.981
21.1619
12.2381
56.2667
38.1524
48.6952
30.2286
35.4667
35.6667
32.2381
21.219
69.1905
10.4476
38.7048
37.3143
27.3905
21.1333
25.8952
9.19048
7.8
38.6571
9.21905
14.8
7.82857
13.4857
29.5143
25.9333
45.619
15.3048
6.2381
14.1524
36.2762
5.5619
12.9429
15.1238
16.2952
21.5714
23.0381
14.8762
19.981
29.6857
7.04762
19.6286
17.4857
47.5429
56.3143
24.5524
52.819
33.2286
16.6476
4.93333
16.419
14.1714
10.9333
32.6286
6.31429
23.3238
51.2857
29.6857
46.381
20.6857
12.3714
53.3143
7.6381
50.5143
34.381
26.5143
20.1048
30.6952
28.181
37.5333
8.26667
10.1714
25.5143
8.11429
32.4476
5.86667
26.8571
24.7143
26.1429
53.3524
44.7048
35.8476
4.48571
22.619
22.3429
31.5905
11.3429
5.8381
31.8
38.0476
7.72381
10.6952
16.3714
14.1333
51.2476
54.6571
13.8571
29.4286
6.8381
40.5524
31.7524
6.27619
6.62857
28.2381
39.8095
33.2
52.2762
40.8571
14.7524
40.0667
63.1238
5.71429
34.5524
14.1048
16.1048
30.8476
7.86667
57.4381
20.9524
64.4571
28.7333
8.01905
7.29524
60.3333
22.9524
13.7714
65.8286
29.2667
8.24762
35.381
18.4667
10
52.1238
9.25714
15.4571
16.219
31.5048
16.9048
8.84762
32.6381
36.0286
35.981
42.5143
55.7714
20.5048
21.2571
79.3048
41.2857
29.2476
25.7714
18.1143
5.6381
5.64762
14.6952
28.2952
9.07619
48.5333
38.3143
21
8.02857
8.61905
14.5905
23.7333
34.381
38.0667
5.80952
13.5429
30.4476
55.6
25.1429
28.0857
20.5429
64.7048
7.79048
19.4952
40.3333
48.8286
44.1714
38.381
17.1143
18.8667
13.819
40.0381
5.48571
8.53333
41.5333
18.8952
36.3714
18.3905
38.3714
41.6952
11.9333
23.5333
30.6476
6.06667
30.9619
50.2095
41.8476
35.781
20.3524
40.1714
28.6286
33.8571
23.8857
5.79048
35.1238
8.59048
13.2857
23.9048
31.8095
36.6095
20.5143
21.0571
24.4286
44.1524
22.4571
40.8571
16.8571
21.1714
19.0667
10.7524
22.6952
6.62857
45.2667
4.79048
51.8857
40.9333
13.7333
11.6762
8.20952
44.0667
25.0762
56.781
10.0857
23.5143
7.21905
23.0857
26.4952
23.1238
6.86667
29.381
19.0857
32.9048
43.2762
30.1333
62.0762
27.3143
15.6762
43.2286
48.5905
4.15238
35.7714
53.9524
15.219
51.8
27.4095
13.3238
7.49524
53.2095
25.7619
27.0952
6.0381
37.6571
13.181
11.981
5.91429
47.0286
52.6381
44.6095
13.5714
10.1714
51.9524
86.1524
23.6952
32.4571
26.1429
45.2095
29.2857
20.6381
18.7619
40.3048
7.07619
11.0667
31.2
19.7238
44.1143
50.1619
71.2
11.5238
9.54286
51.3048
13.3714
31.0381
16.9048
34.9714
9.77143
45.6857
33.3714
27.7619
6.47619
22.1714
45.381
14.8667
16.1714
44.0857
33
25.3619
29.981
53.981
77.819
15.5048
31.9619
21.3524
4.46667
27.1238
35.3048
39.1429
11.1429
13.2571
22.4952
31.3333
32.8
8.52381
6.57143
20.8381
24.2095
33.7048
14.4
16.8952
41.3143
43.2381
8.10476
37.4476
24.8667
24.0571
27.5524
36.3619
24.6476
12.1238
66.9238
9.8
39.5905
17.5048
9.4
24.5714
11.381
31.619
18.2571
16.7143
50.5429
21.0095
6.2381
21.5429
12.2476
10.819
5.29524
17.5333
21.0667
32.8476
5.84762
49.3714
27.2571
19.181
5.35238
24.419
21.8571
37.5143
26.2476
9.1619
36.6286
18.819
13.1429
19.019
22.019
28.3905
42.6571
15.5429
8.07619
7.78095
27.5048
13.381
11.5524
46.2476
16.6381
27.9143
26.7238
17.4095
26.2762
49.2
32.9143
7
7.47619
7.04762
7.34286
21.9714
23.9143
25.4095
29.1619
57.8095
30.9524
17.581
54.8667
28.8381
37.7429
20.4
24.5619
7.48571
29.9905
6.46667
46.3905
6.70476
14.619
29.4381
26.7619
9.53333
9.4381
22.8762
38.2667
26.2952
7.98095
59.0762
53.6762
38.9048
9.84762
9.78095
48.8857
9.89524
19.4095
15.5905
30.6
47.8286
8.41905
6.00952
10.6
20.6286
18.9524
68.0857
22.3048
17.3143
24.8381
19.2667
34.4762
15.0476
13.2762
21.6857
21.7429
14.1619
11.3524
21.5333
7
12.5429
21.1905
26.0857
36.9429
42.5905
26.3619
29.3619
37.419
28.4857
31.5524
13.2857
4.77143
24.5048
52.2667
7.01905
28.181
39.5905
39.7333
32.4857
6.70476
12.8286
24.619
29.8762
39.7905
7.37143
29.3143
42.3524
14.6762
12.0762
6.12381
24.3238
32
12.2381
30.0762
24.2667
15.8667
6.42857
48.0857
53.6857
21.4381
41.8762
24.2
10.181
211.79
9.94286
38.8
18.1048
28.3619
51.8476
7.66667
18.3143
11.8095
13.0762
23.2381
6.31429
41.8857
12.2095
38.9143
55.2667
4.59048
39.2762
13.5333
30.981
22.4571
8.6381
25.019
29.019
43.2476
7.34286
46.9238
59.4286
34.9429
49.0381
27.4571
66.5333
43.9714
37.6571
29.4762
35.8381
30.981
38.819
22.6857
28.781
37.9143
38.5429
24.0667
30.4571
6.19048
28.6952
24.1429
40.3619
5.97143
14.8
7.89524
39.819
26.7905
10.9143
56.6667
21.5524
30.0857
45.1619
52.0571
29.3429
17.8762
24.0381
13.0857
7.86667
24.1524
45.2381
11.5905
14.0381
49.0762
26.6095
14.1143
5.49524
9.35238
9.25714
37.781
22.5429
42.4667
27.1619
11.8381
56.0286
31.6762
25.6857
7.45714
7.28571
7.61905
27.4381
38.5429
24.9238
37.1333
55.2476
24.2952
8.8381
16.5714
21.5524
38.9143
52.181
23.8476
14.1429
7.49524
36.2571
10.4381
11.8476
39.2571
26.8381
18.7333
6.15238
28.8476
30.619
21.3048
22.5143
28.6952
21.7714
5.97143
26.2571
20.6095
15.6571
24.7524
20.5333
28.6667
11.1048
30.0667
7.09524
27.981
27.1333
41.8381
46.9143
30.0571
29.7429
18.9333
60.1905
37.819
17.3619
33.981
6.67619
42.5238
40.181
15.219
24.4381
46.4571
38.5714
19.6667
41.8952
52.9333
10.1714
33.1048
48.5238
28.3524
15.3619
7.82857
8.98095
6.54286
48.0571
9.12381
27.5524
34.581
13.6381
15.6762
25.6667
15.9238
35.3524
38.6095
8.39048
53.6095
18.9143
11.819
8.3619
28.9619
19.2952
34.181
21.7429
22.4476
16.2762
34.781
47.3048
27.581
8.95238
12.8571
41.7048
33.0095
19.7333
8.6381
7.50476
20.7143
30.9714
33.2476
19.381
52.4667
6.55238
29.6095
8.11429
8.60952
31.1524
11.1714
18.4381
6.87619
41.7619
12.2
5.01905
35.0667
17.8381
36.1714
13.8952
28.5714
31.419
12.781
19.0857
45.219
17.7143
25.9048
13.1714
48.7714
9.31429
63.619
6.38095
39.6
39.419
63.4476
13.4952
50.1905
34.2476
27.2667
23.4286
10.6095
30.2667
44.5714
10.6857
11.419
10.019
28.2952
43.0476
19.9524
25.7429
22.6286
8.69524
18.781
50.3143
21.6667
39.4571
14.6571
29.8476
18.6476
23.1619
17.3048
37.7619
15.6571
28.8667
5.62857
6.20952
13
6.92381
54.5429
9.52381
20.7143
44.8476
11.5333
24.5238
6.70476
5.87619
10.2
26.2667
12.2762
32.7524
6.74286
52.3714
12.3619
52.6286
59.7429
39.7714
35.0286
12.1905
22.1905
43.9619
56.3429
40.6667
7.88571
33.3524
11.0952
28.9619
35.4286
23.3048
12.3429
9.04762
48.581
45.3619
32.7333
10.1714
25.5048
39.6476
12.8571
24.6857
44.4857
17.4857
30.5429
41.219
20.0571
42.1619
18.3143
14.0667
35.1905
21.9524
29.0952
26.5714
30.3238
37.4857
15.2
17.1619
10.2952
15.581
5.1619
24.8667
71.8667
23.0476
12.581
15.3524
52.4381
17.981
31.0381
34
24.0095
7.33333
47.2095
67.8952
65.6762
48.819
33.7524
29.6762
23.2571
24.1714
42.1714
8.86667
35.0095
17.4
38.9524
59.7048
19.1619
17.5524
4.30476
50.4857
16.0571
4.46667
27.381
23.1238
45.2952
19.6762
15.9143
44.7619
68.4
5.04762
19.7143
27.7619
7.93333
17.7905
46.5238
39.0381
55.619
27.7619
19.8095
18.5524
19.2667
24.6381
20.3048
12.6952
24.2095
18.1429
35.3905
6.3619
40.5619
56.4476
29.981
49.9524
40.781
7.31429
38.4952
27.6381
18.9429
23.1143
35.7238
42.6667
17.181
12.181
31.6381
21.7619
10.0952
70.2
15.1524
59.9333
11.2476
29.2952
28.5524
18.0571
19.0381
17.8762
13.3905
31.9524
9.34286
21.5238
12.2286
27.4952
17.9238
32.619
28.1143
29.3524
27.5429
6.57143
10.819
60.6476
16.7429
7.82857
12.8
32.3333
9.52381
40.1905
28.8095
6.18095
15.8667
54.8667
16.9429
24.4
64.8857
20.3714
48.6095
24.4857
28.0476
24.2
22.5333
17.8952
48.4381
30.1429
26.3619
32.6381
12.2476
38.0667
50.7048
28.6476
18.581
11.1048
15.8286
24.7619
12.9905
18.8
11.0857
23.8857
49.0857
23.3619
28.0286
46.3524
10.2952
9.40952
38.4762
33.581
21.981
25.5238
33.619
6.55238
39.219
11.2857
22.181
31.019
41.1905
37.419
7.54286
16.6857
10.3714
8.80952
5.58095
47.9905
25.6476
26.6571
10.419
22.5429
5.80952
18.2
27.7429
5.34286
22.181
37.1143
12.8286
27.2667
12.1905
8.61905
19.5048
9.75238
40.6667
26.0286
31.9524
17.8952
23.4857
32.1429
19.3048
41.0381
26
110.933
45.8952
30.6667
28.3714
38.5143
31.1429
25.7238
39.7714
89.1429
20.6667
17.0095
17.1143
23.8571
44.2381
14.4857
18.1143
10.9333
25.381
31.4952
16.1714
13.2667
36.4381
39.5524
47.6476
39.2857
52.981
21.8762
52.2667
7.07619
23.3333
9.60952
17.4
31.9619
57.4
45.6762
50.3048
28.2381
36.0952
7.20952
6.8
10.181
45.1524
15.0571
26.3429
16.5524
40.3238
28.6667
40.8667
53.4476
18.0571
52.781
24.3905
59.3429
44.0095
36.8
34.6762
30.3619
47.5238
23.5048
42.8952
10.1619
23.8952
6.25714
29.2952
59.0571
18.2095
23.3619
16.0286
13.1905
19.0095
20.0381
13.2
17.0381
18.419
61.1143
33.2857
29
34.8286
18.9429
48.6095
7.13333
12.4
25.6381
9.9619
21.1905
24.1143
38.5524
80.3048
25.4095
44.2
37.0667
23.8476
6.07619
6.79048
60.4286
29.1333
21.6857
7.24762
8.32381
26.2095
46.4381
13.181
16.4952
19.9429
53.0095
10.8762
27.5619
24.0571
24.0952
10.2667
4.86667
23.5524
20.7143
9.27619
5.54286
14.2286
22.5048
10.3429
26.1429
27.4952
24.0476
71.419
46.6571
31.0571
4.8381
26.6667
37.0571
39.3905
44.7714
25.9905
63.8762
15.1333
42.3238
47.4667
14.4571
7.91429
20.8095
8.42857
22.5905
44.7524
14.1619
69.7905
45.8667
29.6857
21.3143
41.8
6.97143
12.6667
6.95238
20.7619
15.9714
58.7238
20.1714
4.45714
16.8571
15.7048
34.3238
14.2952
20.4952
7.90476
41.3143
37.4667
29.3238
29.2571
29.4571
7.88571
18.4762
25.8286
64.6095
10.3524
68.6
10.4286
16.7333
23.7048
20.9143
22.4095
18.0952
12.581
51.8381
16.1048
18.8667
27.0571
10.1143
25.0571
24.6476
27.7333
19.8095
22.619
31.3619
39.381
49.6952
31.5905
6.38095
29.4762
14.7714
6.93333
24.6667
22.6
45.619
15.1619
36.6667
9.45714
21.7333
56.5048
47.5429
8.55238
37.0095
26.6381
47.4857
29.1619
13.4667
19.9238
45.2571
10.2952
39.8381
8.26667
18.3714
17.7619
12.8286
40.0762
11.5619
22.781
28.4857
13.0381
38.0762
29.0286
25.9619
33.0476
18.7905
12.2381
14.6667
17.6571
21.9048
7.94286
21.2
17.9905
15.419
7.90476
10.6857
25.2571
20.3333
12.4952
42.1524
13.981
4
34.6286
9.84762
10.7429
23.9238
22.6476
47.6095
7.2381
32.5429
9.78095
13.6667
60.5429
84.7143
10.9238
8.10476
39.619
19.3524
20.2286
38.7238
9.66667
13.0952
7.21905
33.9524
19.4
44.5333
16.8857
62.0381
7.89524
18.7333
17.3429
96.0952
36.4571
31.819
10.2
7.10476
18.3905
6.67619
49.3524
19.9238
64.8476
24.8095
30.3333
35.7143
33.3143
30.4
25.1333
48.5333
30.7619
14.819
20.619
31.8571
73.1143
15.0952
15.1619
20.2095
56.4381
42.6
44.981
62.7619
11.1619
23.0095
44.1143
23.0476
17.2571
8.66667
28.5714
8.57143
17.6476
5.71429
27.619
4.73333
43.2476
58.419
11.2476
51.8667
10.6952
27.0857
6.9619
17.4571
43.2
10.6095
14.3905
36.7143
60.0857
14.6667
38.5429
37.5333
29.2952
31.5143
38.9905
11.3714
17.5905
38.8571
44.8952
20.7429
7.0381
23.5714
6.2
10.0857
14.219
4.81905
28.3619
13.4952
36.4095
8.82857
42.1429
21.6762
34.2476
19.4571
41.2
42.2
17.6095
14.5048
28.4381
18.5143
35.1238
6.6381
9.12381
26.8476
6.15238
24.4
34.0095
37.7429
23.6286
33.2381
44.8762
16.1429
43.4571
19.4381
35.0667
40.9524
25.8952
24.4952
88.0571
30.9238
12.0667
18.8095
20.9714
25.3238
23.0381
61.8952
18.3238
6.93333
40.0857
46.7714
36.4381
13.6
49.1143
34.9333
31.0381
21.3619
27.4381
39.9619
7.73333
40.8762
5.05714
34.8952
23.819
20.9619
16.6952
36.7048
16.2476
49.2476
44.3143
4.81905
29.3238
44.2286
36.2
51.1524
34.2667
19.0952
6.39048
4.41905
31.2381
33.581
5.59048
47.2571
89.781
61.0095
56.0762
18.0476
18.4286
46.1905
27.2476
8.26667
13.1524
10.8286
15.0952
9.98095
7.65714
13.381
24.9143
33.0381
63.9048
37.0381
11.3905
12.8667
29.581
44.8571
10.6286
7.37143
54.0095
32.8952
59.1429
22.819
28.0952
29.3048
30.9143
24.5048
29.1619
35.6095
61.2
29.6571
78.2381
15.0952
15.2095
6.49524
16.4095
40.4571
46.6095
19.819
54.3048
29.0381
20.2952
15.4
36.781
11.5429
8.37143
16.7143
18.781
4.2
29.2286
6.29524
13.7714
19.981
48.3619
55.2
8.91429
25.6762
4.5619
10.0476
17.4095
16.4952
16.2571
44.2
4.02857
32.619
12.419
13.3048
14.5714
5.59048
56.0286
20.4762
65.419
34.7048
30.7333
21.3429
17.819
31.9048
33.3238
47.8571
16.8952
27.819
4.94286
43.6857
42.5524
4.44762
58.1143
40.981
9.44762
16.6286
7.68571
7.49524
32.9143
33.0286
33.7619
21.9619
18.2762
16.0762
40.5714
41.2762
19.9905
15.9905
52.9524
5.75238
19.5048
34.8095
16.1619
11.219
9.6381
36.0476
13.5524
29.7905
24.7333
30.9429
25.4762
12.6
15.2762
12.1524
37.5714
42.6
27.6
42.8857
10.0381
19.5905
16.3524
52.5619
16.6381
6.80952
16.2571
36.6571
9.07619
12.1333
30.4095
10.9048
7.0381
14.7524
16.3143
41.8
52.5524
15.4762
35.6
9.30476
49.3333
19
51.7524
21.1619
16.8762
4.26667
9.0381
17.2381
10.7429
11.5238
16.1905
62.9238
44.7048
28.2095
66.9714
39.8476
9.31429
63.4095
32.7048
29.8286
44.019
9.09524
50.6667
38.6667
11.419
26.8762
36.1143
57.6857
50
19.819
13.1714
23.8571
33.0952
37.4952
15.9524
8.55238
15.1143
54.4
19.9905
6.59048
29.1619
25.6667
9.1619
15.2095
24.4381
18.0095
50.6095
41.9714
11.9238
12.7048
9.18095
23.5619
16.6476
31.8667
35.8762
61.5429
40.9333
28.6952
21.181
5.34286
22.219
27.8095
20.8857
43.581
9.30476
13.9429
21.8
33.819
30.2286
4.93333
50.6
15.3429
72.6476
29.7905
49.8571
19.6667
13.7143
42.5714
53.619
7.55238
26.0952
27.619
9.02857
23.5333
45.6476
44.5143
12.9905
14.8571
9.30476
7.20952
41.5048
25.4381
35.6571
68.5905
19.2952
49.6857
55.6286
25.8
45.9143
16.5714
21.8857
29.6476
11.0952
17.6857
17.5714
23.7333
12.181
6.37143
25.1048
32.3238
11.2571
11.5905
48.219
13.0952
13.8667
60.5143
20.7524
44.3619
20.7429
11.219
33.2095
41.6762
27.219
12.2571
25.2286
28.1143
56.4952
40.5048
35.5143
45.3905
32.3048
24.9619
22.4
63.1524
31.2286
26.6286
13.0095
11.6095
12.4095
28.9524
9.41905
17.7714
6.65714
15.6762
18.0476
11.7333
39.6667
19.7048
21.5619
28.5905
39.2095
39.0095
19.6286
21.6952
7.69524
11.4762
56.6095
15.1619
14.181
18.4286
13.8286
44.381
18.219
16.5143
35.0857
25.8952
52.9143
18.1524
24.8095
7.26667
25.9905
5.52381
20.4952
36.5143
15.0095
40.1429
23.6
8.25714
16.7048
40.3714
20.3714
64.1524
13.2
49.4095
36.4667
24.2571
12.4381
28.2667
46.619
14.7143
42.9143
29.1429
7.31429
26.7429
26.2571
37.1429
41.6476
14.9524
20.419
16.6762
5.29524
14.0381
12.9143
49.5143
53.4667
4.21905
20.7238
7.84762
41.2857
37.3333
22.7905
25.4952
47.419
17.8
10.4095
16.419
26.0286
29.0095
28.8857
51.6476
10.819
37.6381
24.4476
9.47619
42.5143
25.8381
7.73333
9.14286
16.7333
28.4476
17.419
17.6667
35.9619
57.2571
20.4476
36.2952
18.8952
14.781
18.8381
30.8857
24.9238
7.12381
40.3048
7.4
27.1905
16.3048
52.4762
49.7048
24.6
36.8476
21.4667
40.8571
6.65714
7.67619
11.3429
30.5143
11.5143
30.4952
36.9714
16.6286
44.7048
14.3714
16.781
17.1619
10.7524
11.8857
37.0667
22.7714
23.8952
51.8762
26.0667
13.5524
24.7333
24.6857
22.0286
38.0286
6.22857
21.1333
8.26667
20.1619
18.0571
7.0381
36.4667
17.3333
4.5619
27.181
18.3143
7.59048
10.5619
38.0381
12.6857
26.0571
12.4667
33.7714
5.78095
34.5714
32.0095
24.4571
4.41905
29.8762
26.1524
29.5524
32.3143
21.2095
10.5905
21.0476
15.9333
17.9714
29.7714
46.019
13.8762
10.4381
28.6381
15.2857
8.49524
34.9619
6.0381
5.75238
57.8667
61.0476
39.6095
30.3905
34.2857
26.2095
4.41905
14.6762
21.781
31
7.89524
48.781
21.2381
27.2
19.4857
5.18095
49.0286
6
47.6
13.2095
22.2667
28.2857
15.0667
43.6857
23.4762
5.51429
6.78095
13.4381
24.9905
30.581
6.07619
35.381
18.8
39.3333
9.21905
19.3143
17.5429
6.10476
7.15238
51.2286
60.619
13.9524
19.4762
16.619
30.0476
49
6.13333
40.2667
21.7524
29.3429
9.27619
8.1619
22.8952
36.1714
42.8857
25.3905
56.0476
14.9619
13.5524
23.7619
16.0286
21.3238
19.6571
13.5524
16.0952
42.5714
21.1429
8.17143
21.581
5.94286
28.219
31.4
17.219
12.1048
77.6571
41.3714
24.819
9.77143
20.3048
19.0952
21.0762
22.2
49.1619
48.6667
11.1143
33.9143
42.7048
10.8095
30.9333
37.8286
13.6
18.7524
33.7619
51.9333
6.58095
27.781
16.9429
17.4095
14.581
25.181
14.4857
12.4286
9.07619
13.2667
18.3238
11.1619
4.91429
17.6857
9.8381
16.2857
12.7429
49.5238
53.8667
9.75238
41.6762
11.3143
22.9143
12.4476
20.7333
37.8857
31.6
23.381
5.40952
24
29.0667
13.5905
13.3238
10.9048
12.4
16.819
35.6952
17.9619
12.7524
17.3238
13.9143
23.4857
44.8286
9.26667
7.9619
32.5524
31.0476
19.0571
15.6
5.89524
5.91429
45.7524
12.7714
62.3714
18.9619
43.7429
17.8476
24.4
20.7143
34.2095
36.181
29.0476
67.7619
16.5429
24.6095
15.2095
5.92381
4.85714
44.1905
28.7429
20.6476
13.0095
25.3238
28.5429
15.9238
28.7524
6.4
20.2857
20
13.7429
34.1619
37.4857
34.7524
45.419
12.181
23.8762
15.7238
7.74286
9.9619
16.9524
58.0762
12.2762
20
11.9524
9.2
19.7905
7.75238
19.7619
45.6381
12.4571
6.48571
24.9714
23.2571
53.5905
53.4476
34.019
15.3524
49.2095
16.4095
27.7619
5.90476
46.1905
12.419
11.7143
13.5524
32.2667
14.6667
45.6952
40.5333
26.219
29.9238
16.0857
34.2762
21.5429
18.3524
20.7429
33.0571
34.5048
16.6952
43.3905
17.2476
43.381
26.2476
18.8762
30.7048
42.181
37.4
22.7048
9.14286
44.5333
15.5619
11.4095
53.5143
11.8095
16.8
4.13333
49.6
52.1143
20.5143
33.1333
20.3619
36.5905
28.6286
31.9238
27.9905
54.0571
16.1143
8.35238
9.39048
22.9429
34.6571
22.5333
7.35238
22.6571
32.2476
49.9905
31.0762
52.9143
29.8857
56.4762
52.6286
41.8381
6.80952
11.1238
31.4952
38
16.8762
23.5619
23.0476
10.9524
12.5905
7.44762
37.4857
10.219
30.9048
10.5238
16.019
9.00952
15.7619
16.1048
14.0762
39.6
45.5048
35.6857
4.9619
59.4476
38.9429
36.6381
13.3048
30.3619
4.73333
46.7429
19.7238
16.2762
30.3905
31.8667
7.97143
12.5048
27.3143
16.1524
15.3905
26.981
23.5048
19.0952
14.3333
34.2952
25.6476
12.9524
8.41905
25.9333
16.4381
39.4762
8.52381
31.2857
8.2381
40.9333
18.5143
18.3333
29.5714
35.8476
27.2571
11.7048
64.1714
8.55238
47.1714
60.8667
6.15238
8.72381
29.7524
39.8286
43.6095
15.9048
8.6381
9.77143
23.7524
8.41905
47
7.7619
45.8762
16.5238
27.9333
5.44762
40.2667
34.7714
44.8667
8.8
52.6571
53.219
19.1905
52.6571
17.5048
7.98095
7.0381
46.4
60.4476
36.8571
23.9333
20.7238
28.4857
5.64762
32.1619
17.3333
15.2286
31.1619
35.1619
23.5238
29.3619
19.8095
19.4667
47.7238
22.4286
12.1048
40.4286
43.4762
39.2857
60.1238
23.981
65.2476
39.1524
55.9429
25.4762
11.5905
27.5048
8.42857
8.70476
5.94286
76.8857
12.2
29.8952
20.619
51.5238
16.8571
14.3143
12.181
22.0381
21.419
29.8857
42.219
27.9619
28.6571
14.8571
9.27619
5.6
14.6571
21.7429
14.2667
19.8571
56.4286
36.1429
40.9429
22.019
8.4381
30.1714
8.67619
19.1048
7.21905
7.57143
6.65714
34.981
13.5714
10.2667
17.8095
12.0952
31.1048
32.4857
15.6667
16.3905
22.6381
34.4952
42.9524
32.9619
50.1429
12.2286
56.1905
26.5238
24.0381
16.7524
33.6286
33.7905
9.72381
11.6762
5.17143
40.3619
41.8476
55.2571
32.4762
10.8571
16.8667
7.77143
13.5143
16.0476
6.32381
7.6
5.6381
20.3333
23.2857
32.2762
9.66667
24.5238
32.5429
26.7143
27.2667
15.5238
28.2381
16.7905
19.6286
39.8286
33.981
7.64762
38.8571
39.6857
23.8
10.6
15.0095
32.6762
6.65714
43.9524
52.3619
15.381
10.8
20.8667
25.6667
32.8
44.6095
31.2476
28.6095
13.6952
25.819
34.6286
28.1619
50.781
43.0095
12.3048
20.7143
26.3619
62.5619
24.2286
6.47619
23.0857
16.6381
28.8286
9.33333
16.6667
6.87619
16.2857
11.6476
20.819
5.90476
32.9905
18.2095
35.3714
39.8571
5.8381
56.381
34.2762
47.3524
44.2762
42.6286
18.8762
10.4952
6.13333
13.4095
36.0762
15.5143
32.1619
51.5619
57.6857
34.1714
20.3905
8.18095
4.6
20.5524
15.8476
9.91429
5.70476
13.381
12.5143
18.6476
19.8286
4.68571
31.4286
28.4286
12.6571
50.6
29.6667
27.2381
17.3238
32.1333
28.8667
37.581
59.8
44.781
19.0476
16.9143
6.73333
23.7714
7.6381
21.0667
11.0667
13.3905
18.9143
36.0952
31.9238
25.781
5.6381
10.2857
34.5524
12.0571
53.6762
51.8476
15.1905
11.4476
41.819
10.3429
32.8476
18.0286
26.419
21.419
6.95238
12.1048
14.1143
20.0571
23.8476
10.3905
6.91429
21.3238
12.4381
17.8667
10.6667
4.7619
28.3524
19.2952
35.0381
28.2762
42.6095
9.01905
6.04762
22.5714
42.9429
22.7143
9.99048
44.8286
30.4476
18.9714
28.8857
9.24762
36.1905
26.2571
36.8381
5.92381
30.4476
6.4381
8.42857
38.9619
15.3143
32.6952
40.6667
36.0476
24.8095
6.57143
41.9429
5.88571
32.7714
36.5619
11.419
47.2762
24.2571
7.47619
5.8
43.4476
9.40952
11.5619
37.7048
51.4762
18.819
15.9048
11.7238
31.7333
20.8857
7.10476
59.2381
50.5905
57.619
6.31429
12.019
29.9143
41.619
10.5619
21.1143
42.8762
61.6
16.381
42.7619
35.8952
5.17143
15.3333
38.581
32.8667
4.42857
33.9524
8.60952
28.4667
48.4667
12.8952
22.5238
25.1238
15.4286
11.6
44.2667
29.1619
7.22857
30.6381
21.2857
16.1619
9.84762
32.2571
4.89524
31.8381
10.9429
36.3333
26.2571
32.6095
7.88571
8.19048
12.2
9.80952
55.3238
27.7238
20.019
6.65714
17.7905
17.1524
40.1048
12.5905
22
12.6762
63.3619
25.0952
7.27619
14.419
30.381
52.781
9.85714
7.75238
19.5238
5.77143
16.6286
7.18095
32.6381
53.8762
5.25714
53.7048
68.4571
5.51429
22.1143
22.2571
8.87619
31.1524
29.6667
17.0095
20.3429
10.4095
32.0571
28.1429
32.8857
27.5905
38.2095
7.67619
53.1048
46.3238
63.7429
9.21905
63.4381
46.0286
52.9619
78.5714
17.6571
5.80952
11.7238
16.7619
10.7619
23.4095
26.0667
11.7524
8.08571
10.7048
31.1714
6.14286
18.3905
64.819
4.25714
5.19048
30.7429
36.419
50.2571
44.1905
53.7238
21.4571
8.90476
26.9048
32.4952
24.6
53.1524
32.1714
34.8
10.4
39.6762
11.1714
19.5714
15.8
6.57143
17.4667
6.88571
17.7619
18.1333
9.82857
44.8095
68.7238
17.8857
21.2762
24.5905
22.9524
38.5238
73.9143
10.8381
20.4857
31.3429
34.7619
46.4476
6.73333
33.2952
8.71429
36.5619
27.6857
16.5333
43.4
18.3905
12.1429
28.7524
13.8667
37.8762
34.6286
60.1238
15.8667
51.019
31.8286
18.9619
9.21905
6.50476
19.3524
36.2857
38.7048
17.3905
30.3714
4.9619
17.8952
11.9429
32.7905
38.0857
7.51429
34.4476
15.1619
30.8
40.4286
15.2
7.78095
11.219
22.4571
16.9143
21.219
13.2381
33.7238
4.33333
11.2571
5.75238
16.3905
52.8286
35.3143
15.581
12.3238
21.4857
9.18095
26.4952
42.8571
53.6952
8.70476
7.1619
41.2667
28.7619
31.9714
24.9619
23.0381
16.9714
25.6857
16.5619
37.7333
20.1143
20.6762
22.1905
38.4381
10.8381
8.22857
38.2
7
16.6286
40.7714
61.8667
45.7714
27.0952
17.4857
28.8286
50.2762
10.9048
5.42857
32.7429
4.9619
37.9619
14.2571
44.7905
24.2
19.0952
33.8381
15.0381
8.27619
37.9905
23.5048
10.4476
10.6286
18.6095
6.87619
7.55238
15.2
62.1238
44.6762
54.5333
16.2476
15.7048
11.2857
55.419
10.4095
22.8381
37.5048
18.5619
31.8667
24.6762
63.8667
18.781
8.78095
11.5238
90.8667
23.7714
28.6857
39.5714
34.7048
15.4095
17.7238
20.6381
46.9238
14.2
45.2857
50.5048
44.3238
23.4
26.219
9.86667
21.9905
4.4381
36.3905
58.0476
15.8286
12.4857
45.1714
23.6667
30.4667
7.17143
36.7143
34.1619
45.1714
29.7143
55.1905
27.6571
33.2571
23.6095
13.3714
33.2857
49.4
18.7714
8.90476
19.0095
19.9048
40.1524
16.819
7.42857
4.57143
7.64762
4.41905
15.219
17.8286
27.4762
14.5333
37.1143
4.73333
44.1143
14.6476
7.55238
4.54286
45.6381
5.54286
26.1905
4.92381
18.2286
23.8571
15.981
13.7333
10.4381
41.1143
20.8381
32.9524
8.19048
35.5429
16.4667
60.7048
21.0476
10.0095
16.6952
42.781
44.0667
18.3333
36.3238
21.8381
72.3238
14.4667
28.381
8.12381
16.1714
10.7905
11.3905
65.6762
11.8667
49.3524
8.28571
7.6
56.3333
21.6667
11.7143
63.2667
7.29524
8.07619
22.419
26.2381
12.1524
19.6286
16.4667
9.6381
13.8571
16.3905
27.2381
15.1143
17.1429
8.88571
6.97143
11.1905
36.2476
28.9429
24.6571
39.5238
23.1619
16.3524
16.0095
11.8667
49.4762
18.1524
23.8952
15.3143
19.9524
32.4
22.6286
9.6381
21.3524
7.72381
38.3905
8.1619
75.3905
43.7524
7.58095
49.2762
13.3714
22.5714
5.3619
8.45714
29.6857
47.2667
27.219
27.1619
7.2381
20.0571
21.2762
12.1048
28.5048
26.181
22.6476
12.7619
10.981
31.5048
10.8571
53.7238
16
9.86667
9.67619
7.72381
9.02857
9.94286
9.84762
18.2857
44.2
73.9238
8.49524
20.5619
5.49524
20.1143
21.1619
5.65714
24.2952
11.8286
8.98095
12.3238
9.13333
11.6762
10.9714
41.8571
29.7619
10.5619
12.2667
20.6571
41.6667
5.40952
7.87619
34.8286
34.2571
51.8667
13.2762
28.7429
28.3143
41.7429
49.7143
32.819
18.781
17.5619
56.219
20.9333
29.6667
71.7524
17.581
35.9429
58.3714
19.2095
5.82857
33.0476
45.6667
18.1048
12.6095
30.1238
24.0381
78.9524
48.1048
19.4952
43.5714
35.4667
50.1524
20.5048
34.9429
36.9143
31.2762
13.0476
37.5905
36.7333
28.181
17.8762
32.981
18.6667
33.3333
19.6667
18.181
47.781
11.5143
17.819
8.35238
9.17143
25.4667
29.7429
26.3429
19.5619
8.85714
25.6
6.66667
70.6667
58.1143
49.3714
55.6
12.781
28.7619
16.4762
21.4667
23.381
21.819
12.2857
13.4476
12.6952
53.1143
31.381
30.7714
41.6286
8.40952
11.3429
10.5905
42.8
15.1143
20.9905
6.87619
28.7524
45.2381
14.3048
27.7524
13.6857
43.8571
34.1429
26.1048
6.04762
50.019
25.7238
24.4571
27.5524
35.4667
18.9619
14.1905
17.4857
18.0381
22.3524
36.3619
39.8952
22.0952
71.5429
9.92381
17.9429
38.419
6.9619
16.5714
20.5429
6.6
19.6952
6.8
5.39048
15.181
8.34286
19.5238
6.02857
38.2571
25.2762
7.97143
28.1905
7.60952
17.3238
13.3333
35.3333
17
26.3143
23.2476
6.40952
6.99048
12.2286
22.2571
14.1905
29.5048
21.1619
7.47619
18.6571
32.1238
27.8
13.6857
6.4
30.9905
14.6667
10.7048
43.619
21.0762
18.3333
23.9619
12.981
32.9905
18.7143
11.019
27.2667
51.7714
32.1048
38.2571
21.219
17.7143
19.4
8.89524
32.4952
11.2667
26.9238
20.3905
21.8762
29.2571
23.7714
8.22857
14.9333
41.7333
6.39048
17.0286
18.2095
35.9238
35.8476
18.0952
34.2762
14.9905
14.8571
15.4571
7.12381
19.3238
9.75238
18.0476
10.7429
23.9238
69.0952
76.0762
29.4381
39.5048
9.93333
19.9524
9.70476
15.4381
33.0667
32.4
31.4762
33.1714
44.8762
27.4
22.8762
17.5714
19.2857
45.9524
22.7333
4.40952
8.62857
23.2857
94.8286
16.1048
26.6
16.3714
9.07619
38.1143
11.5905
4.88571
26.7524
46.7333
16.4857
46.3429
6.65714
9.39048
35.4762
18.4571
9.7619
37.0762
14.8571
129.933
22.7905
16.9619
46.4952
16.3143
16.6381
30.3905
9.88571
29.6667
8.70476
23.381
4.55238
38.381
22.2952
30.5333
28.9238
62.4381
14.2476
15.7619
14.1429
5.81905
29.8667
44.0571
6.51429
40.1143
5.15238
20.1429
48.0952
23.0476
18.5238
22.9143
11.7714
7.92381
14.6286
15.9333
14.7048
28.4286
19.2667
27.5238
13.9333
28.1905
6.99048
6.15238
8.64762
10.419
17.8762
35.0952
14.4952
23.2476
16.9143
8.68571
9.74286
8.17143
13
4.04762
15.8286
38.781
58.7238
11.1714
13.9429
21.3238
39.4857
28.7143
17.981
39.8762
5.22857
38.1238
52.8
49.9143
37.8952
5.51429
4.20952
11.019
10.3429
58.781
60.2667
29.219
45.8476
14.4857
59.7714
43.3238
46.9333
30.3333
55.7714
5.91429
39.0762
5.34286
41.5905
34.9143
33.6381
30.3048
15.3619
6.52381
30.3524
19.7143
10.3714
13.7905
9.93333
10.9238
21.8286
9.62857
52.5429
8.78095
47.4571
40.219
10.8
34.1714
30.7238
22.9905
15.219
10.9714
38.4857
19.5238
22.4667
9.44762
42.1524
21.6286
41.2095
62.4095
77.4952
19.1048
13.0571
17.1619
61.4952
28.8952
12.5333
45.6762
12.6476
14.0857
28.4476
19.4476
11.4952
18.4
90.2476
28.381
5.1619
5.80952
8.72381
29.581
27.5238
8.80952
18.7333
10.0476
7.65714
23.3333
6.08571
32.7714
5.42857
31.0571
25.9048
4.98095
14.6571
15.9238
60.981
10.3048
21.4476
25.4
21.4095
28.4286
76.7143
39.2762
16.6381
22.7714
4.58095
7.38095
6.59048
15.0381
26.6857
16.9714
21.5905
28.8571
20.4286
21.3905
27.3905
22.5714
16.7048
11.0286
43.3429
16.419
9.89524
15.3048
37.9048
15.619
22.9429
9.21905
10.4952
4.89524
7.17143
25.8476
20.0571
4.59048
27.581
25.4762
50.0857
5.94286
5.0381
12.2476
5.4
44.7143
38.0286
8.55238
15.5143
6.87619
23.1048
12.1238
11.3524
6.45714
10.0857
23.581
9.38095
6.80952
42
22.9524
47.3048
20.6667
8.98095
29.8095
8.25714
43.9524
28.0857
52.9619
23.9333
53.3714
14.2095
47.019
16.7619
41.7143
35.8857
38.0667
17.8
26.1048
25.0857
34.8095
43.0667
8.50476
21.1524
29.3429
9.93333
33.6286
12.1048
5.17143
28.2952
10.3238
17.4095
16.219
9.71429
36.9143
17.019
24.019
8.66667
54.981
5.00952
8.8
18.0571
22.1143
39.4476
6.4
40.6095
27.4762
39.2476
54.3143
10.7524
9.4381
29.2095
19.181
26.6095
15.6286
12.3143
26.4476
64.3143
39.1619
39.6667
12.2
34.6381
26.3048
25.6095
26.2952
16.4857
9.52381
50.2476
14.1905
19.7619
40.9238
15.5714
5.44762
10.6952
8.39048
7.54286
50.4286
22.1619
15.2952
22.9238
17.2857
26.1238
34.0952
5.10476
9.27619
46.1619
27.2571
20.4381
10.581
29.3619
6.09524
20.1714
14.9429
19.7048
31.4762
33.2476
9.66667
5.79048
3.54286
19.019
8.25714
24.4667
3.09524
7.68571
4.65714
31.1048
28.0952
9.48571
28.1905
12.019
19.0667
47.3333
40.1905
20.0762
5.75238
12.2381
14.6857
56.9524
10.9143
45.3143
9.11429
13.5143
14.6381
44.2667
5.25714
16.1905
31.1905
35.019
50.2476
29.581
10.2095
10.9333
10.4762
27.0571
43.4381
16.4
30.0571
10.8952
8.00952
5.58095
9.52381
21.381
21.8095
4.15238
7.87619
26.7048
38.9905
9.17143
35.9238
21.5905
6.92381
8.50476
5.35238
67.3524
13.1048
30.4381
52.3048
10.6667
15.2381
24.1905
28.8095
45.9429
46.381
30.2286
51.4381
58.4
15.3333
11.1143
24.2476
4.46667
3.93333
28.8
8.45714
25.581
4.49524
6.79048
5.88571
11.2667
14.5714
10.219
8.41905
9.49524
5.65714
36.7048
20.6857
14.1714
3.74286
19.2381
41.181
6.01905
5.54286
23.5714
52.8
34.0667
4.00952
17.5048
12.1143
31.5333
4.08571
8.70476
9.37143
8.2381
8.28571
22.6571
17.5048
21.8381
15.1524
23.1238
4.52381
11.1905
7.46667
16.9429
16.3619
16.8762
6.90476
9.02857
25.0762
29.819
14.1238
3.57143
6.51429
9.13333
16.7143
12.7238
5.1619
41.3333
28.219
13.7238
4.41905
30.181
3.38095
27.619
6.88571
8.30476
11.619
15.6095
5.7619
12.9143
13.9143
10
7.37143
18.3524
14.2095
6.01905
8.92381
3.72381
64.781
36.9905
17.9143
9.40952
16.5333
24.781
35.1333
27.1333
18.6286
3.6
42.8476
47.5143
6.39048
10.5048
34.2
10.1048
33.8762
18.0857
21.819
6.14286
25.181
5.59048
17.6857
5.4
6.13333
5.55238
33.4476
6.90476
11.8
13.819
8.53333
22.4
124.676
10.781
23.819
8.27619
17.6286
3.8
23.1524
3.29524
24.6095
5.40952
24.0667
24.4
17.6857
52
17.6857
15.9524
21.9429
12.3905
11.0095
20.3714
11.6095
19
9.67619
47.981
16.7619
7.34286
45.2286
7.79048
36.7143
7.68571
4.78095
20.8381
22.3714
34.2
7.12381
18.7714
28.5714
27.5143
8.59048
8.13333
8.57143
46.0476
26.7238
33.8857
23.5429
4.59048
3.51429
51.4095
53.5048
22.7524
4.20952
48.9714
15.4571
13.7048
6.58095
73.2571
3.6
36.4667
4.6381
40.1524
27.5143
48.781
3.8381
10.7048
6.20952
11.4667
31.0381
41.6286
4.74286
3.30476
57.9429
16.8286
5.2
32.6476
30.6667
21.7524
34.7524
25.3333
40.2762
14.0952
16.9524
28.581
49.7048
17.3048
27.7714
5.5619
14.2952
19.6381
12.5048
29.3048
18.9238
6.8381
9.10476
9.10476
10.4762
29.2286
5.30476
32.8286
8.82857
20.8762
15.6667
38.9143
6.14286
27.2857
45.4571
20.3619
7.75238
28.8381
30.4095
11.5429
10.2
3.27619
15.5333
20.7714
19.5619
28.3905
5.26667
33.7429
4.58095
6.5619
28.6286
8.05714
5.52381
45.5619
7.75238
13.2667
11.7143
3.87619
7.22857
7.00952
23.7714
5.04762
8.6
3.32381
6.37143
4.25714
19.4476
11.5048
7.47619
21.8095
44.219
7.54286
25.9524
42.3333
15.4667
23.2095
6.80952
30.0667
24.4381
3.37143
23.8952
8.27619
10.5429
30
4.64762
18.2952
12.0571
32.0286
22.019
17.7238
41.3048
52.8476
3.46667
35.3333
15.1048
26.4286
55.2762
53.5429
10.781
8.21905
24.4952
4.37143
4.32381
7.55238
24.6857
27.2476
3.26667
26.4286
4.93333
45.8571
23.3333
36.3619
34.1238
29.8571
51.581
3.34286
25
5.78095
17.7238
27.3333
18.0381
6.81905
25.019
5.37143
14.1048
11.9714
18.8
61.2952
42.1524
16.3524
34.3524
165.886
39.5048
18.6381
4.30476
5.35238
7.12381
12.3524
33.0476
36.1905
25.3143
24.019
35.4857
5.8
42.5143
3.95238
5.5619
4.86667
5.74286
36.4476
6.68571
50.3429
16.6476
23.6476
16.4667
35.7143
8.04762
14.2095
21.2762
10.2857
8.71429
46.2571
38.6095
47.2
5.37143
4.60952
16.4952
8.29524
30.0762
6.74286
16.2571
17.3143
35.4476
43.2571
6.26667
5.4
15.2571
13.3333
11.0667
48.0476
11.6667
70.3524
24.6857
12.5048
3.38095
24.7714
4.05714
16.0571
11.1143
4.18095
20.7714
23.5905
17.9429
15.1714
41.8667
25.7143
20.6571
3.98095
18.8381
19.0571
26.6
14.7048
46.0381
28.8
7.21905
13.5238
6.35238
32.0381
14.6286
30.4095
3.71429
12.7333
10.9143
22.9714
4.6381
5.20952
4.41905
10.9048
16.9429
12.1905
31.1048
37.9143
16.4667
19.581
10.2095
26.1429
10.0571
7.94286
26.6381
17.3905
5.26667
11.5714
4.0381
3.02857
28.419
45.5524
15.3714
19.5238
11.1905
54.1905
6.44762
31.7429
18.7333
51.1619
39.1714
37.0667
6.8381
11.0857
19.7048
13.2571
7.00952
56.9238
59.4286
33
17.381
17.5429
42.8381
42.8476
13.9619
37.4952
64.1238
17.8857
29.8095
34.419
29.1143
28.0571
22.6095
4.04762
5.65714
39.4667
5.97143
6.53333
8.4
35.0381
5.46667
23.0381
6.90476
9.4
13.2
3.49524
7.14286
16.4095
4.97143
15.3333
21.3333
3.62857
6.13333
10.1429
22.8381
3.7619
14.5619
14.2571
19.6667
4.58095
4.65714
4.44762
19.3905
4.89524
10.0571
7.07619
3.80952
7.54286
3.60952
18.9905
20.6381
29.7524
14.6762
46.3905
10.5429
32.7714
12.0286
20.1333
47.7429
13.9524
6.60952
4.77143
6.44762
22.9238
10.0762
17.1429
42.8286
49.7048
15.0571
8.90476
33.381
15.2571
22.7714
4.7619
6.13333
10.6762
4.1619
22.3238
17.7048
61.3619
4.6
26.5714
33.3429
22.0571
12.5048
22.4286
18.3905
46.6
43.4476
4.48571
6.9619
4.53333
23.9048
20.1333
14.5143
16.981
36.4667
29.4381
4.0381
20.9333
32.5429
9.39048
8.04762
28.3143
30.5524
7.53333
62.4
14.4667
45.619
42.7524
29.8476
33.6476
7.52381
24.381
3.72381
6.20952
9.53333
13.3524
39.7238
5.13333
18.5048
21.781
9.34286
5.21905
3
25.0667
24.8095
16.3524
7.99048
36.2286
9.41905
16.1143
7.42857
21.2667
50.8381
19.5429
13.1714
18.0381
18.9333
23.7238
8.18095
6.17143
15.619
5.13333
18.8095
13.8857
9.61905
43.7429
10.6571
7.75238
6.30476
11.181
8.05714
35.1429
53.3333
4.8381
3.25714
5.7619
4.42857
23.6381
9.05714
17.1238
6.0381
37.1905
9.50476
24.981
3.45714
19.7238
4.46667
6.88571
8.97143
17.7429
6.2381
3.53333
15.3333
26.381
16.3619
7.45714
11.2476
15.5905
6.7619
4.77143
6.86667
48.4286
12.781
8.60952
6.90476
16.4476
32.9429
13.1619
21.7429
9.93333
36.5143
5.73333
8.9619
35.8952
4.80952
30.5143
5.27619
18.981
13.9619
6.39048
16.7905
4.88571
21.7143
24.7429
4.60952
6.54286
4.41905
42.6095
24.381
14.1333
3.04762
37.2286
12.3524
12.0476
16.5238
34.6952
3.17143
3
11.019
6.44762
5.46667
47.2381
4.93333
32.7143
11.1905
51.5619
8.6
32.7429
18.9714
12.7048
3.88571
4.31429
3.27619
49.4571
30.0095
12.0381
27.8571
6.29524
11.6095
26.4762
3.65714
32.981
41.9619
6.27619
28.5143
6.37143
23.6762
59.1048
25.219
10.9619
18.2857
20.8762
13.2762
52.0857
27.4667
20.9524
11.5905
4.17143
3.0381
3.50476
12.5429
48.2
4.24762
5.49524
12.7048
4.33333
5.95238
3.38095
31.5429
3.3619
4.26667
21.8667
4.12381
55.3714
35.9905
21.5429
38.6667
9.6381
3.50476
16.4381
3.2
41.1048
10.0095
12.4286
4.8
16.5048
12.3714
9.79048
5.47619
9.04762
26.5048
27.0476
5.18095
29.8381
5.39048
47.981
32.819
3.04762
12.9524
29.4952
24
30.219
15.0571
26.7333
18.5524
5.72381
15.9143
19.5524
14.4
5.11429
38.9429
21.5333
9.4
3.29524
17.4
9.27619
6.62857
6.2
34.1429
39.3619
5.66667
7.01905
25.4381
15.5524
21.7143
27.1048
26.9714
53.0571
32.9333
22.0381
40.4286
15.4571
7.4381
7.81905
3.35238
3.29524
28.5238
5.25714
4.41905
3.88571
31.5429
47.6857
16.1714
39.2286
20.2571
12.6667
28.3524
13.1714
10.1429
21.9619
7.07619
15.6762
17.1524
13.6857
18.9905
13.5333
52.2667
26.3238
13.0476
29.4762
31.7143
9.68571
22.2571
20.9048
4.18095
23.0571
24.8667
41.0095
7.49524
47.2571
5.27619
27.5905
27.2762
19.7333
18.2952
11.9333
7.38095
6.2
19.6476
59.1524
33.1429
3.71429
10.6571
16.6571
7.74286
19.8381
35.8381
26.4095
31.8667
51.0571
41.9619
31.0857
32.781
33.7238
5
29.4095
28.7619
5.61905
34.5429
27.9714
38.1524
8.41905
15.4476
3.72381
36.6667
45.1333
26.9524
5.73333
21.6952
11.1143
4.97143
11.8762
26.4095
7.58095
7.51429
32.4286
33.981
40.9905
3.47619
4.9619
5.60952
14.3143
8.24762
11.1524
19.8571
8.59048
10.1714
3.37143
12.1048
14.7238
16.8667
40.6381
17.419
24.0857
8.26667
79.2095
5.53333
9.47619
21.5048
4.00952
3.74286
6.53333
29.2571
16.0286
14.581
4.11429
7.14286
4.29524
9.12381
7.5619
17.6667
14.1714
7.45714
14.8571
11.9333
7
3.2381
15.4571
11.0095
30.819
22.7048
23.6667
15.4286
14.0667
30.0286
8.08571
20.8476
7.41905
31.7429
5.64762
6.10476
20.8
39.4381
14.8
5.68571
3.20952
6.55238
11.3333
7.08571
4.13333
46.6667
32.2667
19.6667
23.019
4.46667
15.6095
14.619
19.3524
14.1905
28.1714
17.1524
8.9619
5.49524
42.2095
4.55238
16.981
35.0095
22.5524
25.4381
29.8
26.6476
29.9238
3.4
12.5048
27.9238
20.5238
4.78095
21
17.9714
36.9619
17.2286
6.14286
49.6381
3.75238
3.93333
5.42857
3.68571
5.4381
23.5905
17.5238
11.3333
13.3714
5.72381
25.5714
47.9143
24.4571
41.8762
6.94286
8.73333
4.38095
14.3143
18.4571
32.3714
17.3714
11.4762
25.8857
10.0762
33.3333
22.4571
20.9619
4.25714
30.7048
26.3143
24.381
14.0667
9.74286
32.181
6.13333
7.68571
24.619
8.41905
16.019
23.781
33.781
4.4
10.2095
58.7905
10.4571
17.5143
7.9619
5.52381
26.1238
60.8286
14.4857
13.0857
45.1905
11.7524
30.1905
24.2476
39.1238
5.06667
11.2381
3.70476
19.8952
4.53333
14.8952
21.2762
45.3238
7.85714
24.8
25.6286
14.0476
5.1619
30.6286
67.6
24.2952
16.3905
23.8286
34.2857
11.6381
37.0762
51.5524
25
18.9048
41.5333
31.7429
45.6286
12.1429
19.4762
47.0952
15.3333
30.8
7.18095
15.2381
32.1524
21.8381
43.0952
47.0286
18.8
36.3524
60.4571
15.181
4.41905
26.4571
25.6286
6.09524
21.6286
21.4857
36.9619
14.7905
13.6
51.0762
5.54286
14.3714
3.80952
38.9333
14.1714
4.08571
5.49524
24.9143
17.9524
23.5238
8.53333
48.581
39.8571
14.2857
13.4857
30.3333
15.2571
9.22857
41.3905
15.7143
9.70476
12.8381
20.7524
5.80952
26.8571
11.7524
11.9619
14.8381
7.27619
32.0762
33.019
49.4
30.019
3.70476
10.1048
18.5714
45.0571
6.06667
35.4286
10.4381
8.64762
36.4095
8.74286
3.59048
68.1143
20.4286
13.7524
54.2
38.7238
17.4952
7.79048
22.4952
30.6
64.6762
15.5905
10.3143
16.1619
36.381
22.0286
16.4952
19.4476
25.9429
22.1143
6.0381
10.3905
17.5524
7.66667
48.7714
5.22857
20.6286
50.4762
34.2952
42.019
25.1714
5.2
29.781
17.0095
17.1714
10.7905
44.8952
28.4095
17.5238
6.79048
3.80952
6.4
3.32381
17.619
23.3429
19.581
6.40952
16.9905
3.84762
17.9905
7.91429
8.84762
10.0095
17.7333
25.1714
31.7333
18.5619
4.40952
28.7143
3.47619
30.0286
4.79048
41.581
67.219
14.219
11.4286
52.1714
29.8667
3.15238
4.75238
24.3333
33.9905
48.4762
5.6381
31.4476
11.9429
55.4952
20.3048
39.819
20.219
34.1048
25.1429
3.05714
21.5333
8.0381
14.7238
35.5524
16.1333
28.781
14.019
29.7524
31.2
15.781
3.55238
71.9238
23.7238
4.37143
22.0476
31.7714
6.60952
4.3619
13.8762
23.3619
3.49524
43.1429
35.4381
3.37143
10.2476
30.981
24.9143
13.5429
34
15.181
3.70476
11.419
38.9905
18.6952
16.8952
32.7048
7.38095
43.8095
24.5619
17.2952
18.9048
6.06667
34.581
14.819
6.94286
22.7333
41.419
22.4571
5.68571
18.9048
5.04762
27.5714
6.55238
28.3619
23.419
18.4952
3.28571
24.4286
5.65714
36.5429
10.6571
45.6952
18.819
3.57143
5.04762
21.3619
7.57143
32.4667
47.8667
16.7429
4.27619
3.94286
15.5524
21
15.5905
4.57143
18.3429
4.8381
12.6381
71.6381
20.7524
48.3333
23.4476
18.0952
3.37143
12.5429
46.4667
3.78095
8.94286
8.53333
4.55238
42.3143
11.2
5.25714
9.51429
7.99048
36.6952
4.47619
18.0952
23.5619
17.1238
16.1143
16.5905
31
12.3048
35.9714
33.6476
6.99048
6
3
12.381
11.5429
19.3905
9.7619
27.5429
31.0286
3.55238
11.1619
15.8
7.0381
5.46667
6.4
17.2762
22.9333
15.1524
5.4
12.6952
15.381
18.5905
3.31429
27.1238
29.3238
4.25714
4.17143
6.25714
27.7619
3.65714
8.20952
43.5905
6.11429
7.61905
14.1143
56.3429
4.97143
11.4095
35.8667
24.619
15.9333
16
17.1905
6.99048
5.87619
11.4286
39.019
24.7238
32.381
30.0857
20.6667
50.1714
11.7143
17.7333
38.981
33.7333
17.0857
13.6381
9.38095
13.981
13.8952
20.1619
26.5429
10.4381
4.8
18.0762
20.9524
28.9524
5.46667
8.35238
17.4762
9.89524
29.6571
4.33333
3.99048
62.5524
26.6
28.5429
21.0857
15.0952
26.6571
21.5333
3.01905
11.1048
20.3714
27.6286
8.31429
5.99048
27.2571
65.1143
23.9143
21.5143
61.6381
31.0667
15.9048
3.1619
6.4
3.44762
27.4952
14.1619
14.9714
4.4381
15.0286
22.2286
39.8667
22.4095
32.1048
39.3619
11.9714
3.49524
39.0857
17.6571
47.7143
47.2857
16.3048
24.0381
49.2762
24.1905
25.2476
15.6
6.7619
3.01905
3.93333
5.10476
4.99048
6.00952
3.73333
36.2857
27.2381
30.9619
36.4571
16.8667
31.8476
5.73333
23.7524
28.1048
15
17.1143
43.3524
34.7905
9.52381
10.4286
49.8476
51.0095
3.86667
22.5619
12.9048
23.3524
5.89524
3.33333
15.1714
10.6095
16.981
9.37143
23.3333
27.2857
4.68571
6.14286
4.30476
24.019
14.5048
17.5429
7.72381
9.62857
6.70476
15.9143
11.9143
42.781
14.1524
7.26667
32.6667
21.0286
7.22857
40.1524
23.9905
18.1619
13.7905
37.1143
21.5143
14.7429
8.49524
23.5905
9.84762
12.3619
41.8476
3.54286
19.5905
17.7524
30.0667
24.2667
19.2
5.2
26.8381
38.6952
3.49524
27.219
6.90476
6.97143
27.1905
26.4571
23.4667
7.51429
10.4857
31.7524
41.581
39.0286
24.4571
39.581
3.8381
5.15238
26.9619
8.19048
4.18095
12.3524
19.7143
49.0857
13.9333
52.6762
9.88571
14.3238
20.7429
11.5524
4.84762
18.8381
21.3429
20.3238
15.4286
12.5143
5.27619
15.8
47.8571
3.2381
40.8286
27.5048
9.14286
50.0762
30.6476
23.0095
22.819
8.55238
42.4095
4.59048
14.2667
37.4381
14.8095
6.00952
23.6857
69.0381
24.1143
30.3238
21.6381
10.7714
38.8381
5.4381
9.34286
9.04762
10.1524
10.1429
46.781
4.8
21.2476
7.95238
3
4.07619
21.9714
17.4571
21.6667
46.1143
15.9524
27.6
16.6667
38.5619
16.1619
10.9905
17.7714
45.5143
26.8571
8.11429
13.0286
32.2857
3.58095
15.2476
34.5429
4.10476
16.581
29.6476
35.5238
8.90476
24.4095
5.74286
12.6857
47.2
16.4
4.92381
26.3429
6.45714
11.4857
29.0476
4.62857
46.5714
17.6667
10.5429
7.26667
16.219
35.9905
18.1048
28.6095
11.1048
44.1048
7.81905
5.25714
3.70476
7.5619
13.4381
5.3619
41.9714
13.1714
4.20952
4.78095
8.3619
44.2952
8.38095
9.00952
3.2381
3.30476
37.0095
13.5333
3.40952
21.2667
3.92381
5.7619
51.6095
3.54286
26.0286
9.87619
31.6857
39.6286
15.8095
21.7238
17.8952
73.6952
26.9524
3.2
21.8095
4.06667
32.1429
20.2286
10.4762
20.1619
48.9524
3.87619
57.019
25.5333
12.6571
4.21905
8.17143
3.68571
17.1524
42.1333
16.5905
26.5619
30.6381
4.37143
13.3143
3.85714
37.8571
41.7619
9.46667
3.20952
5.48571
22.6952
23.2667
56.2286
30.0571
49.9524
24.9619
6.2381
13.9429
31.8286
7.20952
57.0762
31.3048
46.8
19.3714
11.4762
12.1048
21.1429
10.9143
22.8952
21.019
12.8857
11.6571
32.381
4.70476
5.92381
40.7333
27.2857
3.20952
27.4571
3.54286
43.6095
6.92381
22.981
20.619
18.4095
21.5905
25.7714
19.7048
18.3619
6.0381
33.9524
33.781
30.981
34.5524
46.2667
37.3429
29.819
6.61905
38.4476
13.1905
37
12.9429
5.75238
8.11429
38.4476
13.4476
12.7905
15.2952
19.7429
10.6667
8.95238
12.3714
17.819
16.9714
7.24762
45.1238
31.1238
35.8095
34.0952
29.3524
5.71429
7.12381
14.4381
6.35238
26.4667
3.52381
34.6
26.6857
6.60952
10.4762
16.7619
15.3143
8.5619
24.0381
54.6667
37.0857
19.381
42.2476
14.4857
15.3905
9.62857
23.2476
25.1619
45.0762
19.3333
29.0095
25.6571
7.2
18.781
9.62857
32.6571
32.4286
5.05714
3.21905
31.0381
25.2952
6.40952
3.87619
4.71429
31.2476
4.45714
19.8762
3.93333
12.1429
5.28571
18.2571
5.48571
12.4095
41.981
9.51429
7.7619
20.4667
15.1524
9.18095
37.381
31
22.819
18.5048
24.5714
30.1143
6.1619
19.8
15.8571
10.1333
6.82857
25.4762
17.7619
9.5619
5.41905
42.0381
24.5429
54.2286
23.5714
24.5714
34.9143
51.4476
9.87619
15.3143
4.34286
23.6
29.3429
22.1714
4.04762
5.08571
19.581
14.7524
4.30476
3.44762
59.8095
34.7333
38.0286
16.4857
5.50476
31.7238
3.15238
7.37143
14.8952
48.1619
17.1048
11.381
5.81905
43.6381
14.4476
13.2381
24.9429
8.79048
37.1619
8.37143
44.8095
11.7619
36.7905
5.2
12.6286
10.819
31.4095
6.40952
27.5143
5.91429
22.2381
5.2
43.2286
20.2476
5.79048
13.8952
34.7619
32.6857
8.93333
9.35238
47.3048
3.45714
16.9714
16.3333
18.3333
5.81905
7.04762
17.8476
20.9333
32.9048
4.69524
11.819
4.02857
22.9238
20.3524
14.0762
64.0095
38.1333
35.7143
6.09524
11.3048
5.20952
35.3524
3.51429
4.42857
29.6
7.22857
8.54286
13.9905
34.0095
13.3905
3.8381
5.86667
16.3143
5.07619
5.22857
31.2095
13.1333
25.4
8.33333
19.5905
9.2
3.33333
23.4381
8.70476
7.74286
37.3905
19.2286
7.12381
12.2286
19.4762
4.69524
33.7619
30.1619
23.1619
23.3048
3.12381
5.28571
12.2667
25.5429
3.2381
96.8286
8.05714
19.3238
42.8667
22.4857
6.84762
33.9238
5.1619
14.5905
3.10476
30.019
22.9048
15.981
8.82857
7.52381
4.15238
3.4
13.9143
12.8857
4.95238
21.5048
8.04762
14.8857
3.98095
13.9238
26.0857
30.9333
13.2571
17.8571
16.9143
4.6381
10.8286
16.8857
3.3619
14.8571
22.4952
27.4286
32.7143
17.9905
36.2667
26.0381
3.54286
18.0476
13.8952
33.7238
8.28571
31.3333
13.5238
6.91429
39.7143
44.181
7.14286
7.37143
23.5143
6.42857
19.619
4.86667
6.61905
20.3333
28.5048
20.1714
14.0571
42.819
37.3619
11.5905
45.4762
6.00952
19.3048
13.8952
40.7333
8.57143
28.8476
16.9429
13.8762
17.9619
13.5619
30.7714
25.0952
10.8476
25.7905
7.88571
47.0095
40.2667
18.6952
36.2476
20.3143
17.6
3.19048
4.84762
50.2952
32.5333
26.5524
12.7619
16.819
18.1238
8.29524
8.3619
6.33333
5.08571
17.019
47.6286
5.02857
6.90476
5.92381
3.38095
4.50476
36.0952
4.66667
25.2
35.5238
31.6095
22.381
20.2667
7.47619
38.4667
16.6857
4.05714
4.52381
20.5619
6.21905
9.91429
38.8857
12.0667
44.3524
3.55238
6.77143
17.7048
9.57143
15.6
6.58095
38.0381
4.62857
51.8952
14.2
24.619
45.0952
17.0381
6.9619
14.0857
5.4381
19.381
37.7333
22.4762
9.65714
13.2476
53.0286
40.8571
4.02857
9.02857
4.47619
15.9619
20.5429
7.53333
6.97143
19.5143
43.2857
46.2286
34.2476
10.981
4.24762
11.1048
14.981
25.6286
10.3524
23.2762
14.7238
35.2857
33.2095
32.7238
23.6762
30.6286
42.5429
12.5429
19.0762
38.7143
49.219
20.4286
31.5143
33.4762
16.7905
7.27619
13.8286
20.1238
16.0667
46.3429
41.0667
34.581
20.9238
29.1714
14.3238
21.8667
9.37143
14.4857
8.40952
22.2
48.2381
45.2857
10.7238
6.05714
24.181
22.2476
43.4952
29.4476
17.6952
63.8095
7.13333
16.6381
9.4381
28.1714
31.4952
23.0286
8.6381
3.81905
10.4571
6.75238
50.6286
19.2476
7.72381
19.5524
5.41905
8.78095
20.4762
26.3905
32.0571
13.019
11.819
11.3143
4.7619
24.0762
18.8381
29.4476
53.2
25.781
20.2
11.2381
4.2
28.4381
3.19048
8.25714
6.98095
12.5048
4.22857
25.6952
7.6
10.2095
7.87619
5.06667
4.66667
3
5.04762
20.019
12.7143
39.9238
28.0286
25.7905
21.8286
34.6476
25.3143
45.0381
23.7238
35.3905
68.0667
9.6
19.6095
36.6667
6.8
22.3905
3.58095
18.7905
30.7333
50.819
5.48571
34.6762
4.21905
33.8
30.0762
3.37143
37.9714
4.42857
15.3333
14.3524
28.8952
30.9333
18.7905
8.32381
31.9905
4.61905
6.12381
15.2476
16.7524
11.7048
8.79048
4.8
56.1524
9.88571
44.9905
21.9714
5.31429
17.6571
43.419
28.219
12.819
8.94286
17.9429
40.7714
18.7143
4.73333
15.4
36.5048
34.781
45.3143
24.1333
30.3905
28.2286
47.2762
9.40952
19.6571
29.4857
8.32381
3.88571
10.219
12.819
31.4
8.17143
13.7714
24.3048
20.5905
3.69524
11.2476
4.69524
34.8857
46.1143
17.0667
5.5619
3.50476
9.97143
26.3619
13.2095
51.3429
29.5619
7.05714
3.71429
18.219
38.4476
26.0571
22.0667
15.0476
12.6381
3.40952
22
15.8952
5.20952
3.54286
6.12381
11.6381
5.26667
5.69524
24.8952
39.0286
39.6762
15.0095
20.6095
3.80952
11.0381
7.80952
11.9429
27.0952
29.3905
18.8095
19.5238
10.0095
7.77143
8.24762
18.619
60.5905
37.3238
6.47619
23.4952
47.6857
22.8286
18.981
18.5048
23.9333
5.15238
35.3048
33.019
6.50476
42.9905
3.52381
5.45714
18.2286
14.7619
4.89524
6.02857
20.9333
24.6
8.58095
15.2952
4.33333
17.0952
4.79048
24.219
51.4286
44.2381
6.08571
53.0857
8.75238
23.419
20.9238
31.3524
29.8762
49.0667
2.42857
37.8857
15.019
13.6571
7.05714
2
4.94286
16.2476
3.53333
5.72381
10.6
10.4952
10.7429
18.5619
5.57143
15.9143
4.68571
11.219
25.0381
2.35238
9.84762
4.70476
3.85714
2.7619
3.6
11.4
17.8095
6.98095
48.9905
4.6381
2.29524
3.13333
6.44762
17.1143
2.05714
2.89524
6.19048
2.31429
3.4381
2.64762
10.2952
3.40952
5.4
10.8762
9.5619
2.01905
9.07619
26.1619
11.6857
10.3238
2.57143
2.27619
34.8381
10.6286
14.2095
5.91429
14.3905
2.88571
6.49524
4.32381
13.2286
2.0381
2.3619
40.9429
4.70476
45.6667
121
9.66667
35.2571
12.7905
9.07619
3.07619
39.6095
35.2952
2.24762
2.8381
5.77143
4.60952
10.0286
9.11429
3.66667
4.52381
14.381
2.53333
2.73333
4.00952
11.6571
2.82857
33.5143
46.3905
49.2571
41.8381
19.8571
2.37143
23.019
2.71429
10.6952
16.8476
16.5905
43.9333
7.48571
13.381
3.4
14.619
10.2952
6.10476
8.64762
31.5143
5.95238
3.38095
9.81905
12.619
2.33333
3.7619
2.53333
2.01905
2.50476
5.21905
31.1619
11.7429
4.32381
6.12381
18.0381
21.2095
20.5429
4.48571
4.48571
25.5714
33.6095
2.07619
25.2
1.52381
19.5333
51.9143
1.26667
14.5143
8.79048
2.3619
5.52381
1.72381
20.8476
18.6667
1.19048
29.4667
1.20952
7.62857
1
1.7619
14.7238
9.38095
4.89524
3.01905
10.9333
15.4381
6.22857
28.7333
1.11429
1.09524
1.89524
1.18095
1
1
4.28571
47.4286
1.07619
1.19048
1.87619
1
27.3905
2.72381
20.9714
40.5905
13.9619
1.64762
1
25.981
1.02857
1
1.25714
1
35.6762
14.2952
3.12381
1.1619
16.7048
2.28571
2.11429
1.02857
19.581
16.9429
5.4
11.5714
1
4.09524
2.6
1
18.3429
36.3524
1.13333
11.4667
13.7048
1.04762
2.54286
1.98095
1
4.30476
2.44762
2.13333
1.59048
3.05714
29.9429
3.19048
1.19048
1.53333
1.18095
5.18095
1.65714
2.82857
35.2095
2.00952
1.06667
20.4
37.3143
13.0286
17.1048
1.07619
34.7048
1
1.15238
17.819
25.1714
1.78095
1.74286
32.8952
4.66667
1.17143
26.419
1.0381
2.38095
1
1
17.7143
27.4476
1
13.0381
1
2.74286
30.5905
3.79048
17.6286
1
1.00952
1.10476
23.9429
1
6.80952
46.581
1
1.0381
1.54286
2.06667
13.9238
2.98095
4.32381
6.66667
1.13333
1
16.5524
1
27.5238
3.24762
13.9429
1.92381
4.62857
1.71429
31.6952
18.1524
4.74286
1.06667
17.0952
43.4381
25.8571
1.72381
1.9619
1.52381
1.4381
1.02857
2.4
4.22857
1.39048
1.71429
13.4286
20.1143
1.00952
6.13333
3.69524
15.0476
42.8381
4.6381
1.01905
1.0381
25.0286
16.6667
6.94286
2.25714
18.3619
2.49524
1.07619
1.07619
1.04762
1
1.58095
1.11429
1.04762
18.3524
20.4476
17.4857
3.31429
1.67619
1.65714
3.06667
11.8952
24.4
15.0476
2.09524
22.7619
2.25714
19.7524
30.6952
5.04762
1.31429
1.02857
9.50476
1.42857
1.1619
29.819
24.0286
1
2.28571
4.60952
2.1619
4.44762
4.64762
24.0952
1
23.219
25.1619
1
1
2.13333
1.0381
23.8762
5.0381
1.30476
2.06667
1.3619
3.92381
1
2.4381
1.04762
9.47619
1.22857
1.61905
4.93333
4.95238
6.64762
2.2
1.00952
5
3.01905
1
11.5333
1.97143
2.28571
1.00952
1.02857
5.60952
1.09524
1.4381
41.181
1.0381
1.18095
1.81905
4.45714
1.37143
1
1
2.79048
2.13333
1.26667
1.48571
1.71429
7.95238
1.0381
26.9905
1.24762
3.68571
2.27619
15.4571
29.019
1.21905
1.7619
1.18095
29.8286
1.51429
27.0286
30.5333
2.2
30.3333
2.25714
1.6381
3.42857
1
10.5905
16.981
1.15238
2.88571
1.59048
18.4095
2.7619
8.26667
3.88571
27.8
23.9905
10.0286
14.3714
33.8476
14.219
35.5238
1.54286
1
5.57143
10.9333
1
2.09524
1.39048
1
1.58095
2.2381
27.0381
12.5143
1
1
36.6381
28.6286
1.06667
1.97143
16.6095
1.11429
1
1.53333
14.8476
1.39048
1.85714
30.4095
29.8667
1.04762
28.8095
29.8476
1.48571
23.4952
19.8667
1.89524
30.6476
27.9429
21.1048
3.25714
3.06667
2.17143
1
30.9143
1
1
13.2857
5.21905
2.01905
2.39048
1.33333
1
1.55238
3.8381
16.019
18.5524
1.04762
29.8286
7.25714
2.02857
1
1.04762
1
2.44762
1
5.84762
1.29524
23.0667
31.5524
21.1714
21.2
2.5619
1.78095
1.18095
21.7333
5.31429
3.6381
1.41905
28.5524
1.38095
9.05714
16.3048
10.4286
25.4857
1.1619
8.80952
2.6
23.5619
7.86667
1.71429
3.55238
5.5619
12.3238
21.7619
3.47619
2.15238
30
1.09524
4.15238
1.27619
32.5143
40.5333
6.21905
4.22857
1
1
1.24762
35.0476
22.4381
15.5048
4.52381
1.4
1.02857
1
21.9714
15.3048
13.4286
22.6381
1
6.2381
31.6667
1.50476
2.75238
1.2381
1.00952
1
56.4095
16.7714
18.3905
1.9619
21.7143
5.29524
33.581
18.3524
1
20.4381
33.6476
15.3333
1.65714
1.49524
1
1.01905
1.32381
1.12381
1.0381
15.5524
2.42857
1.12381
10.6286
1.33333
1.19048
1.3619
4.06667
2.59048
27.1333
1.02857
1
1.60952
2.65714
1
29.5333
1.2381
2.19048
25.7333
41.5143
3.51429
1
1.21905
1.01905
1.2381
21
4.74286
18.8381
2.60952
1.54286
27.2762
6.11429
1
29.5429
14.6286
1.50476
18.3333
1.24762
4.29524
1.40952
5.73333
2.82857
4.15238
22.2952
1
1
26.5714
1.3619
2.19048
19.8952
2.54286
6.42857
4.50476
1.79048
1
1.10476
1.0381
8.98095
2.2
13.3048
37.381
15.1238
4
1.24762
20.5048
1
1.01905
45.3143
21.6952
1.02857
1.01905
19.2762
12.419
1
12.7714
13.4762
1.02857
27.6571
1.18095
2.49524
2.34286
2.32381
1
1.00952
1.0381
1.22857
4.48571
7.28571
1.8381
1
23.5619
23.8476
2.30476
1.24762
1.08571
1.18095
8.40952
1.25714
20.7048
1.87619
1
1.04762
4.59048
24.9429
29.2286
33.2762
23.3238
1.05714
3.38095
23.7048
1
10.6857
1.58095
20.2381
19.0476
54.5524
2.82857
17.4286
2.21905
1
1.4381
3.08571
2.91429
23.9619
1.2
1.4381
1.06667
33.1048
1.38095
1.45714
1.14286
1
36.1143
1.05714
6.17143
1.0381
5.22857
1.3619
26.1238
1.27619
4.18095
1.88571
2.11429
1.0381
2.0381
24
1.0381
20.7333
1.35238
6.22857
1.30476
15.5238
1.09524
15.7048
19.7714
24.3429
1
1.15238
5.33333
22.9714
1.22857
3.66667
1.11429
1.38095
1.53333
1
25.619
1
4.14286
1.52381
2.98095
13.5619
5.92381
25.0762
1
1.01905
1.38095
1
1.28571
24.2857
4.68571
2.20952
1.33333
2.74286
1.04762
39.7905
4.73333
13.5333
28.0667
2.30476
21.1048
2.34286
1
3.09524
10.781
1
1.00952
2.05714
2.54286
1.86667
50.8952
1.2
26.5048
1
16.6476
1.17143
2.2381
1.64762
1.12381
1
9.32381
24.9048
1.71429
1
4.79048
1.9619
19.7238
17.9333
1
6.94286
10.9333
2.47619
1.08571
2.78095
1
1
1
25.2571
1.08571
31.3143
6.42857
29.2286
4.08571
1
23.3238
4.17143
27.1238
1.44762
2.53333
38.0571
1.20952
8.67619
1
20.7429
36.6667
1.05714
1
26.9524
32.981
1.0381
1.25714
2.86667
1.02857
35.4476
1.69524
20.0952
8.72381
1.00952
1.88571
2.55238
21.1619
1.62857
1.21905
40.381
1.50476
1.41905
25.9524
1.29524
38.3333
4.33333
2.44762
1.15238
1
26.8952
8.2
13.7238
14.181
11.4571
35.2286
14.2
1.78095
1
1.66667
1
6.04762
1.73333
2.46667
18.0952
3.07619
10.5143
14.8857
1.07619
1.18095
1.29524
1.80952
1.0381
19.3905
2.8
9.85714
18.2762
1
4.04762
45.5905
16.3524
18.6952
1
2.2381
2.02857
1.0381
1
1.6
11.0667
1
19.4
1
8.2
1.33333
1.37143
7.40952
18.0476
1.98095
1.18095
1.29524
3.58095
22.4476
1.48571
1.26667
3.01905
2.44762
1
2.6
1.1619
2.0381
22.3524
1.42857
13.9905
1.22857
21.4857
1.18095
1.05714
1.04762
26.1333
1.59048
1.69524
3.61905
2.15238
18.3143
1.32381
1.22857
1.01905
13.1048
23.5714
6.21905
1.20952
13.8095
13.019
3.5619
1.25714
6.9619
35.5905
1.00952
1
1.00952
1.39048
18.8762
1
13.8286
1.12381
1
1.47619
1.11429
16.5619
10.8
1.01905
1.13333
2.4381
1.45714
15.619
1
1.8381
30.0762
1.33333
2.25714
1
1.46667
15.3238
1.57143
1
1.37143
18.2381
1.29524
12.2667
25.6952
1
1.4381
1.41905
3.53333
1.19048
10.6571
28.4286
1.33333
4.44762
1
28.7714
1.64762
32.4952
1.60952
1
19.8476
3.09524
1
3.89524
1.0381
2.12381
1
7.5619
2.53333
7.17143
8.77143
23.5429
11.8952
24.3714
3.44762
1.13333
1.42857
1
13.6857
33.4095
1.50476
1.2
13.8476
1
1.17143
4.30476
2.6381
1.79048
48.4286
2.4381
1.08571
1.70476
1.08571
1.28571
1.29524
28.9905
29.4762
1
1.39048
1.06667
1.64762
6.60952
1
39.2476
27.7238
44.6476
1.41905
1.08571
7.15238
1
20.1714
2.08571
2.11429
1.01905
14.1905
15.0381
2.27619
1.13333
6
8.13333
1.06667
29.5524
2.95238
1.31429
1
1.98095
34.1143
4.6
20.6667
13.3143
2.18095
2.25714
16.7238
1.11429
28.5905
1.80952
17.8476
1.24762
3.65714
20.4667
1
3.47619
1
1
2.35238
1.98095
25.5905
37.6381
16.9905
4.5619
29.4
1.2381
1
1
1.8
19.2762
1.15238
46.4476
2.5619
13.4
15.6286
21.581
1.01905
2.90476
12.981
1.02857
33.0762
3.9619
1.02857
2.10476
1.20952
31.1333
1.02857
3.22857
29.0381
2.00952
1.32381
18.4667
1
1
2.80952
4.12381
18.8952
29.1143
17.7619
1.54286
1.49524
1.4381
1.28571
30.1048
3.25714
24.4
1.59048
5.4381
16.7048
4.18095
1.2381
1.33333
2.88571
9.80952
35.9524
26.1238
1.21905
1.26667
27.3429
1.59048
7.65714
1.29524
1.80952
1.02857
2
1
25.0857
1.50476
21.4476
2.41905
21.5619
6.99048
3.11429
8.19048
1.73333
1.69524
1.42857
1
8.98095
26.419
18.2952
62.2095
2.3619
1.0381
3.68571
12.9143
20.8
1.05714
27.9619
1
1.29524
1
24.6
1.78095
1
27.5333
34.5143
20.019
2.14286
11.5714
1.62857
10.6667
1.15238
1.17143
1
1
4.32381
1
39.7524
1.02857
9.4
1.10476
1.71429
24.219
1.22857
2.17143
28.4381
30.2476
28.6381
1.41905
1.73333
3.39048
1.81905
1.14286
1.04762
1
11.4476
16.6571
1.10476
3.18095
1.01905
2.19048
1
2.6381
19.3333
1.8381
29.1905
12.9333
1.6381
29.4571
1.06667
1.0381
3.66667
1
1.1619
1.2
1.65714
2.75238
1
1.21905
2.08571
1
1.48571
1.06667
1.05714
26.1048
15.2095
4.88571
2.20952
1
1
5.7619
1.29524
1.77143
1.17143
1.49524
1.00952
1.0381
2.09524
1.24762
1.05714
19.1333
51.4857
2.95238
35.8762
1.0381
14.9429
10.1238
1.06667
1
1.40952
2.77143
1.00952
1
2.14286
1.13333
1.3619
1
1.79048
1
1.4
1.13333
1
16.1238
10.9333
1.8381
1.60952
2.6
1.02857
29.6381
15.181
1.14286
4.0381
1.6
10.3524
12.9143
1.28571
32.7524
2.00952
18.0571
14.019
23.0571
2.11429
25.8286
1.77143
1
13.819
2.40952
26.3714
1
38.4095
3.10476
2.58095
35.6857
43.4381
1
26.4381
1.00952
1.98095
1.20952
25.0762
48.981
4.62857
31.8571
4.08571
19.5333
33.0667
14.2571
1.01905
13.6381
10.9143
1.51429
1
1.90476
18.5429
3.3619
26.1619
19.1524
27.2095
8.9619
1.01905
23.5143
42.3429
1.15238
2.07619
20.7238
2.46667
1.38095
1.66667
1.0381
5.6381
15.8952
1.0381
1.00952
29.0857
1.35238
18.3333
13.8667
1
2.87619
18.8476
1.01905
1
2.35238
23.3714
3.00952
6.6381
22.1238
30.9524
2.81905
4.86667
1.31429
1.21905
17.2667
2.06667
32.0381
1
1.34286
25.8095
1
1.19048
1
6.88571
20.0095
28.3333
14.1524
1.02857
29.6381
1.73333
1.4381
1
16.9238
1.06667
2.94286
1.58095
52.2571
30.2381
17.7333
1.80952
5.10476
8.79048
1.09524
2.49524
1
2.57143
16.7905
1.39048
7.67619
1.79048
1.01905
25.3619
1.04762
1
17.3429
3.98095
1.07619
1.69524
1
1.66667
37.9238
1.48571
1
1
1.7619
10.5238
1
1
3.91429
6.18095
2.15238
3.10476
1.50476
1
38.8762
14.2476
24
1.48571
1.31429
11.0952
6.44762
1
1
6.3619
1.90476
21.7333
8.58095
1.91429
2.58095
6.68571
13.181
26.5429
4.29524
30.5048
26.3143
7.08571
46.1524
6.71429
3.02857
58.0667
7.99048
22.6476
1.0381
32.7048
1.12381
1.40952
2.0381
39.419
4.40952
1.02857
4.75238
13.7619
1
1.8381
1.57143
1.08571
14.7714
14.5619
4.68571
21.4857
2.22857
26.4952
5.67619
1.51429
1.4381
28.4
18.4
43.5143
5.25714
41.4381
1.04762
5.07619
22.8095
24
15.4857
2.17143
12.1333
1
1.02857
7.68571
7.50476
3.59048
2.33333
1
15.181
1.50476
1.73333
1.02857
3.75238
1
2.12381
1.74286
1.01905
1.75238
1.12381
1.00952
1.06667
38.4
1.14286
1.95238
1
13.9714
1.00952
3.44762
3.06667
20.7524
29.6095
2.46667
1.6381
15.6286
16.1714
6.69524
1.12381
1
7.41905
2.35238
1.42857
1.50476
1
40.2571
25.9905
22.2952
1
9.40952
1.10476
28.6095
1.4381
24.7905
19.619
13.5048
23.9714
13.1429
6.80952
1
12.7143
33.019
35.6476
4.87619
11.581
8.2
1.82857
1.74286
1
15.7048
1.05714
8.17143
19.7524
1
1.77143
2.98095
4.6381
1.12381
44.4095
1.09524
1.27619
1.4381
12.8476
21.2
1
1.01905
15.6
1.05714
3.32381
28.8571
18.1429
1.42857
1.17143
3.51429
1.02857
20.6095
19.4
20.6381
25.6
1.4
1.28571
17.9429
1.29524
3.28571
19.3048
1.31429
32.4381
12.7429
3.42857
3.67619
1
15
26.3238
1
2.98095
2.0381
11.7905
4.46667
30.5429
6.71429
1.44762
3.22857
1.08571
1.90476
1.07619
1
1.9619
1.05714
2.94286
1.94286
1.92381
4.30476
1.17143
17.0857
4.22857
1
1.00952
1.22857
1.47619
1
57.2381
1.08571
1.27619
18.2952
1.27619
29.2667
1.07619
11.3333
4.91429
1.01905
1
1.50476
1.13333
15.4095
2.51429
2.81905
21.8667
1.01905
2.84762
1.02857
2.66667
1.48571
1.24762
1.02857
18.5905
28.9143
12.8762
1
6.27619
1.3619
8.58095
31
21.6667
2.32381
22.4095
20.4762
6.05714
1.49524
2.44762
17.4286
1
9.02857
1.73333
1.02857
2.49524
1.11429
41.4286
1.02857
4.24762
8.09524
1.08571
1
14.0095
2.06667
1.6
1
9.1619
1.04762
1.48571
18.9429
2.80952
1.60952
1.95238
36.1143
22.8667
2.57143
6.8
6.28571
1
3.19048
29.6857
1.20952
2.10476
27.7714
3.05714
42.0762
41.1143
16.6095
1.80952
4.0381
2.89524
1.02857
2.33333
27.6762
6.4381
2.06667
1
13.6095
2.40952
1.0381
1.20952
24.5238
1
6.53333
1.33333
1.50476
2.12381
1.3619
27.3238
18.3048
1.01905
1.24762
24.9524
16.8857
1.84762
23.9714
1.10476
1
27.9619
22.2857
5.89524
1.62857
24.6571
13.7238
1.95238
19.8286
6.88571
5.21905
22.4857
1
32.4667
1.07619
35.9429
1.99048
1.04762
17.0095
1.01905
23.181
16.381
6.42857
1.15238
2.05714
1.31429
1
1.97143
1.54286
1.00952
13.6476
29.5048
42.8
15.2
2.1619
1.10476
10.0095
25.1048
24.181
1
1.48571
1.81905
2.41905
14.0762
2.07619
1.89524
1.0381
1
2.91429
1.40952
7.6381
1.20952
26.5619
32.3619
1.02857
1.44762
11.7524
43.3143
1.15238
58.6095
1.74286
1.29524
6.2381
23.3048
34.4381
38.181
1.38095
4.1619
1
1.11429
7.72381
22.5333
33.0286
1.18095
14.9238
37.2286
1.57143
2.35238
22.5524
28.6762
1.37143
4.82857
1.06667
3.81905
18.4476
12.8667
1
4.08571
1.47619
21.6952
7.15238
1.70476
16.1619
1.80952
16.1524
1.2
20.8857
2.44762
1
1.73333
25.6857
39.019
4.05714
2.31429
1
1
25.2381
1.06667
1.04762
2.9619
14.8476
15.4762
22.4095
1.04762
2.50476
1.17143
22.9333
30.2571
3.9619
1.44762
52.619
26.3429
13.2952
2.8
35.981
2.25714
1.02857
41.6667
2.28571
1.77143
9.21905
2.71429
1.99048
4.64762
1.3619
5.18095
27.781
3.20952
1.51429
2.3619
2.00952
2.4
39.8381
49.5905
17.2476
5.00952
6.01905
1.13333
37.4095
41.4857
25.0762
5.71429
1.0381
8.84762
1
22.8476
28.019
24.9714
4.10476
26.9524
2.81905
6.48571
1.3619
11.5048
1.17143
2.79048
2.51429
3.9619
3.91429
33.5714
1.20952
1.02857
15.2
41.781
32.8286
39.9143
1.27619
1
1.02857
2.72381
3.07619
26.0286
7.52381
1.13333
13.6952
1.11429
6.84762
38.9333
7.12381
1.18095
3.24762
20.9905
24.9619
5.17143
11.3143
1.58095
1.24762
1.58095
1.10476
1.07619
2.04762
1.75238
1.78095
2.51429
1.1619
3.49524
6.5619
14.8476
1.81905
1.05714
1.04762
27.4286
1.91429
1
14.1619
17.8476
2.72381
1.0381
1.6
40.9429
3.93333
1
27.6095
1.48571
1.31429
1.06667
1.2381
1
1.34286
29.0381
1.24762
3.04762
1.87619
33.1333
34.5333
1
3.64762
1.25714
25.2476
21.6286
1.45714
19.6
4.8
3.19048
1.2381
1
37.1905
15.3714
1.01905
21.3714
1
3.71429
2.32381
1
39.819
18.3905
1.52381
1.88571
24.1619
3.3619
34.3714
33.9429
1
9.25714
1.53333
1.2
1
1.54286
2.77143
1.64762
1.13333
37.7524
1.59048
1
1.24762
2.51429
1.01905
41.4571
1
3.90476
24.1524
25.181
2.67619
10.6286
1
12.6857
1.2
11.0762
17.7619
1.61905
7.38095
1.30476
36.9524
1.01905
2.3619
1.15238
12.381
1.70476
19.8286
1.10476
20.3714
15.7524
2.2
30.2571
1.49524
3.44762
13.7714
1.09524
8.84762
36.7143
4.0381
2.85714
14.4095
1
3.62857
12.9714
1.28571
1.07619
15.5238
17.7905
2.84762
1.71429
23.3238
49.0857
34.9143
10.4857
2.4381
16.7238
1.30476
22.2381
2.45714
1.51429
41.819
22.2286
1.15238
2.82857
11.8952
1.05714
1
2.34286
16.2762
2.90476
36.019
2.31429
17.3714
3.26667
17.7333
1.55238
5.1619
1.50476
21.6571
1
1.45714
1.2
5.21905
11.1143
1.09524
42.8095
16.9333
2
20.9333
1.60952
1.0381
1.27619
1.39048
1
15.3714
22.4952
29.6952
1
2.69524
1.1619
1.51429
8.72381
1.02857
32.7048
1.02857
20.4571
1
3.26667
25.2
7.8
1.00952
1.25714
10.7048
2.64762
1.13333
30.3048
1.2
1.00952
1.06667
1
3.38095
1.08571
23
1.6381
9.26667
25.2476
1.61905
1.08571
1.12381
22.1905
9.47619
32.0762
24.7333
11.1714
1.05714
23.9619
2.2381
17.6571
15.0095
15.3143
1.15238
14.3048
8.25714
29.4381
1.18095
21
5.64762
2.33333
2.87619
1.40952
1.2381
1.99048
18.2476
3.45714
1.17143
1.4381
6.6381
4.27619
1.89524
1.1619
3.48571
1.10476
1.14286
1
4.98095
1.25714
2.30476
28.7238
1.01905
1
