10876 34740
12.9333
8.94286
4.20952
7.91429
5.41905
6.7619
8
5.51429
9.39048
9.29524
11.4857
6.0381
9.01905
6.72381
10.6381
6.39048
4.44762
9.54286
5.78095
11.2476
9.66667
7.14286
4.77143
8.50476
4.62857
10.6857
8.93333
4.46667
4.30476
5.32381
4.69524
5.65714
6.53333
6.71429
6.29524
5.05714
8
7.67619
10.3524
7.86667
4.85714
8.9619
12.6
9.3619
5.44762
5.59048
9.81905
8.69524
4.39048
9.5619
6.26667
7.67619
9.99048
6.57143
7.65714
11.7619
4.41905
8.01905
7.30476
6.98095
10.6381
10.3048
12.6952
8.21905
5.14286
9.17143
5.95238
4.58095
11.6667
4.46667
11.9714
6.92381
7.61905
6.88571
8.77143
6.5619
5.9619
6.81905
7.25714
6.66667
7.52381
5.8381
5.34286
8.99048
7.41905
7.61905
11.0381
8.79048
6.34286
6.92381
6.26667
7.54286
4.77143
7.89524
6.25714
5.73333
8.00952
11.0286
5.69524
9.41905
11.3143
8.88571
6.72381
4.1619
6.65714
8.92381
7.69524
4.45714
4.70476
11.3714
7.17143
6.61905
9.11429
6.21905
6.81905
7.62857
5.58095
7.57143
9.90476
6.98095
12.6762
6.2381
5.73333
5.21905
4.28571
11.781
9.84762
12.8571
11.2476
10.4952
6.61905
8.51429
7.59048
4.7619
10.419
8.99048
9.91429
7.84762
7.94286
5.40952
10.0762
11.6476
8.60952
7.84762
5.47619
10.5429
8.05714
8.33333
7.84762
8.15238
6.40952
11.8
10.4095
7.41905
7.53333
9.31429
9.80952
7.74286
5.2
6.13333
6.74286
11.7905
7.22857
6.97143
11.2476
7.17143
7.12381
6.0381
8.6
6.35238
7.37143
6.49524
6.95238
6.2
4.48571
4.38095
8.30476
9.40952
9.77143
9.54286
9.88571
11.6286
6.10476
11.3524
8.62857
8.30476
7.52381
6.26667
8.49524
13.4476
9.53333
10.3143
8.24762
7.42857
10.3238
6.0381
5.70476
6.1619
5.59048
10.0286
7.62857
6.2
6.53333
9.41905
5.02857
4.3619
7.68571
5.87619
8.65714
7.97143
7.42857
8.31429
4.77143
9.50476
8.87619
6.93333
6.6
4.6
8.67619
4.28571
6.47619
5.33333
7.44762
12.8952
8.20952
5.49524
7.3619
4.60952
5.4
5.51429
8.28571
6.84762
7.01905
6.41905
5.60952
5.27619
8.92381
6.35238
4.41905
6.90476
4.79048
5.58095
4.20952
6.92381
10.2476
11.0571
8.39048
10.4381
8.44762
8
7.79048
7.07619
7.46667
4.41905
6.92381
6.74286
8.2381
7.2
7.31429
7.12381
8.31429
8.14286
9.18095
5.22857
6.80952
4.55238
9.30476
11.2952
10.2667
8.32381
11.5048
10.8095
13.7333
7.65714
5.34286
8.13333
8.25714
4.33333
9.38095
9.90476
9.51429
7.55238
4.51429
6.8
8.91429
9.75238
5.14286
8.27619
8.73333
10.9714
8.38095
9.14286
8.21905
9.45714
8.32381
10.4
6.51429
11.0952
9.2381
6.00952
5.35238
8.3619
8.18095
10.6476
7.59048
8.05714
7.57143
6.45714
4.45714
9.6
9.78095
10.5238
7.92381
10.581
7.87619
5.6381
4.46667
9.00952
12.581
9.41905
4.78095
4.58095
7.39048
8.00952
7.7619
6.73333
6.90476
7.41905
10.8095
9.4
4.62857
15.3333
4.44762
4.85714
6.7619
6.28571
4.8
4.65714
7.85714
8.37143
8.06667
4.8381
4.54286
6.60952
5.1619
7.4381
11.8381
4.89524
6.0381
6.3619
8.50476
8.40952
10.3524
4.68571
7.34286
8.02857
7.11429
5.48571
6.71429
4.49524
4.22857
8.66667
4.28571
7.32381
7.13333
7.39048
8.09524
7.17143
6.20952
7.81905
7.50476
6.12381
5.50476
7.41905
4.45714
4.97143
5.8381
5.65714
7.97143
11.0667
6.2381
5.70476
9.99048
9.47619
5.40952
14.2762
10.6286
11.6762
10.4
7.7619
7.79048
9.45714
10.5238
8.95238
10.9429
9.52381
10.8571
8.25714
7.78095
7.75238
5.00952
9.6381
6.7619
9.53333
4.64762
5.97143
9.66667
11.6095
8.8381
8.4381
5.04762
6.35238
8.8
7.30476
7.87619
7.13333
5.42857
8.0381
8.58095
5.33333
12.9048
6.25714
7.25714
4.45714
8.80952
6.9619
7.93333
4.64762
4.66667
5.67619
6.30476
5.92381
8.15238
4.40952
9.02857
7.8
8.29524
6.02857
7.6
7.68571
9.02857
7.14286
7.40952
7.57143
8.52381
9.30476
8.85714
7.11429
5.6381
7.2381
9.3619
7.19048
10.6762
6.21905
8.32381
8.34286
10.3143
7.4381
10.7714
7.04762
7.64762
7.72381
10.1333
8.69524
6.46667
5.52381
6.17143
4.67619
4.48571
7.37143
8.78095
6.72381
4.54286
7.51429
6.98095
8.25714
9.57143
8.21905
7.89524
9.19048
6.75238
7.72381
7.89524
4.75238
9.95238
7.10476
12
7.2381
7.88571
9.11429
14.6381
7.47619
9.24762
9.58095
8.33333
7.81905
5.60952
9.1619
7.59048
5.22857
8.79048
11.1905
8.87619
4.60952
8.20952
7.13333
10.9333
7.80952
11.9238
11.781
8.27619
4.84762
6.02857
6.52381
8.59048
5.38095
11.2095
7.81905
4.38095
7.18095
4.45714
9.01905
8.04762
7.37143
6.04762
10.3238
8.38095
6.73333
11.0857
7.90476
9.09524
4.51429
4.70476
4.57143
7.00952
4.69524
7.11429
11.6095
9.28571
4.30476
6.77143
5.58095
10.2476
11.3238
7.53333
7.70476
8.58095
8.00952
6.32381
6.94286
7.14286
8.77143
5.55238
5.49524
7.42857
4.65714
10.8952
6.46667
4.53333
6.00952
6.6
9.80952
8.35238
4.84762
5.05714
12.0381
9.85714
9.24762
9.78095
7.98095
16.8571
9.12381
8.0381
9.21905
8.08571
8.61905
6.72381
11.3048
4.41905
12.1048
8.15238
6.86667
6.86667
9.29524
4.42857
4.86667
6.12381
12.6667
8.84762
7.24762
10.2476
4.71429
10.7905
7.86667
4.74286
11.1429
5.30476
7.34286
6.39048
8.01905
9.00952
5.62857
8.6
7.82857
7.38095
4.70476
7.90476
11.219
8.78095
7.68571
11.3619
11.5429
4.44762
4.55238
6.01905
4.15238
8.49524
4.17143
9.55238
8.30476
5.48571
4.4381
8.07619
7.0381
9.4
13.7714
5.20952
8.27619
8.8381
7.13333
5.31429
7.4381
5.67619
4.86667
4.34286
8.00952
5.86667
8.64762
9.18095
13.819
5.44762
5.99048
12.7619
6.27619
4.07619
5.14286
4.8
4.54286
7.22857
7.0381
6.84762
7.00952
9.22857
5.54286
11.9143
6.75238
7.68571
9.77143
8.61905
7.94286
5.6
5.94286
6.29524
8.94286
9.79048
5.98095
6.34286
12.0857
9.12381
9.34286
7.91429
8.62857
4.51429
4.49524
8.15238
7.92381
8.6381
8.73333
7.32381
8.6
7.11429
7.4381
7.59048
9.07619
8.99048
6.3619
8.26667
10.781
9.4
5.95238
6.9619
5.94286
10.2571
7.62857
6.66667
7.6381
9.12381
5.32381
7.71429
5.6381
5.95238
8.85714
12.7238
8.4381
6.17143
7.39048
9.13333
5.0381
7.66667
5.59048
6.51429
9.41905
7.08571
8.06667
7.40952
4.12381
7.19048
8.57143
7.34286
4.98095
10.0857
6.22857
10.2571
10.9905
8.89524
8.11429
7.7619
9.40952
10.581
5.94286
6.71429
11
8.68571
9.21905
4.31429
4.52381
4.45714
6.82857
5.64762
11.381
4.33333
4.54286
8.14286
6.2381
4.42857
9.01905
5.74286
9.9619
7.48571
7.27619
8.33333
10.5429
5.6381
6.5619
4.71429
4.77143
6.9619
9.29524
4.62857
11.4667
6.73333
7.06667
7.1619
7.12381
5.35238
10.9524
5.2
8.93333
7.90476
9.61905
10.7619
4.40952
7.22857
12.819
5.41905
10.8095
7.91429
8.13333
9.71429
6.39048
10.981
10.0095
9.39048
8.82857
9.29524
5.9619
8.92381
4.88571
8.41905
7.33333
6.08571
11.3429
8.24762
12.181
8.70476
7.18095
12.6381
10.1905
8.57143
9.1619
4.94286
8.94286
11.3143
10.2095
6.66667
7.51429
8.8
4.81905
5.01905
13.1429
10.619
8.14286
4.7619
6.8381
4.52381
9.34286
9.91429
5.72381
9.31429
9.34286
11.0286
8.21905
8.22857
15.3048
4.33333
7.92381
8.14286
7.87619
6.21905
6.78095
10.4095
9.37143
7.53333
7.07619
6.78095
10.5333
7
6.98095
6.8
7.70476
8.18095
8.0381
5.49524
4.8
4.05714
6.79048
7.94286
7.33333
7.26667
9.28571
6.66667
9.07619
5.60952
5.94286
9.67619
7.17143
4.75238
8.34286
5.91429
4.70476
4.87619
6.9619
6.68571
4.75238
4.68571
9.24762
8.93333
7.51429
7.07619
8.74286
8.41905
7.10476
10.4667
5.90476
6.79048
4.70476
6.21905
5.87619
9.46667
4.5619
8.98095
5.33333
6.02857
5.8381
8.91429
6.69524
5.45714
5.53333
5.82857
4.47619
7.15238
4.31429
7.6381
12.2095
8.11429
7.60952
9.42857
4.47619
6.38095
6.30476
6.95238
8.2381
8.08571
4.89524
5.67619
7.30476
7.2
7.10476
8.77143
7.11429
6.57143
9.58095
6.00952
9.10476
6.2381
9.91429
7.19048
9.45714
8.24762
9.40952
5.54286
7.3619
10.0857
8.65714
6.82857
5.4
5.75238
6.33333
5.1619
4.35238
10.8571
7.77143
6.2
8.59048
13.0571
7.80952
4.70476
7.34286
9.37143
7.57143
6.19048
8.14286
11.5048
11.8286
4.49524
12.9714
11.3429
10.3619
10.3905
6.59048
4.3619
11.1333
8.77143
9.22857
7.55238
6.78095
4.30476
6.25714
9.35238
10.7238
7.72381
8.30476
5
9.99048
9.8381
5.29524
10.3429
9.57143
8.4
5.60952
9.89524
8.58095
8.15238
5.40952
7.14286
7.11429
8.77143
8.53333
11.0762
9.67619
10.7524
5.50476
4.70476
4.44762
5.39048
7.69524
8.00952
10.6762
12.0952
6.49524
9.31429
5.65714
6.45714
9.25714
5.80952
8.48571
8.54286
8.64762
10.6381
4.75238
4.58095
9.92381
5.44762
6.95238
9.04762
7.55238
4.47619
6.33333
4.73333
6.26667
5.5619
5.8381
9.57143
6.29524
9.31429
9.81905
12.6571
9.06667
9.94286
8.2381
10.5048
5.8
7.04762
9.01905
5.65714
5.61905
9.6
8.73333
4.64762
9.97143
11.0667
6.71429
12.4571
7.82857
8.24762
6.97143
7.09524
12.2667
6.97143
9.74286
14.2762
6.29524
6.09524
8.13333
6.7619
7.70476
5.49524
4.98095
4.30476
8.14286
9.78095
9.0381
7.26667
6.91429
9.86667
8.4
10.2476
9.39048
11.5333
7.27619
7.11429
9.34286
8.05714
9.0381
11.3333
8.19048
7.86667
4.34286
10.1619
8.26667
5.30476
8.84762
4.89524
4.3619
7.04762
9.1619
6.35238
7.54286
11.7905
8.27619
7.67619
5.91429
5.40952
8.04762
9.51429
5.44762
5.4381
6.27619
5.62857
7.17143
9.31429
5.59048
10.1429
5.85714
6.2381
4.71429
4.67619
11.6476
5.40952
11.6857
4.7619
5
7.05714
11.9619
8.97143
10.0476
9.8381
10.6857
7.17143
5.20952
9.38095
6.05714
6.22857
6.62857
5.17143
8.25714
4.78095
8.59048
5.80952
7.01905
8.74286
7.5619
8.55238
9.93333
7.31429
12.6095
10.6571
9.34286
8.2
4.60952
10.8
9.31429
8.8381
6.68571
9.4
8.24762
7.84762
4.4381
7.86667
5.82857
6.60952
8.68571
5.20952
8.02857
4.91429
6.04762
11.2
13.8952
8.34286
8.80952
6.82857
6.54286
5.2
4.22857
7.31429
8.00952
7.5619
9.58095
4.4
6.04762
5.82857
10.5238
11.9905
8.89524
9.27619
7.32381
4.93333
9.48571
8.7619
6.20952
9.02857
9.09524
7.92381
10.2762
7.59048
5.52381
10.1429
5.6381
6.1619
9.37143
5.84762
9.11429
8.86667
8.80952
7.10476
4.25714
6.14286
5.11429
9.51429
6.06667
6.22857
7.27619
4.98095
9.61905
7.28571
9.57143
8.52381
9.67619
4.79048
8.89524
10.0762
8.18095
6.65714
4.4
7.58095
10.8095
7.17143
9.48571
7.37143
4.79048
5.50476
7.74286
5.31429
6.1619
6.8381
8.70476
6.55238
5.53333
7.57143
10.581
4.62857
8.02857
9.60952
5.08571
9.05714
6.4381
10.019
7.75238
6.5619
7.22857
8.08571
7.85714
7.3619
4.54286
5.44762
5.2
7.12381
4.5619
5.37143
4.33333
10.5905
8.19048
7.22857
11.4095
7.97143
6.8381
5.30476
4.5619
9.04762
5.4
10.7143
5.8
10.4095
6.41905
8.97143
8.04762
4.55238
9.37143
5.31429
4.29524
6.93333
7.46667
13.1714
11.9143
7.97143
9.34286
9.19048
8.02857
6.99048
6.86667
9.08571
8.08571
11.1143
7.13333
9.93333
7.48571
6.50476
5.71429
8.05714
5.08571
5.0381
7.2
10.9905
7.53333
8.62857
7.79048
4.46667
5.79048
5.90476
6.25714
6.72381
7.55238
5.1619
10.9524
7.28571
8.4381
4.39048
6.21905
4.41905
6.42857
6.88571
5.54286
8.07619
5.85714
8.49524
6.47619
9.90476
6.68571
11.7333
6.33333
9.80952
6.89524
7.61905
6.50476
9.14286
8.38095
8.08571
8.26667
6.2
8.80952
9.89524
7.00952
12.1238
6.99048
10.581
11.3905
5.29524
6.21905
5.67619
6.42857
7.3619
5.84762
8.19048
7.06667
6.42857
6.18095
9.98095
5.38095
4.88571
8.74286
7.84762
8.01905
6.58095
5.42857
5.8381
10.019
8.50476
7.20952
7.5619
6.99048
7.14286
8.73333
4.58095
9.64762
5.30476
5.01905
8.02857
7.77143
10.2
7.47619
7.53333
4.65714
6.46667
7.7619
8.22857
8.70476
5.57143
6.73333
10.4952
4.4
5.84762
8.34286
5.62857
7.00952
12.4762
4.7619
4.65714
7.81905
6.72381
5.3619
10.0476
7.89524
5.60952
8.80952
4.5619
6.00952
8.39048
9.27619
4.21905
7.6
5.42857
7.04762
10.6476
5.89524
6.53333
6.44762
5.29524
4.06667
10.1238
7.59048
4.52381
9.04762
5.94286
5.34286
9.67619
6.34286
6.28571
9.69524
9
7.01905
9.19048
4.59048
7.24762
6.82857
12.2286
7.06667
8.92381
10.581
9.66667
4.33333
8.50476
7.65714
8.04762
9.06667
7.27619
6.15238
6.84762
6.41905
6.34286
5.57143
8.33333
5.33333
8.12381
4.74286
6.67619
6.85714
5.26667
9.99048
8.17143
9.62857
5.55238
4.27619
10.5429
9.47619
6.77143
11.2952
6.20952
7.94286
14.8476
14.219
4.41905
6.00952
6.68571
9.45714
9.81905
6.50476
7.92381
4.65714
5.84762
8.01905
6.04762
7.38095
9.27619
9.51429
9.31429
5.4381
4.89524
8.17143
8.84762
9.34286
8.06667
10.0857
8.2381
5.09524
9.67619
7.02857
11.2476
9.24762
10.4571
8.69524
9.91429
5.85714
8.30476
10.0381
6.91429
9.8
8.67619
7.33333
9.91429
12.8857
8.02857
4.7619
6.58095
6.95238
7.95238
8.46667
10.3905
9.98095
4.50476
6.65714
6.38095
9.8381
9.45714
12.6857
7.15238
6.94286
4.35238
4.75238
7.22857
9.15238
5.15238
8.72381
8.47619
12.5238
8.5619
8.5619
6.07619
10.2857
6.18095
6.25714
5.19048
10.8381
12.6381
6.13333
6.34286
5.75238
9.12381
8.24762
7.21905
7.14286
4.64762
5.34286
7.73333
4.75238
5.39048
6.93333
5.49524
7.90476
8.70476
9.07619
7.9619
4.38095
6.68571
6.39048
8.8381
6.99048
12.3143
6.25714
4.07619
9.59048
7.7619
8.30476
7.30476
8.0381
7.84762
6.21905
8.95238
7.17143
11.6762
4.35238
9.4381
7.12381
4.59048
9.91429
8.2
12.6857
6.8
6.90476
8.35238
9.04762
7.75238
7.91429
5.17143
9.40952
6.08571
10.2571
7.8381
7.8
10.7048
9.94286
10.5619
7.77143
6.32381
7.38095
9.79048
6.78095
8.9619
6.35238
4.44762
5.9619
6.8
9.35238
11.2762
7.54286
8.17143
10.381
6.82857
9.32381
4.41905
6.09524
6.47619
6.62857
6.81905
4.27619
4.2381
4.34286
4.7619
5.6381
6.05714
4.19048
7.62857
6.44762
11.3333
7.07619
10.7619
4.40952
8.86667
7.07619
8.19048
7.1619
11.0571
5.46667
5.11429
4.19048
9.28571
7.66667
7.59048
5.00952
9.48571
9.90476
7.27619
8.45714
8.60952
7.59048
6.35238
9.9619
7.15238
4.42857
4.97143
8.13333
9.07619
9.70476
9.08571
7.68571
10.5238
8.21905
10.5238
5.58095
4.8381
7.55238
6.74286
6.44762
5.6
5.0381
9.39048
8.09524
6.52381
6.71429
7.4381
7.15238
8
6.41905
4.06667
6.25714
7.51429
5.13333
9.97143
9.13333
8.9619
8.46667
4.6381
5.1619
4.84762
13.6857
9.47619
4.2381
4.34286
7.60952
6.17143
6.48571
5.53333
7.94286
9.17143
9.53333
9.88571
6.71429
4.32381
9.18095
5.00952
6.73333
11.4952
7.72381
7.1619
9.60952
8.26667
4.39048
5.1619
4.79048
8.92381
5.74286
5.14286
6.08571
4.65714
4.82857
4.30476
13.1524
7.54286
7.40952
5.20952
6.89524
8.3619
5.20952
6.30476
5.62857
8.10476
5.65714
4.72381
6.55238
6.19048
11.0857
8.00952
7.8381
12.3619
4.87619
9.73333
10.2952
8.47619
9.41905
7.67619
5.00952
8.82857
10.2
9.2381
4.69524
5.14286
7.53333
9.69524
5.04762
5.00952
6.87619
10.6095
4.91429
9.4381
10.7905
4.49524
5.29524
10.2571
7.87619
6.90476
5.81905
8.24762
5.21905
5.51429
7.88571
4.5619
7.58095
9.25714
6.89524
8.55238
4.3619
9.40952
6.88571
7.29524
7.19048
4.52381
6.72381
6.70476
5.06667
8.45714
10.1905
5.95238
6.66667
11.0667
7.35238
7.00952
4.30476
4.57143
4.45714
6.54286
7.09524
5.68571
5.22857
7.26667
6.54286
4.64762
8.69524
5.77143
5.47619
6.5619
5.2
8.08571
5.4381
7.41905
4.4
6.59048
5.74286
7.09524
18.0381
8.33333
8.48571
8.5619
7.28571
8.66667
6.3619
9.90476
9.22857
8.02857
7.7619
9.88571
9.30476
7.35238
8.11429
7.0381
6.47619
6.66667
4.37143
7.26667
12.5524
6.59048
10.0952
9.60952
5.70476
8.48571
4.8381
8.30476
4.5619
6.06667
8.22857
7.14286
4.18095
6.51429
7.49524
4.84762
7.97143
7.3619
9.70476
9.26667
6.1619
7.06667
5.32381
7.08571
10.2952
12.019
7.14286
8.49524
5.5619
6.22857
10.4095
6.08571
6.45714
7.06667
6.53333
4.47619
9.51429
5.80952
7.12381
6.41905
4.97143
9.92381
7.61905
8.89524
10.6381
8.4381
8.24762
8.35238
9.29524
6.9619
6.18095
10.0095
6.6
7.08571
5.59048
8.71429
7.14286
4.46667
7.69524
7.30476
10.019
7.65714
5.37143
10.4857
7.47619
10.6381
10.6667
7.32381
10.2286
6.79048
7.33333
4.1619
7.98095
8.27619
8.37143
8.17143
5.24762
6.69524
7.13333
11.9524
5.72381
7.98095
5.00952
4.59048
5.91429
7.66667
11.219
4.18095
7.62857
5.3619
8.4
4.9619
7.20952
8.99048
7.13333
6.38095
5.57143
7.2
10.6857
11.1333
8.8381
5.78095
8.28571
4.47619
4.41905
4.71429
9.26667
5.48571
4.75238
10.2667
8.79048
6.14286
7.29524
5.87619
5.85714
6.71429
4.40952
7.33333
4.42857
6.67619
10.1619
7.87619
11.9905
8.51429
7.26667
6.98095
6.29524
4.40952
4.31429
6.74286
4.3619
8.52381
9.59048
9.53333
6.12381
7.97143
4.81905
6.37143
7.09524
10.3429
8.91429
7.40952
9.2
5.90476
8.38095
7.31429
8.24762
8.42857
10.1048
5.57143
8.98095
5.8
4.17143
8.7619
6.60952
6.45714
9.41905
5.53333
6.58095
7.31429
9.06667
10.2571
4.66667
10.8952
12.4667
6.51429
7.51429
15.019
7.0381
8.02857
6.57143
6.67619
6.90476
8.32381
6.12381
9.19048
7.55238
9.00952
4.32381
6.13333
6.04762
7.49524
5.92381
7.86667
4.46667
9.67619
5.61905
11.9524
6.98095
8.01905
7.73333
4.37143
5.81905
6.94286
5.61905
5.73333
8.97143
5.62857
4.41905
7.44762
6.81905
7
7.13333
6.81905
5.68571
9.74286
6.71429
6.05714
9.0381
4.2381
8.1619
6.58095
6.70476
7.72381
8.50476
7.64762
6.40952
6.55238
4.70476
8.24762
7.8
5.78095
6.12381
6.2381
6.5619
7.24762
9.60952
7.39048
5.73333
9.4381
13.219
6.14286
4.47619
9.07619
4.13333
9.06667
13.3048
8.62857
9.97143
9.7619
6.21905
6.73333
7.42857
4.71429
9.00952
9.24762
8.42857
6.27619
8.8381
6.8381
9.39048
5.26667
7.69524
10.5619
4.65714
8.78095
9.13333
6.46667
9.66667
5.18095
6.98095
7.45714
6.93333
5.48571
9.72381
5.97143
5.0381
7.62857
4.6
11.6857
6.71429
8.42857
8.57143
4.97143
7.21905
7.8
4.65714
11.419
5.27619
8.42857
8.14286
12.4667
4.71429
6.52381
6.95238
6.26667
6.04762
7.80952
10.6476
8.26667
4.68571
8.5619
5.84762
12.8667
11.7619
6.77143
10.0571
8.4
6.38095
8.77143
8.72381
5.40952
7.78095
5.47619
7.4381
6.28571
7.29524
5.90476
4.3619
9.65714
11.6571
7.64762
6.00952
6.19048
9.26667
8.10476
10.6571
11.7238
6.97143
7.10476
6.75238
10.019
8.11429
7.8
4.8
4.73333
4.13333
10.4
4.8381
7.51429
8.04762
5.29524
6.74286
7.40952
8.28571
9.61905
6.13333
4.79048
10.2762
4.42857
4.99048
7.62857
10.1143
6.09524
7.92381
11.6095
9.01905
10.9048
7.91429
9.00952
7.9619
9.35238
9.44762
4.17143
9.38095
8.84762
6.05714
4.42857
5.90476
5.86667
6.70476
5.41905
5.78095
4.46667
10.9524
7.4
7.6381
10.3143
8.30476
6.46667
4.4381
10.3143
11.4286
6.68571
5.2
9.66667
7.46667
7.64762
6.45714
10.9429
6.84762
8.61905
7.4
4.19048
4.57143
9.11429
8.26667
8.24762
6.21905
4.85714
4.6381
12.0571
7.41905
5.92381
6.68571
11.219
7
6.24762
7.77143
4.53333
4.6
10.619
4.8381
5.01905
4.47619
7.41905
5.18095
7.00952
4.67619
8.06667
8.6
5.8381
4.54286
9.34286
9.67619
7.78095
4.42857
8.34286
8.22857
7.2381
8.89524
8.05714
6.95238
4.78095
6.92381
8.75238
6.61905
7.25714
7.15238
4.27619
5.30476
4.40952
5.67619
4.90476
6.74286
6.00952
5.07619
7.97143
8.73333
8.20952
5.35238
9.69524
8.30476
6.67619
9.92381
8
9.04762
7.13333
4.30476
7.15238
7.94286
8.48571
12.0095
4.75238
8.47619
10.5333
5.12381
5.94286
11.4
10.3905
4.85714
5.73333
8.42857
7.80952
6.49524
7.89524
8.39048
10.3143
10.5429
9.71429
6.99048
13.6095
6.7619
7.00952
4.45714
6.64762
9.80952
5.89524
6.05714
11.0857
6.74286
9.98095
5.9619
5.30476
11.1143
6.48571
9.75238
11.2571
6.30476
5.01905
4.17143
8.25714
8.40952
6.14286
9.98095
4.59048
7.73333
7.47619
7
8.74286
10.8
8.86667
7.73333
7.61905
7.68571
10.181
5.94286
12.6952
6.01905
6.46667
5.61905
6.34286
7.9619
5.19048
6.7619
6.55238
5.44762
4.49524
11.1619
4.45714
4.99048
5.72381
6.75238
8.29524
11.4762
8
7.77143
9.24762
7.35238
5.70476
4.42857
8.69524
5.95238
5.64762
9.4
4.87619
6.40952
10.5714
7.92381
7.45714
7.97143
7.25714
6.26667
4.47619
6.79048
5.80952
4.33333
9.0381
8.71429
6.04762
6.42857
11.2
10.2095
8.84762
7.89524
4.52381
6.34286
7.07619
7.29524
9.25714
7.97143
8.04762
10.3048
5.70476
6.0381
9.30476
9.92381
5.60952
6.61905
6.39048
8.11429
7.75238
5.71429
6.73333
7.65714
10
9.01905
6.18095
12.3714
4.28571
5.32381
7.71429
4.89524
8.31429
4.42857
10.4381
7.6381
6.80952
7.4
6.29524
8.1619
6.89524
4.50476
5.73333
8.12381
5.64762
8.10476
10.5714
6.15238
6.91429
6.71429
6.45714
5.31429
4.75238
8.59048
5.82857
5.01905
5.4
8.69524
7.05714
5.33333
13.781
7.53333
7.73333
9.19048
4.81905
7.07619
4.48571
10.0381
8.52381
11.2381
9.5619
7.48571
5.70476
5.00952
7.92381
9.99048
6.38095
7.84762
8.69524
7.93333
6.68571
9.53333
8.27619
6.8
10.3238
6.87619
5.35238
10.7238
8.73333
6.20952
10.9905
4.86667
6.07619
9.45714
7.07619
6.53333
4.87619
9.69524
5.59048
8.93333
8.53333
8.99048
9.05714
5.17143
7.15238
5.9619
6.40952
4.67619
12.4667
6.57143
4.49524
5.52381
6.10476
5.50476
6.55238
5.25714
6.29524
7.53333
8.57143
5.41905
4.4
6.72381
4.77143
7.64762
5.72381
9.71429
6.61905
7.75238
7.40952
5.91429
7.31429
10.2
5.37143
6.95238
7.64762
6.50476
6.21905
11.7619
8.21905
4.57143
10.6095
8.28571
4.60952
5.24762
7.02857
7.44762
6.31429
5.80952
5.44762
12.3524
5.75238
4.40952
6.61905
10.4381
11.0381
6.59048
8.33333
6.87619
12.8
7.60952
7.97143
4.31429
8.8
7.17143
10.7524
6.52381
5.17143
8.61905
7.4
12.3429
6.07619
5.93333
13.8667
6.98095
14.3048
7.08571
7.37143
8.79048
6.61905
5.97143
9.84762
7.71429
5.61905
9.81905
4.54286
6.49524
10.3714
6.20952
5.07619
10.0667
8.73333
7.87619
7.85714
7.00952
9.69524
10.1905
5.2381
6.97143
4.2
4.22857
4.53333
8.53333
13.1619
6.6
7.93333
8.3619
6.61905
6.18095
9.72381
5.15238
8.38095
7.61905
4.13333
7.67619
5.32381
7.58095
4.48571
7
9.64762
9.90476
7.90476
4.4
4.98095
6.6381
6.79048
10.4476
9.55238
7.69524
10.1524
7.66667
5.89524
7.94286
7.08571
8.67619
8.48571
8.64762
6.45714
7.2
9
4.79048
10.7714
10.5333
11.5714
8.61905
10.3333
6.72381
10.6571
9.33333
8.90476
7.22857
5.4381
4.8
22.2
6.01905
6.08571
9.24762
6.89524
6.8381
9.85714
11.381
5.5619
11.7143
7.30476
4.66667
5.15238
10.1048
4.19048
5.69524
8.2
9.35238
4.55238
7.69524
10.0381
8.05714
13.0381
9.19048
8.2
4.34286
8.35238
5.80952
8.12381
6.2
10.8857
7.64762
4.22857
6.17143
6.04762
5.41905
4.18095
4.78095
4.9619
7.04762
9.68571
8.04762
4.66667
8.99048
8.13333
6.4
7.12381
9.44762
4.33333
7.4
4.5619
9.54286
9.4
10.0476
7.39048
6.17143
9.30476
9.54286
10.981
5.2
8.05714
7.57143
7.81905
4.52381
4.53333
5.38095
6.73333
8.12381
9.47619
11.3714
7.0381
7.7619
7.2
4.77143
7.67619
8.65714
6.49524
7.84762
9.3619
6.55238
8.70476
5.31429
4.53333
7.51429
7.68571
8.44762
4.14286
8.80952
9.00952
10.0667
7.27619
13.0571
9.20952
4.40952
7.28571
12.9524
12.6952
6.24762
8.30476
9.18095
7.30476
7.57143
7.68571
7.10476
9.89524
7.47619
7.85714
7.79048
6.78095
11.9143
4.60952
6.32381
6.38095
7.84762
7.78095
6.9619
7.40952
6.9619
5.61905
7.87619
6.81905
6.50476
4.14286
5.58095
6.00952
6.29524
7.51429
4.48571
7.68571
8.20952
7.86667
6.77143
9.19048
8.62857
6.15238
7.18095
7.2381
4.42857
6.6381
9.75238
8.04762
6.73333
6.53333
5.0381
7.29524
6.2
6.79048
7.94286
7.7619
6.31429
9.53333
8.2
7.09524
7.53333
6.46667
4.79048
7.51429
5.17143
11.8476
5.9619
5.12381
5.17143
4.59048
8.2381
4.77143
9.07619
9.88571
5.99048
7.61905
4.55238
8.02857
5.72381
8.38095
4.78095
8.26667
6.59048
4.21905
8.20952
10.8095
8.24762
7.01905
5.77143
4.20952
5.18095
6.98095
5.71429
6.98095
6.14286
5.33333
9.89524
7.89524
11.2952
9.18095
10.6095
9.08571
8.67619
6.97143
12.7714
5.99048
8.34286
9.71429
8.17143
6.80952
6.00952
4.70476
4.49524
7.66667
4.93333
6.9619
4.8381
5.71429
9.69524
7.53333
9.6381
8.12381
4.54286
5.97143
7.37143
4.45714
5.2
6.70476
6.72381
6.37143
7.07619
4.99048
7.2
7.50476
4.2381
5.4
5.80952
7
11.2952
7.78095
11.4286
9.73333
6.91429
5
5.88571
5.72381
4.52381
7.20952
4.82857
7.53333
10.8857
8.01905
9.62857
6.85714
4.90476
13.3905
4.51429
8.98095
8.9619
7.48571
6.73333
8.68571
9.11429
8.73333
4.15238
5.5619
8.11429
4.37143
9.72381
4.98095
7.25714
7.5619
8.81905
11.4952
11.7333
10.9714
4.70476
6.49524
7.10476
8.65714
4.7619
5.60952
8.7619
9.28571
5.0381
5.59048
4.6381
5.6
8.52381
10.5048
5.46667
8.86667
4.53333
9.1619
9.28571
4.45714
4.60952
7.52381
7.22857
7.34286
12.4952
9.45714
4.87619
10.0667
12.6762
4.49524
7.11429
6.10476
6.32381
8.49524
4.95238
13.9238
6.41905
8.6381
9.48571
4.24762
4.29524
12.7143
7.47619
6.57143
12.1524
8.2381
4.91429
7.79048
6.65714
4.45714
8.81905
5.11429
7.04762
6.45714
7.67619
6.47619
5.55238
8.08571
8.64762
8.90476
9.45714
11.2476
6.4381
7.15238
13.9714
7.10476
8.77143
8.68571
5.48571
4.91429
4.64762
6.31429
8.45714
4.55238
9.19048
8.41905
6.86667
5.60952
4.27619
5.46667
7.02857
8.61905
8.07619
4.88571
5.67619
8.97143
10.4476
7.84762
7.90476
7.62857
12.181
5.75238
6.78095
7.33333
8.7619
9.70476
9.12381
6.39048
9.2381
6.67619
7.54286
4.32381
4.3619
8.12381
7.21905
8.91429
6.73333
10.7714
7.51429
5.05714
7.12381
7.4
4.4381
7.37143
11.7048
10.2571
8.19048
6.62857
10.981
6.80952
6.91429
5.88571
4.39048
8.08571
5.74286
5.94286
7.6381
7.88571
8.18095
5.38095
6.51429
7.6
8.70476
7.29524
9.06667
6.30476
5.18095
8.21905
5.69524
6.22857
4.99048
10.4
4.1619
10.2667
10.381
5.45714
4.89524
5.22857
10.6381
7.67619
10.4762
4.55238
7.00952
5.20952
8.7619
8.08571
7.34286
4.4
8.49524
7.85714
7.99048
9.82857
8.7619
8.85714
7.50476
6.06667
7.49524
11.0667
4.65714
9.90476
10.6095
5.46667
12.4095
7.80952
5.4
4.8381
9.57143
5.42857
6.75238
4.47619
9.32381
6.15238
5.84762
4.37143
10.0667
10.4857
11.5619
5.35238
4.5619
9.66667
16.0762
6.44762
7.38095
7.2381
9.48571
7.59048
6.14286
6.93333
9.41905
4.82857
4.5619
9.48571
7.11429
9.51429
9.88571
11.8
4.15238
5.97143
10.0571
4.42857
10.1048
6.11429
8.33333
6.42857
9.84762
8.07619
8.65714
4.31429
5.90476
9.25714
6.4381
6.3619
8.70476
8.39048
6.47619
7.22857
11.0095
13.4381
5.80952
8.15238
6.8
4.41905
8.38095
7.08571
10.419
5.30476
5.38095
8.32381
8.37143
7.31429
5.33333
4.3619
6.85714
6.24762
6.37143
5.01905
7.77143
6.09524
8.86667
5.66667
7.8381
5.94286
7.48571
9.19048
8.28571
8.2
4.57143
11.0952
5.07619
7.14286
5.88571
5.53333
5.97143
6.72381
8.06667
6.69524
6.32381
9.97143
7.44762
4.61905
7.66667
5.06667
4.40952
4.27619
7.6
5.48571
7.97143
4.45714
9.67619
5.99048
6.29524
4.38095
7.77143
6.65714
10.0381
6.9619
5.64762
9.0381
5.6
4.49524
5.52381
7.15238
7.11429
8.66667
4.68571
4.22857
4.09524
7.87619
5.81905
8.05714
8.8
6.51429
6.86667
7.41905
6.47619
7.5619
9.75238
7.68571
4.28571
4.33333
5.20952
4.34286
6.37143
8.06667
6.42857
8.40952
10.0381
9.08571
7.09524
9.05714
6.74286
8.33333
6.39048
7.53333
5.92381
8.38095
4.54286
9.28571
4.33333
5.8
7.33333
8.88571
4.54286
4.49524
7.45714
7.25714
7.38095
4.98095
12.0952
11.6857
9.62857
5.05714
6.59048
9.64762
4.65714
6.49524
6.25714
9.1619
11.1429
5.12381
4.22857
6.00952
7.34286
7.52381
12.7619
7.29524
5.75238
8.21905
7.04762
9.02857
6.24762
5.72381
6.12381
5.92381
4.98095
5.50476
6.84762
4.59048
6.4
7.38095
8.02857
7.7619
10.9524
7.18095
8.88571
7.22857
7.18095
7.49524
4.8
4.34286
7.80952
9.91429
5.0381
8.99048
10.5143
6.87619
7.00952
4.10476
7.39048
7.47619
7.55238
9.42857
4.74286
9.39048
10.2762
5.47619
5.41905
4.61905
7.58095
6.95238
5.67619
7.50476
8.20952
7.24762
4.33333
10.1714
12.5333
7.74286
8.72381
9.7619
4.08571
35.5238
5.10476
7.87619
6.2
8.0381
10.781
4.84762
5.41905
5.62857
4.44762
7.82857
4.34286
10.6095
5.19048
9.6381
12.0571
4.26667
8.65714
5
7.8
5.91429
5.06667
6.71429
7.6381
9.04762
4.47619
8.00952
13.381
8.99048
9.06667
8.32381
13.2286
9.42857
9.06667
8.07619
6.6381
10.4667
9.6
8.25714
7.51429
9.64762
9.62857
7.38095
8.87619
4.48571
7.84762
8.30476
10.3524
5.04762
6.14286
5.39048
8.19048
6.62857
4.81905
9.51429
5.94286
6.47619
8.34286
11.1714
7.19048
6.00952
6.2381
5.68571
4.62857
7.3619
9.41905
5.1619
6.18095
9.62857
7.66667
6.19048
4.6
6.14286
4.54286
6.38095
7.10476
8.17143
7
5.55238
9.92381
8
8.02857
4.31429
4.15238
4.3619
6.89524
8.55238
7.00952
9.20952
12.6381
6.66667
5.79048
6.08571
6.98095
10.1333
11.5238
6.84762
7.07619
4.99048
9.2381
6.14286
5.14286
10.4667
8.31429
6.26667
4.50476
8.44762
7.85714
6.49524
6.64762
7.45714
7.21905
4.25714
7.64762
6.17143
5.37143
6.28571
6.4381
8.55238
4.54286
8.22857
4.50476
8.22857
7.1619
9.57143
8.97143
8.71429
7.7619
6.67619
10.2095
11.6095
5.59048
7.77143
4.67619
10.0476
9.05714
6.4
6.91429
9.5619
8.41905
6.2
9.15238
10.4
5.61905
7.18095
8.20952
7.85714
6.51429
4.39048
6.58095
4.58095
11.3905
4.82857
7.04762
9.30476
5.8381
5.4381
8.52381
4.71429
8.85714
9.31429
5.22857
8.49524
6.2381
6.22857
4.71429
8.07619
6.0381
7.6381
7.73333
8.5619
7.39048
9.49524
11.5048
7.91429
4.59048
4.08571
9.90476
9.8381
6.17143
4.28571
5.82857
6.09524
9.29524
6.91429
7.20952
10.7048
4.90476
8.37143
5.67619
5.02857
6.66667
4.97143
5.8
4.44762
12.8095
5.93333
4.42857
7.61905
7.4381
8.39048
5.2
7.93333
7.88571
5.78095
7.0381
8.10476
6.38095
7.64762
4.54286
9.44762
4.91429
11.0476
4.67619
9.35238
6.64762
11.9619
5.93333
9.91429
9.20952
5.69524
6.75238
5.42857
7.38095
9.77143
4.66667
5
5.82857
7.38095
9.20952
7.61905
7.0381
8.27619
4.37143
7.71429
8.93333
6.06667
8.39048
5.97143
8.11429
6.84762
6.53333
6.50476
9.61905
5.93333
6.97143
5.15238
4.53333
6.15238
4.44762
11.5905
5.3619
7
9.71429
4.62857
7.48571
5.29524
4.49524
4.20952
7.13333
5.52381
7.74286
4.58095
9.97143
6.11429
10.3429
11.3143
8.58095
8.48571
6.42857
7.37143
8.05714
8.94286
9.47619
4.41905
8.08571
4.6381
9.18095
10.5238
5.51429
6.50476
5.48571
10.1143
11.8381
7.95238
5.48571
6.88571
8.28571
6.14286
8.18095
10.8952
7.34286
6.61905
8.5619
5.38095
8.88571
7.65714
7.35238
9.66667
7.48571
7.6381
7.39048
9.10476
9.54286
7.07619
6.46667
4.72381
6.49524
4.26667
9.12381
12.4381
6.67619
4.66667
5.82857
10.4095
7.73333
8.50476
6.05714
7.73333
4.46667
9.41905
11.5714
10.6381
10.619
8.8
7.17143
6.84762
7.2
9.15238
6.32381
9.71429
6.80952
7.88571
12.0667
6.91429
7.06667
4.41905
8.6381
6.99048
4.84762
7.61905
7.2381
12.2571
6.68571
6.99048
7.79048
12.0762
4.79048
8.27619
7.32381
5.55238
7.86667
9.27619
7.95238
13.1048
8.60952
6.53333
6.98095
6.4381
7.01905
8.06667
4.15238
6.00952
6.71429
8.39048
4.86667
8.66667
8.21905
7.51429
9.90476
9.34286
4.72381
10.2952
6.54286
6.34286
7.65714
7.79048
9.90476
7.48571
5.28571
8.02857
7.45714
5.40952
10.8667
5.8
10.8286
6.01905
9.11429
6.29524
5.40952
5.67619
6.41905
5.64762
6.86667
4.6
5.2381
4.11429
8.41905
5.4
7.61905
8.01905
7.33333
5.93333
4.41905
5.15238
13.781
6.0381
4.93333
5.29524
9.39048
5.0381
10.0952
6.38095
4.70476
6.1619
9.58095
6.39048
9.65714
11.1714
8.51429
9.69524
6.81905
6.79048
9.52381
6.75238
6.30476
8.6381
9.8
6.5619
8.21905
4.78095
7.92381
11.2667
9.28571
5.68571
5.55238
7.4
5.97143
5.84762
6.78095
4.49524
6.97143
12.1524
7.15238
6.3619
9.4381
5.8
4.45714
10.6286
9.34286
5.94286
7.32381
9.25714
4.59048
7.41905
4.88571
7.46667
9.68571
7.82857
8.47619
4.26667
6.68571
5.41905
4.22857
4.51429
8.89524
6.50476
6.24762
4.06667
7.54286
4.33333
7.04762
6.71429
4.57143
8.0381
11.0095
6.88571
7.81905
4.47619
5.68571
6.69524
4.30476
7.88571
7.70476
8.52381
5.48571
7.35238
7.73333
6.79048
8.8381
9.54286
16.2667
8.62857
8.38095
8.4
9.37143
7.8381
8.46667
7.0381
14.4095
6.88571
5.26667
7.10476
5.95238
9.01905
5.7619
6.14286
4.91429
7.71429
8.38095
4.97143
6.22857
8.20952
7.80952
10.381
8.54286
10.2857
6.69524
9.89524
4.4381
6.93333
4.59048
7.86667
8.37143
11.181
9.92381
10.6857
9.42857
8.52381
5.19048
4.26667
5.74286
7.81905
6.10476
7.60952
6.44762
8.70476
9.0381
7.91429
9.94286
6.64762
10.4381
7.65714
10.8952
9.80952
6.66667
8.12381
7.29524
12.0667
6.94286
8.70476
5.44762
7
4.22857
8.33333
12.6667
5.72381
7.3619
6.80952
4.34286
8.38095
5.99048
5.20952
5.89524
5.86667
10.1619
6.4
7.10476
7
6.00952
9.0381
4.67619
4.47619
7.99048
6.1619
6.50476
7.7619
9.46667
12.3333
7.17143
7.00952
9.20952
6.67619
4.6381
4.4
9.39048
7.74286
7.04762
4.92381
5.6
7.59048
9.78095
4.95238
5.8
7.58095
8.38095
5.64762
7.65714
7.72381
8.22857
4.71429
4.46667
7.86667
7.10476
4.66667
4.37143
4.42857
5.95238
5.6
8.47619
8.73333
5.90476
13.3714
8.99048
7.59048
5.01905
6.85714
7.51429
9.2381
10.2476
6.02857
9.21905
5.86667
7.22857
9.40952
6
5.52381
8.42857
4.27619
6.98095
8.7619
6.04762
11.0095
10.6286
10.3524
7.64762
7.06667
5.00952
6.27619
4.53333
6.13333
4.51429
10.5905
7.28571
4.54286
5.04762
6.41905
7.53333
7.30476
7.49524
4.08571
9.57143
7.8
8.34286
7.58095
7.04762
4.4381
8.13333
9.79048
10.3048
4.70476
13.1238
5.00952
6.50476
7.0381
5.85714
6.46667
6.86667
4.62857
11.1429
6.70476
5.45714
7.17143
4.78095
7.34286
7.02857
8.66667
7.06667
6.74286
8.74286
8.48571
9.60952
7.07619
4.49524
7.82857
4.09524
4.34286
7.08571
9.1619
10.6286
5.79048
8.18095
4.91429
7.02857
9.02857
9.88571
4.66667
9.46667
8.77143
9.38095
7.08571
5.79048
7.98095
9.06667
5.49524
10.3048
5.78095
5.86667
6.37143
6.10476
9.37143
5.6381
8.10476
9.61905
4.79048
9.92381
6.07619
7.51429
11.8286
6.8381
4.78095
5.99048
6.22857
6.74286
5.46667
6.42857
6.8
6.73333
4.98095
4.80952
7.65714
7.72381
6.17143
12.0095
6.05714
4.59048
7.92381
4.33333
5.50476
8.73333
6.72381
9.40952
4.29524
10.2095
5.19048
5.75238
12.3333
11.3429
5.31429
4.19048
9.4381
5.65714
7.05714
8.80952
4.41905
5.8381
4.78095
7.78095
6.90476
9.20952
6.02857
11.0095
4.62857
8.14286
6.00952
16.0952
9.45714
7.75238
5.50476
4.27619
6.51429
4.68571
11.1429
7.70476
10.619
6.9619
6.47619
9.40952
9.12381
6.10476
7.77143
10.8667
8.28571
5.33333
6.87619
7.09524
11.4857
8.04762
6.52381
6.60952
9.30476
9.88571
9.37143
10.3905
5.51429
8.73333
8.78095
6.88571
7.39048
4.57143
7.99048
4.75238
6.45714
4.28571
9.72381
4.06667
9.65714
11.5619
5.68571
11.4286
5.46667
8.29524
4.21905
5.93333
8.95238
4.47619
5.74286
9.79048
12.1429
6.72381
9.53333
9.13333
10.6762
8.6381
9.21905
4.41905
6.07619
7.95238
9.28571
8.73333
4.95238
5.65714
4.6381
5.64762
5.38095
4.82857
7.68571
6.93333
8.2
4.6381
8.62857
8.32381
8.95238
6.81905
9.82857
10.7524
6.06667
6.04762
7.99048
6.21905
9.24762
4.33333
4.4381
7.42857
4.18095
6.86667
8.13333
9.32381
7.57143
7.22857
10.5524
7.55238
8.51429
6.08571
8
10.381
8.7619
8.90476
13.9333
9.41905
4.69524
5.68571
7.01905
8.66667
7.30476
9.38095
7.55238
4.44762
10.819
10.7714
9.42857
5.12381
9.35238
8.25714
8.6
7.2
9.12381
10.0095
4.50476
9.80952
4.66667
8.21905
7.8381
6.70476
6.55238
8.80952
6.64762
10.6
9.82857
4.98095
7.18095
9.58095
9.54286
10.4095
7.92381
6.97143
4.41905
4.92381
9.95238
10.1143
4.71429
8.97143
15.0762
12.0857
10.0667
8.2
6.04762
7.66667
7.6381
4.30476
5.86667
5.28571
6.5619
4.61905
4.44762
4.60952
8.0381
8.27619
13.419
7.64762
4.32381
5.66667
8.58095
6.94286
4.51429
4.61905
7.75238
7.95238
9.05714
7.8381
8.73333
7.47619
7.27619
8.00952
7.57143
8.48571
10.1333
8.07619
12.0952
7.51429
6.89524
4.71429
6.01905
8.09524
10.4952
6.46667
10.7619
8.6381
6.13333
7.64762
8.44762
4.99048
4.59048
5.81905
5.61905
4.40952
7.10476
4.33333
4.73333
5.8381
10.2
9.6
5.72381
7.84762
4.14286
4.73333
6.47619
5.31429
6.17143
9.51429
4.33333
8.10476
5.61905
6.1619
5.64762
4.15238
12.2
6.88571
12.1619
8.00952
7.72381
7.49524
7.09524
7.62857
8.53333
10.4571
6.33333
7.86667
4.53333
8.30476
8.86667
4.75238
9.9619
9.07619
5.55238
5.78095
4.7619
4.32381
8.1619
9.27619
7.11429
7.50476
6.5619
6.92381
11.181
9.78095
6.42857
5.94286
11.5905
4.30476
7.06667
8.37143
5.32381
4.45714
5.59048
8.54286
5.89524
7.51429
5.72381
9
6.87619
6.52381
5.30476
4.20952
9.87619
8.4381
7.40952
7.71429
6.41905
6.01905
6.34286
8.89524
6.22857
5.05714
6.39048
8.18095
4.64762
5.6381
8.26667
4.54286
4.1619
6.22857
7.27619
8.31429
8.84762
6.38095
8.58095
4.73333
9.93333
5.59048
10.1905
7.44762
4.40952
4.47619
4.90476
5.73333
5.73333
6.37143
6.4381
11.9524
7.4381
8.07619
13.1238
10.2952
5.8381
11.4952
7.85714
8.62857
9.78095
5.4
10.2095
8.84762
4.25714
8.42857
7.54286
11.8952
12.019
5.79048
6.07619
8.2381
7.12381
7.41905
5.31429
5.38095
5.14286
10.7333
6.71429
4.20952
8.50476
6.26667
5
7.08571
8.38095
6.12381
10.9714
9.19048
4.81905
5.9619
5.61905
7.66667
6.18095
9
7.19048
9.65714
9.86667
8.24762
7.3619
5.19048
6.58095
7.75238
7.51429
9.42857
4.9619
6.87619
7.20952
7.90476
7.25714
4.65714
9.92381
6.48571
13.5619
8.73333
9.8381
7.22857
6.10476
7
10.7333
4.61905
8.47619
9.4
4.82857
6.50476
8.71429
9.21905
4.15238
4.50476
6.34286
4.86667
9.77143
8.00952
8.00952
11.5429
6.48571
10.2952
12.4476
7.5619
9.14286
4.19048
6.22857
8.73333
5.15238
7.01905
6.99048
6.98095
5.41905
4.72381
7.25714
7.11429
4.6
5.31429
8.6381
6.90476
5.58095
9.21905
6.97143
9.54286
7.51429
4.26667
7.94286
7.04762
8.10476
5.90476
7.44762
6.62857
10.1048
9.39048
11.0762
7.79048
9.66667
6.31429
7.85714
12.3619
7.77143
6.99048
5.48571
4.50476
5.10476
6.58095
5.30476
6.13333
4.55238
6.08571
6.02857
5.3619
8.41905
8.2
7.33333
6.74286
8.71429
8.78095
6.78095
6.98095
4.57143
5.73333
12.2667
6.29524
5.31429
6
6.06667
11.8667
4.62857
6.06667
7.72381
6.65714
9.37143
6.32381
6.29524
4.05714
6.68571
4.30476
5.61905
8.61905
7.12381
7.91429
8.11429
5.01905
5.60952
8.80952
6.70476
8.84762
5.6381
8.72381
9.06667
6.84762
7.06667
6.49524
8.57143
6.0381
9
8.48571
5.30476
8.25714
8.78095
7.60952
8.77143
6.14286
5.99048
6.11429
4.37143
5.6381
4.64762
7.90476
13.0667
4.31429
8.11429
5.38095
8.5619
8.30476
8.08571
7.80952
9.97143
6.01905
4.74286
6.14286
7.81905
8.8
6.78095
9.86667
4.88571
8.80952
7.20952
5.04762
9.59048
6.60952
4.40952
5.34286
4.86667
6.78095
6.85714
7.4
7.7619
10.981
6.37143
8.88571
7.08571
7.02857
6.65714
8.8
9.67619
4.80952
10.0667
5.08571
8.35238
5.5619
10.9429
11.3524
6.29524
7.2381
7.73333
9.61905
4.41905
4.6
5.70476
7.48571
5.33333
8.60952
7.17143
6.24762
9.5619
6.39048
5.57143
4.69524
6.98095
5.34286
10.1619
7.68571
6.98095
10.0095
7.99048
6.29524
7.09524
6.70476
7.75238
8.29524
4.47619
7.31429
5.18095
7.37143
6.65714
4.65714
9.7619
5.19048
4.53333
7.11429
6
4.67619
5.75238
7.39048
5.41905
8.81905
4.57143
8.55238
5.20952
8.94286
6.39048
8.13333
4.99048
7.99048
6.82857
7.41905
8.35238
7.90476
4.54286
7.94286
6.14286
4.78095
7.2381
10.6381
6.53333
4.53333
7.25714
6.9619
5.87619
7.88571
4.48571
4.42857
11.4857
13.5238
8.72381
9.4381
9.66667
6.32381
4.22857
5.94286
5.29524
8.38095
4.55238
10.5333
8.34286
8.77143
6.14286
4.38095
9.8381
4.41905
9.50476
5.6
7.55238
7.85714
6.0381
8.91429
6.47619
4.37143
4.6
4.68571
7.33333
7.29524
4.30476
7.41905
5.97143
9.69524
4.80952
8.20952
6.49524
4.37143
5.11429
9.8
12.7714
5.32381
6.89524
6.62857
8.89524
9.30476
4.58095
9.6
8.29524
8.4381
6.32381
5.13333
7.8
9.60952
11.3905
7.06667
10.9143
6
6.2381
8.00952
6.21905
7.8381
6.77143
5.97143
5.48571
9.74286
7.05714
4.66667
6.54286
4.65714
8.09524
8.08571
6.77143
6.87619
12.1048
9.60952
7.90476
5.9619
5.98095
5.85714
7.12381
6.47619
9.3619
11.3333
5.6381
7.77143
10.5143
6.49524
7.21905
7.47619
6.34286
6.44762
6.7619
11.5905
4.39048
7.44762
6.60952
6.50476
7.04762
8.08571
7.60952
6.51429
4.18095
5.41905
7.20952
7.19048
4.52381
5.60952
5.6381
6.52381
5.59048
8.99048
8.02857
5.22857
9
6.0381
8.4381
4.69524
8.67619
9.37143
7.51429
6.6381
4.49524
6.75238
6.90476
5.68571
5.6381
5.44762
5.29524
6.85714
9.29524
6.75238
5.90476
5.84762
5.74286
7.38095
11.181
5.07619
5.15238
7.02857
7.45714
8.13333
6.73333
4.69524
4.17143
9.50476
6.02857
11.3333
5.73333
9.8
6.12381
7.62857
6.60952
7.6381
10.1048
8
12.7048
5.99048
8.47619
6.55238
4.87619
4.26667
10.1143
7.6381
6.87619
5.48571
7.34286
6.64762
7.71429
9.3619
4.45714
6.66667
6.41905
6.14286
8.39048
7.79048
7.66667
10.7905
5.7619
6.09524
5.08571
4.33333
4.79048
5.69524
9.41905
4.51429
8.09524
5.67619
4.74286
6.07619
4.4381
6.68571
12.7524
5.48571
4.3619
5.61905
6.62857
10.5333
11.2667
9.41905
5.92381
9.99048
6.07619
8.57143
4.66667
5.8
5.99048
5.01905
6.13333
8.82857
5.7619
8.1619
8.9619
7.39048
7.35238
5.39048
9.35238
6.94286
7.00952
6.77143
7.80952
8.21905
6.46667
10.2381
7.74286
10.4381
6.59048
5.34286
9.2381
10.5048
8.06667
6.00952
5.40952
8.7619
5.66667
4.34286
10.181
5.57143
7.3619
4.33333
9.98095
10.4381
7.50476
9.69524
7.13333
9.27619
8.25714
8.4381
8.74286
10.0476
6.1619
4.26667
5.13333
7.94286
7.84762
7.95238
4.51429
7.37143
6.85714
9.30476
8.84762
7.8381
8.94286
11.0667
8.28571
7.58095
4.5619
6.67619
7.97143
7.05714
5.89524
6.45714
4.81905
6.05714
6.54286
4.75238
9.66667
4.66667
7.1619
5.00952
5.29524
4.31429
6.12381
5.99048
6.13333
9.75238
11
7.95238
4.42857
10.2667
7.87619
9.65714
5.98095
8.74286
4.55238
7.13333
7.39048
6.26667
7.05714
6.50476
4.47619
5.74286
6.99048
5.81905
6.31429
6.73333
6.54286
6.7619
4.69524
9.78095
7.44762
5.48571
4.92381
7.4381
6.45714
10.2857
4.39048
8.58095
4.88571
9.77143
6.35238
7.57143
6.45714
7.49524
9.25714
4.72381
10.6095
5.77143
8.65714
13.6
4.62857
4.81905
8.2381
7.65714
8.71429
7.93333
4.66667
4.54286
7.58095
4.42857
9.4381
4.60952
9.14286
5.25714
8.95238
5.01905
7.10476
7.46667
9.14286
5.32381
9.86667
10.7429
5.50476
10.8476
6.07619
4.42857
4.70476
9.74286
12.3238
7.20952
9.29524
7.73333
7.62857
4.67619
8.9619
6.5619
6.31429
7.33333
7.53333
7.75238
6.8381
5.4381
5.93333
7.12381
5.94286
6.44762
9.08571
8.74286
9.29524
9.53333
9.99048
9.82857
8.21905
11.7619
6.11429
5.7619
9.61905
4.29524
4.3619
4.38095
13.419
7.06667
9.14286
6.08571
8.58095
4.75238
6.07619
6.1619
6.84762
6.37143
10.219
10.4
6.51429
8.49524
4.82857
4.6381
4.5619
5.94286
7.06667
6.91429
6.32381
10.0667
8.69524
10.181
5.2381
4.64762
7.55238
5.17143
7.82857
4.13333
4.72381
4.48571
8.6381
5.0381
4.3619
5.98095
5.65714
7.60952
7.05714
5.8
6.40952
9.30476
9.68571
9.26667
10.7524
8.67619
6.84762
11.2571
6.84762
6.52381
6.17143
10.1238
7.07619
4.05714
6.19048
4.39048
8.91429
10.8286
11.2952
7.06667
6.09524
5.6381
4.62857
5.60952
6.7619
4.81905
4.79048
4.33333
6.61905
6.90476
9.97143
4.61905
6.7619
7.78095
7.52381
5.65714
6.38095
9.35238
5.74286
6.7619
9.6
8.73333
4.47619
10.3524
7.70476
7.81905
6.2381
6.14286
6.95238
4.82857
11.3619
11.6857
4.33333
4.87619
6.22857
8.49524
9.94286
9.64762
6.55238
6.35238
6.87619
6.62857
8.40952
7.08571
10.2571
8.72381
5.62857
5.89524
6.33333
11.0952
5.7619
4.52381
7.51429
6.33333
6.82857
5.0381
6.62857
4.34286
6.78095
5.19048
6.19048
4.44762
10.5048
6.6
7.30476
9.71429
4.5619
7.55238
8.93333
9.48571
10.1905
10.0286
6.35238
4.27619
4.30476
5.93333
6.93333
6.57143
7.7619
8.40952
9.09524
10.9619
6.27619
4.70476
4.73333
6.32381
5.62857
5.42857
4.49524
5.95238
5.17143
7.32381
7.05714
4.2
8.2
11
5.67619
9.81905
6.77143
9.08571
7.09524
7.97143
8.61905
9.79048
12.6095
9.61905
7.20952
8.26667
5.2381
8.04762
4.40952
6.46667
5.09524
5.33333
6.79048
8.41905
6.42857
7.33333
4.41905
4.20952
7.38095
5.95238
9.45714
9.75238
5.86667
6.27619
8.99048
5.97143
8.6
5.87619
6.81905
6.29524
4.11429
6.42857
7.2381
6.80952
7.79048
4.77143
4.52381
7.69524
5.4
6.70476
5.44762
4.42857
7.18095
5.6381
7.97143
8.86667
10.0571
5.6381
4.58095
6.31429
9.68571
6.78095
4.47619
8.51429
7.3619
6.11429
7.60952
5.74286
8.90476
7.97143
6.87619
4.34286
7.37143
4.20952
4.78095
6.31429
5.59048
7.1619
8.38095
9.80952
5.53333
4.46667
8.5619
4.60952
9.21905
9.2
5.89524
9.94286
7.79048
5.09524
4.27619
9.87619
4.30476
5.26667
9.82857
9.77143
7.27619
5.41905
5.91429
7.02857
6.5619
4.77143
10.4952
10.8
9.86667
4.61905
6.46667
6.82857
8.50476
5.3619
7.12381
11.1905
11.9333
6.14286
10.6857
9.86667
4.41905
7.66667
10.0476
9.04762
4.37143
8.2381
5.00952
7.06667
10.9905
6.13333
6.06667
6.64762
6.68571
5.07619
8.1619
6.58095
4.86667
6.46667
6.61905
6.59048
6
7.42857
4.69524
8.48571
6.34286
7.70476
7.33333
7.24762
4.48571
4.68571
4.26667
4.73333
8.32381
7.8381
5.67619
4.48571
5.78095
4.6381
11.1714
5.60952
7.40952
5.2381
13.2857
8.4
4.90476
6.02857
7.6381
8.75238
4.95238
4.38095
4.88571
5
6.58095
4.15238
7.74286
10.8476
4.4
10.4476
12.0762
4.40952
7.28571
6.40952
4.38095
7.14286
7.9619
5.4381
6.69524
5.89524
8.73333
7.00952
8.09524
8.17143
9.80952
4.28571
10.6952
9.46667
11.7333
4.79048
14.3429
11.3333
10.1143
13.381
6.74286
4.2
5.2
6.94286
5.40952
8.37143
7.52381
5.9619
4.32381
4.62857
6.24762
4.27619
7.04762
11
4.54286
4.11429
9.0381
7.95238
10.8381
8.24762
11.3619
7.13333
5.51429
7.62857
8.20952
6.92381
7.93333
6.79048
8.67619
5.77143
9.41905
5.01905
4.0381
5.67619
4.8
4.92381
5.34286
7.01905
6.48571
4.59048
9.50476
8.99048
7.35238
7.4
6.66667
6.6
7.25714
11.1619
5.79048
6.6
7.67619
9.30476
8.60952
4.46667
8.11429
5.86667
10.5429
7.88571
7.07619
7.71429
7.75238
6
7.31429
6.11429
8.09524
8.37143
12.5143
6.93333
9.61905
8.95238
6.02857
4.88571
4.62857
7.52381
9.32381
9.26667
6.4381
8.38095
4.86667
6.49524
6.37143
8.3619
8.19048
4.55238
9.55238
6.93333
8.4
7.25714
6.11429
5.50476
4.73333
6.84762
4.61905
6.35238
4.21905
7.3619
4.99048
4.45714
4.37143
5.67619
15.0952
11.1714
6.06667
5.91429
6.84762
5.55238
6.68571
9.10476
8.57143
4.86667
4.77143
6.9619
9.19048
6.11429
8.02857
6.86667
7.81905
6.31429
7.0381
7.71429
8.22857
7.84762
7.8
9.08571
4.49524
4.47619
7.88571
4.53333
7.24762
9.41905
12.3714
9.99048
9.40952
6.42857
9.26667
8.86667
4.98095
4.48571
8.29524
4.81905
8.89524
6.32381
10.2095
7.15238
6.97143
8.09524
6.07619
4.42857
9.53333
6.93333
6.02857
4.99048
5.69524
4.41905
5.46667
6.73333
11.2476
7.98095
10.6286
6.19048
6.95238
5.71429
10.8857
6.02857
8.38095
10.2476
7.71429
8.8
7.6
10.4952
6.38095
4.50476
6.64762
15.8571
7.40952
8.97143
8.82857
9.18095
5.34286
5.87619
6.4
9.0381
4.91429
12.7048
12.9905
8.5619
6.93333
9.09524
5.42857
6.67619
4.62857
8.44762
13.0095
5.65714
4.41905
10.581
6.85714
7.98095
4.41905
7.57143
6.8381
11.181
8.79048
10.8476
8.19048
8.27619
6.40952
5.80952
7.61905
10.819
6.32381
4.48571
7.39048
6.09524
8.29524
6.54286
5.93333
4.09524
4.59048
4.58095
5.11429
5.3619
6.86667
5.7619
8.13333
4.35238
7.15238
5.19048
4.7619
4.5619
10.4476
4.4381
7.24762
4.61905
6.88571
8.85714
5.54286
6.00952
5.37143
9.45714
6.44762
8.04762
4.31429
10.581
4.29524
9.61905
6.5619
5.08571
7.21905
8.73333
10.0095
7.74286
9.00952
8.2381
12.5714
6.17143
8.07619
4.55238
4.44762
5.00952
5.80952
8.7619
4.75238
9.55238
4.49524
4.5619
8.84762
7.01905
7.00952
9.77143
4.74286
4.71429
7.47619
8.57143
4.47619
6.19048
6.12381
5.45714
6.15238
7.06667
8.93333
6.08571
5.19048
4.4381
4.72381
5.0381
8.34286
6.80952
6.71429
10.5619
7.9619
6.55238
5.45714
6.49524
10.581
5.81905
7.24762
6.2
6.6
9.37143
7.86667
4.64762
5.60952
5.38095
8.2381
4.26667
13.9143
9.4
4.9619
8.2381
5.28571
7.69524
4.53333
4.54286
7.08571
9.34286
7.97143
7.84762
4.87619
6.54286
6.80952
5.37143
9.0381
8.58095
6.79048
6.25714
6.19048
7.32381
5.00952
7.85714
6.29524
6.02857
4.24762
4.95238
4.50476
5.62857
5.46667
6.39048
7.10476
11.9238
4.50476
5.5619
4.95238
7.61905
5.00952
4.55238
8.08571
5.54286
6.07619
5.10476
5.95238
4.04762
4.11429
8.28571
6.30476
4.57143
6.4381
6.46667
8.91429
4.58095
4.67619
9.10476
6.52381
10.619
5.61905
8
5.57143
8.88571
9.64762
9.42857
5.91429
6.5619
10.4952
6.25714
7.6381
11.219
7.95238
7.67619
9.44762
6.7619
4.49524
8.17143
7.30476
6.6381
4.27619
8.86667
6.48571
11.5238
9.87619
6.41905
10.3143
7.09524
9.62857
6.7619
8.6
9.22857
6.78095
6.45714
8.98095
9.34286
7.91429
6.50476
8.13333
7.35238
7.38095
6.30476
6.46667
10.4
4.54286
6.35238
4.1619
4.62857
8.19048
8.66667
6.44762
6.88571
4.2
7.66667
4.27619
11.5714
9.91429
9.87619
9.25714
5.73333
8.01905
7.01905
6.69524
7.5619
8.2381
4.75238
5.33333
6.04762
10.6286
7.68571
7.98095
9.25714
4.34286
4.51429
4.05714
8.99048
5.52381
6.88571
4.34286
6.6381
8.19048
5.6
7.7619
5.87619
9.82857
7.7619
8.85714
4.5619
9.18095
7.50476
7.59048
7.86667
10.0286
6.95238
5.31429
6.4
6.66667
7.97143
10
8.33333
7.5619
10.2381
4.45714
6.04762
10.4
4.05714
7.27619
5.35238
4.28571
5.98095
5.13333
4.42857
6.89524
4.35238
7.54286
4.84762
9
7.52381
4.35238
8.09524
4.30476
6.89524
5.17143
8.31429
7.42857
5.75238
8.31429
4.54286
4.72381
4.42857
6.21905
6.98095
7.24762
6.73333
4.54286
6.47619
7.06667
7.46667
5.82857
4.8
7.35238
6.17143
5.12381
7.6381
7.28571
7.25714
7.00952
7.61905
8.25714
6.3619
4.34286
6.46667
10.581
7.64762
8.79048
7.54286
5.46667
8
4.88571
7.75238
5.59048
8.8381
5.41905
7.00952
7.25714
7.28571
5.47619
6.14286
8.75238
4.30476
6.95238
5.3619
6.79048
9.51429
7.10476
6.41905
4.73333
5.69524
6.0381
4.32381
6.06667
5.27619
5.73333
4.30476
8.00952
10.8762
10.5905
7.42857
12.3429
4.66667
6.35238
4.50476
6.69524
9.64762
6.84762
9.81905
9.31429
9.65714
9.6
6.81905
6.80952
6.84762
8.81905
8.80952
5.08571
5.34286
8.02857
15.8952
6.82857
7.69524
6.65714
4.9619
7.59048
6.01905
4.2381
8.26667
8.32381
7.34286
11.0667
4.88571
5.37143
6.49524
7.29524
4.66667
7.87619
6.00952
20.6476
7.21905
7.27619
9.49524
7.20952
8.35238
7.6
5.07619
8.4
4.29524
6.73333
5.25714
7.53333
7.4
9.40952
10.181
10.9048
6.09524
4.34286
5.12381
4.13333
7.91429
9.68571
4.50476
9.40952
4.55238
6.6381
9.47619
7
7.21905
7.00952
4.4
5.18095
5.20952
6.40952
6.37143
7.68571
6.44762
7.11429
5.69524
9.11429
5.15238
4.27619
4.67619
5.11429
7.4
7.2381
5.38095
8.75238
6.17143
5
4.6381
4.52381
4.68571
4.79048
6.29524
7.98095
12.419
4.89524
7.12381
6.4
9.53333
7.06667
5.72381
10.3048
4.33333
10.5048
11.8857
9.25714
9.38095
4.52381
4.30476
4.80952
4.6381
10.7714
13.4286
9.12381
10.6857
6.4
12.2286
10.4571
10.0857
7.27619
10.981
4.46667
10.4476
4.67619
8.18095
8.71429
7.15238
8.19048
6.41905
4.49524
7.77143
5.60952
4.61905
4.82857
4.67619
4.7619
7.67619
6.72381
10.0571
4.41905
9.05714
10.3429
4.42857
8.02857
9.14286
6.89524
4.5619
5.48571
8.02857
7.20952
5.79048
4.68571
8.22857
6.40952
9.29524
9.66667
12.0952
6.89524
6.07619
6.64762
11.4095
7.6381
6.53333
6.8381
4.64762
6.73333
8.53333
6.25714
7.13333
7.10476
18.1048
6.84762
4.49524
4.8381
4.81905
7.6
7.48571
4.65714
6
4.51429
4.8381
7.35238
5.80952
7.73333
4.39048
10.3524
8.90476
4.2
5.37143
5.92381
11.8095
4.48571
7.24762
7.53333
5.94286
6.18095
12.7333
7.70476
6.22857
5.46667
4.3619
4.74286
4.25714
5.51429
9.11429
7.15238
7.08571
8.6381
5.9619
5.77143
6.61905
7.77143
5.44762
6.1619
10.3524
5.51429
4.8381
6.51429
7.87619
6.78095
6.58095
4.40952
5.21905
4.8
4.85714
7.72381
7.28571
4.6381
7.90476
6.50476
10.0095
5.09524
4.8
4.40952
4.54286
11.9524
8.30476
6.60952
4.3619
4.54286
7.68571
5.52381
5.98095
4.51429
4.44762
7.1619
6.15238
4.53333
6.91429
6.35238
8.3619
6.3619
4.61905
9.00952
4.32381
9.33333
8.02857
8.62857
6.55238
7.82857
4.93333
7.26667
6.30476
8.7619
7.52381
8.4381
6.77143
6.5619
7.07619
9.38095
10.4095
4.15238
6.98095
8.92381
6.21905
7.77143
6.47619
4.24762
6.8
4.60952
7.98095
7.02857
5.21905
8.06667
6.14286
6.48571
4.34286
11.6
4.35238
4.64762
6.41905
6.68571
8.68571
4.61905
8.30476
9.06667
8.26667
11.619
4.98095
4.14286
8.57143
5.58095
8.61905
6.19048
5.47619
6.34286
10.9048
7.53333
8.8381
6.41905
8.4381
6.29524
8.40952
6.98095
7.88571
4.6381
8.35238
5.31429
7.47619
8.10476
4.80952
4.34286
4.20952
4.34286
4.42857
8.52381
7.17143
6.51429
6.64762
6.4
6.34286
7.7619
3.57143
3.71429
6.94286
6.66667
5.33333
4.90476
6.75238
3.31429
4.7619
3.20952
6.25714
8.86667
8.26667
5.42857
3.94286
3.50476
5.4381
3.27619
5.37143
3.4
3.49524
3.14286
5.61905
6.32381
4.2381
7.66667
5.25714
5.39048
8.55238
6.69524
5.01905
3.29524
3.50476
5.09524
7.95238
4.85714
7.50476
4.71429
5.61905
4.61905
6.4381
3.39048
5.41905
6.80952
6.51429
8.24762
5.62857
4.74286
5.10476
5.02857
7.15238
7.85714
4.90476
6.41905
5.65714
3.52381
3.30476
4.54286
5.46667
7.14286
3.31429
4.9619
7.06667
9.2
3.55238
7.08571
7.73333
3.14286
4.13333
3.6
11.9524
5.12381
6.06667
8.8
4.97143
5.77143
5.18095
6.91429
10.419
9.74286
6.91429
8.14286
9.52381
5.09524
4.79048
5.0381
3.52381
3.17143
6.19048
4.17143
6.39048
3.4381
3.75238
3.28571
5.19048
5.85714
3.54286
4.26667
5.08571
3.21905
5.85714
6.04762
5.45714
3.38095
5.90476
9.28571
3.74286
3.42857
5.84762
9.14286
8.12381
3.09524
4.6
5.07619
6.6381
3.2
3.21905
4.64762
3.24762
4.08571
5.39048
4.38095
5.9619
5.30476
7.40952
3.31429
4.95238
4.65714
5.28571
5.0381
5.37143
5.50476
3.8381
7.3619
5.50476
4.79048
3.24762
3.58095
3.10476
4.79048
5.01905
3.65714
7.52381
5.57143
5.6
3.25714
8.14286
3.32381
6.51429
3.58095
3.31429
4.69524
4.66667
3.01905
5.78095
4.82857
5.02857
4.34286
5.57143
5.37143
3.2
3.84762
3.41905
8.60952
8.20952
5.02857
3.71429
5.08571
6.06667
7.62857
5.81905
7.40952
3
8.94286
10.4667
3.67619
4.11429
7.4381
3.85714
7.11429
4.97143
6.15238
3.88571
5.97143
3.09524
5.0381
3.1619
3.72381
3.40952
6.34286
3.10476
4.90476
5.24762
3.26667
6.25714
18.3524
4.91429
4.34286
3.2381
6.47619
3.31429
6.2
3.05714
5.70476
3.62857
7.02857
6.88571
5.66667
8.19048
5.25714
4.28571
5.64762
4.73333
3.51429
6.04762
5.50476
6.7619
4.84762
8.6381
6.09524
3.30476
8.22857
4.20952
6.41905
3.32381
3.17143
6.07619
6.41905
5.60952
3.49524
5.75238
6.29524
6.51429
4.55238
4.72381
4.6381
5.73333
6.18095
6.71429
5.79048
3.28571
3.53333
7.19048
8.30476
6.44762
3.71429
8.2
4.72381
4.87619
3.59048
12.5143
3.15238
8.37143
3.61905
7.71429
5.52381
12.7429
3.30476
4.46667
3.4381
4.94286
7.32381
9.62857
3.88571
3.42857
10.2095
5.08571
3.31429
7.93333
7.01905
5.94286
7.21905
5.20952
6.69524
5.53333
5.26667
8.34286
9.14286
5.07619
6.49524
3.52381
3.67619
5.46667
5.12381
8.18095
5.79048
4.11429
3.3619
3.44762
3.11429
5.45714
3.39048
7.06667
3.31429
5.39048
5.39048
7.70476
4.51429
7.14286
7.31429
5.38095
3.46667
6.61905
6.40952
5.58095
3.8381
3.44762
5.65714
5.07619
6.37143
6.69524
3.15238
8.15238
3.24762
3.31429
5.24762
3.75238
3.59048
7.94286
3.54286
3.20952
3.67619
3.04762
3.44762
3.15238
6.06667
3.08571
3.31429
3.15238
3.19048
3.38095
5.71429
5.04762
3.35238
5.69524
8.19048
3.8
6.72381
6.8381
4.65714
5.25714
3.48571
7.41905
5.13333
3.15238
6.95238
3.51429
4.54286
5.41905
3.38095
6.49524
5.2
7.2
7.09524
5.52381
7.72381
9.13333
3.22857
8.90476
4.35238
6.1619
10.6476
8.37143
5.30476
4.71429
5.22857
3.24762
3.37143
3.68571
5.71429
5.85714
3.32381
5.61905
3.84762
8.78095
6.25714
7.47619
6.6
8.2
9.86667
3.41905
5.58095
3.10476
5.2
6.09524
5.92381
3.68571
6.18095
3.4
4.78095
5.3619
6.13333
9.21905
7.05714
6.42857
5.04762
27.981
7.25714
5.13333
3.22857
4.04762
3.28571
4.37143
7.28571
7.93333
6.4381
6.18095
7.71429
3.51429
6.04762
3.21905
3.32381
3.44762
3.60952
8.95238
3.4381
7.69524
5.8
7.20952
5.70476
8.28571
4.98095
5.08571
5.07619
4.61905
3.14286
6.67619
6.28571
10.2476
3.53333
3.57143
5.02857
5.31429
7.05714
4.67619
5.4
5.59048
7.45714
7.58095
4.15238
3.2
4.97143
5.20952
3.54286
7
3.12381
8.69524
6.77143
4.9619
3.17143
7.26667
3.4
5.48571
4.48571
3.84762
6.26667
5.12381
5.21905
4.74286
6.46667
6.2
5.53333
3.13333
4.78095
5.97143
7.37143
6.18095
8.72381
6.11429
3.2381
5.2381
3.35238
7.35238
4.44762
6.98095
3.21905
4.58095
4.95238
5.04762
3.37143
3.42857
3.0381
4.32381
5.33333
4.6
6.1619
8.71429
5.48571
4.6381
4.91429
5.2381
4.51429
3.6381
6.47619
5.47619
3.27619
4.48571
3.48571
3.77143
8.79048
7.68571
5.4381
4.9619
5.15238
8.2381
3.65714
7.52381
5.34286
7.3619
6.5619
6.6381
4.44762
4.98095
5.86667
5.62857
3.28571
8.90476
8.21905
7.8
5.72381
5.87619
8.59048
7.20952
4.99048
6.97143
8.88571
4.75238
7.11429
7.33333
5.50476
5.18095
5.87619
3.24762
3.12381
8.39048
3.14286
3.08571
3.77143
7.30476
3.52381
5.88571
3.45714
4.8
4.55238
3.25714
3.66667
4.84762
3.7619
4.64762
7.24762
3.17143
3.52381
4.72381
5.60952
3.22857
5.10476
4.77143
6.40952
3.15238
3.9619
3.44762
6.93333
3.18095
3.05714
3.87619
3.0381
4
3.18095
5.48571
3.22857
6.66667
4.87619
7.35238
4.37143
6.00952
4.84762
5.38095
8.92381
4.85714
3.3619
3.29524
3.49524
4.69524
4.38095
5.0381
7.45714
10.2952
5.29524
3.53333
9.61905
5.42857
4.93333
4.08571
3.48571
3.41905
3.34286
5.72381
6.2381
10.0286
3.34286
6.61905
7.57143
9.1619
4.80952
6.2
5.65714
7.49524
7.81905
3.49524
3.75238
3.1619
5.54286
5.7619
4.44762
4.81905
7.37143
7.34286
3.62857
5.4
5.90476
3.80952
3.62857
5.32381
8.18095
3.31429
12.0095
5.29524
7.39048
6.02857
6.51429
7.18095
3.84762
5.99048
3.73333
3.62857
3.51429
5.02857
9.26667
3.39048
5.88571
8.0381
3.61905
3.37143
3.1619
7.04762
6.2381
5.85714
4.79048
6.8381
3.14286
4.89524
3.79048
5.68571
9.09524
6.10476
5.22857
4.9619
5.71429
5.79048
3.91429
3.01905
5.09524
3.84762
5.39048
4.89524
3.31429
8.20952
5.44762
3.37143
3.07619
5.90476
3.79048
6.14286
8.21905
3.54286
3.33333
3.3619
3.77143
5.52381
4.90476
5.14286
3.53333
7.46667
4.68571
6.11429
3.32381
6.45714
3.30476
3.1619
4.1619
5.20952
3.38095
3.2
5.52381
5.7619
4.8
3.6
4.79048
5.2
3.66667
3.15238
4.42857
10.581
4.15238
3.78095
3.26667
4.64762
6.94286
4.78095
5.53333
3.58095
9.14286
3.88571
4.25714
8.52381
3.8
7.60952
3.35238
5.9619
5.33333
3.65714
6.4381
3.34286
5.8381
7.28571
3.39048
3.57143
3.45714
8.09524
7.71429
4.4
3.30476
8.27619
3.29524
4.90476
5.51429
6.44762
3.2
3.28571
5.22857
3.15238
3.18095
9.22857
3.71429
7.21905
4.01905
10.4286
3.62857
6.88571
6.25714
5.21905
3.38095
3.29524
3.37143
9.77143
8.15238
5.85714
4.87619
3.20952
4.9619
6.67619
3.35238
7.79048
8.85714
3.84762
6.90476
3.51429
5.88571
8.87619
5.9619
3.88571
6.07619
7.18095
5.17143
12.1143
7.4
5.10476
3.13333
3.51429
3.02857
3.6
4.86667
10.5905
3.8381
4.14286
3.40952
3.13333
3.59048
3.20952
6.40952
3.61905
3.11429
6.67619
3.3619
8.46667
8.25714
6.72381
8.90476
5.54286
3.66667
5.2381
3.41905
7.81905
5.17143
5.45714
3.29524
5.07619
5.8
3.2381
3.24762
3.1619
6.12381
6.21905
3.26667
7.11429
3.59048
7.20952
6.0381
3.4
3.85714
5.52381
5.94286
6.67619
5.4381
6.12381
4.99048
3.00952
5.39048
6.9619
5.86667
3.42857
7.72381
5.70476
3.17143
3.32381
4.68571
4.40952
3.84762
3.59048
5.69524
7.58095
3.52381
3.27619
7.52381
5.50476
4.62857
5.33333
7.65714
8.32381
7.2
5.17143
8.37143
4.6
3.41905
3.1619
3.27619
3.24762
7.64762
3.39048
4.04762
3.06667
5.60952
7.87619
4.98095
8.4
6.12381
4.86667
8.34286
4.82857
4.89524
6.60952
3.21905
5.30476
4.80952
5.2
6.00952
4.34286
9.66667
6.80952
5.31429
6.6381
6.55238
3.45714
5.80952
7.10476
3.22857
7.6
5.84762
7.97143
4.26667
8.90476
3.26667
4.71429
7.4
6.79048
5.19048
4.29524
3.45714
3.59048
4.66667
8.94286
8.33333
3.46667
5.31429
5.87619
4.21905
7.70476
6.07619
7.84762
8.15238
8
7.67619
5.53333
8.06667
7.2
3.66667
7.25714
6.49524
3.37143
7.22857
7.94286
6.97143
5.06667
5.06667
3.33333
7.92381
8.29524
7.06667
3.46667
5.70476
3.94286
3.60952
4.47619
6.29524
3.67619
3.52381
7.29524
7.65714
9.64762
3.42857
3.35238
3.5619
5
5.40952
3.54286
5.29524
3.73333
3.13333
3.52381
5.17143
5.18095
5.80952
7.05714
6.30476
6.41905
5.60952
12.2286
3.27619
4.2
6.79048
3.12381
3.60952
3.22857
7.5619
5.2381
3.78095
3.06667
4.55238
3.26667
3.25714
4.53333
5.81905
5.33333
3.20952
4.4
4.65714
5.04762
3.13333
5.84762
5.10476
6.28571
6.4
5.38095
5.77143
5.31429
7.72381
4.52381
5.60952
3.20952
5.3619
3.72381
3.51429
4.7619
9.05714
4.5619
3.47619
3.4
3.50476
4.58095
3.1619
3.59048
7.51429
8.55238
7.06667
6.17143
3.7619
5.09524
5.09524
5.73333
4.25714
6.81905
5.41905
5.22857
3.37143
7.74286
3.64762
5.02857
5.86667
6.37143
7.19048
5.27619
5.98095
7.90476
3.28571
5.40952
6.4381
5.28571
3.4381
5.47619
5.6381
6.88571
5.20952
3.70476
7.99048
3.34286
3.48571
3.78095
3.15238
3.79048
7.28571
5.01905
5.53333
4.92381
4.14286
6.61905
8.57143
7.66667
8.70476
3.29524
3.58095
3.37143
5
5.46667
7.67619
5.54286
3.51429
5.14286
3.4381
7.42857
5.60952
5.75238
3.13333
8.09524
7.30476
6.31429
4.32381
4.78095
7.49524
3.35238
3.30476
6.71429
4.53333
5.15238
5.99048
8.06667
3.01905
4.85714
11.5524
3.1619
5.38095
3.78095
3.99048
6.15238
8.14286
4.58095
5.1619
8.14286
4.95238
6.87619
5.59048
7.75238
3.27619
3.26667
3.39048
7.07619
3.67619
5.18095
4.91429
8.12381
3.47619
6.31429
5.88571
6.14286
3.5619
7.54286
12.6381
6.74286
5.85714
6.8
7.30476
4.90476
7.0381
10.1238
6.40952
6.48571
7.3619
7.33333
8.21905
5.45714
7.19048
7.69524
4.49524
6.60952
3.24762
5.15238
7.75238
5.20952
9.37143
8.55238
5.08571
5.8
9.07619
5.19048
3.32381
5.64762
8.06667
3.45714
5.35238
5.77143
6.93333
6.04762
5.65714
9.39048
3.27619
4.59048
3.2381
5.94286
5.04762
3.50476
3.31429
6.7619
4.84762
6.2381
3.69524
10.8381
8.60952
5.12381
3.6
5.64762
6.22857
3.52381
6.57143
5.65714
3.38095
5.07619
6.5619
3.01905
5.42857
5.68571
4.79048
4.94286
3.48571
6.84762
6.35238
8.39048
8.41905
3.06667
3.47619
5.04762
8.47619
3.84762
6.5619
3.6381
3.66667
8.15238
3.66667
3.60952
11.9048
6.10476
5.68571
10.1238
7.4381
5.64762
4.58095
5.41905
6.09524
10.4571
5.88571
5.35238
5.48571
7.72381
6.2
3.66667
4.67619
7.34286
6.02857
3.06667
4.81905
4.92381
3.14286
8.84762
3.3619
6.26667
7.99048
7.5619
9.29524
6.05714
3.22857
7.12381
5.41905
4.79048
4.8381
7.00952
6.39048
5.05714
3.67619
3.42857
3.27619
3.51429
5.72381
7.15238
5.15238
3.22857
6.54286
3.30476
5.70476
3.5619
4.00952
4.00952
5.41905
5.84762
6.70476
4.86667
3.45714
6.91429
3.45714
6.30476
3.35238
7.85714
11.2762
4.59048
3.28571
9.77143
7.04762
3.72381
3.28571
6.19048
7.66667
7.98095
3.22857
4.88571
3.07619
9.75238
5.15238
7.50476
6.15238
8.27619
3.49524
3.38095
6.17143
3.08571
6.29524
9.18095
5.60952
7.85714
6.1619
6.02857
6.12381
4.3619
3.46667
9.26667
6.17143
3.52381
5.58095
8.24762
3
3.40952
5.70476
6.09524
3.4381
8.84762
6.6
3.6381
5.66667
6.42857
5.21905
4.78095
6.6
5.08571
3
4.81905
6.95238
5.33333
5.04762
6.54286
3.19048
6.45714
5.31429
5.19048
5.53333
3.24762
6.00952
5.84762
3.26667
5.66667
7.88571
7.81905
3.40952
4.91429
3.35238
6.2
3.69524
6.22857
5.21905
5.32381
3.11429
6.44762
3.26667
8.54286
3.20952
8.4
5.65714
3.39048
3.1619
5.32381
3.51429
6.00952
9.08571
4.86667
3.55238
3.3619
5.70476
5.14286
6.42857
3.57143
5.45714
3.4381
4.61905
12.7429
7.11429
9.31429
6.50476
4.60952
3.58095
4.61905
8.49524
3.72381
5.50476
3.33333
3.48571
9.31429
5.04762
3.48571
4.15238
3.37143
6.48571
3.68571
5.42857
6.97143
5.10476
4.95238
5.47619
7.61905
4.44762
5.72381
5.90476
3.48571
3.35238
3.47619
4.9619
4.98095
5.66667
3.2
6.53333
6
3.52381
3.59048
4.98095
3.08571
3.41905
3.12381
5.70476
6.24762
3.89524
3.13333
6.24762
6.41905
4.98095
3.55238
7.29524
7.6381
3.4
3.14286
3.28571
5.91429
3
3.14286
7.30476
3.42857
3.72381
3.9619
8.62857
3.37143
3.53333
8.26667
3.08571
4.68571
4.89524
5.71429
4.89524
4.55238
4.51429
8.02857
5.22857
6.51429
5.44762
6.31429
9.9619
6.73333
4.8381
6.9619
6.04762
5.40952
5.48571
3.42857
3.4
5.02857
6.11429
5.98095
3.52381
3.30476
5.46667
5.34286
4.77143
3.4
4.67619
4.29524
5.29524
6.08571
3.7619
4.0381
9.64762
5.29524
6.8
5.25714
4.44762
5.64762
6.2381
3.74286
3.81905
5.34286
6.11429
3.24762
3.42857
5.48571
12.2762
6.55238
5.78095
10.2857
8.18095
4.86667
3.50476
3.14286
3.08571
5.06667
5.06667
6.1619
3.5619
5.31429
4.69524
9.89524
6.99048
8.4381
5.41905
3.73333
3.08571
7.41905
4.88571
9.12381
10.3905
5.9619
5.40952
7.48571
5.0381
6
5.44762
3.31429
3.61905
3.28571
3.28571
4.21905
3.2
3.34286
7.80952
6.37143
6.79048
8.9619
5.09524
6.58095
3.35238
7.73333
8.97143
5.25714
4.74286
8.37143
6.31429
3.27619
4.69524
8.88571
9.81905
3.81905
4.84762
3.20952
7.05714
3.54286
3.20952
4.94286
3.89524
5.10476
3.31429
5.9619
5.91429
3.47619
3.7619
3.20952
5.86667
4.6381
4.78095
3.61905
3.32381
3.91429
5.27619
4.2
6.73333
4.90476
3.42857
9.27619
6.0381
3.19048
8.79048
7.35238
5.18095
3.88571
7.29524
6.59048
5.78095
5.84762
6.95238
3.94286
4.17143
9.14286
3.49524
5.09524
5.86667
6.04762
6.26667
5.82857
3.30476
6.79048
7.29524
3.4381
7.65714
3.66667
4.35238
8.24762
4.74286
5.80952
4.12381
4.40952
6.34286
7.82857
7.50476
7.24762
7.55238
3.64762
3.12381
5.71429
3.38095
3.13333
4.84762
5.19048
9.10476
4.04762
8.33333
3.50476
4.15238
5.27619
5.88571
4.25714
6.41905
5.31429
6.42857
4.55238
5.0381
3.49524
5.48571
10.3238
3.60952
8.02857
7.17143
3.84762
6.60952
7.38095
5.92381
7.69524
4.50476
7.38095
3.38095
4.89524
6.5619
5.6
3.3619
5.95238
9.9619
6.12381
7.14286
5.61905
5.0381
8.70476
3.28571
4.06667
3.19048
4.86667
3.49524
9.46667
3.55238
5.35238
3.92381
3.30476
3.34286
5.52381
5.29524
5.59048
8.15238
4.46667
5.67619
4.71429
8.71429
5.8381
4.92381
5.41905
8.71429
5.55238
3.21905
4.59048
8.42857
3.4
5.22857
6.65714
3.05714
4.54286
6.00952
7.77143
3.92381
6.11429
3.2381
5.11429
10.0286
5.88571
3.6381
7.39048
3.59048
3.5619
5.74286
3.2381
7.88571
4.87619
3.37143
3.72381
6.09524
7.08571
5.38095
5.26667
4.75238
8.2
3.9619
3.3619
3.55238
3.84762
6.18095
3.35238
6.61905
4.75238
3.5619
3.5619
3.47619
8.3619
4.77143
4.92381
3.19048
3.10476
6.73333
4.67619
3.51429
5.47619
3.57143
3.70476
8.07619
3.33333
6.82857
4.62857
8.66667
7.84762
5.19048
4.8381
5.75238
9.81905
7.31429
3.22857
6.2
3.59048
8
5.09524
3.46667
6.05714
8.3619
3.29524
10.1143
6.2
6.27619
3.32381
5.54286
3.3619
4.9619
7.39048
7.09524
7.62857
7.87619
3.65714
4.74286
3.21905
7.46667
8.5619
3.62857
3.13333
4.38095
4.93333
5.66667
9.33333
7.52381
10.4476
7.61905
3.29524
5.46667
7.99048
4.7619
8.80952
6.74286
8.82857
6.13333
3.39048
4.40952
4.68571
4.90476
4.88571
6.27619
5.31429
5.14286
6.01905
3.29524
3.28571
6.3619
8.27619
3.93333
8.33333
3.42857
7.22857
3.95238
5.73333
5.15238
5.84762
5.40952
6.42857
5.48571
5.82857
3.32381
5.77143
6.8381
6.57143
7.55238
6.86667
7.51429
6.50476
3.28571
7.18095
5.26667
9.7619
4.07619
3.89524
4.29524
6.15238
4.8
6.30476
5.5619
5.78095
3.57143
3.55238
5.2381
5.32381
7.25714
3.46667
7.71429
6.66667
6.32381
6.84762
5.10476
3.33333
3.5619
4.69524
3.29524
5.71429
3.21905
7.95238
6.1619
3.27619
3.64762
3.52381
4.38095
3.21905
6.25714
9.68571
6.67619
5.29524
8.31429
5.33333
5.48571
4.39048
5.78095
5.7619
7.11429
5.66667
6.13333
6.3619
3.35238
5.8
4.55238
6.94286
6.48571
3.35238
3.19048
8.58095
5
3.7619
3.87619
3.30476
5.67619
3.28571
6.22857
3.60952
3.91429
3.46667
5.90476
3.57143
5.08571
8.19048
3.58095
3.55238
6.77143
5.51429
5.05714
7.38095
7.48571
5.75238
5.37143
5.66667
6.0381
3.22857
4.77143
5.06667
3.70476
3.64762
7.17143
5.19048
4.8
3.44762
8.01905
5.88571
7.09524
5.79048
6.35238
7.33333
10.2762
5.02857
5.31429
3.61905
5.65714
6.42857
5.89524
3.54286
3.39048
5.62857
5.99048
3.19048
3.32381
8.2
7.34286
7.30476
5.22857
3.42857
7.04762
3.32381
3.89524
4.50476
8.9619
6.73333
5.02857
4.15238
8.8381
4.95238
5.28571
6.69524
4.47619
6.41905
3.86667
9.82857
3.42857
6.08571
3.39048
5.33333
4.87619
6.6381
3.34286
6.91429
3.87619
6.71429
3.19048
7.89524
5.28571
3.31429
5.18095
6.14286
7.31429
3.85714
3.12381
6.35238
3.49524
5.90476
5.57143
5.15238
3.52381
3.66667
6.20952
4.65714
7.38095
3.64762
4.62857
3.24762
5.13333
4.62857
5.20952
10.5619
8.11429
8.27619
3.26667
4.7619
3.38095
7.6381
3.73333
3.66667
5.98095
3.2381
3.50476
6.11429
5.55238
3.72381
3.15238
3.25714
6.44762
3.33333
3.24762
6.41905
5.61905
5.69524
4.71429
5.1619
3.5619
3.31429
5.48571
3.97143
4.50476
8.6
6.85714
4.25714
4.71429
5.2381
3.47619
9.74286
7.35238
6.0381
5.17143
3.58095
3.3619
3.3619
7.27619
3.48571
17.4381
3.4381
5.67619
6.8
4.98095
3.2
6.17143
3.46667
5.84762
3.18095
5.86667
6.47619
5.20952
3.31429
4.2381
3.35238
3.32381
4.84762
6.46667
3.25714
5.38095
3.02857
4.78095
3.34286
4.8381
7.15238
7.20952
6.45714
5.08571
5.06667
3.0381
4.82857
5.75238
3.52381
5.1619
4.61905
7.13333
8.68571
4.73333
9.29524
6.87619
3.22857
4.66667
5.32381
6.74286
3.73333
8.14286
6.09524
3.94286
8.12381
6.18095
3.49524
3.57143
5.81905
3.30476
6.49524
3.07619
3.47619
5.58095
5.59048
5.53333
5.24762
6.94286
6.65714
5.87619
8.15238
3.47619
4.75238
4.5619
7.92381
3.6381
6.31429
5.45714
4.73333
4.67619
4.99048
7.4381
7.84762
4.45714
5.6381
4.65714
7.65714
7.50476
5.88571
7
7.67619
5.46667
3.48571
3.6381
9.6
7.59048
7.51429
5.33333
4.97143
4.93333
5.2
4.32381
3.28571
3.38095
6.25714
9.79048
3.27619
3.75238
3.33333
3.17143
3.33333
6.65714
3.34286
6.6
6.35238
6.84762
6.38095
5.25714
4.87619
7.05714
6.45714
3.10476
3.75238
5.92381
3.45714
3.06667
7.7619
4.85714
7.12381
3.6
3.48571
6
3.07619
4.95238
3.84762
8.15238
3.48571
8.1619
5.64762
5.82857
7.13333
5.70476
3.38095
5.95238
3.40952
6.14286
8.38095
6.07619
4.72381
3.54286
8.44762
7.68571
3.22857
3.51429
3.05714
5.78095
5.00952
4.37143
3.05714
4.3619
7.18095
7.55238
7.12381
4.72381
3.54286
5.47619
5.53333
6.24762
4.49524
7.14286
5.39048
7.24762
7.41905
6.47619
6.11429
7.12381
8.79048
4.75238
4.47619
8.7619
8.7619
6.19048
6.75238
5.86667
5.95238
4.02857
4.90476
6.00952
5.84762
8.87619
7.3619
6.77143
4.57143
6.35238
4.53333
5.15238
4.69524
4.90476
4.8381
5.12381
9.2
7.41905
4.06667
3.62857
6.6381
8.10476
8.91429
4.9619
5.20952
7.97143
4.5619
4.89524
5.09524
5.31429
6.2
4.92381
4.11429
3.48571
3.74286
3.13333
7.26667
5.05714
3.5619
5.73333
3.06667
5.5619
7.97143
8.30476
7.54286
4.5619
4.54286
4.41905
3.51429
6.24762
4.81905
6.00952
8
5.55238
6.30476
4.70476
3.15238
6.3619
3.13333
3.65714
3.19048
5.38095
3.4381
7.04762
3.35238
3.49524
3.48571
3.46667
3.48571
3.59048
3.35238
6
3.51429
7.55238
6.42857
6.33333
6.66667
7.90476
7.28571
9.67619
6.93333
9.69524
8.82857
3.58095
5.55238
7.61905
3.94286
5.55238
3.2
5.27619
7.26667
10.4571
3.47619
6.82857
3.26667
8.12381
6.09524
3.41905
6.50476
3.37143
5.12381
5.44762
6.97143
7.54286
4.84762
4.88571
6.78095
3.33333
3.35238
6.78095
6.12381
5.00952
4.8
3.44762
8.58095
4.64762
9.46667
7.75238
3.2
4.59048
9.79048
6.41905
4.73333
4.87619
5.18095
8.7619
5.12381
3.81905
5.37143
8
7.34286
9.54286
6.71429
5.47619
6.24762
8.25714
4.51429
5.39048
5.21905
3.74286
3.15238
5.13333
3.64762
5.94286
4.45714
4.85714
6.21905
5.19048
3.39048
4.65714
3.14286
7.40952
7.46667
4.97143
3.2
3.70476
3.31429
7.88571
5.32381
10.019
5.74286
3.98095
3.34286
5.89524
6.33333
7.00952
6.21905
5.29524
3.68571
3.10476
4.55238
4.4381
3.26667
3.19048
3.2381
4.88571
3.24762
4.30476
5.87619
8.55238
7.79048
5.95238
5.31429
3.18095
4.75238
3.44762
5.79048
8.9619
7.89524
5.15238
5.52381
3.48571
3.18095
4.88571
5.15238
9.6381
9.70476
3.39048
5.20952
7.89524
6.92381
4.78095
5.78095
6.33333
3.6381
6.8
6.29524
3.20952
5.93333
3.4381
3.15238
6.11429
5.42857
4.22857
3.20952
5.8
7.07619
3.28571
4.86667
3.44762
5.8
3.22857
5.47619
10.3333
9.84762
3.66667
6.5619
5.05714
5.87619
5.71429
5.31429
7.00952
6.2381
2.4
5.69524
4.4
3.61905
2.42857
2.17143
2.6
3.46667
2.40952
2.19048
3.84762
3.98095
2.00952
3.71429
2.1619
3.97143
2.62857
4.0381
6.15238
2.54286
3.40952
2.64762
2.49524
2.41905
2.4381
4.38095
4.93333
2.37143
7.30476
2.65714
2.50476
2.1619
2.40952
4.70476
2.07619
2.06667
3.69524
2.5619
2.30476
2.51429
3.58095
2.12381
2.02857
3.49524
2.55238
2.38095
4.21905
5.4
3.66667
3.85714
2.18095
2.31429
7.07619
2.24762
3.50476
2.07619
4.27619
2.71429
2.22857
2.31429
4.15238
2.13333
2.65714
5.95238
3.28571
8.11429
22.1333
3.44762
5.90476
3.46667
3.94286
2.21905
5.29524
7.99048
2.49524
2.15238
2.05714
2.18095
2.2381
3.64762
2.2
2.14286
3.84762
2
2.31429
2.35238
3.52381
2.45714
5.18095
6.53333
5.75238
6.6
4.50476
2.31429
5.52381
2.46667
3.85714
3.78095
5.08571
10.181
2.3619
3.8381
2.38095
4.66667
3.19048
2.75238
2.5619
4.91429
2.13333
2.25714
3.55238
4.60952
2.01905
2.38095
2.09524
2.26667
2.18095
3.1619
4.45714
3.7619
2.31429
2.29524
4
4.17143
5.3619
2.4381
2.64762
5.54286
5.33333
1.02857
3.32381
1.07619
3.55238
5.21905
1.20952
3.04762
1.79048
1.31429
1.1619
1.14286
3.53333
3.45714
1.20952
3.59048
1
1.67619
1.04762
1.22857
4.04762
2.59048
1.12381
1.25714
2.37143
3.45714
1.54286
4.80952
1.19048
1.04762
1.09524
1.31429
1.30476
1.00952
1.41905
6.06667
1.24762
1.13333
1.6381
1.00952
3.59048
1.57143
4.09524
5.68571
2.85714
1.15238
1.13333
3.93333
1.06667
1.07619
1
1.1619
4.2
4.20952
1.05714
1.07619
3.40952
1.1619
1
1.07619
3.95238
2.41905
2.04762
2.81905
1.27619
1.12381
1.05714
1.07619
3.18095
4.05714
1.01905
2.52381
2.64762
1.13333
1.18095
1.17143
1.32381
1.66667
1.02857
1.11429
1.04762
1.15238
3.54286
1.05714
1.02857
1.11429
1
1.11429
1.01905
1.02857
4.9619
1
1.00952
4.5619
5.22857
3.19048
3.53333
1.07619
3.45714
1.51429
1.40952
3.67619
4.87619
1.06667
1.00952
4.72381
1
1.26667
4.46667
1.02857
1.02857
1.10476
1
3.48571
4.25714
1.15238
3.44762
1.07619
1.08571
4.4
1.06667
3.60952
1.14286
1.06667
1
3.68571
1.07619
2.6381
4.34286
1
1.0381
1.15238
1
2.78095
1.35238
1.17143
1.73333
1.19048
1.13333
3.94286
1.30476
3.13333
1.06667
3.27619
1.09524
1.6
1.24762
5.00952
3.93333
1.85714
1.01905
3.52381
4.80952
4.09524
1.50476
1.18095
1
1
1.0381
1.00952
1.40952
1.21905
1.46667
3.6
4.8
1.01905
1.55238
1.17143
3.7619
4.91429
1.10476
1.41905
1
3.97143
3.32381
2.73333
1.24762
4.22857
1.04762
1
1
1.02857
1.20952
1.01905
1.20952
1.0381
3.25714
3.07619
3.20952
1.11429
1.25714
1.05714
1.04762
3.01905
4.31429
2.95238
1.33333
4.33333
1.25714
4.2
4.11429
1.10476
1.34286
1.08571
2.5619
1.2
1
4.21905
3.78095
1.17143
1
1.0381
1.09524
1.95238
1.82857
4.29524
1.09524
2.47619
3.58095
1.02857
1.28571
1.02857
1.04762
3.49524
1.04762
1.20952
1.29524
1.02857
1.2381
1
1.22857
1.2
2.62857
1.06667
1.33333
1.17143
1.50476
2.41905
1.2381
1
1.66667
1.28571
1.13333
3.90476
1.05714
1.49524
1.01905
1.21905
1.20952
1.12381
1
5.02857
1.18095
1.07619
1.26667
1.24762
1.1619
1.00952
1.21905
1.06667
1.25714
1.15238
1.02857
1.01905
1.04762
1.15238
3.93333
1.02857
1.20952
1.44762
3.0381
4.29524
1.05714
1.17143
1.21905
4.2381
1.08571
3.85714
3.52381
1
3.17143
1
1
1
1.0381
2.86667
3.66667
1.02857
1.00952
1.04762
3.12381
1.24762
2.62857
1.06667
3.86667
4.53333
3.10476
4.00952
5.20952
3.64762
4.88571
1.41905
1.11429
1.32381
3.47619
1.10476
1.18095
1.05714
1.17143
1.05714
1.08571
4.12381
2.99048
1.05714
1.18095
4.57143
4.14286
1.15238
1.30476
3.57143
1.06667
1.14286
1.05714
3.33333
1.00952
1
4.07619
5.31429
1.13333
4.35238
4.04762
1
3.41905
3.38095
1.05714
3.9619
3.15238
4.21905
1.78095
1.19048
1.05714
1
4.24762
1.13333
1
2.66667
1.04762
1.09524
1.46667
1.1619
1.09524
1.01905
1.87619
3.62857
2.72381
1.14286
4.70476
3.32381
1.11429
1.11429
1.10476
1.14286
1.10476
1.37143
1.6381
1.19048
3.22857
3.93333
3.75238
3.64762
1.08571
1.06667
1.06667
4.40952
1.62857
1.01905
1.65714
4.05714
1.00952
1.91429
3.47619
2.90476
4.20952
1.02857
3.19048
1.00952
4.26667
2.24762
1.04762
1.95238
1.46667
3.79048
3.32381
1.00952
1.2
3.82857
1.00952
1.0381
1.53333
5.21905
3.84762
1.26667
1.13333
1.30476
1.53333
1.17143
3.9619
4.5619
3.99048
1.00952
1.01905
1.09524
1.17143
3.92381
2.68571
2.74286
4.20952
1.10476
1.05714
3.85714
1.02857
1.12381
1.08571
1.31429
1.00952
4.62857
3.90476
3.59048
1.09524
5.07619
1.05714
4.32381
3.58095
1.00952
3.99048
6.66667
2.74286
1.01905
1.07619
1.02857
1.02857
1.07619
1.26667
1.01905
3.14286
1.28571
1
3.12381
1.41905
1.26667
1.28571
1.28571
1.10476
3.68571
1.10476
1.09524
1.29524
1.0381
1.08571
4.66667
1.13333
1.0381
3.68571
4.41905
1.12381
1.01905
1.05714
1.07619
1
3.58095
2.25714
4.17143
1.19048
1.29524
4.70476
1.7619
1.32381
4.52381
3.29524
1.04762
3.51429
1.33333
1.06667
1.11429
1.57143
1.06667
1.06667
2.49524
1.06667
1.0381
3.85714
1.02857
1
3.7619
1.05714
3.30476
1.42857
1.04762
1
1.13333
1
2.78095
1.69524
3.6381
3.85714
3.77143
1
1.10476
4.39048
1.09524
1.08571
5.32381
3.99048
1
1.15238
4.06667
3.38095
1.33333
2.7619
3.70476
1.09524
3.60952
1.18095
1.69524
1.3619
1
1.13333
1.26667
1.07619
1
2.11429
1.02857
1.39048
1.12381
3.08571
2.97143
1.21905
1.00952
1.00952
1.07619
1.22857
1.14286
3.8381
1.14286
1.02857
1.01905
1.25714
3.65714
3.45714
4.02857
3.3619
1
1.12381
5.10476
1.00952
3.50476
1.18095
3.1619
2.84762
3.91429
1.00952
3.21905
1.20952
1.2
1.46667
1.24762
1.77143
4.15238
1.0381
1.29524
1.20952
4.69524
1.08571
1.15238
1.05714
1.13333
4.85714
1.15238
1.70476
1.12381
1.1619
1.2381
3.4381
1.02857
1.14286
1.15238
1.24762
1.05714
1.01905
3.67619
1.28571
3.46667
1.09524
2.34286
1.10476
3.42857
1.12381
3.38095
3.6381
4.71429
1.17143
1.17143
1.6
3.74286
1
1.13333
1.21905
1.28571
1.17143
1.1619
4.29524
1.06667
1.02857
1.57143
1.22857
3.3619
1.08571
3.99048
1.06667
1.19048
1.2
1.00952
1.30476
3.29524
1.54286
1.20952
1.14286
1.27619
1.19048
4.90476
1.25714
3.28571
4.97143
1.12381
3.39048
1.07619
1.2381
1.81905
2.58095
1.1619
1.14286
1.04762
1.08571
1.1619
5.01905
1.00952
3.94286
1
3.35238
1.19048
1.18095
1.18095
1.31429
1.01905
2.9619
3.4381
1.22857
1.14286
1.08571
1.05714
3.32381
3.89524
1.31429
1.61905
3.05714
1.19048
1.02857
1.54286
1.02857
1.05714
1.10476
4.14286
1.02857
3.45714
3.32381
3.91429
1.15238
1.11429
4.21905
1
5.29524
1.0381
1.12381
5.40952
1.00952
1.99048
1.12381
4.06667
4.40952
1.08571
1.04762
3.34286
3.07619
1.26667
1.24762
1.05714
1.27619
4.5619
1.08571
3.55238
2.80952
1.4
1.14286
1.20952
4.15238
1.02857
1.22857
4.6381
1.12381
1.19048
4.02857
1.1619
5.33333
1.6
1.13333
1.28571
1.11429
4.5619
1.04762
3.48571
2.82857
3.50476
4.71429
1.98095
1.06667
1
1.28571
1.11429
2.25714
1.0381
1.09524
3.42857
1.20952
3.21905
3.88571
1.10476
1.12381
1.22857
1.19048
1
3.46667
1.33333
3.13333
3.04762
1.0381
1.18095
4.90476
3.61905
3.4
1.35238
1.07619
1.22857
1.10476
1
1.05714
2.86667
1.06667
4.09524
1.01905
1.65714
1.29524
1.28571
2.53333
2.92381
1.01905
1.00952
1.1619
1.11429
3.91429
1.2381
1.18095
1.01905
1.14286
1.50476
1.04762
1.24762
1.02857
3.64762
1.28571
3.10476
1.13333
3.9619
1.04762
1.22857
1.2
3.4
1.34286
1.15238
1.79048
1
2.94286
1.27619
1
1
2.8381
3.00952
1.84762
1
3.24762
2.24762
1.0381
1.2381
1.87619
4.61905
1.00952
1.08571
1.02857
1.0381
3.55238
1
3.01905
1.00952
1.12381
1.20952
1.02857
4.19048
2.89524
1.01905
1.30476
1
1.14286
1.35238
1.10476
1.09524
4.4
1.11429
1.17143
1.01905
1
3.62857
1.19048
1.11429
1
3.7619
1.05714
1.86667
3.77143
1.09524
1.1619
1.33333
1.14286
1.00952
2.57143
2.68571
1.14286
1.06667
1.18095
4.50476
1.17143
4.64762
1.54286
1.25714
3
1.08571
1.20952
1.27619
1.08571
1
1.09524
1.69524
1.26667
2.84762
2.53333
3.25714
3.31429
3.69524
1.33333
1.13333
1
1.25714
2.05714
3.38095
1.27619
1.26667
2.87619
1.02857
1.33333
2.5619
1.1619
1.42857
4.07619
1.10476
1.06667
1.11429
1.1619
1.21905
1.0381
4.55238
4.28571
1.3619
1.21905
1.05714
1
2.01905
1.12381
5.45714
5.01905
5.9619
1.18095
1.0381
2.54286
1.28571
3.85714
1.2381
1.2381
1.15238
3.46667
3.58095
1.20952
1.00952
1.59048
1.73333
1.0381
3.66667
1
1.1619
1.02857
1.13333
3.95238
2.18095
5.11429
3.86667
1.61905
1.4
3.31429
1.0381
4.4381
1.08571
3.66667
1.01905
1.10476
3.0381
1
1.35238
1.14286
1.02857
1.05714
1.35238
4.05714
4.67619
3.33333
1.21905
3.87619
1.21905
1.25714
1.0381
1.2
3.60952
1.02857
5.75238
1.29524
3.67619
3.3619
3.48571
1.17143
1.17143
3.40952
1.13333
4.95238
1.2
1.10476
1.14286
1.12381
4.09524
1.01905
1.35238
4.30476
1.3619
1.0381
3.52381
1.01905
1.18095
1.21905
1.04762
3.30476
6.04762
3.7619
1
1.05714
1.28571
1.01905
4.53333
1.26667
4.91429
1.12381
1.58095
3.7619
1.86667
1.1619
1.2
1.2381
3.38095
4.37143
4.15238
1.22857
1.04762
3.27619
1.2381
2.65714
1.08571
1.06667
1.18095
1.08571
1.04762
3.64762
1.10476
3.87619
1.10476
5.15238
1.9619
1.45714
2.72381
1
1.30476
1
1.01905
2.8
4.50476
3.48571
4.98095
1.37143
1.06667
1.85714
1.44762
3.95238
1.11429
3.4
1.00952
1.26667
1.26667
4.73333
1.30476
1.09524
7.58095
5.14286
3.91429
1.19048
2.4381
1.06667
3.27619
1.14286
1.19048
1.0381
1.33333
2.6
1.12381
4.52381
1.01905
3.17143
1.15238
1.02857
4.12381
1.10476
1.2381
3.58095
4.00952
4.33333
1.30476
1.38095
1.39048
1.09524
1.3619
1
1.21905
2.78095
3.31429
1.0381
1.09524
1.21905
1.26667
1.17143
1.2
2.69524
1
3.6
3.84762
1.13333
4.09524
1.05714
1.08571
1.00952
1.01905
1.2381
1.37143
1.17143
1.26667
1
1.12381
1.39048
1.00952
1.25714
1.10476
1
4.33333
4.47619
2
1.14286
1
1.0381
1
1.12381
1
1.32381
1.13333
1.19048
1.17143
1.06667
1.24762
1
4.25714
5.09524
1.45714
4.0381
1
3.33333
3.38095
1
1.13333
1.05714
1.07619
1.09524
1.44762
1.22857
1.07619
1.12381
1.12381
1.20952
1.05714
1.0381
1.04762
1.09524
3.2381
3.33333
1.11429
1
1.24762
1.01905
3.24762
3.86667
1.21905
1.62857
1.02857
2.64762
3.07619
1.07619
3.99048
1
3.82857
3.2381
3.09524
1.1619
3.75238
1
1.07619
2.6381
1.17143
4.89524
1.06667
4.17143
1.79048
1.33333
4.24762
4.92381
1.28571
3.8381
1.02857
1.10476
1.17143
3.75238
5.71429
1.67619
4.6381
1.57143
3.35238
3.99048
4.12381
1.13333
3.51429
1.41905
1.26667
1.17143
1.09524
4.82857
1.17143
5.48571
3.99048
3.9619
3.10476
1.08571
3.93333
4.38095
1
1.24762
4.82857
1.2381
1.01905
1.37143
1.15238
1.57143
3.72381
1.05714
1.17143
4.41905
1.12381
3.70476
4.18095
1
1.00952
3.86667
1
1
1.20952
3.50476
1.24762
1.85714
4.30476
4.85714
1.20952
1
1.00952
1.21905
4.33333
1.06667
4.47619
1.04762
1.20952
4.07619
1.07619
1.05714
1.00952
1.18095
4.53333
4.47619
3.47619
1
4.18095
1.25714
1.07619
1.22857
3.97143
1.04762
1.45714
1
4.79048
4.19048
4.42857
1.15238
1.25714
2.13333
1.00952
1.05714
1.26667
1.70476
2.8381
1.39048
1.72381
1.17143
1.10476
4
1.0381
1.05714
3.69524
1.31429
1.22857
1
1.2
1.21905
4.88571
1.24762
1.2381
1.31429
1
3.10476
1.04762
1.05714
1.55238
1.65714
1
1
1.19048
1.14286
4.01905
3.06667
3.88571
1.10476
1.34286
2.79048
1.99048
1.26667
1.00952
1.8381
1.17143
3.00952
2.50476
1.15238
2.0381
1.24762
3.15238
3.59048
1.70476
3.7619
4.26667
2.3619
4.22857
1.02857
1.3619
8.71429
1.73333
3.52381
1.13333
4.6381
1.13333
1.21905
1.04762
3.8
1.06667
1.12381
1.40952
1.81905
1.17143
1.28571
1.17143
1
3.93333
3.3619
2.47619
3.59048
1.58095
3.09524
1.27619
1.1619
1.20952
2.24762
2.33333
4.0381
3.00952
5.30476
1
1
3.78095
3.30476
3.73333
1.09524
3.41905
1.02857
1.15238
1.21905
1.21905
1.24762
1.11429
1.1619
1.54286
1.1619
1.01905
1
1.19048
1.02857
1
1.02857
1.13333
1.1619
1.1619
1.01905
1.01905
5.5619
1.04762
1.01905
1.13333
3.75238
1.00952
1.08571
1.09524
3.8381
4.31429
1.22857
1
3.99048
3.46667
2.4
1.54286
1.13333
2.9619
1.15238
1.21905
1.07619
1
4.60952
4.70476
3.58095
1.11429
2.70476
1.08571
3.34286
1.13333
4.4381
3.32381
2.46667
3.57143
2.37143
1.54286
1.08571
3.30476
6.08571
4.69524
1
2.5619
1.58095
1.20952
1.05714
1.10476
2.78095
1.20952
2.70476
2.73333
1.13333
1.19048
1.12381
1.3619
1
3.74286
1.05714
1.19048
1.18095
3.68571
2.8
1.00952
1.40952
4.04762
1.2
1.0381
3.7619
3.07619
1.19048
1.05714
1.04762
1.00952
3.61905
3.89524
3.13333
3.26667
1
1.4381
3.9619
1.06667
1.21905
3.02857
1
5.42857
3.24762
1.17143
1.28571
1.20952
2.98095
4.29524
1.30476
1
1.13333
3.06667
1.12381
3.46667
1.46667
1.13333
1.00952
1.0381
1.21905
1.11429
1.17143
1.11429
1.01905
1.01905
1.1619
1.01905
2.5619
1.14286
3.11429
1.66667
1.39048
1.01905
1.42857
1.11429
1.01905
7.1619
1.00952
1.06667
3.27619
1.0381
4.27619
1.04762
2.87619
1.55238
1.07619
1.12381
1.14286
1.00952
2.59048
1.19048
1.55238
4.12381
1.2381
1.02857
1.0381
1.00952
1.33333
1.21905
1.33333
4.2381
4.08571
3.2381
1.01905
1.18095
1.00952
1.90476
4.47619
3.21905
1.10476
3.65714
3.80952
1.42857
1.19048
1.14286
3.73333
1.01905
2.18095
1.02857
1.14286
1.22857
1.15238
4.18095
1.13333
1.6381
2.75238
1.32381
1.06667
2.4381
1.13333
1.31429
1.38095
2.8381
1.04762
1.17143
4.08571
1.29524
1.0381
1.1619
4.24762
4.33333
1.06667
1.00952
1.94286
1.04762
1
4.74286
1.14286
1.12381
4.49524
1.15238
4.67619
4.52381
3.75238
1.18095
1.7619
1.38095
1
1.04762
3.40952
1.01905
1.10476
1.09524
3.70476
1.09524
1.18095
1.15238
3.97143
1.05714
1.08571
1.22857
1.02857
1.35238
1.22857
4.69524
2.82857
1.12381
1.26667
5.52381
3.67619
1.21905
2.78095
1.2381
1.04762
4.19048
3.4
1.04762
1.55238
3.72381
1.37143
1
3.4
2.7619
1.09524
4.86667
1.33333
3.67619
1.01905
3.91429
1.04762
1.00952
3.73333
1.32381
5.0381
3.55238
1.61905
1.1619
1.13333
1
1
1.1619
1
1.12381
3.35238
3.86667
5.68571
4.88571
1.31429
1.14286
2.14286
4.12381
4.75238
1.14286
1.06667
1.31429
1
2.11429
1.05714
1.73333
1.07619
1
1.52381
1
3.80952
1.31429
4.45714
3.19048
1.02857
1.02857
2.9619
4.49524
1.30476
5.05714
1.10476
1.34286
2.67619
3.45714
2.10476
5.11429
1.4381
1.28571
1
1.00952
3.12381
3.74286
4.26667
1.01905
4.20952
4.49524
1.00952
1
4.90476
4.50476
1
1.5619
1.07619
1.54286
3.26667
3.1619
1.01905
1
1
4.17143
1.50476
1
3.35238
1.17143
2.85714
1.09524
4.26667
1.44762
1
1.06667
4.14286
4.77143
1.15238
1.00952
1.02857
1.02857
4.44762
1.2
1.07619
1.2
3.8
3.90476
3.17143
1.14286
1
1.20952
3.38095
3.91429
1
1.25714
5.26667
5.8
3.14286
1.01905
4.26667
1.08571
1.1619
3.88571
1.17143
1.0381
2.38095
1.34286
1.01905
1.28571
1.01905
2.35238
4
1.55238
1
1.0381
1.41905
1.69524
4.4381
4.8381
3.8381
1.48571
1
1.1619
4.64762
3.54286
3.09524
2.65714
1.0381
2.66667
1.2381
3.97143
5.53333
4.06667
1.32381
3.67619
1.20952
1.09524
1
3.20952
1.07619
1
1.09524
1.02857
1.34286
4.5619
1.20952
1.2381
3.74286
4.01905
3.99048
5.45714
1.04762
1.01905
1.01905
1.26667
1.3619
3.77143
1.25714
1.15238
4.26667
1.04762
1.2
5.50476
2.47619
1.06667
1.06667
3.40952
4.00952
2.2
2.8381
1.20952
1.08571
1.11429
1.01905
1.21905
1.27619
1.20952
1.12381
1.33333
1.19048
1.1619
2.26667
3.27619
1.15238
1.12381
1.19048
3.67619
1.2
1.04762
2.85714
2.84762
1.8381
1.26667
1.04762
5.41905
1.02857
1
3.8381
1.00952
1.14286
1.0381
1.05714
1.4
1.35238
3.9619
1.02857
1.07619
1.10476
3.93333
4.00952
1.09524
1.24762
1.2381
3.98095
3.46667
1.11429
4.27619
2.09524
1.20952
1
1.11429
4.10476
3.20952
1.15238
3.34286
1.12381
1.0381
1.26667
1.2381
3.66667
2.85714
1.11429
1.10476
3.07619
1.2381
4.40952
5.01905
1.09524
3.30476
1.42857
1.14286
1.13333
1.13333
1.33333
1
1.07619
3.51429
1.06667
1
1.02857
1.04762
1.11429
4.71429
1.2
1.2381
4.07619
4.60952
1.2
2.61905
1
2.87619
1.33333
2.80952
3.41905
1.18095
1.7619
1
4.50476
1
1.00952
1.25714
3.28571
1.15238
3.47619
1.12381
3.4
3.52381
1.13333
3.98095
1.3619
1.25714
3.49524
1.06667
3.14286
6.11429
1.2
1.28571
3.58095
1.12381
1.2
3.6
1.25714
1
4.00952
3.30476
1.2381
1.45714
4.62857
5.32381
3.8
3.47619
1.21905
3.1619
1
3.59048
1.19048
1.34286
5.6
4.61905
1.30476
1.19048
3.26667
1.0381
1.01905
1.28571
3.09524
1.25714
4.21905
1.04762
3.14286
1
3.22857
1.18095
1.25714
1.39048
3.6
1.17143
1.06667
1.29524
1.22857
2.8381
1.14286
5.86667
4.87619
1.08571
3.89524
1.01905
1.14286
1.41905
1.09524
1.1619
3.64762
3.58095
3.84762
1.12381
1.04762
1.02857
1.10476
1.25714
1.13333
5.32381
1.0381
3.78095
1.0381
1.26667
3.73333
3.28571
1.08571
1.04762
2.65714
1.39048
1.04762
4.19048
1.22857
1.3619
1.05714
1.10476
1.06667
1.13333
4.75238
1.24762
2.42857
3.21905
1.00952
1.01905
1.09524
3.9619
1.66667
4.22857
3.07619
2.73333
1.74286
2.69524
1.61905
4.0381
3.7619
3.41905
1.02857
3.80952
2.08571
4.17143
1.4
3.59048
1.46667
1.0381
1.2381
1.12381
1.02857
1.04762
3.66667
1.07619
1.06667
1.44762
2.0381
1.01905
1
1.13333
1.05714
1.21905
1
1.14286
1.13333
1.33333
1.01905
3.52381
1.02857
1.15238
