878 2634
166.514
120.886
83.0286
138.981
100.714
3
38.9238
56.2762
21.8476
17.5238
3
11.7429
238.81
308.752
20.6952
3.35238
145.914
9.08571
49.181
86.2762
3.18095
38.7048
36.2095
49.9238
3
3
3
3
3.04762
3
47.9048
87.9238
107.295
131.038
81.9333
70.2857
3
11
74.2857
3
135.124
13.2762
3
66.7238
6.3619
54.581
63.4476
29.6
84.7429
3
31.181
15.2762
64.0286
56.5143
3
69.0476
77.6667
87.1143
11.219
62.8952
172.752
239.143
3
3
26.8857
112.219
56.219
85.7238
57.6095
3
41.5524
110.095
12.219
3
54.2571
39.7048
64.1524
3
176.771
8.71429
143.552
25.4381
27.0952
146.238
3
47.6
21.0286
14.1143
84.1238
3
3
3
3.06667
12.3714
58.8476
3
18.0286
150.438
3
63.3238
15.4095
3
63.1238
72.2476
12.0381
29.9714
3
3
132.086
15.981
37.9905
190.352
3
3
8.0381
4.65714
52.5048
3.25714
164.19
54.4571
60.3143
114.705
3
40.4095
23.9905
3
4.26667
3
21.781
134.59
60.3619
64.0952
8.34286
8.75238
66.9714
139.61
48.7238
109.067
103.733
63.0095
36.4381
3
11.0095
17.7143
10.6476
5.66667
22.0762
20.8095
76.219
7.42857
29.7905
92.6667
72.9333
146.981
18.3524
3
6.91429
47.0571
180.41
19.8667
3
214.61
3
3.35238
54.0095
20.3143
74.8286
3.14286
114.467
3
57.6667
107.571
3
6.0381
16.2667
3
53.619
70.1333
88.6762
27.7238
4.7619
49.1619
63.2952
3
136.476
59.8952
210.533
3
3
7.47619
57.5333
5.35238
73.4476
3
124.429
60.9714
74.8
184.019
8.0381
3
3
72.4857
233.438
37.0667
140.59
120.514
147.543
3
3
3
122.524
24.2952
3
41.4762
3
89.2571
152.571
3.53333
3.17143
8.92381
115.124
28.8571
3
34.7905
3
3.00952
3.33333
7.20952
128.724
154.933
25.1048
3.27619
3.1619
269.514
16.0571
90.2571
190.714
3
384.152
6.93333
27.4095
157.686
114.295
132.162
103.743
23.1143
30.7238
207.581
4.74286
161.076
14.5429
53.1524
148.029
6.01905
96.3048
3.1619
137.029
21.8476
41.8571
155.01
148.924
76.8
201.352
47.5429
3.39048
183.848
3
74
27.5619
9.2
190.6
32.8
35.2571
10.8762
9.28571
3
7.31429
66.5524
3.20952
39.3429
10.9905
3
79.4476
36.781
131.752
3
36.8667
20.6762
3
18.2381
3
40.5143
140.448
46.1714
3
364.19
3
3
60.419
10.4476
28.1143
11.1429
212.914
54.5143
23.4952
185.8
184.333
78.6
3.06667
46.3048
72.9619
8.88571
10.581
41.3048
43.3619
155.19
64.0476
84.8762
52.5524
24.3333
84.4286
58.1524
9.8
8.74286
56.9429
82.6857
203.676
20.8857
10.9333
5.99048
210.905
75.5143
71.4667
3
184.886
114.981
3
3
91.6381
144.571
3
37.1524
76.7238
18.1905
167.048
95.7238
55.3905
3
49.0857
41.619
39.5714
50.381
127.638
3
18.6952
3
3
159.857
29.2571
22.8095
8.91429
3.80952
22.5524
64.1905
58.2
38.8952
3
38.419
3
26.7238
142.2
9.19048
3
10.2476
117.705
175.238
179.867
3
85.2857
3
4.46667
25.6952
168.314
215.629
30.7429
38.8095
207.886
13.6476
64.8571
60.0762
3
3.27619
17.5524
11.6095
3
49.6476
3
3
3
3
216.924
208.724
21.3238
24.3048
160.381
3
5.52381
15.981
3
247.295
3
3.32381
3
3.2381
142.495
3
3
3
3
72.6095
18.4095
17.6952
65.8857
194.59
199.162
110.543
5
3
30.7238
182.857
94.8571
3
108.371
180.924
177.971
3
3
3
25.6286
3
8.48571
3
3
3
3.00952
3.55238
14.781
3
11.9619
142.352
13.0095
75.8762
32.0286
3
3
3
7.90476
3
3
15.6286
75.7143
77.5238
3
198.819
162.057
209.714
156.619
41.7524
136.8
159.01
134.019
3
125.476
84.8667
5.70476
3.35238
3
3
3
3
3
15.2857
51.2
7.84762
32.8762
3
92.581
41.8952
3
3
3
3
25.3333
3
174.819
3
74.181
3
218.619
127.276
3
3.26667
3
3
28.581
110.971
29.1048
3
88.8857
3
3
3
7.8
36.4
3
3
3.4
3
3
186.457
3
3
3
5.01905
13.9238
3
3
55.5429
41.4762
51.7048
3
6.15238
90.6381
56.9524
3
27.1524
25.9333
3
172.181
3
6.2
3.4
3
50.7429
3
3
3
128.495
95.3048
3
167.895
3
3
113.981
3
3
148.648
86.9429
3
3
4.14286
73.4667
3
3
3
3
3
48.2095
3
3
25.3429
3
3
7.72381
3
3
49.8667
6.73333
3
3.24762
39.1143
3
3
85.2095
163.076
3.41905
8.8381
3
3
3
3
78.381
3
3
3
3
87.9619
31.219
3
3
3
36.5048
3
42.9619
55.5714
122.286
3
26.7429
5.26667
3
34.4381
3
3
181.124
10.6762
18.2
3
30.7619
180.01
3
60.7905
51.3714
101.743
3
3
15.4857
3.32381
3
24.8476
3
180.276
3
3.41905
177.133
164.886
27.381
3
77.8571
53.6952
16.1524
206.676
3
3
158.686
3
7.72381
93.2381
3
56
60.2
180.733
177.124
3
156.324
3.22857
40.0762
3
3
3
3
3
3
3
18.5238
77.8667
3
3
5.88571
43.8762
140.81
173.676
3
6.75238
16.9714
121.019
276.676
67.9429
171.105
4.32381
166.048
197.733
52.2286
3
219.143
3
3.45714
3
3
3
76.2667
166.381
3
24.6857
3
13.8286
3
3
3
3
54.2286
3
3.3619
10.9238
3
59.5714
3
3
119.752
194.19
74.381
3
3
3
23.5619
8.8381
3.53333
3.41905
3.50476
3.22857
4.14286
23.2571
130.2
3
3
3
3
3
3
3
3
3
3
3
3
3
3
3
3
3
3
3
3
11.4476
3
3
195.333
3.20952
40.5905
159.743
3
3
3
4.01905
9.2
34.5714
71.381
3
205.714
209.124
3
3
40.3238
3
3.93333
10.5143
122.819
3
19.8952
3
11.0381
42.9905
3
3
3
3
3
3
80.7905
3
156.533
82.219
3.4381
9.17143
38.6
3.65714
16.1714
3
3
5.9619
13.1429
194.914
169.648
3
3
3
3
3
207.524
126.457
122.333
66.7238
79.3905
178.524
117.495
136.276
204.552
8.57143
196.171
59.9714
93.3429
93.3619
77.7333
3.2381
53.8095
31.8381
44.7048
33.0286
166.143
60.781
9.55238
41.4
6.70476
20.381
153.343
24.8952
61.219
102.305
32.5905
89.8095
136.79
48.3905
78.8095
89.7714
78.1333
3.09524
154.562
98.9048
27.3238
14.6286
7.80952
83.2381
107.981
25.4381
42.4286
62.781
77.8
3
14.781
18.0762
194.619
11.4952
59.2381
24.7905
3
39.3238
10.9714
42.6286
87.5333
130.419
41.3048
3
117.4
62.7238
3
3
3
3
3
3
3
3
3
3
3
3
3
3
3
