10876 34740
19.3238
14.3143
4.10476
13
5.4
7.2
14.0667
6.86667
13.6286
14.0667
17.1524
6.10476
11.4286
8.04762
16.7905
10.3905
4.3619
13.3333
5.92381
20.8381
17.3048
8.92381
4.30476
14.8952
4.45714
20.019
19.5905
4.39048
4.69524
5.00952
6.87619
6.5619
8.41905
10.5619
7.59048
5.33333
10.8571
11.4095
16.2286
12.3905
4.66667
14.0286
25.2095
16.219
6.06667
8.81905
15.4381
13.6095
4.67619
16
6.47619
8.84762
14.1524
6.02857
9.04762
19.5524
4.39048
10.8286
12.0762
7.74286
18.0095
16.0952
22.2571
12.4667
5.57143
14.619
7.26667
4.68571
15.619
4.30476
25.2476
9.87619
9.18095
9.44762
15.7429
8.6381
7.31429
8.69524
10.181
9.2
9.67619
5.81905
6.57143
18.9905
7.59048
8.46667
18.0381
16.7143
7.14286
7.98095
8.41905
9.70476
4.01905
12.8381
7.95238
6.25714
12.3619
17.6762
6.79048
15.2952
20.3714
12.4571
11.2381
4.52381
9.05714
17.0286
13.9143
5.58095
5.44762
17.9143
9.37143
8.12381
13.2476
7.24762
9.2
9.69524
6.34286
12.2476
13.9905
9.01905
24.8381
8.27619
8.38095
6.68571
4.09524
24.3238
16.6286
19.9333
22.1143
17.6381
12
11.7619
9.2381
5.29524
15.4381
12.8476
14.9048
15.1619
11.2571
5.44762
14.5143
24.4095
14.3048
14.8095
5.12381
19.019
14.1429
14.6
12.8
11.7429
9.93333
17.6095
16.0667
11.1905
10.5143
13.4762
13.9143
8.79048
5.79048
8.59048
8.87619
20.019
10.381
11.2857
20.3238
12.1143
10.0381
6.84762
14.4952
7.66667
9.32381
13.7905
8.7619
10.3238
4.05714
4.04762
13.0952
13.7619
19.4667
15.1143
15.1143
20.1143
6.07619
22.1048
9.97143
11.2286
9.15238
8.07619
14.3238
26.2857
15.5714
12.9333
12.8571
8.69524
18.8286
12.0381
5.91429
9.40952
6.30476
17.3905
11.2952
7.2
10.019
12.1048
4.25714
4.51429
14.6857
6.00952
13.1048
14.619
8.17143
18.5238
4.58095
14.0762
15.8
9.20952
9.07619
4.26667
11.9238
4.19048
8.69524
5.92381
9.9619
22.8762
11.3619
6.27619
9.49524
4.04762
6.69524
6.6
12.0476
7.51429
9.6381
8.11429
7.92381
5.49524
12.2952
6.62857
4.28571
7.89524
4.65714
6.97143
4.74286
7.62857
15.2381
20.8857
14.6095
14.5619
13.219
10.6762
12.0857
10.8952
9.70476
4
9.8
8.78095
11.1048
9.81905
13.219
8.79048
12.2952
12.1238
17.4095
4.54286
7.54286
4.06667
14.8476
19.8762
16.3905
13.0857
16.3619
20.2667
26.2571
12.2095
5.85714
13.3524
12.3905
4.13333
17.6857
16.2286
15.0095
10.781
4.1619
6.62857
18.181
16.5143
5.94286
15.1714
12.2286
17.8286
15.9429
15.9429
15.5619
16.7048
14.3333
16.3333
8.77143
18.7143
13.0857
6.8381
5.35238
14.7333
11.4476
16.8
9.90476
13.5143
11.5714
6.69524
4.60952
15.0476
17.0571
17.3333
10.981
18.6762
15.819
7.27619
4.89524
13.1524
23.0476
14.8095
5.4381
4.13333
10.6286
14.1143
9.14286
6.94286
9.66667
13.4476
17.9524
9.66667
4.75238
22.1905
4.25714
4.71429
7.3619
7.94286
6.05714
4.25714
15.3143
12.5429
13.1238
6.48571
4.80952
10.5048
4.51429
9.64762
23.7429
5.81905
11.4476
7.5619
12.4667
12.381
16.6667
4.49524
10.6
9.69524
16.7048
6.32381
8.79048
4.24762
4.3619
14.6667
4.99048
11.1238
8.86667
11.5238
9.38095
11.3714
7.38095
10.9143
9.8381
6.71429
5.64762
8.66667
4.74286
4.1619
5.93333
7.06667
10.0667
16.2762
7.55238
6.38095
16.3714
16.6952
6.07619
23.2095
14.219
17.7905
12.9048
11.7048
10.2857
14.6667
16.9619
14.9048
16.0095
15.9429
17.019
12.8286
11.2762
10.219
4.48571
13.2
8.07619
16.4571
5.30476
6.47619
16.1333
20.7048
12.4857
14.981
4.01905
8.24762
15.0286
8.6
10.181
9.21905
6.2
11.3238
11.8095
6
24.6952
8.72381
9.5619
4.2
11.9333
9.78095
11.1524
4.46667
4.13333
6.73333
8.86667
8.66667
10.9905
4.47619
13.5714
9.04762
13.1905
7.2381
11.4857
9.42857
12.6476
8.07619
9.39048
7.57143
10.4381
12.4762
12.7524
8.55238
6.98095
9.75238
15.4857
9.82857
19.5048
7.29524
12.8857
13.6762
15.1619
9.05714
14.4095
8.35238
13.0476
9.58095
15.3333
11.5905
8.52381
5.79048
6.67619
4.94286
5.62857
9.10476
14.2667
8.72381
4.22857
10.781
9.0381
10.7619
18.0095
14.7524
12.4667
12.8952
9.47619
11.4857
12.0762
4.33333
15.9333
7.42857
17.1905
10.2952
13.619
15.5238
24.7333
9.05714
11.4286
14.6571
14.1238
12.4476
7.62857
10.619
10.4381
5.97143
12.8095
21.0667
15.0381
4.11429
11.7429
9.6381
16.3238
11.8667
18.2476
21.9619
12.8667
5.51429
7.97143
7.98095
12.5333
5.53333
19.619
10.3429
4.66667
11.4381
4.28571
14.8095
12.581
9.24762
6.28571
16.7333
11.8095
7.60952
14.6476
13.9619
14.5238
4.07619
5.17143
6.0381
13.781
4.90476
8.90476
16.0571
16.1048
4.37143
9.41905
7
15.0381
23.6
13.8762
13.0381
13.0381
9.82857
8
9.81905
12.8
13.6286
7.09524
6.7619
12.3524
6.62857
17.6952
10.1619
4.37143
8.04762
8.65714
14.8476
11.9524
5.28571
5.68571
18.5524
16.5714
15.1524
16.9524
12.7714
24.981
13.7143
13
12.9619
10.5714
13.6762
11.0381
20.9524
4.10476
22.2286
10.381
8.10476
10.8095
10.8857
4.41905
5.92381
8.97143
25.0762
14.3429
10.9905
18.1619
4.14286
15.7524
13.2762
5.89524
17.9714
6.2381
8.40952
8.19048
15.581
12.419
7.0381
12.3048
12.1429
10.8571
5.15238
11.2762
19.781
9.29524
11.8095
21.6286
18.5238
4.1619
4.57143
8.07619
4.33333
11.5333
4.22857
14.1619
13.6762
6.91429
4.39048
11.1238
7.72381
12.3714
22.3048
6.09524
10.4095
11.2952
8.29524
5.27619
8.05714
6.12381
5.92381
4.74286
11.0952
6.46667
13.9143
12.9429
22.6667
6.8381
6.59048
20.1714
9.70476
4.15238
6.33333
5.7619
4.9619
11.5524
12.6667
6.73333
9.17143
13.1429
7.06667
22.3619
7.30476
14.5524
16.0952
15.2
14.9429
6.90476
6.69524
7.90476
15.4095
18.8857
7.73333
7.38095
19.8667
13.6381
13.8857
14.2571
12.981
5.05714
4.09524
9.87619
12.619
11.2476
10.1333
9.94286
11.6762
9.19048
13.8762
17.8381
10.7619
13.4381
7.77143
15.2952
20.5333
13.619
6.97143
8.86667
8.59048
19.8476
10.9429
9.08571
10.4667
15.8857
7.19048
13.8762
6.33333
6.06667
18.4952
18.7048
12.7143
8.35238
8.53333
16.2381
4.91429
9.4381
7.12381
8.79048
14.7333
11.2571
10.1905
7.8
4.72381
10
14.1524
13.5905
4.12381
15.8476
6.91429
17.9429
19.5905
12.1238
12.3524
10.219
13.7714
20.2857
6.64762
9.53333
17.5524
12.7238
14.8762
5
4.5619
4.21905
9.42857
8.67619
23.5714
4.35238
4.13333
13.5333
7.58095
4.6
13.619
6.48571
18.9714
9.20952
11.1619
13.7714
18.3143
7.08571
7.95238
4.29524
5
10.9238
17.1143
4.89524
19.3905
13.8952
9.42857
10.2476
11.9524
7.31429
18.6952
6.07619
15.8476
12.1524
13.3905
18.0571
4.47619
10.5714
27.4571
6.40952
15.5333
14.5238
12.3714
17.0381
8.05714
18.781
18.4762
13.781
11.0667
12.3143
8.06667
11.0476
4.24762
11.8667
10.0857
7.55238
16.6667
13.819
23.9143
16.2286
8.87619
19.6857
14.1619
14.9429
13.1143
5.57143
12.6762
18.181
15.6952
9.01905
9.5619
12.419
4.84762
5.51429
22.9905
17.5714
9.07619
4.07619
10.1714
4.5619
12.3238
13.4095
6.3619
11.981
13.8
15.2095
14.3238
13.0571
27.781
4.6381
9.75238
13.1238
12.619
7.10476
8.34286
20.0952
13.9048
9.72381
9.85714
9.68571
17.619
11.1714
8.13333
8.71429
9.70476
10.7714
13.4381
6.0381
5.33333
4.22857
7.24762
10.3333
7.93333
9.59048
15.8762
8.77143
12.6381
5.98095
10.5905
12.1333
11.581
4.38095
12.0095
4.53333
4.04762
4.3619
10.1619
8.41905
4.28571
4.41905
14.8095
14.7429
8.71429
8.3619
12.7619
12.8952
9.09524
17.9333
6.6381
10.3048
4.5619
8.31429
8.69524
14.7619
4.74286
13.5143
5.41905
8.84762
6.99048
12.6095
8.04762
5.94286
7.38095
7.08571
4.3619
9.51429
4.5619
10.3905
18.0952
13.2857
14.9524
12.4095
4.2
7.74286
7.58095
8.10476
13.1333
17.5905
4.22857
7.4
8.65714
7.40952
8.0381
12.7619
10.0762
9.87619
15.5619
6.91429
13.5429
8.28571
15.819
9.75238
14.4286
10.3714
14.219
5.78095
9.61905
13.9143
11.3524
11.0476
7.4
6.25714
9.79048
4.77143
4.08571
17.4286
10.581
7.52381
14.3714
23.2286
12.1905
4.60952
10.2952
13.419
13.4476
7.9619
10.2952
18.7524
19.9238
4.31429
17.8762
19.9524
17.5619
15.4667
7.49524
4.44762
22.981
11.7714
14.3714
10.019
10.4762
5.09524
7.17143
14.1333
18.7714
11.0095
15.381
5.79048
18.5905
16.4857
6.28571
17.8952
14.8095
13.2381
6.27619
15.2762
11.6381
19.8476
5.4
6.89524
11.0762
15.5905
12.6667
19.5524
16.4857
19.3714
4.2
4.42857
4.13333
6.2
8.97143
14.0667
13.7333
18.2095
9.06667
16.619
6.59048
8.15238
15.7143
6.81905
12.0762
11.0952
15.8
20.6857
6.35238
4.21905
15.981
4.57143
8.58095
16.5905
14.7238
4.50476
7.02857
6.94286
7.72381
5.27619
6.54286
15.3905
9.06667
16.2095
13.9905
17.9238
12.8381
16.0667
11.7619
14.4667
6.92381
9.26667
13.0381
6.51429
9.14286
15.0476
15.1333
4.25714
11.8095
18.581
10
23.6667
11.7048
12.8286
7.88571
8.34286
23.2857
7.54286
14.9429
28.9333
6.88571
8.57143
11.2
9.12381
11.8476
5.65714
6.04762
4.3619
11.6286
12.6952
15.3714
9.68571
8.05714
16.181
9.97143
16.9048
14.9333
16.019
13.3333
9.46667
12.6857
9.84762
13.2667
20.219
11.3619
14.6952
4.49524
19.3429
11.3524
5.75238
10.9524
4.41905
4.32381
7.88571
12.6857
6.92381
12.1333
20.0571
14.6
11.3429
5.8
5.91429
12.6095
14.3048
5.38095
6.31429
6.57143
7.06667
8.70476
16.2381
8.26667
23.2952
7.5619
8.15238
4.67619
4.45714
23.7048
7.21905
22.619
4.93333
5.30476
9.07619
23.1524
16.0571
14.1333
13.619
14.9333
12.5429
5.09524
13.0286
6.93333
5.47619
9.60952
5.27619
11.1619
4.84762
14.7714
7.33333
10.0667
10.9333
11.3905
16.2952
17.4762
8.80952
18.2667
13.2667
11.5143
10.3524
4.6381
19.1905
14.5333
12.9238
7.32381
13.0667
9.62857
11.6381
4.59048
11.1143
5.7619
7.93333
11.8952
4.50476
11.7143
4.08571
8.28571
16.6762
23.4571
10.4095
15.8
9.20952
7.1619
5.00952
4.10476
10.1238
10.0476
10.5524
13.1333
4.6
7.24762
7.20952
14.9905
25.7905
15.1714
12.3143
9.66667
4.41905
13.5714
11.3714
6.71429
11.7714
17.419
11.2762
19.3333
9.10476
6.04762
16.8667
7.52381
8.9619
14.8286
8.01905
15.3048
12.5048
10.9429
10.2762
4.05714
6.33333
5.2381
14.4667
6.22857
7.98095
10.0762
4.44762
18.6952
8.95238
13.7905
13.3429
12.3143
4.73333
12.219
18.4857
9.68571
9.8
4.38095
13.1143
17.7714
8.4
19.1905
12.619
4.78095
5.13333
10.4762
7
7.70476
9.51429
15.5714
7.97143
7.35238
9.64762
18.6
4.66667
13.8857
13.4095
5.44762
13.9048
8.19048
17.1905
12.4857
7.73333
11.981
10.8381
11.5333
8.9619
4.13333
4.58095
7.30476
12.6286
4.05714
5.61905
4.08571
16.0476
9.60952
9.39048
18.1619
11.6286
11.0381
6.32381
4.19048
11.381
6.55238
19.0381
6.86667
16.8381
8.52381
12.2952
9.14286
4.13333
13.6
4.81905
4.68571
9.18095
8.79048
20.219
19.7714
9.69524
13.9238
13.7905
11.0476
8.89524
8.68571
11.419
11.7905
13.219
8.33333
19.8571
8.6381
9.66667
7.48571
14.2952
6.62857
5.95238
7.62857
15.7048
9.53333
14.3714
12.1714
4.39048
7.06667
6.4381
6.93333
12.3619
13.1429
5.34286
18.2857
11.1714
11.3238
4.12381
7.05714
5.68571
8.77143
9.71429
6.51429
12.6857
6.8381
11.6286
5.60952
19.6571
8.84762
23.219
6.08571
16.3619
9.9619
11.9429
9.46667
12.4476
16.8762
14.2
10.8381
7.2381
14.8571
20.5619
9.41905
19.1143
10.5238
17.1429
19.4476
6.70476
7.14286
6.55238
7.57143
12.7619
8.12381
10.219
8.50476
8.26667
7.80952
13.3524
5.70476
5.2381
12.5429
13.6
10.6381
9.06667
6.39048
6.8
18.6857
11.2
8.90476
10.5143
7.74286
10.6476
12.3143
4.30476
13.0667
5.3619
5.55238
13.7429
10.1619
14.3429
8.94286
9.4
4.28571
9.00952
9.85714
13.981
13.7048
5.87619
11.5619
14.6571
5.21905
6.51429
11.8
5.80952
9.53333
23.8762
4.18095
4.48571
13.4381
7.98095
6.19048
15.5524
10.2286
7.1619
14.8
4.48571
7.32381
12.8286
12.2
4.08571
10.1048
5.41905
9.2381
14.5048
8.14286
9.07619
6.30476
8.78095
4.40952
17.6476
11.4381
4.04762
13.9333
8.13333
6.15238
13.1619
10.619
9.33333
13.8
15.9905
7.28571
17.0095
4.4
13.2476
7.66667
21.7333
11.6857
15.6
18.4857
13.7238
4.20952
11.8
9.42857
12.1048
12.7905
9.67619
10.2
11.4762
6.88571
7.77143
6.29524
17.1333
6.07619
12.8667
4.33333
8.78095
10.0095
6.13333
16.4571
10.9048
21.1143
5.71429
4.2381
19.4095
14.9143
6.75238
16.4286
7.98095
10.8381
25.5429
27.3333
5.73333
7.40952
8.98095
13.4762
11.6762
8.29524
13.781
4.34286
6.68571
13.3714
6.93333
10.619
15.1048
15.5714
14.8286
6.02857
4.05714
10.5048
14.4381
12.9905
13
14.9619
10.7238
5.3619
18.1619
10.4476
19.6857
15.1143
14.4095
13.5905
14.7429
8.95238
12.4
12.2762
9.58095
14.9429
12.7905
8.46667
17.8571
25.0476
12.0286
4
8.48571
9.15238
10.7905
14.3333
18.419
16.3143
4.44762
11.2095
7.09524
14.7905
13.0476
20.581
10.1619
8.68571
4.52381
4.07619
8.7619
13.3048
5.04762
12.2286
11.8286
19.5524
14.6857
14.2667
8.7619
15.9429
5.89524
9.49524
5.2381
17.9714
22.5714
8.26667
8.94286
7.05714
19.4286
10.5619
9.39048
9.49524
5.26667
6.2381
8.57143
4.46667
5.74286
7.88571
7.18095
12.8286
14.8381
15.6476
9.65714
4.0381
7
7.47619
13.2095
10.8286
24.2381
7.53333
4.18095
15.3048
9.8
11.9714
9.75238
13.7905
10.3429
7.08571
16.4762
10.7905
21.5524
4.50476
13.2762
9.67619
4.62857
15.619
12.8762
24.3238
8.78095
7.33333
10.5048
15.1333
11.1619
15.3238
4.7619
13.8952
8.33333
19.5619
10.8571
13.2476
12.8286
15.6857
15.8286
11.7333
7.1619
9.00952
19.5429
8.06667
14.2762
8.9619
4.44762
6.5619
7.45714
15.3619
16.6476
12.419
9.94286
18.3429
10.3048
11.5238
4.59048
8.65714
10.3143
7.82857
7.58095
4.41905
4.6381
4.61905
4.77143
5.4
7.44762
4.34286
7.89524
7.25714
22.7619
8.66667
17.6952
4.2381
11.8857
9.02857
11.2286
14.7048
22.7429
5.1619
5.06667
4.12381
16.1143
9.07619
10.1333
4.09524
14.4571
18.8857
9.21905
11.8667
12.8762
10.7143
9.38095
19.2095
8.64762
4.51429
4.82857
11.581
14.7333
15.7333
16.0952
8.48571
22.6857
10.7048
14.9905
5.21905
4.31429
10.0667
10.1048
8.24762
7.02857
4.12381
13.6286
15.1143
8.81905
8.11429
11.6381
8.41905
10.2095
8.44762
4.55238
10.0762
8.97143
5.32381
10.4
12.3429
12.2
11.381
4.70476
6.54286
5.51429
20.419
14.1048
4.90476
4.38095
10.2
5.85714
8.2
6.77143
13.2476
16.9905
16.2
19.1238
11.2667
4.65714
12.819
5.78095
8.41905
20.6286
9.69524
11.3619
15.5524
12.7524
4.3619
5.98095
6.72381
13.9238
6.09524
5.31429
9.39048
4.45714
4.40952
4.17143
23.8286
11.4952
10.7524
5.41905
8.60952
8.65714
5.42857
7.77143
6.7619
10.4476
6.40952
4.6
8.34286
6.3619
19.4667
18.419
13.3905
20.4952
5.0381
13.619
20.1429
13.819
13.4762
12.4476
5.2
11.9333
18.0095
14.1905
4.77143
5.6381
10.019
15.0667
4.4381
4.90476
10.8571
19.019
4.38095
16.0667
16.381
4.71429
5.58095
22.2381
9.74286
8.95238
5.44762
11.4667
6.30476
7.04762
12.0952
4.45714
8.81905
19.6857
10.0857
12.1905
4.5619
12.981
10.0381
9.72381
8.72381
4.32381
8.79048
8.21905
4.8
10.5333
18.6286
6.22857
9.38095
15.5048
9.27619
10.5619
4.57143
4.50476
4.89524
7.74286
9.30476
6.06667
5.72381
10.8857
7.51429
4.10476
18.0857
6.5619
6.71429
10.7619
5.59048
11.5238
5.64762
9.79048
4.48571
9.59048
6.4381
8.82857
33
18.9048
11.9905
12.9333
7.7619
15.4762
8.13333
20.6857
13.9619
12.5048
11.3619
19.6476
14.3524
14.4
12.5905
11.1524
6.33333
7.41905
4.29524
9.67619
24.8857
10.4381
16.4381
14.9429
6.85714
14.0667
5.04762
14.2
4.35238
8.24762
11.2952
11.5714
4.5619
9.0381
11.5048
5.89524
10.9619
11.2
16.9143
14.4476
6.54286
9.62857
5.91429
8.62857
15.9048
20.6476
9.37143
13.3143
6.25714
6.89524
18.2
7.65714
8.69524
11.7333
9.88571
4.1619
11.5333
6.45714
7.9619
10.2381
4.5619
19.7333
8.84762
13.7048
18.9333
14.5524
12.9238
11.1714
14.0286
8.8
8.68571
15.3429
9.07619
8.05714
6.57143
12.3048
9.6
4.49524
11.9429
10.5429
14.4286
9.74286
5.46667
19.0857
11.9524
16.5524
19.0952
11.6857
17.8571
9.52381
10.1143
5.1619
11.6952
11.3429
13.181
13.781
5.5619
10.5905
9.74286
17.2762
6.38095
14.7238
5.40952
4.29524
5.87619
10.6667
19.5905
4.11429
12.6667
6.0381
13.3429
5.44762
11.6
11.5429
11.7524
6.60952
6.60952
11.1238
14.5619
18.5619
13.4952
6.85714
11.981
5.7619
4.19048
4.6381
12.1905
5.46667
4.9619
13.2381
12.0476
8.18095
10.0762
8.5619
6.59048
9.74286
4.26667
9.8
4.37143
8.38095
16.3524
14.2286
20.3714
14.1238
8.20952
11.2762
7.70476
4.19048
4.2
8.57143
4.09524
12.5905
15.8476
17.2476
7.91429
10.181
5.18095
6.44762
10.4571
14.5333
12.7524
10.2952
15
7.27619
12.6571
8.3619
10.5048
14.3524
14.6857
6.49524
16.2857
6.32381
4.27619
16.181
9.61905
11.4667
12.0762
7.06667
7.8
9.8381
15.2762
15.2
4.86667
14.9714
23.5714
10.0762
10.6571
24.4286
8.42857
9.97143
7.80952
10.9714
9.74286
13.0381
7.27619
15.4476
10.9714
15.5714
4.62857
7.29524
6
10.981
5.62857
10.1714
4.2381
18.0286
5.88571
21.2476
7
10.1905
9.80952
4.38095
7.72381
9.67619
6.45714
6.42857
11.5714
5.78095
4.89524
10.6762
8.09524
9.2381
8.28571
9.28571
7.93333
18.1048
10.1524
6.99048
13.8571
4.74286
11.7238
8.11429
9.9619
9.50476
13.8
11.6571
13.581
7.58095
4.51429
11.9619
12.1714
6.73333
7.79048
7.66667
8.82857
10.7619
17.9714
12.4
5.50476
15.1619
21.619
6.80952
4.2
16.181
4.12381
12.8286
20.6286
12.7333
15.5333
15.3429
8.19048
8.07619
7.42857
4.47619
15.0952
12.7905
11.7143
7.12381
11.5714
8.86667
13.9619
5.62857
15.419
12.6286
4.25714
13.4857
11.0667
8.24762
13.6381
6.89524
9.17143
10.7048
8.08571
6.51429
14.5524
5.9619
6.08571
9.62857
4.53333
19.6095
9.89524
14.9714
13.6095
5.37143
9.13333
9.32381
4.41905
18.1524
6.7619
16.8381
11.3429
19.6571
4.44762
8.93333
9.70476
8.5619
7.18095
12.3238
21.1619
12.6
4.45714
11.4667
7.19048
18.981
17.3905
7.08571
16.4286
11.1714
8.87619
11.6
15.9333
7.25714
12.3619
7.12381
9.68571
6.21905
15.3238
7.6381
4
18.2571
18.6762
14.6381
6.25714
7.30476
15.8952
11.1143
18.9143
16.381
7.85714
8.91429
8.99048
13.4286
10.5238
11.4857
4.61905
5.52381
4.12381
14.7619
4.55238
12.2762
10.4571
5.90476
8.60952
10.581
11.2476
16.8667
7.60952
4.59048
17.4
4.18095
4.48571
11.381
15.819
8.27619
9.45714
16.4571
14.8571
22.4857
11.6667
13.7714
10.8381
14.5333
18.0667
4.61905
10.3048
12.1048
5.78095
4.37143
7.28571
5.94286
10.3905
7.31429
6.09524
4.60952
17.3905
10.5048
10.2
15.1048
11.0667
8.32381
4.35238
16.2286
16.1429
8.8381
5.84762
14.3619
9.27619
11.4952
10.8476
17.6952
7.57143
10.6857
11.3333
4.22857
4.52381
13.4381
11.8952
13.7619
8.95238
5.40952
6.01905
20.8571
9.71429
6.64762
11.2095
20.9524
7.26667
5.70476
13.9333
5.12381
4.20952
18.4286
4.08571
5.2381
4.8
11.2381
4.64762
11.981
4.4381
13.7714
11.181
6.71429
4.89524
15.6667
18.0952
11
4.61905
11.1714
12.1143
10.1619
15
11.3714
8.10476
4.54286
10.9619
14.7714
8.79048
9.30476
8.49524
4.30476
6.7619
4.25714
5.82857
4.68571
10.4095
10.381
7.24762
9.64762
15.3238
14.2476
4.55238
21.1048
12.4667
7.90476
14.2381
11.6857
13.4095
10.1714
4.2
12.2667
10.5429
11.0381
19.0286
4.58095
16.3714
16.6762
5.4
7.2
18.4952
18.3429
4.11429
7.42857
10.9429
12.3429
8.8381
13.5333
13
19.5619
17
15.4476
8.07619
20.7429
8.44762
8.4
4.67619
7.95238
16.3619
6.33333
6.64762
17.4571
11.7143
16.419
8.10476
4.41905
23.4476
8.15238
18.2952
23.1143
8.54286
6.14286
4.12381
13
12.019
6.66667
17.6857
4.19048
9.93333
12.8762
15.0476
16.019
15.2762
13.6381
10.5714
12.2381
11.6476
17.0667
7.99048
19.8857
7.81905
6.95238
7.69524
8.09524
14.5048
5.07619
8.82857
10.5429
6.2
4.46667
19.7048
4.47619
4.40952
6.77143
9.01905
11.0667
20.6381
12.7333
10.8381
14.619
10.5333
5.8381
4.6381
12.2476
6.92381
5.55238
17.3429
4.31429
7.26667
17.419
11.7333
12.8857
9.54286
9.66667
9.62857
4.39048
9.67619
7.1619
4.62857
16.1714
13.219
6.70476
7.10476
21.8
19.1238
14.819
9.86667
4.46667
10.3619
11.1238
9.41905
17.2476
10.4571
16.219
15.819
7.6
5.70476
15.381
15.4
6.60952
7.48571
9.8
7.41905
10.1048
6.58095
9.64762
9.6
12.7714
13.1429
8.40952
18.6095
4.57143
5.77143
11.2381
4.01905
12.619
4.10476
23.1333
9.12381
8.2381
16.0286
7.11429
15.0095
8.22857
4.5619
6.64762
9.34286
7.32381
13.8381
19.2667
6.86667
9.28571
7.67619
7.8
5.2381
4.67619
16.3619
6.61905
5.08571
5.78095
11.3238
12.1048
5.32381
22.1524
12.9619
10.2
16.5238
4.07619
9.47619
4.74286
16.7714
12.2762
18.8286
18.4476
14.9429
6.42857
5.38095
13.2095
15.2286
8.95238
13.1619
13.8762
10.8667
7.06667
16.3619
12.3048
8.55238
15.6286
9.5619
6.9619
14.9905
11.8286
8.50476
17.8476
4.97143
8.5619
15.6952
9.20952
9.64762
5
16.5333
9.84762
14.1524
17.8095
13.1619
14.2857
4.89524
9.1619
5.70476
6.31429
4.32381
21.1619
10.0857
4.37143
6.14286
7.4
6.82857
9.22857
5.6
8.82857
12.2095
9.01905
4.86667
4.73333
9.26667
4.48571
10.419
6.60952
15.6667
8.78095
12.4762
12.6286
6.55238
9.71429
14.0952
6.01905
9.34286
8.37143
9.70476
9.08571
20.9429
12.0571
4.48571
17.9714
10.0762
4.68571
5
11.6571
12.9429
8.10476
8.33333
5.06667
23.9143
6.6381
5
8.46667
19.581
20.7429
8.31429
9.3619
11.1905
20.5905
12.1905
11.8095
4.09524
13.1143
9.99048
14.1905
7.59048
5.0381
13.2476
8.64762
25.0286
6.15238
7.06667
24.3143
7.34286
26.9905
9.24762
9.58095
13.4857
7.82857
6.79048
13.5714
14.7238
6.45714
18.5429
4.0381
7.81905
12.0571
6.92381
5.68571
16.2286
10.781
10.981
11.5143
9.65714
19.7143
14.7333
5.77143
8.77143
4.27619
4.51429
4.77143
10.6286
19.1143
8.27619
11.5143
13.8571
11.0381
6.22857
15.9619
5.45714
9.01905
11.3143
4.19048
14.0381
6.21905
12.3143
4.79048
10.6762
17.5048
15.6857
11.2571
4.07619
4.54286
10.419
7.97143
13.7714
13.9143
12.6952
22.5905
11.9143
5.72381
13.5714
11.5333
14.3714
12.1048
14.3429
6.95238
10.0286
13.5905
4.75238
17.7714
15.3619
15.7048
12.8762
15.2
10.3333
26.4
14.619
12.2571
8.4
6.11429
4.46667
50.7143
8.31429
6.10476
16.8
11.2667
8.62857
11.7429
21.5333
6.11429
18.0762
11.1905
4.58095
4.42857
14.2095
4.39048
4.62857
9.9619
19.5048
4.07619
9.06667
16.181
12.6571
23.8762
17.8476
11.4762
4.2
10.8952
6.2381
13.7048
6.35238
18.4762
11.0952
4.7619
6.31429
6.22857
6.31429
4.0381
4.41905
5.41905
8.35238
14.4571
12.381
4.8
12.4667
9.44762
7.8381
8.31429
13.1048
4.52381
9.50476
4.19048
13.8762
15.4095
17.2857
7.81905
8.25714
14.3619
14.0571
16.0952
6.28571
12.5238
12.0857
10.9524
4.70476
4.47619
7.1619
9.14286
11.1048
16.6
17.9333
12.8286
9.90476
9.40952
4.67619
11.2095
12
8.49524
9.70476
13.0095
8.21905
10
4.95238
4.28571
9.93333
15.5905
15.6667
4.71429
11.9429
14.7238
15.5905
8.85714
18.7143
14.3238
4.10476
8.35238
22.8286
21.0286
9.57143
13.1238
17.181
9.6381
8.79048
9.02857
9.60952
16.3619
10.5524
10.0381
10.6286
10.5238
18.181
5.02857
8.45714
7.35238
11.6381
10.3048
9.88571
11.3143
7.70476
6.99048
11.6667
9.34286
8.90476
4.35238
5.95238
7.77143
8.12381
10.8476
4.55238
10.4857
8.65714
10.5714
8.65714
11.2476
10.4
5.39048
9.61905
9.38095
4.2381
8.93333
15.219
12
6.6381
8.37143
5.51429
9.61905
8.34286
8.97143
13.1905
10.8762
8.0381
12.8286
11.6857
7.8381
10.019
7.51429
4.68571
11.219
5.50476
21.4476
7.50476
7.59048
6.09524
4.37143
11.981
4.5619
13.3048
13.2286
9.25714
9.70476
4.91429
12.9429
6.81905
10.4667
6.38095
13.9333
8.55238
4.19048
12.8857
12.781
10.4
9.34286
6.50476
4.6
5.10476
9.30476
8.30476
8.57143
9.40952
6.1619
14.8286
13.581
14.1048
14.8095
15.0857
11.5429
12.9905
8.94286
24.8952
7.15238
10.2571
14.3143
11.5333
10.2571
7.29524
4.78095
4.20952
12.5238
5.25714
12.0857
5.13333
6.05714
14.6095
8.6381
15.7238
10.219
4.31429
8.73333
13.1714
5.54286
5.42857
7.53333
8.79048
10.019
8.41905
4.55238
10.8667
11
4.86667
6.39048
7.88571
11.9238
16.4857
10.3524
16.9714
13.4286
8.52381
4.24762
8.75238
6.58095
4.06667
11.9429
4.84762
10.9619
18.2667
10.9619
15.6762
8.69524
5.75238
20.2571
4.05714
15.6952
15.7429
10.7238
7.95238
14.8857
12.9619
13.4571
4.32381
5.77143
13.4
4.48571
13.8
4.13333
10.0571
11.0762
14.0476
16.9238
21.6
16.4952
4.77143
8.0381
8.2
12.8286
5.32381
4.89524
11.7619
12.3429
4.35238
5.8
4.3619
6.2381
15.6857
18.0857
5.25714
13.0762
4.17143
13.7048
13.8571
4.47619
4.20952
8.4
11.5619
11.7714
19.7619
15.1238
4.57143
15.9333
21.0095
4.18095
9.77143
6.73333
7.62857
12.6476
4.42857
23.1143
6.90476
16.2857
13.4095
4.51429
4.40952
18.2857
10.7524
7.77143
18.5714
11.7714
4.06667
11.4476
7.4
4.3619
17.4762
5.48571
8.9619
7.94286
10.8667
7.85714
5.73333
9.79048
13.2762
12.8476
13.7429
20.1429
10.2095
8.41905
26.2095
10.0095
14.7619
11.3429
6.65714
4.17143
4.70476
5.8
10.7905
4.55238
14.0381
14.6095
8.4381
6.69524
4.49524
5.52381
9.58095
11.7619
13.1524
4.93333
6.9619
15.8667
17.6381
10.6857
9.61905
11.2381
22.1714
6.70476
7.52381
12.0381
13.0476
15.3333
14.3238
6.97143
11.4
9.02857
13.3333
4.4381
4.68571
9.6381
9.28571
11.1333
9.02857
16.0952
12.5238
5.97143
8
10.3238
4.49524
11.1333
21.2667
17.3524
12.581
9.85714
16.0095
14.019
10.619
7.47619
4.0381
13.4857
6.1619
8.3619
13.3619
12.6857
10.9429
6.06667
9.00952
11.3524
16.0952
10.581
13.1524
7.68571
7.06667
11.4
5.75238
8.02857
4.14286
19.5905
4.3619
19.219
16.2381
6.49524
5.53333
4.6
16.6667
8.84762
15.3238
4.1619
9.54286
4.55238
11.7238
13.9524
11.6381
4.46667
12.0952
8.55238
13.7429
13.2571
13.7429
14.7143
9.0381
8.14286
17.3429
18.9333
4.50476
18.8762
19.7048
5.74286
20.219
10.381
6.79048
4.70476
18.4857
8.42857
8.9619
4.10476
11.8857
6.2
6.97143
4.4
16.381
20.1333
19.3619
6.47619
4.3619
17.5238
27.8667
8.46667
11.6857
9.74286
17.5238
11.4381
8.51429
8.38095
14.781
4.53333
4.37143
11.5048
11.2476
17.6476
14.8381
21.2857
4.08571
7.24762
20.6
4.44762
15.6762
6.94286
10.2476
7.20952
17.3619
10.6571
13.3238
4.4381
7.04762
12.781
6.37143
8.48571
14.1524
14.1429
7.40952
10
21.1238
26.9524
6.39048
12.0381
8.34286
4.9619
10.2381
13.0095
16.419
5.66667
6.3619
11.6857
12.2667
10.5143
5.6
4.37143
9.49524
8.41905
7.69524
6.0381
9.12381
8.57143
12.6476
6.50476
10.3619
8.20952
9.77143
13.5429
15.0286
11.9429
4.98095
22.981
6.29524
9.2381
6.6
6.27619
7.92381
7.6381
10.3048
8.60952
8.0381
16.6667
8.08571
4.06667
11.0667
6.12381
4.67619
4.42857
8.70476
7.34286
10.8762
4.10476
17.6952
8.69524
7.2381
4.79048
11.4286
8.19048
14.4286
9.3619
5.99048
12.7238
8.09524
4.17143
7.19048
11.9524
9.17143
13.5048
4.22857
5.44762
4.09524
11.5905
7.17143
7.84762
14.3714
7.74286
9.38095
8.85714
7.87619
9.9619
16.0476
11.5905
4.58095
4.52381
7.08571
4.6381
9.85714
8.85714
8.73333
11.7714
14.7619
11.6286
10.5714
19.2571
6.68571
14.8286
7.57143
8.94286
6.28571
10.2857
4.77143
15.819
4.94286
6.77143
10.4286
10.0095
4.67619
4.42857
11.6571
11.2
9.29524
5.2381
22.5429
22.8095
13.219
4.26667
6.91429
14.4286
4.32381
6.58095
6.9619
12.1714
16.8286
5.71429
4.18095
6.77143
8.07619
9.31429
21.5429
10.8857
7.31429
11.8571
8.06667
13.9524
6.37143
6.75238
11.0095
6.10476
5.75238
5.58095
10.4667
4.27619
6.67619
9.98095
12.3524
10.8952
14.419
10.5333
13.381
11.4952
10.0286
10.0381
4.75238
4.51429
8.9619
18.2095
4.74286
10.8286
15.6381
11.2571
8.33333
4.71429
9.46667
9.32381
11.5238
15.4476
4.13333
15.3429
16.5333
6.57143
6.4381
4.24762
9.78095
8.7619
6.99048
10.3143
11.3048
9.46667
4.8
14.8762
25.1143
10.6857
13.2381
14.5619
4.45714
79.3048
5.4
13.3238
8.92381
11.8857
16.9905
6.4
6.42857
7.55238
4.41905
10.9524
4.39048
18.1333
6.44762
16.1429
24.3619
4.46667
14.8571
5.02857
13.419
7.06667
5.29524
8.26667
10.381
14.1333
4.73333
13.3619
21.5714
13.2571
15.5048
14.1143
29
16
12.1524
12.9429
7.81905
18.3429
12.8476
9.44762
10.0381
16.6571
16.619
11
16.4762
4.18095
8.88571
11.0571
12.5048
4.30476
7.71429
6.66667
12.6857
9.58095
5.47619
17.5238
9.4381
9.88571
17.6
17.8381
9.93333
6.74286
7.32381
6.20952
4.10476
8.49524
13.3429
4.10476
7.26667
14.9238
10.5333
7.38095
4.04762
5.82857
4.33333
8.24762
11.1143
12.0952
8.75238
6.38095
17.0381
11.5048
11.0667
4.21905
4.66667
4.55238
10.781
14.0952
9.98095
15.619
18.2762
7.62857
7.3619
7.90476
9.38095
14.8095
20.6667
11.5714
8.59048
5.17143
13.3238
6.6
5.51429
13.0762
11.7048
7.31429
4.67619
12.2381
12.2762
7.77143
9.21905
10.7524
10.3143
4.24762
9.15238
8.2381
5.40952
10.5143
7.50476
13.4476
4.07619
11.6571
4.2381
12.3048
9.87619
13.4952
13.5905
11.7238
14.0952
7.8
16.5524
15.8381
5.4
10.9714
4
16.8762
15.2381
7.48571
10.1905
15.9524
11.4857
6.90476
15.3333
15.3714
7.14286
9.27619
12.3524
11.0286
8.78095
4.11429
7.17143
4.46667
16.7333
5.13333
11.0762
17.1048
7.04762
6.69524
11.9905
4.38095
14.3238
12.7524
5.40952
14.2952
9.13333
6.30476
5.82857
11.8571
6.2381
13.0571
10.7143
12.1333
8.32381
13.7905
18
11.4952
5
4.90476
19.4476
11.0857
7.07619
4.20952
6.50476
7.42857
14.0476
8.85714
10.9333
17.8571
4.30476
16.2667
5.45714
5.30476
12.9238
6.39048
7.21905
4.3619
19.1048
7.2
4.38095
12.8667
8.65714
14.9333
7.05714
12.7524
10.5905
8.70476
8.57143
10.9429
8.66667
14.4571
4.71429
14.6857
5.41905
22.7238
4.66667
13.781
9.69524
18.981
7.31429
17.6286
12.4095
6.6381
9.8
5.45714
10.6095
17.3524
5.67619
4.44762
6.45714
11.6476
17.2857
10.1333
8.95238
11.1238
5.15238
10.0286
15.6476
7.70476
19.6
7.69524
11.2476
8.92381
8.4381
9.42857
16.0762
5.95238
10.8667
5.01905
4.34286
7.3619
4.34286
17.8667
5.70476
9.37143
17.7238
4.45714
11.9619
5.27619
4.41905
4.34286
11.0952
6.49524
10.981
4.53333
15.781
6.06667
16.5048
20.381
14.1333
13.4286
8.0381
9.61905
10.9143
17.8381
18.1143
4.65714
11.4095
5.47619
14.819
15.6095
7.46667
7.17143
5.70476
20.6667
18.4286
11.2381
5.98095
12.8762
12.9143
8.08571
9.09524
18.3333
8.91429
8.21905
14.0286
6.50476
13.9619
9.13333
7.59048
12.2476
10.9048
11.8381
11.2381
10.9048
14.6667
9.51429
7.80952
4.1619
7.89524
4.05714
10.4667
22.7524
9.22857
4.2381
6.69524
18.5143
8.54286
13.2857
11.3143
10.0286
4.74286
17.2762
18
16.1714
17.9429
14.0095
12.1429
11.0571
9.42857
15.4762
7.02857
15.7714
10.6571
14.2095
20.1429
9.24762
8.02857
4.46667
14.4476
9.47619
4.44762
11.2952
10.0762
16.219
7.99048
8.02857
11.9524
20.1619
4.54286
10.9143
11.3905
6.74286
8.48571
13.6095
16.9333
21.7619
12.7524
8.40952
8.22857
7.0381
13.5714
9.8381
4.67619
7.37143
8.18095
11.1238
4.0381
13.6095
18.6476
11.6952
15.7333
11.6286
4.14286
12.9238
9.31429
9.58095
8.86667
11.2476
15.9429
9.93333
5.54286
13.1619
9.6
6.30476
17.9429
7.39048
19.4286
5.8
13.7143
9.48571
6.1619
7.69524
7.2
6.21905
10.0571
4.99048
6.51429
4.14286
11.8667
6.68571
12.4095
12.8286
9.04762
6.97143
4.57143
6.47619
23.5429
7.61905
4.69524
6.29524
13.3238
5.45714
17.9333
8.06667
4.37143
8.42857
17.3238
7.78095
12.2
22.2381
11.6857
19.1429
10.0381
8.27619
11.9048
9.26667
7.02857
16.619
13.3048
9.73333
10.8667
6.59048
13.3619
22.0571
12.7714
8.62857
5.22857
7.90476
6.24762
6.30476
11.2095
4.54286
12.1238
18.2762
8.26667
7.35238
11.9524
6.49524
5.00952
14.7333
16.1714
7.91429
8.75238
13.4381
4.38095
12.019
4.60952
9.15238
13.9429
13.7714
13.181
4.31429
7.85714
5.32381
4.06667
4.69524
13.5429
8.47619
9.82857
4.45714
9.80952
4.06667
8.84762
10.4095
4.21905
9.74286
15.3714
8.73333
9.82857
4.35238
5.74286
9.57143
4.48571
12.4381
9.59048
14.0286
7.73333
9.09524
10.3714
7.4
15.9619
14.1619
25.4857
14.8571
11.8286
13.2857
13.7524
12.2286
14.6286
10.2857
27.3048
9.09524
6.09524
7.61905
6.9619
12.1524
6.67619
6.99048
5.65714
10.3524
15.6381
4.04762
7.38095
11.4762
11.5619
16.619
12.619
19.619
9.80952
17.7905
4.27619
9.61905
4.42857
9.72381
10.0762
21.7619
16.9143
18.1143
11.0952
14.4
5.54286
4.53333
5.90476
12.2857
8.46667
11.1429
8.7619
16.6762
9.69524
12.0952
19.3333
8.08571
18.9905
12.419
17.6095
18.6857
9.91429
12.5333
11.581
21.7143
12.0857
13.6286
6.2381
10.6952
4.80952
12.7905
20.2571
8.80952
9.45714
7.9619
4.77143
9.71429
6.94286
5.64762
5.49524
7.17143
18.2762
11.4476
12.7429
10.1429
8.55238
13.2762
5.57143
4.59048
12.6095
6.59048
6.49524
10.219
13.4
22.3143
10.1333
11.0381
14.7524
9.21905
4.07619
4.73333
16.4381
11.5905
7.98095
4.08571
6.12381
12.6571
15.4667
6.99048
7.22857
12.2286
18.381
6.84762
12.1143
11.0476
11.2952
4.94286
4.26667
10.5619
11.981
4.33333
5.28571
4.61905
9.39048
6.22857
11.619
13.3429
6.21905
24.4
10.4857
12.019
4.53333
8.19048
10.4857
15.2476
16.9429
9.75238
15.4286
7.17143
13.181
14.5619
7.49524
5.53333
10.8571
4.42857
8.93333
12.5143
6.80952
23.5429
17.7143
13.4095
12.1619
11.8381
4.08571
7.0381
4.65714
9.30476
4.93333
16.0667
9.60952
4.66667
4.73333
8.38095
13.3333
8.32381
10.5619
4.55238
16.0762
12.2667
15.2762
11.9238
9.27619
4.74286
8.97143
12.419
16.3524
4.90476
24.6476
5.93333
8.7619
12.3238
5.90476
10.419
9.41905
5.79048
20.2667
7.91429
7.2
11.2
4.00952
9.77143
12.1905
13.6952
8.75238
9.90476
12.7714
15.3905
16.7524
12.9429
4.92381
11.9238
5.09524
4.6381
11.8762
11.9429
15.4
7.48571
12.9714
5.10476
8.80952
18.6952
14.6667
4.19048
13
13.3143
15.5524
10.6
8.13333
10.4667
14.8
5.5619
17.6667
6.7619
8.85714
6.8381
7.49524
14.581
5.82857
10.7714
11.5333
4.28571
15.1429
10.619
11.581
17.8
8.4
4.45714
6.52381
8.5619
8.25714
7.18095
8.84762
7.28571
8.14286
5.74286
6.32381
9.94286
11.8476
7.75238
23.1238
6.4381
4.38095
15.6571
4.11429
7.29524
11.6286
10.4667
13.8
4.41905
12.5524
6.38095
6.58095
22.3333
19.5238
5.88571
5.2
12.3714
7.74286
11.6857
13.419
4.19048
6.89524
4.07619
12.3333
9.53333
14.1048
7.67619
22.2286
4.1619
7.91429
8.73333
30.3905
15.019
10.619
6.42857
4.15238
8.17143
4.58095
19.2
11.5143
18.7429
10.3619
9.52381
13.3429
11.4667
9.10476
8.54286
18.7524
12.0952
4.8
10.0952
10.3143
17.8095
9.33333
8.52381
11.7429
16.5714
15.0381
15.619
19.6095
5.9619
10.019
18.6286
8.6
9.28571
4.46667
10.2667
4.19048
7.17143
4.6
13.3333
4.2381
15.8
21.9619
7.15238
22.9143
6.01905
8.98095
4.34286
7.84762
15.2095
4.85714
7.37143
12.8857
21.581
7.61905
14.5905
12.9429
16.6762
13.0762
13.3238
4.78095
7.14286
13.3429
20.3429
12.2381
4.7619
7.14286
5.26667
6.30476
5.70476
4.1619
12.3905
7.34286
15.0952
4.52381
15.381
10.8762
16.5333
8.29524
18.0571
17.3714
7.02857
6.82857
12.0571
6.78095
14.7048
4.41905
4.2
10.7238
4.39048
8.3619
11.2095
13.6857
11.5905
11.619
17.6571
7.46667
15.3619
9.8381
12.3619
15.4095
13.781
13.3429
26.3333
15.2857
5.90476
6.97143
11.4571
13.4762
12.4476
18.5048
11.9143
4.15238
14.0952
20.0762
15.0952
6.42857
12.6857
12.4762
12.8571
9.53333
13.1524
16.0286
4.66667
14.3714
5.54286
13.6571
11.9429
8.13333
8.0381
15.2667
8.12381
17.3619
17.4667
4.1619
11
16.5524
15.7524
19.2952
12.1524
7.19048
4.35238
4.69524
13.1714
14.9619
4.33333
16.9429
28.6476
20.7619
19.5238
11.8381
7.6381
14.7619
10.4571
4.07619
6.19048
5.69524
8.17143
4.64762
4.07619
4.39048
12.7905
10.0286
20.8571
13.4286
4.40952
5.81905
9.58095
10.019
4.30476
4.31429
17.3143
11.2286
18.2381
12.0667
10.7048
10.1238
14.0857
13.7143
10.3429
12.8286
19.5524
12.7905
22.1905
8.18095
8.71429
4.4381
6.50476
10.4762
16.7333
8.11429
22.1048
11.6571
8.64762
8.07619
13.3619
5.28571
4.24762
7.27619
6.67619
4.13333
9.64762
4.38095
4.74286
6.71429
18.1714
18.9714
7.09524
9.45714
5.21905
5.19048
7.68571
6.33333
9.60952
14.581
4.09524
15.9429
7.73333
7.38095
6.48571
6.09524
23.6857
9.10476
16.581
9.67619
9.6
11.1333
7.87619
12.2286
12.1524
17.7619
7.67619
12.3714
4.21905
14.0667
16.1238
4.46667
16.4952
16.619
5.90476
7.42857
4.40952
4.17143
11.7429
13.3333
9.40952
8.88571
8.52381
8.32381
17.581
13.981
11.5048
7.75238
18.1429
4.77143
8.75238
15.5714
6.39048
4.61905
6.55238
12.6476
6.77143
11.8095
6.92381
13.1524
8.86667
7.4381
5.75238
4.4381
15.419
11.3714
11.2952
13.019
7.18095
6.4
6.77143
14.981
6.8381
5.21905
7.21905
14.4952
5.1619
6.29524
17.4286
4.69524
4.32381
7.19048
7.97143
12.7905
13.0857
6.2
13.6952
6.11429
15.9143
7.30476
13.2762
10.5714
4.69524
4.79048
5.07619
5.66667
7.44762
6.48571
7.5619
21.9048
11.1714
10.1143
21.4667
18.3143
6.48571
22.2381
10.9143
13.4952
15.0952
6.85714
19.2667
14.4762
4.38095
11.9048
12
16.3524
19.7905
7.50476
8.2
10.4762
8.85714
13.4667
5.79048
5.8
5.5619
17.7905
8.17143
4.07619
9.90476
9.52381
4.44762
8.7619
11.5714
8.21905
15.2
14.7238
4.4
5.8
6.46667
11.9524
6.91429
14.581
12.5429
18.6667
16.5714
11.5333
9.19048
4.40952
8.84762
10.4
8.95238
14.4571
4.3619
6.9619
9.2
12.3714
10.4286
4.59048
16.4762
8.55238
26.9238
11.6
16.9238
9.52381
8.46667
12.5048
14.6286
4.11429
10.4571
14.5143
4.54286
7.6
15.2667
13.0476
5.30476
4.11429
7.11429
4.01905
18.381
10.6476
13.0952
23.8095
10.2286
18.6667
20.1905
12.3429
14.2952
5.18095
8.85714
15.5524
6.50476
8.91429
8.61905
10.781
5.97143
4.53333
12.419
11.9619
4.34286
6.17143
15.219
8.54286
7.89524
15.8952
11.0476
15.5238
10.619
4.01905
12.6667
11.2286
10.4286
8.39048
9.67619
11.0952
20.781
14.2381
14.7524
10.2667
14.7619
8.70476
8.3619
25.8476
10.9048
10.2571
6.95238
4.59048
5.1619
9.01905
4.69524
8.93333
4.51429
6.91429
7.6
5.80952
13.8095
10.5714
10.0476
7.0381
10.0857
14.2381
7.82857
10.1714
4.27619
6.18095
23.6667
6.49524
5.45714
6.88571
6.21905
18.2381
4.27619
7.3619
12.2952
11.8476
15.2476
7.65714
9.30476
4.4
7.85714
4.4381
5.99048
12.8571
9.51429
14.3143
9.54286
6.3619
8.57143
14.3143
9.38095
19.1905
6.5619
13.1333
11.8667
10.3905
7.41905
8.21905
16.1619
7.59048
11.0667
11.4381
5.72381
11.7143
13.1714
12.3714
11.3905
7.47619
7.42857
8.78095
5.20952
6.82857
4.33333
13.2286
20.1619
4.14286
9.09524
5.81905
16.2762
13.7143
13.6095
10.6667
19.9714
6.05714
4.6381
7.8
11.8381
13.6571
8.90476
16.5714
4.74286
12.9905
10.2095
5.81905
14.1905
10.4095
5.06667
5.69524
5.19048
9.44762
7.95238
11.181
12.0857
20.4
8.50476
13.1333
8.53333
9.14286
10.0286
13.5714
11.8571
5.29524
14.3905
4.31429
12.6857
6.14286
16.8857
14.3429
6.79048
11.181
10.6857
13.6381
4.48571
4.71429
5.91429
12.6095
5.59048
11.5143
10.0857
6.12381
15.5429
6.4
7.39048
4.11429
9.37143
5.02857
15.5048
8.62857
9.24762
14.7619
11.3619
7.4
9.82857
9.57143
10.6381
14.3238
4.07619
9.51429
5.45714
9.14286
7.40952
4.45714
14.9143
5.14286
4.05714
9.44762
8.26667
4.82857
6.67619
12.219
5.49524
11.9143
4.34286
11.3048
6.93333
14.3143
8.4381
11.2095
4.24762
11.6571
12.381
13.6857
13.6286
10
4.46667
10.6286
7.18095
4.65714
12.1905
16.3905
8.67619
4.29524
10.6286
8.77143
5.80952
13.0952
4.30476
4.24762
24.2762
24.0095
12.2667
11.3429
15
7.75238
4.35238
6.00952
5.91429
11.619
4.06667
19.3048
13.2095
14.3619
7.25714
4.14286
15.1619
4.75238
15.9429
5.54286
12.1905
11.3333
7.15238
18.9905
8.66667
4.68571
4.4
4.22857
8.09524
11.3714
4.53333
10.7619
7.71429
15.8476
4.30476
10.4857
8.10476
4.21905
4.25714
14.0857
22.2286
5.2381
8.64762
9.09524
14.7429
16.2
4.08571
14.4952
10.5048
12.7429
6.68571
5.44762
10.5714
16.0476
22.4762
9.78095
15.5238
7.10476
7.38095
11.219
6.15238
9.66667
9.80952
6.57143
5.82857
14.4857
10.3143
5.07619
10.1714
4.72381
10.7524
14.2
7.57143
9.14286
26.0571
16.6095
9.70476
5.14286
8.34286
6.3619
10.781
9.12381
14.0667
20.8
7.30476
9.60952
16.381
8.65714
9.19048
13.1524
6.88571
8.99048
8.93333
20.5429
4.31429
8.46667
8.08571
8.48571
8.51429
9.75238
8.9619
6.8
4.17143
6.51429
9.49524
7.29524
5.07619
5.67619
6.40952
7.0381
6.8381
14.819
13.0095
5.46667
13.0381
6.33333
13.9238
4.61905
10.2857
18.1714
10.1429
8.70476
4.29524
8.20952
10.6571
6.09524
7.14286
6.29524
6.01905
9.54286
13.7143
9.30476
9.09524
7.29524
7.90476
9.66667
17.3048
4.97143
5.21905
8.61905
12.0857
10.819
8.24762
4.14286
4.24762
15.219
6.13333
18.2476
6.19048
17.2762
6.8381
8.27619
8.44762
14.4762
13.8762
11.5238
25.5143
7.15238
10.9333
6.90476
4.26667
4.18095
16.0571
11.9619
9.0381
6.28571
11.0762
10.3524
10.0762
13.9143
4.78095
8.2381
8.2
6.49524
13.8952
11.0952
10.9714
17.781
7.05714
8.99048
4.75238
4.20952
4.54286
5.75238
16.5238
4.8
9.28571
6.30476
5.37143
6.68571
4.06667
9.08571
17.1333
5.91429
4.65714
7.66667
9.58095
18.3714
17.5238
13.7333
8.69524
16.419
7.61905
11.2
4.49524
12.981
8.77143
4.06667
8.40952
13.1714
7.04762
14.981
10.9333
10.2381
12.6476
5.38095
14.7238
11.8
10.0571
8.88571
12.3143
11.0476
8.81905
15.0762
10.0571
18.2095
7.61905
5.69524
14.3238
17.0571
11.4667
7.75238
5.42857
14.3524
6.6
4.48571
16.2381
7.46667
9.0381
4.62857
18.5238
16.9143
11.1619
15.0476
8.10476
13.1333
10.5714
11.6
14.2571
17.2762
7.46667
4.64762
5.72381
13.5238
13.4571
12.6286
4.64762
10.0476
11.0762
12.581
13.7333
14.6762
12.7143
17.2667
16.9238
11.6476
4.65714
8.0381
12.8476
12.7429
6.3619
9.61905
5
8.20952
7.78095
4.28571
13.8476
4.27619
8.70476
5.18095
6.02857
4.47619
7.22857
5.04762
5.9619
14.8571
20.0857
12.0857
4.31429
16.2286
13.0857
14.4762
7.22857
11.2762
5.0381
9.6381
8.07619
6.74286
11.1524
8.32381
4.21905
6.09524
10.381
6.25714
6.6381
12.2762
8.1619
10.7143
4.8
14.6381
11.1619
5.48571
5.46667
11.2095
8.79048
16.2952
4.32381
10.781
5.6381
16.3333
7.05714
8.32381
6.6
11.0857
13.8952
4.6381
21.1143
5.70476
10.619
22.9048
4.69524
6.17143
12.6952
10.1714
13
8.64762
4.53333
4.52381
10.1429
4.07619
12.2667
4.34286
13.6286
7.20952
14.0952
5.06667
10.8857
12.2857
15.4286
5.20952
17.3524
16.181
6.93333
18.3619
7.50476
4.57143
4.4381
15.6762
20.8476
12.2095
10.9429
8.66667
10.8952
4.09524
13.3429
6.8
7.81905
11.2095
12.5048
12.4286
10.3714
6.57143
6.6
13.181
7.89524
5.89524
14.6286
15.7524
14.8667
18.181
13.7524
20.2571
15.3143
18.4286
9.85714
6.62857
14.5524
4.06667
4.61905
4.82857
23.9238
7.58095
12.381
8.45714
15.1048
4.33333
6.70476
6.31429
9.89524
6.84762
14.4762
19.8571
8.21905
11.1143
4.18095
5.82857
4.33333
7.24762
9.37143
8.46667
11.7619
18.5238
13.3714
15.8286
5.7619
4.2
13.0952
5.25714
9.6
5.08571
4.28571
4.24762
13.0571
4.86667
4.93333
5.87619
7.29524
9.1619
13.3429
7.42857
9.30476
12.8381
11.4095
17.4
15.4952
13.1048
8.77143
18.8571
7.59048
7.3619
6.78095
16.181
10.0952
4.6
7.00952
4.04762
15.8952
19.4762
16.2667
13.4857
6.69524
7.34286
4.57143
7.4381
7.66667
4.64762
4.09524
4.32381
10.3429
8.02857
13.5429
5.65714
9.5619
12.1333
9.00952
7.8
7.90476
14.8571
7.05714
9.10476
16.381
13.2571
4.22857
19.4571
11.219
9.85714
5.51429
7.29524
14.1714
5.60952
19.4
18.3524
4.41905
4.90476
9.55238
13.381
16.219
19.5905
8.66667
8.55238
9.39048
7.71429
15.9714
11.4381
15.619
14.3524
7.17143
6.82857
10.0667
20.6286
6.12381
4.37143
10.9905
6.04762
9.68571
6.77143
7.54286
4.26667
7.88571
8.11429
7.92381
5.19048
12.6857
8.73333
11.5333
13.8476
5.08571
14.1905
13.1048
15.1619
15.8571
17.2286
8.97143
4.2381
4.07619
6.24762
7.8381
8.49524
15.3238
15.781
13.8286
13.5238
8.10476
4.4
4.17143
7.3619
6.75238
5.7619
4.88571
8.05714
6.34286
10.3905
9.90476
4.32381
14.1238
14.8476
5.67619
17.4571
8.2381
13.7429
7.73333
11.4571
11.3143
16.2095
22.981
13.9714
10.1714
9.67619
4.60952
10.0762
4.15238
8.74286
5.68571
5.17143
8.2
14.4571
7.89524
9.24762
4.17143
4.39048
9.4
5.78095
14.819
15.0571
6.3619
8.21905
15.9333
7.02857
11.8476
6.47619
8.15238
6.50476
4.26667
7.21905
8.7619
9.79048
9.93333
4.50476
5.29524
9.91429
5.88571
8.40952
6.02857
4.50476
12.0381
7.85714
11.2667
12.0952
17.1429
5.95238
4.55238
9.28571
14.8762
9.37143
4.02857
10.6952
9.44762
9.2381
13.2857
5.86667
10.819
10.6476
9.6381
4.9619
8.07619
4.08571
4.65714
8.18095
5.98095
10.5524
12.8857
15.9333
6.80952
4.40952
15.581
4.20952
12.381
14.0381
5.97143
16
11.3048
5.71429
4.11429
14.3238
5.12381
6.2
18.819
16.0286
8.8381
5.99048
8.3619
8.78095
7.97143
5
17.1429
16.7429
16.0476
5.13333
9.42857
9.75238
15.0857
5.77143
8.65714
15.6381
24.7048
7.8381
18.8
15.8571
4.01905
9.41905
13.4762
11.619
4.6381
9.86667
5.81905
9.65714
18.1524
7.14286
9.72381
11.3238
8.06667
5.5619
12.781
10.9048
5.99048
8.35238
9.14286
8.55238
6.54286
12.2095
4.27619
12.819
8.33333
11.1333
8.4
9.85714
4.85714
4.65714
4.14286
4.81905
15.0857
10.0667
7.26667
4.17143
7.2
4.73333
19.9714
5.80952
9.91429
6.33333
21.3619
10.619
5.84762
8.51429
11.5429
12.6952
7.13333
4.26667
5.37143
4.18095
8.35238
4.21905
9.67619
19.5143
4.27619
20.1714
29.5333
4.6
8.34286
8.48571
4.72381
9.00952
10.981
5.84762
11.2095
6.34286
11.8286
10.7619
10.6095
12.2095
15.781
4.42857
16.6571
12.819
21.4286
4.34286
23.9333
21
14.7143
20.8952
8.81905
4.09524
6.0381
9.14286
5.82857
9.30476
12.4667
6.51429
4.64762
4.42857
7.17143
4.40952
7.69524
19.1429
4.70476
4.97143
9.38095
14.8667
18.781
12.3048
23.8
9.84762
6.90476
11.5048
10.2952
10.3238
15.0952
9.6381
14.2381
6.18095
18.1714
5.84762
4.04762
7.24762
4.95238
4.1619
4.4381
9.15238
8.71429
4.30476
17.9048
14.7238
8.39048
11.0095
7.21905
10.5905
11.9048
18.5048
6.25714
9.19048
12.219
13.6667
14.9143
4.57143
12.3143
6.46667
16.1238
11.6381
9.01905
17.1429
8.89524
6.05714
11.181
7.22857
14.5333
12.3905
20.3905
9.42857
18.5429
14.3905
6.60952
5.92381
4.3619
9.95238
12.8476
13.4952
7.70476
15.5429
5.60952
6.86667
7.01905
11.781
10.8571
4.05714
13.2
6.8381
14.5905
10.419
6.89524
4.8381
4.31429
9.62857
4.31429
7.41905
4.93333
12.0762
4.62857
4.33333
4.12381
6.11429
22.4286
13.9524
8.29524
5.95238
9.37143
5.7619
9.94286
15.0381
16.1524
4.48571
4.5619
8.59048
11.1429
10.419
11.3048
9.20952
8.95238
10.419
8.4381
12.4667
9.42857
7.69524
10.4476
14.6
4.54286
4.38095
10.8762
4.32381
8.90476
13.4286
23.781
14.819
11.4857
7.18095
13.4381
18.781
5.2381
4.30476
13.0286
4.45714
13.0286
8.65714
15.2762
11.3524
9.99048
12.3619
6.53333
4.8
16.3238
9.51429
6.18095
4.35238
7.78095
4.46667
5.53333
9.8
21.1714
16.5524
14.0571
8.26667
9.44762
7.4
19.9714
6.24762
12.1524
13.6286
10.9619
13.819
10.6952
21.1048
6.17143
4.4
7.90476
30.1238
10.3238
13.5619
15.9619
11.4667
6.12381
7.58095
9.87619
16.4476
4.11429
18.8571
20.2381
12.7905
10.2571
14.2571
6.58095
10.5238
4.90476
12.0667
26.3714
7.05714
4.57143
18.1333
9.11429
11.7333
4.75238
14.8857
9.30476
18.9714
12.1333
20.4857
10.4952
14.7714
10.8857
6.94286
13.8952
20.2381
8.14286
4.84762
8.50476
6.95238
12.981
9.0381
6.07619
4.09524
5.53333
4.48571
6.5619
6.05714
13.7524
6.90476
11.9524
4.46667
11.6857
6.6381
4.17143
4.31429
18.4476
4.19048
9.12381
4.74286
7.8381
13.1714
7.21905
8.81905
5.90476
15.1524
7.27619
12.5905
4.04762
12.7048
4.19048
13.219
6.44762
4.65714
7.49524
14.1524
17.0667
8.2381
14.781
12.1905
20.5619
6.39048
9.39048
4.59048
4.48571
4.50476
5.65714
17.1714
4.53333
15.8476
4.35238
4.2381
17.3905
9.8381
7.39048
16.9048
5.31429
5.84762
11.1143
13.981
5.21905
8.0381
8.29524
5.79048
8.55238
8.71429
12.5238
7.29524
6.48571
4.10476
4.61905
4.70476
11.381
10.1905
8.93333
14.781
9.91429
7.91429
5.86667
7.57143
17.2667
8
11.3524
7.40952
7.55238
13.1905
10.4667
4.31429
6.8
5.70476
13.8857
4.18095
26.3238
14.8476
4.42857
14.0095
4.25714
11.5048
4.74286
4.86667
12.4095
18.6571
13.981
11.0381
4.30476
7.47619
8.29524
7.15238
12.6571
11.1714
7.77143
8.00952
7.05714
10.1524
6.0381
13.0667
6.70476
7.87619
4.90476
5.97143
4.61905
6.20952
5.88571
7.8381
9.60952
20.5238
4.30476
5.46667
5.22857
9.4381
7
4.81905
10.1905
7.24762
7.95238
5.68571
6.47619
4.2381
4.78095
12.9619
8.64762
4.93333
6.58095
8.58095
11.6762
4.11429
5.04762
12.3714
8.72381
21.6381
6.18095
10.8857
8.49524
16.2095
20.1619
15.4762
7.38095
8.44762
16.5048
9.1619
9.04762
21.3524
9.30476
10.5238
17.6476
9.14286
4.06667
11.6857
12.6476
7.66667
4.0381
11.1905
10.7524
25.3429
17.6857
8.85714
15.2857
11.6476
17.4667
9.25714
11.5714
15.9048
11.019
7.53333
12.4476
14.4476
10.9714
10.2095
11.7905
9.88571
10.819
7.40952
6.25714
17.9143
4.25714
7.64762
5.02857
4.68571
11.3143
14.4476
8.91429
9.30476
4.18095
12.8857
4.33333
20.6952
16.8381
14.3333
16.4952
7.33333
11.0762
8.42857
10.3429
10.6381
10.1238
5.11429
5.90476
8.20952
15.5333
10.0381
14.1524
16.3143
4.42857
4.59048
4.19048
13.1333
5.46667
7.90476
4.55238
8.6381
13.5333
7.18095
13.1429
5.53333
17.0095
10.7238
13.2095
4.87619
15.5429
14.4857
10.9333
10.781
13.4667
9.71429
5.18095
6.77143
9.87619
9.04762
15.1905
11.3714
11.3714
14.7143
4.90476
5.91429
14
4.17143
8.04762
5.6381
4.20952
7.60952
6.29524
4.29524
8.55238
4
9.34286
4.13333
14.9429
10.6381
6.22857
12.3048
4.17143
10.8667
5.6381
12.5524
10.0667
8.97143
12.9333
4.26667
4.47619
4.40952
10.2667
9.29524
10.7905
8.5619
4.18095
7.4381
10.7143
9.66667
5.84762
5.0381
12.0381
7.61905
4.38095
11.9048
10.8381
9.1619
10.4095
9.17143
9.64762
6.78095
4.41905
8.60952
16.1429
11.0476
13.1524
8.58095
7.11429
7.38095
4.2
13.9238
6.71429
12.4095
6.24762
7.62857
12.7429
11.3619
5.59048
7.51429
14.0857
4.2381
8.77143
7.59048
10.3238
12.5333
9.30476
9.15238
7.06667
7.6
7.82857
4.40952
9.87619
5.59048
6.97143
4.12381
11.4381
21.4095
17.0476
11.619
20.7619
4.97143
6.59048
4.44762
8.91429
16.6952
12.3048
14.6
14.4
13.6381
12.0952
9.62857
8.44762
9.4381
11.2857
11.381
4.79048
6.26667
10.4381
29.4286
9.87619
8.92381
8.82857
5.71429
12.3905
6.60952
4.07619
11.5429
14.7143
10.1429
19.1619
4.45714
5.37143
9.47619
10.6667
4.67619
14.2
7.54286
41.4857
13
8.7619
18.9524
9.93333
8.55238
10.5905
6.22857
12.1333
4.51429
12.3429
4.27619
13.2286
11.0667
11.7238
13.5333
16.7524
6.75238
4.28571
6.69524
4.25714
11.781
16.4381
5.06667
15.5619
4.3619
8.13333
14.6286
8.40952
7.18095
10.6
4.57143
5.99048
5.82857
7.60952
8.66667
9.55238
6.97143
12.1143
5.87619
10.8571
4.27619
4.30476
4.25714
5.78095
8.04762
9.21905
7.58095
11.3619
8.27619
4.22857
4.05714
5.14286
4.41905
4.84762
7.73333
12.1619
21.5048
4.44762
9.17143
9.8
16.0286
9.4381
8.13333
15.8286
4.4
18
20.781
13
16.3048
4.88571
4.14286
4.44762
4.26667
18.4571
24.619
12.7238
21.019
6.65714
20.6667
15.1333
16.7524
9.87619
16.3714
4.78095
16.2571
4.22857
12.4
11.9333
10.381
12.7048
7.19048
4.91429
12.219
5.00952
4.39048
5.86667
4.99048
5.20952
9.28571
7.68571
18.8286
4.26667
13.8381
17.3619
4.4381
10.4952
12.6
9.1619
6.65714
5.20952
12.4571
9.68571
5.67619
4.6
15.9429
8.77143
12.419
18.1048
20.6571
9.59048
8.35238
7.51429
18.381
11.219
8.8
7.91429
5.86667
9.73333
12.0667
7.99048
8.84762
7.94286
37.1143
12.0762
4.4
6.07619
5.37143
9.65714
12.619
4.53333
7.55238
4.18095
4.18095
11.0476
5.28571
12.1905
4.58095
13.4667
11.5619
4.40952
5.53333
6.74286
18.0476
4.49524
8.5619
11.7333
7.40952
9.01905
19.1714
13.3429
8.47619
8.06667
4.13333
4.18095
4.25714
6.22857
16.9429
9.37143
8.60952
13.1238
8.17143
6.40952
10.5048
9.9619
6.28571
6.29524
16.9714
5.6381
5.4
7.6
13.381
9.11429
8.6381
4.87619
6.44762
4.08571
4.02857
10.4381
11.6952
4.3619
10.9429
9.21905
15.9619
4.20952
4.34286
5.2
4.57143
17.9619
13.419
6.9619
4.3619
4.77143
9.39048
6.8
6.8
4.53333
5.44762
11.4952
7.51429
4.6381
11.5905
8.75238
14.8286
10.3333
4.20952
14.2762
4.0381
15.5905
11.2762
15.8286
11
13.7048
5.34286
14.3524
8.31429
15.3524
11.6381
14.8952
8.78095
9.07619
8.26667
21
18.3429
4.01905
8.93333
12.8571
7.68571
8.84762
8.46667
4.9619
8.92381
4.50476
9.5619
8.93333
5.34286
11.581
8.51429
9.94286
5
20.3238
4.29524
4.18095
7.70476
11.3333
15.6286
4.09524
12.8571
11.619
16.3048
19.3429
4.12381
4.2
14.4476
7.51429
10.3333
7.06667
5.88571
9.39048
20.6762
12.9905
14.6476
7.05714
15.819
9.30476
11.1429
10.7143
9.86667
4.29524
15.1524
5.67619
9.55238
14.1714
4.37143
4.4381
4.28571
4.44762
4.22857
14.8
9.99048
8.78095
8.47619
6.6
9.9619
14.019
3.25714
5.06667
15.019
11.2571
7.42857
7.0381
10.5048
3.31429
6.74286
3.86667
8.50476
14.7619
12.1238
6.55238
4.3619
3.21905
9.1619
3.1619
7.35238
3.09524
3.19048
3.22857
11.4286
9.99048
4.52381
11.3143
7.06667
7.26667
14.9619
10.0381
6.6381
4.02857
3.91429
6.31429
12.381
6.09524
12.8095
4.99048
5.75238
6.88571
9.93333
3.3619
7.11429
13.6762
9.3619
19.3048
6.73333
5.86667
6.05714
4.84762
10.6571
12.2381
5.05714
10.4952
7.4
4.02857
3.31429
5.52381
9.86667
8.52381
3.60952
5.57143
9.57143
17.3333
3.32381
12.5143
12.419
3.37143
4.4381
3.04762
18.4857
8.41905
8.1619
15.7143
8.12381
7.60952
9.15238
11.0381
19.8
15.9429
10.7905
11.8857
18.9619
6.57143
6.33333
8.31429
3.20952
3
8.85714
4.95238
9.91429
3.37143
3.4381
3.28571
6.52381
8.31429
3.12381
6.90476
5.70476
3.11429
11.8667
11.8
6.52381
3.60952
9.69524
13.1905
3.69524
4.34286
9.4381
14.5524
15.0667
3.6381
7.45714
6.3619
8.1619
3.54286
3.57143
5.57143
3.48571
4.74286
8.89524
7.37143
9.60952
6.65714
8.93333
3.59048
7.78095
5.6
7.60952
7.0381
7.87619
5.82857
4.31429
9.70476
7.47619
6.04762
3.12381
3.13333
3.41905
5.60952
6.98095
3.20952
14.2571
7.50476
8.97143
3.22857
13.381
3.07619
9.51429
3.59048
4.26667
5.52381
5.12381
3.1619
7.9619
6.19048
6.02857
5.08571
8.97143
6.91429
3.86667
3.7619
4.10476
15.2857
14.8476
7
4.53333
6.86667
9.99048
15.2571
9.92381
10.5429
3.21905
17.4476
19.6952
4.14286
5.11429
14.1619
5.24762
11.3905
6.85714
9.33333
4.25714
10.0571
3.25714
7.01905
3.13333
3.28571
3.47619
12.3048
3.4381
7.07619
7.84762
3.33333
8.58095
38.0762
5.66667
5.67619
3.42857
9.91429
3.24762
8.67619
3.11429
10.1143
3.50476
9.78095
9.04762
6.7619
15.6667
7.98095
5.12381
6.6381
5.52381
3.60952
6.85714
6.3619
9.30476
5.61905
17.7619
7.68571
3.2381
14.4381
3.89524
10.0286
4.07619
3.02857
8.72381
7.08571
11.6667
3.02857
6.1619
11.6762
9.97143
5.9619
5.52381
4.75238
10.4667
8.61905
11.9429
8.90476
5.2
3.14286
14.6762
17.0952
12.381
3.85714
15.2571
4.87619
5.70476
4.0381
25.1429
3.19048
14.4762
3.00952
9.88571
7.28571
22.5619
3.41905
7.30476
3.27619
5.75238
12.0857
16.0857
3.97143
3.4381
18.6381
6.20952
3.27619
11.2
11.7619
7.30476
10.9429
7.97143
10.5238
7.62857
7.99048
13.4571
15.9619
6.88571
11.819
3.27619
3.04762
7.58095
6.07619
14.619
7.91429
3.18095
3.33333
3.87619
3.27619
8.55238
3.32381
14.6667
3.37143
8.04762
9.94286
11.3619
5.6
11.4667
11.2571
8.81905
3.04762
10.7429
11.7905
6.54286
4.39048
3.13333
8.85714
8.72381
8.49524
10.4667
3.15238
11.2857
3.6
3.08571
7.53333
3.71429
3.2381
17.1524
3.47619
3.51429
3.4
4.26667
3.41905
3.98095
8.27619
3.0381
3.81905
3.22857
3.28571
4.18095
8.5619
6.41905
3.12381
7.05714
12.6571
3.67619
9.69524
12
5.21905
7.28571
3.09524
12.0857
7
3.77143
10.381
3.70476
5.37143
9.39048
4.02857
8.47619
6.95238
10.1619
9.72381
9.18095
13.3048
16.4952
3.1619
13.0857
5.25714
10.2952
21.1524
16.1429
7.80952
5.33333
8
3.20952
3.51429
3.34286
7.49524
9.4381
3.54286
8.22857
3.12381
20.1429
8.67619
16.3524
11.2762
13.3714
23.4095
3.00952
6.86667
4.60952
8.34286
9.46667
10.6667
4.60952
9.49524
3.02857
7.7619
6.25714
9.79048
21.8762
12.8476
8.13333
9.6381
57.7048
11.5524
7.26667
3.54286
3.42857
3.06667
4.66667
11.2952
11.4667
11.0381
9.4381
11.8952
3.42857
13.8571
3.52381
3.94286
3.1619
3.42857
16.9714
3.77143
13.8381
6.62857
12.2762
6.39048
13.2095
5.4381
7.31429
6.73333
5.12381
3.19048
10.4286
11.0381
17.6286
3.41905
3.41905
7.20952
5.31429
12.219
4.6
8.02857
8.37143
11.5048
13.7429
4.0381
3.19048
8.14286
5.90476
3.26667
11.2952
3.04762
16.2667
10.6667
5.98095
3.0381
10.3429
3.4
8.87619
4.9619
3.97143
9.25714
7.52381
6.97143
5.78095
11.0571
8.70476
9.79048
3.40952
7.39048
8.55238
10.019
7.15238
17.3714
8.14286
3.46667
6.91429
3.28571
10.7619
5.29524
9.48571
3.04762
4.71429
5.75238
6.86667
3.0381
4.04762
3.00952
5.66667
9.00952
6.42857
8.14286
18.1905
5.90476
4.9619
5.41905
9.07619
5.5619
3.3619
10.5238
6.11429
3.99048
5.42857
3.12381
3.13333
13.6381
12.8571
6.57143
5.21905
5.09524
15.3429
3.61905
9.52381
6.88571
12.1048
9.05714
9.80952
4.3619
5.97143
11.6952
5.22857
3.02857
17.2476
18.5714
13.0952
8
9.48571
14.3238
12.7714
6.4
10.6952
19.1333
5.42857
13.3905
11.419
7.40952
8.40952
9.5619
3.09524
3.06667
13.2857
3.25714
3.32381
3.27619
16.5429
5.39048
7.5619
4.38095
5.58095
9.02857
3.21905
4.02857
7.24762
3.8381
7.72381
10.7429
3.26667
3.46667
6.05714
9.6381
3.28571
6.47619
5.99048
9.8
3.5619
3.2
3.37143
8.79048
3.2381
3.57143
4.20952
3.18095
4.19048
3.51429
6.90476
3.05714
9.27619
6.97143
15.2952
5.81905
10.2
5.70476
6.60952
14.4476
4.90476
3.12381
3
3.86667
6.53333
5.0381
6.79048
12.2952
19.781
6.78095
3.41905
13.5714
8.80952
7.1619
3.20952
3.34286
3.0381
3.00952
7.1619
9.60952
15.4381
3.66667
11.4095
13.4857
13.1333
6.4381
9.79048
7.05714
14.1524
15.5714
3.10476
5.31429
3.32381
7.67619
9.57143
5.79048
7.26667
13.2571
12
3.19048
5.30476
8.45714
3.4381
3.12381
8.51429
13.3905
3.13333
23.8095
7.07619
13.2667
10.4095
10.8952
12.4667
3.50476
8.18095
3.6381
3.3619
3.33333
6.9619
15.9429
3.4381
7.28571
11.6952
3.27619
3.1619
3.2381
9.27619
8.77143
10.1238
4.98095
10.9714
3.02857
6.94286
3.67619
8.05714
15.4571
9.11429
6.15238
6.87619
7.2381
9.0381
3.21905
3.28571
7.28571
3.74286
6.17143
5.8381
3.24762
19.7714
7.5619
3.34286
3.06667
6.25714
3.41905
9.6
10.9333
3.19048
3.34286
3.46667
3.69524
9.55238
5.15238
6.08571
3.29524
14.7333
6.0381
8.28571
3.20952
10.8857
3.15238
3.71429
4.8381
12.5619
3.24762
3.04762
7.40952
9.77143
6.9619
3.33333
5.54286
6.69524
3.72381
3.61905
4.82857
14.5714
4.6381
4.0381
3.65714
7.64762
11.7048
7.21905
8.92381
4.18095
13.0667
3.52381
5.45714
14.419
3.72381
13.7143
3.17143
8.40952
6.17143
3.3619
9.17143
3.00952
9.93333
9.26667
3.66667
4.41905
3.27619
15.419
13.7333
5.19048
3.32381
11.9238
3.2381
7.66667
8.90476
9.64762
3.19048
3.20952
8.24762
3.09524
3.24762
20.9524
3.50476
17.3238
3.93333
20.7714
4.33333
9.26667
9.44762
6.42857
4.2381
3.45714
3.0381
15.6667
12.2571
8.57143
8.94286
3.1619
7.66667
10.8571
3.40952
11.6381
15.8381
3.37143
10.6952
3.22857
7.9619
13.1048
9.8381
4.20952
8.51429
8.75238
7.61905
19.0667
10.3905
7.39048
3.59048
3.64762
3.12381
3.47619
6.30476
18.9524
3.11429
3.65714
3.52381
3.2381
3.27619
3.70476
9.25714
3.32381
3.2
12.4952
3.26667
17.1619
13.1619
9.74286
12.981
9.06667
3.02857
5.95238
3.2381
13.8571
7.88571
7.35238
3.05714
8.04762
6.21905
3.1619
3.1619
3.21905
8.91429
10.5714
3.12381
10.0857
3.87619
12.0571
11.6762
3.01905
4.47619
8.4
10.2286
12.3619
7.07619
9.4381
7.52381
3.37143
7.35238
11.0095
7.62857
3.70476
13.1048
7.49524
3.02857
3.26667
6.66667
5.18095
3.99048
3.8
9.1619
14.9143
3.17143
3.31429
13.8571
9.79048
7.66667
8.11429
12.4476
16.1619
11.6571
8.19048
15.9619
6.0381
3.80952
3.2381
3.89524
3.42857
13.4857
3.70476
3.47619
3.27619
10
11.8286
4.73333
11.4952
11.7048
6.19048
12.1429
5.44762
5.14286
10.019
3.20952
6.11429
5.98095
6.86667
7.47619
5.75238
17.2
12.7905
6.82857
7.78095
10.7619
3.35238
7.2
10.419
3.18095
10.0381
7.8381
14.581
5.09524
14.8857
3.92381
7.2
10.8952
10.0762
7.05714
5.74286
3.46667
4.1619
6.01905
21.4
13.6286
4.09524
5.74286
7.30476
4.24762
12.4667
11.3429
11.2476
15.2667
15.7143
14.8381
10.7143
12.2667
12.3524
3.49524
12.1429
11.8286
3.25714
14.7905
12.7429
12.181
6.27619
5.80952
3.2
12.4952
11.5429
10.2857
3.19048
9.21905
4.55238
3.00952
6.88571
11.0667
3.4
3.25714
12.0095
12.4667
14.9524
4.05714
3.24762
3.24762
6.02857
4.79048
3.34286
7.55238
4.04762
3.0381
3.4381
6.17143
7.04762
7.90476
9.12381
8.40952
11.6
6.5619
23.4476
3.17143
4.8381
12.6762
3.13333
3.20952
3.18095
13.7429
6.05714
4.17143
3.61905
4.60952
3.22857
3.00952
4.94286
6.34286
6.67619
3.05714
4.84762
6.74286
4.99048
3.62857
7.0381
6.49524
11.3714
7.71429
6.85714
7.82857
5.40952
13
6.8
7.35238
3.15238
7.8
3.41905
3.52381
6.8381
15.6667
6.09524
3.86667
3.04762
3.2
7.14286
3.39048
3.38095
11.4952
12.0095
10.4762
8.79048
3.66667
6.88571
7.48571
9.35238
6.15238
12.419
6.22857
4.99048
3.50476
15.6
3.51429
6.71429
9.64762
8.19048
10.1524
8.18095
12.2
13.3429
3.2
5.71429
10.4857
7.58095
3
10.4381
6.5619
12.5048
8.8
3.15238
17.1429
3.71429
3.69524
4.24762
3.3619
3.27619
12.1905
6.10476
7.18095
6.99048
5.25714
9.4
18.2476
9.33333
13.0381
3.05714
3.68571
3.59048
5.75238
8.26667
11.7238
6.51429
4.30476
7.7619
3.49524
13.4095
8.25714
10.581
3.51429
13.6381
10.6571
8.4381
4.65714
6.44762
10.8857
3.85714
3.39048
14.6571
5.28571
5.99048
8.3619
11.5524
3
6.9619
17.1143
3.12381
7.48571
3.79048
3.68571
10.581
12.381
4.92381
10.3524
12.9524
6.19048
10.8857
8.67619
12.1905
3.46667
3.11429
3.46667
9.6381
3.93333
7.30476
6.38095
17.7238
3.09524
11.8476
7.81905
6.88571
3.54286
17.3048
22.8381
11.7143
7.87619
11.781
11.0571
4.98095
12.3143
18.0952
7.7619
6.66667
11.019
12.419
11.6571
8.39048
15.019
13.6
6.1619
10.5714
3.12381
6.45714
15.7333
6.54286
14.5524
14.6667
6.74286
11.6
22.1619
8.37143
3.62857
8.33333
10.0095
3.48571
7.54286
9.22857
13.0381
7.6381
5.98095
18.4286
3.00952
6.09524
3.2
9.04762
7.48571
3.17143
3.18095
11.3048
5.46667
9.47619
4.17143
18.5048
14.4381
8.2
3.53333
9.78095
8.81905
3.28571
13.8857
6.77143
3.10476
5.62857
10.2762
3.46667
9.6381
7.49524
5.72381
6.32381
3.0381
9.40952
10.5619
15.619
13.3905
3.34286
3.97143
7.6
15.4381
4.75238
10.6762
3.81905
3.4
15.9333
3.97143
3.28571
16.3429
8.48571
7.25714
15.5524
14.2
6.91429
4.79048
9.97143
8.01905
15.8667
6.6
4.99048
7.73333
11.3333
10.1714
3.80952
6.72381
9.68571
8.42857
3.42857
5.24762
6.51429
3.02857
16.781
3.51429
11.2571
11.1524
12.2667
16.9524
9.30476
3.14286
10.7143
5.78095
6.65714
6.61905
13.4952
9.00952
7.12381
3.50476
3.9619
3.38095
3.22857
8.32381
10.1143
7.87619
3.0381
10.3429
3.28571
7.06667
3.44762
4.05714
3.27619
6.82857
8.41905
10.781
6.02857
3.17143
11.5238
3.19048
10.9333
3.51429
11.6476
21.3238
6.72381
3.14286
20.7619
13.4
3.08571
3.19048
8.7619
15.381
13.8381
3.3619
8.21905
3.02857
20.0286
7.60952
12.2762
7.99048
11.8
4.0381
3.00952
8.72381
3.10476
8.79048
17.1143
7.24762
11.0381
6.15238
9
11.2571
4.98095
3.17143
18.3714
11.5048
3.09524
6.87619
13.2286
3.1619
3.34286
6.08571
7.64762
3.05714
16.2667
15.2
3
5.3619
11.0381
8.2381
6.99048
10.019
7.69524
3.05714
5.40952
12.9714
8.57143
7.34286
10.781
3.02857
16.2
8.69524
10.8571
6.90476
3.71429
10.1048
7.01905
3.41905
10.4571
13.2571
12.0476
3.17143
6.11429
3.10476
10.8095
4.41905
9.67619
6.7619
8.04762
3.20952
8.31429
3.22857
12.1524
3.6381
17.8476
7.77143
3.25714
3.0381
7.5619
3.02857
12.4571
18.0952
7.04762
3.6381
3.15238
7.09524
8.32381
9.94286
3.46667
9.19048
3.09524
5.44762
22.5429
9.82857
13.1619
9.81905
5.75238
3.3619
5.88571
14.9238
3.38095
6.9619
3.48571
3.33333
14.0571
7.71429
3.33333
5.55238
3.01905
12.4381
3.12381
8.67619
11.6095
6.1619
6.58095
6.15238
13.6762
5.77143
10.7238
8.60952
3.24762
3.05714
3.57143
5.98095
7.39048
7.31429
3.04762
8.47619
8.28571
4.0381
3.53333
5.89524
3
3.12381
3.2381
7.44762
7.55238
3.74286
3.29524
9.8
7.38095
7.8
3.19048
9.80952
9.97143
3.20952
3.18095
3.11429
8.26667
3.38095
3.17143
13.5238
3.26667
3.09524
3.75238
14.3905
3.02857
3.13333
13.8571
3.20952
5.51429
6.06667
8.50476
5.38095
4.4
7.11429
12.4
9.61905
9.06667
7.68571
10.781
16.1048
9.53333
5.67619
14.7048
10.4095
6.13333
6.39048
3.25714
3.68571
6.24762
7.61905
8.84762
3.69524
3.12381
7.04762
9.00952
8.29524
4.10476
4.77143
5.48571
6.50476
8.45714
3.6
3
15.5333
7.1619
8.00952
9.6
4.79048
8.69524
8.86667
3.07619
3.18095
9.10476
8.78095
3.33333
3.1619
7.40952
24.819
8.26667
8.48571
18.9238
12.0857
6.81905
3.17143
3.24762
3.22857
7.5619
7.84762
7.09524
3.1619
5.31429
5.88571
16.4952
10.3143
13.0381
7.74286
3.06667
3.52381
10.4095
6.92381
16.2952
13.3333
9.6
6.57143
15.5048
7.58095
7.48571
7.32381
3.39048
3.30476
3.32381
3.08571
4.88571
3.4
3.40952
13.5048
9.62857
10.381
16.0667
5.33333
11.8952
3
11.0476
13.8952
7.04762
6.53333
14.6857
8.07619
3.39048
5.35238
16.4667
19.0476
3.15238
6.35238
4.22857
10.3048
3.07619
3.26667
6.26667
4.74286
8.0381
3.17143
7.19048
11.0762
3.60952
3.68571
3.75238
9.13333
5.90476
7.79048
3.51429
3.17143
4.54286
6.72381
4.7619
10.3524
7.32381
3.4
15.5714
9.12381
3.5619
16.8381
11.6857
7.18095
4.24762
10.5714
8.04762
8.2381
6.89524
11.2667
4.55238
5.67619
13.7048
3.48571
8.8381
6.19048
8.81905
7.59048
9.26667
3.10476
11.581
12.9238
3.24762
10.5048
3.04762
4.6
9.73333
7.1619
12.4
3.62857
4.45714
9.50476
11.7524
12.7619
13.0381
13.2381
3.28571
3.01905
9.73333
3.82857
3.12381
8.71429
6.66667
15.5714
5.2381
20.2381
3.02857
5.0381
8.75238
5.4
5.18095
7.75238
7
9.78095
7.91429
5.6
3.20952
7.98095
18.1333
3.60952
10.5333
10.5714
3.93333
13.1333
10.2381
9.2
9.21905
3.84762
13.619
3.27619
8.41905
10.781
6.95238
3.13333
11.3048
21.219
9.79048
11.8381
6.71429
4.90476
12.9905
3.17143
4.73333
3.45714
5.18095
3.21905
15.2571
4.1619
8.73333
3.2381
3.06667
3.25714
8.25714
8.18095
7.80952
13.819
4.95238
7.91429
5.98095
16.9048
7.25714
5.75238
6.25714
17.3714
5.81905
3.30476
6.34286
14.7238
3.74286
6.5619
11.7619
3.18095
6.4381
7.68571
12.6762
4.39048
8.98095
3.47619
6.37143
18.0476
7.72381
3.4381
9.9619
3.64762
4.14286
8.6381
3.6381
12.581
5.50476
3.26667
3.52381
8.74286
11.5143
8.37143
7.7619
6.72381
14.2381
3.88571
3.47619
3.51429
4.19048
8.41905
3.08571
12.8476
5.62857
3.4381
3.25714
3.4381
16.8476
4.99048
5.48571
3.12381
3.08571
12.5333
6.30476
3.05714
8.1619
3.26667
3.44762
14.6
3.18095
10.7524
5.09524
12.2286
12.2952
7.38095
7.86667
7.74286
19.9905
13.8571
3.13333
9.45714
3.39048
12.4
7.11429
3.61905
6.74286
17.6476
3.29524
21.9429
8.30476
6.8
3.45714
5.59048
3.27619
6.53333
15.5619
9.47619
8.68571
11.6762
3.22857
7.00952
3.11429
13.7048
13.6857
3.41905
3
4.8381
8.34286
7.87619
19.7524
12.4095
16.7714
10.6095
3.41905
6.91429
12.6952
5.4381
14.2381
8.80952
14.8571
8.87619
3.12381
5.55238
6.11429
7.22857
6.60952
9.00952
9.06667
6.13333
12.5333
3.51429
3.39048
13.5333
12.8952
3.22857
11.3048
3.07619
11.3238
4.89524
9.11429
7.44762
7.25714
8.02857
9.91429
7.97143
5.71429
3.80952
8.34286
10.4286
10.9524
13.3905
12.2476
11.9714
11.5714
3.3619
13.181
6.19048
16.7143
4.01905
3.55238
4.86667
10.5905
5.55238
7.20952
6.38095
6.67619
3.27619
3.91429
7.78095
6.79048
10.1619
3.6381
12.2571
9.78095
9.94286
13.219
9.62857
3.5619
3.61905
7.06667
3.25714
7.95238
3.20952
11.0381
8.04762
3.05714
3.14286
3.49524
6.0381
3.44762
8.93333
17.019
13.9238
7.66667
14.2095
6.39048
9
6.57143
7.53333
7.70476
15.6857
8.05714
7.49524
12.819
3.38095
6.69524
6
10.0476
10.8857
3.2
3.9619
11.4286
6.71429
3.85714
3.12381
3.27619
9.1619
3.38095
10.9429
4.38095
5.93333
3.2
8.13333
3.30476
8.51429
13.2762
4.41905
4.00952
9.97143
8.4381
5.40952
10.0095
11.3333
8.73333
8.02857
9.95238
9
3.08571
6.38095
6.0381
3.75238
3.69524
11.3333
6.79048
5.90476
3.57143
13.8381
8.14286
13.1333
6.79048
8.68571
11.8857
14.2571
6.19048
6.42857
4.15238
9.10476
11.8857
9.19048
3.22857
3.13333
6.92381
7.4381
3.15238
3.69524
17.981
11.9333
11.1238
5.8381
3.3619
11.9333
3.14286
4.37143
7.73333
16.8857
8.27619
6.39048
3.87619
14.2476
6.89524
6.14286
12.4
5.77143
10.3714
4.46667
17.3238
3.09524
10.9619
3.32381
6.75238
5.39048
11.0952
3.13333
11.981
3.57143
11.8952
4.18095
15.8381
7.4381
3.72381
7.38095
11.9143
11.8857
3.66667
3.39048
12.6571
3.40952
5.91429
6.01905
5.97143
3.09524
4.05714
12.4857
7.53333
12.6476
3.84762
6.5619
3.28571
7.80952
6.28571
6.65714
22.6952
11.781
11.7333
3.53333
6.04762
3.21905
15.1048
3.27619
3.08571
13.3429
3.74286
3.53333
7.68571
13.1333
4.00952
3.18095
3.7619
7.79048
3.01905
3.4381
9.39048
6.49524
11.5333
4.98095
9.07619
4
4.14286
8.54286
5.95238
5.04762
15.6571
7.53333
5.3619
5.39048
7.2
3.30476
15.2286
13.1333
7.09524
8.7619
3.25714
3.98095
3.53333
11.0095
3.20952
34.7524
3.52381
6.57143
9.7619
6.2381
3.0381
10.0286
3.2
8.15238
3.08571
10.4095
10.1714
6.15238
3.6
5.8381
3.12381
3.17143
6.52381
7.41905
3.02857
9.64762
3.82857
7.94286
3.06667
6.61905
11.8381
12.1048
7.4381
8.53333
6.41905
3.87619
5.13333
8.05714
3.70476
7.60952
5.47619
7.84762
12.6381
7.29524
13.6667
9.74286
3.21905
6.08571
6.77143
11.1238
3.29524
12.6476
7.86667
4.11429
13.981
14.2762
3.19048
3.1619
10.0095
3.33333
9.11429
3.29524
3.02857
7.69524
8.51429
7.30476
5.8
10.5905
9.32381
8.64762
18.0381
3.84762
8.74286
7.0381
11.0095
3.04762
9.98095
7.68571
5.86667
5.38095
6.55238
8.8381
14.5048
4.98095
7.06667
4.71429
18.9619
11.0476
8.2
11.1238
11.2
7.39048
3.78095
3.42857
12.0095
11.7524
10.7619
5.64762
7.32381
7.54286
5.51429
5.00952
4.45714
3.10476
10.8095
18.3905
3.30476
3.51429
3.3619
3.22857
3.02857
12.9238
3.0381
9.33333
12.4762
11.7048
10.0667
7.47619
5.48571
12.8857
7.92381
3.21905
3.0381
9.58095
3.49524
3.26667
11.7333
5.7619
13.1714
3.20952
3.75238
7.46667
3.09524
5.67619
3.12381
13.4286
3.26667
13.9429
7.04762
8.44762
13.5048
8.74286
4.21905
7.20952
3.08571
7.92381
15.4286
9.08571
4.80952
3.46667
12.9429
15.4571
3.15238
3.91429
3.21905
6.58095
6.65714
5.14286
3.10476
6.05714
13
14.3048
10.4857
7.75238
3.80952
5.39048
7.29524
9.97143
4.59048
10.1429
7.5619
10.6857
13.2095
9.12381
6.44762
12.019
12.8762
6.37143
6.41905
12.8
15.6476
8.29524
9.64762
6.98095
8.30476
3.92381
8.22857
7.25714
6.70476
15.1524
12.8095
9.35238
5.97143
7.98095
7.05714
7.94286
5.3619
5.12381
5.37143
5.69524
15.2762
14.0952
5.1619
3.69524
8.73333
11.6095
16.7714
8.58095
8.7619
11.9333
5.28571
8.10476
6.39048
6.75238
11.6286
6.12381
5.24762
3.31429
3.09524
3.52381
15.9333
7.33333
3.88571
9.3619
3.61905
5.47619
12.581
12.3905
12.6476
7.35238
4.80952
6.09524
3.46667
8.1619
7.79048
8.59048
16.6476
7.57143
8.49524
6.57143
3.26667
9.62857
3.4381
3.71429
3.15238
7.59048
4.08571
9.21905
3.04762
3.13333
3.50476
3.01905
3.74286
3.98095
3.3619
8.57143
4.99048
14.1905
9.69524
11.0381
9.07619
14.0095
11.8
15.4
10.019
13.0952
17.9238
4.60952
7.80952
10.3429
4.45714
6.32381
3.24762
8.98095
11.3429
19.6952
3.30476
11.5048
3.27619
12.9524
11.619
3.02857
12.8857
3.39048
7.55238
5.59048
12.3048
15.1048
7.05714
6.25714
12.0857
3.26667
3.67619
8.24762
9.09524
6.30476
5.12381
3.32381
16.9333
5.64762
18.0476
12.0095
3.39048
7.28571
19.7429
10.181
6.29524
6.04762
5.93333
14.6095
6.92381
3.37143
7.20952
16.1524
12.181
16.9524
9.75238
8.95238
10.6381
15.9714
5.61905
6.78095
10.4952
3.30476
3.98095
7.46667
3.37143
10.5524
4.75238
6.38095
12.4095
7.98095
3.34286
5.78095
3.61905
11.619
12.8857
7.34286
3.28571
3.09524
3.39048
10.1048
5.6
16.5238
9.60952
3.34286
3.37143
9.47619
10.9238
12.9333
9.24762
6.40952
3.60952
3.05714
5.91429
5.57143
3.29524
3.45714
3.90476
6.2381
3.70476
3.4
7.80952
13.8762
13.8571
6.72381
6.33333
3.04762
5.67619
3.13333
6.41905
12.6571
12.2857
6.93333
6.73333
5.11429
3.49524
6.70476
6.9619
16.9143
16.4952
3.19048
8.55238
13.1524
11.2857
8.22857
10.2381
8.49524
3.86667
9.6
13.8667
3.01905
11.9905
3.25714
3.60952
8.60952
9.12381
4.3619
3.35238
10.4952
10.4286
3.21905
6.87619
3.39048
6.5619
3.44762
6.74286
20.9238
16.8095
3.55238
13.7524
4.9619
7.42857
10.5714
8.26667
11.4381
11.3048
2.14286
9.24762
7.5619
3.99048
2
2.82857
2.88571
4.3619
2.4381
2.08571
5.71429
5.34286
2.04762
5.75238
2.88571
5.44762
2.20952
5.4381
10.4762
2.17143
5.31429
3.2381
3.58095
2.44762
2.33333
5.68571
8.25714
2.02857
13.6571
2.98095
2.31429
2.13333
2.15238
5.74286
2.00952
2.00952
4.14286
2.2
2.20952
2.8
6.8
2.81905
2.1619
5.77143
2.6
2
6.53333
9.26667
5.11429
5.68571
2.06667
2.18095
9.79048
2.67619
7.58095
2.12381
7.0381
2.97143
2.18095
2.37143
5.53333
2.27619
2.10476
12.0286
3.27619
15.8095
40.5714
4.81905
13.2476
4.6381
4.2
2.04762
9.47619
13.7619
2.54286
2
2.20952
2.04762
2.24762
5.61905
3.72381
2.24762
5.91429
2.86667
2.02857
2.40952
4.47619
2.2
11.0952
13.219
10.3143
10.7619
7.25714
2.24762
8.10476
2.32381
4.10476
6.0381
9.51429
15.7905
2.29524
4.1619
2
7.3619
5.79048
3.47619
2.74286
7.4
2.0381
2.17143
4.98095
5.38095
2.26667
2.60952
2
2.12381
2.38095
5.20952
9.88571
5.21905
2.09524
2
6.6
7.64762
9.48571
3.27619
2.90476
9.58095
7.95238
1
5.8381
1.33333
9.00952
11.5619
1.06667
4.7619
2.72381
1
1.2381
1.01905
6.72381
4.52381
1.34286
5.32381
1
2.14286
1
1.09524
7.10476
3.67619
1.19048
1.01905
2.93333
6.11429
2.3619
7.7619
1.18095
1
1.01905
1
1.10476
1.06667
2.4381
10.0952
1.01905
1
1.71429
1
4.69524
1.24762
9.79048
11.7905
5.07619
1.01905
1.01905
9.50476
1
1.18095
1.06667
1.11429
8.42857
6.80952
1.14286
1.2381
6.11429
1.0381
1
1.04762
8.02857
4.37143
1.73333
4
1
1
1
1.12381
4.84762
8.01905
1.02857
4
3.72381
1
1.30476
1.38095
1.12381
2.65714
1.14286
1.00952
1
1.00952
6.33333
1.01905
1.11429
1
1
1.68571
1.00952
1.13333
11.2476
1.0381
1.02857
6.52381
12.6762
4.05714
7.74286
1.1619
9.6
1
1.11429
5.13333
7.15238
1.07619
1.18095
9.2381
1.19048
1
7.4381
1
1.00952
1.02857
1
6.12381
7.11429
1
8.35238
1.15238
1
7.25714
1.00952
9.46667
1.11429
1
1.49524
8.8381
1.02857
3.37143
10.8286
1.00952
1.0381
1
1
3.81905
1.22857
1.15238
2
1
1.10476
8.21905
1.08571
7.33333
1.04762
6.00952
1.1619
2.71429
1.73333
9.9619
6.77143
3.57143
1
6.87619
11.1619
6.85714
2.06667
1.1619
1.09524
1
1
1.28571
2.01905
1
1.38095
4.29524
8.01905
1.08571
1.98095
1.01905
5.78095
12.7429
1.02857
1
1.07619
6.75238
7.51429
4.31429
1
8
1.10476
1.17143
1.02857
1.01905
1
1.01905
1
1.28571
6.18095
5.85714
6.97143
1
1.33333
1.05714
1
5.48571
8.15238
5.42857
1
9.10476
1
6.9619
7.18095
1
1.44762
1.04762
2.98095
1.01905
1.01905
7.15238
6.90476
1.24762
1.09524
1.18095
1
1.80952
1.99048
9.50476
1.20952
5.81905
7.48571
1
1.02857
1.04762
1.13333
6.50476
1
1.22857
1
1
1.4
1
1.70476
1.19048
4.66667
1.12381
1
1.13333
1.92381
3.66667
1.07619
1.09524
2.29524
1.78095
1.02857
4.25714
1.1619
1.50476
1.11429
1.04762
1.19048
1.15238
1.04762
9.00952
1.01905
1
1.06667
1.05714
1.06667
1.01905
1
1.01905
1.00952
1.57143
1.22857
1.09524
1
1.01905
8.0381
1
1.46667
1.22857
6.1619
11.8667
1.10476
1.14286
1
9.09524
1.11429
6.21905
8.87619
1
5.06667
1
1.33333
1.07619
1
3.9619
6.8
1.67619
1
1
6.4
1
3.92381
1
8.71429
10.6381
5.81905
7.4381
9.49524
6.46667
8.21905
1.01905
1
2.34286
5.50476
1
1.2
1.29524
1.2
1.00952
1.02857
6.41905
4.92381
1.09524
1.2381
9.74286
11.4095
1.22857
1
7.13333
1
1
1.01905
5.74286
1.11429
1
9.0381
9.55238
1.01905
9.77143
7.87619
1
6.77143
7.37143
1.11429
11.3333
7.01905
7.02857
3.71429
1.09524
1
1.07619
5.2381
1.08571
1
5.18095
1.35238
1.06667
1.65714
1.47619
1.17143
1.08571
1.73333
8.39048
6.08571
1.37143
10.1333
4.85714
1.11429
1
1.08571
1.2381
1.08571
1.13333
2.41905
1.37143
4.07619
8.69524
9.01905
8.38095
1.11429
1.12381
1.2
7.40952
1.75238
1.00952
1.35238
8.78095
1
2.88571
5.85714
4.8
9.00952
1.00952
6.27619
1.22857
6.9619
2.97143
1.22857
2.98095
2.72381
8.15238
7.74286
1.13333
1.00952
10.3524
1.02857
1.08571
1.26667
10.4952
14.0667
1.01905
1.01905
1.02857
1.24762
1.4
6.08571
11.2571
5.5619
1.05714
1.6381
1
1.00952
8.28571
3.55238
4.50476
7.45714
1
1.25714
8
1
1
1.40952
1.02857
1.1619
12.0381
5.46667
7.04762
2.20952
8.07619
1.35238
9.62857
4.50476
1.0381
7.01905
15.381
6.65714
1.18095
1.0381
1
1.00952
1
1.11429
1
6.29524
1.0381
1
4.21905
1.30476
1.08571
1.34286
1.32381
1.0381
7.15238
1.00952
1.02857
1.48571
1
1.15238
8.87619
1.11429
1.07619
8.61905
13.0476
1
1
1.00952
1.22857
1
7.93333
3.45714
9.6
1.18095
1.0381
9.18095
2.33333
1
7.2381
5.28571
1.69524
4.77143
1.27619
1.55238
1
2.09524
1.07619
1.00952
6.5619
1.04762
1
9.28571
1.17143
1.13333
8.08571
1.21905
4.32381
1.28571
1.04762
1.00952
1
1.2381
6.29524
1.9619
6.88571
9.41905
5.10476
1.09524
1.20952
11.781
1.28571
1.01905
10.3048
5.97143
1.32381
1
10.2571
4.41905
1
5.10476
6.87619
1.26667
7.19048
1.17143
2.35238
1.1619
1.04762
1.06667
1.30476
1
1.0381
3.1619
1
1.21905
1.08571
6.15238
5.07619
1.00952
1.05714
1.05714
1.18095
1
1.19048
9.0381
1.2381
1.29524
1.01905
1.01905
9.2
10.2952
12.8667
6.14286
1.0381
1.15238
11.8571
1.05714
3.89524
1.22857
6.05714
4.6
11.7238
1.24762
6.64762
1.05714
1.01905
1.48571
1
1.80952
6.80952
1.08571
1.08571
1.00952
10.819
1.35238
1
1.1619
1.00952
11.5905
1.00952
2.93333
1.07619
1
1.02857
6.66667
1.06667
1.08571
1
1.05714
1.09524
1.06667
7.97143
1.05714
6.14286
1
3.86667
1.00952
5.42857
1.11429
5.73333
5.4381
8.8
1.21905
1.09524
2.14286
9.24762
1.2
1.34286
1.07619
1.06667
1.27619
1.05714
11.9333
1.09524
1
1.21905
1.01905
5.2
1
9.59048
1.10476
1.05714
1.18095
1
1.32381
6.91429
2.54286
1.2
1
1.14286
1.00952
12.1238
1
5.28571
10.5048
1.12381
7.26667
1.00952
1.09524
2.06667
4.70476
1.11429
1.01905
1.02857
1.13333
1
12.4095
1
8.81905
1
5.54286
1.05714
1
1.01905
1.06667
1
4.31429
8.2381
1.24762
1.00952
1
1
7.24762
9.15238
1.07619
3.25714
4.89524
1.04762
1.29524
1.35238
1.08571
1.41905
1.02857
7.41905
1.50476
9.09524
4.35238
7.12381
1
1.28571
9.14286
1.01905
10.0952
1.1619
1.10476
11.9238
1
2.48571
1
6.78095
10.8
1.02857
1.1619
6.31429
8.7619
1.13333
1.02857
1.00952
1.02857
11.4286
1
8.67619
3.90476
1.09524
1.00952
1.00952
8.88571
1.2381
1.13333
7.90476
1.45714
1
8.91429
1.09524
10.7333
4.05714
1.10476
1.05714
1.10476
9.59048
1.13333
6.31429
4.62857
5.80952
13.8381
3.69524
1.05714
1
1.09524
1.12381
2.77143
1.04762
1.07619
6.55238
1.05714
3.77143
6.80952
1.08571
1.19048
1.2381
1.17143
1.2
5.2
1.12381
6.21905
4.54286
1
1.20952
11.4381
5.05714
9.02857
1.20952
1.01905
2.2381
1
1.01905
1.02857
4.09524
1.2
9
1.0381
2.35238
1.21905
1
4.48571
6.70476
1.08571
1.68571
1.09524
1.53333
5.59048
1.21905
1.48571
1.13333
1
1
1.04762
1.00952
1
6.01905
1.21905
8.58095
1.29524
5.71429
1.00952
1.67619
1.01905
7.25714
1.0381
1.01905
2.71429
1.17143
5.85714
1.34286
1.14286
1.37143
4.37143
6.90476
4.28571
1.2
5.47619
4.38095
1.2
1.12381
2.22857
8.69524
1.01905
1
1
1.34286
6.55238
1.05714
4.75238
1
1.39048
1
1
5.90476
4.10476
1.04762
1.33333
1.32381
1.04762
2.13333
1.01905
1
11.1714
1
1.1619
1.17143
1.00952
7.2
1.57143
1.57143
1.09524
5.88571
1.05714
2.2381
9.38095
1.15238
1
1.58095
1.20952
1
3.64762
5.41905
1.06667
1.06667
1.15238
11.981
1.20952
7.91429
1.07619
1
5.62857
1.26667
1
1.09524
1.25714
1.22857
1.00952
2.05714
1.4
3.35238
5.58095
10.0571
5.4381
10.5333
1
1.00952
1.18095
1
3.34286
8.77143
1.01905
1
5.25714
1.07619
1
3.01905
1.13333
1.95238
14.2286
1.01905
1.00952
1
1
1.15238
1
9.32381
6.93333
1.00952
1.53333
1
1.11429
4.57143
1.01905
9.5619
8.87619
12.8095
1.00952
1.18095
4.27619
1
10.0095
1.00952
1.02857
1
5.65714
6.12381
1.20952
1.01905
2.44762
1.84762
1.01905
8.35238
1.00952
1
1
1.14286
6.58095
2.66667
8.37143
6.30476
1.4
1.31429
6.86667
1.00952
12.0952
1.04762
5.71429
1.18095
1.41905
8.1619
1.06667
1.11429
1.21905
1.17143
1.24762
1.19048
9.22857
10.4857
5.2381
1.35238
9.15238
1
1
1.09524
1.04762
7.92381
1.0381
16.781
2.12381
6.32381
6.68571
7.4
1.07619
1.05714
6.26667
1
11.4571
1.28571
1.01905
1.05714
1.02857
5.88571
1
1.3619
10.9619
1.69524
1.15238
6.31429
1.01905
1.05714
1.1619
1
10.0762
13.0381
7.24762
1.2
1.04762
1.04762
1
10.8476
3.25714
6.24762
1
2.09524
8.95238
3.91429
1.02857
1
1.54286
5.65714
7.61905
7.82857
1.04762
1.2
7.26667
1.37143
4.4381
1.00952
1
1
1
1.57143
7.30476
1.19048
8.33333
1.51429
9.81905
2.80952
2.29524
5
1.02857
1.06667
1
1.02857
4.00952
10.219
6.97143
13.4095
1.80952
1.20952
2.78095
2.05714
7.53333
1
11.1143
1.21905
1.00952
1.01905
9.13333
1
1.01905
15.3048
10.7143
7.01905
1
4.04762
1.00952
4.65714
1.14286
1.06667
1.12381
1
3.10476
1
13.6286
1.32381
4.38095
1
1
6.59048
1
1
10.5905
9.86667
8.49524
1.27619
1.55238
1.27619
1
1.19048
1
1.10476
7.22857
6.72381
1
1.45714
1.25714
1.00952
1
1.00952
4.27619
1
5.7619
4.87619
1.0381
11.6
1.05714
1.05714
1.38095
1.20952
1.47619
1.02857
1.18095
1
1.00952
1.00952
1.93333
1.02857
1.11429
1.09524
1.00952
8.11429
10.7048
2.41905
1
1.07619
1.21905
1.13333
1
1.1619
1.27619
1.22857
1.24762
1.3619
1.0381
1.17143
1.29524
7.24762
18
1.17143
7.26667
1
5.49524
6.50476
1
1.00952
1
1.18095
1
1.05714
1.59048
1.1619
1.01905
1.1619
1.1619
1
1
1.13333
1.01905
5.01905
4.50476
1.04762
1.01905
1.12381
1.07619
5.52381
5.79048
1.00952
2.18095
1
3.50476
5.6381
1.30476
10.0857
1
7.49524
4.04762
9.80952
1.00952
6.4
1.0381
1.25714
4.78095
1.02857
9.05714
1.12381
9.78095
2.06667
1.11429
9.8381
11.7714
1
7.74286
1
1.05714
1.13333
6.47619
13.419
1.57143
11.7143
1.85714
8.12381
10.2857
6.82857
1.39048
7.2381
1.85714
1.19048
1.27619
1.20952
10.9333
2.89524
8.22857
8.87619
5.5619
5.8
1
7.4381
8.53333
1.09524
1
9.19048
1.08571
1.04762
1.27619
1.24762
1.6
9.99048
1
1.07619
9.12381
1.14286
9.92381
5.80952
1
1.06667
9.08571
1.69524
1.00952
1.22857
7.65714
1.02857
2.04762
11.3905
10.6095
1.00952
1.28571
1.10476
1.24762
6.08571
1.01905
11.619
1.01905
1.10476
12.1429
1
1.26667
1
1.51429
7.50476
13.0095
5.02857
1.00952
8.97143
1.20952
1.19048
1
7.86667
1.04762
2.4381
1
15.0667
10.2381
5.6381
1
1.34286
3.92381
1.05714
1.08571
1
1
6.65714
1.32381
2.1619
1.2
1.04762
7.69524
1
1
7.0381
2.4
1
1.44762
1.4
1
8.69524
1
1.0381
1.3619
1.04762
3.95238
1.00952
1
2.55238
1.75238
1.0381
1.14286
1.19048
1.06667
11.5048
5.7619
5.50476
1.06667
1.22857
6.70476
3
1.04762
1.12381
2.07619
1.04762
6.95238
3.7619
1.40952
1.8381
1.50476
6.69524
8.50476
1.87619
10.2857
8.9619
3.34286
11.3524
1
2.45714
18.8476
1.82857
5.9619
1.06667
11.019
1.10476
1
1
8.47619
1
1
2.33333
2.5619
1.04762
1.1619
1.13333
1
6.19048
5.82857
2.90476
8.50476
1.01905
8.75238
2.44762
1.24762
1.22857
6.55238
5.20952
5.94286
4.12381
10.0667
1
1.09524
7.01905
6.17143
4.31429
1.07619
5.73333
1
1.18095
1
1
1.02857
1.00952
1.28571
2.1619
1.14286
1.30476
1.20952
1.26667
1.15238
1.0381
1.02857
1.1619
1
1.00952
1
1.04762
9.72381
1.11429
1.2
1
5.72381
1.13333
1.26667
1.18095
6.51429
7.39048
1.12381
1
8.85714
5.62857
2.90476
1.01905
1.00952
7.21905
1.0381
1.65714
1.1619
1.00952
7.99048
8.94286
6.51429
1
3.95238
1
9.7619
1.02857
9.32381
7.99048
5.12381
7.62857
9.4
3.21905
1.24762
4.71429
10.8571
10.7619
1.0381
5.51429
2.40952
1.24762
1
1.29524
4.64762
1.0381
3.75238
6.50476
1.01905
1.62857
1.48571
1.73333
1.00952
7.35238
1.00952
1.19048
1
5.8
6.26667
1.28571
1.01905
7.91429
1.55238
1.02857
8.26667
5.39048
1.08571
1
1.12381
1
8.12381
6.77143
6.33333
8.67619
1.0381
1.20952
5.99048
1.35238
1
6.33333
1
9.9619
7.44762
1.02857
1
1.26667
6.25714
10.2857
1.18095
1.1619
1.30476
5.74286
1.01905
9.8
1.12381
1.0381
1.04762
1.13333
1.05714
1
1
1.41905
1.14286
1.12381
1
1.13333
2.90476
1.00952
7.45714
2.05714
1
1.2381
1.01905
1.01905
1.04762
18.6952
1
1.09524
6.93333
1.04762
9.0381
1
4.54286
1.86667
1
1.01905
1.22857
1.01905
5.11429
1.00952
2.53333
6.52381
1.10476
1.04762
1.01905
1.2381
1.00952
1.2
1.00952
10.1143
8.32381
4.52381
1.2
1.11429
1
3.15238
9.19048
5.89524
1.10476
5.81905
9.27619
2.51429
1.01905
1.2
9.44762
1.01905
2.08571
1.19048
1.13333
1.6
1
8.29524
1
1.61905
2.9619
1.01905
1
3.17143
1.0381
1.1619
1
4.58095
1.00952
1.24762
7.90476
1.08571
1.05714
1
9.90476
6.54286
1
1
4.06667
1.02857
1.10476
7.52381
1
1.32381
13.1524
1.14286
12.0952
10.1905
4.54286
1.22857
1.6
1.2
1.20952
1
4.82857
1.05714
1.01905
1.0381
8.38095
1
1.00952
1.00952
9.78095
1.05714
1.12381
1
1
1.04762
1.28571
9.78095
6.4381
1.00952
1.21905
8.13333
6.05714
1.4381
6.7619
1.41905
1.02857
9.04762
6.2381
1.06667
2.69524
7.2381
3.14286
1.09524
7.77143
4.58095
1.00952
6.73333
1.07619
7.64762
1.1619
11.5333
1
1.17143
6.46667
1.08571
8.05714
5.52381
1.46667
1.02857
1
1
1.01905
1
1.02857
1.4
4.38095
7.28571
10.381
6.78095
1.05714
1
4.34286
10.2381
7.54286
1.20952
1.01905
1.13333
1.09524
4.77143
1.05714
1.34286
1.07619
1.07619
3.15238
1
5.74286
1.32381
7.84762
6.3619
1.13333
1.19048
5.04762
10.6
1.1619
13.3619
1.12381
1.2
3.48571
9.45714
4.32381
11.4952
1.02857
1
1.0381
1.08571
3.60952
4.44762
8.86667
1
6.0381
9.97143
1.00952
1.08571
10.0095
9.61905
1.02857
2.22857
1.13333
2.84762
7.19048
4.00952
1.0381
1.12381
1
7.24762
4.1619
1.19048
6.08571
1
5.49524
1
7.14286
1.17143
1.20952
1
5.25714
9.47619
1.20952
1.08571
1.02857
1.01905
8.88571
1.33333
1.00952
1.39048
9.34286
4.88571
7.39048
1.07619
1.00952
1.1619
6.71429
9.17143
1
1.46667
16.2
11
3.49524
1
6.64762
1
1
9.69524
1.46667
1.0381
5.30476
1.40952
1
1.3619
1.45714
3.54286
7.50476
2.61905
1.07619
1
1.48571
2.22857
8.41905
12.8952
6.00952
1.35238
1.26667
1.00952
8.51429
12.6095
6.84762
2.87619
1.07619
3.78095
1.08571
5.5619
6.38095
8.37143
1.18095
5.77143
1
1.02857
1.27619
5.42857
1
1
1.24762
1.06667
1.06667
8.45714
1.41905
1.01905
6.49524
9.17143
7.7619
11.1905
1
1.11429
1.09524
1.14286
1.80952
8.47619
2.4
1.02857
6.73333
1.00952
1.09524
11.1429
3.33333
1.18095
1.17143
7.61905
8.93333
2.21905
4.15238
1.22857
1.00952
1
1.0381
1.0381
1
1
1.02857
1.0381
1
1.26667
3
7.07619
1
1.31429
1.19048
7.60952
1.04762
1.32381
3.99048
7.57143
1.84762
1.20952
1.01905
10.8667
1.30476
1.11429
8.93333
1.90476
1.38095
1
1.2
1
1.15238
11.6095
1.01905
1.00952
1.20952
12.9143
10.4762
1.04762
1
1.02857
7.57143
5.55238
1.15238
10.6857
2.53333
1.24762
1
1
10.6
8.2381
1.1619
7.46667
1.1619
1
1.26667
1.39048
9.90476
4.02857
1.39048
1.04762
8
1.35238
11.1619
9.93333
1
4.48571
1.58095
1.02857
1.26667
1.31429
1
1.06667
1.04762
9.27619
1
1.11429
1.24762
1.11429
1
9.75238
1
1
6.1619
9.79048
1
4.33333
1
4.57143
1.19048
4.38095
6.53333
1
4.07619
1
9.02857
1.06667
1.17143
1.31429
6.26667
1.38095
5.55238
1.31429
7.91429
5.64762
1.2381
7.70476
1.14286
1.51429
6.01905
1.18095
4.47619
12.2286
1.00952
1.01905
7.21905
1.21905
1.35238
6.80952
1.48571
1.57143
8.35238
5.37143
1.17143
2.11429
7.9619
9.07619
7.00952
6.75238
1.29524
6.5619
1
6.24762
1.01905
1.05714
12.3905
8.38095
1
1.24762
5.7619
1.6381
1
1.11429
5.40952
1.15238
11.6571
1.00952
5.71429
1.06667
6.3619
1
3.55238
1.12381
7.30476
1
1
1.14286
1.18095
4.85714
1.05714
17.5238
7.21905
1
5.39048
1
1.20952
1
1.2381
1
7.82857
8.90476
9.01905
1
1.07619
1
1
1.60952
1.00952
9.62857
1.30476
5.58095
1.00952
1.39048
6.01905
6.81905
1.02857
1
3.84762
1.01905
1.07619
11.2762
1.13333
1.87619
1
1
1.02857
1.05714
7.30476
1.01905
3.29524
7.65714
1.05714
1.04762
1.0381
7.02857
3.0381
11.6095
4.81905
5.78095
1.01905
7.5619
2.49524
7.2381
5.02857
7.02857
1.24762
7.4381
3.24762
6.67619
1
5.72381
3.19048
1.14286
1.08571
1.45714
1.02857
1
6.8381
1.2
1.31429
1.2
3.70476
1
1.33333
1.00952
1.02857
1.05714
1
1
1
1.17143
1.19048
8.12381
1
1.19048
