10876 34740
16.66
12.84
8.29
13.61
9.36
10.39
12.9
9.49
13.16
14.26
15.42
10.04
13.2
9.67
15.66
11.13
8.39
13.94
9.59
17.01
16.33
12.97
8.69
13.73
8.3
14.17
14.2
8.26
8.48
9.15
8.65
9.87
10.81
10.46
9.95
8.96
12.24
12.56
14.2
11.72
8.64
13.85
19.47
14.05
9.37
10.45
14.98
14.13
8.14
13.93
9.49
11.79
13.76
10.03
11.43
17.41
8.24
11.81
11.34
10.58
15.63
14.53
18.11
11.52
9.03
14.27
10.8
8.25
15.6
8.38
17.27
10.91
10.87
11.66
12.45
10.85
10.45
10.97
11.05
11.14
11.28
9.62
9.41
13.73
10.7
11.12
14.93
14.44
10.92
11.36
10.46
10.83
8.54
12.48
10.66
9.71
11.28
13.87
10.2
12.59
16.64
14.6
10.93
8.12
11.41
13.59
12.68
8.23
8.34
14.95
11.21
10.5
12.43
9.95
11.66
11.82
9.41
12.44
14.15
11.04
18.93
10.3
9.77
9.57
8.27
18.72
15.07
16.48
18.18
16.84
10.82
13.66
11.25
9.01
14.33
13.35
14.59
12.13
11.72
9.22
13.49
17.17
12.5
13.24
9.2
17.22
12.69
12.92
12.81
13.04
10.26
16.52
15.71
12.89
11.37
13.97
15.32
11.38
9.36
10.68
10.79
16.5
12
11.52
15.14
11.3
11.71
10.03
13.38
10.6
11
11.42
10.91
10.94
8.34
8.14
12.62
13.42
14.35
13.65
14.95
17.68
10.35
16.56
12.69
12.69
11.4
10.13
13.2
18.03
12.86
14.42
13.01
10.81
16.82
11.05
9.24
10.31
9.62
16.46
11.68
10.67
11.67
13.04
8.85
8.32
13.69
9.96
13.54
13.03
10.37
15.3
8.43
14.46
13.33
11.33
10.66
8.39
13.63
8.37
10.73
9.26
11.81
17.66
12.41
9.43
11.86
8.17
9.4
9.54
12.65
10.48
10.58
11
10.26
9.37
13.4
9.97
8.66
10.73
8.36
9.64
8.09
11.07
14.43
16.59
13.36
16.27
12.61
12.41
11.87
10.73
12.8
8.38
12.4
10.59
12.38
12.72
12.15
10.91
13.63
13.57
15.07
8.85
11.21
8.24
14.57
16.58
15.14
14.14
15.99
17.36
20.75
11.55
9.34
13.4
13.15
8.47
15.49
16.07
15.55
12.44
8.2
10.43
14.2
14.52
9.44
15.51
13.1
15.21
13.56
13.61
14.71
14.96
12.92
14.36
11.38
14.32
14.37
9.55
9.18
13.35
12.65
13.78
11.86
11.84
12.83
10.26
8.33
13.52
15.26
15.81
12.12
16.37
13.87
9.69
8.25
12.13
19.2
13.23
8.78
8.33
12.07
12.91
12.1
10
11.62
13.28
14.75
12.7
8.32
20
8.24
8.35
10.4
10.54
8.64
8.72
13.03
13.36
12.03
8.65
8.63
11.33
8.74
11.65
17.72
9.11
10.13
11.16
13.19
14.09
13.88
8.26
11.58
11.14
12.1
9.49
11.19
8.29
8.08
13.19
8.07
11.89
10.36
12.93
11.04
12.48
10.43
12.06
11.89
10.12
9.26
10.6
8.25
8.28
9.16
9.76
11.82
14.57
9.9
9.5
14.99
13.74
9.32
20.3
15.73
16.19
14.47
11.9
11.23
14.5
16.42
13.76
14.49
14.6
16.75
12.73
11.7
12.57
8.35
14.51
10.82
13.54
8.4
10.05
13.86
15.37
13.92
13.52
8.46
10.02
13.74
12.12
12.23
11.07
9.44
13.08
12.51
9.18
18.97
10.64
11.98
8.14
13.54
10.98
12.26
8.71
8.45
9.94
11.32
10.62
12.18
8.34
12.54
12.76
13.89
10.05
12.29
10.83
13.2
10.21
11.64
10.95
12.61
12.16
14.62
11.95
9.79
11.24
15.6
12.06
17.48
10.32
13.78
13.02
14.56
11.43
15.82
11.24
12.46
11.18
14.16
12.42
10.5
9.77
10.12
8.39
8.26
11.18
14.14
10.65
8.46
11.45
11.21
11.9
13.57
12.45
12.36
13.72
10.96
12.36
13.56
8.46
14.91
10.23
14.86
12.13
12.05
14.5
20.31
11.2
12.89
14
13.16
12.31
10.31
12.14
12.5
9.23
13.29
17.14
13.3
8.37
13.35
10.47
14.68
14.86
16.7
17.46
12.96
8.54
9.94
10.24
13.35
9.01
16.68
11.83
8.37
11.71
8.57
14.23
14.71
11.49
9.33
15.81
12.19
10.39
14.45
13.62
14.45
8.1
8.82
8.51
11.1
8.33
10.51
16.73
14.37
8.33
10.6
10.09
14.7
14.94
13.25
13.03
14.2
11.64
10.45
10.99
11.48
11.56
9.23
9.34
12.02
8.85
14.17
10.7
8.46
11.28
10.9
15.04
13.23
8.96
9.06
16.08
12.65
15.8
14.41
12.22
20.64
13.59
12.16
13.39
12.2
13.02
11.44
16.8
8.21
15.66
11.73
10.46
11.28
13.12
8.28
8.97
10.66
19.24
12.74
11.04
16.29
8.33
15.72
12.25
8.83
16.04
9.02
12.19
10
14.67
13.19
10.26
13.21
11.79
11.49
8.99
11.64
16.63
12.28
12
16.65
18.56
8.36
8.27
10.55
8.1
13.81
8.07
14.52
12.94
9.36
8.22
12.56
11.7
13.45
19.18
9.43
12.4
13.12
10.99
9.37
10.59
9.94
8.69
8.2
11.2
9.7
13.77
12.85
19.26
9.59
10.04
17.19
10.55
8.07
9.3
8.76
8.16
11.17
12.01
10.03
11.25
13.81
10.25
18.76
9.93
13.35
13.6
12.63
14.48
9.34
10.6
9.98
14.78
13.67
9.76
10.42
17.43
13.19
13.83
11.42
12.61
8.17
8.41
12.75
12.07
12.18
12.93
11.82
12.31
11.36
13.43
13.48
12.91
13.9
10.58
13.29
14.83
13.11
10.69
11.39
9.82
16.24
12.42
11.57
12.01
13.37
9.7
12.88
9.58
9.56
14.66
17.1
11.32
10.26
10.92
15.97
8.63
11.35
9.63
10.19
13.85
12.18
11.48
11.15
8.23
11.4
14.13
11.97
8.38
14.65
10.7
15.58
17.48
13.53
11.95
12.69
13.25
15.56
9.86
11.36
17.76
14.36
15.78
8.28
8.46
8.4
10.67
10.97
17.46
8.11
8.36
13.85
10.19
8.44
13.89
9.84
15.74
10.28
11.08
13.33
16.2
9.88
10.94
8.34
8.42
11.39
13.07
8.35
16.74
12.24
12.06
10.84
11.93
9.81
17.03
9.07
14.11
10.82
13.75
17.93
8.19
11.02
17.6
9.83
13.56
14.05
12.99
13.68
10.71
14
15.05
13.52
13.94
13.08
10.31
12.68
8.41
13.65
11.18
10.4
15.3
14.83
16.75
13.41
11.44
17.96
13.78
13.81
13.23
8.78
12.24
16.81
13.79
10.2
11.27
13.06
8.48
8.76
16.82
14.24
12.22
8.35
12.38
8.44
12.77
13.75
9.13
13.5
14.03
15.52
14.04
11.92
21.22
8.37
11.86
12.06
13.49
10.32
11.56
15.34
14.39
11.44
11.16
11.8
15.5
12.14
11.65
10.66
10.86
12.83
12.4
9.24
8.66
8.04
10.21
11.81
11.7
11.55
14.21
10.27
13.35
9.29
10.71
13.03
12.68
8.49
11.44
9.22
8.27
8.6
11.42
11
8.36
8.44
13.7
13.72
10.87
10.22
13.47
12.9
11.93
16.84
10.27
11.88
8.41
10.39
10.23
13.79
8.43
11.89
9.03
11.12
10.9
13.36
10.77
9.48
9.72
9.72
8.76
10.64
8.3
12.27
16.43
13.32
13.94
13.89
8.88
11.33
9.82
10.23
12.14
14.37
8.35
9.55
10.29
10.57
10.81
13.83
10.78
10.68
15.42
10.19
13.91
10.35
14.89
11.88
14.51
11.93
13.64
9.62
10.74
14.16
12.18
11.05
9.32
10.23
10.86
8.59
8.32
16.24
11.8
10.18
13.42
16.71
12.46
8.5
11.34
13.17
12.03
10.45
11.49
16.62
17.28
8.31
16.53
16.78
14.59
15.69
10.54
8.7
16.37
13.71
13.88
11.18
11.29
8.22
9.98
12.05
14.85
11.86
12.79
9.01
15.15
14.8
9.32
13.69
12.83
14.32
9.75
16
12.5
14.45
9.53
10.62
12.04
13.52
12.99
17.75
16.47
16.1
8.41
8.26
8.47
9.56
11.43
14.18
14.12
16.64
11.27
14.47
9.42
10.48
13.94
9.94
13.32
12.68
15.19
14.35
9.21
8.46
13.37
8.41
11.27
14.08
13.15
8.52
10.5
9.13
10.1
9.3
9.86
14.45
10.85
14.91
13.81
15.82
13.52
16.56
13.47
13.56
10.28
11.43
12.99
9.68
9.79
15.04
14.49
8.47
13.4
14.04
11.43
18.63
12.85
13.19
11.09
10.66
17.57
10.29
13.67
20.67
9.92
10.12
11.97
11.27
12.77
9.24
9.4
8.17
11.94
14.2
13.41
11.69
11.74
15.2
11.68
15.46
12.48
15.4
12.5
10.94
12.62
11.78
12.62
16.74
12.38
13.28
8.2
13.98
12.64
9.29
13.67
8.38
8.19
10.65
13.73
9.7
11.92
17.26
13.51
12.47
9.17
9.59
12.63
14.42
9.05
9.72
10.8
9.37
11.33
13.65
10.15
15.28
10.35
11.25
8.75
8.43
17.23
9.44
19.33
8.34
9.09
11.24
16.83
14.58
14.57
15.41
13.56
10.96
8.93
12.2
9.74
9.27
10.67
9.01
12.34
8.48
12.66
9.45
11.9
12.93
11.87
14.9
15.86
11.26
16.54
14.03
13.17
12.34
8.36
17.86
13.48
12.57
10.28
14.41
11.25
12.99
8.32
11.97
9.96
10.71
10.98
8.68
12.57
8.41
10.36
14.81
18.09
11.89
13.68
11.17
10.39
9
8.26
10.86
11.35
12.08
14.34
8.23
9.63
10.32
14.2
18.12
14.5
12.56
12.14
8.55
13.56
13.11
10.55
12.31
14.13
12.43
17.38
10.95
9.6
14.99
9.72
10.64
13.12
10.49
12.96
13.06
12.75
10.86
8.1
10.16
8.51
14.46
10.11
10.39
11.81
8.44
14.65
10.99
13.1
14.61
13.33
8.57
13.6
14.96
11.69
11.64
8.57
11.07
15.8
11.29
15.4
10.61
8.84
9.01
12.52
9.79
10.24
9.96
13.89
10.02
9.64
12.7
14.84
8.88
12.66
14.08
9.18
13.62
10.9
15.77
11.96
10.24
12.66
11.98
12.42
11.64
8.99
8.82
9.23
13.04
8.48
9.44
8.21
13.86
11.96
11.85
17.21
12.96
11.35
8.96
8.43
13.1
9.44
17.12
10.6
15.24
10.97
12.55
12.08
8.73
14.41
9.06
8.16
11.3
11.65
17.26
16.2
13.39
13.77
12.38
11.55
11.25
11.94
13.2
11.63
15.53
11.31
16
10.56
10.81
9.53
13.64
9.41
9.22
10.85
15.37
10.79
13.04
12
8.51
10.16
9.82
10.01
11.85
13.52
9.25
16.72
11.57
12.15
8.3
10.33
8.38
12.41
11.13
10.59
13.56
9.84
13
9.74
16.14
10.8
21.24
9.51
15.65
11.08
11.25
10.23
13.45
15.04
14.74
12.05
10.49
13.05
14.86
11.97
16.81
10.61
15.41
16.43
9.33
10.3
9.54
10.42
11.73
10.24
12.41
11.04
10.02
10.29
14.98
9.12
8.73
12.79
11.64
12.8
11.38
9.13
9.17
14.23
12.12
10.34
12.95
11.26
11.89
13.66
8.19
12.71
9.16
9.21
12.22
12.59
15.19
11
11.33
8.21
10.57
11.61
13.77
12.92
9.73
11.88
14.21
8.49
9.91
10.81
9.65
11.6
16.44
8.31
8.51
13.02
11.01
9.71
14.9
11.95
9.23
13.15
8.34
9.67
13.73
13.42
8.09
10.89
9.15
10.73
14.36
10.57
10.3
9.92
9.36
8.08
14.49
12.87
8.45
13.71
9.75
9.85
12.23
12.01
10.6
13.88
15.42
10.52
15.21
8.57
11.51
11.45
16.99
11.41
13.46
14.52
14.13
8.29
12.24
12.19
12.26
13.55
11.46
10.75
11.34
10.18
10.45
9.49
13.92
9.39
12.67
8.41
10.85
9.89
9.23
13.58
12.9
19.08
9.25
8.21
16.5
13.73
10.66
16.9
9.91
11.85
20.93
19.12
8.77
10.52
10.79
15.34
13.39
11.15
12.46
8.21
10.18
11.66
9.84
12.54
14.68
13.79
14.56
9.27
8.46
12.23
13.05
13.65
12.5
14.34
12.67
8.61
13.63
11.69
16.79
13.91
13.41
12.61
14.2
10.06
12.67
13.29
10.01
15.14
12.33
11.69
14.78
19.18
13.63
8.76
10.65
10.7
13.64
12.75
15.93
14.83
8.32
11.1
9.91
13.97
13.91
17.58
11.7
10.28
8.18
8.35
11.27
15.8
8.99
13.05
13.55
18.45
13.29
13.62
10.35
14.82
9.47
10.94
9
14.58
18.56
11.5
10.09
9.9
13.73
11.58
11.73
10.73
8.41
9.58
11.2
8.62
9.27
11.14
10.56
14.91
13.68
13.46
11.99
8.23
10.78
10.82
12.26
10.5
17.44
10.11
8.12
15.32
12.16
13
12.5
12.66
12.19
10.56
14.66
12.06
17.89
8.32
12.79
11.52
8.62
14.64
13.85
17.67
11.25
10.24
12.64
13.31
12.91
13.06
8.58
14.36
11.17
16.19
12.2
14.21
14.42
15.27
14.85
11.58
9.94
11.22
15.15
11.26
12.73
11.49
8.27
10.1
10.46
13.36
16.74
13
12.6
14.6
11.99
13.18
8.15
10.17
10.62
10.89
10.88
8.1
8.14
8.22
8.42
9.25
10.63
8.11
10.95
10.4
16.89
11.79
15.39
8.12
12.97
11.28
12.35
12.57
18.05
9.18
8.99
8.09
12.81
11.71
11.03
8.57
13.08
15.58
10.95
13.49
13.87
12.2
10.16
16.15
11.26
8.35
8.51
12.31
13.47
13.75
13.77
11.39
17.06
13.66
15.45
9.3
8.62
11.65
11.72
10.45
9.48
8.78
13.61
13.77
10.71
10.38
13.04
10.84
10.76
11.06
8.01
12.02
11.24
8.82
13.28
13.56
14.04
11.93
8.2
8.97
8.43
19.45
13.94
8.29
8.22
12.51
10.14
9.97
9.61
14.12
14.79
13.23
15.97
11.47
8.46
13.18
8.43
10.75
17.33
10.72
12.48
13.81
11.64
8.14
8.84
9.29
13.66
9.2
9.19
10.54
8.33
8.28
8.29
18.9
11.57
12.37
9.12
10.86
11.99
8.86
10.39
9.49
11.9
9.97
8.55
10.29
9.79
15.99
13.78
12.85
18.12
8.52
14.96
15.08
13.31
13.54
12.65
8.65
13.31
14.9
13.42
8.61
9.3
11.43
13.34
8.35
8.56
11.53
14.99
8.27
13.88
15.09
8.44
9.49
16.35
11.78
10.35
9.24
12.2
9.24
9.08
11.36
8.19
12.53
15.18
11.74
11.55
8.35
13.32
11.59
11.04
11.09
8.45
11.78
10.38
9.18
12.66
14.93
10.5
12.62
14.56
11.43
10.86
8.48
8.42
8.28
10.72
10.65
8.97
9.31
11.91
9.95
8.27
14.68
9.99
9.16
11.78
9.14
11.33
8.93
11.99
8.47
10.24
9.97
12.26
25.45
12.62
14.53
13.41
10.9
12.2
10.8
14.56
12.81
12.43
13.18
14.31
14.02
12.69
13.76
11.83
9.59
9.95
8.19
11.2
18.61
11.44
14.86
14.65
9.2
12.99
8.65
12.78
8.03
10.73
13.04
12.32
8.17
11.33
11.57
8.55
12.57
12.92
14.89
13.85
9.6
11.51
9.56
10.7
15.66
15.47
11.1
14.42
9.42
10.19
13.91
9.53
10.95
10.79
11.12
8.4
13.93
9.53
12
11.36
8.76
15.54
11.43
13.19
16.33
13.24
12.46
12.89
13.64
10.26
10.41
15.2
10.67
10.37
9.26
13.2
12.23
8.45
12.49
12.13
14.24
11.47
9.54
16.76
12.37
15.25
15
11.33
15.62
11.47
11.33
8.02
12.83
12.43
14.43
12.42
9.02
11.86
11.52
16.02
9.51
12.47
9.06
8.87
9.67
12.07
15.27
8.15
12.99
9.81
14.2
9.09
11.87
13.49
11.6
10.08
9.55
11.47
15.15
18.57
12.47
9.42
11.6
8.71
8.27
8.49
13.22
9.23
8.38
14.31
13.87
10.56
11.43
10.51
9.6
10.59
8.17
12.09
8.26
11.51
15.37
13.16
15.34
13.05
11.31
11.71
10.42
8.17
8.4
11.54
8.14
12.54
14.54
15.33
10.38
11.25
8.56
10.29
10.69
14.46
13.87
11.8
12.41
9.97
13.43
10.72
12.91
13.58
14.38
9.76
14.53
9.26
8.09
14.3
11.65
13.24
13.26
9
10.48
11.44
13.61
14.05
8.47
14.71
19.66
11.66
11.52
21.08
10.59
12.26
10.16
11.62
10.68
12.99
10.14
14.75
12.08
14.02
8.25
10.26
9.37
11.38
9.49
12.58
8.31
14.67
9.61
17.87
10.53
11.89
12.02
8.23
10.49
11.23
9.3
9.37
13.54
8.99
8.26
11.76
10.06
10.57
11.41
11.08
9.55
14.97
10.83
9.87
13.2
8.2
13.86
10.4
10.51
10.72
14.42
12.28
12.31
10.31
8.44
12.53
12.11
10.2
10.35
10.71
10.57
12.57
16.11
11.82
9.09
14.01
17.15
9.58
8.4
14.49
8.18
13.76
18.57
12.8
13.95
12.87
10.56
10.66
10.84
8.35
13.65
12.32
13.62
9.88
12.9
11.04
13.25
9.35
12.17
13.29
8.49
12.94
12.75
11.21
12.8
9.13
10.84
11.68
10.79
9.43
13.89
10.19
8.84
12.35
8.62
16.22
10.97
15.68
13.72
9.05
12.55
12.16
8.43
15.5
9.56
13.66
12.36
15.11
8.38
11.46
10.99
10.27
10.7
11.95
15.08
11.91
8.38
12.86
10.29
16.43
16.43
10.33
15.09
11.96
10.13
11.75
15
9.65
12.23
9.16
11.06
9.93
12.71
11.18
8.27
16.56
17.41
12.92
10.52
10.01
14.52
11.39
17.73
15.36
10.06
10.82
11.53
12.5
11.82
11.85
8.67
8.44
8.18
15.07
8.48
13.01
11.17
9.16
11.04
11.7
12.58
14.96
9.98
8.3
15.79
8.2
8.41
12.07
14.7
10.2
11.92
15.37
15.7
17.87
12.28
13.67
12.66
14.43
15.26
8.18
12.77
12.66
9.4
8.33
9.92
9.87
10.34
9.7
9.34
8.33
15.6
11.26
12.04
14.51
12.17
11.21
8.35
14.95
15.84
11.37
9.23
14.6
11.21
11.09
11.03
14.77
12.19
12.06
11.17
8.5
8.46
13.54
13.36
12.55
10.84
8.46
8.06
17.48
11.34
9.59
11.48
16.85
11.72
9.75
11.51
8.22
8.34
14.08
8.3
9.08
8.12
11.38
8.61
11.12
8.26
13.11
12.41
10.34
8.23
14.47
14.69
11.83
8.49
12.58
12.19
12.24
13.31
12.69
10.75
8.49
12.32
13.77
11.2
11.5
12.12
8.31
9.52
8.46
9.45
8.42
11.37
11.32
8.8
12.28
14.15
13.94
8.44
14.99
12.8
10.87
13.41
12.69
13.25
11.14
8.21
11.3
12.04
12.29
16.08
8.62
13.5
14.59
8.53
8.71
15.85
14.6
8.26
10.08
12.86
12.91
11.06
12.97
12.66
15.69
14.31
14.76
10.91
16.47
11.78
11.98
8.26
10.18
14.75
10.25
9.52
15.75
11.29
15.17
10.11
8.25
17.71
11.03
14.47
18.03
11.14
9.51
8.08
12.57
12.99
11.2
16.56
8.49
13.26
13.34
12.3
13.37
15.35
13.8
11.56
12.38
11.95
15.26
10.11
16.54
10.5
11.26
9.87
10.26
12.27
8.83
10.99
10.27
9.88
8.25
15.83
8.54
8.39
9.63
11.01
11.42
17.09
12.88
11.37
14.73
11.71
9.43
8.15
12.99
10.54
9.25
14.06
8.6
9.99
14.73
12.56
11.02
10.74
11.91
10.49
8.46
11.14
9.28
8.07
14.25
12.63
10.14
10.67
15.74
15.17
14.81
12.41
8.55
11.72
11.22
11.14
13.19
11.81
12.96
13.91
10.06
9.14
14.77
14.26
9.86
10.54
10.9
10.32
11.76
9.79
11.54
11.67
12.98
12.68
9.98
16.36
8.24
9.54
11.95
8.38
12.81
8.22
15.98
12.28
10.67
12.35
9.91
14.73
11.65
8.44
9.23
12.31
9.27
14.27
14.99
10.6
10.85
10.71
11.33
8.79
8.66
14.06
10.14
8.59
9.28
13.1
11.78
9.11
17.45
12.74
11
14.21
8.37
11.42
8.75
15.16
13.04
16.06
16.3
13.26
10.22
9.1
11.96
13.59
11.24
12.76
12.83
11.93
10.26
14.65
11.4
11.13
15.07
11.44
9.52
15.03
13.33
10.34
15.09
9.29
10.27
13.91
11.02
12.16
8.53
15.06
10.07
14.06
14.21
14.65
15.13
9.02
10.94
9.84
9.72
8.48
17.88
11.58
8.3
9.71
10
8.96
10.42
9.81
9.8
11.89
11.69
9.13
8.22
10.17
8.66
11.43
9.31
13.34
10.91
12.5
12.4
9.34
10.95
15.67
9.26
12.08
11.46
10.66
11.14
18.12
12.68
8.59
16.84
11.93
8.39
9.36
11.63
12.6
10.98
9.95
9.33
17.83
10.29
8.39
11.18
15.94
16.32
10.96
12.3
11.53
16.84
12.31
12.13
8.28
15.04
11.75
15.54
10.77
9.32
13.56
10.77
17.28
9.63
9.83
19.12
10.56
20.04
10.87
11.07
12.28
10.19
9.86
14.03
14.03
9.3
15.9
8.37
11.21
13.16
9.52
8.31
13.78
12.99
11.96
13.28
11.48
16.77
14.65
9.29
10.82
8.36
8.23
8.22
12.22
16.57
10.08
11.96
12.93
10.87
9.75
14.18
9.02
11.53
13.04
8.17
12.77
9.92
12.95
8.25
12.37
13.64
16.85
11.4
8.28
8.92
12.42
11.43
14.21
13.96
12.43
14.89
12.31
9.69
12.41
12.09
13.6
12.91
14.44
10.28
10.69
14.09
8.58
14.45
14.69
14.92
12.82
14.71
11.62
15.29
14.21
13.22
11.38
8.95
8.5
33.39
10.08
10.11
15.29
11.4
10.72
13.23
16.92
10.26
15.43
12.51
8.55
8.58
14.39
8.22
8.58
12.57
14.84
8.5
10.89
14.76
12.35
17.13
14.76
12.8
8.17
12.82
9.22
13.75
10.13
15.02
11.4
8.32
10.26
9.9
9.73
8.14
8.45
8.85
10.89
14.54
12.71
8.66
13.75
11.43
10.7
10.6
12.92
8.11
10.69
8.47
14.89
14.81
15.94
11.5
10.7
13.99
13.43
16.37
9.43
12.36
12.14
11.51
8.37
8.63
9.44
10.71
13.14
15.56
15.12
11.88
11.69
11.12
8.37
12.19
12.74
11.12
12.62
14.11
11.05
13.31
8.94
8.48
11.76
12.54
12.53
8.1
11.39
14.25
15.9
11.66
17.46
14.61
8.12
10.74
17.74
17.39
10.65
12.09
14.28
10.37
11.08
11.35
11.52
15.91
11.54
11.99
11.86
11.72
16.88
8.21
10.26
9.6
11.5
11.19
10.71
11.68
10.59
9.6
11.84
11.46
10.37
8.29
9.81
11.08
10.98
11.38
8.34
12.99
11.39
12.35
11.37
12.54
12.49
8.8
10.94
10.63
8.16
10.91
15.2
11.57
9.79
10.8
8.99
11.39
10.39
10.63
13.01
12.48
9.96
13.39
12.73
11.47
11.12
10.38
8.24
11.85
9.32
17.53
11.01
10.3
9.1
8.56
12.57
8.76
11.99
14.25
10.15
11.33
8.33
14.03
9.45
11.9
8.74
12.08
10.56
8.21
13.5
14.63
13.01
11.14
9.96
8.27
8.72
10.58
10.17
10.71
10.33
9.32
14.63
12.32
15.7
13.46
15.88
12.21
12.63
11.29
17.36
10.34
12.42
14.43
11.76
11.28
10.22
8.79
8.66
12.64
9.04
11.09
8.43
9.38
14.37
11.54
14.54
12.54
8.55
10.13
11.94
8.32
9.05
10.37
11.15
11.93
10.53
9.23
10.78
11.94
8.16
9.64
11.55
11.91
15.85
11.61
17.17
13.48
11.43
8.38
10.69
9.81
8.19
12.88
8.29
10.64
16.08
13.15
14.67
10.59
9.18
18.09
8.24
13.92
14.67
11.72
10.21
13.42
13
12.85
8.28
9.12
12.13
8.15
13.72
8.52
12.05
12.43
13.95
15.72
16.75
15.17
8.52
10.07
10.56
14.27
8.48
8.83
13.35
14.29
8.42
9.4
8.52
9.41
14.42
15.95
9.19
12.16
8.31
13.49
14.86
8.3
8.38
11.14
12.34
12.02
17.91
13.96
8.64
13.9
16.87
8.15
12.5
10.35
10.11
12.08
8.53
18.22
10.75
15.84
13.42
8.23
8.21
19.62
12.47
10.53
16.35
11.63
8.33
12.53
10.54
8.64
13.46
8.95
11
10.14
12.18
11
9.45
12.87
12.33
13.02
13.64
15.49
11.22
10.68
20.16
11.81
14.19
13.03
10.25
8.79
8.36
9.95
12.97
8.29
13.79
13.3
10.78
9.41
8.14
9.1
10.81
12.21
12.66
8.45
9.81
12.55
15.7
12.11
11.53
11.74
16.36
9.98
10.81
11.5
14.4
15.24
13.9
10.06
14.01
10.61
12.46
8.24
8.21
12.24
11.43
13.82
11.25
13.92
11.57
9.49
10.95
11.76
8.65
11.3
16.28
15.33
12.02
11.07
14.91
13.55
12.44
10.2
8.21
13.15
9.33
10.25
11.84
13.25
11.75
9.02
11.09
12.06
13.62
11.55
13.72
10.01
8.71
12.33
9.46
10.9
8.8
16.02
8.3
15.55
14.56
9
8.69
8.81
15.6
11.75
15.36
8.35
10.67
9.47
12.33
13.7
12.45
8.32
12.71
11.71
13.29
13.69
12.72
13.3
11.7
10.13
12.11
15.93
8.35
16.61
14.5
8.98
17.3
12.36
9.47
8.78
15.4
10.61
11.59
8.37
13.49
10.2
10.75
8.4
14.08
15.55
17.07
9.59
8.44
15.97
21.49
10.86
13.09
11.48
14.53
12.11
10.4
10.63
13.84
8.16
9.18
12.66
11.01
14.16
14.78
16.48
8.22
9.37
16.24
8.2
14.67
9.88
11.18
9.57
15.79
13.01
13.81
8.42
9.91
14.77
9.88
10.34
13.29
13.31
10.34
11.19
17.16
18
9.66
12.8
10.1
8.45
12.14
11.88
15.69
9.55
9.42
11.89
12.82
11.76
9.11
8.32
11.52
10.41
10.91
9.1
11.66
10.99
12.19
9.96
11.71
9.71
10.65
13.58
13.55
13.2
8.81
16.42
9.74
12.38
9.36
9.93
10.69
10.54
12.55
10.45
9.81
14.52
10.82
8.2
11.6
9.23
8.32
8.21
11.77
10.44
11.26
8.53
14.8
10.39
10.51
8.2
12.42
11.34
13.07
12.24
9.33
11.75
9.65
8.15
10.06
12.41
10.95
13.29
8.4
8.21
8.34
11.3
9.92
11.37
13.69
10.96
10.45
12.41
10.36
11.54
15.31
10.88
8.17
8.24
9.22
8.43
11.45
10.8
10.47
14.39
13.65
11.36
11.43
14.82
9.6
14.6
10.24
12.29
9.2
12.94
8.64
15.19
8.39
9.91
11.85
12.41
8.22
8.18
11.06
12.14
10.95
8.84
17.87
17.5
13.49
8.44
10.43
13.29
8.59
9.86
9.52
13.15
15.78
8.99
8.23
9.93
11.28
11.36
19.06
11.65
9.8
14.21
11.23
14.09
10.2
10.44
10.7
9.88
9.11
9.48
12.44
8.22
9.65
12.32
13.03
13.62
15.24
11.85
13.36
12.34
11.45
12.36
8.24
8.16
12.13
15.58
8.89
12.47
13.84
11.26
10.5
8.08
11.31
11.47
11.94
14.31
8.67
12.62
14.68
8.96
9.22
8.17
12.6
10.96
9.34
11.95
11.76
10.79
8.1
13.5
17.35
11.29
13.5
13.61
8.12
45.59
9.07
13.26
10.91
13.27
14.92
8.7
9.82
9.96
8.34
12.4
8.15
15.06
9.06
14.93
19.91
8.13
13.23
8.64
12.28
10.9
8.88
10.25
11.96
13.38
8.31
13.12
19.24
13.29
15.61
14.05
19.02
13.76
13.01
12.69
9.8
15.81
12.6
11.89
11.05
14.26
14.49
11.21
13.76
8.65
11.79
12.03
13.31
8.48
9.61
9.55
13.67
12.37
9.24
14.44
10.78
12.63
13.8
14.95
11.8
9.64
10.71
9.94
8.34
11.55
14.49
8.52
9.82
13.6
11.17
11.06
8.17
10.51
8.87
10.28
11.17
12.67
11.58
9.13
15.85
13.4
13.08
8.07
8.13
8.23
11.34
13.61
10.98
14.62
16.21
10.61
10.69
10.21
11.22
15.01
15.52
12.29
11.4
8.66
12.79
9.9
9.16
14.21
12.9
10.16
8.77
12.08
11.82
10.68
11.56
11.25
10.68
8.19
12.33
11.37
9.08
11.47
10.51
12.8
8.1
13.33
8.33
13.73
12.37
13.98
14.67
12.89
11.98
10.24
17.52
15.46
9.36
12.19
8.4
15.23
16.8
11.3
10.95
14.73
12.1
10.27
14.35
13.6
9.37
12.46
11.68
11.51
10.3
8.22
10
8.29
15.97
8.53
11.26
13.15
9.37
9.39
12.8
8.47
13.23
12.92
9.26
14.04
10.62
9.98
8.97
13.74
9.58
11.9
11.36
13.94
11.54
13.62
16.73
12.67
8.4
8.1
14.31
12.54
10.04
8.22
9.57
11.11
15.13
11.14
12.6
15.31
8.66
13.76
8.93
8.81
11.14
8.83
10.06
8.33
17.38
9.86
8.27
12.96
10.98
12.3
9.25
12.7
12.07
10.24
10.41
12.22
10.95
12.87
8.22
14.98
8.72
17.49
8.46
14.69
10.97
16.4
9.81
15.04
13.8
10.04
11.04
9.3
12.23
15.59
8.72
8.59
9.31
11.67
14.39
10.76
10.88
11.87
8.24
12.82
15.01
10.74
12.87
9.66
11.92
10.81
10.41
10.25
15.19
9.33
12.34
8.39
8.27
10.23
8.37
16.56
8.83
11.04
14.63
8.4
11.53
8.97
8.2
8.14
12.77
9.71
12.06
8.23
14.43
9.44
15.13
15.82
12.77
13.41
10.58
12.25
12.17
14.8
15.05
8.48
12.39
8.79
13.26
15.85
10.01
10.54
9.38
13.25
15.92
10.99
9.59
12.3
13.54
10.01
11.62
14.15
10.41
11.39
12.6
9.31
12.75
11.29
11.51
14.03
12.69
12.28
12.1
13.95
14.52
10.2
10.09
8.44
9.84
8.21
12.81
17.89
10.65
8.19
10.21
15.7
11.63
14.41
10.99
10.87
8.37
15.19
16.14
15.34
16.98
13.81
11.71
10.89
11.29
13.9
10.34
12.88
10.9
12.78
17.43
10.8
10.45
8.2
12.48
10.64
8.52
11.27
11.59
16.14
11.14
11.14
11.76
18.26
8.4
11.81
11.4
10.14
11.41
12.99
13.52
19.08
12.81
10.59
11.34
10.77
13.34
13.51
8.12
10.02
10.99
12.55
8.18
13.91
13.65
12.04
13.93
12.6
8.4
13.99
10.74
11.51
11.84
12.31
14.44
11.82
9.49
13
11.35
9.54
16.87
9.69
17.69
9.95
13.57
11.48
9.11
9.72
10.18
9.35
11.69
8.52
9.79
8.09
13.18
9.48
13.25
11.43
11.49
10.54
8.36
8.94
19
11.46
8.6
10.33
14.83
8.83
15.5
10.06
8.35
10.6
13.68
10.32
13.86
16.81
12.07
14.27
10.91
10.19
13.12
11.07
10.27
15.11
13.27
10.19
14.07
8.91
13.37
15.63
13.86
10.6
9.43
11.59
9.35
9.44
11.72
8.33
11.44
16.94
10.98
10.44
12.41
9.22
8.15
15.67
14.36
10.54
10.9
13.83
8.39
13.35
8.59
11.39
14.04
13.79
12.7
8.1
10.2
9.21
8.13
8.15
14.24
9.72
10.82
8.14
12.22
8.17
12.29
10.59
8.2
12.47
13.03
10.58
12.06
8.18
8.99
10.86
8.12
12.68
11.71
13.01
9.96
11.25
12.23
10.55
14.95
13.5
22.25
14.2
13.23
13.37
13.97
12.83
12.32
11.26
20.01
10.44
9.87
10.48
10.67
12.88
9.64
9.87
8.9
11.87
12.43
8.85
10.11
12.71
12.74
14.83
13.37
15.94
11.12
15.15
8.13
10.72
8.73
11.18
11.63
15.93
14.38
15.98
12.93
13.82
9.02
8.15
9.35
12.42
10.38
12.14
10.5
13.85
12.15
12.24
15.61
10.53
15.01
12.22
14.94
14.01
12.16
13.05
11.61
17.28
10.81
12.45
8.72
12.08
8.25
12.78
15.73
10.05
11.15
11.03
8.28
11.52
9.74
9.07
9.39
9.82
14.45
11.62
12.46
11.78
10.83
14.01
8.42
8.55
12.49
10.54
9.81
11.17
13.2
17.58
12.29
11.3
12.86
10.66
8.54
8.29
15.1
12.8
11.19
8.43
9.71
12.93
14.13
9.05
9.56
11.74
14.07
9.47
11.72
12.77
12.36
8.57
8.52
11.58
11.38
8.83
8.21
8.48
10.2
9.25
12.9
12.68
9.76
16.86
11.2
12.15
8.46
10.34
11.7
14.57
14.66
10.99
14.63
10.23
12.16
13.65
9.57
9.09
12.49
8.21
10.89
12.8
10.06
16.81
16.41
14.07
11.54
11.21
8.58
10.82
8.3
10.4
8.27
14.95
10.89
8.33
8.72
10.97
12
10.66
11.28
8.05
14.88
12.16
12.48
13.68
11.28
8.57
12.13
13.55
15.18
8.59
18.6
9.19
11.04
12.32
9.58
11.14
10.67
8.91
16.65
10.03
9.31
12.8
8.38
12.08
10.55
12.4
11.53
11.66
13.64
13.01
15.7
11.93
8.49
11.96
8.3
8.27
10.99
13.06
14.13
10.54
12.84
8.79
9.88
14.61
15.75
8.74
13.81
13.41
14.4
11.61
10.2
12.83
14.31
9.61
15.01
9.05
10.21
10.77
9.94
15.07
9.38
12
14.34
8.52
14.63
11.56
11.91
14.58
12.01
8.43
9.77
10.11
10.99
9.37
11.51
9.95
10.23
8.54
9
10.76
11.74
10.41
17.54
9.85
8.53
13.78
8.2
9.43
11.06
11.84
13.68
8.14
13.99
9.98
9.76
15.75
18.24
9.5
8.05
12.04
10.07
11.5
12.73
8.53
9.79
8.46
12.1
11
14.3
10.04
15.99
8.11
11.88
10.47
22.63
12.41
12.69
9.5
8.18
10.39
8.41
17.14
11.82
15.52
11.52
10.36
14.89
13.49
10.16
11.22
14.19
12.05
8.83
10.91
11.55
15.57
11.25
10.84
11.24
13.84
14.43
14.06
15.75
9.1
11.9
14.99
11
10.69
8.29
11.37
8.58
10.27
8.14
14.97
8.17
15.11
17.05
9.97
16.33
9.25
10.75
8.14
10.32
14.06
8.58
9.43
14.72
17.21
10.72
14.4
13.84
15.93
13.91
14.04
8.22
10.74
12.68
13.65
13.48
8.8
9.93
8.44
9.43
9.37
8.34
11.46
10.1
14.76
8.64
14.36
12.62
13.32
11.04
14.68
16.49
10.18
10.15
13.35
10.41
14.65
8.43
8.41
11.2
8.37
10.72
12.08
14.62
12.22
11.74
16.21
11.7
14.02
10.63
13.11
14.17
13.99
13.75
18.91
13.32
9.15
9.58
11.26
13.48
11.8
16.26
11.98
8.59
14.51
16.69
13.52
9.49
13.4
12.99
13.86
11.28
13.65
15.89
8.47
14.58
8.16
13.3
12.21
10.93
10.69
14.66
10.65
14.88
14.89
8.37
11.63
13.03
14.21
15.26
14.06
10.9
8.37
8.32
13.34
14.02
8.23
14.46
19.97
18.46
18.17
13.11
9.47
11.48
11.58
8.08
9.17
9.29
10.98
8.58
8.62
8.22
10.83
13.11
18.24
12.38
8.14
9.5
11.68
12.7
8.71
8.25
14.16
13.56
14.6
12.42
12.25
12.45
11.82
12.84
12.28
12.11
15.25
12.56
17.09
11.32
10.85
8.49
10.23
12.66
15.18
10.71
13.86
12.06
10.46
11.25
12.64
9.23
8.29
9.7
9.47
8.13
11.38
8.31
8.27
10.62
15.66
14.38
9.83
10.64
8.04
8.15
10.21
9.27
10.92
14.08
8.23
13.06
9.63
10.47
9.47
8.2
17.49
11.55
15.74
12.99
11.63
11.34
11.72
11.57
12.34
16.32
10.34
11.29
8.44
13.61
13.06
8.38
16.49
13.97
9.08
10.02
8.32
8.12
13.03
15.63
11.29
11.82
10.52
11.1
16.39
13.17
10.79
10.64
17.4
8.38
11.19
13.45
9.14
8.31
9.71
14.27
10.13
12.12
10.15
13.92
11.34
10.29
9.44
8.09
13.44
12.31
11.69
12.81
10.22
9.87
10.01
12.53
10.26
8.45
10.05
12.96
8.7
10.2
13.17
8.45
8.53
10.21
11.36
13.61
14.36
9.67
13.81
9
13.56
10.45
14.66
11.34
8.14
8.31
8.33
9.15
9.35
9.65
10.32
17.62
12.38
11.87
20.1
15.03
9.41
17.75
11.99
12.87
14.67
9.75
15.2
13.87
8.21
13.05
12.54
16.1
15.48
9.75
10.13
11.51
11.11
12.47
9.79
9.15
9.24
16.7
10.72
8.23
12.96
10.47
8.77
10.79
11.85
10.86
14.2
14.24
8.57
9.67
9.46
11.47
10.71
14.29
12.81
14.78
15.14
11.65
11.92
9.06
10.55
12.4
11.66
13.64
8.82
10.21
11.66
12.56
11.71
8.23
15.77
10.92
20.12
11.36
15.29
12.34
9.83
11.91
15.5
8.36
13.04
14.17
8.55
10.52
14.54
13.73
8.32
8.29
9.92
8.47
13.75
11.77
12.84
17.5
11.29
17.1
19.3
12.63
13.56
8.24
11
13.76
9.49
10.81
10.51
10.79
9.17
8.54
12.12
13.04
8.26
9.75
13.91
11.05
9.61
14.3
11.89
14.89
12.09
8.15
12.74
11.63
12.98
10.34
12.01
10.86
14.77
13.02
14.31
12.22
13.55
10.39
10.7
16.55
12.21
12.06
9.29
8.5
9
10.19
9.08
10.12
8.27
9.89
10.13
8.92
12.62
12.41
11.5
10.92
12.74
14.12
11.01
11.73
8.38
9.29
18.53
9.74
8.91
10.5
9.74
15.98
8.77
10.62
11.67
11.41
13.69
9.91
10.64
8.02
10.21
8.22
8.97
13.36
11.53
13.05
11.82
9.1
9.73
14.6
11.22
15.53
9.36
13.32
13.38
11.82
10.33
10.72
13.16
10.64
12.81
12.58
9.58
13.37
12.41
12.41
13.39
10.81
10.54
10.37
8.23
9.57
8.36
12.42
17.93
8.63
12.61
9.72
13.58
13.64
13.43
12.19
15.08
9.61
8.72
10.63
11.63
13.37
11.39
14.58
8.54
13.62
11.24
9.16
15.67
11.67
8.51
9.25
8.17
11.46
10.25
10.69
11.99
15.83
9.82
13.15
11.25
11.21
10.61
13.43
13.08
8.59
14.46
8.4
12.74
9.21
16.7
15.4
10.65
12.76
12.51
13.88
8.3
8.25
9.37
11.97
9.22
11.85
11.99
9.63
15.46
9.44
10.02
8.32
10.07
9.1
13.96
11.4
11.87
13.93
10.87
10.34
11.06
12.02
12.54
13.51
8.48
11.16
9.25
10.8
10.56
8.46
13.89
9.24
8.1
10.86
10.46
8.34
9.88
12.07
9.54
13.36
8.28
12.64
9.19
13.21
11.43
13.85
8.4
13.5
10.88
11.15
13.04
12.14
8.38
10.65
9.61
8.76
13.96
14.88
10.89
8.73
11.19
11.14
9.64
12.43
8.2
8.39
19.63
19.14
13
12.65
13.35
10.76
8.22
9.59
9.14
12.55
8.3
16.95
11.5
12.87
9.72
8.27
15.47
8.18
14.43
8.99
11.7
11.06
10.09
15.08
11.07
8.24
8.29
8.39
10.66
11.56
8.35
12.12
10.28
16.14
8.51
13.43
10.72
8.42
8.45
14.9
17.5
9.19
9.98
10.44
13.82
14.08
8.52
12.34
12
12.89
10.01
9.12
12.86
14.23
16.69
11.34
15.18
9.75
10.03
11.59
9.78
12.38
11.07
9.71
9.72
13.56
11.65
8.18
11.51
8.19
11.61
12.8
10.87
11.29
18.93
14.98
11.86
9.1
10.2
9.69
10.87
11.45
12.81
14.96
10.03
10.78
14.86
10.49
11.19
13.47
10.42
11.26
10.45
15.86
8.52
10.86
10.3
10.82
11.21
11.45
10.81
10.05
8.11
9.29
11.16
10.22
8.36
9.45
8.9
11.09
9.55
15.03
13.27
8.51
13.76
9.42
13.81
8.66
10.73
14.51
11.47
10.33
8.45
10.92
11.79
9.45
9.95
9.39
9.49
11.34
13.82
10.42
9.93
9.87
10.01
10.5
16.06
9.07
9.14
10.4
13.07
12.26
11.14
8.55
8.06
13.61
10.09
16.19
10.13
13.56
9.78
10.81
10.92
11.99
14.2
12.26
18.11
10.96
12.88
9.85
8.75
8.08
14.62
13.81
11.07
9.6
12.65
11.65
11.34
14.26
8.33
11.59
11.21
9.94
13.39
11.12
12.57
14.87
9.74
10.68
8.96
8.07
8.64
9.44
13.77
8.4
11.83
9.75
8.86
10.03
8.3
10.37
17.34
9.13
8.06
9.97
11.33
15.8
16.3
13.37
10.46
13.41
9.92
11.82
8.11
12.1
9.84
8.35
10.1
12.5
10.19
12.53
13.12
11.35
10.87
9.62
13.2
10.75
11.72
11.09
12.25
12.61
10.51
13.42
11.5
14.65
10.26
9.61
13.33
14.83
12.53
11.34
9.13
14.87
9.4
8.39
15.81
9.84
10.84
8.77
15.39
14.8
11.41
15.08
10.81
12.85
11.99
12.49
13.59
13.77
10.16
8.13
9.15
12.56
12.47
12.56
8.34
11.88
11.98
13.2
14.4
13.9
13.67
14.76
15.02
12.72
8.45
10.57
12.31
13.61
9.83
10.43
9.33
9.69
10.34
8.85
13.65
8.32
12.03
9.13
9.05
8.15
10.17
9.7
9.49
12.51
16.31
11.85
8.33
15.3
11.76
14.84
10.67
12.93
9.01
11.24
11.8
10.16
11.41
10.73
8.59
9.76
11.46
9.38
10.03
12.07
10.98
11.38
8.63
15.35
11.57
8.92
8.83
10.88
10.86
14.58
8.3
12.11
8.43
15.59
10.23
11.06
10.21
12.96
12.59
8.67
16.7
9.64
13.21
18.07
8.55
8.7
14.34
11.77
12.09
10.56
8.33
8.51
11.97
8.29
12.89
8.51
14.91
8.99
13.86
9.08
12.18
12.13
13.78
8.58
15.44
16.15
9.73
16.65
9.49
8.39
8.51
13.79
16.08
13.02
11.93
11.5
11.52
8.66
14.01
9.99
10.65
11.39
11.68
12.18
11.63
10.05
10.37
12.49
10.5
10.12
14.73
14.52
14.2
15.53
13.3
15.16
13.08
16.95
10.89
10.09
13.07
8.32
8.14
8.21
18.39
10.99
13.41
10.16
13.82
8.38
9.87
9.7
10.51
10.69
14.45
14.8
10.51
13.06
8.63
8.91
8.5
10.43
12.37
10.22
11.54
15.37
14.35
14.08
9.92
8.52
11.62
9.04
11.65
8.15
8.45
8.23
13.07
8.98
8.36
9.53
9.82
10.2
11.68
10.91
11.16
12.19
13.36
13.91
15.8
13.11
10.61
15.18
9.95
10.65
10.06
14.41
11.31
8.11
10.36
8.35
14.08
15.68
16.35
13.29
10.79
9.49
8.32
9.87
10.41
8.7
8.28
8.2
10.56
10.57
13.38
8.78
10.53
12.73
11.48
10.04
10.84
14.76
9.67
11.41
13.06
14.95
8.22
15.72
11.32
12.58
9.65
10.72
11.56
8.96
16.68
16.35
8.5
8.66
10.03
12.85
15.52
14.44
12.14
10.77
11.54
10.86
14.36
11.47
14.17
13.04
9.59
9.81
11.24
15.31
10.26
8.37
11.84
9.29
10.93
9.13
11.25
8.49
10.71
9.8
10.23
8.58
14
10.6
12.38
14.73
8.57
13.37
13.21
14.99
14.09
14.44
11.61
8.17
8.35
9.78
11.53
11.72
13.24
14.37
14.09
13.28
10.21
8.15
8.38
10.42
10.15
10.17
8.68
10.04
9.85
11.36
10.89
8.12
11.58
15.23
9.35
15.17
10.42
13.62
11.5
12.28
11.4
15.17
18.55
15.99
11.11
11.71
8.45
11.31
8.13
10.66
9.43
9.26
11.49
12.98
11.1
10.78
8.22
8.06
11.72
9.8
13.81
13.75
10.44
10.05
12.99
9.88
13.26
9.54
10.67
10.2
8.07
10.22
10.14
11.45
11.51
8.53
8.17
12.71
9.56
10.88
9.72
8.2
12.44
9.7
12.42
12.98
15.4
9.49
8.47
11.22
13.88
10.84
8.33
12.76
11.87
10.96
12.98
9.78
11.81
11.77
11.37
8.2
12.3
8.07
8.68
10.92
9.15
11.61
14.16
14.06
9.65
8.21
14.34
8.78
14.2
12.64
9.2
15.09
12.3
8.85
8.22
14.7
8.17
9.14
14.56
14.78
11.02
9.34
9.67
10.78
11.03
8.51
14.78
15.61
15.74
8.37
10.01
11.94
14.69
9.45
11.4
15.84
19.35
9.84
17.3
15.1
8.48
11.6
14.5
13.02
8.07
12.49
8.59
11.97
15.28
10.68
9.99
11.49
9.63
9.18
14.03
11.29
9.74
10.85
10.72
10.22
9.51
13.59
8.33
13.22
10.19
11.87
11.12
12.1
8.43
8.7
8.25
8.42
13.33
11.55
10.32
8.53
9.3
8.63
16
9.05
10.89
9.3
16.77
12.63
8.99
9.85
12.92
14.44
9.27
8.27
8.69
8.63
10.82
8.18
12.18
15.44
8.59
15.67
17.74
8.47
11.78
11.66
8.52
11.52
12.83
9.23
11.85
9.63
13.84
11.86
12.53
11.68
14.57
8.3
14.9
12.08
16.9
8.26
18
18.41
15.08
18.63
10.6
8.06
9.33
11.06
9.37
11.56
13.02
10.11
8.35
8.46
9.89
8.18
10.37
14.42
8.39
8.16
12.42
11.43
15.37
13.13
16.97
12.11
9.12
11.82
13.14
11.06
13.68
11.39
13.94
9.53
14.56
9.52
8.11
10.06
8.8
8.4
8.4
10.95
11.3
8.48
17.39
14.98
11.34
12.53
10.43
10.45
11.12
17.58
9.82
10.68
13.23
13.89
14.57
8.36
12.23
9.94
14.54
12.35
10.85
13.62
11.87
9.43
12.69
9.97
13
13.27
17.1
10.69
14.97
13.93
9.94
9.01
8.3
11.75
14.38
14.19
10.41
13.66
8.29
10.36
10.21
12.79
12.24
8.59
13.62
10.17
12.76
10.77
10.68
9.1
8.39
12.39
8.38
10.05
8.05
12.2
8.66
8.08
8.3
9.3
19.82
14.36
10.01
10.09
10
9.48
10.36
13.37
13.24
8.79
8.81
12.25
13.52
10.74
12.22
10.97
12.53
10.64
11.96
12.58
11.65
11.12
11.38
15.18
8.15
8.39
11.91
8.45
11.4
13.37
16.29
14.92
13.88
11.04
12.92
16.26
8.87
8.34
13.79
8.78
12.58
10.25
14.76
12.97
12.04
12.33
10.33
8.3
13.49
11.27
10.03
8.7
9.95
8.38
9.12
10.8
17.71
12.2
13.51
9.98
10.5
9.95
17.47
9.6
12.98
14.24
12.43
13.77
12.18
16.05
10.01
8.43
10.16
23.54
11.51
13.62
14.12
13.25
9.56
9.46
10.68
13.46
8.47
16.07
16.74
12.15
11.42
12.44
9.37
12.23
8.65
12.89
17.74
9.94
8.32
15.79
11.68
12.33
8.44
12.25
11.14
15.84
11.52
16.19
12.03
12.87
11.5
10.37
12.66
14.8
10.49
8.4
11.91
10.28
14.23
11.1
9.49
8.07
8.7
8.2
9.22
9.24
12.47
9.93
12
8.29
13.12
9.41
8.36
8.41
15.85
8.18
11.6
8.33
11.1
12.42
9.97
10
9.65
13.73
9.99
11.87
8.13
14.53
8.3
12.85
9.66
8.45
10.29
12.84
15.18
10.7
13.7
12.3
18.36
9.83
12.23
8.38
8.2
8.87
9.28
14.38
9.25
12.87
8.22
8.27
13.29
12.49
10.18
16.27
8.82
8.78
11.49
13.2
8.66
9.95
10.72
8.84
11.02
10.9
12.84
10.24
9.09
8.41
8.58
8.57
12.7
11.77
11.65
14.72
11.38
10.29
9.16
10.26
15.7
9.8
11.53
10.19
10.94
13.57
12.31
8.54
9.49
9.16
13.37
8.23
19.8
13.64
8.55
12.52
8.36
12.24
8.52
8.26
11.64
15.58
11.88
12.41
9.16
10.41
10.76
8.86
13.24
13.07
10.93
9.71
10.13
12.37
9.29
13.39
9.78
9.99
8.19
8.49
8.32
9.48
8.67
10.41
11.99
16.32
8.64
9.18
9
11.57
9.19
8.32
11.23
10.08
10.67
8.95
9.85
8.02
8.1
12.72
9.99
8.63
10.15
11.32
12.92
8.56
8.84
13.93
10.54
14.77
9.32
12.52
10.9
14
15.64
14.27
9.75
10.79
14.95
10.9
11.42
16.11
12.52
12.89
15.73
10.43
8.19
12.7
12.1
10.35
8.46
12.65
10.61
18.25
15.71
11.46
15.21
12.86
15.33
9.64
11.31
13.65
10.68
9.89
13.79
14.14
11.32
11.16
12.91
11.12
11.82
10.29
9.82
14.97
8.35
10.08
8.31
8.39
12.25
14.8
10.98
11.06
8.05
12.57
8.11
16.76
14.35
15.18
15.08
9.48
12.57
10.97
10.74
12.85
12.35
8.45
9.52
9.99
15.54
12.69
13.37
15
8.3
8.29
8.21
13.7
9.25
11.57
8.34
11.48
12
10.27
13.08
9.6
15.23
11.92
12.25
8.28
14.3
12.37
11.64
11.84
13.44
11.08
9.03
10.19
11.63
11.41
13.32
13.58
13.25
14.81
8.58
9.24
13.34
8.05
11.89
8.91
8.36
9.96
9.07
8.31
10.99
8.17
11.89
8.33
13.42
11.87
9.14
13.09
8.28
11.03
9.39
12.87
11.8
11.28
12.26
8.17
8.48
8.16
10.92
11.63
11.61
11.97
8.21
11.03
12.12
11.79
9.25
8.48
13.15
10.21
8.51
11.64
12.01
11.09
11.79
11
12.4
10.54
8.18
10.96
16.2
13.17
14.15
11.32
9.53
10.99
8.21
12.28
9.11
12.75
9.46
10.05
13.51
11.87
8.96
10.05
13.04
8.22
10.65
9.44
10.71
13.9
10.67
11.2
8.85
9.38
10.85
8.16
11.21
9.49
10
8.29
12.81
17.03
13.46
11.18
17.28
8.55
10.3
8.96
10.84
15.03
11.37
15.33
14.64
13.22
13.8
12.07
10.65
10.94
12.74
11.92
8.77
9.53
12.3
22.76
11.56
10.72
10.12
9.26
12.67
10.46
8.39
12.56
15.01
10.71
15.75
8.48
9.29
11.04
11.56
8.46
12.23
10.13
26.56
12.05
10.35
15.3
11.58
10.92
11.88
9.37
13.87
8.21
11.18
8.62
12.19
10.95
13.64
15.23
16.49
10.22
8.39
9.49
8.2
13.32
14.34
8.63
14.72
8.42
10.24
12.94
11.89
9.87
12.37
8.3
9.13
9.37
10.84
10.54
11.9
10.23
12.1
9.73
13.36
8.61
8.23
8.39
9.31
10.44
11.05
10.06
12.05
10.77
8.81
8.28
8.49
8.12
8.26
10.24
13.94
18.82
8.35
11.41
10.23
14.78
10.44
9.62
15.41
8.14
15.75
16.65
13.11
13.64
8.29
8.39
9.17
8.22
15.88
18.51
14.18
16.67
9.92
16.94
13.06
15.02
11.8
15.13
8.33
15.8
8.45
12.5
12.95
12.39
12.24
10.46
8.5
11.48
9.61
8.35
8.58
8.34
8.73
11.14
10.57
15.17
8.62
12.61
15.61
8.54
12.63
12.27
11.91
8.76
8.99
11.79
10.53
10.03
8.57
14.54
10.03
14.44
15.39
16.82
10.49
10.75
9.77
16.36
12.77
10.19
11.11
8.99
11.38
12.89
10.66
10.66
11.51
24.72
11.88
8.28
8.62
8.61
11.71
12.6
8.64
10.56
8.43
8.85
10.7
10.09
12.2
8.53
14.77
13.59
8.19
9.29
9.86
16.24
8.19
11.09
11.04
10.45
11.34
16.09
13.05
9.87
10.37
8.43
8.47
8.22
9.44
14.21
10.88
10.33
13.39
9.46
9.3
12.05
12.24
9.21
10.06
15.23
9.12
8.74
10.33
14.68
11.67
11.55
8.41
9.28
8.43
8.55
12.08
11.25
8.49
12.5
10.49
14.95
8.64
8.47
8.48
8.14
14.71
12.75
10.24
8.14
8.24
11.59
9.97
9.57
8.32
8.18
10.62
9.77
8.55
12.42
11.32
13.26
10.76
8.74
13.75
8.37
14.13
12.43
14.59
12.41
12.26
9.05
13.69
10.59
12.55
11.43
14.05
10.58
10.63
10.76
15.85
15.06
8.15
10.71
13.53
9.71
11.52
10.39
8.2
11.03
8.3
10.95
11.49
9.45
13.15
10.52
11.82
8.43
17.05
8.1
8.71
10.58
11.68
13.5
8.27
14.11
12.21
12.79
16.57
8.58
8.13
12.89
10.42
11.93
9.88
9.08
11.62
17.73
12.33
14.66
10.38
13.27
10.92
12.87
11.88
12.07
8.48
13.41
8.94
11.41
14.35
8.41
8.35
8.33
8.35
8.23
13.76
11.53
10.83
10.75
10.08
11.36
13.09
7.43
7.74
11.75
10.23
9.71
9.05
10.72
7.12
8.87
7.11
10.24
13.84
14.09
8.97
7.84
7.32
9.31
7.21
9.83
7.31
7.33
7.07
10.17
9.28
7.63
13.18
8.58
9.49
14.53
11.82
8.92
7.18
7.51
8.81
14.01
8.54
13.54
8.57
9.43
9.47
11.1
7.12
9.17
12.42
10.84
15.31
9.5
8.38
8.89
8.24
11.77
13.06
8.29
10.84
9.19
7.47
7.12
8.33
9.83
11.39
7.35
8.78
10.9
14.12
7.33
13.56
12.68
7.09
8.44
7.43
15.89
9.54
10.24
14.61
9.74
9.61
10.65
11.96
15.42
13.49
11.96
12.88
14.23
8.74
8.44
10.47
7.46
7.25
10.52
8.06
10.66
7.26
7.41
7.1
9.44
10.07
7.35
8.8
9.17
7.13
10.29
11.24
9.83
7.09
10.64
14.29
7.51
7.41
10.2
12.93
12.61
7.11
9.52
9.01
11.22
7.24
7.12
8.8
7.2
8.29
10.37
8.5
10.49
9.45
11.5
7.36
9.3
8.28
9.08
9.33
10.27
8.84
7.64
11.24
9.41
9.83
7.21
7.39
7.04
8.8
9.09
7.3
12.39
10.43
10.79
7.1
11.61
7.17
11.19
8.08
7.64
8.36
8.81
7.06
10.74
8.83
8.97
8.87
9.4
9.22
7.06
7.71
7.44
14.43
12.47
9.09
8.13
9.19
10.43
12.9
11.25
11.73
7.04
13.37
14
7.66
8.42
11.86
8.13
12.04
9.77
11.02
8.31
10.78
7.16
9.3
7.1
7.23
7.18
11.57
7.06
8.7
9.52
7.26
9.69
24.92
9.49
8.75
7.31
11.11
7.4
10.37
7
10.94
7.38
11.64
10.73
9.1
13.75
9.32
8.58
10.41
9.01
7.56
10.05
9.26
11.17
9.14
15.1
10.36
7.13
14.47
7.99
10.35
7.29
7.15
9.82
9.34
11.03
7.23
9.8
12.09
10.96
8.54
8.77
8.63
11.21
11.08
12.02
10.94
7.2
7.26
12.72
15.59
11.16
7.59
13.32
8.3
9.57
7.37
17.6
7.14
13.35
7.56
11.19
9.25
16.97
7.31
8.94
7.22
9.15
11.22
14.76
7.66
7.27
15.05
8.79
7.14
12.03
12.32
10.4
11.86
10.06
10.7
9.06
10.43
11.96
15.7
9.43
13.01
7.43
7.38
10.31
9.66
11.95
10.33
7.51
7.08
7.25
7.09
10.12
7.23
12.36
7.3
9.33
9.87
12.03
8.63
12.93
11.25
10.12
7.16
10.97
12.1
8.75
7.87
7.3
10.46
10.17
9.22
10.84
7.24
12.37
7.3
7.38
9.58
7.63
7.35
14.04
7.18
7.15
7.27
7.03
7.33
7.21
10.78
7.08
7.49
7.32
7.11
7.44
10.44
9.41
7.29
8.95
11.9
7.64
10.73
12.4
8.57
9.63
7.37
13.73
10.38
7.16
11.58
7.47
8.58
10.24
7.41
9.69
8.79
12
10.27
9.89
12.07
12.88
7.06
13.81
8.32
10.77
15.3
13.39
10.4
8.24
10.07
7.14
7.27
7.37
9.7
10.43
7.25
8.97
7.19
16.23
9.99
14.39
11.39
13.11
15.95
7.2
10.48
7.06
9.14
10.39
9.89
7.36
10.77
7.23
8.92
9.13
10.98
14.46
12.65
11.22
10.58
38.59
11.62
10.13
7.16
7.31
7.35
8.61
11.52
11.47
10.87
10.48
12.25
7.51
11.09
7.57
7.14
7.4
7.55
15.33
8.02
11.48
9.51
11.29
9.37
12.59
9.41
9.92
9.37
8.11
7.3
10.87
10.61
13.66
7.49
7.71
9.8
9.46
10.9
8.56
9.48
10.04
12.76
12.74
7.84
7.1
10.78
9.31
7.38
11.99
7.04
13.74
11.69
8.74
7.06
10.94
7.19
9.9
8.59
7.81
10.86
9.18
9.06
9.27
10.63
10
10.09
7.29
10.58
10.93
12.6
9.99
15.51
10.65
7.5
9.36
7.26
11.57
8.72
10.96
7.09
8.19
8.79
9.13
7.32
7.49
7.05
8.96
9.86
8.54
10.55
13.09
8.94
8.4
8.59
10.67
9.04
7.46
10.84
8.64
7.44
8.47
7.43
7.49
11.89
12.86
8.93
9.38
8.98
14.9
7.27
11.71
9.02
11.7
10.38
11.98
8.5
9.02
10.24
8.93
7.25
14
12.5
12.29
9.96
10.53
13.27
12.56
8.96
12.11
14.51
8.64
12.16
12.25
9.47
10.37
9.85
7.18
7.02
12.75
7.12
7.03
7.58
12.35
7.62
9.5
7.68
8.97
9.42
7.1
7.53
9.09
7.59
9.54
12.15
7.04
7.1
9.01
9.7
7.19
9.17
8.54
10.8
7.11
7.26
7.32
11.51
7.06
7.07
7.87
7.05
7.52
7.22
8.8
7.24
10.94
9.54
12.37
9.21
10.84
8.55
9.17
14.51
8.91
7.23
7.12
7.33
9.05
8.54
9.23
12.64
16.48
9.82
7.22
13.92
9.38
8.92
7.67
7.54
7.15
7.76
10.06
10.68
13.95
7.56
12.03
11.48
13.96
9.1
10.93
9.77
13.31
12.88
7.47
8.55
7.31
9.5
10.72
9.14
8.98
11.03
11.11
7.51
9.69
10.77
7.26
7.28
9.77
11.34
7.12
16.61
9.25
12.58
11
11.22
11.64
7.47
9.9
7.52
7.45
7.5
9.19
12.6
7.18
9.34
13.51
7.41
7.54
7.03
10.88
11.44
9.85
8.66
12.31
7.47
8.57
7.77
11
14.27
9.28
9.54
8.77
10.43
10.13
7.61
7.15
9.75
7.57
9
9.25
7.23
13.78
9.23
7.16
7.15
9.32
7.42
10.81
12.37
7.25
7.17
7.38
8.22
11.64
8.73
9.48
7.25
11.72
8.82
10.45
7.43
11.26
7.16
7.23
8.22
10.26
7.28
7.06
9.77
11.57
8.72
7.17
8.51
9.04
7.37
7.09
7.93
14.24
8.29
7.95
7.24
9.58
12.45
8.97
10.54
7.52
13.13
7.9
8.23
12.21
7.27
12.41
7.33
8.96
9.03
7.31
10.54
7.14
10.57
11.71
7.54
7.76
7.25
14.16
11.18
8.61
7.36
12.19
7.24
9.43
9.68
10.34
7.11
7.11
8.96
7.04
7.09
15.55
7.34
11.27
7.91
15.85
7.62
10.52
10.58
9.35
7.15
7.38
7.24
16.68
12.28
9.82
9.64
7.04
9.63
10
7.07
11.99
15.16
7.17
11.68
7.35
10.23
14.3
9.59
8.47
10.04
10.56
9.52
14.61
11.26
9.16
7.04
7.31
7.08
7.15
8.79
13.34
7.46
7.68
7.21
7.07
7.21
7.13
9.98
7.3
7.01
11.06
7.21
14.23
12.78
10.82
14.01
9.25
7.31
9.7
7.14
13.55
8.73
9.05
7.5
9.64
10.02
7.12
7.21
7.13
10.44
11.79
7.19
11.7
7.25
12.52
10.13
7.42
8
9.43
11.74
10.77
9.59
10.56
9.49
7
10.58
11.52
8.84
7.3
12.58
9.68
7.13
7.23
8.77
8.34
7.62
7.4
10.22
13.07
7.18
7.29
12.55
9.57
10.34
9.95
12.45
14.89
10.17
9.89
13.76
8.68
7.22
7.24
7.25
7.19
12.37
7.1
7.44
7.11
9.68
12.54
8.41
13.66
10.7
8.36
12.99
8.66
8.67
10.14
7.13
8.91
8.83
9.32
9.13
8.82
13.02
11.92
9.53
10.25
11.4
7.21
9.07
11.16
7.24
10.99
10.37
14.55
8.48
13.03
7.11
9.22
10.9
10.74
9.11
9
7.35
7.55
9.28
14.27
13.23
7.52
8.98
9.81
8.23
11.21
10.42
12.68
12.46
13.82
12.68
9.43
12.29
11.79
7.47
11.45
10.57
7.38
12.43
12.22
10.64
8.68
8.75
7.48
12.69
13.5
11.42
7.32
8.88
8.21
7.31
9.01
11.47
7.71
7.36
12.45
11.92
13.34
7.29
7.2
7.2
9.15
8.49
7.3
8.96
7.32
7.22
7.35
8.58
9.48
9.61
11.15
10.39
11.96
8.86
17.34
7.43
8.42
12.29
7.08
7.31
7.2
12.6
9.04
7.66
7.13
8.45
7.15
7.46
8.52
9.49
8.94
7.07
8.37
8.65
8.75
7.12
9.53
8.95
10.56
10.18
9.85
9.97
8.52
11.78
8.86
10
7.11
10.28
7.45
7.37
9.33
13.4
8.82
7.25
7.24
7.57
9.05
7.26
7.31
12.85
12.28
10.8
9.53
7.36
9.68
9.81
9.92
8.64
11.38
9.34
9.03
7.24
12.94
7.32
9.43
10.4
10.07
12.17
10.4
11.79
12.9
7.06
9.28
10.91
9.59
7.59
9.44
9.37
12.33
11.4
7.3
15.8
7.2
7.29
7.72
7.15
7.49
11.41
9.25
9.18
9.21
7.74
11.05
12.55
12.61
13.58
7.11
7.62
7.28
8.63
10.44
13.74
9.02
7.59
9.53
7.28
12.51
10.08
9.86
7.08
13.32
11.74
10.99
8.76
8.73
12.81
7.22
7.25
12.23
9.19
10.11
9.94
12.87
7.02
8.68
15.13
7.05
10
7.64
7.26
10.85
12.87
8.95
8.63
13.33
9.84
11.26
9.87
11.63
7.48
7.38
7.18
11.21
7.8
9.51
9.19
13.95
7.53
11.86
10.76
10.21
7.45
12.44
17.5
11.6
10.2
12.07
12.1
8.79
11.5
15.86
10.54
10.79
11.64
12.15
11.28
10.43
12.17
12.57
8.6
11.26
7.38
10.21
13.22
9.61
13.88
13.28
9.67
10.66
15.67
10.84
7.24
10.28
12.2
7.39
9.66
10.13
12.89
10.18
8.73
14.99
7.17
8.7
7.37
10.85
9
7.62
7.3
10.93
9.06
9.37
7.61
15.16
13.55
8.6
7.4
10.64
10.55
7.35
12.28
9.27
7.17
9.1
11.52
7.01
11.74
9.57
8.72
9.9
7.18
11.59
10.88
14.67
12.69
7.06
7.38
9.91
12.86
7.74
11.38
7.9
7.24
14.2
7.78
7.19
14.6
10.68
10.35
15.45
13.31
9.84
8.07
10.06
10.27
18.17
9.73
8.52
9.54
11.38
12.8
7.5
8.63
11.5
10.21
7.04
8.66
8.93
7.11
13.32
7.36
9.5
12.41
11.54
13.19
10.27
7.05
11.5
8.94
8.89
9.17
12.83
11.17
9.19
7.42
7.56
7.4
7.43
9.65
10.18
9.17
7.25
10.76
7.25
9.22
7.55
7.62
7.49
9.31
10.14
12.65
8.86
7.29
11.72
7.33
11.11
7.34
13.35
14.95
8.71
7.04
15.04
12.45
7.39
7.22
10.32
12.69
13.09
7.25
9.44
7.09
15.66
9.33
13.3
9.42
11.5
7.33
7.21
10.45
7.11
10.63
13.66
10.02
11.78
9.42
10.45
11.59
8.32
7.17
13.77
10.33
7.27
9.31
12.3
7.01
7.24
9.39
10.37
7.29
14.07
12.35
7.35
9.08
11.6
11.02
9.18
10.18
9.35
7
8.79
11.45
9.67
8.75
12.07
7.11
11.72
11.14
9.66
10.02
7.52
12.48
10.14
7.49
10.45
12.95
12.89
7.25
9.36
7.18
11.9
7.48
11.06
9.38
9.73
7.09
10.82
7.42
14.11
7.24
13.58
10.71
7.17
7.13
9.89
7.23
9.86
14.4
9.23
7.36
7.22
10.15
10.79
10.61
7.47
11
7.23
8.77
18.12
11.09
12.63
9.91
9.36
7.28
8.58
13.26
7.52
9.49
7.23
7.6
12.36
9.26
7.8
8.26
7.18
12.66
7.34
10.27
11.46
9.13
9.15
9.23
11.39
9.34
10.69
9.99
7.3
7.16
7.35
9.11
9.39
9.81
7.2
10.3
11.53
7.18
7.56
8.83
7.05
7.21
7.11
9.8
10.07
7.58
7.05
11.04
10.53
9.37
7.23
11.49
11.84
7.44
7.08
7.18
9.68
7
7.19
13.1
7.67
7.4
7.75
13.16
7.44
7.35
14.15
7.06
8.86
10.35
10.07
8.96
8.36
9.15
12.65
10.28
11.53
10.17
10.9
13.99
10.71
8.82
10.72
11.59
8.95
8.83
7.36
7.24
9.78
9.87
9.86
7.43
7.21
9.32
9.15
9.86
8.06
8.77
8.49
9.24
10.36
7.36
7.28
15.37
10.27
11.2
11.05
8.66
10.43
10.88
7.21
7.38
10.52
9.57
7.2
7.2
9.6
18.24
11.17
9.23
16.85
12.84
9.7
7.23
7.11
7.16
9.68
9.3
10.53
7.32
8.59
8.21
15.57
11.42
10.86
10.03
7.37
7.03
11.25
9.11
13.75
14.05
10.27
9.17
12.33
9.93
10.57
9.93
7.25
7.3
7.21
7.2
8.18
7.2
7.11
12.04
11.54
10.95
13.06
8.35
11.07
7.18
12.54
12.75
10.02
8.8
12.02
10.2
7.05
8.36
13.6
16.23
7.29
8.92
7.29
11.06
7.19
7.08
9.68
7.91
9.17
7.36
10.64
10.88
7.32
7.72
7.09
10.62
9.08
9.05
7.91
7.32
7.75
9.13
8.04
11.32
9.27
7.5
14.28
11.39
7.2
15.77
11.86
9.05
7.97
11.73
9.59
10.08
9.12
11.2
8.11
8.31
13.48
7.52
11.19
9.21
10.29
10.48
9.54
7.18
11.32
14.41
7.24
12.5
7.25
8.02
11.65
9.19
11.33
8.45
8.65
12.11
10.57
12.51
11.13
12.2
7.58
7.04
11.16
7.13
7.57
9.01
9.35
13.38
8.29
13.5
7.52
8.75
9.56
9.33
7.83
10.2
9
10.21
8.76
9.24
7.04
9.93
16.85
7.12
13.13
11.81
7.52
13.87
11.15
10.79
12.02
8.47
13.36
7.25
8.75
11.71
8.98
7.42
10.01
16.46
10.81
11.58
9.39
8.91
12.74
7.34
8.53
7.18
8.38
7.45
14.66
7.15
10.13
7.34
7.27
7.1
9.41
9.87
9.99
12.87
8.45
9.25
8.87
11.11
10.53
8.72
10.16
14.33
9.47
7.39
8.33
13.09
7.4
9.16
11.5
7
8.99
10.66
12.19
7.64
9.29
7.11
9.25
16.08
9.96
7.35
11.34
7.79
7.31
10.62
7.28
10.57
8.94
7.34
7.71
10.96
12.28
9.92
10.35
9.62
12.2
7.66
7.37
7.28
7.9
9.87
7.19
11.42
8.97
7.48
7.39
7.44
14.37
8.37
8.99
7.01
7.09
12.4
8.84
7.46
9.65
7.28
7.37
11.83
7.09
11.75
8.94
10.89
12.46
9.9
10.21
9.36
16.04
13.28
7.22
11.24
7.28
13.41
9.09
7.96
10.12
14.21
7.19
13.96
9.92
9.66
7.22
8.75
7.2
8.98
12.47
10.57
11.94
12.95
7.19
9.26
7.02
13.77
13.67
7.31
7.11
7.55
8.91
10.34
16.23
11.93
15.87
12.4
7.32
10.17
11.35
8.44
15.05
11.39
14.45
10.02
7.32
8.5
8.84
9.61
9.24
11.15
9.54
9.51
10.89
7.14
7.21
12.65
12.43
7.31
12.76
7.29
10.65
7.94
10.5
9.91
10.03
10.3
11.7
10.69
9.33
7.23
12.5
10.91
11.32
11.08
11.84
11.85
11.15
7.08
11.78
9.43
14.59
7.93
7.47
8.69
10.41
8.67
9.06
9.05
9.19
7.51
7.69
9.66
9.31
10.81
7.47
12.34
10.65
10.32
11.83
10.37
7.29
7.44
9.29
7.14
9.52
7.28
12.48
9.74
7.23
7.32
7.36
8.06
7.68
10.49
15.52
12.07
9.41
14.53
9.44
10.23
8.58
9.88
9.86
12.89
10.76
10.16
11.26
7.22
10.29
8.32
10.05
11.61
7.25
7.33
12.09
9.49
7.39
7.2
7.06
10.58
7.11
9.79
7.44
8.2
7.21
9.85
7.45
9.02
12.76
8.45
7.94
10.84
9.16
8.87
11.6
12.27
9.53
9.14
10.3
9.87
7.14
8.79
8.53
7.8
7.14
11.73
9.36
8.32
7.15
13.44
11.21
11.63
10.65
10.47
11.67
13.97
9.46
9.72
7.29
10.47
11.7
10
7.16
7.19
9.42
9.67
7.17
7.41
14.34
12.73
12.66
9.21
7.53
11.8
7.34
8.2
9.36
13.85
10.37
9.73
7.92
13.08
8.98
9.11
12.36
8.57
11.32
7.65
13.78
7.34
11.02
7.34
9.78
8.25
10.51
7.23
11.88
7.59
12.01
7.17
14.23
9.38
7.26
10.03
11.11
11.56
7.63
7.3
11.58
7.38
9.96
9.37
10.19
7.26
8.06
10.96
9.34
13.33
7.28
8.52
7.24
9.78
9.03
9.15
17.5
12
12.15
7.37
8.31
7.17
12.77
7.56
7.21
10.74
7.25
7.37
10.57
10.38
7.98
7.11
7.1
10.99
7.22
7.1
11.41
9.35
10.27
8.28
9.96
7.43
7.08
10.06
8.41
8.46
13.41
9.65
7.88
8.41
9.68
7.65
13.71
12.61
10.4
9.73
7.22
7.32
7.63
11.95
7.5
23.04
7.3
9.2
11.36
9.07
7.09
11.16
7.13
10.23
7.09
10.71
11.44
9.25
7.27
8.12
7.2
7.26
8.79
10.43
7.24
10.36
7
9.77
7.27
9.52
11.89
12.96
9.96
9.84
9.51
7.08
8.75
10.78
7.29
9.43
9
10.76
13.63
9.15
12.35
12.82
7.35
8.77
9.49
11.8
7.25
11.88
9.57
7.88
12.19
11.62
7.29
7.39
9.44
7.39
10.52
7.08
7.35
9.47
10.44
9.7
9.27
10.89
10.62
9.8
14.53
7.57
9.36
8.53
12.47
7.41
10.4
9.35
8.79
8.71
8.85
10.84
12.79
8.15
9.64
9.06
14.03
12.56
9.41
11.4
12.26
9.53
7.31
7.21
13.66
11.06
12.17
9.74
8.85
9.87
9.4
7.92
7.27
7.08
10.57
13.89
7.44
7.31
7.24
7.06
7.16
11.08
7.16
11.67
11.76
10.13
11.58
9.87
9.06
12.07
10.35
7.03
7.34
9.36
7.3
7.08
13.15
8.88
12.55
7.31
7.63
9.88
7.13
9.36
7.79
13.42
7.35
12.44
9.1
11.12
12.1
10.1
7.33
9.27
7.22
11.04
13.61
11.34
8.53
7.28
13.09
14.05
7.32
7.28
7
9.05
9.35
8.1
7.07
8.36
13.58
13.24
11.6
9.43
7.45
8.55
9.86
10.77
8.06
12.56
9.79
10.91
12.67
11.14
9.62
12.23
13
10.44
8.68
13.11
14.02
10.63
12.28
9.54
10.83
8.14
9.63
9.56
10.32
12.25
14
11.5
9.24
9.44
9.47
9.89
8.71
8.17
9.08
8.91
13.85
12.35
8.17
7.75
9.88
12.35
14.41
9.52
10.37
13.32
8.32
8.73
9.23
9.36
11.66
9.45
8.26
7.18
7.32
7.27
14.08
9.14
7.43
9.81
7.03
8.95
13.5
12.91
11.41
9.34
8.9
8.56
7.28
10.5
8.94
11.82
14.28
8.89
9.79
8.9
7.12
11.01
7.08
7.56
7.11
9.46
7.96
10.76
7.35
7.41
7.64
7.29
7.31
7.49
7.29
9.86
7.71
13.15
11.61
9.88
10.4
12.54
12.65
14.13
10.77
14.24
15.27
7.73
9.72
12.03
7.58
9.56
7.29
9.59
12.68
14.85
7.2
12.45
7.24
12.06
12.76
7.22
11.3
7.14
8.8
8.94
11.21
12.28
10.07
9.61
11.05
7.36
7.18
9.42
10.69
9.57
9.17
7.45
14.72
8.97
16.41
11.94
7.08
9.06
14.64
10.1
9.14
9.16
9.91
14.33
9.65
7.43
9.83
13.82
12.79
12.35
10.82
10.15
10.21
13.75
8.65
10.22
10.44
7.27
7.24
8.96
7.19
10
7.95
8.59
11.57
9.51
7.19
8.64
7.19
11.61
13.29
9.91
7.07
7.36
7.35
11.98
9.3
15.12
9.82
7.13
7.1
10.26
12.14
12.73
10.05
9.36
7.51
7.05
8.6
8.79
7.1
7.19
7.11
9.1
7.27
7.81
9.5
11.48
12.02
9.43
8.74
7.07
8.53
7.29
9.84
13.1
12.67
9.08
9.74
7.57
7.11
9.1
9.8
13.65
14.27
7.08
9.18
12.58
11.96
9.63
10.22
10.7
7.57
11.27
10.76
7.14
10.61
7.49
7.2
11.01
9.09
8.45
7.13
10.91
11.08
7.34
9.35
7.38
9.84
7.22
9.15
14.8
14.82
7.63
12.9
8.68
9.09
10.13
9.14
11.19
11.05
6.23
9.86
8.61
7.45
6.24
6.1
6.25
8.76
6.22
6.12
8.36
8.28
6.25
8.46
6.18
8.19
6.35
7.6
10.42
6.32
7.84
7.54
6.53
6.22
6.36
8.31
8.8
6.32
12.67
6.82
6.19
6.06
6.35
8.27
6.08
6.01
7.41
6.25
6.24
6.37
8.27
6.13
6.06
8.05
6.38
6.27
8.29
10.49
7.68
8.33
6.11
6.23
10.88
6.24
8.54
6.17
8.74
6.15
6.15
6.11
7.92
6.04
6.31
11.66
6.77
12.5
27
8.05
12
7.62
8.28
6.24
9.51
12.81
6.48
6.17
6.02
6.12
6.18
7.77
6.35
6.04
9.1
6.01
6.21
6.35
7.61
6.24
10.2
12.82
10.21
11.05
9.39
6.09
10.54
6.37
7.38
8.09
9.24
14.67
6.2
8.14
6.23
9.12
7.4
6.72
6.24
9.28
6.42
6.39
7.76
8.71
6.01
6.17
6.08
6.16
6.11
7.12
9.73
7.6
6.04
6.48
8.45
9.85
9.1
6.49
6.72
9.84
9.17
5
7.39
5.01
9.14
10.46
5.48
7.06
5.76
5.1
5.14
5.15
7.93
6.94
5.29
7.71
5
5.84
5.09
5.06
9.56
6.73
5.29
5.19
6.81
7.78
5.34
9.67
5.08
5
5.08
5.1
5.23
5
5.66
9.66
5.09
5.07
5.36
5
7.99
5.44
8.25
10.8
7.32
5.1
5.02
9.45
5.01
5.15
5
5.23
9.75
8.28
5.03
5.18
7.87
5.09
5.01
5.15
8.68
6.93
5.76
7.01
5.36
5.35
5.05
5.04
8.29
8.06
5.02
6.75
7.43
5.04
5.15
5.34
5.14
5.67
5.04
5.07
5
5.06
8.84
5.08
5.15
5.01
5
5.01
5.23
5.02
9.89
5
5.01
10.01
9.54
7.07
8.21
5.04
8.34
5.15
5.04
7.32
8.11
5.09
5
9.36
5
5.04
8.75
5.04
5.03
5.1
5
7.47
8.93
5.18
7.86
5.09
5.04
9.04
5.06
9.86
5.05
5.02
5
8.58
5.04
7.32
9.98
5
5.01
5.09
5
7.2
5.41
5.07
6.2
5.3
5.08
9.25
5.11
7.67
5.03
7.58
5.14
5.68
5.36
9.71
8.56
5.87
5.04
9.63
9.15
8.64
5.25
5.06
5
5.01
5.08
5.17
5.75
5.08
5.27
7.48
8.31
5.03
6.13
5.05
7.69
9.3
5.07
5.03
5
7.86
8.58
6.98
5.18
8.94
5.06
5
5
5.01
5.06
5
5.01
5.06
9.32
7.9
8.2
5.02
5.33
5.24
5.04
7.51
10.59
7.41
5.29
9.93
5.12
9.29
8.43
5.2
5.17
5.04
6.31
5.07
5.03
8.75
8.45
5.1
5.01
5
5.01
5.48
5.49
7.71
5.12
7.49
8.12
5.04
5.14
5.03
5
9.15
5.02
5.3
5.09
5.01
5.3
5
5.56
5.17
7.54
5.05
5.12
5.12
5.93
6.43
5.1
5
5.73
5.69
5.13
7.91
5.03
5.25
5.13
5.17
5.21
5.11
5
9.2
5.11
5.04
5.08
5.04
5.09
5
5.21
5.02
5.11
5.1
5.01
5.01
5.01
5.16
9.47
5.02
5.17
5.1
7.5
10.85
5.04
5.19
5.15
8.72
5.01
8.54
7.7
5
7.18
5.01
5
5.06
5
5.94
7.94
5.03
5.01
5
6.88
5.1
7
5.04
8.22
8.42
7.16
7.87
10.1
8.21
10.97
5.03
5.07
5.73
7.7
5.08
5.01
5.07
5.03
5.06
5.08
7.42
7.94
5.02
5.01
9.32
8
5.19
5.1
7.26
5.14
5.07
5.01
7.69
5
5.03
9.14
10.39
5.15
8.84
9.02
5
8.1
7.93
5.07
8.78
7.88
8.89
5.79
5.18
5.03
5
7.62
5.17
5
6.84
5
5.04
5.5
5.14
5.04
5.02
5.58
9.14
7.77
5.04
8.78
7.97
5.04
5.21
5.14
5.03
5.02
5.13
5.74
5.27
7.21
9.43
8.15
8.88
5.05
5.01
5.17
7.81
6.37
5.03
5.32
8.39
5.01
6.32
8.82
7.63
9.87
5.03
8.56
5.03
8.75
6.41
5.03
6.26
5.42
9.1
8.23
5
5.09
7.71
5
5.03
5.16
8.47
10.38
5.15
5.17
5.2
5.1
5.19
8.07
9.41
8.16
5.03
5.02
5.07
5.11
8.32
7
7.08
8.71
5.14
5.03
8.27
5.02
5.07
5.14
5.23
5
9.22
8.63
9.31
5.58
8.67
5
8.78
7.78
5.01
8.62
10.18
8.64
5.02
5.03
5.13
5
5.05
5.15
5.01
8.96
5.25
5.02
7.76
5.3
5.1
5.28
5.31
5.09
8.29
5.08
5.01
5.48
5.02
5.19
9.55
5.2
5.06
7.86
9.75
5.02
5.01
5.11
5.02
5
8.21
6.48
8.78
5.17
5.08
8.17
5.81
5.19
8.62
8.38
5.04
8.28
5.05
5.07
5.03
5.57
5.12
5.01
7.68
5.1
5
10.33
5.03
5
8.33
5.02
7.19
5.1
5.05
5
5.05
5
7.85
5.77
7.51
8.69
8.05
5
5.1
8.82
5.17
5.01
8.34
7.68
5
5.08
9.95
7.7
5.14
7.16
8.88
5.09
7.9
5.15
5.89
5.01
5
5.07
5.06
5.06
5
6.39
5
5.22
5.05
8.07
7.23
5.08
5
5.01
5.1
5.15
5.04
9.75
5.12
5.09
5
5.05
9.13
8.44
11.18
7.4
5
5.05
10.77
5.01
7.3
5.18
8.84
7.18
9.21
5.01
7.53
5.08
5.12
5.29
5.14
5.43
8.78
5.04
5.31
5.08
10.75
5.13
5.1
5.35
5.42
9.61
5.11
5.48
5.03
5.12
5.18
7.96
5.18
5.17
5.02
5.14
5.04
5.02
8.9
5.3
8.9
5.05
5.9
5
8.01
5.23
7.29
7.59
9.42
5.02
5.08
5.75
7.97
5.02
5.03
5.08
5.15
5.12
5.15
11.38
5.04
5.03
5.31
5.12
7.51
5.17
8.83
5.08
5.08
5.12
5.05
5.1
7.42
5.34
5.4
5.06
5.07
5.04
10.75
5.19
7.93
10.2
5.09
7.35
5.04
5.12
5.71
6.7
5.22
5.1
5.01
5.04
5.3
11.16
5.03
9.93
5
8.3
5.22
5.13
5.13
5.36
5.01
7.01
8.35
5.19
5.14
5.01
5.04
7.99
9.07
5.23
5.76
8.03
5.13
5.01
5.2
5.02
5.02
5.27
8.19
5.01
7.8
8.24
9.21
5.01
5
8.46
5.06
8.78
5.11
5.06
10.68
5.01
5.46
5.1
8.04
9.74
5.03
5.01
7.72
8.9
5.05
5.37
5.02
5.16
10.57
5
9.25
7.05
5.34
5.03
5.03
9.12
5
5.46
9.6
5.17
5.2
9.98
5.07
10.34
5.59
5.14
5.03
5
8.92
5.05
8.42
7.26
7.78
9.93
6.71
5
5
5.11
5.12
6.38
5.02
5.04
7.71
5.09
7.36
7.33
5.15
5.08
5.33
5.03
5
7.26
5.12
7.25
7.25
5.01
5.21
11.46
8.25
8.16
5.02
5
5.12
5.23
5
5.02
7.13
5.04
9.16
5.01
5.42
5.23
5.02
6.33
8.15
5.03
5
5.03
5.04
7.81
5.11
5.25
5.04
5.16
5.22
5.01
5.04
5.02
7.9
5.13
8.75
5.13
7.88
5.02
5.13
5.27
8.11
5.11
5.12
5.83
5
7.21
5.1
5
5
6.78
8.04
6.38
5
6.96
6.14
5.02
5.19
5.76
9.37
5.02
5.1
5.01
5.09
9.47
5
7.67
5
5.08
5.02
5
8.51
6.73
5.02
5.14
5
5.08
5.51
5.11
5.02
10.56
5.16
5.18
5.01
5
7.46
5.05
5.11
5
8.59
5.04
5.78
9.36
5.01
5.1
5.35
5.02
5.01
7.22
7.16
5.21
5.04
5.06
9.02
5.17
9.39
5.07
5.25
7.64
5.26
5.05
5.19
5.01
5
5.12
5.8
5.04
7.14
6.92
8.6
6.78
9.23
5.24
5.11
5
5.11
6.5
8.19
5.15
5.19
7.34
5.01
5.26
6.38
5.14
5.65
8.86
5.06
5.04
5.05
5.07
5.15
5
8.92
8.45
5.2
5.25
5.05
5
6.38
5.04
10.19
10.39
10.28
5.24
5
6.32
5.22
8.06
5.19
5.11
5.1
8.3
8.2
5.22
5.02
5.27
5.91
5.09
8.42
5
5.14
5.01
5.02
9.52
6.25
9.78
8.24
5.38
5.27
7.7
5.13
9.79
5.03
7.96
5.01
5.02
7.58
5
5.09
5.04
5.01
5.02
5.05
9.05
11.4
7.69
5.36
9.81
5.14
5.17
5.02
5.21
8.99
5.01
11.44
5.34
7.74
7.39
8.61
5.29
5.12
8.13
5.11
10.03
5.17
5.13
5.16
5.05
9.25
5.03
5.14
10.35
5.38
5.04
7.82
5.01
5.07
5.26
5.15
9.02
8.9
8.37
5
5.02
5.08
5.1
8.41
5.32
8.59
5.02
5.53
8.2
5.36
5.09
5
5.27
7.19
8.27
8.56
5.27
5
7.34
5.2
6.96
5.08
5.21
5.27
5.07
5.01
8.6
5.02
8.91
5.07
9.91
5.87
5.07
7.03
5
5.14
5
5
7.18
9.29
8.1
11.19
5.4
5.13
5.67
6.05
8.8
5.04
9.22
5.02
5.18
5.45
8.91
5.27
5.03
10.09
10.17
9.14
5.18
7.41
5.09
6.9
5.14
5.06
5
5.16
6.57
5.01
9.78
5.03
6.99
5.18
5.05
7.83
5.19
5.22
7.82
9.16
9.12
5.17
5.21
5.07
5.17
5.25
5
5.08
7.12
7.92
5.04
5.04
5.3
5.12
5.11
5.16
6.79
5
8.28
8.27
5.05
8.46
5.03
5.03
5
5
5.31
5.15
5.12
5.09
5
5.11
5.38
5.01
5.08
5.01
5
9
9.22
6.1
5.11
5.01
5.01
5.01
5.06
5
5.17
5.12
5.11
5.08
5.03
5.17
5.02
9.06
11.83
5.24
8.19
5
7.4
7.78
5.01
5.21
5.01
5.13
5.07
5.07
5.36
5
5.02
5.09
5.26
5.04
5.04
5.05
5
8.02
6.93
5.06
5
5.19
5
8.4
7.91
5.25
6.02
5.06
7.05
7.57
5
9.6
5.02
7.92
7.45
7.42
5.09
8.64
5
5.01
6.16
5.08
10.47
5.17
9.23
5.68
5.08
9.29
9.38
5.08
8.47
5.01
5.05
5.01
7.42
10.35
5.27
10.18
5.81
8.01
8.95
9.36
5.05
7.99
5.56
5.2
5.03
5.14
8.69
5.32
9.61
9.82
7.95
7.04
5.02
7.75
9.33
5
5.05
8.2
5.19
5
5.05
5.19
5.48
7.9
5.01
5.25
8.65
5.08
9.21
8.86
5
5.03
9.75
5
5.16
5.21
9.41
5.08
6.06
8.82
9.57
5.12
5
5
5.16
8.89
5.12
10.04
5
5.08
10.08
5.04
5
5.01
5.55
9.59
8.95
9.45
5
9.17
5.03
5.01
5.16
8.02
5.03
5.58
5
11.94
10.26
7.79
5.01
5.15
6.48
5.01
5.01
5.13
5.15
7.86
5.12
6.02
5.12
5.07
8.48
5.02
5.07
7.17
5.79
5.11
5
5.23
5
9.61
5.13
5.12
5.05
5
7.04
5.04
5.04
5.55
5.54
5
5.01
5.19
5.21
9.58
7.91
7.63
5.11
5.25
7.22
6.25
5.06
5
5.5
5.13
7.85
6.85
5.16
5.88
5.31
8.74
8.51
5.46
8.52
8.56
6.13
10.39
5.07
5.21
13.95
6.19
7.71
5.13
8.19
5.07
5.11
5.01
8.82
5.1
5.09
5.44
5.55
5.15
5.14
5.26
5
8.42
7.63
6.75
8.04
5.14
8.55
5.49
5.14
5.11
7.27
7.54
9.34
6.8
9.49
5
5
7.34
7.33
7.89
5.04
7.66
5.07
5.06
5.06
5.13
5.16
5.03
5.13
5.67
5.09
5
5
5.11
5.01
5.01
5.08
5.01
5.14
5.06
5.05
5
9.1
5.04
5
5.22
8.83
5.01
5.02
5.05
8.9
8.44
5.15
5
9.39
6.55
6.65
5.07
5.15
7.35
5.06
5.24
5.03
5
11.09
10.22
8.87
5.07
7.22
5.1
9.99
5.06
9.14
7.9
7.99
8.21
7.52
5.99
5.03
7.27
9.37
8.97
5
6.27
5.46
5.05
5.09
5.03
6.92
5.13
6.67
8.14
5.06
5.2
5.26
5.3
5
8.6
5.04
5.22
5.07
7.22
8.85
5
5.3
7.85
5.06
5
8.72
7.14
5.12
5.02
5.05
5.01
8.65
8.83
7.87
8.34
5
5.22
7.06
5.01
5.1
7.96
5
10.93
8.44
5.1
5.12
5.09
7.68
9.03
5.2
5
5.19
8.36
5.23
7.96
5.22
5.02
5
5.07
5.13
5.09
5.13
5.13
5
5
5.06
5
6.46
5.02
8.72
5.9
5.29
5.07
5.21
5.16
5.02
12.57
5
5
7.93
5
9.12
5.03
6.65
5.59
5.04
5.03
5.17
5
7.48
5.09
5.46
8.48
5.06
5.02
5
5.04
5.08
5.12
5.2
8.72
10.56
7.38
5.02
5.01
5.02
6.09
9.3
7.87
5.06
7.28
8.46
5.27
5.24
5
7.31
5.02
6.21
5.06
5.03
5.36
5.05
10.09
5.28
5.73
7.44
5.09
5.11
7.33
5.37
5.1
5.06
8.13
5.05
5.21
8.58
5.06
5.06
5.13
9.77
8.17
5.04
5
6.34
5.04
5.04
8.63
5.22
5.17
9.38
5.18
9.48
9.06
7.51
5.03
5.74
5.38
5.01
5.09
7.36
5
5.12
5.02
7.32
5.24
5.09
5.04
8.34
5.04
5.03
5.12
5.02
5.07
5.22
9.12
8.25
5.06
5.21
9.3
8.03
5.2
7.86
5.26
5.13
9.32
7.7
5.03
5.29
7.59
5.47
5
8.15
6.57
5.02
10.02
5.42
8.65
5
9.6
5.17
5
8.53
5.16
8.94
7.63
5.53
5.08
5.16
5
5
5.07
5.01
5.07
7.99
8.18
8.57
9.02
5.04
5.02
6.79
8.84
9.47
5.04
5.01
5.38
5.01
6.78
5.02
5.43
5.06
5.02
5.81
5
7.1
5.05
8.53
9.02
5.01
5.02
7.38
9.18
5.13
11.45
5
5.23
6.76
8.75
7
9.89
5.2
5.14
5
5
7.62
7.72
8.43
5
7.48
8.13
5.01
5
8.48
9.88
5
6.02
5.02
5.55
8.69
7.62
5.04
5.02
5
10.69
5.18
5
8.43
5.09
7.45
5.21
8.8
5.35
5.01
5.1
8.02
9.36
5.22
5
5.02
5.01
9.67
5.15
5.05
5.32
8.54
8.02
8.25
5.04
5
5.23
7.36
8.84
5
5.25
10.68
10.77
6.41
5.05
8.31
5.17
5.21
10.31
5.27
5.04
6.38
5.3
5
5.13
5.08
6.95
8.98
5.8
5
5.07
5.33
5.46
9.37
9.88
7.79
5.86
5.14
5.08
8.78
10.59
8.07
6.47
5
7.13
5.15
7.61
8.54
8.66
5.24
8.11
5.06
5.01
5
8.07
5.14
5.02
5.12
5.03
5.08
8.87
5.21
5.08
8.09
9.24
8.54
8.53
5.03
5.02
5
5.34
5.9
9.19
5.82
5.06
8.03
5.02
5.05
10.22
6.91
5.2
5.03
8.77
9.83
6.62
7.81
5.15
5.06
5.11
5
5.17
5.16
5.12
5.02
5.12
5.12
5.2
6.44
7.55
5.09
5.05
5.04
9.11
5.34
5.05
6.79
7.84
5.69
5.09
5.04
9.2
5.02
5
7.68
5
5.2
5.02
5.03
5.21
5.18
9.82
5
5.06
5.18
9.3
8.78
5.08
5.04
5.04
8.46
7.77
5.03
8.23
6.01
5.39
5
5.16
9.2
7.46
5.13
8.24
5.1
5.03
5.16
5.2
9.11
7.17
5.06
5.08
8.26
5.12
11.45
9.38
5.1
8.17
5.32
5.04
5.14
5.14
5.17
5.02
5.15
8.82
5.04
5
5.04
5.05
5.09
9.79
5.29
5.07
9.54
9.8
5.14
7.03
5
6.93
5.17
6.79
7.82
5.1
6.31
5
9.05
5
5
5.33
8.46
5.13
7.72
5.03
8.09
7.26
5.08
8.82
5.38
5.2
8.88
5.11
7.57
8.84
5.08
5.25
8.38
5.28
5.19
7.57
5.39
5
10.04
8.05
5.32
5.35
8.66
9.71
8.05
7.5
5.35
8.89
5
7.73
5.24
5.27
11.01
8.38
5.18
5.06
7.59
5.02
5.04
5.35
7.09
5.24
9.31
5.04
7.99
5
7.87
5.04
5.72
5.24
7.22
5.11
5.02
5.23
5.3
6.94
5.05
9.73
9.45
5.01
8.03
5
5.3
5.2
5.05
5.09
7.55
8.35
8.44
5.05
5.07
5.03
5.11
5.32
5.08
10.66
5.01
7.73
5.04
5.18
8.28
7.15
5.01
5.05
6.58
5.16
5.03
9.74
5.14
5.25
5.01
5.14
5.02
5.12
8.64
5
6.43
7.41
5.01
5
5.07
8.32
6.42
10.02
7.53
6.99
5.02
7.98
5.77
8.62
8.27
7.91
5.04
9.13
7.34
9.27
5.17
8.36
6.17
5.03
5.08
5.09
5.06
5.05
7.18
5.14
5.08
5.44
6.24
5
5
5.14
5
5.07
5.01
5.15
5.03
5.24
5.01
8.37
5
5.16
