10876 34740
22.89
15.61
9.26
16.11
11.13
15.42
16
11.2
17.07
18.78
23.95
10.02
15.48
11.71
19.96
15.18
12.19
16.33
9.91
19.85
24.96
12.07
9.09
14.39
11.69
20.57
19.23
8.14
8.66
9.04
9.26
10.89
13.29
14.39
10.94
9.37
15.39
14.69
18.41
14.96
8.46
19.27
26.93
18.12
11.69
14.8
22.29
14.7
8.72
17.48
13.49
16.98
18.29
11.2
14.71
20.99
11.6
15.39
14.61
13.92
18.19
18.17
20.6
14.53
12.53
16.61
12.91
9.88
21.81
10.61
20.76
13
16.76
13.07
18.88
13.21
14.05
13.37
15.33
14.32
13.28
10.29
11.39
18.07
11.87
15.31
20.16
19.27
11.95
13.18
13.05
13.7
8.68
16.15
11.9
12.22
16.62
22.49
12.04
17.4
25.39
20.46
13.8
9.69
11.57
19.69
16.97
9.32
9.54
16.22
15.35
13.96
19.3
14.38
12.71
14.78
11.35
14.37
17.78
14.9
21.99
13.54
11.49
11.8
10.39
26.51
18.06
19.96
22.79
22.38
13.84
16.04
15.97
9.34
20.91
21.54
18.81
15.2
15.75
12.96
16.97
27.51
18.23
15.14
11.31
24.1
18.27
17.62
15.03
16.8
14.21
21.62
18.63
17.84
15.37
16.52
20.56
14.06
11.59
14.35
12.29
18.9
15.71
15.24
20.07
13.87
15.11
13.74
17.48
12.35
17.84
17.18
13.26
13.83
10.26
8.18
15.46
17.28
18.29
18.28
21.25
21.45
12.63
20.62
18.2
14.94
14.77
15.87
15.91
23.47
19.59
17.78
16.4
13.37
18.93
12.88
12.78
13.04
13.16
21.04
16.95
13.47
14.72
17.49
10.19
8.67
15.43
10.11
17.44
20.51
15.07
19.4
9.8
18.78
15.59
15.4
16.66
9.82
17.06
11.63
13.89
10.14
14.59
23.18
16.88
12.87
12.46
8.17
11.59
11.27
14.36
11.46
12.5
12.46
12.82
11.37
17.31
10.85
10.75
11.62
9.52
10.58
8.64
15.78
19.88
21.89
22.58
20.25
16.53
14.09
12.48
14.37
14.03
8.99
12.21
14.35
16.39
13.08
14.43
12.98
17.26
16.21
17.87
10.07
12.02
8.82
16.65
20.15
19.83
18.22
20.07
22.19
25.42
19.23
12.41
13.26
16.16
8.29
17.76
19.24
20.04
14.86
11.22
15.9
21.72
18.65
11.64
20.25
15.26
20.54
17.68
20.23
18.39
17.48
16.33
20.23
15.29
22.17
15.76
13.04
8.8
16.65
16.92
24.64
15.83
14.76
15.36
14.26
10.35
19.56
20.84
20.53
17.3
21.31
17.05
13.74
9.79
17.78
23.65
15.65
9.69
8.79
15.38
18.53
15.94
12.44
15.01
15.59
18.36
16.62
8.39
25.46
10.22
9.89
13.92
13.61
11.8
10.35
16.19
13.56
17.01
9.87
12.76
13.82
9.73
14.05
21.54
10.46
15.62
13.98
15.13
16.91
20.9
11.27
13.93
15.05
14.1
11.58
15.56
10.11
10.07
17
9.32
14.62
12.91
13.53
14.6
16
12.34
16.01
13.56
10.8
9.81
11.45
11.08
10.37
15.44
11.96
17
18.99
12.63
12.78
19.99
19.6
13.43
22.95
19.82
22.37
17.44
15.36
12.48
16.58
19.78
18.4
20.52
17.39
19.71
17.2
13.03
13.83
9.76
17.95
14.04
19.58
8.66
11.71
19.06
18.62
16.54
16.46
11.11
10.68
16.29
16.1
15.42
17
11.73
14.13
14.16
11.22
25.9
13.81
13.17
8.41
17.91
14.53
13.42
9.21
9.85
12.37
12.53
12.13
16.57
8.89
16.95
17.06
17.32
12.34
17.46
13.23
17.16
14.6
14.2
14.74
16.28
15.38
17.16
14.78
12.26
14.07
16.53
12.83
20.84
12.92
14.3
16.14
18.71
13.43
17.14
16.01
15.66
15.17
19.55
17.39
15.14
11.63
11.3
9.98
9.24
14.95
16.37
14.78
8.84
12.81
16.14
16.24
17.28
19.77
15.33
20.42
13.75
14.64
17.56
9.4
17.45
13.88
19.76
16.33
15.83
16.59
25.77
15.88
16.81
16.37
14.48
15.92
11.12
17.71
14.42
11.77
18.35
22.72
16.26
10.5
15.71
14.86
17.76
16.89
25.79
19.85
15.73
10.7
10.88
12.08
18.43
12.66
22.66
13.57
9.23
15.02
11.49
19.63
17.93
14.35
11.91
18.75
15.37
15.89
17.94
18.51
17.23
9.27
10.32
9.07
17.27
11.57
13.31
19.37
16
8.84
12.53
10.84
17.15
21.03
15.68
18.1
16.51
18.04
12.62
15.39
13.15
16.26
10.88
11.39
16.43
10.25
17.78
12.62
11.36
13.26
12.36
19.32
13.82
11.76
11.24
21.89
15.91
19.54
21.21
15.07
29.07
19.48
18.8
17.43
15.17
20.52
14.43
24.65
9.93
25.09
15.41
13.47
12.99
17.99
8.25
9.81
13.17
26.85
19.88
15.59
17.88
10.08
21.35
14.77
12.12
20.94
9.69
12.49
12.51
17.8
16.92
10.49
16.64
15.14
14.46
11.25
16.04
21.21
15.17
14.34
19.48
23.17
8.8
11.52
14.22
10.93
19.42
10.04
19.48
19.63
11.65
10.22
13.24
12.5
16.33
24.69
10.86
16.82
18.2
15.13
10.84
13.89
11.71
12.6
9.95
13.77
12.6
17.89
17.96
26.71
11.03
12.35
23.99
13.06
8.92
12.22
12.31
10.47
15.59
14.03
12.62
13.63
19.91
10.69
20.78
12.72
16.89
16.23
18.43
16.09
11.96
12.76
12.3
16.31
19.13
11.88
12.96
20.46
16.85
18.57
17.02
17.2
8.39
8.85
18.83
16.01
15.54
15.99
16.86
15.36
12.54
16.87
17.62
14.93
17.63
11.03
19.8
23.2
16.65
12.36
16.45
11.53
17.64
11.87
13.84
16.45
19.84
10.3
16.49
12.07
9.98
20.21
24.68
11.74
12.72
15.42
22.16
10.13
16.12
11.93
11.78
17.72
17.47
16.31
13.73
11.13
13.82
18.23
14.5
9.74
16.93
11.13
19.56
21.24
14.74
16.57
17.18
15.96
23.57
11.12
12.81
24.69
16.27
21.58
11.03
8.83
12.48
13.37
14.13
25.94
8.94
11.28
14.03
13.47
9.7
16.57
12.29
23.42
15.09
15.06
18.31
20.96
11.13
13.92
8.96
9.35
13.09
16.97
11
21.19
16.6
13.29
14.98
17.88
10.9
23.37
10.03
19.14
17.74
17.23
21.51
11.92
14.62
25.51
12.73
18.06
17.28
13.89
18.99
14.86
21.89
18.35
18.84
17.9
15.4
12.45
16.61
10.34
15.75
13.73
10.64
22.2
15.76
19.11
16.94
12.52
24.05
16.19
17.2
16.69
12.05
18.88
24.56
16.66
14.31
13.33
17.46
9.55
10.94
20.74
19.32
12.83
8.74
12.62
8.54
17.17
15.26
13
16.76
16.6
19.41
18.09
17.85
31.89
10.8
16.84
15.32
17.54
13.83
13.78
20.91
19.44
14.59
12.38
14.35
19.79
14.8
14.23
14.81
13.29
16
16.96
10.4
10.49
9.73
13.75
15.12
13.31
15.22
15.27
14.49
20.35
11.28
14.4
16.69
14.3
8.48
18.84
10.53
8.11
11.19
13.71
13.19
8.88
8.82
15.93
17.38
13.62
11.26
20.39
16.15
14.11
22.15
11.79
16.27
9.8
10.07
10.55
16.77
10.51
16.75
13.18
13.69
11.29
16.73
13.65
10.11
14.14
11.28
10.56
14.16
9.02
14.68
24.58
15.87
15.49
17.36
9.42
17.87
12.77
11.29
15.27
17.93
10.99
11.87
13.66
12.42
13.37
17.34
15.55
12.9
17.4
11.95
17.71
15.44
15.7
15.44
17.04
17.18
18.87
11.21
12.19
19.34
16.02
13.17
11.97
11.73
11.57
12.52
10.07
23.1
17.3
13.74
17.2
22.05
15.88
9.62
14.74
19.01
16.9
12.13
14.45
24.77
25.94
10.14
21.91
21.39
21.6
16.52
13.52
9.9
19.76
13.73
15.94
16.83
13.54
8.84
12.05
17.82
24.59
13.64
16.32
11.14
18.12
18.4
10.77
19.7
18.54
17.9
12.08
21.02
15.83
20.84
10.8
14.86
14.69
20.62
17.32
22.92
19.2
24.9
9.04
9.92
9.96
11.77
12.84
20.1
16.6
23.12
14.34
18.21
14.3
13.66
21.99
12.38
16.8
16.64
19.67
20.21
12.48
9.81
16.84
10
13.06
20.2
17.23
9.9
12.52
10.58
12.74
9.45
14.63
17.94
14.66
20.72
17.84
22.55
20.37
18.63
17.26
19.77
11.4
16.71
17.39
12.78
12.31
16.91
17.7
8.09
18.33
21.17
11.9
22.37
17.24
19
12.24
11.81
27.08
12.05
16.67
28.05
14.23
11.29
13.22
13.37
15.43
12.66
11.53
9.91
14.19
17.8
18.31
14.85
14.26
18.63
13.31
18.35
14.23
20.69
16.1
14.05
16.94
12.35
15.92
20.7
15.07
14.66
8.48
18.94
15.7
10.11
14.65
9.65
8.88
12.89
15.44
12.25
16.73
23.29
14.87
17.25
12.43
11.39
17.44
18.4
13.31
10.72
11.95
11.74
15.03
20.7
13.97
20.35
12.04
11.93
10.99
9.53
24.84
10.92
22.7
10.17
12.01
14.64
18.59
17.73
18.99
16.88
19.99
13.83
12.06
15.67
14.53
9.92
14.49
9.35
15.39
8.6
20.66
12.68
14.89
18.61
16.02
17.27
17.43
11.87
21.67
18.57
16.84
15.81
10.25
18.76
19.02
18.35
13.2
16.92
14.31
17.1
8.66
16.77
12.37
14.1
15.24
8.64
16.55
11.81
12.9
17.07
25.56
17.31
17.34
15.57
11.39
9.85
10.8
12.42
15.98
15.2
19.38
11.1
12.05
12.27
18.3
19.5
18.23
15.35
13.47
9.05
18.39
15.26
11.15
18.61
17.8
18.51
20.77
13.84
13.4
19.19
14.07
13.21
17.12
13.96
18.02
16.57
18.37
15.24
9.36
9.94
9.66
18.63
12.12
14.84
13.39
9.75
20.19
13.05
19.75
18.08
19.75
8.36
15.19
18.29
18.35
14.23
10.38
14.16
18.05
12.84
19.48
16.89
10.51
9.06
15.3
10.85
12.56
12.12
15.02
13.89
11.51
15.1
17.86
9.27
16.47
17.39
11.55
16.52
14.59
20.22
14.79
12.84
17.04
17.58
17.35
15.27
9.79
8.14
10.05
18.08
8.83
11.14
9.55
17.31
13.61
15.9
20.71
13.01
14.01
10.99
9.84
14.05
11.22
22.03
12.36
20.37
12.44
16.89
16.94
9.59
14.6
10.04
8.7
13.47
15.31
22.11
22.59
13.63
17.63
15.97
15.35
12.84
14.34
16.52
15.15
19.31
13.43
18.21
12.88
12.94
11.89
16.21
10.43
11.21
14.94
18.91
12.68
18.17
15.26
11.07
13.55
11.54
11.38
15.6
18.28
10.06
21.72
16.05
13.98
9.74
12.71
10.65
13.29
12.9
12.94
13.95
11.89
18.68
12.01
21.94
15.08
25.05
11.41
21.26
13.67
16.74
14.34
17.12
14.72
13.45
17.97
11.47
18.95
16.32
15
20.41
12.71
21.49
24.42
10.98
13.41
13.07
14.17
15.39
12.54
15.22
15.72
11.88
14.07
18.35
14.1
11.42
13.75
14.92
14.4
12.35
14.01
12.51
19.13
18.63
12.01
19.76
12.83
14.31
19.56
10.99
15.73
11.35
10.64
13.21
17.21
16.42
13.66
14.51
11.03
13.38
14.39
18.73
19.71
12.69
14.39
15.79
10.83
11.27
13.75
9.42
13.96
22.09
8.4
9.3
17.04
12.3
11.87
18.92
17.57
11.35
15.44
10.87
11.9
17.68
16.21
9.59
13.32
9.53
14.6
18.17
11.54
14.71
10.1
12.36
8.62
18.97
15.09
8.59
17.71
10.85
12.08
13.65
12.95
15.09
16.46
21.13
11.84
19.29
11.41
13.76
14.56
19.01
14.92
17.89
17.16
20.1
9.95
14.52
14.52
15.75
15.85
13.03
13.69
16.68
12.84
14.03
11.63
16.03
10.7
15.66
10.79
12.22
16.18
12.85
20.83
14.92
27.46
10.58
9.43
21.74
18.26
11.69
21.8
11.7
17.39
24.91
28.03
11.77
13.39
13.27
21.22
16.53
13.87
19.35
10.05
12.27
16.67
12.21
15.46
17.18
16.74
21.19
10.39
10.08
14.79
17.9
17.48
18.28
19.17
13.87
11.48
16.68
19.27
22.75
16.66
16.88
16.22
19.29
12.19
15.37
17.3
13.66
21.67
18.66
16.18
21.47
23.27
16.45
9.54
14.3
12.05
16.25
15.47
21.29
17.32
9.43
16.68
12.18
16.93
17.95
20.59
14.79
15.04
8.65
8.19
15.77
19.18
8.83
13.81
18.54
24.57
17.19
16.57
13.88
22.38
11.17
15.38
10.88
19.09
22.69
12.53
12.47
13.24
19.44
14.68
14.7
14.59
8.76
10.42
13.75
10.02
12.07
12.24
11.95
18.38
19.91
18.95
15.99
8.52
12.55
13.52
17.03
13.87
25.14
14.97
8.38
19.38
11.71
18.83
17.98
14.67
17.19
13.07
16.45
14.69
20.99
10.62
16.25
13.16
10.91
17.4
18.02
22.83
13.8
12.67
18.73
17.1
15.94
14.96
9
17.66
12.5
20.66
14.91
15.43
17.75
18.52
22.48
14.02
11.78
14.2
21.76
15.9
15.94
12.34
9.87
13.5
14.13
19.1
21.13
16.69
13.97
16.94
14.59
16.18
11.76
10.95
13.86
14.73
10.94
10.32
10.07
10.19
10
13.69
11.58
11.4
13.95
13.66
23.5
17.86
22.44
8.61
13.66
12.38
14.82
15.99
22.66
10.39
9.41
8.04
16.15
17.25
12.44
10.88
19.37
19.06
14.46
14.89
18.15
14.64
13.29
21.63
13.24
10.61
9.53
15.04
15.81
18.3
17.36
14.69
18.08
17.5
21.92
10.34
10.12
15.14
20.8
11.21
13.24
9.03
16.43
20.56
11.87
13.97
15.39
12.37
14.13
13.32
9.05
13.02
13.15
9.49
16.38
19.08
18.07
14.39
10.17
12.33
10.29
24.58
14.05
8.96
11.15
15.99
11.14
14.32
11.12
15.92
17.52
16.57
19.84
13.48
10.2
18.47
11.39
15.34
22.15
14.22
13.51
16.58
17.1
9.71
9
10.85
18
10.17
10.92
12.61
8.75
9.75
8.2
23.62
13.25
13.63
12.13
12.37
13.27
10.89
11.48
13.08
17.17
10.58
10.1
11.32
12.14
21.93
15.21
15.67
21.42
10.87
16.02
19.78
18.65
16.38
15.88
9.7
16.8
19.46
18.96
13.54
12.07
14.9
17.77
9.93
9.27
13.3
19.6
9.71
20.58
20.5
9.88
11.32
21.65
15.49
13.77
10.52
15.18
10.64
10.77
15.48
8.25
14.28
18.47
14.15
16.84
8.7
18.92
13.03
13.34
13.42
8.73
13.87
12.52
10.95
20.18
20.14
13.53
14.25
18.65
15.67
12.36
12.03
8.87
9.13
14.71
14.69
13.59
9.54
14.41
11.57
10.57
17.54
13.5
12.99
14.81
10.44
15.99
11.56
13.73
10.12
15.77
14.08
13.97
37.03
21.04
17.73
15.72
11.82
17.16
14.91
18.83
17.01
15.18
13.61
18.67
17.9
17.42
15.3
15.44
11.48
11.54
10.45
14.23
24.23
14.57
17.82
18.12
12.42
16.19
8.54
15.23
10.81
14.54
16.04
13.84
8.72
13.03
16.39
10.78
16.82
15.59
20.28
15.33
10.62
18.17
10.79
12.85
19.89
24.99
12.89
19.55
11.04
12.25
21.42
11.68
12.95
13.97
15.84
11.92
17.19
11.93
14.36
11.4
11.91
18.33
15.75
16.28
20.99
17.45
15.31
13.9
16.97
13.14
11.46
17.81
13.95
13.26
11.84
15.91
14.86
9.62
16.04
12.97
16.86
13.25
11.69
18.47
18.84
21
21.41
13.04
19.59
12.93
15.17
9.5
17.64
15.55
17.65
18.19
11.45
13.35
12.03
21.11
11.53
15.67
11.88
10.02
12.97
13.98
19.38
9.39
15.66
12.03
18.73
12.24
13.28
18.07
14.59
13.14
10.01
14.77
16.05
23.47
17.17
12.71
15.97
11.54
10
8.4
17.27
9.04
9.63
19.81
15.77
14.22
15.39
12.27
12.51
12.64
9.91
15.63
10.15
14.74
19.7
17.21
21.44
16
13.28
15.2
13.5
11.47
12.94
12.61
10.52
15.53
19.56
18.25
13.95
13.78
13.47
15.18
13.56
20.87
18.17
16.82
17.25
12.8
15.9
13.48
15.72
18.8
19.52
11.4
20.62
12.08
12.52
14.76
15.17
13.09
18.74
12.94
13.35
13.04
18.63
17.63
9.76
18.85
22.71
11.93
13.55
26.61
15.93
13.89
11.72
16.57
12.82
17.88
11.72
16.16
15.89
19.43
8.69
13.51
15.53
21.51
12.5
13.34
9.02
20.63
10
21.77
12.33
12.85
14.13
10.06
10.81
14.29
10.22
12.02
19.92
9.93
11.96
14.31
12.57
12.89
14.72
13.28
10.58
21.34
13.33
13.57
15.76
9.04
17.47
14.5
12.19
14.01
18.54
13.93
13.81
14.44
9.49
14.74
14.57
13.9
12.81
12.05
11.56
14.41
21.27
17.08
10.48
19.72
22.14
10.98
10.29
16.9
9.05
16.71
21.5
16.39
19.24
16.89
11.79
13.41
11.14
9.13
16.07
16.38
14.99
11.97
18.07
14.26
15.4
11.16
17.62
20.65
12.11
17.8
14.55
12.7
18.42
11.21
12.01
14.3
13.89
10.22
20.93
11.14
11.49
11.77
8.34
20.66
12.26
20.23
17.53
11.33
13.33
13.49
8.89
19.09
10.32
23.29
16.89
21.61
8.91
15.85
14.12
12.44
11.26
17.67
24.36
17.45
8.19
16.16
10.42
22.75
21.94
12.04
21.28
16.75
12.03
13.84
14.97
11.9
19.97
11.18
15.07
15.16
14.73
13.7
8.54
17.94
24.37
15.52
11.07
14.37
19.38
15.5
21.16
18.38
11.8
16.39
16.89
17.25
15.71
15.03
10.86
12.3
9.93
22.45
10.18
16.54
15.94
12.42
15.9
14.6
14.9
17
11.36
10.83
17.59
8.67
9.69
17.65
17.62
13.81
14.3
19.74
19.12
22.1
15.51
17.62
14.14
20.88
19.77
9.64
16.65
15.93
11.55
9.49
11.87
14.04
12.17
10.78
10.77
9.53
21.1
14.76
16.14
17.98
16.09
15.22
9.54
18.75
18.61
13.79
11.05
16.32
13.76
16.8
16.61
19.44
13.07
17.12
15.64
10.65
11.22
17.08
15.63
16.95
13.41
11.8
9.48
21.58
13.9
11.59
14.39
23.85
14.29
12.48
17.55
10.55
9.91
23.22
10.95
12.56
12.5
14.53
10.53
16.21
9.31
15.75
16.58
11.71
8.71
20.77
17.46
13.39
8.77
14.19
13.64
14.92
17.92
17.21
12.32
9.84
15.21
17.6
14.05
13.54
14.5
10.71
10.6
9.59
10.77
12.15
14.12
13.6
10.75
13.69
17.34
16.61
11.26
25.93
14.89
14.49
17.05
14.47
21.02
14.83
9.36
16.6
15.68
16.01
19.1
11.11
20.58
18.77
10.57
11.86
19.36
16.19
10.02
11.06
15.62
17.31
10.68
14.68
14.75
19.51
18.75
17.81
13.75
21.87
14.57
11.69
9.57
14.2
16.18
11.51
12.39
21.95
15.69
17.62
13.39
10.29
21.55
13.15
16.34
29.12
11.63
11.8
14.89
17.65
15.37
14.44
22.73
10.25
15.73
17.63
16.41
19.93
21.25
15.84
15.29
15.67
15.98
18.89
12.86
22.47
14.11
13.19
10.42
15.13
17.69
12.55
13.06
13.21
10.1
9.44
21.41
8.54
9.16
10.64
12.97
17.67
19.15
15.66
15.74
17.38
12
11.19
9.4
18.9
12.79
10.53
18.38
9
14.15
20.8
16.35
16.75
14.43
13.81
12.04
8.37
13.82
10.94
9.92
20.42
15.82
13.38
13.37
22.4
19.26
16.73
13.91
9.14
15.3
14.42
15.96
17.9
15.55
18.02
17.33
12.94
9.82
18.57
18.31
11.28
11.38
14.12
14.16
16.5
14.05
16.78
15.73
15.78
18.76
11.7
18.95
9.47
10.75
14.44
8.72
17.37
8.97
22.94
18.83
11.84
18.81
11.55
20.46
15.83
9.83
11.24
14.22
12.72
14.34
19.81
14.09
12.24
14.43
12.35
11.12
9.61
16.75
12.41
8.9
10.32
16.76
15.83
12.51
22.88
17.03
14.58
19.84
9.45
16.14
8.95
18.93
15.39
19.71
20.03
14.95
13.77
9.86
16.2
19.3
13.23
15.98
16.98
13.25
13.03
19.93
18.65
11.96
18.53
16.4
10.14
22.26
14.9
11.81
19.64
11.39
10.91
15.39
14.62
12.29
10.07
20.85
12.68
18.33
19.97
19.6
17.93
9.8
12.77
12.03
11
11.64
23.76
14.38
10.69
10.2
11.24
9.86
12.89
11.71
13.3
14.57
13.95
9.38
9.89
15.57
8.67
17.01
11.44
16.33
14.3
14.73
14.03
10.31
13.2
17.03
12.56
17.32
12.06
13.42
13.1
20.03
14.51
11.85
22.7
15.13
10.25
10.86
13
17.29
11.58
12.74
10.52
20.78
10.71
10.84
13.79
21.2
21.32
12.3
16.25
13.28
25.44
16.68
17.49
10.95
17.26
12.36
17.94
13.92
9.96
16.76
15.5
21.5
12.41
10.95
24.66
14.19
24.21
13.32
14.71
16.25
12.81
9.96
18.03
16.2
11.2
20.38
10.59
13.05
17.97
12.04
10.15
16.63
18.23
16.25
15.41
15.61
20.24
21.44
10.9
13.93
10.14
9.98
9.39
15.98
21.54
13.41
15.53
19.17
14.43
13.05
18.05
11.64
12.34
15.93
9.69
16.14
9.34
15.5
9.71
14.21
18.84
19.16
15.25
11.81
11.5
15.15
14
18.58
18.81
18.75
22.55
13.08
12.91
14.34
13.13
16.52
14.84
15.67
12.01
12.87
15.71
9.25
21.34
15.47
19.16
14.79
20.56
12.64
19.41
19.12
17
14.02
9.73
9.65
41.2
14.32
12.07
17.24
12.06
11.25
15.67
20.04
11.89
19.8
14.21
9
9.39
17.01
8.89
9.58
15.3
15.76
9.19
11.49
18
13.96
21.6
18.8
16.25
9.96
15.98
13.23
16.64
11.05
18.31
13.12
9.72
12.35
11.92
10.51
10.78
8.91
11.59
12.52
15.45
15.87
9.78
15.36
13.78
15.69
13.06
19.77
10.66
17.2
12.59
18.13
20.47
18.62
13.79
14.49
17.22
17.8
20.65
10.2
14.65
16.11
16.91
9.58
9.86
9.55
12.08
13.93
18.99
21.16
15.51
17.09
13.66
10.99
15.03
16.74
12.47
14.29
18.69
13.24
17.12
10.91
8.81
14.18
17.58
16.17
8.36
16.16
16.73
18.81
13.41
22.22
16.83
10.11
13.47
25.05
22.02
12.98
14.3
19.69
12.4
14.06
14.76
14.09
18.43
15.56
15.45
16.58
16.06
22.33
9.73
12.77
11.06
14.94
15.54
14.83
15.03
12.95
12.04
16.29
13.81
16.75
10.94
11.89
14.43
11.68
16.59
9.82
14.08
14.92
17.39
11.87
19.43
13.82
10.48
12.36
14.45
10.82
13.72
21.71
15.91
12.69
13.95
10.56
13.06
11.99
10.36
18.94
14.68
13.89
15.97
18.8
14.18
15.38
12.68
9.41
15.04
12.9
22.67
13.01
13.15
9.8
10.84
13.58
14.31
18.22
19.92
11.38
15.53
8.95
16.46
10.31
17.62
10.58
15.5
12.56
10.32
17.6
18.29
13.19
15.64
12.04
10.01
9.6
16.16
12.94
14.77
12.61
10.16
21.25
14.52
20.58
17.29
19.55
15.99
15.34
12.35
23.39
10.89
14.8
20.12
14.29
14.4
14.42
10.91
8.81
16.15
9.01
15
9.56
12.53
15.56
16.69
17.69
16.97
10.05
13.16
15.83
10.85
10.73
13.99
14.33
15.14
14.93
9.8
11.8
12.16
8.74
10.4
12.33
14.72
23.86
14.17
21.63
20.34
12.32
10.43
12.56
12.91
9.54
16.77
10.43
14.36
21.87
17.48
19.11
13.62
10.29
22.6
9.4
22
17.5
16.63
13.36
16.06
15.97
12.95
11.15
11.21
16.42
8.95
17.01
9.82
14.09
17.22
18.18
20.72
19.8
21.07
11.08
13.12
11.65
14.42
8.23
11.74
15.48
17.69
11.47
10.43
9.23
10.84
20.55
21.81
10.61
15.58
12.24
15.83
15.93
9.33
10.42
15.2
14.46
14.81
22.44
16.06
9.17
18.23
21.46
9.03
14.56
13.02
14.16
15.84
10.55
27.77
12.39
18.93
17.71
9.28
9.47
22.35
13.7
14.52
19.63
13.63
10.14
16.38
12.07
9.3
16.23
9.59
13.7
12.84
14.99
13.76
12.1
14.84
16.95
17.87
20.32
24.52
12.36
13.28
22.61
14.3
17.3
15.04
12.7
9.8
9.91
10.36
13.67
9.33
17.84
16.28
12.67
11.76
9.81
11.92
14.08
16.56
18.72
9.15
12
16.22
18.8
14.05
13.81
14.81
24.1
10.31
11.17
16.16
19.64
20.82
20.11
11.56
16.83
10.74
17.25
10.66
9.32
14.84
10.46
17.25
13.37
20.11
16.07
12.25
13.2
14.25
10.84
15.17
20.79
17.8
16.13
14.49
19.08
16.75
16.15
11.59
8.43
15.42
12.71
11.49
18.61
17.24
14.53
10.23
13.79
17.07
18
12.27
15.8
13.12
9.76
16.47
10.86
13.01
8.31
21.54
9.16
18.92
21.23
13.01
9.79
9.19
21.06
14.97
17.64
10.11
13.15
10.71
16.98
19.11
15.27
9.58
16.23
12.07
15.98
17.13
15.87
18.1
16.37
15
17.27
24.35
9.99
21.78
19.56
10.58
20.94
16.42
11.39
10.85
18.01
10.9
15.8
12.16
18.55
10.79
11.86
9.35
19.57
20.52
21.59
13.06
8.18
17.24
30.9
13.78
15.33
13.8
20.07
15.07
12.11
15.04
16
8.19
9.46
16.16
13.73
19.67
23.23
20.54
8.85
11.47
20.65
8.81
19.14
14
14.82
11.86
17.24
15.86
16.79
10.73
12.72
19.69
11.65
12.3
16.73
19.06
15.46
15.94
25.26
22.64
10.81
16.13
11.49
8.76
17.43
15.02
20.83
11.41
11.68
16.57
17.98
15.15
11.68
8.83
13.71
14.15
14.45
9.97
14.64
14.66
17.71
12.1
15.77
13.58
13.55
19.51
14.7
15.91
10.75
21.09
11.7
13.79
12.9
10.99
13.42
15.4
15.23
12.22
14.77
18.88
13.33
9.98
13.58
11.06
8.94
8.91
15.44
12.48
14.5
9.08
20.49
11.36
11.08
11.33
17.19
12.67
15.13
14.85
10.46
16.69
12.65
9.58
9.82
14.18
14.28
18.48
8.63
10.49
9.4
14.76
10.9
13.29
15.62
13.11
13.42
13.04
13.36
14.86
20.18
17.03
8.13
10.44
9.82
9.98
11.96
19.36
16.16
15.11
17.11
15.04
15.03
18.71
12.65
17.43
13.05
14.86
10.57
16.07
11.5
16.15
10.06
10.41
16.57
14.71
11.23
10
14.23
14.35
16.95
9.85
23.61
24.43
17.27
9.45
12.86
18.17
10.96
10.94
11.63
19.25
19.57
9.44
10.04
11.97
15.17
14.27
23.52
14.45
11.68
15.13
12.25
19.7
10.6
12
15.49
13.11
12.74
9.96
14.16
10.11
12.67
15.19
15.57
14.27
20.16
13.06
16.56
14.15
16.8
16.78
9.53
9.5
13.47
20.33
10.39
16.12
19.91
16.08
15.32
9.38
13.26
14.39
14.48
19.66
10.45
17.18
18.38
11.76
10.03
12.58
12.87
15.12
11.48
14.86
14.96
13.54
12.29
19.59
23.24
13.87
17.72
16.58
9.81
66.85
11.9
14.86
13.31
20.85
18.89
11.09
10.67
11.77
10.47
16.41
8.9
21.59
11.12
20.39
25.32
10.9
17.43
12.04
15.64
11.79
12.9
13.1
13.24
17.65
8.81
17.05
21.12
18.21
18.82
18.86
30.3
21.82
18.29
16.21
13.84
19.47
20.43
14.79
14.51
17.5
18.55
14.72
19.49
8.93
14.53
14.39
20.32
10.77
13.64
9.79
15.73
12.83
10.61
19.7
11.99
12.61
18.31
17.36
13.24
11.41
11.81
12.31
9.58
14.04
17.12
8.63
11.84
15.38
15.08
14.11
9.93
12.25
9.82
11.75
16.16
17.03
14.09
11.16
19.9
18.26
14.65
10.14
10.36
8.96
12.8
16.98
16.05
18.61
20.97
13.11
11.76
13.52
13.67
17.58
22.12
15.25
12.84
11.67
16.27
14.63
12.67
19.15
15.3
13.32
10.55
17.21
15.94
12.26
12.28
13.25
15.14
9.83
12.97
16.09
12.45
14.59
13.32
15.49
10.43
16.38
8.86
20.96
16.03
17.7
18.21
16.57
15.47
13.01
23.04
18.03
11.61
14.3
11.4
20.24
16.68
13.4
13.43
21.55
17.14
12.29
22.41
18.48
11.67
13.17
15.01
14.14
11.55
8.56
10.76
9.71
18.83
10.77
12.2
16.13
12.45
13.45
15.84
10.93
17.44
15.43
10.95
17.75
14.91
10.65
10.97
14.65
12.43
14
16.64
15.08
12.8
17.44
19.97
15.3
10.25
9.95
18.65
17.33
12.85
9.37
12.1
12.26
16.82
14.14
15.48
21.21
10.6
18
10.82
11.23
13.26
10.16
13.23
8.85
23.47
11.85
8.95
14.5
13.71
17.13
11.9
17.83
15.33
13.88
12.89
16.24
13.35
14.49
11.93
17.23
10.92
19.92
10.25
16.12
13.86
23.48
11.88
18.06
17.99
10.91
13.84
13.57
17.41
21.32
9.78
8.83
10.69
14.89
17.64
13.47
12.1
14.43
9.12
15.29
18.61
11.3
15.87
11.95
15.72
14.12
13.72
13.4
19.83
13.35
14.11
8.92
9.96
11.84
9.94
19.8
11.14
17.44
18.28
11.24
16.04
10.88
8.27
9.38
16.43
11.12
16.23
8.9
17.89
15.92
17.67
22.43
17.31
16.28
13.86
13.51
13.81
18.52
19
8.86
15.75
10.36
15.65
17.31
13.78
13.12
12.45
17.8
20.97
15.83
12.56
14.85
15.71
12.04
16.18
22.36
15.3
16.12
15.68
10.21
19.59
12.62
14.52
17.52
15.58
15.42
19.04
15.81
20.51
10.89
13.5
10.21
11.96
9.94
17.1
24.6
13.95
8.83
12.67
18.92
12.7
19.46
14.12
15.66
8.43
17.41
20.79
19.45
23.12
18.35
15.12
14.18
15.61
16.86
12.12
19.36
14.91
18.29
20.41
13.13
13.03
9.47
15.7
13.24
9.44
12.76
14.82
22.22
10.82
13.6
14.72
26.81
11.06
14.65
13.33
13.09
13.14
15.78
17.24
23.93
17.58
11.4
12.41
14.52
14.76
14.6
9.03
13.71
13.53
18.54
8.5
18.41
16.05
15.27
17.53
15.81
9.78
18.76
13.24
13.07
14.15
15.28
18.6
13.93
10.16
15.79
14.13
9.61
21.05
12.44
20.09
10.87
19
14.02
12.52
13.07
10.5
12.52
14.53
8.83
10.61
8.69
16.25
11.6
18.09
14.83
12.32
12.29
8.77
10.58
24.8
12.28
9.8
11.48
16.63
9.08
20.75
11.49
8.88
11.11
14.59
12.92
17.68
25.19
14.2
20.55
14.86
11.33
15.95
11.68
13.61
16.74
17.14
14.53
15.86
12.4
17.24
20.9
16.96
13.62
10.54
12.28
10.65
14.33
13.82
8.74
13.89
22.55
14.66
11.49
16.17
10.58
9.01
18.81
19.13
13.19
14.3
17.99
9.45
18.2
8.95
13.84
19.09
15.04
16.86
9.94
13.33
10.93
8.77
10.26
21.66
12.31
12.88
8.2
13.94
14
15.51
13.02
9.02
16.87
17.92
13.6
14.9
10.49
11.75
11.13
8.97
15.91
14.35
15.51
12.39
14.21
15.31
12.06
16.83
18.56
31.68
15.19
17.3
16.19
15.79
16.53
14.82
14.21
30.22
10.67
11.26
14.07
11.95
17.3
11.71
13.1
10.75
14.71
15.36
10.56
13.88
15.1
15.32
19.05
17.3
16.83
15.1
19.64
10.98
15.55
11.05
15.21
16.48
21.03
18.61
21.56
15.74
19.16
11.71
9.17
10.27
17.74
11.92
17.09
12.3
19.25
15.31
14.12
20.6
13.3
20.33
17.06
23.68
17.37
13.04
17.11
16.54
25.47
15.22
18.23
9.45
18.02
9.63
16.07
20.91
11.31
14.27
12.52
8.7
13.21
13.57
11.68
10.42
13.15
17.14
13.41
17.94
13.85
11.91
20.43
11.61
8.92
18.57
11.37
16.57
15.39
15.77
26.61
14.88
14.42
17.33
12.19
9.51
10.83
17.06
15.25
12.86
9.95
11.48
13.17
16.24
9.32
14.3
16.12
20.31
11
14.05
16.13
14.88
14.1
9.57
13.97
11.99
10.72
12.28
10.05
12.97
13.41
13.92
17.82
12.49
25.74
17.67
16.57
9.56
13.85
12.85
15.39
18.64
13.02
20
12.4
14.92
17.36
11.33
9.82
14.21
9.98
13.55
16.09
10.46
20.72
17.82
17.34
12.93
14.42
8.32
14.02
10.37
13.35
12.13
19.77
13.39
9.59
9.57
13.47
16.07
14.64
16.81
9.95
16.54
16.82
14.85
14.06
14.75
9.69
13.12
21.01
18.44
8.6
26.07
10.22
14.44
14.85
11.71
11.27
14.73
11.24
21.92
13.16
14.28
14.8
10.64
13.48
17.4
15.07
15.7
16
15.89
19.19
18.49
13.86
10.3
17.02
9.74
9.92
14.77
12.85
18.23
11.28
17.07
11.03
13.39
17.68
20.58
11.81
16.99
15.62
19.73
13.59
11.2
15.85
17.01
11.33
19.5
9.79
14.33
15.03
13.91
19.26
9.77
19.44
18.5
8.22
17.6
15.03
16.99
22.79
13.51
9.23
13.89
14.21
12.89
9.82
13.53
12.63
12.86
10.13
9.89
13.89
16.81
11.27
18.59
12.63
8.61
17.36
10.31
10.18
17.82
14.41
16.64
8.44
19.05
10.3
12.27
21.18
20.03
9.92
10.68
13.48
12.87
11.71
14.37
9.02
11.12
12.37
15.18
12.99
18.52
12.26
24.32
9.78
13.15
12.63
29.06
18.53
16.43
10.66
8.71
11.25
8.92
21.62
14.96
21.24
14.92
15.63
16.58
17.51
13.76
15.8
19.01
15.56
9.21
13.1
13.66
20.17
13.6
13.94
13.64
15.87
18.22
19.2
23.08
10.81
14.74
19.3
16.48
12.05
11.38
14.85
8.86
14.3
9.22
18.6
8.78
17.3
21.49
13.55
21.23
12.13
15.69
9.25
11.65
14.91
9.62
11.82
16.57
22.3
15.72
18.76
18.13
17.62
20.16
19.42
8.94
13.24
17.43
17.3
17.87
11.12
9.91
10.45
13.21
10.76
9.23
15.38
12.02
17.59
9.61
20.41
16.32
15.64
12.58
18.67
17.2
12.03
14.34
16.24
12.21
17.49
10.99
8.19
15.26
9.17
14.46
16.36
19.15
17.27
13.62
21.37
12.23
17.99
15.15
15.42
17.55
14.99
16.4
26.71
19.37
12.07
10.74
15.23
16.03
16.14
18.31
14.9
9.89
18.45
23.5
17.43
11.19
18.42
16.55
17.66
14.59
13.74
19.28
9.98
18.14
10.21
17.05
19.3
15.86
13.06
15.92
12.15
18.59
18.95
8.23
13.58
17.65
16.39
20.01
17.1
14.61
9.27
8.19
17.98
19.5
11.37
18.15
29.97
20.96
21.6
17.87
14.19
19.7
14.29
12.85
10.24
9.66
14.93
9.38
8.73
9.58
15.65
16.03
19.52
13.51
8.72
10.24
15.13
15.07
12.46
8.84
17.11
16.23
19.12
14.12
14.46
14.66
14.65
15.58
16.45
19.21
19.28
18.04
20.5
13.72
15.22
9.74
12.68
14.22
20.53
11.78
22.51
15.93
13.56
14
19.84
10.52
9.68
12.62
11.83
11.24
13.79
10.2
9.93
10.65
18.71
18.35
11.66
12.99
12.17
9.21
13.51
11.61
13.68
18.85
10.44
15.04
12.53
11.38
11.69
8.63
24.82
15.7
20.94
15.48
15.54
15.4
15.04
12.67
15.16
21.49
11.35
13.34
9.27
16.74
15.74
9.1
22.35
17.75
10.96
11.08
11.23
10.9
14.43
18.22
15.85
14.03
11.38
13.31
19.93
13.83
16.23
12.82
21.03
12.19
13.51
16.61
11.52
8.07
9.72
18.58
11.61
15.05
14.48
15.72
14.74
13.46
11.89
10.84
19.21
16.23
16.31
16.63
11.46
11.43
10.72
14.78
11.81
9.26
13.99
16.86
12.4
10.13
16.59
9.73
11.18
12.1
13.7
18.28
16.69
12.26
17.02
12.25
15.7
13.21
16.93
14.06
9.83
9.97
8.21
9.7
12.48
12.14
10.8
23.25
14.96
15.28
23.99
18.22
10.76
24.75
15.86
18.35
21.58
10.16
18.39
17.85
13.05
17.25
15.61
19.71
20.77
11.19
15.02
13.1
12.66
17.51
11.67
10.98
10.2
22.23
12.21
8.98
15.63
13.36
9.35
13.68
14.54
12.09
18.76
16.9
10
10.8
12.05
14.74
12.28
19.03
17.16
22.33
21.85
14.68
14.76
10.07
13.73
16.42
17.11
17.21
9.9
11.52
17.45
20.49
16.56
9.62
21.08
11.64
26.79
16.85
19.93
14.96
13.4
15.62
18.92
8.28
16.8
16.79
11.1
10.08
18.5
13.94
10.69
8.05
13.59
8.8
17.1
14.67
14.51
23.52
14.3
20.84
22.36
14.99
19.11
11.11
13.15
18.93
10.42
12.27
13.28
13.92
10.76
9.58
14.85
13.2
10.15
11.82
17.17
13.17
12.02
19.57
14.53
18.53
16.81
11.04
16
17.22
16.42
14.61
13.82
16.14
19.45
17.14
22.27
14.47
14.1
14.05
11.73
25.74
15.05
12.48
10.03
11.97
10.72
10.35
9.92
11.69
10.43
15.13
12.65
11.71
15.62
18.35
15.32
12.97
19.1
20.49
12.56
12.62
9.76
16.03
21.56
10.97
12.01
11.16
12.57
20.68
9.08
13.04
15.03
13.78
21.14
12.34
12.31
9.08
14.14
8.84
11.08
14.39
14.66
15.39
15.82
10.59
12.06
19.94
16.12
19.34
9.68
16.6
16.03
15.74
11.44
14.51
20.34
12.47
17.77
17.66
11.76
14.2
16.21
14.73
17.98
10.7
13.05
13.15
10.18
11.86
8.4
15.84
23.32
9.45
17.38
10.26
18.67
14.33
15.7
13.83
21.06
11.08
11.27
12.84
14.6
20.8
14.79
18.67
10.34
18.76
16.65
9.82
16.46
14.19
11.45
12.36
9.75
13.03
13.47
12.78
16.18
23.99
14.19
15.09
13.83
13.6
11.02
17.6
16.94
12.24
17.5
8.79
15.3
11.15
21.05
19.43
12.65
14.19
15.3
16.95
10.81
8.65
11.36
15.33
12.06
15.18
15.11
11.07
15.92
11.61
12.24
8.11
13.32
10.22
19.44
15.04
12.27
19.96
13.31
12.64
13.73
12.9
14.32
15.27
10.89
13.56
10.1
13.82
12.63
10.68
20.36
10.95
9.46
14.74
14.11
8.34
11.31
15.79
11.2
17.39
9.57
17.8
12.98
18.42
15.07
17.46
9.68
14.55
12.8
16.13
17.43
15.68
9.18
12.66
13.65
10.71
15.66
19.17
12.61
8.31
14.4
14.93
10.1
13.57
9.35
8.77
23.08
25.2
15.66
17.64
17.49
11.45
11.94
10.4
11.75
15.7
9.45
23.95
12.74
18.25
13.87
8.18
18.16
11.04
19.63
10.9
15.16
12.04
11.1
16.41
15.37
10.15
8.25
10.09
13.32
12.19
10.08
13.02
12.31
19.99
9.35
15.75
11.93
9.63
11
20.3
21.8
12.61
13.27
15.63
18.05
19.82
10.93
16.46
15
16.86
12.85
9.28
14.95
18.63
20.86
13.57
21.1
11.05
12.44
15.79
10.96
17.44
12.87
13.23
9.69
16.22
18.94
9.97
14.8
10.33
14.25
15.66
13.9
13.98
24.25
17.68
14.09
10.95
14.46
12.37
13.72
11.1
17.15
21.82
13.42
15.85
21.94
14.43
14.01
16.12
11.44
14.9
13.17
17.7
8.13
13.84
12.04
13.16
14.67
16.23
14.51
11.91
10.51
10.35
12.13
13.12
8.64
12.11
9.08
14.52
11.24
19.02
14.53
9.19
15.18
11.67
20.29
9.43
16.45
19.43
13.59
13.49
9.85
15.13
12.58
10.87
11.71
10.58
10.94
14.35
16.53
11.29
12.22
11.53
11.95
13.43
22.98
9.63
12.13
14.17
15.6
16.61
14.31
9.26
9.35
19
12.37
20.93
11.4
20.53
11.12
12.66
12.75
16.25
16.97
13.75
23.72
12.47
15.06
11.43
9.82
11.92
19.61
16.84
14
10.51
18.74
13.78
13.04
17.97
8.29
12.6
13.86
11.59
17.22
15.64
15.41
19.71
10.95
11.88
11.42
10.27
9.06
11.25
18.49
8.94
13.36
11.27
10.65
12.39
10.21
12.76
21.55
10.09
9.77
16.13
13.78
18.6
22.38
17.7
12.19
19.45
11.39
14.82
8.48
16.19
11.83
8.71
11.63
17.48
12.34
16.98
17.56
12.89
14.89
14.84
16.41
12.29
13.81
13.69
17.63
17.36
12.4
18.29
14.59
19.36
12.95
10.31
17.91
19.86
14.11
12.49
10.07
21.44
12.04
9.42
19.45
11.96
12.08
9.56
22.26
19.19
15.73
18.17
12.61
17.63
14.13
17.43
15.69
17.44
10.06
8.51
10.15
16.96
15.52
16.02
9.82
13.73
15.4
14.82
17.37
17.63
17.94
23.82
17.05
14.97
9.66
12.53
15.56
13.87
11.17
13.18
10.53
14.14
11.59
12.49
16.77
9.3
13.07
9.91
10.2
10.66
10.74
10.42
11.96
19.63
21.56
16.51
8.75
21.05
16.7
17.03
13.48
17.46
9.6
12.81
12.23
11.23
17.6
13.67
8.71
10.8
13.13
10.93
12.85
16.13
14.36
16.43
8.78
20.19
15.19
9.2
11.12
16.22
12.14
17.89
9.6
14.8
8.24
16.96
12.92
14.34
13.14
15.55
18.62
10.3
23.53
10.32
13.74
24.36
8.91
10.1
18.42
13.07
16.09
15.09
9.23
8.89
13.76
10.05
17.36
11.17
16.77
9.5
18.77
10.16
15.4
12.94
21.09
12.92
18.99
18.79
11.96
20.71
13.34
11.73
11.19
20.18
21.77
15.47
17.69
11.63
16.91
10.06
16.38
14.79
11.67
17.83
15.18
14.46
17.76
10.53
12.94
15.27
13.01
10.76
16.59
20.05
19.15
19.58
16.44
19.99
15.69
19.09
14.15
10.82
14.34
9.89
10.72
9.85
23.02
13.65
16.37
11.41
18.53
9.96
12.11
11.75
12.6
13.7
17.09
20.84
14.35
15.13
8.6
9.85
10.06
13.87
13.39
11.28
13.8
18.33
19.05
18.79
10.01
11.75
14.41
9.98
14.73
8.37
8.74
9.9
17.59
9.66
11.11
10.69
13.62
13.35
14.33
12.18
13.86
16.38
19.16
18.3
17.55
18.03
11.98
19.04
12.38
14.25
12.07
16.85
13.99
10.84
10.65
9
16.67
21.55
20.39
14.57
10.43
12.57
9.81
11.66
13.84
10.12
9.86
9
12.17
14.5
19.98
10.43
12.9
17.21
12.78
13.66
11.96
16.45
15.32
14.35
19.7
15.4
11.22
20.29
18.54
15.13
12.76
12.65
15.89
10.28
21.66
19.44
9.33
10.86
14.02
17.03
17.95
17.37
12.3
15.44
14.14
13.21
17.3
17.72
17.94
15.87
10.57
11.7
13.66
19.36
11.33
10.12
13.69
13.05
13.38
10.58
13.29
10.54
16.01
10.58
12.05
9.6
17.08
13.92
14.55
18.89
9.38
16.38
19.97
14.92
20.4
17.28
14.54
8.97
8.22
11.62
12.24
16.19
16.46
20.28
19.95
20.28
14.78
9.55
10.06
11.74
11.88
11.88
11.2
11.78
10.22
16.82
13.47
11.87
18.83
19.51
12.04
20.3
13.85
16.97
14.36
16.11
13.2
18.8
21.51
20.54
12.61
13.98
9.79
13.88
9.18
12.64
11.77
10.41
11.56
19.37
12.17
15.01
10.3
10.24
13.98
12.66
17.35
20.87
10.31
15.77
15.52
12.05
15.9
11.53
12.17
11.3
13.07
13.13
12.7
12.65
14.33
9.02
11.51
12.96
10.51
13.62
12.4
10.69
16.45
12
14.01
17.18
22.58
10.11
9.62
11.84
17.3
12.85
11.27
13.19
16.1
13.24
14.62
10.05
17.59
14.67
14.23
8.97
14.32
12.26
9.16
12.95
13.03
15.44
16.81
20.06
12.93
11.26
16.38
10.06
16.75
19.33
9.91
17.78
16.33
10.58
9.1
17.9
11.84
12.26
20.3
19.86
13.48
11.47
11.67
15.35
13.57
9.71
19.47
21.13
15.91
9.41
11.95
15.92
18.62
8.74
15.09
20.55
24.17
10.03
20.45
19.5
8.81
13.18
16.6
14.93
11.73
15.05
10.16
13.08
17.56
11.51
12.48
14.93
13.54
13.3
20.11
14.92
12.44
11.74
12.56
12.86
12.05
15.95
10.46
16.89
13
12.68
13.56
13.28
13.57
9.45
12.46
8.42
16.82
16.54
11.1
8.98
14.04
10.61
23.01
11.5
14.15
12.02
26.62
15.47
12.7
10.78
15.49
18.3
12.76
8.46
10.02
10.73
12.28
8.26
14.15
23
8.42
20.68
25.45
10.66
15.96
14.36
9.99
11.95
16.91
12.03
12.45
12.47
18.72
14.99
13.79
15.17
21.21
10.09
20.47
17.02
21.18
9.57
26.67
18.19
20.42
23.86
13.42
12.11
10.37
11.19
10.98
13.57
17.6
12.27
8.73
10.23
13.67
11.37
12.61
20.1
10.13
9.21
14.79
17.12
18.57
18.32
21.04
12.83
10.76
15.33
16.39
15.14
16.98
14.38
18.22
12.47
17.98
10.46
8.95
12.34
11.37
11.07
9.58
12.21
12.72
9.09
22.07
19.59
12.43
14.92
14.17
16.11
12.72
20.32
11.79
14.35
16.19
18.57
16.84
9.82
16.85
11.96
20.61
16.5
13.1
15.36
12.9
10.16
14.68
12.76
13.7
16.15
21.63
14.29
22.19
16.98
12.76
11.2
10.78
13.45
14.63
16.55
12.46
18.28
9.64
13.43
11.44
15.24
16.84
8.95
16.48
12.22
17.79
14.65
15.36
10.86
9.14
16.05
10.09
14.29
8.58
14.45
10.1
9.42
8.86
10.42
26.83
16.75
13.2
11.21
12.99
9.57
12.73
17.34
18.31
9.28
8.68
15.47
19.56
14.62
15.14
13.25
15.19
11.81
13.02
17.27
14.38
14.24
14.24
20.61
11.14
8.54
16.2
11.01
12.65
17.8
23.7
18.76
16.23
12.55
18.3
18.16
10.07
9.61
13.42
9.71
19.06
12.45
18.28
15.01
13.88
16.87
14.98
10.34
22.52
13.21
10.58
8.93
13.32
9.01
12.18
13.95
21.42
17.27
17.14
13.59
13.08
11.47
22.03
11.05
15.64
17.89
15.5
17.12
15.92
20.36
11.14
10.68
11.8
30.3
16.59
16.99
19.73
17.03
11.8
11.21
11.98
15.37
10.33
17.29
20.31
16.51
13.91
16.41
11.07
12.78
9.12
19.83
22.81
12.77
9.33
19.29
13.82
15.71
9.69
14.5
15.48
18.4
15.77
22.57
14.62
19.17
13.04
12.98
17.17
21.15
12.06
10.05
13.37
12.61
18.31
13.7
11.54
13.11
10.04
8.85
10.7
11.43
13.36
11.59
16.06
11.26
15.73
10.95
10.52
11.4
19.77
9.17
13.98
9.78
12.81
17.17
10.42
12.88
12.36
20.2
14.61
16.45
9.87
19.88
8.88
18.57
11.68
9.18
12.65
16.46
20.23
12.2
17.6
15.27
23.89
15.32
17.42
9.89
8.59
10.96
11.07
17
11.12
15.46
11.57
11.83
19.42
13.54
12.66
19.17
11.66
10.44
12.95
16.29
11.24
10.42
11.13
11.4
13.74
14.48
16.02
11.69
10.37
10.23
11.37
10.34
13.26
13.89
12.65
19.12
15.61
19.14
13.21
11.56
21.66
13.18
14.66
14.4
15.64
15.93
15.22
10.26
11.1
11.92
18.23
8.7
25.28
16.7
9.95
18.11
9.32
18.11
8.77
12.95
15.86
18.46
15.55
13.92
9.79
12.85
11.21
11.75
16.19
17.29
12.94
13.21
13.33
15.39
10.84
16.29
11.47
11.87
8.32
10.34
8.8
12.76
8.66
14
15.97
18.1
8.68
9.5
11.13
17.45
11.17
10.49
15.43
13.33
11.89
12.61
12.05
8.84
10.18
16.49
12.21
9.73
12.68
14.6
14.34
8.04
10.43
17.97
11.39
18.13
14.57
15.8
11.51
18.71
21.32
17.26
12.94
13.27
21.12
13.33
13.63
21.39
15.79
15.16
19.77
11.88
11.15
15.62
16.63
12.03
9.85
16.62
12.42
24.05
17.99
14.73
19.09
15.9
19.81
11.24
14.42
19.66
14.87
11.64
16.27
20.23
15.6
14.08
15.62
13.21
13.66
12.7
12.18
19.99
9.99
14.23
10.25
12.51
13.14
18.7
15.32
13.36
8.51
15.12
9.58
20.96
17.75
18.36
17.64
12.69
16.69
13.42
12.61
16.9
15.2
8.25
11.17
15.09
20.06
18.43
15.16
16.73
11.96
10.74
8.36
16.47
11.45
13.93
11.3
13.32
14.44
10.54
13.73
12.46
20.25
14.43
15.28
8.65
17.01
19.01
14.26
15.26
16.46
13.29
11.16
12.13
14.94
13.45
17.12
15.57
15.5
18.57
10.4
12.67
18.24
9.63
12.48
13.68
10.87
13.22
9.56
9.19
14.76
11.75
15.53
9.63
17.42
13.92
11.12
15.97
8.15
12.48
10.82
16.31
13.2
14.01
14.95
8.75
10.71
9.49
15.28
12.92
17.58
14.36
10.87
11.96
14.18
14.89
12.61
10.04
14.58
11.16
9.91
14.02
17.4
13.27
12.35
13.5
15.13
12.38
10.05
14.28
19.6
15.36
18.08
13.15
11.74
16.23
10.76
14.27
10.56
15.56
10.1
12.95
16.35
15.28
10.61
13.94
16.87
9.76
14.57
12.51
13.27
15.87
12.63
11.85
11.96
14.47
12.88
11.08
14.63
12.15
10.73
9.19
17.88
18.84
20.13
14.57
22.69
10.72
10.37
8.59
13.45
17.18
15.96
17.77
17.36
17.93
21.17
13.28
13.3
13.89
18.98
15.65
8.09
11
14.66
30.74
13.93
16.75
12.41
11.52
16.2
14.05
8.8
14.14
18.69
17.16
23.42
8.34
13
12.56
16.89
9.73
15.75
14.65
34.73
17.76
12.66
19.56
14.05
13.89
13.92
11.62
14.4
9.1
12.8
10.11
13.55
16.08
15.37
18.13
21.02
13.71
9.93
10.43
12.44
15.91
18.84
9.58
19.54
9.9
11.47
18.54
13.7
12.43
15.73
9.99
9.78
10.04
12.1
12.65
13.78
12.63
13.49
12.34
14.71
9.76
11.32
9.13
12.47
13.65
16.93
11.86
13.08
11.59
9.66
9.33
11.46
9.76
9.59
12.04
13.72
23.95
10.02
15.45
11.72
18.79
13.25
12.99
22.21
8.84
20.89
22.09
17.67
17.31
9.39
11.61
9.85
11.09
20.92
26.58
16.76
24.43
13.18
22.49
21.79
17.13
13.72
21.99
8.77
21.31
10.18
13.39
16.35
13.37
16.23
12.68
9.43
17.71
11.68
9.65
12.8
10.26
10.09
13.35
10.61
19.4
8.43
17.09
19.44
10.25
14.36
14.56
15.84
9.99
10.24
15.53
11.22
11.03
12
15.62
13.51
16.98
20.45
23.58
13.48
15.16
12.88
22.85
17.77
12.59
13.32
10.66
12.79
14.58
11.46
13
13.92
32.62
14.96
9.91
10.9
11.83
13.2
13.94
9.93
11.28
10.25
9.49
11.76
11.42
13.17
9.35
19.01
15.87
9.83
11.34
14.14
21.93
9.12
14.73
13.62
10.96
12.58
22.58
16.84
12.76
12.89
13.72
9.34
11.02
10.37
18.69
12.46
12.07
14.37
9.63
10.51
14.91
18.1
12.75
12.97
22.04
11.49
10.59
13.04
15.39
14.55
14.87
8.79
11.43
8.47
8.42
16.24
13.56
8.85
14.81
15.46
18.51
11.21
10.24
12.48
9.62
20.93
20.21
11.97
9.67
9.02
14.33
11.58
12.72
9.06
10.29
13.79
11.24
10.07
14.32
13.05
16.05
14.98
11.01
19.13
10.82
19.09
13.75
16.46
15.6
13.05
9.41
15.82
13.16
15.08
15.55
13.7
12.94
13.31
12.87
19.9
21.35
9.99
13.78
17.53
12.93
14.44
11.49
9.47
13.56
8.56
15.51
12.52
10.19
16.47
11.47
13.52
11.49
24.6
8.57
11.66
14.39
12.28
17.4
9.02
15.55
15.74
18.14
20.29
10.99
11.73
15.78
11.51
15.4
11.79
10.79
15.28
22.78
15.23
15.64
13.78
16.81
12.94
15.75
16.81
15.81
8.19
17.97
10.9
14.66
19.04
9.05
9.49
10.66
11.48
8.46
16.12
15.5
13.37
13.51
11.95
12.35
15.15
7.31
9.72
13.85
11.97
10.91
12.92
13.21
9.87
11.28
8.98
12.11
14.96
15.22
11.01
9.27
7.62
12.75
9.99
11.39
7.42
8.82
7.92
12.37
11.77
9.36
16.95
10.46
12.95
18.61
13.25
11.09
7.37
9.02
11.94
16.97
10.43
16.39
11.23
11.79
11.54
13.95
10
10.31
15.79
13.09
20.78
11.46
10.21
12.09
8.79
18.16
18.79
10.3
12.36
12.92
8.33
8.23
10.94
11.48
13.32
9.1
10.64
15.57
17.19
8
13.28
15.4
8.93
8.58
8.41
22.87
11.89
12.56
16.71
10.77
11.86
12.63
15.69
19.58
18.85
14.77
17.4
17.97
12.37
12.48
12.66
8.11
8.95
12.55
10.73
15.09
7.54
8.27
8.52
12.11
12.46
8.49
10.91
10.57
8.78
12.21
12.84
11.61
7.23
15
17.32
9.23
7.71
11.18
19.34
16.56
7.71
12.58
12.31
13.83
8.73
10.45
9
7.83
11.22
13.76
11.04
10.78
11.2
12.62
7.96
11.89
11.54
10.77
10.37
10.88
9.52
9.27
13.59
13.9
12
8.06
8.31
8.11
11.07
11.52
7.84
17.83
12.6
12.68
9.41
14.96
8.55
13.23
8.04
9.17
11.08
9.14
7.19
12.64
10.59
9.43
10.19
14.61
12.4
7.64
10.88
7.24
17.83
16.86
9.92
9.15
9.69
12.25
16.77
13.11
17.22
7.05
15.7
19.78
10.03
10.45
17.82
11.66
14.36
11.55
12.19
8.84
13.32
7.6
11.14
8.02
8.12
7.56
12.3
8.65
10.88
13.95
8.46
13.57
33.39
11.55
9.14
7.79
13.45
7.72
13.11
8.52
13.45
10.47
13.72
12.78
11.41
17.08
12.17
10.24
11
10.4
9.79
10.36
9.66
14.19
10.46
17.03
14.38
7.42
17.5
8.08
13.42
10.12
9.66
12.92
10.73
14.5
7.55
12.03
16.31
14.31
11.49
10.02
11.43
14.46
14.5
15
14.62
8.26
9.39
18.07
17.02
13.83
8.95
20.95
10.01
9.83
9.4
24.47
8.61
17.3
8.22
14.09
12.99
25.05
7.77
11.26
8.68
11.62
13.52
16.21
8.8
7.09
19.34
12.97
7.59
14.74
14.25
11.12
13.16
14.2
14.56
10.29
13.3
18.58
20.2
9.93
15.88
9
9.12
11.58
10.2
17.52
11.76
7.58
7.21
8.59
8.42
12.16
7.81
12.54
7.22
12.09
11.9
16.02
9.76
15.98
14.56
12.88
8.11
15.49
16.2
10.74
8.09
7.36
12.33
13.25
11.07
16.27
7.23
17.08
10.03
8.83
12.37
10.39
8
17.03
7.05
7.59
8.45
8.77
8
8.07
13.15
7.63
9.15
8.85
7.87
8.91
13.09
11.22
9.95
12.54
14.69
9.03
11.82
14.52
11.88
11.23
7.98
17.45
12.61
8.3
16.25
9.21
10.77
12.7
7.32
12.53
9.58
13.77
11.46
12.82
17.04
20.76
9.42
17.64
9.56
11.46
19.82
18.28
12.23
12.21
13.47
8.92
7.54
7
13.43
11.38
10.22
11.24
8.13
20.53
13.66
14.61
13.04
17.53
23.39
8.78
13.31
8.1
12.91
13.74
13.71
9.25
14.22
8.04
10.14
11.15
12.74
19.17
15.23
14.25
13.36
55.85
14.47
13.41
7.98
9.39
10.72
9.4
14.36
15.76
13.8
12.96
14.85
8.73
17.39
7.68
7.26
8.18
8.52
18.89
8.32
14.81
14.77
14.22
10.42
12.83
12.34
11.04
10.87
8.82
7.8
14.73
15.48
19.98
8.15
8.95
10.3
11.36
14.22
8.95
12
12.7
13.26
15.68
9.4
9.58
12.43
11.94
7.19
13.05
7.89
17.5
15.21
10.39
7.53
12.72
8.03
12.4
8.31
7.73
13.05
9.62
10.68
10.62
12.7
12.27
15.19
7.88
10.44
10.46
14.01
11.16
18.41
15.05
8.73
11.76
8.15
15.45
11.87
15.33
8.89
10.04
9.33
11.1
8.66
8.77
7.48
9.7
11.91
8.76
14.83
19.28
9.97
8.67
9.64
11.42
10.36
7.68
14.71
9.5
8.06
12.05
7.36
7.35
14.82
15.82
11.21
12.06
10.99
17.96
8.76
16.01
12.22
13.38
15.79
12.62
11.52
10.15
11.65
9.56
7
21.18
17.8
18.86
12.68
12.93
17.28
16.32
10.8
14.19
18.01
9.16
15.66
15.63
11.65
9.91
11.38
7.56
8.81
16.23
8.06
10.08
9.12
16.46
8.94
12.08
9.69
9.61
10.95
9.75
8.89
11.31
8.95
9.87
14.21
8.8
9.65
9.6
12.88
8.07
9.63
10.23
13.66
8.1
7.12
7.65
11.64
7.38
7.95
8
7.97
9.85
8.09
10.88
8.42
13.25
11.77
16.71
11.28
13.6
11.05
10.9
16.92
9.81
7.2
7.14
7.11
11.56
8.66
11.42
17.26
19.61
10.64
7.72
18.4
12.38
12.92
7.25
9.65
7.07
7.67
11.2
13.23
19.83
9.14
14.55
15.76
16.52
10.22
12.5
11.84
14.87
20.08
7.49
8.56
9.14
12.86
12.45
10.19
13.88
13.78
13.2
7.22
12.6
11.18
8.26
9.62
12.45
16.36
8.81
22.57
10.12
13.87
14.2
13.75
15.63
7.74
12.2
7.19
9.28
8.31
11.11
15.14
9.07
11.04
16.67
7.67
8.54
7.84
11.71
13.42
11.22
9.97
14.63
9.78
10.79
9.58
11.06
18.12
13.23
10.34
11.79
12.72
10.87
7.34
8.15
12.67
8.01
12.69
9.17
8.01
16.21
10.94
8.88
8.08
10.59
7.13
14.18
16.57
7.17
7.82
7.52
7.67
10.61
10.26
10.6
8.22
16.1
9.48
15.45
9.94
12.85
7.99
7.44
8.25
13.72
7.52
7.96
11.03
12.29
11.49
8.94
8.9
10.08
7.49
8.51
8.65
17.13
9.59
8.57
7.48
10.14
16.51
11.45
14.07
7.74
17.77
9.96
8.61
17.04
7.02
16.29
8.29
12.38
10.5
7.57
13.89
7.75
13.66
12.83
7.59
9.4
7.59
17.98
14.28
14.05
8.02
15.4
9.27
11.82
11.02
14.19
7.92
8.43
10.67
8.54
7.47
19.67
7.99
15.31
7.81
20.09
8.13
14.34
12.71
10.05
7.49
8.38
8.04
17.87
12.55
11.36
12.21
7.12
10.07
14.14
8.53
16.22
16.38
7.78
13.77
8.1
13.6
20.59
13.18
9.94
12.62
14.18
12.86
19.41
13.78
10.48
7.38
8.76
7.88
7.56
11.63
17.42
8.06
8.14
9.7
7.99
9.95
8.44
11.86
9.06
8.51
14.9
7.34
18.67
18.39
16.12
16.41
12.85
8.37
10.5
8.73
16.37
11.48
10.96
8.32
11.77
11.68
7.24
8.68
7.59
13.66
15.61
9.12
14.92
8.61
16.77
13.26
7.2
10.06
11.55
13.87
13.19
11.5
12.5
13.62
8.67
11.81
13.95
14.48
9.08
13.48
10.51
7.23
8.56
12.55
8.85
9.79
8.96
13.7
16.05
8.35
9.21
14.13
12.06
11.8
11.47
13.91
15.93
14.66
10.76
16.85
10.76
7.64
8.2
8.99
7.12
19.16
8.11
9.15
7.43
12.62
14.17
9.3
16.58
12.02
9.93
16.16
10.46
11.06
12.5
7.92
9.72
9.73
14.51
11.28
10.65
19.11
12.9
12.47
10.35
16.87
8.16
11.93
16.14
7.96
17.13
15.55
17.67
8.88
16.32
7.29
11.45
12.85
13.34
11.19
9.98
7.52
8.31
9.93
16.68
17.91
7.46
11.89
13.74
9.53
14.12
13.68
16.26
16.56
15.8
13.73
12.51
15.58
15.49
8.37
12.16
11.86
7.36
14.17
18.14
14.89
10.21
12.3
9.65
14.65
14.76
14.56
8.15
12.16
8.83
10.91
9.93
12.97
9.01
9.02
16.6
15.12
16.57
7.45
7.59
8.4
11.61
9.1
7.52
11.84
8.16
7.45
7.07
11.34
11.47
12.67
13.91
12.37
15.12
11.24
27.45
9.33
9.08
13.92
8.18
8.74
7.21
15.67
9.86
8.08
7.14
10.72
8.44
8.33
9.29
10.63
11.55
8.7
9.42
10.56
11.3
7.58
10.91
11.06
15.5
14.09
11.59
14.54
10.48
16.52
9.93
12.51
7.52
11.83
8.37
7.87
10.27
18.06
11.46
8.15
7.98
9.68
12.49
7.29
10.46
15.02
14.9
11.86
13.5
9.33
10.37
12.06
10.31
10.6
12.99
10.32
9.86
7.86
15.05
7.55
11.08
14.74
12.28
14.43
15.06
15.11
16.23
7.7
10.37
13.71
11.79
8.63
11.69
12.47
15.82
10.97
7.52
15.78
7.06
7.46
8.23
9.61
9.48
14.36
13
11.28
11.35
8.8
12.58
16.61
14.15
18.05
7.86
8.18
7.22
11.39
14.45
13.69
11.26
7.87
14.05
8.41
15.47
11.27
12.57
7.29
15.44
14.34
12.09
9.58
10.29
15.03
9.1
8.18
14.62
12.12
12.43
14.5
16.26
8.23
10.39
19.57
8.93
11.51
11.19
7.72
11.67
17.51
9.16
11.02
17.4
11.22
13.91
11.75
16.15
10.48
8.07
7.5
12.53
10.61
11.1
11.55
18.14
7.78
12.28
12.06
13.51
8.01
17.95
23.66
15.19
12.23
12.14
16.04
8.89
14.65
20.26
13.59
15.95
14.85
14.14
13.58
10.31
13.37
14.96
11.98
14.5
8.22
11.33
16.1
11.14
15.47
16.79
11.16
12.63
18.85
10.62
8.99
13.25
13.34
7.76
10.97
12.17
18.26
12.84
11.67
20.97
7.71
10.41
7.48
13.06
11.58
8.35
8.77
13.9
10.86
13.11
9.11
18.68
15.72
11.28
8.4
13.44
12.23
7.2
13.16
13.73
7.18
11.94
13.96
7.86
15.51
11.93
10.3
11.33
7.57
12.49
13.81
19.72
18.31
9.12
7.48
10.73
19.62
8.87
13.94
10.14
7.95
17.82
7.71
7.54
22.38
11.16
13.09
17.73
17.16
15.01
8.67
11.55
12.64
20.85
10.72
8.81
11.85
14.2
12.86
9.72
11.92
14.53
13.96
10.15
10.12
10.99
8.19
18.77
7.34
11.54
16.78
16.24
19
16.39
7.93
15.57
9.55
13.25
9.49
15.11
12.58
10.71
7.74
9.09
10.78
8.34
12.33
11.32
9.55
7.13
11.73
8.16
13.01
8.36
9.96
8.22
11.84
14.57
13
10.01
8.37
13.97
9.1
12.59
8.97
15.13
22.51
10.85
9.87
21.13
18.5
8.31
7.76
13.12
17.53
20.67
7.59
13.22
8.43
20.25
11.8
17.22
11.82
13.53
10.26
8.93
12.9
7.06
11.43
14.2
11.49
15.89
10.75
13.29
11.72
10.93
8.51
17.4
16.03
8.71
11.06
15.94
7.58
7.58
12.12
10.45
8.02
19.49
16.97
7
11.63
12.69
10.69
11.08
13.44
11.98
7.76
10.7
13.35
12.44
12.12
16.59
8.99
14.59
11.76
15.68
9.85
7
15.42
12
8.37
12.05
16.13
12.78
8.55
10.66
7.29
14.3
9.66
12.45
12.11
12.85
7.98
13.04
7.77
16.75
9.19
18.27
12.82
8.88
9.36
12.19
8.93
14.94
18.26
10.26
7.27
9.05
11.48
12.32
13.62
9.33
12.62
9.12
12.54
21.11
14.44
14.54
11.92
10.54
8.18
9.48
16.9
8.45
10.4
7.77
9.23
17.09
11.47
8.54
11.74
10.76
14.43
9.59
12.69
15.44
12.75
11.52
12.63
17.59
11.15
13.88
14.88
7.81
7.46
8.31
9.79
14.48
13.22
7.56
12.98
14.61
7.84
8.43
9.27
8.35
7.76
8.96
11.19
12.61
10.16
7.7
13.92
13.48
10.78
8.28
14.01
14.07
7.68
8.99
8.09
12.27
7.5
7.31
14.78
8.31
9.81
10.43
17.69
9.66
8.31
18.24
7.76
11.61
11.84
11.39
9.59
10.53
9.43
17.69
10.72
16.44
11.81
13.21
19.87
12.06
12.81
15.5
14.36
12.75
9.95
7.79
8.49
11.09
10.98
13.33
9.58
7.29
10.1
10.19
11.37
7.46
9.86
9.37
10.43
12.96
9.98
7.64
18.01
12.43
11.33
15.03
8.66
12.12
13.04
9.09
8.25
12.9
13.11
8.78
7.25
13.46
22.33
14.19
11.75
24.15
17.37
12.19
7.83
7.72
8.18
12.63
9.64
10.99
7.56
10.56
9.58
16.41
13.98
13.13
10.71
7.31
7.88
17.39
10.34
16.41
18.39
14.03
10.89
13.53
12.66
12.98
12.1
8.38
7.69
7.72
7.96
11.26
9.54
9.07
16.05
13.99
13.1
14.89
11.92
13.55
9.06
14.81
14.98
11.86
9.63
16.98
11.51
7.37
10.32
16.75
21.6
7.26
10.71
7.74
14.47
7.55
7.22
12.79
8.25
11.91
8.24
11.22
13.26
10.45
8.93
8.73
11.89
9.75
15.1
8.75
7.63
8.22
10.93
9.41
15.16
10.33
8.09
16.98
12.87
8.07
20.23
14.61
10.99
9.59
14.98
12.24
12.95
12.7
15.55
11.17
9.38
16.01
7.76
12.56
10.06
12.79
14.36
12.2
8.05
14.29
16.1
8.77
15.69
7.5
9.04
14.39
12.47
13.16
8.54
7.75
14.86
15.66
18.21
15.72
13.67
9.21
8.12
13.67
7.58
7.81
9.2
12.04
18.56
8.67
18.22
8.7
9.6
11.35
14.39
9.82
13.73
10.32
14.46
11.37
9.86
9.3
12.18
17.93
7.91
15.38
13.77
8.29
15.02
14.98
12.5
15.33
9.09
16.1
8.01
12.14
14.26
10.45
7.97
12.65
18.56
12.35
14.72
13.24
13.48
17.86
9.39
9.65
8.04
11.17
7.2
18.6
8.49
12.43
9.61
7.62
8.4
12.19
12.65
13.53
15.91
9.93
10.37
10.19
18.81
11.43
9.24
11.25
18.57
11.27
8.85
8.99
17.6
9.26
11.65
11.91
7.59
12.11
14.23
15.75
8.15
11.65
7.5
12.36
16.22
10.1
8.14
13.87
8.82
10.28
11.04
10.21
15.5
10.18
8.71
9.14
11.79
15.55
11.42
11.73
9.78
17.53
8.31
7.91
8.42
8.75
11.56
8.99
16.36
10.46
7.51
8.17
7.58
16.87
9.74
10.84
10.23
7.22
15.94
9.26
7.84
10.87
9.43
9.72
15.31
11.72
13.09
10.01
12.87
14.5
9.71
12.1
11.18
21.31
16.1
9.01
12.74
8.82
18.51
11.37
10.34
10.31
17.95
7
21.15
11.01
12.56
7.44
9.55
8.38
10.49
14.64
12.71
11.52
16.29
7.27
11.97
9.34
18.29
15.38
8.6
7.17
10.73
10.96
10.82
17.97
12.91
20.79
17.42
8.44
11.55
15.64
10.6
16.41
12.83
19.34
12.32
9.47
11.28
12.17
11.32
11.43
15.46
11.98
10.79
15.13
9.07
10.45
13.93
16.63
7.4
16.6
7.83
14.13
9.75
12.95
11.26
13.9
12.85
17.63
12.45
11.44
9.73
13.84
12.24
13.18
16.96
12.53
14.05
13.06
7.76
17.98
11.3
19.82
10.68
7.63
8.69
14.9
12.64
11.42
11.17
10.61
8.23
9.22
11.83
10.49
12.4
9.49
19.13
12.62
14.85
13.56
13.32
9.74
7.77
9.83
9.03
13.04
8.38
18.8
12.75
9.32
8.2
8.79
11.78
9.09
12
20
17.64
10.79
15.43
12.32
12.21
9.33
11.9
13.05
16.5
12.02
12.4
17.21
8.85
11.45
8.89
13.79
12.55
8
7.18
15.41
10.26
9.02
9
7.78
11.9
9.36
11.21
7.85
8.6
7.33
13.36
7.07
11.93
17.5
8.74
11.77
15.51
10.46
9.71
13.83
15.37
11.29
14.03
10.63
13.47
8.69
11.58
10.19
8.43
9.56
13.9
11.82
10.1
8.88
17.39
11.7
14.48
12.93
12.48
14.38
16.8
11.27
12.13
8.6
16.17
14.53
14.55
7.91
8.69
11.65
11.37
9.33
7.48
18.37
17.97
14.63
11.79
8.33
13.91
9.8
10.76
10.22
17.3
12.05
9.62
8.17
17.63
11.14
11.15
17.98
9.97
15.19
8.89
20.69
8.2
13.51
7.66
11.73
10.18
14.74
8.29
15.1
8.96
15.59
8.64
21.4
10.54
9.68
11.26
15.57
16.92
8.21
8.71
13.99
8.26
11.7
11.6
9.51
8.16
9.62
14.43
13.4
15.23
7.62
12.06
9.95
13.29
11.81
9.97
21.93
15.98
14.14
7.99
8.47
10.25
13.85
8.05
8.15
15
8.59
7.23
11.65
15.37
8.83
8.27
7.84
12.57
8.51
9.12
13.53
12.77
12
9.58
10.49
8.16
9.27
11.49
10.91
10.1
15
13.17
9.51
10.54
10.49
8.54
16.13
15.13
12.32
12.46
8.83
7.86
9.15
12.96
7.47
33.58
9.03
11.89
13.24
10.22
9.52
15.41
9.04
11.28
7.59
14.07
15.48
12.33
8.15
9
7.34
7.38
10.92
12.82
7.81
12.66
8.62
11.11
7.91
10.71
14.21
15.18
12.23
12.85
11.07
9.21
11.46
14.37
8.36
11.08
13.32
15.21
19.22
13.07
16.99
13.88
8.77
12.09
12.59
15.81
7.31
13.77
12.55
9.88
13.56
16.09
8.57
10.27
10.96
8.18
12.76
9.53
8
12.01
11.13
11.57
10.07
14.54
14.79
10.83
15.93
7.18
10.41
9.51
13.21
7.97
16.87
11.27
9.17
12.18
10.28
14.72
19.38
9.26
13.11
10.19
17.48
15.72
10.56
14.03
16.42
10.86
10.12
7.74
15.07
15.71
12.56
11.1
10.99
10.73
13.14
11.46
8.49
7.64
12.35
19.17
7.42
7.28
7.48
7.49
7.22
15.14
8.34
12.58
14.89
13.61
13.88
11.18
9.94
13.6
13.14
8.21
8.37
12.11
8.87
8.87
15.71
10.97
14.83
9.26
8.15
10.65
7.62
12.62
9.05
17.34
8.19
15.41
11.88
15.86
15.52
11.79
9.8
13.88
9.02
11.39
18.83
17.3
9.27
7.84
15.8
19.76
8.27
7.99
9.19
10.46
13.47
10.63
8.88
11.03
13.75
13.84
14.45
10.64
9.34
10.37
12.88
13.86
11.04
17.28
13.85
11.75
14.48
14.29
12.01
15.46
19.85
15.1
9.48
18.66
16.6
13.53
13.06
12.99
13.74
8.96
11.67
10.62
11.11
19.06
16.98
16.83
11.13
13.9
12.15
11.63
11.99
10.25
11.49
11.72
18.93
14.34
9.59
7.72
11.23
14.36
19.94
11.95
11.62
14.56
10.35
10.31
10.63
10.95
16.12
11.43
11.86
7.43
7.85
8.46
19.23
11.09
7.43
11.05
9.46
10.43
15.93
14.86
15.45
9.76
9.72
9.6
8.08
12.2
10.96
11.24
18.65
10.73
12.29
9.63
8.44
14.78
7.67
9.28
9.04
12.17
7.71
14.71
7.86
9.56
8.92
8
7.36
8.35
9.04
11.26
8.95
16.95
15.02
12.37
13.45
15.18
15.44
19.21
13.85
14.61
21.59
10.32
11.81
15.43
9.84
9.93
7.31
10.7
14.31
20.39
7.84
14.9
8.4
14.78
14.39
8.63
12.49
7.86
11.82
10.12
14.19
15.39
12.48
11.58
16.11
8.08
9
12.95
11.57
11.82
11.53
10.02
17.53
10.7
19.49
16.57
7.92
11.37
14.76
13.3
11.73
10.4
10.41
18.58
11.3
9.37
9.79
16.13
13.27
17.44
13.93
11.03
12.46
17.65
9.06
11.82
12.39
8.74
7.19
11.5
8.87
13.61
9.05
11.22
14.19
14.16
8.21
13.28
9.34
15.11
15.52
11.5
8.71
8.5
8.38
12.12
10.55
18.83
11.6
8.96
10.02
13.11
11.65
13.78
10.08
12.54
10.61
8.25
12.34
11.95
8.43
8.29
9.57
11.7
10.77
8.94
12.31
15.81
14.58
11.35
10.2
8.24
10.25
8.68
11.46
15.52
13.44
9.71
13.8
7.95
9.24
10.58
11.82
17.72
17.37
7.92
10.93
18.34
17.26
12.04
14.46
11.13
9.24
13.76
15.72
8.66
15.99
8.28
10.38
12.34
12.37
8
7.84
12.66
14.06
7.29
10.99
7.92
10.95
8.15
11.41
21.05
18.72
7.75
13.58
10.9
12.5
12.54
10.23
13.98
13.34
6.89
12.97
9.93
7.85
7.11
6.26
7.85
7.88
6.95
6.53
9.65
10.27
6.51
9.71
7.03
8.45
6.67
9.52
13.44
8.48
10.32
7.88
6.57
7.05
6.37
9.43
11.48
6.04
16.71
8.35
6.4
6.52
7.48
12.67
6.61
7.21
9.5
6.79
6.21
6.96
9.28
6.83
7.65
10.04
6.83
8.17
9.34
12.21
11.28
10.54
6.19
6.17
12.66
6.34
9.46
6.11
11.25
7.6
7.77
6.26
12.21
7.39
7.21
14.44
7.31
20.06
36.77
7.99
12.82
8.4
9.3
9.64
11.34
15.33
6.86
7.35
7.19
7.11
8.6
8.98
7.16
6.16
9.45
7.45
7.23
7.06
8.79
6.13
12.18
14.09
11.91
14.35
10.79
6.92
10.89
7.79
8.64
9.64
9.99
20.65
6.12
8.24
8
10.73
8.26
7.99
6.7
9.72
8.21
7.25
11.73
10.74
7.04
7.32
6.95
6.18
9.72
8.22
10.62
10.51
8.12
8.31
11.2
12.14
11.24
7.24
8.97
10.94
12.18
5
9.45
5.05
10.09
11.9
5.73
8.6
6.35
5.66
5.23
5.03
9.07
9.22
6.78
9.74
6.21
5.75
5.02
5.78
10.05
7.76
5.83
6.68
7.87
9.5
5.47
11.86
5.13
5.85
6.42
5.91
5
5.61
5.99
13.22
5
5.08
5.7
5.23
9.22
5.49
11.55
11.72
9.44
5.07
5.24
12.61
5.41
5.15
5.48
5.16
10.77
9.45
5.33
5.05
8.98
5
5
5
12.15
8.43
6.46
7.17
5.51
5.03
5.77
5.45
10.84
11.29
5
7.55
7.66
5.32
5.41
5.32
5.2
6.44
5.13
5
5.79
5.16
10.31
5.03
5.53
5.99
5.12
5.58
5.04
5.41
15.19
5.07
5.07
9.36
13.14
7.42
10.48
6.46
12.68
5.03
5.47
10.07
10.93
5.25
5.48
11.25
5.02
5.05
13.36
5.05
5
5.15
6.87
10.23
10.42
7.08
11.5
5.19
5.01
10.08
5.01
10.78
5.3
5.75
5.09
9.52
5
7.28
12.82
5.05
5.09
5.49
5.02
7.61
5.34
5.18
6.55
6.14
5.02
9.68
5
9.32
5.02
8.08
5.62
5.82
5.84
13.04
9.01
5.31
5.16
9.91
11.86
9.49
6.61
5.68
6.46
5.69
5.36
5.21
6.2
5.47
5.51
7.94
11.01
6.45
6.06
5
8.56
11.86
5.54
5
5.06
9.3
8.87
10.24
5.49
9.42
5.1
5
5.57
5.09
5
5
5.64
5.86
9.26
7.46
10.74
5.74
5.36
5.47
5
9.6
8.58
9.41
6.04
9.61
6.44
8.99
9.45
5.15
5.38
5.12
7.39
5.1
6.67
10.16
9.91
5.18
5
5.06
5.54
5.67
5.89
10.14
5
8.68
10.61
5.49
5.41
5
5.78
10.03
6.31
5.22
5.6
5.59
5.62
5.64
5.64
5
8.37
5.02
5.05
5.56
6.76
7.98
5.46
6.27
7.06
6.2
5.55
9.28
5.75
6.52
6.34
5.07
5.84
5.7
5.98
11.1
6.12
5.09
6.04
5.57
6.9
5
5.4
5
5.13
5.23
5.07
6.08
5.4
6.52
11.95
5.59
5
5.07
9.53
13.62
6.52
5
5
12.21
5
11.23
12.02
5.34
9.89
6.22
5.13
5.75
6.63
7.56
9.47
5.72
5.1
5.21
7.51
5
7.78
5.45
10.38
12
8.79
9.3
13.09
8.1
10.32
5.3
5.07
6.59
8.53
5.14
5.2
5
5.83
5.04
5.37
10.22
9.7
5.46
5
11.36
12.77
5.17
5
9.81
5.27
5.27
5.2
9.05
5.84
5.51
11.76
11.89
5
11.54
10.81
5
11.34
9.56
5
11.66
10.11
11.43
8.58
5.32
5.02
6.18
10.13
5.12
5.11
8.76
5.84
5
6.39
5.23
6.03
5.61
5.9
9.96
9.32
6.16
11.18
10.26
5.15
5.47
5
5.31
5.25
5.82
7.27
5.19
9
10.32
11.86
10.91
5.27
5.27
6.07
10.16
6.85
6.34
6.61
10.73
5
5.78
10.54
10.01
10.72
6.49
10.17
5.25
9.56
7.71
5.64
7.54
6.48
10.63
11.77
5.3
5
7.96
5.22
5
6.54
11.13
11.32
5.08
5.24
5
5.78
5.67
9.49
11.12
10.21
5
5.17
5
5.11
9.9
7.17
8.03
10.45
5.79
5.2
10.85
5.91
5.49
5.14
6.71
5
12.91
8.87
10.12
5.23
10.73
5
9.69
10
5.93
11.27
13.25
8.58
5.04
5
5
5.3
5.8
5
5
9.08
5.04
5.09
8.3
5.97
5.04
5.87
6.12
5.12
9.88
5.09
6.18
5.31
5.5
5.78
9.81
5.58
6.09
9.72
14.15
5
5.09
5
5.47
5.09
10.79
6.8
11.97
5.22
5.14
9.36
5.79
5.52
10.18
8.85
6.05
9.85
5.05
6.3
5
6.81
5.15
5.41
8.69
5.02
6.49
10.59
5
7.48
13.67
5
9.15
5.15
5.01
5.28
5.64
5.43
8.55
6.05
10.07
9.49
8.95
6.53
5.41
11.9
5.78
5.06
9.94
9.2
5.01
5.1
10.85
8.59
5.6
9.28
9.85
5.29
11.77
5.08
6.98
5
5.06
5.06
5.21
5.48
5
7.13
5.57
6.18
5.16
9.32
9.19
5.03
5.11
5.41
5.21
5.7
5
9.68
5.12
6.12
6.37
5.06
10.85
11.4
11.4
9.56
5
5.64
10.74
5.18
8.51
5.19
11.5
9.68
14.2
6.49
9.5
6.86
6.32
6
5.93
6.21
9.11
5.16
5
5
12.17
5
5
6.14
5.04
10.87
5.92
5.38
5.45
5.36
5
9.77
5
5.12
5.7
5
5.12
5.13
9.3
5.19
9.01
5.22
7.13
6.18
11.82
5.76
7.89
8.77
10.71
5
5.36
5.59
9.61
6.25
5.56
5.39
6.7
5.29
6.59
16.73
5.94
5.07
5.13
6.42
8.26
6.05
14.59
6.06
5.21
5.4
5
6.03
9.98
5.48
5.12
5
5
5
13.17
5.29
8.1
11.56
5.14
9.18
5.02
5
6.4
8.98
5.06
5
5.04
5.47
5.83
13.18
5.03
11.45
5.24
10.45
5.02
5.3
5.91
5
5
7.6
10
5.49
5
6.59
5
8.61
9.9
6.53
6.12
8.92
5
7.08
5.18
5.4
6.38
5
8.58
5.96
11.35
10.1
12.74
5.05
6.13
11.62
5.6
10.95
5
5.02
12.2
5.02
7.67
5.41
8.28
10.07
5
6.14
9.23
9.34
6.18
5.36
5.11
6.42
13.73
5.04
9.78
8.52
5.97
5.08
5.1
10.44
5.74
7.53
14.16
5.03
5.22
11.78
5.37
11.2
6.6
5.24
5.91
5.34
11.89
5.01
9.49
9.38
8.55
11.84
7.72
5.23
5.64
5.77
5.52
6.8
5
5.77
8.67
5.69
9.14
10.54
5.29
5.21
5.35
5
6.22
11.39
5.07
11.01
8
5.16
5.85
10.59
9.19
9.43
5
5.11
5.46
5.74
5.7
5
10.32
6.02
12.27
6.17
6.7
5.51
5.01
7.51
9.24
5
5.04
6.03
5.26
10.61
6.62
5.4
5.65
5.6
5.29
5.04
5.69
5.45
8.67
5.15
11.92
5.66
9.41
5
5.59
5.55
9.27
5
5
5.92
6.46
8.49
5.61
5.06
5.45
8.61
8.52
6.81
5.29
9.45
8.04
6.15
5
6.46
9.84
5
5.22
5
5.37
9.68
6.46
7.86
5.02
6.48
5.1
5
9.71
7.68
5
5.05
5.06
5
7.17
6.55
5.88
9.86
5.37
5.17
5.17
5.66
7.81
5
5.31
5.24
10.4
5.38
6.33
10.1
5.05
5
5.19
5.1
5
7.3
7.51
5.13
6.53
5.22
11.44
5
11.66
5
5.29
9.13
5.8
6.24
5.14
6.33
5.71
5.33
6.76
5.1
7.82
7.71
10.2
7.31
10.06
5.08
5.13
7.45
5.63
9.08
9.16
5
5.06
7.01
6.61
5.63
7.61
6
5.49
12.38
5
5.27
5.93
5.34
5.26
5
11
13.05
5.62
5.81
5.32
5
8.16
6.39
12.92
11.82
14.7
5.51
5
8.21
5.36
8.53
5.03
5.13
6.01
9.52
10.01
5.91
5.23
5.53
5.82
5.02
10.94
6.04
5.15
5.18
5.29
9.78
6.55
9.81
8.32
6.27
5.64
9.49
5.42
12.22
5.09
8.86
5.19
5.11
9.18
5.09
5
6.32
5.24
5.93
5
11.49
12.39
9.34
5.76
9.75
5.19
6.21
5.34
5.21
9.57
5.67
12.16
5.21
8.63
10
9.13
5
5
9.61
5.18
11.8
5.47
6.27
5.28
5.33
12.71
5.28
5.78
11.89
5.63
5.07
10.56
5
5.07
5.82
7
10.25
13.29
9.58
5.13
6.4
5.56
5
10.92
7.24
7.83
5.49
6.06
9.23
6.58
5.14
5.13
5.14
9.65
9.38
9.31
5.58
5
9.87
5.61
8.16
5.44
5.23
6.78
5.06
5
9.19
5.27
9.35
5.42
8.51
6.08
6.1
7.68
6.05
5.6
5.69
6.57
8.93
13.16
9.53
13.13
6.28
7.08
7.37
6.33
10.9
5
13
5.61
5
5
10.99
6.73
8
15.04
12.22
9.73
5.09
8.71
5.18
7.49
5.68
5.07
5.86
5.06
7.42
6.24
10.61
5.9
9.13
5.12
5.66
11.8
5.12
5.04
10.12
13.26
11.02
6.06
6.8
5.45
5.55
5.52
5.04
5.51
8.01
7.94
5
5.07
5.23
5.05
5.2
5.69
7.77
5
8.85
8.76
6.23
13.44
6.28
5.28
5.23
5.47
5.14
5.79
5.78
6.98
5.05
5
6.68
5.04
5.2
6.38
5
10.89
11
6.53
5.35
5.12
5.63
5.03
5
5.18
5.39
5.16
6.47
6.28
5
5.69
5
9.98
12.66
6.43
9.05
5.01
8.69
8.69
6.26
5.18
5
5.46
5.21
5
5.87
5.22
5.67
5.24
5.2
6.21
5.2
5.34
5.02
8.5
7.54
5.03
5
5
5.3
9.19
9.45
5
5.86
5.04
7.51
8.24
5.03
12.17
6.28
9.55
8.13
9.71
5.07
11.85
5.09
5.19
9.57
5.52
10.75
5.26
11.03
5.93
5.16
11.65
12.55
5.55
10.46
5.3
5.01
5
9.43
15.28
5.69
13.57
5.74
10.55
11.14
9.6
5.59
8.88
6.43
6.39
5.18
5.29
11.33
5.26
13.87
11.5
9.51
8.26
5.41
8.39
10.61
7
5.86
11.99
5.87
5.03
5.08
5.26
7.22
9.87
5.14
5.25
13.66
5.87
10.07
9.66
5
5.11
10.79
5.56
5.45
5.43
11.64
5.85
6.33
10.48
11.5
6.01
6.25
5
5.8
13.28
6.74
12.08
5.14
5
12.09
5.37
5.12
5
5.54
10.96
10.03
10.05
5.08
9.13
5.4
5.17
5.5
9.76
5.04
5.89
5.69
11.01
12.03
10.83
5
5.37
6.15
5.91
5.68
5.43
5
9.13
5
7.1
5.37
5
10.85
6.13
6.02
11.44
7.07
5.59
5.29
5.91
5.03
11
5
6.4
5.02
5
7.25
6.26
5.27
5.98
5.89
5.06
5
5.33
7.26
15.07
9.93
8.2
5.25
5.16
9.48
8.1
5
5
6.71
5.01
8.7
8.36
6.09
6.92
5.86
10.92
9.45
5.86
10.47
13.31
6.69
12.85
5.04
5.56
18.49
6.7
9.31
5
12
5.09
5.76
6.14
11.74
6.21
5.16
6.3
6.01
5.52
5.4
5.14
5
10.23
8.09
8.68
9.83
5.13
10.64
6.66
5.38
5.33
7.55
8.89
8.95
7.34
12.22
5.35
6.06
9.06
8.85
7.96
5
9.38
5.05
6.25
6.21
6.11
5
5.8
5
6.14
5.05
5.89
5.1
6.77
5.81
5
5
5.01
5
7.03
5.23
5
10.91
5.19
5.16
5
10.17
5.44
5.54
6.33
12.01
10.5
5.53
5
10.28
8.26
8.69
5.69
5.2
8.39
5
5.1
5
5.63
11.31
11.85
13.57
5.47
7.7
6.5
12.64
5.54
12.46
9.24
8.51
8.54
9.46
5.81
5.22
7.37
12.6
11.78
5.31
7.86
7.32
5.26
5.08
5.08
8.87
6.09
7.84
7.84
5
6.3
5.22
5.45
5
11.12
5.08
6.11
6.08
8.74
9.23
5.74
5.31
8.63
5.19
5.13
10.63
8.55
5.01
5
5.72
5
10.55
11.35
8.3
10.84
5
5.3
8.68
5.86
6
8.7
5.05
13.21
11.53
5
5
5.43
9.46
11.31
5.08
5.29
5.21
8.84
5.02
9.26
5.12
5.08
5.04
6.16
5.1
5.63
5.2
5.83
5.04
6.31
5.04
5.7
7.5
5
10.52
6.28
5.24
6.33
5.17
5.75
5
16.31
5.27
5.03
11.79
5
10.3
5.09
8.44
5.98
5.5
5.07
5.22
5.84
7.17
5.98
5.5
9.13
5.2
5
5.05
5
5.03
5.17
5
9.59
11.66
9.85
5.29
5.23
5
8.44
11.4
8.42
5
9.12
11.38
7.13
5.05
5.56
10.27
6.57
5.39
5.03
5.01
6.17
5.22
11.16
5
5.49
8.19
5.16
5.03
7.75
5.4
5.37
5
9.43
5
5.19
9.57
5
5.34
5.29
10.9
10.44
5.85
5.33
6.83
5
6.19
9.06
5.34
5.11
12.63
5.82
15.18
10.69
8.62
5.31
5.58
5.21
5.8
5.4
10.8
5.72
5.88
5.12
11.02
5.01
5.2
5.36
10.57
5.27
5.02
5.09
5.16
5
6.31
10.48
11.35
5.9
5.16
10.61
10.19
5.3
8.15
5.12
6.65
11.21
10.24
5.81
5.44
8.63
5.68
5.34
11.39
7.21
5.2
9.69
5
10.81
5.12
12.12
5
5.35
7.63
5.02
10.66
9.52
7.24
5
5.11
5.16
6.08
5.29
5.16
5.95
11.86
12.41
11.59
8.19
5.15
5.97
8.09
10.36
10.76
5.02
5.16
5.25
5.15
7.94
5.91
5.3
5
6.1
7.74
5.07
8.22
5.78
9.72
10.98
5.36
6.21
10.1
10.96
5.28
12.52
5.34
5.46
9.76
9.58
6.68
12.21
5.26
5
6.37
5
9.42
9.66
10.78
5.09
8.48
11.11
5.8
5
9.84
12.04
5.95
6.11
5.61
6.9
9.08
10.11
6.62
6.62
5.34
10.18
5.92
5.05
10.01
6.02
9.41
5
10.84
5.39
5.79
6.07
7.35
10.88
5.29
5.91
6.2
6.31
12.15
5
5
5.67
8.62
11.88
10.06
5.01
5.08
5.26
9.43
11.18
5.26
5.38
12.73
12.99
6.91
5
8.97
5.04
5.25
9.59
5.37
5.05
6.61
5.48
5
5
5.97
8.85
11.22
6.02
6.28
5.09
5.4
5.14
12.59
11.76
7.72
6.11
5.13
6.89
10.53
11.2
10.34
6.63
5.94
7.93
5
9.06
10.62
10.35
6.11
8.72
6.47
5.37
5.38
9.43
5.74
5.5
5
5.35
6.67
10.25
5.06
5
7.87
10.55
9.39
10.86
5.79
5.03
5
5.7
5.86
9.16
5.99
6.31
9.13
5.12
5
11.71
8.09
6.19
6.14
10.84
11.29
6.28
7.39
6.05
5.12
5.49
5.5
5.17
5.04
5
5
5.02
5.02
5
7.85
9.63
5.06
6.3
5
10.77
5.03
6.09
6.77
9.76
5.56
5.52
5
11.72
5
5.05
10.75
5.42
5.49
5.35
5.06
5.17
5.1
10.49
5.95
5.16
6.1
12.15
11.19
5
5.09
5.29
11.44
9.79
5
10.15
7.16
5.01
5.93
6.12
10.98
12.77
5.34
9.88
5.04
5
6.26
5
10.71
9.44
5.06
5.62
9.69
5.72
12.09
11.12
5.09
10.59
5.25
6.26
5
6.96
5
6.3
6.46
9.45
5.29
5.79
5.36
5
5.59
11.47
5.48
5.08
10.62
12.14
5.9
9.29
6.59
9.08
5.48
8.37
11.61
5.99
9.12
5.27
12.77
5.26
5.23
6.02
10.45
5.17
7.96
5
9.26
9.13
6.25
9.98
5.35
5.33
8.91
5
8.43
11.67
5.76
5.55
9.18
6.57
5.78
9.46
6.92
5.06
9.85
9.54
5.14
6.06
9.78
11.31
10.28
8.87
5.66
9.38
5.07
10.26
6.66
5.03
15.15
9.41
6.44
5
9.5
5.14
5
6.15
6.66
5.77
12.29
5.02
9.3
5.01
8.91
5.08
5.94
6.66
8.7
6.5
5.05
7.17
5.79
8.75
5
13.89
9.75
6.19
9.11
5.03
5.26
5.72
5
5.14
11.24
9.38
10.41
5.01
5.94
5.24
5.14
7.26
6.18
13.45
5.42
8.56
5
5.35
8.42
9.41
5
5.08
7.44
5
5
11.86
5.11
5
5.16
5.03
5.07
5.4
13.37
6.24
7.25
9.82
5.59
5.47
5
10.61
6.47
11.48
8.76
7.64
6.22
9.71
6.02
10.66
9.56
8.39
5
11.07
6.34
9.59
5
10.91
6.47
5.13
5.26
5.03
5.61
6.3
10.43
5.94
5
5.93
7.18
5
5.02
5.29
5.2
5.68
5.36
5.57
5
5.07
5.66
11.21
5.63
5.03
