10876 34740
15.84
13.27
8.38
14.08
9.15
10.65
13
9.66
13.54
13.46
15.49
9.12
13.07
9.94
16.93
11.68
8.34
12.64
9.72
17.59
16.26
12.17
8.28
13.17
8.04
14.97
15.47
8.9
8.71
8.45
8.33
9.83
10.23
10.59
9.67
8.97
11.65
12.43
14.32
12.37
8.74
13.68
17.47
13.9
10.11
11.01
14.37
14.27
8.3
13.68
9.98
11.83
15.1
9.28
11.54
16.03
8.32
11.35
10.81
10.82
15.27
15.37
16.96
11.76
9.29
14.46
9.73
8.31
14.6
8.3
18.65
11.05
11.79
11.18
12.88
11.6
10.32
10.77
10.6
11.38
10.85
9.75
9.53
14.44
10.34
10.63
16.22
13.78
10.51
10.11
10.35
11.32
8.27
12.17
10.16
9.77
12.85
15.55
10.2
13.16
16.05
13.4
11.56
8.53
10.79
13.71
13.38
8.14
8.19
14.89
11.77
11.24
13.93
10.6
11.15
12.05
9.73
12.37
14.01
11.89
17.93
10.35
9.51
10.5
8.4
16.52
15.38
16.2
16.28
16.45
11.94
13.21
11.54
9.13
15.98
13.44
14.66
13.36
11.68
9.23
14.18
17.29
13.68
12.77
8.94
16.49
12.45
14.47
11.74
12.63
10.11
15.83
13.87
12.65
11.8
13.71
14.43
10.81
9.56
10.29
10.07
16.63
12.07
12
15.94
11.86
11.33
10.27
12.85
10.55
11.1
11.61
11.15
10.99
8.46
8.34
12.36
13.42
14.22
13.19
13.42
16.01
9.56
16.27
12.56
12.67
11.86
9.99
13.1
18.08
15.78
13.67
12.47
11.4
15.91
11.25
8.95
10.14
9.84
15.5
13.17
10.48
11.99
13.36
8.19
8.5
14.14
9.64
13.12
15.39
10.74
14.51
8.48
14.82
13.12
10.6
11.05
8.12
13.45
8.16
10.8
9.75
11.07
16.69
11.59
9.74
11.83
8.4
9.67
9.31
11.58
10.8
11.45
10.87
10.17
9.08
13.54
9.71
8.45
10.37
8.52
9.54
8.21
11.25
14.99
15.94
13.36
15.13
12.82
12.39
11.55
10.61
12.72
8.29
10.82
11.58
12.15
11.47
11.28
11.46
12.9
13.29
14.8
8.79
10.67
8.07
13.07
15.46
14.65
13.5
14.82
16.22
17.64
11.69
9.69
12.2
12.37
8.29
14.59
14.97
14.67
12.7
8.5
11.12
16.64
14.15
9.67
15.9
13.65
14.58
13.16
13.26
13.81
15.02
12.29
15.49
10.35
16.18
13.34
9.67
9.27
13.51
11.66
15.89
11.61
12.53
12.21
10.18
8.21
14.44
15.91
14.89
12.35
16.09
13.42
9.36
8.14
12.78
18.43
12.58
9.02
8.23
12.98
12.58
12.41
10.32
11.04
12.75
15.96
12.59
8.47
21.74
8.19
8.63
10.36
9.59
8.85
8.32
13.68
13.13
13.08
9.03
8.71
11.2
8.61
11.61
16.05
8.78
11.08
10.63
12.6
12.84
13.39
8.28
10.62
11.56
11.57
9.19
11.3
8.3
8.41
13.74
8.16
11.33
11.2
12.6
11.18
11.25
9.64
11.34
12
10.21
9.87
10.67
8.21
8.32
9.58
10.34
11.9
13.83
10.84
9.85
13.84
15.56
9.24
20.62
15.57
16.02
13.6
12.18
11.01
14.99
15.1
12.89
14.91
15.66
16.1
11.89
11.16
12.69
8.33
13.86
10.66
14.99
8.35
9.88
14.98
16.84
14.48
13.35
8.27
9.99
12.9
11.46
11.91
11.2
9.31
13.52
12.38
9.34
17.47
10.56
10.96
8.44
12.64
11.59
12.1
8.72
8.26
9.54
9.67
10.27
12.21
8.2
13.29
11.88
12.44
10.06
11.64
11.75
12.39
10.55
11.31
10.9
12.89
12.6
12.62
10.87
10.61
11.37
13.45
11.74
16.61
9.41
12.31
13.51
13.84
11.73
14.83
10.65
12.64
11.33
13.68
12.45
10.02
9.24
10.27
8.33
8.15
11.06
14.27
10.1
8.28
11.74
11.47
12.56
13.78
14.07
12.92
12.64
9.88
11.47
12.18
8.64
15.65
10.53
15.44
11.47
12.54
15.46
22.31
10.91
14.11
14.49
12.53
12.15
10.37
12.45
11.83
9.07
12.81
14.2
13.95
8.51
12.13
11.59
16.04
12.02
15.94
16.28
12.1
8.26
10.07
10.32
12.68
9.31
17.62
11.31
8.35
11.69
8.26
13.74
13.21
11.1
9.56
14.92
11.96
10.61
14.85
12.94
13.14
8.18
8.36
8.21
13.06
8.43
10.96
16.83
13.86
8.23
10.37
10.3
13.95
14.45
12.52
12.35
14.18
11.6
10.33
11.49
12.7
11.81
9.42
9.13
12.64
9.05
15.48
11.29
8.18
10.4
10.6
15.27
12.3
8.68
9.32
16.34
14.45
15.03
13.44
13.11
21.2
13.39
12.89
14.09
11.69
13.19
12.6
17.37
8.47
16.82
11.97
10.67
11.21
12.09
8.22
8.8
10.25
18.11
13.9
12.55
16.53
8.16
15.26
11.75
9.29
15.62
9.2
11.22
10.67
15.04
13.2
10.2
12.89
11.66
11.12
9.09
12.15
15.56
12.35
12.16
16.15
18.91
8.16
8.33
10.09
8.67
13.36
8.29
15.54
13.67
9.85
8.2
11.69
11.5
14.72
18.9
9.35
11.8
13.05
11.28
9.09
11.14
10.04
8.5
8.42
11.83
9.95
13.06
12.78
18.36
9.31
10.03
17.08
11.3
8.2
9.54
8.63
8.13
13.08
11.12
10.15
11.33
13.16
10.12
18.68
10.17
11.93
14.01
14.46
13.08
9.45
9.93
10.8
14.61
14.56
10.44
11.04
15.95
12.57
13.54
12.22
12.3
8.14
8.35
12.88
12.85
11.33
12.52
11.21
12.64
11.49
14.09
12.5
12.9
13.24
10.78
13.29
15.01
13.72
10.05
10.61
9.94
17.14
11.86
11.8
11.96
14.27
9.27
12.26
9.65
9.16
14.64
16.87
11.25
10.16
11.51
16.08
8.54
11.44
10.13
9.81
13.77
11.55
12.09
10.28
8.33
10.99
13.07
12.83
8.28
14.13
10.12
14.9
16.27
13.9
11.64
11.78
13.68
17.53
9.87
11.48
18.22
12.34
14.67
8.1
8.37
8.32
11.05
10.79
16.36
8.46
8.29
12.76
10.61
8.31
12.96
9.95
15.3
11.8
12.84
13.07
16.33
9.9
10.77
8.18
8.67
11.08
13.96
8.21
15.49
12.18
10.51
11.48
12.67
9.19
17.04
9.11
14.25
11.13
14.05
14.25
8.22
11.47
18.18
9.82
14.24
12.83
12.26
14.42
10.98
16.23
13.58
12.75
14.32
12.72
11.04
13.72
8.17
12.79
11.08
9.66
16.11
12.64
17.76
13.91
10.87
17.71
12.61
14.06
13.21
8.58
12.96
16.31
14.71
11.24
11.24
13.4
8.21
8.82
17.92
17.42
11.58
8.12
11.94
8.07
13.65
13.07
9.64
12.27
13.54
14.71
13.37
13.54
22.99
8.37
11.75
12.84
12.79
10.2
11.08
15.73
14.71
11.3
11.1
10.88
16.25
10.63
10.7
10.71
10.72
12.74
11.99
9.43
8.87
8.15
10.68
11.86
10.58
11.6
14.87
10.73
13.34
8.99
9.95
12.55
12.6
8.49
12.7
8.74
8.45
8.23
14.09
11.22
8.01
8.26
13.97
14.07
12.55
10.09
13.1
12.31
11.13
16.42
9.92
10.9
8.18
10.42
9.95
13.59
8.37
13.39
9.19
11.14
10.12
13.34
11.48
9.22
9.85
10.27
8.28
10.55
8.51
12.66
17.17
13.16
12.89
13.39
8.5
10.43
9.77
10.77
12.36
13.26
8.36
9.86
11.31
10.51
10.19
13.38
10.2
11.11
13.87
9.94
14.62
10.35
14.28
11.11
13.25
11.59
13.8
9.54
10.86
14.16
11.76
10.95
9.49
9.49
10.62
8.7
8.07
15.32
12.65
10.84
13.16
16.55
15.07
8.31
12.92
13.22
11.61
11.27
11.96
18.39
16.01
8.4
17.76
15.67
15.84
14.36
10.36
8.38
16.51
12.56
13.78
11.29
11.21
8.12
10.13
12.9
14.8
13.24
13.93
9.46
17.02
14.82
9.22
14.95
13.54
13.06
10.04
14.75
12.87
14.08
9.29
10.35
12.24
13.84
12.84
16.05
14.7
16.27
8.5
8.12
8.2
9.06
11.63
15.19
15.3
15.24
11.03
15.9
9.76
9.7
15.27
9.83
13.31
12.46
13.88
15.1
9.23
8.88
16.55
8.26
11.55
13.36
12.71
8.34
9.95
8.71
10.12
9.28
9.4
14
10.63
13.53
14.28
15.09
13.34
14.73
12.71
13.89
9.8
10.86
13.55
9.14
9.59
13.73
13.64
8.22
12.23
15.67
11.3
16.88
12.92
12.72
10.36
11.13
18.31
11.22
14.44
20.93
9.76
10.19
11.37
12.23
13.15
9.52
9.16
8.13
12.82
14.39
13.94
10.88
11.14
14.84
11.04
13.39
12.8
15.39
11.9
12.45
13.41
11.92
13.29
14.77
12.88
13.31
8.33
12.81
12.51
8.71
12.93
8.18
8.53
11.56
13.55
9.67
12.45
17.02
14.63
12.82
8.99
9.11
12.43
13.42
9.28
9.38
10.47
9.14
11.2
13.08
9.84
15.68
10.2
10.34
8.64
8.57
16.7
9.47
18.46
8.27
9.05
10.07
17.7
16.93
13.67
15.06
15.07
12
8.83
11.93
9.61
9.08
11.26
8.74
12.52
8.37
13.19
9.29
12.11
12.34
11.93
13.51
14.37
11.21
17.5
13.72
13.56
11.78
8.43
16.5
14.88
12.97
10.21
13.67
11.16
12.52
8.37
11.63
9.43
10.95
11.82
8.39
13.49
8.22
10.61
14.65
19.77
13.29
12.39
10.93
9.84
8.91
8.21
10.87
11.72
12.34
13.52
8.37
9.2
9.52
14.18
18.44
14.09
11.47
11.24
8.45
12.82
13.49
9.91
13.1
14.78
12.63
16.53
10.75
9.1
14.66
9.84
11.01
13.94
10.36
13.23
12.24
12
11.58
8.29
9.5
8.43
13
9.92
10.12
11.03
8.25
14.66
10.45
13.42
12.74
13.03
8.47
12.88
14.55
11.83
11.41
8.14
10.34
17.36
11.07
15.8
10.33
8.59
9.34
12.1
9.74
9.93
10.64
14.88
10.4
10.24
12.03
15.47
8.49
12.73
13.83
8.78
12.25
10.62
16.54
11.33
10.14
11.96
12.85
13.06
11.03
8.26
8.39
9.36
12.52
8.39
9.04
8.17
14.35
10.72
11.93
15.34
12.33
10.77
9.11
8.44
12.36
9.38
17.89
9.89
14.79
11.41
13.83
11.59
8.1
12.89
8.85
8.23
10.5
12.03
17.97
16.13
12.13
12.86
13.9
11.33
10.96
10.56
13.78
12.11
15.45
11.11
16.51
11.17
11.7
9.42
12.51
9.13
9.28
10.82
14.24
11.03
13.46
11.49
8.44
10.47
10.64
10.12
11.28
13.96
9.08
14.44
12.81
12.55
8.34
10.28
8.5
10.46
10.57
10.09
12.63
9.9
13.44
9.77
15.3
11.17
18.1
9.46
15.24
11.58
11.44
10.37
14.07
13.13
12.72
12.05
9.58
12.7
14.87
10.99
15.96
10.47
14.86
17.98
10.55
10.72
9.93
10.3
11.2
10.15
12.34
11.86
10.25
10.41
13.53
9.07
8.71
12.77
12.87
11.93
10.82
8.99
9.78
14.04
13.57
11.17
12
10.58
11.78
12.82
8.52
12.95
9.02
9.11
13.26
13.24
14.43
11.14
11.13
8.43
10.23
12.09
13.51
12.66
9.11
12.98
13.87
8.24
9.44
11.36
9.7
11.22
17.15
8.23
8.25
12.79
11.32
9.39
17.2
12.42
9.12
12.43
8.26
9.84
12.68
13.7
8.35
11.2
9.21
11.47
14.78
10.55
11.12
9.56
9.31
8.43
14.93
11.57
8.43
13.08
10.19
9.44
13.19
10.91
11.16
13.7
13.79
10.73
13.11
8.7
11.17
10.46
17.93
11.76
13.34
14.57
13.54
8.24
13.15
12.21
11.31
12.85
11.15
11.45
12
10.83
10.2
9.37
13.63
9.01
12.29
8.47
10.69
11.07
9.5
12.93
12.24
17.38
9.78
8.24
15.91
13.17
10.56
17.36
10.37
11.85
19.86
21.48
8.6
11.65
10.99
14.4
13.73
10.57
13.33
8.41
10.11
12.53
9.19
12.23
14.53
13.46
13.71
8.71
8.26
11.98
13.25
13.43
13
15.72
12.28
8.91
15.97
11.06
17.4
14.42
12.69
11.84
13.33
10.24
11.93
13.27
11.92
14.76
12.23
10.97
17.52
18.23
13.56
8.37
10.3
10.3
12.07
13.38
16.13
14.92
8.29
11.57
9.92
15.09
14.13
16.17
11.83
10.46
8.19
8.15
11.33
15.22
8.72
11.97
13.9
17.82
12.37
12.95
11.11
14.48
9.07
10.39
8.79
15.06
17.19
10.11
10.58
9.36
13.75
11.65
11.12
11.17
8.49
9.32
10.66
8.71
9.25
10.67
10.13
12.68
13.18
15.18
12.12
8.18
9.76
10.45
13.77
10.74
17.58
10.02
8.35
14.49
11.17
11.96
11.88
13.36
11.91
10.07
14.91
12.55
16.34
8.52
12.88
10.7
8.17
13.98
14.46
17.22
10.82
10.31
11.74
14.37
12.82
12.62
8.29
13.69
10.75
16.91
11.9
11.86
15.01
14.22
14.84
12.78
9.75
11.74
14.17
11.19
13.15
10.65
8.19
9.57
10.2
13.58
15.79
12.59
12.17
14.25
11.18
14
8.34
9.75
11.07
10
10.13
8.35
8.29
8.22
8.27
9.47
10.84
8.38
10.83
10.35
16.91
11.38
15.01
8.41
12.74
12.23
12.07
12.62
17.28
8.99
9.45
8.35
13.09
12.71
10.69
8.33
14
15.35
10.84
12.2
13.96
12.08
10.76
16.16
10.77
8.17
8.7
12.03
13.74
15.12
14.05
11.32
14.58
12.74
15.54
9.31
8.34
11.47
11.9
10.11
9.58
8.28
13.71
12.61
10.61
10.48
12.19
11.25
10.69
10.16
8.2
10.97
11.28
8.95
12.47
12.86
14.12
12.13
8.52
8.88
8.59
16.15
12.59
8.16
8.11
12.72
9.3
10.69
9.9
12.74
13.14
13.49
14.26
11.52
8.11
12.91
8.24
10.98
16.73
10.77
11.82
14.5
12.69
8.22
9.25
8.49
13.55
9.31
8.9
10.61
8.25
8.38
8.51
16.99
12.04
12.28
9.06
11.55
11.06
8.93
10.21
9.8
12.37
9.6
8.91
10.19
9.74
15.83
13.07
12.59
18.81
8.39
13.61
16.21
14.22
13.64
12.93
8.58
12.75
14.79
14.43
8.31
8.98
11.95
14.04
8.15
8.53
11.43
15.65
8.06
13.79
15.76
8.32
9.62
16.18
11.35
10.85
9.26
13.81
9.76
8.91
13.17
8.27
12.55
14.01
12.15
13.43
8.51
13.66
11.38
12.19
10.95
8.59
10.9
10.21
8.67
12.6
14.59
9.46
11.01
15.28
11.49
10.6
8.36
8.18
8.54
10.23
11.66
8.6
9.49
12.93
10.36
8.65
14.05
10.08
9.46
12.73
9.17
11.83
9.05
11.72
8.19
10.53
9.74
11.37
22.64
13.09
12.58
13.35
10.43
12.58
10.04
14.08
15.79
12.11
12.3
14.4
13.96
13.33
12.2
10.18
10.16
10.89
8.31
10.84
17.52
10.34
14.48
13.45
9.9
13.73
8.86
13.51
8.36
9.89
12.44
12.17
8.14
10.68
11.66
8.93
12.49
11.5
14.01
13.55
9.17
12.41
10.03
11.11
15.57
17.25
11.29
12.85
9.31
10.36
15.5
9.47
9.81
11.53
10.57
8.16
13.96
10.4
11.08
11.18
8.56
13.34
11.59
12.95
15.56
12.29
12.52
11.62
13.28
10.28
10.09
14.29
10.84
10.17
9.43
12.64
11.69
8.46
13
12.33
14.73
12.04
9.46
14.9
12.53
14.95
14.91
12.34
14.69
10.91
12.41
8.18
12.43
12.2
14.28
13.81
8.92
11.43
11.46
16.18
9.62
13.56
9.18
8.39
9.49
11.51
14.73
8.17
11.67
9.84
14.08
9.07
12.07
12.79
11.36
10.43
9.91
10.93
14.43
17.1
13.56
9.85
11.1
8.23
8.52
8.49
12.2
9.09
8.32
13.84
13.23
10.62
11.58
9.67
10.43
11.17
8.23
11.79
8.23
11.07
15.76
12.77
16.25
12.58
10.67
11.82
10.15
8.46
8.81
11.06
8.32
13.25
14.85
14.16
10.35
11.45
8.24
10.64
10.92
14.18
14.52
12.39
13.43
10.38
12.9
11.42
13.07
13.41
15.49
9.69
14.28
10.17
8.43
13.28
10.9
11.14
14.11
9.32
10.72
10.81
14.35
13.66
8.12
14.77
17.57
11.73
11.84
18.87
12.23
12.05
10.6
11.16
11
14.36
10.11
13.05
13.77
14.5
8.36
10.15
9.13
12.54
9.75
11.64
8.13
14.84
9.78
16.71
10.07
11.95
11.85
8.36
10.16
9.86
9.71
9.67
13.13
9.37
8.23
11.9
10.75
11.03
11.24
11.22
9.57
14.84
10.11
10.47
12.32
8.13
12.79
10.19
10.27
11.72
15.61
11.81
12.87
10.14
8.55
12.53
11.49
9.46
9.78
10.22
10.17
12.08
16.03
13.35
8.8
13.98
19.67
9.78
8.46
14.19
8.09
14.36
17.55
12.69
14.06
13.5
11.68
10.68
11.01
8.7
12.39
12.98
11.88
10.08
13.48
10.72
13.3
9.08
11.91
14.15
8.36
12.86
11.93
10.24
12.86
9.37
11.1
11.95
10.38
9.33
14.35
9.52
8.65
10.57
8.33
15.81
10.6
14.01
13.24
8.93
12.13
12.64
8.34
16.04
8.83
15.7
11.9
16.48
8.6
10.98
11.61
10.65
10.25
12.79
16.15
11.84
8.39
13.11
9.88
15.1
16.94
10.31
16.24
11.71
9.9
11.57
12.98
9.51
12.66
9.62
11.32
9.87
12.89
10.34
8.16
14.83
15.43
13.87
10.04
10.35
13.8
11.48
17.11
14.81
9.95
11.2
10.74
13.33
11.53
12.12
8.52
8.19
8.6
16
8.66
12.86
11.92
9.33
10.72
11.72
12.97
13.81
9.83
8.53
15.98
8.54
8.59
11.57
14.04
10.87
11.05
15.55
13.98
17.48
13.12
14.18
12.19
14.42
15.16
8.26
12.53
12.68
9.46
8.1
9.54
9.25
10.76
9.59
9.71
8.73
15.02
11.79
12.12
14.52
12.33
10.29
8.12
15.56
15.9
11.36
9.53
15.15
11.35
10.01
11.24
15.28
10.51
12.07
10.56
8.45
8.51
13.91
11.72
12.97
10.71
8.16
8.23
16.52
11.08
9.79
11.44
16.46
11.23
9.71
13.01
8.18
9.08
16.63
8.15
8.54
8.23
12.24
8.53
12.06
8.28
12.24
12.81
10.31
8.51
13.09
13.87
13.06
8.04
11.42
12.22
12.03
12.98
12.83
10.44
8.37
13.37
14.09
11.07
11.41
10.78
8.36
9.72
8.27
9.33
8.62
11.44
11.19
8.84
12.42
13.5
12.84
8.83
16.6
12.55
11.06
13.71
12.06
14.21
11.3
8.1
12.85
13.21
12.03
16.48
8.2
12.85
14.85
8.44
9.99
16.14
14.05
8.19
9.04
12.97
14.21
10.24
12.48
12.71
15.05
14.25
15.75
10.47
17.53
11.4
10.38
8.37
10.2
15.04
9.8
9.39
14.52
12.49
14.45
10.3
8.17
17.59
11.01
13.83
18.13
10.68
9.35
8.23
12.9
12.21
10.72
15.42
8.31
11.93
12.3
11.95
12.5
15.55
14.06
12
12.36
11.28
14.43
9.67
15.36
10.5
10.42
9.64
10.86
12.57
9.02
11.43
11.03
9.69
8.61
15.5
8.1
8.24
9.61
11.08
12.73
15.21
12.24
12.16
13.38
12.46
9.56
8.21
12.54
9.77
8.96
13.21
8.47
10.38
15.21
14.03
11.59
11.31
11.11
10.67
8.11
10.24
9.22
8.12
12.93
13.68
9.69
10.15
18.25
16.47
13.97
11.27
8.66
10.75
11.3
10.59
14.39
12.15
13.86
15.32
9.96
9.49
16.46
13.33
10.11
10.32
10.71
9.61
11.81
9.88
11.56
11.98
13.99
14.22
10.03
17.17
8.19
9.43
12.57
8.35
12.24
8.59
16.64
12.66
10.89
12.8
9.55
13.09
11.4
8.43
9.48
11.25
9.29
11.43
15.44
10.35
10.27
10.82
10.35
8.9
8.57
14.79
10.09
8.51
9.28
12.58
12.45
9.84
16.83
12.32
10.91
12.91
8.34
11.48
8.5
14.81
12.58
16.63
15.47
12.87
9.53
8.8
12.48
13.57
10.7
11.91
13.25
12.15
10.9
15.18
13.64
9.87
14.62
11
9.6
14.9
13.1
11.16
15.85
9.02
9.66
14.38
11.24
12.75
8.51
15.33
10.5
13.78
15.36
13.54
13.05
9
10.72
10.16
9.86
8.54
17.14
11.22
8.25
9.68
10.76
9.38
10.85
8.99
10.09
12.53
11.45
9.5
8.41
10.18
8.5
11.84
9.54
14.12
11.95
11.98
11.75
9.64
10.85
15.98
9.14
11.41
11.17
10.88
9.93
16.02
12.39
8.59
15.64
11.62
8.51
9.05
11.13
12.77
10.25
10.21
8.95
17.72
9.72
8.29
10.58
13.34
16.69
10.37
12.04
10.62
16.66
12.27
12.23
8.21
13.72
11.46
16.03
9.89
9.13
12.73
10.95
15.93
9.42
9.21
17.4
10.84
20.44
10.8
10.96
13.17
10.62
9.28
13.98
13.21
9.39
15.23
8.18
9.96
14.07
10.23
8.22
13.79
12.72
11.83
11.53
11.06
16.58
14.18
9.07
10.39
8.1
8.23
8.15
11.9
17.37
10.85
11.89
11.92
10.37
9.83
14.51
8.75
11.97
12.81
8.42
12.88
9.64
12.22
8.13
10.78
13.08
15.67
11.75
8.24
8.73
11.63
10.96
14.03
14.9
12.15
17.3
12.2
9.51
11.91
11.1
13.9
13.39
13.95
10.48
10.84
13.7
8.88
15.63
13.25
15.66
12.76
15.57
10.51
16.28
14.18
12.04
12.1
9.44
8.43
26.62
10.93
9.85
14.54
10.56
10.63
12.49
16.24
9.87
15.43
12.5
8.43
8.39
14.32
8.1
8.26
12.62
14.39
8.09
10.88
14.76
12.24
17.8
15.17
11.39
8.25
11.74
9.26
12.71
9.92
15.32
11.57
8.23
10.11
9.29
9.88
8.24
8.39
9.08
10.77
13.35
13.49
8.65
13.21
12.01
10.91
11.11
14.43
8.26
11.75
8.15
13.45
14.63
15.1
11.16
9.98
14.76
14.03
14.75
9.06
12.74
11.91
12.89
8.49
8.56
9.69
10.87
11.82
12.98
15.94
12.99
11.6
11.45
8.23
11.76
14.3
10.45
11.84
14.01
10.86
12.73
8.4
8.16
11.44
12.39
14.24
8.49
12.16
13.34
15.64
11.51
16.15
14.21
8.13
10.93
17.64
17.65
11.15
12.67
13.31
11.36
11.34
11.33
11.27
15.65
11.07
11.58
11.96
11.38
17.78
8.11
9.92
9.79
12.21
12
12.13
12.34
10.28
9.83
12.51
10.98
10.01
8.27
9.08
10.87
10.5
12.37
8.36
11.73
11.91
12.42
11.08
12.46
12.52
8.59
10.22
11
8.46
10.95
15.31
12.64
9.85
10.91
9.07
11.2
10.62
11.27
12.42
12.15
10.63
13.4
12.48
10.39
10.95
10.84
8.18
12.37
8.98
19.45
10.56
9.87
8.92
8.36
12.26
8.03
14.35
14.57
10.51
11.87
9.08
13.55
9.28
11.36
9.13
12.73
10.17
8.31
13.04
14.16
10.93
11.63
9.8
8.17
8.88
11
10.21
10.58
11.36
9.59
15.54
12.98
13.85
13.93
14.34
13.19
12.21
10.56
18.68
9.75
12.55
13.96
11.34
11.73
10.2
8.76
8.45
12.81
9.02
12.11
8.33
9.76
13.83
11.41
13.02
12.74
8.2
10.48
11.9
8.48
9.18
10.07
11.12
11.25
10.59
8.21
10.67
11.63
8.19
9.41
10.28
12.63
15.33
10.61
15.55
12.91
11.28
8.31
10.89
10.98
8.3
12.88
8.25
11.83
15.17
12.56
15.82
10.63
9.11
16.72
8.45
15.16
14.86
10.95
10.38
13.96
14.75
12.38
8.28
9.02
13.53
8.43
13.71
8.32
11.03
11.89
12.99
14.37
17.95
15.66
8.27
10.22
10.49
13.72
8.2
8.47
14.34
14.1
8.26
9.25
8.2
9.1
14.76
16.58
8.96
12.03
8.41
13.85
13
8.58
8.42
11.41
12.95
11.62
17.79
14.44
8.31
14.95
17.8
8.13
12.36
9.8
10.27
12.3
8.4
19.64
10.4
13.99
14.36
8.32
8.16
17.9
11.72
10.97
18.15
12.84
8.12
11.65
9.67
8.29
13.89
9.51
11.24
10.17
12.65
10.17
9.3
11.87
12.56
14
14.53
16.44
11.38
11.01
18.27
10.32
13.63
12.26
9.86
8.81
8.72
9.16
11.43
8.14
12.61
12.68
11.19
9.54
8.1
9.44
10.95
12.54
13.27
8.38
9.75
14.1
15.55
11.19
11.58
11.66
18.21
9.34
10.42
11.8
13.41
13.85
13.24
10.35
13.03
10.82
12.84
8.45
8.2
11.95
11.59
13.5
10.47
15.56
13.37
9.39
10.54
10.93
8.46
12.83
17.53
16.19
12.44
11.66
14.55
11.75
12
10.26
8.34
14.51
9.09
10.27
12.08
13.26
12.52
9.24
10.98
12.28
14.19
11.81
13.31
10.91
9.59
12.23
9.5
11.23
8.22
15.42
8.37
16.06
15.14
8.93
9.03
8.86
14.37
11.45
14.27
8.12
10.05
8.43
12.62
12.35
11.8
8.1
13.02
12.03
13.67
14.67
13.56
13.25
11.5
10.17
13.42
17.36
8.37
14.79
14.38
9.07
16.87
12.32
10.13
8.13
14.83
9.91
11.12
8.19
13.52
9.71
9.99
8.17
14.69
14.56
15.85
9.64
8.14
13.77
20.65
10.72
11.99
11.19
16.33
12.04
10.27
10.15
14.38
8.31
8.4
13.12
12.02
15.33
15.04
16.49
8.27
9.86
16.95
8.47
13.6
9.8
12.45
9.82
14.81
12.95
13.31
8.55
9.6
14.25
9.85
10.28
13.46
13.84
10.23
10.88
15.72
18.64
9.77
12.68
10.71
8.13
12.43
11.79
14.24
9.25
9.28
12.22
12.23
11.93
9.28
8.27
11.05
9.93
11.43
9.38
11.53
10.39
13.08
9.5
11.45
10.27
11.59
12.56
12.64
11.98
8.32
17.09
8.85
10.56
9.38
9.93
10.31
10.48
11.72
11.23
10.26
14.87
10.93
8.19
11.64
9.04
8.6
8.67
11.37
10.28
12.5
8.34
16.03
9.95
10.15
8.17
12.37
10.95
12.33
11.86
9.62
12.87
10.4
8.31
9.9
11.2
11.2
12.53
8.07
8.22
8.29
12.23
9.84
10.45
12.3
11.42
11.2
11.52
10.93
10.86
15.28
10.96
8.21
8.1
9.24
8.39
11.23
11.99
10.37
12.69
15.73
12.83
11.64
15.22
10.02
14.39
10.65
11.97
9.9
12.69
8.37
15.46
8.12
10.16
11.19
12.93
8.15
8.57
11.35
11.21
10.72
9.24
19.05
16.61
14.35
8.31
10.01
14.16
8.15
9.71
10.2
12.99
15
9.3
8.43
10.04
11.54
11.62
17.08
12.01
9.99
12.34
11.5
15.68
10.02
9.59
10.91
10.6
9.59
9.02
10.92
8.26
10.13
11.76
13.32
11.46
15.4
11.58
13.39
13.43
11.63
11.45
8.45
8.52
11.75
14.78
8.52
11.75
14.39
13.35
11.26
8.51
11.1
11.69
11.45
13.35
8.15
12.45
15.49
9.13
9.36
8.2
11.72
10.48
9.22
11.56
11.46
11.36
8.22
13.84
16.08
11.57
13.04
12.92
8.38
45.2
9.36
12.26
11.29
13.83
15.55
8.9
9.36
10.25
8.1
12.6
8.48
14.51
9.48
14.08
16.54
8.23
13.38
8.91
13.13
9.88
9.34
11.21
11.81
13.25
8.4
12.68
16.09
13.86
14.88
14.22
19.38
12.8
12.81
12.79
10.96
16.72
12.7
11.75
11.82
14.45
13.67
12.45
13.52
8.34
11.91
11.8
14.51
8.22
10.17
9.23
12.26
11.56
9.28
13.29
11.04
12.49
14.02
14.96
12.13
9.94
10.53
9.36
8.19
11.22
13.19
8.17
9.82
14.53
11.05
10.13
8.32
10.21
8.06
10.32
12.61
12.89
12.59
9.95
14.68
13.15
12.36
8.69
8.34
8.32
11.41
14.22
10.6
15.89
16.11
11.32
10.13
10.24
11.02
15.06
17.07
12.31
10.41
8.84
13.14
9.83
9.2
14.52
12.55
10.87
8.26
12.81
11.41
10.37
11.17
10.62
11.14
8.41
11.79
10.32
9.04
11.03
10.81
13.1
8.31
11.46
8.33
13.24
13
14.5
13.66
13.21
12.23
10.63
15.29
16.42
9.27
11.71
8.24
14.88
13.48
10.73
12.57
13.28
12.77
9.77
14.79
14.1
9.68
11.08
12.62
12.11
10.49
8.34
9.95
8.25
15.71
8.33
11.65
14.96
9.5
8.85
11.69
8.42
12.61
13
8.69
12.24
10.96
9.97
8.74
12.48
9.84
12.06
11.59
13.51
10.95
13.36
16.74
12.87
8.39
8.23
14.03
13.02
10.15
8.43
9.81
10.19
13.93
11.23
11.66
14.97
8.55
14.9
8.52
8.41
11.08
9.06
9.5
8.38
16.35
9.85
8.42
13.45
10.92
12.59
9.41
11.94
12.78
9.87
10.71
11.89
10.43
13.3
8.28
13.02
8.55
18.08
8.45
13.69
10.47
17.16
10.52
14.58
14.05
10.37
11.73
9.78
12.31
14.75
8.46
8.42
9.78
11.62
13.65
11.29
11.73
12.23
8.08
11.78
13.88
10.23
13.93
9.46
11.98
10.73
10.85
10.68
14.18
8.99
12.38
8.35
8.25
9.72
8.41
16.72
9.07
11.27
14.34
8.18
11.91
8.92
8.52
8.23
12.34
9.77
12.21
8.26
14.73
9.47
15.44
15.72
13.24
12.51
10.74
11.6
12.15
15.26
13.84
8.19
12.62
8.94
14.19
13.52
10.49
11.12
9.01
14.77
15.29
12.07
9.55
11.21
12.87
10.56
12.12
15.1
10.85
10.89
12.53
9.18
12.67
11.6
10.97
14.12
12.97
12.73
11.77
13.62
13.62
9.71
10.59
8.24
10.67
8.55
12.87
17.75
11.03
8.3
10.01
13.95
10.99
13.67
11.8
12.7
8.84
13.75
17.29
15.77
16.36
13.24
12.36
10.56
11.85
15.12
9.51
13.27
10.89
12.71
16.48
10.51
10.57
8.06
13.77
10.59
8.32
10.64
9.95
15.31
10.61
10.59
12.38
17.7
8.2
11.98
11.4
9.63
11.67
12.12
11.89
18.74
13.67
11.55
11.6
9.96
12.91
12.24
8.21
10.22
10.76
12.73
8.39
13.38
15.36
11.88
13.78
12.31
8.26
13.02
10.74
11.9
11.85
12.85
13.83
11.82
9.74
12.82
11.74
9.5
16.09
9.46
17.49
9.18
13.33
10.91
9.54
10.06
10.62
9.05
12.38
8.27
9.74
8.12
12.54
9.76
13.3
11.44
12.24
10.43
8.93
8.99
19.54
10.45
8.87
9.35
13.51
9.08
14.83
10.36
8.15
9.91
14
9.86
13.14
16.96
12.15
15.45
10.62
10.47
13.26
10.98
11.72
12.77
12.91
10.74
11.48
8.65
13.26
16.22
13.38
10.17
9.29
10.81
9.35
9.23
11.9
8.34
11.38
16.85
10.82
10.86
13.25
9.46
8.28
14.79
13.13
10.8
10.55
13.09
8.07
12.57
8.64
11.01
13.73
12.55
12.52
8.32
11.7
8.85
8.43
8.38
13.03
10.13
11.22
8.22
11.37
8.14
10.94
10.71
8.2
11.99
13.76
10.51
11.83
8.77
9.64
9.98
8.23
12.02
12.42
12.5
10.63
11.75
12.4
11.06
15.86
13.09
21.87
14.1
13.12
13.71
13.94
12.58
12.6
11.47
19.32
10.72
9.64
10.86
10.44
13
9.68
10.44
9.37
11.9
12.99
8.31
10.33
11.48
11.39
16.46
13.49
16.36
10.83
15.64
8.38
11.19
8.46
11.78
11.59
16.92
13.7
15.86
14.23
12.69
9.06
8.34
9.37
12.2
10.16
12.73
9.84
13.71
13.04
13.23
15.69
10.89
15.47
12.17
15.1
14.25
11.14
12.16
12.77
16.64
10.39
14.07
8.76
12.2
8.33
13.32
17.24
10.17
11.43
11.15
8.55
12.18
9.79
9.01
9.29
9.86
16.2
10.82
11.62
11.36
10.22
14.38
8.32
8.23
12.22
9.67
10.29
11.67
13.39
15.36
11.94
11.6
12.03
10.93
8.19
8.3
14.07
12.52
10.86
8.29
9.15
13.28
14.56
8.83
9.49
11.93
13.19
9.69
12.26
12.23
13.18
8.41
8.32
11.39
11.18
8.44
8.25
8.28
10.55
9.24
12.79
13.33
9.05
18.75
11.67
11.41
8.52
10.37
11.43
13.24
14.37
10.7
13.04
10.23
12.75
13.36
10.6
9.1
11.99
8.31
10.45
12.48
9.62
16.79
14.95
13.52
11.87
11.38
8.2
10.36
8.68
10.96
8.36
17.27
10.68
8.6
8.4
10.77
11.81
11.33
11.85
8.07
13.78
12.62
13.27
11.4
12.09
8.81
13
14.15
14.09
8.23
18.3
9.21
11.39
12.66
9.75
10.18
12.07
9.29
16.63
10.52
9.77
11.06
8.29
11.9
11.38
13.52
11.62
11.69
14.06
13.19
14.87
13.07
8.23
11.82
8.34
8.17
11.04
12.63
14.13
10.57
12.49
8.87
10.2
14.17
14.8
8.06
12.99
12.45
14.87
11.55
10.02
12.59
12.52
9.08
15
8.94
10.41
10.43
10.29
14.78
8.92
12.14
12.89
8.58
14.04
11.02
11.92
14.84
10.9
8.65
9.99
10.15
10.78
9.77
10.54
10.06
10.82
8.76
9.1
12.12
12.36
9.88
17.86
9.65
8.16
15.39
8.35
9.74
11.14
12.51
14.84
8.24
13.73
9.92
9.92
17.55
17.65
9.4
8.72
12.4
10.34
11.13
12.82
8.36
9.34
8.55
12.53
10.57
13.16
10.5
15.81
8.23
10.33
10.71
21.37
13.37
11.13
9.36
8.41
10.16
8.49
17.75
11.54
14.4
10.72
11.35
13.86
13.47
9.89
11.22
15.94
12.55
8.61
10.93
12.11
16.37
10.9
10.47
11.57
14.39
15.91
14.73
14.01
9.09
12.3
15.47
10.92
11.48
8.27
11.06
8.13
9.25
8.12
15.12
8.46
14.07
17.92
10.01
15.63
9.48
10.59
8.28
9.79
14.27
8.31
9.84
13.68
16.37
10.76
15.27
13.62
16.64
13.67
13.7
8.34
9.78
12.91
14.92
12.37
8.64
10.47
8.36
9.47
9.43
8.4
11.94
10.12
13.59
8.26
14.93
11.66
13.24
11.21
13.87
16.19
10.02
9.84
11.4
10.02
13.79
8.22
8.22
10.9
8.18
11.69
12.22
14.2
12.13
11.93
15.88
11.22
14.13
11.48
12.1
13.97
12.75
13.48
18.25
12.74
9.11
9.32
11.26
13.67
12.34
13.57
11.56
8.27
14.13
17.06
13.67
9.37
13.18
13.14
12.87
11.62
12.9
15.19
8.1
13.54
8.28
12.28
12.25
9.9
10.05
13.39
10.62
13.59
15.22
8.32
11.76
12.33
15
15.64
12.95
11.4
8.44
8.51
13.9
15.96
8.37
13.98
19.9
17.22
16.85
12.95
10.58
12.47
10.46
8.47
9.61
9.04
11.06
8.59
8.07
8.44
11.8
13.01
17.72
12.82
8.14
9.75
11.51
11.1
8.29
8.6
13.01
13.29
15.13
13.3
11.82
12.81
11.68
12.56
11.84
12.89
16.76
14.39
17.78
11.38
10.8
8.31
9.38
11.57
15.34
10.95
15.16
12.2
10.64
11.44
14.04
9.74
8.2
9.97
9.76
8.17
11.4
8.22
8.36
9.74
14.64
14.17
9.85
10.82
8.44
8.42
10.4
9.46
10.69
13.67
8.03
13.4
9.85
10.38
10.21
8.21
17
11.38
15.63
12.42
11.95
12.79
10.48
12.62
12.36
15.79
10.5
12.07
8.47
12.03
13.91
8.59
13.72
13.19
9.67
10.72
8.16
8.48
12.27
14.66
11.21
11.83
10.26
10.65
17.11
15.09
11.04
10.18
17.79
8.27
12.07
14.25
9.76
8.36
9.74
13.73
10.32
12.25
9.93
13.08
11.05
10.67
9.07
8.4
14.57
12.75
13.25
12.62
10.88
9.84
9.55
13.56
10.59
8.54
10.24
12.31
8.66
9.73
13.83
8.39
8.1
10.63
10.8
12.25
13.83
10.12
13.66
8.84
13.55
9.68
15.6
12.29
8.24
8.04
8.48
9.66
9.29
9.29
10.34
18.47
11.48
12.64
18.77
14.5
9.25
17.43
11.43
13.07
14.04
9.55
14.82
14.34
8.28
13.63
11.48
17.01
16.36
10.4
10.39
11.78
10.67
12.37
9.22
9.33
9.37
16.45
10.57
8.1
12.31
12.12
8.48
10.67
12.08
10.85
13.56
14.28
8.31
9.23
10.06
11.53
9.96
13.43
12.62
13.9
14.8
12.33
12.02
8.35
11.25
12.2
11.94
14.5
8.13
9.95
12.59
13.05
11.9
9.02
14.27
10.31
19.74
11.3
14.97
11.55
9.74
11.8
15.22
8.17
12.35
12.1
8.29
10.49
16.27
13.08
8.25
8.18
9.85
8.08
14.33
11.42
12.36
16.41
10.88
15.92
19.33
13.36
13.59
8.69
10.61
14.3
9.28
11.04
10.64
11.17
9.51
8.48
12.59
11.79
8.42
10.06
11.87
10.82
10.34
13.8
10.63
14.02
11.78
8.47
13.02
12.28
13.34
11.24
10.87
11.35
15.84
14.3
14.52
12.49
13.15
10.75
10.84
19.71
10.9
11.15
9.51
8.42
9.12
10.76
9.04
9.89
8.05
10.54
9.66
9.07
12.53
11.83
12.3
11.11
13.15
13.36
10.57
11.77
8.21
9.17
17.47
9.52
8.57
9.88
9.53
15.92
8.21
9.47
12.06
11.74
13.52
9.86
10.17
8.1
10.1
8.36
9.21
11.36
10.9
13.53
12.97
9.6
9.81
14.2
11.11
14.1
9.08
13.47
15.13
11.28
10.85
11
14.47
10.32
12.44
12.95
9.32
12.9
12.64
11.38
12.19
9.93
10.66
10.66
8.16
10.12
8.37
12.91
17.47
8.31
11.63
9.38
14.88
12.41
11.84
12.11
15.37
9.71
8.18
10.51
11.46
13.38
11.34
13.98
8.94
13.49
12.03
8.81
14.08
11.17
8.35
9.22
8.25
10.78
10.73
10.85
12.54
16.05
10.2
12.79
11.11
10.89
10.52
12.94
12.61
8.55
15.12
8.15
13.45
9.53
14.95
15.49
10.3
12.61
12.36
13.94
8.28
8.02
9.39
12.51
9.23
12.3
11.78
9.38
15.5
9.33
9.91
8.51
10.3
9.04
14.89
10.81
10.77
14.86
11.37
10.32
10.91
11.06
12.02
13.28
8.16
10.52
8.96
10.86
10.31
8.44
14.7
8.99
8.21
11.13
10.01
8.25
9.54
11.84
8.99
13.24
8.08
13.14
9.07
12.95
10.79
12.23
8.28
12.3
11.86
10.88
12.76
12.38
8.48
11.87
9.72
8.27
12.42
14.94
11.23
8.33
11.41
11.44
9.42
11.18
8.32
8.66
17.69
19.17
13.18
13.1
14.54
10.37
8.18
9.27
10.21
13.07
8.35
15.6
11.44
12.54
10.03
8.78
15.41
8.35
15.46
9.24
12.14
10.57
9.46
12.88
11.53
8.2
8.36
8.13
10.85
11.22
8.27
13
10.11
14.8
8.44
12.57
10.11
8.52
8.8
14.49
17.07
9.23
10.39
11.25
15.85
14.38
8.48
13.3
11.86
12.52
9.63
9.64
11.15
14.35
16.31
11.16
15.18
10.38
9.61
12.14
10.51
12.07
11.39
9.84
9.1
13.46
11.55
8.37
11.09
8.43
12.87
13.42
11.15
11.79
17.35
14.35
11.34
9.23
10.75
10.23
10.76
12.01
14.07
15.65
9.81
11.68
15.91
11.05
11.17
12.21
9.59
12.86
11.29
15.52
8.16
11.19
10.72
10.36
10.77
12.4
10.79
9.54
8.38
9.42
11.35
10.31
8.17
9.67
9.31
11.03
9.89
15.38
13.16
8.47
14.27
9.4
13.6
8.67
11.1
15.34
11.77
10.65
8.4
10.8
10.65
9.42
9.82
9.56
9.28
11.28
14.01
10.78
10.27
9.91
9.79
11.6
15.08
8.98
8.97
11.11
12.63
12.16
10.9
8.18
8.16
12.1
9.84
16.09
9.64
13.45
9.66
10.33
10.97
12.04
14.15
11.1
16.63
10.74
12.77
9.82
8.39
8.13
14.6
13.18
11.3
9.61
12.54
11.22
11.23
13.52
8.2
10.71
10.6
10.21
12.65
11.65
12.45
14.54
9.88
10.05
8.83
8.11
8.48
9.56
14.68
8.25
11.51
9.43
9.05
9.82
8.36
10.64
15.61
9.05
8.38
9.61
11.21
17.91
15.3
13.84
10.77
14.08
9.96
12.36
8.21
11.36
10.43
8.4
10.4
13.75
10.81
14.06
13
12.98
11.71
9.12
14.22
12.34
10.97
10.26
11.97
11.58
10.36
13.63
11.14
17.13
10.2
9.52
13.29
15.83
11.7
10.33
9.33
12.9
9.23
8.06
14.67
9.67
11.23
8.51
13.97
15.6
11.54
14.12
10.09
14.37
10.81
12.91
13.89
15.61
10.12
8.12
9.09
13
12.91
11.16
8.44
11.68
11.86
12.69
13.49
13.03
12.92
17.35
13.62
11.57
8.64
10.12
12.59
12.01
9.49
10.17
8.64
9.65
10.56
8.16
13.41
8.4
12.32
9.09
9.14
8.23
9.86
9.11
10.2
13.84
16.15
11.68
8.75
16.73
13.48
13.63
9.91
13.45
8.83
11.66
11.04
9.79
11.77
11.95
8.22
9.69
11.42
10.34
9.85
12.15
10.8
11.27
8.39
14.51
11.59
9.22
8.39
12.19
10.35
14.13
8.21
11.8
8.36
16.42
9.43
11.14
9.12
12.04
13.45
8.29
17.2
9.3
12.15
17.13
8.26
8.39
13.68
12.38
13.99
10.83
8.29
8.49
12.18
8.25
12.74
8.21
14.58
9.13
13.14
8.8
12.46
12.42
14.34
9.05
15.66
13.84
9.56
16.07
10.12
8.08
8.17
14.82
15.65
11.62
12.22
11.16
11.67
8.29
13.55
10.08
11.38
11.19
12.34
13.11
11.69
9.32
10.58
11.93
10.47
9.45
14.34
13.06
13.35
15.67
13.65
16.77
13.09
14.7
10.79
9.95
12.58
8.51
8.27
8.23
17.87
11.09
12.83
10.6
13.72
8.34
10.22
9.71
10.68
9.97
14.1
14.56
10.54
12.34
8.28
8.45
8.33
9.82
11.59
10.03
10.96
16.08
13.5
15.09
9.09
8.17
12.09
8.91
12.11
8.14
8.24
8.56
12.56
8.15
8.31
10.02
9.57
10.53
10.94
9.85
10.74
11.77
13.22
13.94
15.48
11.94
10.21
15.25
10.83
10.07
10.29
14.2
11.54
8.6
10.62
8.06
13.31
15.91
16.1
13.19
9.9
10.41
8.56
10.03
10.35
8.38
8.05
8.4
10.76
9.86
14.23
8.36
11.16
12.27
10.77
9.86
10.48
13.74
10.13
10.48
13.39
12.47
8.48
14.79
12.54
11.56
9.72
10.45
11.33
9
14.83
15.63
8.11
9.04
10.63
12.07
14.65
15.44
11.1
10.69
10.82
12.45
14.57
10.16
14.8
13.53
9.01
9.52
11.35
16.6
9.52
8.44
11.89
8.95
11.18
9.39
10.58
8.58
10.54
9.63
10.64
8.1
13.87
10.04
11.35
13.53
8.6
14.63
12.72
13.17
14.7
14.25
11.07
8.29
8.18
9.34
11.39
10.65
12.06
12.94
15
14.38
10.54
8.3
8.64
10.08
9.78
9.47
8.52
9.87
9.86
12.15
11.92
8.45
12.06
13.31
8.98
15.29
11.35
13.42
10.98
13.72
12.38
14.4
16.12
14.8
11.45
12
8.44
11.72
8.27
9.96
8.41
9.18
11.42
11.83
10.36
11.08
8.35
8.11
12.1
9.42
13.6
16.26
9.44
10.11
13.48
9.54
11.62
9.32
10.18
10.69
8.07
9.89
10.12
10.9
12.73
8.34
8.73
11.47
9.03
10.04
9.55
8.29
11.84
10
12.55
12.53
14.85
9.02
8.37
10.47
14.22
11.31
8.31
10.9
12.77
10.63
12.6
9.54
11.62
11.9
12.2
8.16
12.09
8.2
8.35
10.62
9.46
12.17
13.1
14.83
10.06
8.38
14.32
8.41
14.22
13.7
9.83
15.62
11.62
8.83
8.15
13.97
8.54
9.34
14.64
14.09
11.52
9.9
10.06
12.74
10.24
8.34
14.8
15.38
14.38
8.27
10.61
12.01
13.38
9.09
11.06
16.28
17.65
10.09
15.69
14.66
8.18
11.01
13.17
12.48
8.6
13.41
8.34
11.51
15.55
9.8
10.27
11.36
10.09
8.93
12.61
10.04
9.23
10.85
10.94
10.38
9.41
12.52
8.32
12.4
10.33
11.39
11.79
11.48
8.73
8.3
8.08
8.37
13.92
11.54
9.63
8.54
9.97
9.44
15.42
8.84
11.51
9
17.4
12.55
8.8
10.25
13.22
13.78
9.1
8.11
8.26
8.36
9.96
8.34
11.52
17.3
8.19
14.31
17.97
8.34
11.48
11.22
8.48
11.49
12.05
9.53
11.75
9.64
13.65
10.99
11.94
12.62
14.03
8.52
15.18
11.85
17.37
8.45
18.04
16.36
15.12
17.67
10.62
8.19
8.93
10.37
9.77
11.5
12.79
9.68
8.2
8.17
10.16
8.36
10.29
17.34
8.31
8.13
12.23
13.08
14.75
13.38
17.17
11.22
9.54
12.3
12.78
10.94
12.19
11.06
13.69
9.56
14.01
9.2
8.3
9.95
8.11
8.03
8.72
11.18
10.36
8.33
15.79
14.2
10.62
12.09
10.33
10.08
11.8
17.44
10.19
11.08
13.21
14.09
13.46
8.33
11.94
9.86
15.16
12.28
11.52
13.19
11.69
9.7
11.72
9.95
13.14
12.45
15.28
10.53
15.09
13.62
9.83
8.87
8.31
10.68
13.05
13.43
10.18
14.28
8.19
10.19
10.01
13.01
13.74
8.41
13.26
10.64
13.28
11.32
9.87
9.06
8.22
11.21
8.83
10.59
8.37
11.73
8.5
8.34
9.56
9.4
19.89
14.37
10.37
10.19
10.09
9.03
10.93
13.17
14.27
8.24
8.57
12.55
13.27
11.33
11.72
10.57
11.94
11.38
11.26
11.56
10.85
11.51
12.24
13.72
8.39
8.57
12.61
8.22
11.46
12.72
17.12
14.96
12.37
10.1
13.06
14.49
8.54
8.16
12.41
8.47
13.07
10.27
13.13
12.8
11.18
13.48
10.2
8.18
13.67
11.51
9.74
8.28
9.8
8.28
8.77
10.81
17.05
14.43
15.77
10.2
9.97
10.93
15.85
9.08
13.23
14.37
11.74
14.18
12.24
15.28
9.83
8.11
10.5
22.21
11.61
13.39
14.57
12.53
9.02
9.59
10.31
13.4
8.4
14.75
15.94
12.8
11.33
13.89
9.41
12.02
8.48
12.58
19.55
10
8.24
14.7
11.15
12.32
8.51
11.66
11.13
15.82
13.72
16.77
11.36
12.92
11.19
9.59
12.16
14.64
10.52
8.18
11.31
10.17
13.84
11.6
9.12
8.31
8.72
8.21
9.22
9.28
11.06
9.37
12.02
8.49
13.19
9.38
8.35
8.48
14.67
8.21
12.05
8.32
10.84
12.08
9.63
10.61
9.89
13.76
9.33
11.87
8.6
13.72
8.61
13.08
10.18
8.21
9.9
13.65
15.07
12.49
14.55
12.46
19.01
10
11.54
8.23
8.28
8.13
9.5
13.47
8.6
11.24
8.32
8.46
13.64
12.45
10.04
15.23
9.16
8.99
11.59
13.01
8.52
9.61
10.59
8.9
10.84
10.4
12.87
9.97
9.06
8.1
8.2
8.6
11.25
10.69
11.74
14.11
12.05
10.96
9.4
9.79
13.31
10.17
10.7
10.22
10.54
13.05
12.42
8.58
10.29
9.04
12.31
8.15
19.83
14.55
8.72
13.57
8.67
11.99
8.64
8.17
11.52
14
12.59
12.38
8.66
11.77
9.81
8.78
12.92
13.6
11.02
10.36
9.6
11.91
9.05
11.96
9.95
9.94
8.28
8.63
8.15
9.2
8.53
9.76
11.21
16.4
8.38
9.14
9.03
11.97
8.96
8.18
10.99
10.26
9.78
8.9
10.05
8.09
8.19
13.11
11.17
8.46
11.07
9.91
13.77
8.06
8.92
13.43
10.45
14.98
9.63
12.68
10.51
13.9
13.74
14.52
10.56
10.65
16.35
10.39
10.99
17.92
11.75
11.64
16.34
10.37
8.33
12.99
11.23
10.38
8.45
13
10.42
18.11
14.32
10.92
13.88
11.55
16.19
10.03
12.14
14.33
11.13
10
13.27
13.85
10.89
11.18
13.29
11.92
11.42
9.91
9.65
16.48
8.34
9.73
8.28
8.25
11.62
13.68
10.98
10.99
8.73
11.67
8.18
15.48
14.67
13.29
16.35
10.06
12.6
10.97
11.25
12.04
11.71
8.48
9.2
10.29
14.64
13.07
12.26
14.26
8.4
8.12
8.17
12.63
9.01
11.28
8.61
10.96
13.18
10.29
12.52
9.01
14.38
12.1
12.8
8.5
14.85
13.64
11.75
12.21
12.51
10.72
8.91
10.32
10.6
10.99
13.34
13.15
12.24
14.36
8.44
10.69
13.26
8.46
10.66
8.9
8.14
10.12
9.36
8.49
11.45
8.22
11.57
8.12
12.85
11.66
8.86
12.71
8.12
11.05
9.03
12.67
10.92
10.95
12.58
8.45
8.23
8.41
11.43
10.73
11.54
11.24
8.34
10.7
10.68
12.12
9.21
8.23
12.01
9.76
8.19
11.32
11.8
10.35
11.42
11.21
11.79
10.43
8.28
10.6
15.67
11.98
13.48
10.84
9.48
10.72
8.19
12.93
9.05
12.36
9.43
10.38
11.51
11.75
8.97
9.81
13.83
8.63
12.14
9.51
11.08
12.48
11.31
10.38
8.84
9.88
10.5
8.43
10.68
9.01
9.29
8.34
12.12
18.82
14.18
11.35
16.3
8.51
9.78
8.47
10.75
14.67
10.85
14.25
13.22
14.23
13.13
12.12
11.09
12.09
12.49
12.26
8.25
9.43
11.77
23.65
10.33
10.9
10.44
9.13
13
9.72
8.81
12.13
14.6
10.4
14.64
8.37
9.08
11.21
11.92
8.63
12.11
10.04
26.45
13.27
9.87
14.97
11.96
11.21
11.96
9.39
12.36
8.58
11.47
8.61
12.23
11.82
12.8
13.74
15.09
10
8.41
9.78
8.41
13.69
16.53
8.65
14
8.34
10.1
14.06
11.38
10.33
11.86
8.29
8.82
9.17
10.09
10.04
12.23
10.42
11.45
9.11
13.26
8.43
8.17
8.45
9.52
10.76
10.96
9.69
12.78
10.19
8.34
8.14
8.41
8.14
8.58
10.18
13.99
17.4
8.2
10.96
10.98
14.73
11.43
9.87
16.44
8.45
15.76
16.88
14.63
13.12
8.28
8.39
8.14
8.17
15.68
18.66
13.5
17.89
9.77
17.62
12.86
14.92
11.89
15.49
8.86
14.86
8.19
13.47
12.51
11.57
13.25
10.36
8.25
11.81
9.18
8.07
8.65
8.4
9.02
11.45
9.98
13.98
8.67
13.31
16.26
8.43
11.67
12.78
11.44
8.24
9.31
12.47
10.48
9.24
9.09
12.86
10.8
13.46
14.21
17.75
9.94
10.06
9.98
17.29
12.22
10.28
10.9
8.87
10.96
12.11
10.81
10.81
11.02
23.05
12.61
8.14
8.92
8.5
11.71
12.97
8.52
10.28
8.52
8.22
11.5
9.22
12.04
8.09
14.82
13.16
8.1
9.31
9.88
17.06
8.56
11.13
11.14
10.28
12.26
17.95
14.03
9.91
10.48
8.18
8.4
8.52
9.51
13.63
10.69
10.31
12.7
9.04
9.22
11.31
12.12
9.19
9.93
15.37
9.68
8.21
10.33
13.12
10.8
12.05
8.17
9.61
8.04
8.32
12.06
11.37
8.56
12.11
10.32
13.49
8.32
8.24
8.34
8.06
14.75
11.89
10.5
8.23
8.19
11.36
10.24
9.31
8.32
8.13
11.32
10.27
8.13
12.17
10.42
14.67
10.68
8.52
12.68
8.22
14.15
12.09
13.97
11.93
12.55
9.26
12.07
10.35
13.06
11.99
13.36
11.48
11.44
10.98
14.94
15.36
8.52
10.91
12.88
9.66
12.02
9.83
8.27
11.69
8.45
11.53
10.63
9.06
12.2
10.39
11.7
8.58
16.17
8.21
8.08
10.53
12.35
13.16
8.28
12.36
12.11
11.65
17.24
8.42
8.32
14.1
9.53
12.53
9.83
9.06
10.83
16.46
12.77
11.94
9.93
13.55
10.83
12.24
12.68
11.84
8.35
13.45
9.36
11.96
12.79
8.05
8.17
8.33
8.41
8.17
14.48
10.91
11.1
11.46
9.73
11.82
12.83
7.21
7.69
11.55
11.77
9.27
9.46
10.48
7.26
9.47
7.13
11.12
12.73
12.29
9.94
7.54
7.34
10.72
7.2
10.01
7.24
7.41
7.1
9.84
11.62
7.66
13.58
8.91
9.12
16.48
11.72
8.84
7.06
7.6
9.05
14.52
8.37
12.22
8.94
9.17
9.88
10.25
7.16
8.99
12.32
11.29
14.12
9.47
9.04
9.37
9.13
10.94
11.97
8.96
10.71
9.21
7.61
7.25
8.76
9.75
11.09
7.4
8.69
11.09
13.88
7.45
12.46
13.08
7.28
7.81
7.39
15.93
10.06
9.99
11.76
8.67
9.99
11.17
11.3
16.1
14.18
12.2
12.56
14.21
9.09
9.09
10.2
7.02
7.28
9.8
8.05
10.53
7.25
7.14
7
9.35
10.05
7.29
8.78
8.89
7.31
11.7
11.61
8.73
7.16
10.12
12.91
7.21
7.61
10.23
13.84
12.52
7.16
8.9
8.8
10.35
7.22
7.2
8.62
7.05
8.65
10.31
9.32
9.91
9.57
10.87
7.52
8.8
8.22
9.44
8.94
10.06
8.52
7.69
11.46
9.88
8.84
7.26
7.29
7.36
9.65
8.82
7.16
12.46
10.28
11.3
7.18
12.72
7.08
10.81
7.36
7.71
8.44
8.89
7.26
9.73
9.04
9.13
8.36
9.36
9.73
7.35
7.84
7.3
14.65
12.69
9.96
7.53
8.94
10.31
11.86
10.4
11.9
7.27
14.59
15.6
7.6
8.87
11.83
8
12.1
9.6
10.91
7.76
10.59
7.32
9.11
7.15
7.06
7.38
11.15
7.16
9.25
9.8
7.55
10.35
25.04
8.73
8.51
7.47
11.32
7.53
10.22
7.19
9.36
7.38
11.65
11.47
8.86
13.46
9.19
8.35
9.48
9.74
7.3
9.52
8.59
11.72
8.94
14.97
10.7
7.11
13.38
8.08
10.62
7.42
7.2
9.25
9.21
10.12
7.25
10.27
10.48
11.14
8.9
9.12
8.79
9.85
11.19
12.42
10.85
7.61
7.09
13.44
13.51
10.77
7.58
11.96
8.34
9.44
7.29
16.1
7.17
13.06
7.2
10.88
9.73
17.96
7.22
9.33
7.06
8.59
10.8
14.7
7.73
7.09
16.27
8.55
7.17
12.47
11.11
11.15
10.88
9.99
11.71
8.89
9.58
12.59
16.46
9.76
10.34
7.29
7.22
10.23
9.13
12.22
9.77
7.19
7.09
7.16
7.03
10.75
7.18
11.29
7.32
10.05
9.07
14.5
8.27
11.7
11.19
10.98
7.14
10.32
11.48
8.68
7.98
7.06
9.99
9.73
9.6
10.96
7.11
11.67
7.35
7.1
9.44
7.55
7.38
14.32
7.08
7.17
7.03
7.11
7.47
7.14
10.23
7.28
7.44
7.3
7.29
7.69
10.32
9.11
7.25
9.55
12.63
7.68
11.34
12.69
8.85
9.91
7.15
12.2
9.98
7.13
12.12
8.57
9.27
10.93
7.7
10.03
8.58
11.79
10.28
9.58
11.77
13.69
7.25
13.06
8.85
11.68
15.66
14.52
9.09
8.44
10.17
7.05
7.48
7.3
9.61
10.4
7.38
9.89
7.03
16
10.52
13.5
11.43
12.91
16.02
7.12
9.32
7.17
9.34
11.08
10.16
7.18
10.48
7.13
9.13
8.62
9.24
15.28
14.24
11.6
10.13
38.43
10.86
9.11
7.5
7.22
7.11
8.43
11.46
13.34
11.78
10.68
12.22
7.25
11.91
7.59
7.06
7.27
7.15
15.23
7.52
12.02
9.26
12.01
9.27
11.79
8.67
9.62
8.9
8.37
7.25
12.4
11.19
14.89
7.33
7.3
9.81
8.79
11.39
8.49
8.82
9.99
12.38
12.89
7.66
7.35
10.24
9.48
7.32
10.65
7.07
13.72
10.78
9.24
7.6
11.47
7.23
9.55
8.06
7.39
10.87
8.49
9.85
9.34
10.93
10.36
9.73
7.32
9
10.21
11.27
9.85
13.74
9.87
7.17
8.95
7.16
12.6
8.29
10.68
7.39
8.26
9.36
8.58
7.3
7.55
7.2
9.03
8.98
8.59
10.85
13.35
9.27
8.22
8.43
10.33
8.62
7.15
10.09
8.77
7.39
8.41
7.16
7.14
11.86
13.51
8.93
8.73
8.49
13.88
7.11
11.77
8.88
11.73
12.24
10.79
8.14
8.65
11.07
8.49
7.18
15.39
14.51
11.95
9.67
9.69
13.92
12.52
8.41
11.74
12.83
8.16
12.33
12.64
9.05
8.97
11.04
7.33
7.1
12.84
7.09
7.33
7.29
12.18
7.37
9.84
7.47
8.38
9.05
7.17
7.27
9.36
7.42
9.36
11.8
7.2
7.22
8.57
11.47
7.17
8.84
8.48
10.23
7.15
7.08
7.46
10.52
7.07
7.1
8.01
7.35
7.85
7.17
8.92
7.1
11.38
8.74
12.36
8.9
9.99
9.13
8.97
14.18
8.49
7.33
7.4
7.45
8.73
8.36
8.73
11.12
14.45
8.95
7.05
14.37
10.52
8.75
7.36
7.53
7.25
7.09
8.94
10.2
14.8
7.2
11.35
12.13
12.18
8.8
10.09
9.63
14.43
12.97
7.14
7.38
7.12
10.28
10.36
9.1
9.09
12.63
11.2
7.23
9.09
9.59
7.45
7.41
9.18
11.97
7.36
16.46
9
12.2
11.65
10.72
11.8
7.18
9.97
7.24
7.03
7.35
9.24
13.39
7.28
9.12
11.88
7.53
7.26
7.17
10.41
11.55
10.7
8.31
11.31
7.25
8.73
7.88
10.36
13.08
9.23
8.64
8.89
9.5
10.59
7.17
7.41
8.75
7.64
9.43
8.82
7.06
12.92
8.91
7.16
7.26
9.34
7.51
9.84
12.63
7.19
7.22
7.2
7.32
10.24
8.7
10.26
7.76
12.77
8.52
10.31
7.1
9.2
7.1
7.51
7.93
9.73
7.34
7.2
10.26
9.72
8.73
7.24
8.81
9.44
7.78
7.14
8.51
13.65
7.99
7.64
7.18
9.43
10.96
9.12
10.92
7.4
12.39
7.32
8.45
12.71
7.2
12.89
7.18
9.33
8.59
7.14
10.56
7.03
9.99
11.17
7.18
7.6
7.27
13.53
11.99
8.18
7.15
12.7
7.16
8.97
10.26
11.4
7.43
7.3
8.69
7.2
7.18
13.87
7.02
10.94
7.46
14.71
7.55
9.57
10.62
8.96
7.4
7.22
7.2
13.96
11.94
9.9
9.72
7.11
8.9
11.19
7.28
11.99
15.7
7.09
10.92
7.08
9.81
13.42
9.49
7.92
10.08
10.35
9.48
16.2
12.37
8.8
7.32
7.26
7.22
7.43
8.73
13.62
7.41
7.83
7.27
7.07
7.11
7.18
10.71
7.39
7.36
11
7.33
14.25
12.24
10.89
14.85
9.9
7.43
9.74
7.01
12.19
9.35
9
7.04
10.35
9.58
7.14
7.05
7.66
10.26
11.79
7.13
11.5
7.16
12.94
11.31
7.07
7.56
10.16
9.66
10.77
10.12
10.52
9.99
7.14
10.24
12.49
9.36
7.1
13.01
9.27
7.18
7.5
8.83
8.43
7.62
7.62
10.24
12.63
7.08
7.15
11.74
10.24
9.79
11.03
11.53
13.8
10.43
9.14
13.86
8.62
7.49
7.55
7.06
7.07
12.07
7.1
7.19
7.31
10.41
12.15
8.88
12.44
10.55
9
13.13
9.44
8.91
9.69
7.28
8.42
8.29
9.24
10.18
8.69
14.13
12.04
9.21
9.91
11.56
7.28
9.1
11.63
7.35
12.18
10.15
13.91
8.38
13.51
7.21
9.41
11.56
10.06
9.53
8.75
7.2
7.31
8.82
13.6
12.45
7.29
9.14
9.56
7.97
13.05
11.61
12.61
13.03
11.73
13.72
9.63
12.37
11.45
7.13
11.12
11.39
7.05
11.93
12.34
11.73
8.92
8.55
7.18
11.19
13.03
11.21
7.17
9.31
7.75
7.11
8.86
11.7
7.12
7.46
11.66
11.73
13.44
7.41
7.17
7.26
9.29
8.73
7.14
9.74
7.69
7.36
7.29
8.48
9.32
10.21
11.53
9.74
11.51
9.43
19.16
7.2
8.65
10.99
7.2
7.21
7.01
12.04
8.88
7.62
7.33
8.15
7.1
7.14
8.08
9.02
10.64
7.18
8.56
9.19
8.95
7.19
10.33
9.38
11.06
10.38
9.88
9.66
9.59
13.48
8.74
9.39
7.29
9.25
7.15
7.26
9.14
15.1
9.14
7.08
7.17
7.3
9.34
7.21
7.15
11.74
12.05
10.86
10.16
7.84
9.58
9.52
9.86
8.54
11.83
8.92
9.09
7.11
12.61
7.36
9.23
10.45
10.71
10.88
9.91
11.02
12.34
7.21
8.97
11.34
9.64
7.26
9.43
9.23
13.41
10.65
7.21
14.32
7.04
7.14
7.43
7.2
7.42
10.97
9.07
9.33
9.09
8.37
11.07
13.21
11.55
12.62
7.43
7.56
7.24
9.16
10.2
11.6
8.96
7.58
10.36
7.91
12.81
8.94
10.78
7.19
12.35
12.15
9.69
8.22
9.19
12.66
8.02
7.25
11.48
8.91
9.05
9.59
13.63
7.13
9.04
15.18
7.27
10.66
7.75
7.17
9.99
13.21
8.69
9.29
13.28
9
10.71
10.4
12.62
7.28
7.14
7.39
10.57
7.65
9.3
8.73
13.72
7.25
10.8
10.17
9.73
7.3
13.07
18.34
11.71
10.43
11.88
12.72
8.51
11.09
15.8
10.57
9.94
12.23
12.8
11.39
9.74
12.26
11.95
8.94
10.78
7.11
8.74
13.83
9.27
12.54
14.09
9.09
10.24
15.58
10.5
7.55
9.46
11.98
7.25
9.21
10.08
12.59
10.13
8.71
14.32
7.23
8.75
7.18
11.68
10.01
7.17
7.1
11.65
9
10.42
7.61
14.9
13.83
9.29
7.49
10.25
10.7
7.29
11.38
9.11
7.18
8.66
11.49
7.09
10.34
8.97
8.55
8.99
7.08
10.45
10.94
13.57
13.57
7.08
7.24
9.08
13.24
7.56
11.4
7.62
7.5
13.47
7.45
7.13
15.25
10.04
9.97
14.36
14.37
9.91
8.22
10.78
10.2
14.48
9.58
8.01
9.61
12.49
11.06
7.48
8.7
11.25
10.6
7.14
8.64
9.55
7.14
13.5
7.11
10.61
11.98
11.88
12.75
10.51
7.3
11.74
9.51
8.5
8.48
13.14
10.27
9.32
7.46
7.24
7.39
7.21
10.19
10.85
9.07
7.24
10.66
7.45
9.27
7.63
7.87
7.59
9.33
10.19
11.08
8.75
7.14
11.56
7.3
10.99
7.13
12.13
15.92
9.13
7.24
15.92
12.57
7.19
7.42
10.69
13.06
12.26
7.24
9.99
7.18
14.26
9.29
12.67
9.61
12.34
7.44
7.25
10.87
7.13
10.66
13.1
9.51
11.5
8.78
9.98
9.54
8.18
7
13.78
11.1
7.17
9.77
12.87
7.16
7.2
9.1
11.48
7.31
14.87
12.02
7.22
8.79
10.93
10.24
8.98
10.45
9.94
7.52
8.83
10.33
9.39
8.6
10.68
7.39
12.34
10.28
10.05
9.98
7.29
10.58
9.91
7.28
9.97
13.14
11.85
7.12
9.48
7.06
11.51
7.39
10.72
9.06
10.44
7.11
10.27
7.4
13.64
7.19
14.67
10.42
7.2
7.24
9.04
7.4
12
15.69
9.83
7.56
7.2
9.32
9.85
11.12
7.72
11.19
7.22
8.92
17.63
11.83
12.3
9.55
8.58
7.1
9.09
12.75
7.32
8.57
7.14
7.3
14.06
10.56
7.49
8.69
7.13
11.79
7
11.58
11.8
9.36
8.57
8.99
11.46
8.47
11.72
9.3
7.09
7.17
7.04
8.67
9.49
9.47
7.09
10.39
10.26
7.14
7.09
8.87
7
7.2
7.1
9.96
9.8
7.89
7.28
10.62
9.88
9.2
7.03
13.18
11.59
7.19
7.27
7.36
10.23
7.15
7.21
11.72
7.11
7.15
7.41
14.31
7.09
7.27
13.79
7.38
8.63
9.62
9.84
8.97
8.05
8.88
12.57
9.91
11.83
10.09
10.95
14.69
10.36
8.94
12.5
12.13
9.26
8.83
7.32
7.5
9.19
9.33
9.43
7.35
7.37
8.79
9.78
10.15
7.78
8.35
8.91
8.79
10.7
7.1
7.08
15.04
10.17
10.15
11.01
8.3
10.33
9.66
7.24
7.29
10.23
9.87
7.07
7.19
9.38
16.9
9.96
9.85
14.98
13.22
8.98
7.1
7.1
7.1
10.13
9.39
10.35
7.02
8.64
8.72
14.09
11.14
11.31
9.9
7.23
7.09
11.25
9.07
13.59
13.78
9.41
9.46
13.54
10.42
10.24
9.9
7.19
7.07
7.25
7.56
8.37
7.26
7.13
11.78
12.12
10.66
12
8.48
11.34
7.26
11.55
11.72
9.2
8.43
12.71
10.23
7.19
8.74
12.51
17.69
7.03
9.7
7.29
12.35
7.16
7.32
9.97
7.56
9.46
7.31
10.23
10.81
7.38
7.45
7.14
9.83
9.02
10.13
7.42
7.19
7.52
9.44
7.83
11.57
9.4
7.27
13.73
9.99
7.15
15.09
12.24
8.84
7.85
11.21
10.89
9.55
9.55
11.62
7.56
8.42
13.74
7.41
11.02
9.36
9.81
11.56
9.9
7.3
11.12
13.32
7.2
12.62
7.02
8.34
11.86
8.75
10.47
7.23
8.16
11.54
12.2
12.32
12.17
11.82
7.29
7.24
11.37
7.34
7.12
8.77
9.29
13.19
7.93
13.85
7.26
7.96
9.73
8.69
7.97
10.14
9.13
10.84
9.07
9.33
7.08
9.57
15.07
7.24
12.15
11.15
7.4
12.74
11.15
9.76
11.81
7.96
11.5
7.14
9.31
11.48
9.17
7.22
10.79
15.51
10.31
12.27
10.43
8.74
13
7.29
8.41
7.42
9.06
7.18
13.9
7.3
9.81
7.5
7.07
7.32
9.82
9.92
10.19
13.06
8.44
9.71
8.73
12.54
9.73
8.86
8.98
12.95
9.43
7.08
9.05
12.25
7.29
9.58
11.18
7.3
9.23
10.06
12.34
7.64
10.43
7.23
9.04
13.51
9.26
7.32
11.57
7.35
7.84
9.34
7.21
13.28
8.61
7.34
7.04
10.95
11.98
9.68
9.62
8.69
13.82
7.93
7.36
7.23
7.8
10.06
7.2
11.59
8.71
7.29
7.2
7.05
12.89
8.78
8.68
7.13
7.11
11.45
9.21
7.05
9.72
7.23
7.11
12.87
7.09
11.22
8.43
12.16
12.13
8.92
9.63
8.73
15.4
12.73
7.11
10.17
7.31
13.07
9.64
7.47
9.76
12.99
7.24
15.16
10.37
9.8
7.28
8.7
7.27
8.49
12.71
10.1
10.9
13.02
7.35
9.18
7.26
13.23
12.73
7.36
7.43
8.1
9.5
10.66
15.14
11.29
14.78
11.66
7.75
8.73
13.07
8.32
13.99
11.13
14.65
9.88
7.17
8.75
9.34
8.95
8.82
10.27
9.27
9.15
12.38
7.64
7.38
11.76
12.56
7.02
11.44
7.31
12.38
8.09
10.23
9.15
9.96
10.82
12.01
10.49
8.98
7.72
11.41
11.5
11.91
11.77
12.06
11.14
12.74
7.12
10.94
8.55
16.39
7.64
7.22
8.13
9.8
8.81
9.65
9.38
8.94
7.29
7.86
9.37
9.02
11.17
7.31
12.18
11.71
11.81
12.36
10.6
7.39
7.21
9.09
7.63
9.66
7.1
13.02
10.23
7.19
7.2
7.35
8.58
7.2
10.25
15.37
11.63
10.27
13.45
9.96
9.83
8.73
10.06
9.91
12.06
10.72
10.23
11.09
7.22
9.89
7.97
11.21
10.99
7.34
7.18
11.75
9.29
7.62
7.04
7.08
10.33
7.08
10.23
7.32
7.66
7.21
9.45
7.23
9.53
12.18
8.05
7.75
11.14
9.88
8.93
11.66
13.2
10.3
8.96
10.41
11.03
7.34
9.06
9.06
8.24
7.14
11.43
9.6
8.58
7.14
11.11
10.6
11.79
9.76
10.38
11.59
14.42
8.61
9.2
7.43
10.44
12.22
10.43
7.41
7.11
10.02
9.49
7.29
7.48
14.03
12.35
11.65
8.91
7.17
12.05
7.18
8.16
9.38
13.66
11.1
9.22
7.4
11.93
8.98
9.06
11.26
8.57
12.23
7.9
14.44
7.07
12.02
7.45
9.01
8.25
9.93
7.26
11.98
7.38
10.57
7.15
14.14
10.3
7.4
9.13
11.39
13.11
7.47
7.28
13.14
7.31
8.98
9.2
9.55
7.28
7.93
10.42
11.72
12.68
7.55
8.55
7
10.73
9.21
8.97
16.62
11.39
12.12
7.27
8.38
7.5
12.83
7.67
7.32
12.23
7.09
7.6
9.98
10.55
7.5
7.22
7.22
10.2
7.25
7.14
11.06
8.75
9.62
8.74
9.67
7.65
7.1
10.11
8.11
8.31
13.07
10.57
8.37
9.11
9.81
7.39
12.01
10.97
10.2
9.52
7.66
7.22
7.05
11.62
7.09
21.2
7.29
9.43
10.98
8.84
7.17
11.57
7.23
10.4
7.18
10.07
11.59
8.58
7.41
8.55
7.2
7.08
8.62
9.87
7.17
10.23
7.17
8.86
7.14
8.88
12.15
11.62
9.75
9.17
9.85
7.21
8.47
11.3
7.07
9.7
9.16
11.51
13.91
9.39
14.26
12.09
7.32
8.57
8.71
11.53
7.21
11.24
10.43
8.2
12.03
10.59
7.08
7.17
9.91
7.38
10.56
7.08
7.11
9.52
9.19
9.75
9.29
12.1
12.24
10.05
17.1
7.15
9.65
8.97
11.64
7.14
11.07
9.4
8.71
8.69
9.08
11.37
12.59
8.25
9.57
7.77
13.13
11.72
9.89
12.49
12.32
9.25
7.41
7.29
12.8
11.74
11.64
9.01
8.98
10.33
9.09
8.56
7.37
7.17
9.88
15.66
7.5
7.49
7.32
7.46
7.32
10.78
7.37
10.03
10.11
11.11
11.01
9.62
8.97
10.82
9.65
7.31
7.16
9.79
7.19
7.38
12.38
9.26
13.37
7.05
7.5
9.38
7.07
9.11
7.27
11.18
7.33
12.4
9.6
11.27
12.12
9.51
7.44
9.42
7.23
10.38
12.48
11.35
8.69
7.22
13.19
13.95
7.09
7.2
7.06
9.17
9.62
8.26
7.01
8.61
11.41
11.31
11.87
8.4
7.21
8.57
9.31
11.73
8.1
12.75
9.66
11.31
11.92
10.79
9.04
12.21
13.28
9.65
9.08
13.09
13.45
10.88
10.5
9.99
10.56
8.34
9.39
8.91
8.78
13.35
12.87
10.7
9.58
9.89
9.22
9.42
8.48
8.68
8.46
8.31
13.43
11.93
8.2
7.97
10.53
13.16
15.41
9.75
9.2
11.94
8.61
9.71
9.34
9.81
11.82
8.85
8.5
7.25
7.21
7.08
14.03
9.19
7.21
10.02
7.1
9.12
12.46
12.7
12.7
8.89
8.34
8.42
7.12
10.37
9.47
10.13
13.88
9
9.43
9.39
7.11
11.29
7.18
7.51
7.04
10.26
7.57
11.38
7.23
7.21
7.87
7.11
7.01
7.07
7.14
9.69
7.29
12.73
11.28
10.59
10.89
13.23
12.66
13.61
10.32
14.59
14.33
7.44
9.55
11.19
8.04
9.28
7.22
10.22
12.21
15.82
7.21
11.58
7.07
13.59
12.26
7.08
11.72
7.35
9.76
9.05
11.31
12.74
9.83
9
11.27
7.27
7.22
10.18
9.93
9.32
9.18
7.13
15.08
8.55
16.14
11.93
7.07
8.43
14.19
10.42
8.98
9.3
9.38
13.58
9.91
7.39
9.51
14.52
12.24
13.01
11.06
10.38
11.64
13.06
8.95
9.31
13
7.14
7.15
9.22
7.35
9.73
7.52
8.9
11.11
10.26
7.17
8.76
7.19
11.15
12.1
9.97
7.08
7.23
7.19
11.52
8.87
15.85
11.16
7.22
7.25
10.04
11.44
13.2
11.33
8.99
7.29
7.15
9.12
8.97
7.28
7.6
7.41
9.22
7.39
7.59
9.36
12.12
11.33
9.2
9.97
7.2
8.56
7.63
9.8
13.47
11.93
9.31
9.87
7.3
7.73
9.3
9.13
14.41
13.6
7.23
9.64
12.13
11.36
10.15
9.66
10.44
7.78
12.26
12.11
7.1
11.26
7.78
7.31
9.83
9.93
7.43
7.27
9.92
11.09
7.16
9.7
7.32
9.24
7.19
9.09
14.7
15.09
7.39
11.71
8.85
9.44
9.92
9.52
12.66
11.15
6.08
10.2
8.66
7.32
6.03
6.06
6.1
7.65
6.05
6.16
7.94
7.83
6.05
8.35
6.24
8.09
6.26
7.47
10.06
6.45
7.49
6.4
6.61
6.32
6.34
8.6
8.92
6.05
11.67
6.53
6.15
6.16
6.3
9.08
6.03
6.06
7.6
6.22
6.37
6.42
7.94
6.04
6.04
7.73
6.44
6.09
8.07
9.88
7.62
7.54
6.02
6.2
10.14
6.44
8.5
6.09
9.68
6.45
6.09
6.09
8.19
6.07
6.05
11.48
6.68
13.4
28.47
7.67
11.88
7.39
7.55
6.2
9.88
12.54
6.47
6.27
6.2
6.24
6.21
7.61
6.18
6.19
9.09
6.11
6.16
6.25
7.61
6.07
9.7
12.05
11.02
11.76
9.69
6.45
9.72
6.25
7.48
8.09
8.67
14.33
6.03
7.24
6.04
9.11
7.21
6.32
6.76
9.11
6.11
6.25
7.95
8.2
6.11
6.11
6.09
6.08
6.1
6.69
10.1
7.97
6.06
6.1
9.04
9.44
8.99
6.29
6.86
9.99
9.82
5.2
8.51
5
9.41
9.04
5.03
6.99
5.24
5.03
5
5.11
8.48
7.43
5.14
7.29
5.11
5.96
5.03
5.25
9.12
6.79
5.12
5
6.65
8.46
5.9
8.92
5
5.01
5.02
5.1
5.09
5
5.75
10.25
5.04
5.01
5.33
5.01
8.08
5.26
9.65
10.57
7.82
5
5.06
9.08
5.12
5.09
5.02
5.03
8.95
8.46
5.05
5.11
7.9
5.06
5.01
5.06
8.41
6.92
6.45
6.84
5.01
5.07
5.16
5.04
8.32
7.54
5.16
6.42
7.17
5.04
5.24
5.35
5.05
5.52
5.04
5.06
5.2
5.08
7.76
5
5.28
5.12
5.3
5
5.09
5.05
9.86
5.1
5.13
8.47
10.34
7.22
9.33
5.09
7.98
5
5.02
7.49
8.39
5.01
5.09
9.65
5
5.05
9.55
5.01
5.16
5.02
5.03
8.26
9.84
5.14
8.85
5
5.08
9.34
5.07
8.74
5.04
5.04
5.03
8.44
5.25
6.98
9.98
5
5.02
5.01
5.01
7.16
5.25
5.2
5.72
5.11
5
8.49
5.13
8.61
5.19
8.12
5.18
5.7
5.22
9
7.82
5.46
5.1
8.59
9.73
8.51
5.77
5.07
5.1
5.1
5
5.05
5.99
5.04
5.26
6.67
8.09
5.04
5.44
5.05
8.97
9.87
5.15
5.04
5.03
8.1
7.99
7.27
5.05
8.77
5.15
5.08
5.06
5
5.04
5.02
5.22
5.01
9.03
7.54
8.57
5.04
5.31
5.05
5.01
7.68
8.2
7.63
5
8.68
5.04
8.14
8.71
5.03
5.34
5
6.44
5
5.08
7.74
8.28
5.07
5.25
5
5.07
5.46
5.4
8.67
5.07
7.05
8.14
5.04
5.03
5
5.01
7.5
5.02
5.26
5.03
5.12
5.24
5.1
6.33
5.14
6.84
5
5
5.03
5.75
6.7
5.02
5.15
6.16
5.4
5.11
8.56
5.01
5.3
5.19
5
5.01
5.1
5.07
8.89
5.12
5.11
5.12
5.05
5.04
5
5.21
5
5
5.07
5.04
5
5
5.17
8.74
5.13
5.09
5.08
7.48
11.03
5
5.06
5.04
7.99
5.01
8.76
8.65
5
7.59
5.04
5.1
5.04
5.08
5.97
7.81
5
5.02
5.06
7.73
5.06
7.13
5.03
8.24
10.11
7.4
7.87
11.33
7.85
9.7
5.02
5.12
5.33
7.41
5.05
5.07
5.09
5.26
5
5.07
8.3
8.18
5
5.06
9.47
7.81
5.08
5.11
8.3
5.03
5
5.02
7.55
5
5.05
8.28
9.39
5
8.67
8.43
5.1
8.77
8.01
5.02
10.65
7.77
8.82
5.89
5.11
5.04
5.01
8.44
5.07
5.09
6.53
5.02
5.18
5.77
5.16
5.05
5.03
5.77
8.34
7.25
5.04
8.15
7.5
5.09
5.07
5.06
5.17
5.09
5.02
5.91
5.28
6.89
8.72
8.51
7.97
5
5.01
5.22
8.4
5.89
5.1
5.4
8.89
5.19
6.15
7.9
7.53
8.48
5.04
7.87
5.04
8.02
6.22
5.06
6.61
5.76
8.62
8.81
5.11
5.18
8.04
5.1
5.17
5.16
7.37
10.49
5.04
5
5
5.17
5.25
7.93
8.74
7.17
5.07
5.15
5.25
5.21
8.46
6.74
7.33
8.54
5
5.01
6.92
5.02
5.14
5.21
5.01
5.11
10.41
7.27
8.81
5.59
8.32
5.09
9.93
7.32
5.18
8.88
11.65
7.21
5.01
5.04
5.27
5.04
5.15
5.06
5.01
8.11
5.12
5.08
7.04
5.08
5.09
5
5.21
5.13
8.72
5.03
5.09
5.18
5.07
5.12
9.15
5.11
5.17
7.51
9.58
5.11
5
5.03
5.06
5
8.9
6.45
10.73
5.26
5.14
7.78
5.35
5.09
8.84
9.33
5.1
7.62
5.02
5
5.13
5.77
5.14
5
7.1
5
5
8.13
5
5.09
8.72
5
7.3
5.01
5.01
5
5.1
5.01
8.64
5.73
9.11
7.79
7.88
5.02
5.15
9.27
5.03
5.07
10.74
8.65
5.06
5.07
10.11
6.98
5.14
7.66
8.03
5.01
8.02
5.14
5.57
5.12
5.07
5.12
5.08
5.13
5.04
5.95
5.01
5.38
5.04
8.48
7.63
5.01
5.13
5
5.15
5.03
5.01
9.02
5.21
5
5
5.05
8.74
7.5
9.35
7.61
5.19
5.03
10.29
5.22
6.44
5.17
8.25
7.56
9.93
5.15
7.16
5.01
5
5.39
5
5.34
8.8
5.21
5.05
5.11
10.72
5.05
5.03
5.12
5.1
10.16
5
5.54
5.13
5.03
5.01
8.29
5
5.06
5.16
5.01
5.2
5.15
7.95
5.08
8.22
5.06
5.56
5.03
7.25
5.04
7.15
7.95
9.22
5
5
5.46
8.09
5.11
5
5.06
5.06
5.13
5.11
8.71
5.01
5.13
5.25
5
7.52
5.26
9.67
5
5.12
5.13
5.11
5.02
8.19
5.7
5.3
5.09
5.04
5.12
10.89
5.07
7.73
9.27
5.09
9.61
5.13
5.09
5.46
7.19
5
5.11
5.02
5
5.08
10.88
5.12
9.88
5.09
7.75
5.03
5.14
5.07
5.15
5.03
6.63
7.66
5.13
5.14
5.05
5.09
9.28
8.93
5
5.52
7.92
5.16
5.02
5.02
5.03
5.03
5.01
9.57
5.28
8.78
7.3
9.9
5.04
5.14
9.35
5.28
10.05
5.09
5.02
9.5
5
5.63
5.01
8.82
8.94
5.05
5.04
7.52
8.14
5
5.07
5
5.17
9.59
5.08
8.49
6.63
5.07
5.23
5
8.33
5.07
5.2
9.12
5.1
5.04
10.25
5.06
9.54
5.26
5.22
5.04
5.06
8.26
5
7.65
6.63
8
10.28
6.52
5.08
5.01
5.05
5
6.53
5.13
5.06
7.36
5.03
7.77
7.98
5.09
5.14
5.11
5
5.1
8.21
5.02
8.06
7.44
5
5.16
9.39
7.93
8.32
5.05
5.02
5.33
5.06
5.11
5.13
7.44
5
9.58
5.14
5.42
5.39
5.19
7.44
7.93
5.01
5.03
5.03
5.03
8.41
5.2
5.17
5.04
5.02
5.02
5.11
5.05
5.08
7.85
5.21
7.51
5.14
7.69
5.06
5.07
5.18
8.62
5
5.12
5.79
5.21
7.08
5.02
5.01
5.18
6.85
7.84
6.18
5.09
7.08
6.75
5
5.1
5.59
9.96
5.01
5.07
5.05
5.04
7.95
5.1
7.07
5.11
5.01
5
5
8.42
6.84
5.26
5.04
5.11
5.04
5.5
5.16
5.05
9.69
5.03
5.23
5.05
5
7.38
5.12
5.11
5.05
8.17
5.15
5.78
8.4
5.07
5.05
5.17
5.04
5.04
7.08
7.52
5.15
5
5.17
9.56
5.14
9.96
5.35
5.11
7.94
5.06
5.11
5.2
5.04
5.09
5.12
5.47
5
6.83
6.71
8.64
7.08
7.71
5.1
5.09
5.05
5
6.46
9.08
5.09
5
6.62
5.07
5.61
6.24
5.16
5.3
9.71
5.07
5.03
5.11
5
5.1
5.06
9.1
9.37
5.04
5.23
5.16
5
6.22
5.04
10.45
11.01
10.51
5
5.12
6.41
5.03
7.73
5.02
5.06
5.03
7.98
7.86
5.21
5.14
5.51
6.28
5.09
8.14
5.23
5.01
5.08
5.08
9.03
6.36
9.06
7.59
5.22
5.3
8.23
5.05
9.38
5.02
7.19
5.4
5.08
8.26
5
5
5.19
5.09
5.05
5.05
8.36
11.08
7.14
5.3
8.77
5.01
5.05
5.53
5.02
10.1
5.01
11.84
5.34
7.99
7.84
8.96
5.06
5.03
7.67
5
11.66
5.15
5
5.01
5.01
9.74
5.06
5.1
8.99
5.27
5.04
8.21
5.01
5.15
5.36
5.22
9.4
9.78
7.94
5.01
5
5
5.28
8.41
5.9
8.22
5.02
5.44
7.89
5.63
5.11
5.02
5.37
7.7
7.99
8.11
5.25
5.1
7.49
5.12
7.1
5.07
5.03
5.19
5.04
5.08
8.67
5.06
8.42
5.11
9.04
5.96
5.32
7.17
5.04
5.2
5
5.07
7.38
8.11
7.51
8.85
5.02
5.18
6.26
5.36
9.41
5.06
9.41
5.08
5.15
5
7.37
5.04
5
11.13
8.59
8.13
5.04
6.91
5.06
6.93
5.03
5
5.12
5
6.76
5.07
9.54
5.2
6.88
5.04
5.01
8.23
5.12
5.2
9.04
8.36
8.25
5.25
5.26
5.12
5.03
5.12
5.08
5.11
7.19
7.3
5
5
5.11
5.21
5.19
5.02
6.64
5
7.66
8.22
5.23
9.24
5.01
5.05
5.02
5
5.18
5.02
5.29
5.09
5.01
5.11
5.87
5.19
5.13
5.12
5.06
8.69
10.51
5.96
5
5.08
5
5.07
5.07
5.01
5.36
5.21
5.06
5
5.08
5.09
5.13
8.85
10.79
5.13
7.51
5
7.81
8.51
5
5.15
5.15
5.15
5.11
5.08
5.08
5.02
5
5.04
5.26
5.05
5.04
5.12
5.25
8.81
6.89
5.12
5.1
5.04
5.11
8.29
8.18
5.07
5.75
5
6.85
7.76
5
9.85
5.09
8.45
6.71
9.01
5
8.53
5.15
5.01
6.6
5
10.08
5.06
9.07
5.86
5.04
8.82
10.02
5.02
8.54
5.1
5.09
5.07
7.65
9.89
5.51
9.19
5.57
7.53
7.56
8.74
5.02
8.1
5.54
5.05
5.09
5.1
8.74
5.1
8.79
9.22
7.42
6.84
5.03
7.28
9.45
5.04
5.11
9.55
5.16
5.1
5.05
5
5.67
8.72
5.04
5
8.39
5.05
8.34
8.63
5.02
5.01
8.62
5.07
5.15
5.23
9.4
5.07
5.86
8.82
9.32
5
5
5.39
5
8.64
5.05
8.74
5
5.05
8.88
5.01
5
5.03
5.65
8.93
8.64
8.12
5
8.19
5.04
5
5.12
8.35
5.07
5.65
5.09
10.7
9.05
7.78
5
5.29
6.12
5
5
5
5.07
7.37
5
6.18
5.13
5.15
8.3
5.02
5
8.22
5.6
5.01
5.09
5.04
5.1
9.1
5
5.01
5.13
5.02
6.79
5.08
5.05
5.61
5.65
5.01
5.12
5.2
5.13
9.4
8.41
8.88
5.08
5.21
6.67
6.03
5.11
5.04
6.04
5.05
7.82
6.84
5.11
5.82
5.37
6.87
9.94
5.78
7.72
10.09
5.9
11.05
5.04
5.45
14.59
5.66
7.5
5.31
8.88
5.19
5.22
5.07
9.55
5.02
5.04
5.32
5.54
5.05
5.32
5.01
5.07
7.96
7.64
6.42
8.28
5.12
7.97
5.55
5.25
5.19
7.18
6.85
7.67
6.66
9.23
5
5.15
8.63
7.73
7.64
5.19
8.32
5
5.16
5.03
5.15
5.01
5.06
5.04
5.24
5.01
5.12
5.14
5.16
5.14
5.2
5.13
5.04
5.09
5.03
5.07
5.26
8.64
5.02
5.05
5.06
8.39
5
5.05
5.02
8.76
10.26
5.03
5.03
8.39
7.16
6.75
5.03
5.19
7.08
5
5.19
5.09
5.03
9.57
8.79
8.5
5.05
6.6
5.12
8.79
5.05
10.08
9.06
7.66
7.87
7.26
6.05
5.13
7.65
9.67
9.7
5.35
6.8
5.35
5.04
5.09
5.12
7.25
5
7.05
7.17
5.03
5.36
5.18
5.64
5.03
9.42
5.11
5.34
5.19
7.08
8.11
5.04
5.12
8.28
5.01
5.05
8.78
7.1
5.05
5.07
5.05
5
7.97
7.84
7.49
7.89
5.03
5.3
8.6
5.11
5.14
8.75
5.05
9.9
7.38
5.13
5.01
5
7.4
9.4
5
5.17
5.18
7.17
5.01
9.03
5.04
5
5.05
5.01
5.02
5.11
5.2
5.12
5.03
5.09
5
5.01
6.52
5.15
7.73
5.93
5.09
5.06
5
5.16
5
12.17
5.13
5
8.29
5.07
9
5.15
7.03
6.05
5
5.06
5.11
5.11
6.62
5.21
5.76
8.69
5.04
5.14
5
5.01
5
5.12
5.1
8.45
9.72
7.62
5.09
5.04
5.01
6.41
9.85
8.35
5.01
8.03
8.64
5.12
5.04
5.1
8.06
5
6.53
5.07
5.17
5.19
5.01
10.25
5
5.73
6.54
5
5.09
7.18
5
5.05
5.19
7.43
5.01
5.13
8.43
5.01
5.07
5
11.39
8.54
5.11
5.11
6.34
5
5.04
8.6
5.25
5.09
9.56
5.17
10.54
8.55
7.96
5.06
5.66
5.29
5.05
5.14
7.6
5.12
5.02
5.08
7.77
5.12
5.21
5.03
7.92
5.09
5.01
5.4
5.04
5.02
5.13
8.61
8.19
5.12
5.19
8.55
7.65
5.15
8.17
5.16
5.05
9.08
8.1
5.14
5.45
7.21
5.42
5
8.23
7.15
5.1
8.82
5.01
8.57
5.12
9.11
5.06
5.09
8.17
5.1
8.59
7.7
5.18
5.01
5.03
5.15
5.02
5.13
5.11
5.06
6.88
8.47
9.13
8.83
5.02
5
7.3
8.56
8.36
5.02
5.16
5.18
5.02
6.55
5.01
5.32
5
5.15
5.75
5
6.98
5.09
8.52
9.04
5.09
5.04
7.98
8.78
5.02
10.09
5.01
5.2
6.54
8.62
7.08
8.09
5.14
5.05
5.07
5
7.3
8.17
8.88
5
7.46
8.92
5.08
5.13
10.09
9.86
5.21
5.8
5.01
6.04
7.96
6.72
5
5.19
5.02
9.65
6.01
5.15
8.73
5.12
7.95
5.12
8.54
5.08
5.1
5.15
7.17
10.81
5.33
5.07
5.3
5.05
9.6
5.08
5.11
5.14
7.41
8.84
8.04
5
5.03
5.22
7.74
8.7
5.13
5.78
9.67
9.67
6.98
5
8.33
5.19
5
9.16
5.23
5.1
6.56
5.21
5.12
5.02
5.12
6.66
7.74
5.35
5.15
5.02
5.24
5.6
8.33
10.48
8.16
5.79
5.03
5
8.33
9.99
8.81
6.55
5.11
7.09
5.09
8.21
8.12
9.56
5.26
7.65
5.01
5.03
5.03
7.43
5.09
5.04
5.06
5.21
5
8.19
5.33
5
7.97
10.04
8.18
9.61
5
5.01
5.28
5.16
5.6
8.07
5.63
5.04
7.34
5.02
5
9.48
6.81
5.21
5.01
7.78
9.24
6.21
7.96
5.22
5.01
5.28
5
5.01
5.16
5.02
5.19
5.26
5.13
5.05
6.37
8.44
5.04
5.19
5.14
8.76
5.06
5
6.57
9.04
5.52
5.06
5.09
9.56
5.04
5.09
8.44
5.1
5.22
5.04
5
5.11
5.02
9.02
5
5.03
5.37
8.7
8.68
5.06
5.03
5.3
8.18
8.57
5.02
8.72
5.96
5.13
5.18
5
9.64
7.52
5
8.22
5.01
5.08
5.16
5
8.61
7.19
5.02
5.14
8.45
5
10.78
11.19
5.04
7.08
5.27
5
5
5.13
5
5.16
5.01
10.36
5.11
5
5.05
5.21
5.02
10.8
5.03
5.1
8.26
9.96
5
7.21
5
6.96
5
6.78
8.83
5.02
6.91
5.05
9.49
5.08
5.08
5.15
8.55
5.02
7.83
5.12
7.72
8.67
5.04
7.67
5.02
5.17
8.19
5.08
7.38
8.19
5.23
5.04
7.9
5.32
5.18
8.29
5.12
5.22
8.61
7.76
5.06
5.15
8.84
9.72
7.79
7.17
5.2
8.32
5.07
8.3
5.07
5.01
9.46
7.41
5.12
5.04
7.61
5.06
5
5.23
6.85
5.13
9.91
5.03
6.98
5
8.35
5.12
5.84
5.2
8.51
5.01
5.06
5.29
5.21
6.89
5.09
11.29
8.53
5.09
8.71
5.08
5.03
5.02
5.04
5.05
7.87
7.41
8.87
5
5.01
5.02
5.07
5.82
5.16
11.01
5
8.11
5
5.16
7.63
8.02
5.01
5.05
7.54
5
5.03
9.21
5.07
5
5
5.17
5.1
5.16
8.89
5.01
6.74
7.98
5.01
5.04
5.01
7.72
6.18
9.74
7.36
6.84
5.02
7.31
5.56
8.54
8.77
7.74
5.07
8.37
6.27
8.76
5.1
7.42
6.75
5.18
5.15
5.17
5.08
5.08
7.88
5.17
5
5.2
6.24
5
5
5.12
5.1
5.48
5.01
5.03
5.08
5.28
5
9.2
5.24
5.11
