4262 12786
6.03
6.15
8.1
6
6.21
6.02
6.35
6.06
6.01
6
6.01
7.1
6.01
6.13
6.2
6.16
6
7.23
6.02
6.29
6.03
6.05
6
6.09
6.08
6.12
6.32
6
6.13
6.15
6.07
6.03
6.23
6.26
6
6.05
6.1
6.11
6
6
6.02
6.37
6.05
6
6
6.2
6.6
6.04
6.4
6.1
7.46
6.2
6.15
6.02
6.08
6.3
6.01
6.07
6.02
6.41
6.08
7.31
6.17
6.98
6.34
6.16
6.15
6.13
6.01
6.05
6
6.07
6.05
6.05
6.15
6.15
6.86
6.59
6.04
6.05
6.05
6.01
6.02
6.14
6.1
6.22
6.56
6.03
6
6
6.25
6
6
6.04
6.12
6.05
8.98
6.52
6.37
6.02
6.05
6.04
6
6
6.12
6.21
6.27
6.98
6.08
6.01
6.06
6.1
6.58
6.2
6.19
6.06
6.3
6.22
6.23
6.19
6
6.05
6.02
7.21
6.01
6.16
6.02
6.03
6.13
6.16
8.16
6.17
6.44
6.11
6.27
6.07
6.58
6.07
6.17
6.65
6.08
6.24
6.09
6.08
6.21
6.58
6.15
6.12
6.08
6
6.08
6.19
6.09
6.52
6.03
6.2
6.01
6.06
6.15
6.01
6.12
6.12
6.08
6.09
6.25
6.1
6
6.33
6.1
6.39
6.22
6.18
6.11
6.12
6.03
6.03
6
6.21
6.59
6.46
6.76
6
6.09
6.23
6.01
6.12
6.04
6.11
6.02
6.2
6.07
6.1
6.15
6.27
6.29
6.23
6
6.04
6.08
6.25
6
6.03
6.08
6.13
6.1
6.02
6.07
7.33
6.08
6.21
6.19
6.03
6.95
6.02
6.29
6.04
6.15
6.63
6.01
6.06
6.46
6.53
6.15
6.12
6.09
6.08
6.17
6.08
6
6.24
6.43
6.14
6.12
6.08
6.2
6.01
6.1
6.28
6.17
6.19
6.16
6.18
6
6.13
6.64
6.19
6
6.12
6.35
6.06
6.11
6.05
6.17
6.36
6.1
6.09
6.05
6.3
6.39
6.06
6.14
6.13
6.06
6.22
6
6.05
6.13
6.11
6.13
6.44
6.42
6.01
6.04
6.03
6.52
6.04
6.06
6.12
6.09
6.06
6.11
6.08
6
6.17
6.13
6.11
6.01
6.26
6.14
6.06
6.07
6.04
6.32
6
6.07
6.07
6.24
6
6.16
6
6.02
6.25
6
7.81
6
6.02
6
6.13
6.21
6.06
6.37
6.12
6.11
6.02
6.12
6.03
6.14
6.03
6.09
6.23
6.12
6.17
6.15
6.17
6
6
6.05
6.05
6.13
6.12
6.08
6.08
6.57
6.42
6.17
6.01
6.52
6.07
6.04
6.02
6.09
6.01
6.09
6.19
7.2
6.02
6.04
6.06
6.03
6.08
6.03
6.75
6
6.33
7.03
6.22
6.13
6.09
6.31
6.08
6
6.06
6
6.37
6
6
6.1
9.34
6.02
6.18
6.05
6.07
6.17
6.09
6.07
6.17
6.03
6.08
6
6
6.1
6.07
6.2
6.03
6.11
6.06
6.03
6.14
6.08
7.11
6.03
6.39
6.08
6.14
6.14
6.15
6.24
6.02
6.16
6.1
6.03
6.4
6.02
6.03
6.02
6.54
6.07
6.16
6.08
6.1
6.08
6.12
6.03
6.07
6.07
6.02
6.06
6.09
6.11
6.39
6.09
6.45
6.34
6.24
6
6.08
7.21
6.1
6.39
6.17
6.23
6.47
6
6
6
6.38
6.09
6.17
6.73
6.09
6
6
6.6
6
6.08
6.06
6.1
6.22
6.03
6.18
6.09
6
6.07
6.11
6.1
6.07
6.06
6.05
6.14
6.06
6.22
6.15
6.03
6.41
6.07
6.11
6
6.1
6.06
6.04
6.08
6
6.11
6.09
6
6.06
6.08
6.07
6.22
6.02
6.21
6
6.19
6.11
6.06
6.14
6.03
6.11
6.05
6
6.03
6.55
6.01
6.09
6.08
6.04
6.11
6.08
9.31
6.04
7.06
6.02
6.32
6.3
6.32
6.07
6
6.03
6.1
6.05
6.1
6.1
6.22
6.04
7.12
6
6.06
7.14
6.25
6.12
6.08
6.55
6.13
6.06
6.01
6.07
6.08
6.01
6.15
6.12
6.27
6.11
6.1
6.12
6.05
6.23
6.34
6
6.08
6.04
6.02
6.15
6
6.05
6
6.03
6.2
6.14
6.08
6.54
6.15
6.01
6.11
6.24
6.2
6.04
6.04
6.13
6.02
6.05
6.09
6.13
6.16
6.09
6.25
6.16
6.16
6
6.19
6.22
6.07
6.01
6.1
6.11
6.05
6.13
6
6.02
6
6.27
6.02
6.13
6
6.17
6.01
6.13
6.24
6.04
6
6.14
6.14
6.23
6.28
6.08
6.26
6.02
6
6.14
6.13
6.05
6.01
6.16
6.73
6.17
6.01
6.13
6.09
6.07
6.15
6.12
6.22
6.35
6.34
6.13
6.25
6
6
6.04
6
6.23
6.12
6.01
6
6.03
6.06
6.02
6.03
6.45
6.07
6.09
6
6
6.01
6.13
6
6.23
6.36
6.03
6.08
6.04
6.07
6
6.07
6.02
6.21
6.38
6.03
6
6.08
6.07
6
6.21
6.26
6
6
6.29
6.17
6.26
6
6.03
6.11
6.03
6.06
6.47
6
6.06
6.14
6.02
6.05
6.05
6.02
6.12
6.12
6.31
6.15
6.01
6.17
6.26
6.23
6.16
6
6
6.09
6
6.04
6.12
6.16
6.11
6.07
6.02
6
6.24
6.09
6.17
6.13
6.17
6.06
6
6.02
6.1
6.14
6.1
6.04
6.13
6.22
6.04
6.31
6.08
6.07
6.04
6.01
6.19
6
6.06
6.06
6.24
6.05
6.1
6.08
6
6.33
6.24
6.06
6.18
6
6.65
6.31
6.07
6.06
6.62
6.07
6.04
6.15
6.06
6.46
6.12
6.02
6.03
6.02
6.17
6.07
6.1
7.19
6.09
6.1
6.07
6
6.06
6.11
6.08
6.03
6.22
6
6
7.11
6.47
6.54
6.05
6.08
6
6.3
7.32
6.06
6.17
6.01
6.05
6.24
6.11
6.04
6
6.01
6.16
6.11
6.09
6.06
6.13
6.08
6.7
6.07
6.1
6.1
6.13
6.23
7.98
6.08
6.06
6.05
6.17
6.15
6.28
6.07
6.2
6
6.3
11.84
6.1
6.08
6.1
6.08
6.22
6.02
6.08
6.39
6.06
6.03
6
6.03
6.42
6.08
6.55
6.08
6.17
6.16
6.01
6.17
6.33
6.07
6.19
6.1
6.07
6.12
6.13
6.01
6.03
6.08
6.25
6.19
6
6.07
6
6.08
6.11
6.17
6.1
6
6
6.19
6
6.18
6.08
6.01
6.39
6.07
6.02
6.09
6.05
6.01
6.34
6.11
6.11
6.09
6.18
6.04
6.42
6.08
6.02
6.09
6.39
6.18
6.66
6.34
6.27
6.52
6.04
6.06
6
6.06
6.09
6.13
6.41
6.07
6.12
6.72
6.1
6.01
6
6.01
6.07
6.21
6.2
6
6.08
6.09
6.13
6.11
6.02
6.47
6.06
6.32
6.01
6.43
6.14
6.12
6.04
6.08
6.05
6.19
6.04
6.02
6.38
6.04
6.45
6.44
6.03
6.06
6.81
6.01
6.07
6.04
6.08
6.1
6.31
6.35
6.01
6.12
6.01
6.23
6.2
6.73
6.47
6.19
6.08
6
6.05
6.05
6.02
6.94
6.88
6.36
6.07
6.11
6.11
6.02
6.05
8.44
6.06
6.05
6.69
6.2
6.07
6.11
6
6.03
6.1
6.14
6.14
6.02
6.03
6.14
6.65
6.12
6.66
6.2
6.49
6.03
6
6.13
6
6
6.01
6.04
6.09
6.47
6.2
6.14
6.17
6.21
6.11
7.09
6.12
6
6.11
6.69
6.04
6.82
6.23
6.19
6.15
6.04
6.08
6.46
6.12
6.34
6.05
6.35
6.15
6.08
6.51
6.03
6
6.09
6.31
6.18
6.04
6
6.05
6.02
6.02
6.03
6.05
6.61
6.01
6.06
6.03
6.01
6
6.5
6.04
6.65
6.04
6.07
6.06
6.14
6.15
6.06
6.07
6.13
6.04
6.06
6
6.06
6.05
6.08
6.06
6.03
6.03
6.04
6.08
6
6.22
6.01
6.14
6.04
6.03
6.06
6.01
6.16
6.06
6.01
6.07
6.91
6.05
6.09
6.06
6.08
6.1
6.13
6.11
6.11
6.03
6.21
6.34
6.03
6.01
6.35
6.04
6.12
6.08
6.06
6.22
6.15
6.08
6.03
6.11
6.15
6.85
6.17
6.21
6.04
6.16
6
7
6.21
6
6.17
6.14
6.14
6.04
6.08
6.01
6.12
6
6.42
6.32
6.91
6
6.05
6
6.27
6.4
6.08
6
6.08
6.05
6.18
6
6.07
7.08
6.2
6.18
6.07
6.58
6.01
6
6.07
6
6.27
6
6.08
6.04
6.1
6.09
6.1
6.02
6.22
6.1
6.1
6.12
6.11
6.02
6.09
6.01
6.01
6.1
6.07
6
6.02
6
6.08
6.08
6.08
6.47
6
6.18
6.34
6.18
6.07
6.06
6.04
6.3
6.01
6
6.08
6.09
7.26
6.04
6.33
6.48
6.02
6.03
6.05
6.02
6.15
6.09
6.14
6.07
6.05
6.12
6.15
6.14
6.19
6.11
6.06
6
6.02
6.02
6.34
6.04
6.11
6.2
6.01
6
6.29
6
6.03
6.06
6.22
6.06
6.14
6.06
6
6.13
6.25
6.03
6.18
6.87
6.07
6.03
6.16
6.3
6.2
6
6.07
6
6.13
6.46
6
6.01
6.05
6.1
6.03
6.06
6.11
6.25
6.33
6.18
6.01
6.13
6.15
6.03
6.02
6.04
6.05
6.06
6.05
6.14
6.05
6.07
6.16
6.05
6.1
6.04
6.08
6.17
6.11
6.08
6.1
6
6.17
6
6.05
6.07
6.02
6.12
7.01
6.07
6.08
6.01
6.1
6.18
6.06
6.06
6.06
6.02
6.08
6.01
6
6.12
7.16
6.11
6.04
6.06
6.02
6.17
6.01
6.15
6
6.02
6.01
6.01
6.08
6.02
6.13
6.51
6.12
6.07
6.14
6.19
6.06
6.05
6
6.13
6.12
6.02
6.04
6.2
6.03
6.26
6
6.09
6.01
6.1
6.08
6
6.08
6.28
6.26
6.14
6.05
6.04
6.11
6.08
6.07
6.05
6.06
6.14
6.1
6.06
6.01
6.05
6.12
6.03
6.18
6.01
6.01
6.13
6.03
6.24
6.17
6.09
6.09
6.08
6
6
6
6.38
6.19
6.18
6.63
6.11
6.09
6.52
6.12
6.87
6.04
6
6.05
6.15
6.07
6.26
6.01
6
6.18
6.01
6.01
6
6.05
6.14
6.04
6.05
6.06
6.03
6.22
6.01
6.14
6.21
6.04
6.1
6.14
6.19
6.02
6.13
6.15
6.03
6.14
6.04
6.36
6.28
6.13
6.34
6.03
6
6.23
6.17
6.08
6.1
6.11
6.14
6.08
6.16
6
6.08
6.18
6.31
6.11
6
6.06
6
6.18
6.5
6.08
6.42
6
6.67
6.17
6.15
6.08
6.2
6.03
6.09
6.01
6.2
6.07
6.08
6.15
6.16
6.19
6.03
6.21
6.06
6
6.09
6.67
6
6.71
6.16
6.05
6.08
6.15
6
6.08
6.19
6.11
6.11
6.06
6.04
6
6.03
6.12
6.08
6.46
6.12
6.16
6.06
6.08
6.05
6.04
6.13
6.1
6.93
6.13
6.06
6.01
6.29
6.15
6.1
6.04
6.04
6.05
6.03
6
6.03
6
6.02
6.09
6.02
6.05
6.01
6.08
6.26
6.13
6.08
6.09
6.03
6.14
6.09
6.06
6.05
6
6.09
6.06
6.06
6.11
6.18
6.65
6.13
6.25
6.04
6.08
6.1
6.07
6.06
6.06
6.04
6.01
6.03
6.09
6.16
6.07
6.06
6.06
6.23
6.16
6.22
6.13
6.1
6.05
6.12
6.11
6.24
6.02
6.06
6.03
6.04
6.02
6.02
6.11
6.07
6.07
6.08
6.05
6.06
6.1
6.2
6.03
6.15
6.15
6.05
6.32
6.05
6.04
6.03
6.12
6.26
6
6.14
6.16
6.12
6
6.08
6.07
6.06
6.87
6
6.17
6.06
6.09
6.33
6.02
6.1
6.06
6
6.32
6.06
6.13
6.26
6.1
6.01
6
6.19
6.09
6.02
6.02
6.08
6.04
6.2
6
6.06
6.27
6.08
6.01
6.15
6.02
6.08
6
6.03
6.16
6.01
6.43
6.07
6.03
6.28
6.1
6.04
6.07
6.08
6.08
6.08
6.06
6.02
6.13
6.06
6.24
6.12
6.17
6.01
6.07
6.2
6
6.25
6.1
6
6.08
6.42
6.09
6.08
6.24
6.13
6.08
6.04
6.6
6.2
6.21
6.01
6.32
6.02
6.16
6.08
6.11
6.07
6.07
6.11
6.39
7.36
6.14
6.08
6
6.13
6.17
6.2
6.19
6.19
6.09
6.06
6.01
6.11
6.02
6.14
6.01
6.07
6.45
7.33
6.01
6.07
6.02
6.08
6.05
6.14
6.05
6.09
6.11
6
6.05
6.5
6.07
6.9
6.13
6
6.18
6.1
6.04
6.28
6.04
6.05
6.25
6.04
6.07
6.56
6.15
6.5
6.05
6.06
6.1
6
6.07
6.09
6.34
6.02
6.03
6.3
6.12
6.04
6
6.09
6
6.02
6.08
6.17
6.1
6.12
6.83
6
6.1
6.07
6.05
6.2
6.12
6.02
6.15
6.45
6.47
6.03
6
6.35
6.22
6.43
6.04
6.13
6.1
6.06
6.04
6.04
6.05
6.29
6.04
6.12
6.08
6.04
6.16
6.3
6.12
6.1
6.5
6.01
6.03
6.25
6.03
6.06
6.1
6.15
6.08
6.13
6.04
6.07
6.07
6.46
6.08
6.09
6.06
6.11
6.02
6.13
6.52
6.03
6.15
6.13
6.18
6.03
6.1
6
6
6.13
6.04
6.08
6.01
6
6.03
6
6.05
6
6.1
6.14
6.28
6.27
6.17
6.11
6
6.17
6.11
6.13
6.04
6.23
6.02
6.26
6.3
6.06
6
6.12
6.07
6.04
6.01
6.26
6.07
6.14
6.24
6.13
6.25
6.02
6.05
6
6
6.07
6.19
6.2
6.03
6.09
6.06
6.08
6.06
6
6.05
6.31
6.14
6.08
6.15
6.22
6.32
6.02
6
6.14
6.2
6.1
6.09
6.01
6
6.05
6.06
6.02
6.47
6.12
6.05
6.16
6.14
6.1
7.18
6.27
6.09
6.09
6.01
6.09
6.25
6.17
6.24
6.15
6.14
6.07
6.01
6.16
6.09
6.04
6.1
6
6
6.23
6.05
6.09
6.21
6.18
6
6.1
6.34
6.25
6.31
6.54
6.05
6.25
6.55
6.02
6.1
6.01
6.17
6.05
6.01
6.04
6.22
6.09
6.05
6.06
6.1
6.17
6.03
6.07
6.13
6.01
6.05
6.08
6.19
6.1
6.07
6.08
6.12
6.27
6.01
6.2
6
6.04
6.01
6.3
6.18
6.19
6.12
6.09
6.12
6
6.01
6.17
6.02
6
6.27
6.04
6.47
6.03
6.05
6.02
6.02
6.17
6.38
6.22
6.02
6.15
6
6.17
6.19
6.34
6.02
6.13
6.02
6.04
6
6
6.04
6.11
6.1
6.1
6.02
6.16
6.02
6.02
6.47
6.33
6.02
6.07
6.1
6.2
6.12
6.11
6.16
6.02
6.25
6.02
6.02
6.01
6.05
6.01
6.03
6.02
6.1
6.01
6.02
6.06
6
6.1
6.07
6.89
6.05
6.27
6.01
6.1
6.03
6.15
6.2
6.06
6.01
6.1
6.14
6
6.09
6.18
6.26
6.15
6.05
6.03
6.01
6
6.05
6.11
6.52
6.03
6.09
6.01
6.11
6.14
6.1
6.04
6.09
6.07
6.04
6.09
6.08
6.12
6.09
6.06
6.07
6.14
6.15
6.05
6.07
6.08
6.01
6.06
6.02
6.11
6.2
6.13
6.02
6.22
6.24
6.11
6.01
6.15
6.03
6.09
6.13
6.13
6.08
6.3
6.06
6.07
6.07
6.02
6.18
6.13
6.08
19.56
6.06
6.12
6
6.04
6.67
6
6.11
6.02
7.05
6.06
6.03
6.09
6.05
6.02
6.01
7.01
6.13
6.04
6.07
6.05
6.02
6.09
6.11
6.05
6.05
6.06
6.39
6.07
6.1
6.05
6.03
6.1
6.13
6.17
6.07
6.02
6.13
6.04
6
6.16
6.02
6.04
6.09
6.1
6.01
6.05
6.16
6.04
6.08
6.1
6.06
6
6.04
6.08
6.05
6.13
6
6
6.01
6.16
6.16
6.07
6.6
6.14
6.1
6.06
6.17
6.04
6.24
6.33
6.01
6.07
6
6.09
6.1
6.17
6.04
6.65
6.01
6.09
6.32
6.07
6.07
6.03
6.09
6
6.02
6.03
6.04
6.06
6.28
6.12
6.06
6.16
6.02
6.2
6.08
6.22
6
6.17
6.06
6
6.15
6
6.03
6.22
6.16
6.07
6.04
6.11
6.14
6.26
6.07
6.04
6.43
6.18
6.22
6.15
6.04
6.06
6
6.01
6
6.1
6.01
6.14
6.34
6.1
6.05
6.17
6.04
6.07
6.1
6.05
6.2
6.14
6.38
6.01
6.08
6.06
6.19
6.01
6.08
6.38
6
6.02
6.12
6.02
6.33
6.06
6.36
6
6.01
6.01
6.11
6.07
6
6
6.16
6.06
6.05
6.08
6.02
6.01
6.01
6.15
6.05
6.19
6.05
6.01
6
6.19
6.01
6.09
6.09
6.56
6.04
6.37
6.07
6.11
6.06
6
6.11
6.06
6.11
6.08
6.13
6.19
6.09
6.02
6.14
6.13
6.08
6.1
6.01
6.22
6.02
6.07
6.13
6.36
6.05
6.06
6.36
6
6.06
6
6.12
6.01
6.09
6.06
6
6.1
6.08
6.12
6
6.21
6.09
6.05
6.02
6.26
6.13
6.13
6.07
6
6.31
8.76
6.21
6.1
6.1
6.04
6.03
6.01
6.06
6.04
6.17
6.18
6.05
6.02
6.03
6.16
6.28
6.03
6.06
6.08
6.11
6.01
6.12
6.05
6.1
6.11
6.06
6.09
6.23
6.09
6.03
6.08
6
6.51
6.17
6.06
6.02
6.17
6.12
6.14
6
6.05
6.42
6.18
6.01
6.08
6.05
6.27
6.03
6.09
6.67
6.08
6.03
6.03
6.14
6.07
6.18
6.16
6.06
6.16
6.08
6.31
6.44
6.03
6.19
6.47
6.04
6.05
6.1
6.02
6.03
6.03
6.26
6.2
6.13
6.12
6.12
6.09
6
6.01
6.07
6
6.11
6.03
6.04
6.12
6.12
6
6.32
6
6.05
6.1
6.19
6.18
6.1
6.02
6.26
6.17
6.02
6.03
6.05
6.25
6.12
6.01
6.18
6.1
6.01
6.11
6.03
6.08
6.08
6.33
6.02
6
6.12
6.02
6.24
6.14
6.14
6.31
6.1
6.01
6.11
6.01
6.48
6.11
6.01
6.18
6.07
6.09
6.15
6.19
6.02
6.08
6.01
6.09
6.04
6.05
6.04
6.15
6.3
6
6.44
6.2
6.11
6.06
6.1
6.02
6.07
6.13
6.09
6.22
6.04
6.15
6.06
6
6.21
6.04
6.03
6.06
6.02
6.13
6.04
6.29
6.05
6.05
6.08
6.36
6.1
6
6.06
6.06
6.22
6.07
6.02
6.04
6.07
6.05
6.08
6.18
6.21
11.16
6.11
6.2
6.05
6
6.05
6.01
6.06
6.01
6
6.18
6.08
6.05
6
6.06
6
6.04
6
6.04
6.11
6.11
6.06
6.01
6.04
6.09
6.18
6.04
6
6.05
6.08
6.09
6.04
6.13
6.03
6
6.18
6.13
6.03
6.09
6.1
6.27
6.22
6.1
6.07
6.08
6.04
6.34
6.06
6.04
6.05
6.05
6.07
6.06
6
6.08
6.03
6.04
6.7
6.71
6.06
6.08
6
6.08
6.16
6.11
6.1
6
6.07
6.17
6
6.19
6.04
6.07
6.35
6.17
6
6.07
6.04
6.17
6.11
6
6.13
6.05
6.59
6.03
6.22
6.36
6.68
6.03
6
6.18
6
6.18
6.19
6.08
6
6.16
6.01
6.09
6.02
6
6.24
6.29
6.16
7.32
6.14
6.07
6
6.01
6.06
6.11
6.35
6.55
6.02
6.04
6.07
6.02
6.31
6.06
6.09
6.11
6
6.13
6.06
6.1
6.09
6.02
6.07
6.4
6.23
6.1
6
6.01
6.05
6.18
6.22
6.07
6.15
6.03
6.07
6.14
6.08
6.04
6.03
6.07
6
6.04
6
6
6.08
6.04
6.14
6.13
6.05
6.12
6.07
6.05
6.06
6
6
6.37
6.15
6.06
6.03
6.33
6.05
6
6.06
6.07
6.26
6
6.12
6.14
6.06
6.04
6.14
6.1
6.52
6.22
6.08
6.1
6.22
6.03
6.08
6.04
6.08
6.16
6.06
6.07
6.21
6.49
6.07
6.01
6.26
6.06
6.05
6
6.07
6.02
6
6
6.13
6.04
6.15
6.06
6.79
6.08
6.06
6.19
6.06
6.02
6.11
6.14
6.01
6.03
6.01
6.02
6.02
6.02
6.07
6.36
6.13
6.04
6.11
6.04
6.09
6.02
6.02
6.33
6.09
6.07
6.11
6.03
6
6.13
6.07
6
6.03
6.11
6.82
6.07
6.16
6.07
6.01
6.18
6.07
6.04
6.08
6.03
6
6.1
6.38
6.06
8.99
6.62
6.03
6.13
6.01
6.05
6
6.03
6
6
6.07
6.09
6.2
6.08
6.56
6.1
6.01
6.12
6.05
6.21
6.08
6.09
6
6.05
6.11
6
6.13
6.09
6
6.09
6.02
6.05
6.04
6.13
6.21
6.04
6.16
6
6.11
6.01
6.16
6.01
6.04
6
6.05
6.12
6.03
6.04
6.16
6.26
6
6.19
6.09
6.24
6.11
6.07
6.15
6.11
6.22
6.25
6.01
6.1
6.1
6.09
6.26
6.13
6.28
6.08
6.01
6.18
6.01
6.01
6.1
6.16
6.07
6.04
6
6.03
6.06
6.11
6.36
6.17
6.03
6.05
6.08
6.08
6.07
6.01
6.06
6.11
6
6.15
6
6.14
6.07
6.01
6.13
6.52
6.09
6.09
6.07
6
6.4
6.08
6.12
6.05
6.17
6.09
6.12
6.14
6
6.15
6.01
6.21
6
6.09
6.07
6
6.06
6.1
6.33
6.08
6.06
6.34
6.01
6.33
6.09
6.08
6.08
6.11
6.01
6.04
6.01
6.34
6.17
6.11
6.28
6.17
6.15
6.09
6.1
6.08
6
6.02
6.16
6.05
6.01
6.18
6.31
6.1
6
6.12
6.06
6.04
6
6.12
6.1
6.35
6.13
6.04
6.17
6.05
6.17
6.02
6.17
6.12
6.22
6.03
6.08
6.08
6.18
6.02
6.1
6
6.1
6.17
6.14
6.09
6.07
6.12
6.08
6.03
6.07
6.11
6
6.19
6.01
6.1
6.2
6.1
6.14
6.09
6
6.12
6.26
6.06
6.07
6.13
6.2
6.07
6.09
6.07
6.09
6.07
6.02
6.11
6.05
6.63
6.05
6
6.02
6.07
6.1
6.16
6
6.09
6.04
6.01
6.03
6.34
6
6.21
6.31
6.06
6.03
6.04
6.08
6.12
6.04
6.11
6
6.04
6.06
6.58
6.09
6.04
6.11
6.18
6.13
6.05
6.12
6.06
6.02
6
6.3
6.05
6.19
6.13
6.63
6.48
6.06
6.11
6.09
6.59
6
6.02
6.02
6.23
6.06
6.13
6.08
6.06
6.2
6.01
6.13
6.02
6.06
6.06
6.16
6.05
6.05
6.05
6.2
6.08
6.04
6.08
6.08
6.13
6
6.13
6.1
6.43
6.14
6.05
6.04
6.11
6.09
6.1
6.11
6
6.01
6.15
6.1
6.27
6.13
6.39
6.1
6.13
6.17
6.02
6.05
6.19
6.23
6.52
6.06
6.04
6.04
6
6.01
6.09
6.34
6
6.1
6.12
6.05
6.25
6.1
6
6.02
6.15
6.07
6.09
6.21
6.26
6.02
6.15
6.41
6.03
6.03
6.01
6.16
6.21
6.1
6.04
6.07
6.04
6.06
6
6.15
6.47
6
6.01
6.31
6.08
6.07
6.02
6.09
6.12
6.06
6.01
6
6.01
6.07
6.12
6.16
6.12
6
6.11
6.24
6.13
6.11
6.04
6.09
6
6.11
6.07
6.24
6.74
6.07
6.02
6.05
6.01
6.06
6.3
6.07
6.01
6.08
6
6.11
6.04
6.22
6.05
6
6.05
6.09
6.22
6.04
6.03
6.36
6.08
6.13
6.07
6.09
6.44
6.07
6.05
6.04
6.86
6.06
6.03
6.06
6.13
6.23
6.1
6.01
6.02
6.15
6.02
6.15
6.23
6.05
6.1
6.05
6.01
6.05
6.01
6.03
6
6
6.1
6.65
6
6
6.02
6
6.05
6.09
6.26
6.08
6.12
6.13
6.02
6.11
6
6
6.3
6.09
6.06
6.16
6.1
6.17
6.16
6.05
6.05
6.27
6.09
6.21
6
6.1
6.15
6.01
6.1
6.01
6.02
6.02
6
6.04
6.11
6.01
6.03
6.06
6.1
6.05
6.14
6.09
6.12
6.09
6.32
6.14
6.02
6.14
6.01
6
6.22
6.15
6.02
6.02
6.08
6.13
6
6.07
6.08
6.09
6.04
6.24
6.01
6.1
6.11
6.26
6.1
6.07
6.05
6.12
6.09
6.08
6.17
6.06
6.05
6.1
6
6.03
6
6.04
6.08
6.05
6
6
6.24
6.11
6.07
6.28
6.02
6.22
6.01
6.01
7.52
6
6.06
6.08
6.22
6.4
6.02
6.16
6.15
6.03
6.1
6
6.14
6.15
6.11
6.06
6.11
6.05
6
6.2
6.02
6.03
6
6.07
6.07
6.28
6.02
6.18
6.03
6
6.02
6.04
6.07
6.06
6.07
6.1
6.09
6.17
6
6.4
6.15
6
6.03
6.31
6.07
6.06
7.1
6.01
6.18
6
6.09
6.28
6.1
6.52
6.06
6.1
6
6.1
6.07
6.07
6.38
6
6.02
6.06
6.33
6.01
6.02
6
6.09
6.06
6
6.24
6.16
6.15
6.09
6.07
6.48
6.13
6.01
6.06
6.15
6.04
6.11
6.01
7.05
6
6.15
6
6.05
6.09
6
6.1
6.16
6.01
6.11
6.01
6
6.03
6.03
6.73
6.45
6.01
6
6.04
6.06
6
6.08
6.07
6.13
6.03
6.12
6.26
6.23
6.12
6.05
6
6.07
6.34
6
6.07
6.06
6.07
6.04
6.07
6.16
6.05
6.08
6.09
6
6.3
6.05
6
6.09
6.01
6
6.1
6.06
6
6.03
6.04
6
6.02
6.07
6.16
6.21
6.3
6.07
6.06
6.07
6.01
6.26
6.01
6.13
6.08
6.27
6.02
6
8.79
6.31
6.28
6.09
6.07
6
6.08
6.07
6.26
6.02
6
6.31
6.02
6.03
6.03
6
6
6.22
6
6.08
6
6.18
6.09
6.02
6.07
6.06
6.24
6.06
6.08
6.13
6.08
6.21
6.07
6.14
6.08
6.02
6.11
6.04
6.13
6.13
6.09
6.06
6.1
6
6.09
6.06
6.15
6.01
6.13
6.03
6.08
6.15
7.2
6.08
6.16
6.17
6.04
6.13
6.01
6
6.03
6.06
6.04
6.04
6
6.08
6.24
6.08
6.21
6.12
6.09
6.03
6.1
6.04
6
6.03
6.04
6.02
6
6.11
6.01
6.12
6.11
6.14
6.08
6.02
6.13
6.84
6.08
6.01
6.87
6
6.02
6.06
6.21
6.11
6.03
6.04
6.16
6.24
6.04
6.03
6.34
6.01
6
7.22
6
6.05
6.34
6.07
6.05
6.06
6.05
6.24
6.1
6.01
6.13
6.02
6.07
6.17
6.1
6.17
6.25
6.13
6.11
6.11
6
6.01
6.13
6
6.08
6.07
6.14
6.07
6.05
6.13
6.12
6.11
6.42
6.18
6
6
6.07
6.09
6.33
6.02
6.05
6.03
6
6.16
6.08
6.06
6.11
6.12
6.04
6.06
6.05
6.01
6.12
6
6.01
6.27
6.08
6.02
6.04
6.11
6.03
6.06
6.79
6
6.02
6.05
6.22
6.22
6.29
6.09
6.07
6.28
6.12
6.15
6.14
6.12
6.02
6.32
6.04
6.12
6.04
6.38
6
6.05
6.14
6.08
6.01
6.1
6.07
6.01
6.16
6.14
6.07
6.17
6.17
6.21
6.13
6
6.1
6.16
6.02
6.05
6.08
6.13
6.01
6.05
6.08
6.01
6.13
6.04
6.06
6
6.74
6
6.17
6
6
6.41
6.22
6.21
6.4
6
6.09
6.1
6.04
6.08
6.06
6.56
6.19
6.11
6.11
6
6.07
6.07
6.03
6.07
6.1
6.14
6.26
6
6.04
6.06
6.03
6
6.04
6.27
6.08
6.05
6.19
6.13
6.41
6.06
6.04
6.02
6.05
6.11
6.12
6
6.08
6.28
6.02
6.07
6
6.36
6.07
6.29
6.09
6
6.16
6.03
6.05
6.04
6.66
6.48
6.09
6.14
6.1
6.08
6.03
6.08
6.43
6.03
6.07
6.07
6.1
6.23
6.16
6.03
6.1
6.04
6.03
6.11
6.11
6.08
6
6.21
6.02
6.04
6.18
6.12
6.04
6.08
6.11
6
6.22
6.07
6.01
6.31
6.34
6.1
6.02
6.09
6.05
6.04
6.02
6.12
6.12
6.08
6.01
6.14
6.1
6.16
6
6.13
6.04
6.14
6.19
6
6.28
6.13
6.39
6.03
6
6.24
6.06
6.45
6.27
6.16
6.06
6.17
6.02
6.21
6.16
6.12
6
6
6.06
6.08
6.31
6.08
6.09
6
6
6
6.11
6.03
6.04
6.08
6.14
6.08
6
6.03
6.12
6
6.12
6.11
6.16
6.05
6.66
6.25
6.11
6.14
6.17
6.11
6.12
6.15
6.05
6.15
6.03
6.18
6.08
6
6.01
6.08
6.27
6
6.09
6.11
6.06
6.12
6.12
6.06
6.08
6.15
6.1
6.05
6.23
6.12
6.07
6
6.18
6.18
6.02
6.03
6
6.14
6.01
6.02
6.08
6.18
6.17
6
6.06
6.18
6.1
6.14
6.11
6.01
7.71
6.09
6.08
6.45
6
6.08
6.21
6.23
6.01
6.08
6.01
6.06
6.03
6.2
6.11
6.05
6.04
6
6.05
6.02
6.08
6
6.28
6.01
6.08
6.02
6.22
6.06
6.14
6.58
6.11
6.11
6
6.08
6.08
6.05
6.05
6.1
6.21
6.2
6.09
6.19
6.14
6.05
6.15
6.05
6
6.08
6.03
6.18
6
6.05
6.02
6
6.19
6.26
6.08
6.26
6.06
6
6.12
6.08
6.16
6.29
6.08
6.01
6.25
6.24
6.06
6.03
6.01
6.03
6.08
6.07
6.08
6.11
6.1
6.06
6.06
6.04
6.04
6.02
6.12
6.34
6.1
6.08
6.01
6
6
6
6.21
6.09
6.02
6.08
6.09
6.02
6.1
6.1
6.18
6.33
6.16
6.12
6.05
6.13
6.45
6.02
6.05
6.38
6.35
6.17
6.26
6.16
6
6.66
6
6.17
6.05
6.08
6.1
6
6.01
6.02
6.04
6.18
6.1
6.55
6.01
6.47
6.07
6.08
6.08
6.09
6.15
6
6.07
7.7
6.1
6.06
6.09
6.01
6.3
6.08
6.08
6.07
6.06
6.1
6.28
6
6.16
6.02
6.04
6.48
6
6.59
6.12
6.19
6.01
6.03
6.1
6.01
6
6.15
6.09
6.02
6.05
6
6.01
6.14
6.28
6.09
6
6.09
6.79
6.13
6.18
6
6.13
6.3
6.01
6
6.15
6.07
6.02
6.07
6.1
6.1
6.1
6.04
6.03
6.29
6.59
6.02
6.23
6
6
6.18
6.19
6.05
6
6.05
6.02
6.02
6
6.02
6.21
6.02
6
6.42
6.47
6.07
6.11
6.01
6.19
6.07
6.03
6.14
6.03
6.05
6.12
6.02
6.01
6.01
6.08
6.07
6.08
6.25
6.07
6.06
6.05
6.1
6.2
6.13
6.17
6.02
6.01
6.07
6.12
6.1
6.18
6.07
6.02
6.07
6.08
6.04
6.3
6.04
6.06
6.07
6.09
6.03
6.19
6.13
6.02
6.03
6
6.19
6.23
6.01
6.23
6.08
6.29
6.22
6
6.09
6.01
6.05
6.27
6.13
6.04
6.12
6.14
6.14
6.44
6.04
6
6
6.07
6.05
6.16
6.05
6.18
6.05
6
6.1
6.18
6.06
6.08
6.1
6.01
6.24
6.3
6
6.1
6
6.09
6.07
6
6.05
6.01
6.14
6
6.23
6.16
6.06
6.05
6.24
6.04
6.09
6.11
6.07
6.21
6.14
6.02
6.09
6.12
6.04
6.1
6.06
6.1
6
6.04
6.1
6.17
6.03
6.75
6.04
6.13
6.02
6.04
6.1
6.06
6.15
6.08
6.12
6.11
6.06
6.08
6.01
6.08
6.26
6.3
6.13
6.14
6.32
6.09
6
6.01
6.09
6.04
6.09
6.02
6.08
6.11
6.16
6
6.07
6.22
6.02
6.02
6.04
6.05
6.02
6
6.07
6
6.01
6.14
6.15
6.08
6
6.07
6.06
6.11
6.12
6.08
6
6.09
6.47
6.03
6.04
6.14
6
6.22
6.11
6.01
6.14
6.16
6.02
6.06
6.04
6.15
6.36
6.04
6.06
6.11
6.04
6.17
6.11
6.08
6.16
6.08
6.07
7.59
6.32
6.06
6.17
6.04
6.1
6.07
6.12
6.07
6.2
6.09
6.1
6.08
6.1
6.18
6.14
6.02
6.07
6.07
6
6.22
6.08
6
6
6.23
6.04
6.07
6.1
6.08
6.08
6.02
6.13
6.07
6.18
6.07
6
6.06
6.01
6.09
6.05
6.25
6.34
6.11
6.17
6.08
6.07
6.06
6.25
6.37
6.05
6.04
6.03
6.57
6.13
6.09
6.11
6.03
6.01
6
6.29
6.21
6.1
6.13
6.03
6.1
6
6.04
6.1
6.09
6.07
6.08
6
6.05
6.1
6.32
6.02
6.3
6.04
6.37
6.08
6
6.11
6.01
6.26
6.12
6.07
6.48
6.03
6.08
6.05
6.04
6.02
6
6
6.04
6.09
6.08
6
6.1
6
6.11
6.24
