10876
21.08
14.08
8.56
15.92
10.08
12.4
17.24
10.68
18.2
20.32
17.12
9.96
15.4
9.44
24.2
11.4
8.92
16.72
12.16
21.08
23.4
17.52
10.08
17.44
8.88
17.68
23.04
9.48
10.16
9
11.24
13.56
12.68
13.08
10.88
12.32
19
20.32
19.36
17.52
8.04
18.52
25.4
16.92
10.56
10.8
18.4
16.44
9.28
14.24
10.04
13.32
20.56
9.48
13.76
19.16
8.52
15.24
14.84
11.88
21.96
21.28
23.04
15.6
12.92
20.12
10.16
8.64
18.76
13.92
20.28
13.32
15.52
13.16
12.52
11.76
11.92
15.92
13.12
15.4
15.44
10.32
10.68
20.04
11
13.52
22.2
17.68
16.16
10.8
10.84
11.96
10.52
14.2
11.6
12
14.56
18
12.16
16.36
17.08
17
12.12
10.32
12.8
19.4
13.64
9.6
8.64
15.8
18.72
13
18.24
12.84
14.16
14.84
11.84
14.56
16.92
13.2
18
12.32
10.52
13.56
11.08
20.92
22.76
20.52
22.12
23.48
13.8
14.64
13.52
10.48
21.2
21.2
17
15.04
13.72
11.12
19.68
21.64
15
10.2
10.64
17.24
20.12
17.64
13.96
16.4
12.64
22.12
21.2
15.6
13.68
15.24
18.24
14.36
9.92
11.8
12.08
20.56
14.04
14.8
18.44
13.24
13.72
11.04
15.68
10.56
17.28
12.72
14.04
14.68
14.48
9.32
18.08
15.32
15.56
18.72
16.36
23.52
11.32
17.32
20.28
12.52
13.96
12.04
14.16
27.24
17.72
18.24
17
12.96
18
13.32
9.96
10.84
10.08
24.08
15.92
16.08
12.96
14.6
11.92
10.08
15.72
9.6
15.64
16.88
13.56
15.76
11.92
17.2
13.84
12.44
13.2
13.12
14.08
10.24
10.4
11.56
15.36
22.04
16.08
12.52
13.04
9.92
9.92
10.32
14.44
11.8
13.12
11.28
10.16
11.48
13.2
10.4
9.44
11.24
9.16
11.92
9.12
20.2
19
16.32
19.36
19.2
16.52
14
13.52
13.84
14.4
10.28
12.56
16.2
13.36
13.92
12.12
11.76
15.92
16.4
15.48
8.44
11.48
8.4
21.8
16.92
20.92
14.76
18.36
16.32
30.08
14.12
11.16
15.52
18.28
11.92
16.44
19.4
16.24
17.32
9.72
11
22.48
23.8
9.48
20.92
12.68
17.68
16.68
17.12
16.72
17.36
13.4
19.24
13.76
18.32
17
10.08
12.12
20.92
13.92
23.72
17.88
15.8
13.24
10.72
13
12.64
17.88
21.2
16
20.72
19.6
13.12
11.08
16.52
20.52
13.88
10.84
11.4
15.04
15.48
14.2
12.48
13.4
15.84
16.28
16.92
8.4
25.28
10
10.28
12.24
12.92
10.32
8.64
14.16
17.64
14.56
9.8
9.56
15.28
9.12
13.72
21.96
11.6
12.08
12.84
18.36
18.84
18.68
9.72
12.52
14.52
14.04
11.76
13.56
10
8.28
19.52
9.8
13.76
11.88
14.44
13.4
15.08
14.36
15.72
14.28
11.56
11.12
11.36
9.32
9.48
11.84
10.72
20.24
22.84
11.96
10.52
20.44
23.96
13.52
32.64
21.4
21.04
17.48
14.52
11.52
18.36
18.92
15.84
18.4
13.36
19.6
14.76
14.6
13.64
10.24
21.52
10.44
19.52
12.16
12.08
16.24
18
19.6
16
8.84
13.36
15.12
14.08
12.56
16.32
9.84
16.56
15.8
11.28
24.8
16.92
12
12.24
16.44
12.28
17.4
10
8.52
11.68
11.24
10.88
18.96
9.4
18.44
13.04
21.16
16.28
11.52
11.6
16.44
10.6
15.64
12.4
17.32
16.4
15.84
13.2
10.32
12.92
17.28
12.36
19.76
12.72
14.24
13.8
16.04
18.28
19.08
14.56
16
15.36
17.4
15.24
10.92
11.72
12.6
9.2
8.48
12.4
16.8
11.92
8.24
14.56
14.72
18.8
18.32
17.24
15.04
14.76
11.88
16.04
15.6
8.76
20.56
12.32
18.04
12.32
11.72
17.68
25.4
15.36
15.84
18.6
16.28
15.48
12.68
16.68
15.36
11.16
19.2
18.96
17.28
8.28
14.64
13.08
15.92
19.52
18.72
18.48
20
11.64
12.28
12.68
16.76
10.52
21.04
11.52
9.76
12.8
9.56
15.28
19.04
14.88
9.68
17.64
13.4
14.16
16.64
17.84
17.32
10.2
9.36
8.84
13.2
9.44
16.32
16.12
17
8.76
11.04
11.88
12.96
21.64
15.24
17.08
19.48
16.56
14.32
14.88
15.24
14.16
12.52
11.44
16.36
11.24
19.16
12.52
12
14.44
12.96
19.52
12.44
8.84
11.28
20.6
20.24
18
14.64
17.04
27.2
16.84
15.6
17.4
17.04
12
13.28
23.68
10.88
18.56
14.04
11.92
15.56
13.84
10.24
10.04
14.4
24.84
18.64
11.08
18.56
8.92
22.4
12.6
10.12
16.04
11.6
13.08
10.44
17.24
16.24
9.92
17.4
14.12
12.76
9.12
14.12
19.6
20.24
14.44
22.2
24
8.6
8.64
10.6
8.32
18.32
10.16
14.52
14.4
11.24
10.08
13.92
14.24
17.48
23.2
11.44
12.24
14.08
14.16
10.2
14.24
10.4
9.6
8.76
15.24
13.32
18.6
16.36
30.56
11.24
15.52
23.28
13.64
8.52
10.44
10.52
8.52
12.64
18.88
13.52
11.92
15.68
13
23.52
12.92
17.2
18.68
16.68
13.28
10.36
11.72
13.48
16.44
21.12
10.72
11.44
18
14.76
20.08
13.76
15.32
8.96
8.32
14.32
13.32
12.88
14.88
16.32
14.68
13.76
15.4
13.68
13.24
16.48
13.84
17.6
18.32
17.96
12.52
13.28
10.2
19.56
12.48
12.88
12.84
16.6
10.64
15.12
12.4
10.12
18.44
26
15
11.04
11.64
21.24
9.36
17.96
12.48
10.56
15.32
13.28
15.24
11.8
13.76
12.48
19.36
14.96
8.24
21.8
14
18.96
16.68
16.84
15.64
15.8
18.4
22.4
13.68
15
23.72
14.28
22.36
9.88
9.48
10.44
18.44
16.68
18.56
8.12
14.12
14.72
11.48
9.2
19.08
13.2
20.16
14.84
15
13.84
19.32
9.48
12.4
9.96
10.56
15.24
18.96
9.32
16.52
18.44
12.16
14.24
14.76
15.88
20.64
10.12
16
15.68
15.96
16.56
8.04
12.84
31.04
10.52
15.48
18.08
17.64
19.48
11.16
17.84
16.52
19.6
15.32
15.52
12.72
12.52
14.2
15.88
12.48
10.44
21.04
16.72
25.72
15.48
14.68
21.52
18.72
19.48
14.24
11.8
12.64
17.12
15.36
17.8
13.16
19.72
10.36
11.76
18.96
15.68
13.12
9.72
13.2
8.64
20.12
18.16
13.12
17.08
17.12
21.04
15
13.6
32.32
11.2
12.84
13.96
13.72
11.76
13.32
20.32
21.76
15.52
16.72
15.8
18.76
11.32
13.08
15.28
10.04
13.92
16.04
9.16
9.2
9.92
10.76
19.88
14.4
13.92
16.12
13.4
19.4
13.28
12.84
18.2
13.04
9.4
18.28
9.24
8.04
9.64
14.56
12.68
9.88
9.36
17.04
14.96
16.6
12.96
17.68
15.88
13.48
21.72
10.32
12.12
8.48
13.2
12.68
15.72
12.4
12.24
9.48
13.24
10
16.92
14.44
10.84
13.08
10.68
8.96
12.2
8.44
14.32
22.8
14.44
19.48
14.4
9.76
12.4
12.2
12.32
16.48
13.44
9.16
11.12
14.48
13.72
15.72
16.92
12.24
16.56
18.52
12.6
20.72
13.28
16.8
15.24
20.6
15.88
19.48
12.28
11.76
14.76
14.44
13.48
11.32
11.96
12.28
9.12
8.72
17.24
11.24
13.92
16.76
24.36
18.6
11.64
12.48
13.52
14.6
15.44
13.52
21.72
19.16
9.32
19.12
20
24
21.52
11.6
10.84
19.52
13.6
21.04
11.2
15
9.64
12.48
18.24
20.56
14.92
17.28
10
17.76
19.76
13.44
16.44
13.88
18.52
12.08
15.84
19.72
17.92
12.6
11.48
15.12
15.84
19.6
21.08
20.64
21.8
12.68
9.16
8.76
13.4
12.48
19
13.48
26.6
14.08
18.32
13.92
12.16
22.76
10.96
18.64
17
18.4
22.08
12.44
12.6
17.6
10.96
15.68
18.2
13.96
9.76
15.24
10.64
12.68
12.16
12.28
18.16
15.08
17.12
15.28
29.2
15.32
18.4
14.76
15.68
14.48
12.96
16.52
10.28
11.08
18.2
24.48
8.96
14.28
21.16
15.08
25.28
16.36
16.76
13.92
11.84
29.84
13.76
18.84
32.56
12.32
10.24
15
12.56
16.96
11.04
11.36
8.36
17.28
18.8
16.44
13.08
14.76
17.4
14.84
16.72
18.56
19.56
14.24
15.36
18.64
16.24
15.8
19.24
16.4
15.08
10.76
20.44
21.64
8.92
13.88
9.48
12.48
12.56
12.2
10.76
15.88
19.16
20.52
18.28
11.84
9.96
15.8
15.92
10.56
12.76
13.36
11.08
13.28
17.04
11.92
17.4
13.24
18
14.2
9.52
22.12
10.64
21.32
8.48
11.36
17.52
23.44
17.68
16.68
18.04
22.68
13.24
11.2
16.76
15.68
9.92
12
14
16.16
9.84
18.68
10.96
11.92
14.48
11.44
15.24
17.6
13.24
23.92
18.6
16.6
14.16
8.52
23.04
16.92
17
12.8
15.04
11.64
19.44
9.44
12.68
11.44
12.32
14.16
9.88
14.84
10.28
10.76
16.84
26.56
13.24
17.04
21.12
9.4
9.12
9.28
12.96
12.68
12.24
15.76
9.56
11.28
13.48
17.28
18.32
17.92
16.04
20.12
10.24
16.64
17.88
11.12
16.64
19.2
16.36
22.04
13.68
10.16
20.68
11
11.6
15.8
11.4
18.4
18.84
15.08
15.56
9.08
11.24
9.56
18.04
10.64
12.8
16.16
9.72
16.72
14.4
17.6
23.48
16.64
8.88
14.24
21.16
13.96
15
10.2
10.8
17.08
15.2
15.72
13.84
9.56
9.28
18.08
10.08
11.68
14.44
16
12.4
11.32
13.2
19.24
10.48
15.4
18.24
9.2
14.28
12.8
19.12
14.36
13.56
15.92
14.36
15.52
11.8
11.2
10.08
10.68
13.72
8.48
12.96
9.6
18.36
15.24
16.8
21.52
16.84
13.12
9.6
11.08
15.88
11.32
29.8
11.04
19.36
11.84
14.24
12.8
8.44
12.68
10.44
8.88
14.8
14.92
25.56
16.56
15
17.08
14.8
15.84
15.12
11.84
15.84
12.32
20.88
13.28
20.68
12.76
14.4
13.44
19.24
8.8
11.48
15.56
19.64
10.88
19.04
16.6
8.36
13.6
12.64
12.76
15.16
15.2
8.96
18.28
16.8
16.08
8.72
12.56
8.96
14.28
12.04
11.76
15.8
10.64
15.04
9.84
21.52
14.44
35
12.36
16.92
15.08
14.16
14.44
13.76
18.88
18.64
13.6
16.76
16.48
17.76
12.84
22.96
13.64
16.4
17.64
15.88
12.84
13.48
13.28
14.84
12
12.64
13.32
17.84
10.12
19.84
12.28
9.04
15.6
14.4
16.8
13.32
11.44
10.76
17.72
15.04
12.44
14.24
10.56
11.88
17.72
9.68
15.56
10.84
10.32
11.36
13.52
15.56
15.16
14.04
8.76
15.52
14
16.76
14.08
10.52
12.84
18
9.8
12.08
13.92
11.32
13.76
20.4
9.4
10.88
17.2
13.8
11.28
17.76
18.12
9.2
19.88
11.2
10.8
15.28
14.48
11.36
11.08
10.68
13
17.92
10.92
14.96
10.68
11.24
9.48
19.24
18.64
8.64
22.08
11.92
10.92
18.32
13.2
11.2
16.52
18.64
12
15.84
10.72
14.4
12.28
22.28
12.64
16.44
22.84
16.4
9.48
15.64
12.64
15.84
14.36
11.88
14.16
11.44
12
13.08
13.8
14.28
10.56
13.4
10
10.8
13.2
10.04
17.16
16.48
17.44
12.12
9.48
19.2
16.92
13.28
19.44
10.12
13.56
20.2
22.4
13.16
12.96
15.44
18.6
16.88
10.56
17.76
10.52
16.92
14.92
9.4
14.72
18.8
25.04
16.4
11.6
13.16
13.36
14.24
16.64
14.6
20.4
17.16
9.4
18.84
13.24
22.36
16.12
21.92
13.96
16
10.72
13
16.96
13.52
21.16
14.88
16
17.76
20.16
16.44
14.04
11.2
12.04
15.2
19.4
19.4
16.48
9.64
13.64
12.48
16.28
21.36
17.28
15.68
14.32
11.36
10.36
12.12
19.8
11.8
17.24
15.48
23.88
18
15.28
14.08
25.64
11.32
12.6
10.08
19.76
23.24
12.12
10.36
10.12
18.92
15.24
13.08
10.72
9.84
9.4
12.72
8.76
9.56
12.12
11.68
16.32
15.96
13.88
12.92
9.6
13.72
11.6
17.6
13.04
24.44
11.92
8.8
17.24
11.84
11.76
12.56
15.32
14.2
13.16
24.04
12.64
20.08
9.04
18.84
17.96
8.12
19.68
14.88
20.84
12.44
11.52
14.12
18.84
18.2
18.96
10.12
17.92
15.52
23.12
15.28
15.52
14.12
17.12
18.88
17.8
11.72
13.4
13.96
13.32
16
10.44
9.32
14.16
15
21.24
20.88
16.36
16.48
17.64
12.92
14.2
11.36
14
13.16
12.76
12.04
12.28
9.68
11.32
8.4
13.72
12.6
9.84
14.48
14.28
23.64
13.6
20.36
8.48
18.92
17.12
14.6
18.56
20.56
11.68
10.28
8.56
14
13.72
13.76
10.92
17.52
20.8
10.44
17.2
16.4
12.56
15.6
23.68
14.92
9.8
9.24
15.8
14.68
19.28
18.72
14.48
24.32
15.48
19.2
11.92
9.32
13.28
14.24
10.8
9.92
9.12
17.08
17.92
11.28
12.32
15.16
12.16
17.44
13.36
10.36
12.04
14.44
9.04
16.8
15.04
17.08
13.84
9.32
8.92
10.04
19.72
15.8
10.36
9.44
12.32
9.64
11.84
12.48
19.32
18.72
20.28
18.84
14.96
9.72
16
8.04
12.04
23.72
12.4
15.72
20.56
17.04
10.2
9.52
10.92
19.28
12.12
10.96
14.2
8.92
10.28
10.24
27.44
12.8
16.76
10.4
12.2
14.08
10.92
10.72
13.08
10.92
12.72
9.08
11.6
12.36
19.96
13.92
19.68
24.28
11.08
15.92
19.2
16.4
15.32
12.08
11.2
14.8
18.6
17.6
9.12
11.52
13.92
19.92
9.44
9.8
18.08
22.48
8.96
17.24
21.72
8.88
9.28
16.52
17.72
12.68
9.72
15.28
11.76
12.28
12.64
9.72
12.6
20.52
13.2
13.84
8.76
14.36
11.04
13.56
13.64
8.28
13.96
11.16
9.92
16.56
16.44
13.48
13.64
14.56
15.08
14.04
10.76
8.84
9.12
11.84
12.4
8.96
10.88
16.76
11.96
9.52
13.6
10.64
10.64
16.56
11.52
14.56
14.2
16.28
9.6
11.56
10.68
14.24
31.12
18.12
16.52
17
13.64
15.4
11.52
18.4
17.96
11.2
11.92
19.96
19
13.44
14.36
12.84
15.28
13.88
9.16
11.48
23.6
12.68
18.92
17.48
11.84
14.08
9.16
18.08
10.44
15.2
17.96
16.84
10.2
12.48
17.32
12.52
14.72
19.84
16.12
12.92
11
17.48
10.28
12.52
15.88
25.12
11.36
18.12
9.28
10.84
21.8
12.32
11.56
14
13.24
8.88
20.64
10.16
11.92
11.6
9.48
14.4
14.4
18.52
18.16
20.12
14.12
14.56
16.4
15.88
10.4
17.68
12.48
13.28
12.12
20.4
12.12
10.32
14.24
14.04
18.84
13.16
9.24
22.08
16.88
19.84
20.68
13.48
18.04
12.32
13.68
13.08
18.92
14.4
16
16.16
9.6
15.4
13.12
19.24
12.04
18.6
9.72
9.2
13.48
16.48
20.04
9.56
15.92
10.08
15.72
9
14.84
13.68
17.52
10.88
11.36
14.76
17.84
22.92
21.4
12.6
12.08
8.76
11.16
9.12
16.24
9.84
10
17.24
16.8
16.32
15.52
12.24
11.08
14.88
12.64
16.36
8.76
14.24
20.48
14.84
21.8
13.16
14.76
11.24
13.2
9.16
9.56
10.88
9.44
15.92
16.36
15.96
12.96
14.44
8.72
12.08
11.64
16.76
18.88
11.88
16.68
12.44
15.72
14
16.48
18.28
21.88
12.48
15.36
11.08
10.36
16.76
12
11.56
17.12
12.24
12.28
18.44
18.8
15
11.36
17.92
21.32
14.68
13.12
25.12
12.16
14.4
12.84
12.16
14.52
27.64
13
17.32
16.08
15.68
8.16
11.36
10.04
14.2
12.04
16.88
9.92
19.56
10.96
21.08
13.4
17.64
12.52
9.12
10.36
15.32
13.64
11.28
18.36
11.48
13.48
13.84
12.84
11.64
11.48
14.28
11.4
21.32
11.36
13.76
12.6
8.4
20.64
11.92
11.88
12.76
16.04
15.96
10.48
11.24
9.8
14.64
11.88
12.84
13.52
10.44
12.12
16.84
21.84
14.12
10.48
19.24
28
11.28
8.52
17.48
9.2
22.2
21
15.28
17.6
18.28
13.44
11.28
12.36
10.2
14.68
17.76
18.24
10.8
20.8
14.6
14.52
11.96
19.24
16.52
8.56
15.76
16.16
12.96
15.56
10.64
12.6
15.72
12.48
9.84
22.12
11.6
10.32
14.24
8.92
23.44
19.44
18.72
14
9.24
11.44
14.12
8.16
21.4
10.8
19.08
12.44
23.12
11.68
14.08
13.48
11.76
10.76
19.2
21.24
15.72
10.84
17.12
11.76
18.16
20.96
10.76
16.52
12.2
11.84
16.6
16.96
13.44
17.52
12.08
12.36
10.56
16.48
13.56
10.88
16.36
19.36
14.72
12.76
11.88
18.44
16.08
18.6
22.52
11.8
13.64
13.52
20.52
14.96
17.36
9.76
9.32
8.68
17.4
10.72
19.44
17.92
9.72
10.92
16.48
16.4
16.32
14.08
8.24
22.4
9.08
9.28
13.72
21.84
13.8
14.76
21.12
18.68
21.4
16.16
16.28
16.32
20.56
18.68
9.16
19.72
15.6
12.68
8.8
12.2
10.48
11.96
12.52
9.72
9.6
18.24
13.08
10.8
19.16
18.96
13.2
11.24
19.48
17.2
14.08
10.24
16.04
12
17.56
16.12
19.84
10.28
15
14.48
9.28
9.96
17.04
15.6
16.8
12.92
10.64
8.24
21.88
17.52
10.12
11.36
22.36
13
9.68
17.28
10.32
10.76
26.2
8.12
14.12
9.12
13.08
9.8
15
8.84
17.68
13.8
13.32
8.6
15.6
19.64
18.28
8.16
16.28
16.04
15.88
20.2
17.48
12.56
10.48
10.96
17.08
13.2
12.24
11.16
10.28
12.04
10
9.36
12.2
15.6
13.8
9.56
12.96
16.24
14.08
9.96
22.88
12.8
11
16.48
16.4
13.56
15.2
8.48
10.92
15.32
15.28
23.84
10
18.92
17.04
8.96
10
21.28
17.84
11.16
14.48
15.32
15.52
9.56
18.56
16.16
18.64
19.48
20.24
12.68
24.64
14.8
11.64
10.08
11.48
17.68
10.96
11.64
22.04
15.12
17.88
12.12
8.16
23.6
10.52
18.76
25.12
13.92
12.12
10.32
14.36
15.2
10.96
19.76
9.8
14
17.64
19.36
14.2
17.48
19.12
15.6
13.92
14.8
16.48
14.52
23.04
12.4
11.48
13.92
11.48
13.72
12.44
10.44
11.8
12
13.12
22.08
8.96
8.4
14.28
13.64
12.76
18.8
11.88
13.4
17.72
12.48
11.2
8.76
17.6
11.24
11
14.28
10.84
13.8
18.88
20
13.16
11.72
13.08
13
9.52
11.92
10.16
8.88
14.8
16.12
11.32
13.92
18.76
19.96
14.68
14.8
8.96
11.24
15.08
12.32
17.52
13.48
15.68
14.32
13.8
10.44
16.88
15.52
13.76
11.08
12.24
13.24
16.72
11.64
13.76
13.24
18.92
18.44
10.44
28.24
10.84
13.24
14.96
11.64
14.16
8.64
19.12
17.16
10.8
14.04
13.6
22.12
13.36
10.84
12.48
12.88
12.08
16.32
18.24
12.24
18.16
12.48
11.88
10.2
10.72
15.88
11.96
10.64
10.4
13.84
17.68
11.76
25.92
16.8
13.56
16.28
10.28
15.24
10
17.36
15.32
19.16
24.6
17.64
10.08
10.2
14.24
20.28
13.72
16.2
15.64
14.08
15.76
20.24
17.44
11.16
15.64
15.8
9.68
17.72
23.72
10.52
19.84
9.44
10.88
16.72
11.92
16.16
11.84
23.44
13
21.96
18.08
19.16
15.68
9.84
12
11.68
13.08
10.28
23.08
13.24
10.56
12
12.28
11.88
14.92
11.12
12.12
15.16
15.48
9.36
9.48
13.12
9.72
15.04
12.04
22
10.68
17.12
12.12
11.72
17.96
19.76
12.32
13.52
12.32
12.04
15.84
20.16
13.32
9.04
24.6
13.32
10.88
11.32
12.16
13.76
13.76
14.4
12.44
21
11.2
8.6
11.96
17.64
23
13.52
16.16
12.76
23.52
13.88
16.28
8.16
15.08
11.4
19.2
12.2
9.64
15
14.24
25.12
10.12
12.48
21.64
17.36
26.56
12.04
13.88
17.8
11.2
10.76
15.56
19.12
10.76
19.6
9.04
14.44
16.68
9.68
8.52
15.16
17.36
13.04
16.92
13
23.8
23.2
9.6
15.68
8
8.8
8.2
15.36
25.36
11.52
17.24
16.6
12.28
12.24
17.52
10.76
14.12
17.84
11.12
15.84
12.2
15.68
8.64
13
17.6
18.88
13.96
10.44
11.8
10.8
14.32
17.68
18.08
14.64
19.52
13.04
9.96
16
14.12
25.32
15.92
17
12.64
12.88
14.2
11.16
19.08
16.52
15.28
21.2
18.2
12.4
22.52
22.28
17.44
13.32
9.96
9.36
33.6
13.84
12.96
16.16
11.24
11.56
15.92
17.88
14.4
20.04
13.28
8.24
13.76
20.08
8.16
9.28
17.52
18.92
9.28
10.52
14.96
14.84
22.08
18.72
13.8
10
12.52
10.88
21.64
10.68
21.88
14.96
9.68
11.36
12.64
12.64
10.44
9.28
9.2
14.2
20.44
14.48
10.2
16.36
11
14.48
11.68
18.4
10.96
13.92
10.28
18.04
16.4
19.28
14.8
15.44
23.32
15
16.64
15.28
14.76
13.16
13.32
8.48
10.04
11.92
11.76
15.68
17.52
20.28
15.52
15.04
14.56
8.76
19.56
17.44
11.68
14.16
16.92
13.84
14.68
12.16
9.32
14.28
12.28
18.56
11.12
13.48
21.28
17.44
11.04
23.88
14.56
8.84
13.52
21.72
19.88
11.88
13.24
14.52
11.76
13.28
13.92
12.56
19.12
11.76
14.08
16.52
17.12
18.56
11.28
11.72
15.48
13.84
12
16
16.64
14.8
11.72
14
13.92
12.4
8.56
11.12
11.92
13.92
13.36
8.96
14
14.72
15.88
13.92
14.44
12.2
9.48
12.04
12.16
9.04
15.52
26
15.28
11.96
11.2
10.4
12.32
15.68
12.48
14.6
16.84
11.8
19.12
13.4
15.84
18.96
12.48
11
16.8
12
21.36
14.48
10.96
11.68
9.24
15.28
11.24
20
17.08
13.68
18.36
9.24
19.4
10.68
15.52
9.32
15.2
14.24
9.28
14.8
17.36
14.92
17.88
10.68
8.76
11.56
15.32
10.32
13.32
10.68
10.72
21.04
13.44
20.24
22.2
18.32
19.48
15.88
11.28
20.72
12.76
11.32
18.6
17.68
12.8
10.96
9.76
10.92
19.16
11.96
14.64
10
12.6
17.6
14.92
16.96
15.8
8.32
11.6
11.52
8.76
10.44
10.88
13.12
15.4
15.12
11.04
14.28
13
9.36
10.68
14.96
15.68
19.84
13.96
19.28
17.72
12.6
8.68
13.68
13.08
9.8
17.32
10.36
18.84
20.6
19.56
15.56
13.68
11.76
19.04
11.4
22.36
16.96
12.36
11
14.12
14.56
19.08
9.24
9.44
13.32
8.68
18.32
8.56
18.08
11.92
16.72
15.6
17.08
18.8
11
12.52
12.08
16.6
9.92
8.92
13.96
15.4
10.72
11.2
14.48
11.44
18.4
22.28
10.92
16.84
8.56
19
17.84
9.12
9.48
12.16
16.84
11.4
23.32
24.76
10.84
20.08
23
9.6
13.28
11.96
13.36
12.4
8.88
23.8
10.8
20.6
13.72
8.52
8.84
19.16
12.04
11.12
22.6
14.44
10.92
17.2
12.36
9.88
19.44
9.6
12.44
11.72
14.88
11.28
9.12
13.6
17.92
15.08
15.84
22.92
16.4
12.52
22.2
22.36
18.88
13.72
10.12
10.08
8.96
9.6
15.8
9.2
20.04
19.32
11.08
12.04
8.64
9.92
11.16
15.2
16.56
9.16
9.92
16.16
21.16
15.76
13.52
12.04
22.32
9.96
14.08
13.28
14.96
16.24
18.84
12.84
18.36
12.96
16.76
9.28
9.04
18.36
10.52
17.48
14.16
25.76
15.36
10.92
17
13.36
8.96
20.4
20.04
15.12
16.08
12.68
16.36
18.72
16.12
12.36
10.12
19.44
10.12
13.44
12.84
16.76
16.32
12.56
12.4
16.2
15.28
12.68
17.96
12.28
10.56
18.12
9.84
13.36
9.6
16
9.24
16.16
18.04
11.6
11.32
8.88
17.8
14.32
17.64
8.64
13.88
9.88
12.6
19.8
15
10.28
14.04
13.32
18.4
21.36
17.08
19.44
15.72
12.08
17.8
19.36
8.12
22.88
17.16
10.48
20.24
15.56
11.92
9.52
20.2
13.28
15.56
8.48
17.2
11.88
11.48
8.64
22.92
14.76
20.48
14.52
10.88
19.4
23.92
10.96
13.52
12.8
18.76
12.6
12.24
12.8
18.88
8.12
10.52
17.2
14.28
21
16.32
17.76
10.28
12.24
16.92
11.08
17.16
11.84
18.92
9.76
15.64
12.84
21.04
10.04
12.72
18.68
12.12
10.28
14.92
15.76
12.76
14.28
22
19.56
11.04
20.04
10.28
8.08
13.6
12.6
15.64
10.72
10.76
12.72
19.56
12.24
8.76
9.48
10.88
11.4
12.2
11.96
13.84
13.12
18.28
9.32
13.36
11.8
13.72
21.72
13.48
12.6
11.44
25.36
9.96
16.92
12.84
9.56
13.72
15.28
14.04
13.76
11.68
20.64
12.08
8.76
13.84
10.64
10.4
8.6
13.8
12.28
13.32
10.04
14.44
16
11.12
8.4
13.16
16.56
15.48
17
10.36
15.28
15.8
9.08
11.4
11.2
14.48
21.08
10.48
10.04
9.6
14.92
10.92
11.04
19.12
11.56
14.76
17.48
12.88
12.96
18.24
14.76
9.44
9.36
10.08
10.68
12
11.92
17
16.52
20.6
15.56
15.12
13.68
13.32
13.56
12.24
13.44
10.16
18.68
10.16
17.48
9.56
12.2
13
16.8
10.8
11.16
15.4
15.68
13.72
9.48
21.28
18.68
19.68
9.6
12.68
19.48
8.36
11.16
9.2
15.04
26.72
10.52
9
10.36
16.08
14
20.48
11.92
11.88
17.84
10.52
18.04
11.12
11.96
15.52
12.64
10.2
10.44
15.08
10.68
10.72
14.48
17.2
13.52
19.12
14.8
17.72
17.24
19.24
14.64
10.4
9.08
19.04
17.72
10.04
17.36
18.68
14.24
13.28
9.6
11.92
13.64
14.88
16.84
9.72
15.52
17.32
9.08
12.4
9.44
14.36
10.92
10.04
14.6
15.48
14.16
8.68
16.64
22.44
14.08
26.24
16.52
9.28
57.6
11.16
16
15.16
19.6
17.24
10.56
10.76
11.24
10.04
14.32
8.64
21.56
10
17.12
25.68
8.28
17.56
10.48
13.76
12.44
12.28
12.32
17.4
15.44
9.96
13.52
21.88
14.68
16.16
14.52
24.2
14.24
15.44
11.28
13
20.68
17.52
15.56
13.96
19.04
17.56
12.52
16.88
9.76
14.48
15.12
20.28
8.92
10.12
8.72
15.08
12.52
13.96
17.24
13.2
13.36
19.2
16.36
13.24
13.16
15.32
11.12
8.44
14.6
17.76
8.84
11.36
20.44
14.48
12.04
9.44
11.68
8.32
10.8
16.48
17.8
13.52
13.2
26.92
15.12
12.88
9.88
9.8
10.08
13.44
19.88
16
15.16
19.04
13.32
14.12
11.4
13
15.96
18.96
14.24
13.24
9.24
20.32
10.96
9.84
19.16
13.28
11.96
9.08
14.04
15.2
11.52
16.16
12.88
12.72
8.96
14.88
13.6
11.6
14.6
14.84
15.84
11.48
16.6
9.04
14.76
11.72
23.36
18.68
15.72
14.72
10.8
22.16
19.08
11.4
15.16
11.28
23.56
21.16
10.84
15.6
20.12
14.96
10.36
21.64
19.88
10.56
16.08
16.32
16.52
11.64
8.56
10.72
10.24
21.36
11.64
16.32
17.6
10.96
11.08
14.4
9.4
16.76
20.12
9.48
16.08
12.96
11.12
15.12
17.08
15.84
13.8
16.28
14.72
12.08
18.64
24.04
17.8
9.92
11.88
18.08
16.44
10.36
9.44
9.6
13.16
14.56
14.72
14.08
25.24
8.52
17.96
11.12
10.8
12.48
8.88
13.16
9.4
17.76
12.72
8.84
15.44
16.4
15.64
11.88
16.12
12.68
11.68
16.32
13.76
16.56
17.08
11.44
18.12
11.92
20.36
9.4
17.72
15.4
28.48
13.88
18.96
18.64
14.52
13.4
10.6
12.92
22.44
9.56
10.36
10.6
12.24
14.72
11.8
13.4
13.88
11.36
17.72
16.76
13.16
16.96
10.8
17.32
10.52
12.6
13.12
19.16
11
14.44
9.4
9.04
12.48
8.92
17.08
10.52
12.2
19.48
13.36
11.84
10.28
8.68
9.76
12.8
12.56
13.56
10.64
17.24
9.72
17.2
22.84
19.68
14.24
12.68
11.52
19.36
18.16
18.08
8.48
20.76
12.8
17.2
14.68
16.64
11.12
9.28
16.12
20.24
14.44
8.96
12.36
19.68
11.28
13.28
20.08
12.72
14.04
15.52
12.4
16.32
12.44
12.12
21.92
16.12
11.88
14.2
14.6
13.52
12.44
13.72
10.44
12.52
8.4
16.6
24.16
13.36
11.24
12.76
14.48
12.48
17.32
12.8
13
10
18.24
18.12
14.44
20.68
16.36
18.04
13.8
14.4
16.28
9.68
16.64
15.84
16.16
19.96
12
14.8
8.76
15.96
12.28
8.84
16.36
15.12
21.32
11.84
15.08
16.2
25.96
9.32
14.24
12.36
11.64
13.32
15.92
14.84
22.28
12.8
14.36
15.56
14.08
14.08
16.4
9.16
12.2
13.36
19.64
12.04
22.64
20.12
13.48
18.28
18.56
9.12
15.68
14.28
13.04
14.52
16.28
16.16
11.64
11.24
15.52
13.36
11.04
20.92
12.84
20.92
9.96
16.68
12.68
10.16
12.88
10.48
10.16
14.2
10.6
12.92
9.76
15.76
12.52
14.88
14.28
13.84
12.32
8.68
12.4
28.72
12
9.28
13.08
17.4
10.88
17.8
12.64
8.2
12.16
16.44
13.6
16.56
27.96
16.52
20.96
14.56
13
19.44
15.36
14.32
16.4
15.24
14.88
18.44
8.72
18.84
18.32
14.12
11.4
10.08
13.88
11.76
10.68
15.4
10.04
11.32
25.16
13.64
15.36
15.36
9.84
8.96
15.8
18.32
12.88
13.32
15.68
9
12.92
11.88
13.72
18.84
23.6
15.2
9.76
12.12
8.64
10
8.4
17.44
12.72
14.92
11.32
15.48
8.92
14.2
17.84
9
14.2
16.44
11.28
18.4
11.52
10.2
13.48
14.36
12.68
14.6
15.68
12.16
13.68
14.32
16.84
17.04
16.12
30.28
19.28
12.36
14
16.6
14.16
18.04
18.72
26.4
11.52
15.76
13
14.2
16.84
11.2
10.92
9.96
14.84
15.2
13.56
11.4
16.52
14.92
16.72
16.76
26
14.32
17.32
12.36
14.88
10.36
14.68
14.12
23.88
20.92
17.84
14.24
14.12
10.88
10.44
9.56
15
13.44
17.28
11.36
19.52
18.04
17.64
21.88
11.64
20.8
12.88
16.8
23.04
15.76
16.32
14.4
21
13.6
19.6
8.32
11.64
9.44
19.8
21.8
12.68
19.08
10.76
10.16
15.28
10.64
12.16
12.84
12.24
23.92
14.4
14.16
15.72
12.4
19.24
10.44
10.52
13.44
12.36
13.36
16.92
19.08
26.04
12.32
12.24
13.36
13.04
10.28
9.4
22.72
14.6
12.2
10.12
10.24
13.96
21.2
8.92
10.88
15.68
17.68
12.96
12.96
15.56
15.84
9.32
10.4
11.76
14.52
9.4
8.48
11.36
13.76
10.16
14.08
16.8
12.96
25.48
15.08
16.68
8.12
12.48
16.08
21.48
18.04
15.24
19.28
12.56
14.72
14.56
10.76
9.92
13.64
8.8
12.2
20.56
13.12
21.96
19.76
17.12
11.04
16.96
8.84
12.36
10.8
14.8
10.88
18.32
14.56
9.36
10.32
15.2
13.72
15.6
13.68
9.28
19.2
13.52
13.52
14.28
14.84
10.32
12.52
14.12
22.28
8.36
23.2
9.8
14.6
16.6
11.2
18.96
17.8
11.76
20.48
11.2
13.92
16.52
9.92
14.72
14.2
15.16
12.52
13.8
15.8
19.72
15.4
13.84
9.76
12.52
9.44
8.8
14.72
18.48
18.92
10.24
14.24
10.56
13.96
16.72
18.12
10.68
15.36
14.6
21.64
13.56
9.72
14.64
24.32
11.2
16.72
9.36
14.6
13.36
9.88
17.32
10
15.12
17.24
9.32
17.04
13.52
15.56
19.16
12.16
10.08
12.24
10.28
15.88
10.12
14.92
11.08
10.84
8.68
9.28
14.24
13.56
10.8
21.4
13.32
8
17.72
11.12
8.96
18.08
13.36
12.96
10.96
18.64
9.44
13.4
17.88
24.6
12.32
13.36
22.56
12.32
15.12
14.04
12.96
11.16
10
15.68
11.92
13.84
10.96
19.92
9.72
14.08
15
24.6
21.48
13.52
10.56
8.48
11.2
11.52
22.6
17.08
19.72
13.28
13.44
16.36
16.32
13.36
16
22.68
17.36
16.64
13.28
17.68
18.68
12.8
12.6
12.36
23.52
21.52
17.08
20.92
10.56
13.68
16.4
14.2
14.52
10.2
11.2
10.12
10.72
9.48
18.92
8.84
16.88
25.04
10.92
23.8
9.88
14.96
9.88
13.88
18.44
10.8
12.08
21.24
17.88
13.36
21.08
19.32
17.92
17.52
21.2
14.68
14.88
15.76
17.52
19.4
11.92
12.48
8.72
11.56
12.72
8.64
21.72
10.04
16.48
10.52
18.24
11.92
16.56
11.64
18
19.64
13.16
10.88
12.12
14.76
15.36
10.24
9.36
12.72
9.4
14.28
14.56
20.96
12.8
16.72
18.2
11.52
20.08
11.8
14.36
19.04
17.16
14.96
26.8
15.12
13.68
11.44
13.76
17.36
14.88
19.84
13.2
9.08
16.8
23.8
20.48
12.8
18
16.44
13.4
12.4
14.4
22.52
8.6
17.28
11.08
18.72
13.56
11
14.44
16.08
15.72
19.56
18.8
8.28
12.72
16.24
19
25.64
16.56
12.48
9.56
8.36
15.84
18.72
8.8
17.4
26.16
21.52
19.36
13.72
16.16
13.44
12.2
8.92
11.28
10.08
11.52
12.28
9.68
11.52
12.8
14.08
25.64
17.88
9.44
14.12
14.6
13.84
10.52
9.72
17.88
14.36
14.92
14.6
14.92
13.64
13.24
13.72
15.4
15.16
16.76
15.8
19.28
10.24
12.56
8.76
12.56
13.72
21.76
16.76
21.92
18.4
13.88
13.08
17.08
10.52
9
12.52
10.48
8.24
14.12
9.84
9.64
17.04
18.36
15.64
10.28
13.56
9.16
9.28
14.24
12.04
11.44
13.4
8.04
19.32
9.8
12.2
12.72
9.52
20.64
13.28
18.8
15.36
13.2
14.84
13.24
12.8
15.48
19.08
13.08
15.64
9.56
19.12
16.2
8
20.28
15.04
10.36
10.52
8.56
8.88
13.6
20.56
15.16
15.52
11.72
14.92
26.28
14.8
11.68
11.24
27.44
9.08
15.04
18.8
10.96
9.48
10.08
13.4
9.84
17.8
14.32
18.56
12.48
12.48
12.48
9.84
16.92
16.28
15.72
16.92
10.72
13.32
13.44
21.4
10.12
8.96
10.88
18.2
10.04
10.6
16.52
11.4
9.88
12.72
13.6
16.68
19.16
13
17.88
9.12
19.84
11.32
17.16
15.32
13.04
8.04
9.2
11.96
10.8
10.32
13.24
25.32
17.4
15.48
27.44
20.32
12.12
28.8
15.16
14.36
25.08
10.48
17.2
14.36
9.4
16.24
14.92
20.2
20.44
11.8
13.36
16.16
13.44
12.48
11.64
10.32
12.4
19.64
11.84
11.8
13.24
17.44
11.4
13.44
15.36
16.32
18.56
16.68
11.56
9.84
11.04
15.68
14.96
20.24
16.28
21.4
18.08
16.2
12.44
9.76
16.2
18.44
15.12
16.48
8.56
12.56
18.2
14.92
14.44
11.48
20.28
11.76
32.76
17.64
16.48
17.8
11.48
13.84
23.28
9
14.32
16.76
9.48
11.56
17.52
20.32
9.4
9.2
9.2
9.28
22.52
13.84
13.28
30.84
12.16
16.4
23.52
13.44
21.76
10.8
12.2
14.68
10.28
13.68
11.84
13.88
9.4
10.56
12.72
14.36
10.48
12.44
15.88
11.48
9.52
18.68
15.04
18.68
12.76
9.12
15.28
13.92
14
9.8
12.36
13.2
23.96
15.8
17.68
17.04
15.24
12.8
13.84
18.08
12.84
18.24
12.4
10.44
9.48
12.08
10.32
12.68
8.52
11.96
11.52
9.88
16.12
11.96
12.68
15.4
14.96
18.28
17.24
11.64
9.56
10.36
20.6
10.96
10.52
11.72
11.32
20.68
9.88
13.72
14.52
14.8
20.52
13.64
13.12
9.48
12.8
8.88
13.08
15
10.32
12.72
15.56
10
9.92
18.12
11.68
20.28
13
16.48
16.36
15.48
12.64
11.2
23.64
13.44
15.12
20.36
9.72
18.32
15.24
15.64
15.32
13.12
12.64
10.52
8.6
9.76
11.52
16.52
16.4
8.4
14.12
9.84
19.28
18.8
15.2
14.48
24.52
11.4
10.2
11.76
14.72
15
13.88
20.12
11.32
21.4
12.68
9.68
17.84
16.56
9.52
11.24
10.36
16.04
14.24
14.52
10.88
18.76
13.16
17.84
12.12
11.36
15.76
17.56
13.72
9.32
19.44
9.72
14.96
13.32
22.96
19.68
13.36
16.68
13.2
16.32
8.24
10.32
11.04
15.88
13.16
17.64
15.36
13.6
23.84
10.12
11.48
10.4
11.08
12.72
18.12
12
12.92
19.24
13.24
12.24
13.76
14.64
16.08
17.32
9.16
12.84
9.64
13
11.4
9.72
16.08
10.88
8.4
13.08
13.52
9.52
12.6
16.12
10.56
16.52
11.96
15.32
8.92
14.32
15.96
17.4
8.16
17.36
16.44
14.08
21.96
15.2
9.36
17
12.56
9.72
14.6
21.08
12.56
9.32
13.72
11.2
10.68
17.52
9.96
9.56
22.84
22.68
22.84
12.84
17.68
11.12
8.28
12.16
13.04
17.44
9.44
23.24
15.92
20
12.32
9.36
23.68
9.88
18.8
10.68
15.36
14.44
11.6
16.16
12.8
8.8
9.04
8
12.16
13
9.76
15.6
11.64
16.52
10.84
19.12
11.36
9.16
9.4
20.2
20.64
11.12
11.92
13.68
16.04
15.96
8.96
15.2
11.76
14.16
11.08
9.04
13.12
18.44
17.48
11.76
18.52
12.36
11.68
14.8
12.4
14.64
12.04
11.96
10.44
17.48
13.24
10.88
11.84
8.36
13.6
18.04
14.36
12.28
22.64
18.6
13.12
8.84
14.04
11
14.68
12.16
17.08
20.44
12.48
17.08
16.84
13.12
11.52
18.08
14.2
10.72
16.6
22.28
9.8
19.36
15.24
13.64
13.76
15.56
14
11.36
8.92
12.64
12.16
10.8
9.24
11.96
10.32
11.52
10.44
14.8
20.08
13.48
14.36
10.44
13.16
11.08
13.6
16.88
14.84
11.56
8.36
15.88
14.24
10.64
11.92
13.4
10.4
14.12
17.56
12
11.6
12.88
10.2
13.68
17.04
10.48
9.16
13.04
13.2
15.56
11.32
8.92
9.4
19.16
12.08
23.24
12.2
19.48
14.16
13.24
11.8
15.36
15.88
18.84
21.92
13.56
15.48
14.12
8.72
9.36
17.36
13.88
11.96
9.4
17.72
15.04
11.72
19.8
9.64
13.6
13.68
11.36
12.2
13.36
14.64
16.64
11.44
14.04
10.76
11.52
8.72
14.36
20.64
11.84
14.08
12.16
10.4
12.12
8.4
12
22.44
9.4
8.68
11.72
13.68
21.52
22.4
19.08
11.24
15.04
10.72
17.04
10.12
13.2
11.2
10.48
11.36
15.36
16.52
13.52
15.08
19.24
17.28
14.88
15.8
12.4
15
12.48
13.92
15.92
12.4
19.96
13.44
18.88
12.88
13.04
17.12
17.44
12.8
10.76
11.64
21.96
13.96
9.12
19.68
10.88
14.16
8.08
17.96
18
17.04
16.6
11.6
15.6
14.48
15.28
16.68
16.2
11.08
8.52
10.2
13.12
12.84
14.6
9.76
13
14.08
16.16
18.36
18
21.24
20.4
14.8
18.04
9.28
12.24
10.04
12.48
10.48
14.28
10.28
11.96
9.72
8.48
15.4
10.88
15.6
12.44
10.4
9.84
11.24
12.8
10.04
18.44
19.72
16.16
8.64
26.84
13.76
19.12
11.4
15.84
8.28
16.04
12.2
11.8
14.84
11.24
10
10.28
14.52
11.48
11.12
15.88
12.56
13.68
8.6
15.6
13.24
9.12
9.96
11.96
13
15.44
10.32
15.68
9.96
16.8
13.32
11.72
12.52
14.44
16.92
10.32
25.6
10.12
13.24
22.6
9.24
12.56
22.44
13.24
16.2
11.4
10.36
8.48
14.72
10.08
21.68
9.84
18.64
10.08
14.36
8.44
13.4
16.12
20.04
8.96
17.92
22.48
13.84
17.44
12.4
9.4
9.6
18.88
17
15.32
13.16
13.2
14.84
9.24
19.76
11.64
13.52
12.32
14.72
15.52
15.68
12.44
14.04
17.04
11
10.68
14.36
18.36
15.28
14.64
20
24.24
15.6
23.72
12.88
11.64
16.12
10.32
10
8.96
30.36
12.2
19.48
10.2
18.04
12.48
10.28
10.56
15.8
10.36
20.4
14.96
12.52
16.92
10
9.8
8.72
10.32
13.92
12.04
12.56
19.56
17.16
21.56
10.48
11
13.4
12.12
13.76
9.24
12.44
8.92
14.76
11.8
10.52
12.76
11.8
14.32
16.8
13.08
12.84
13.84
16.68
13.84
16.88
17.6
11.32
18.68
14.92
14.84
12.6
17.72
12.4
10.48
11.32
9.6
15.32
16.96
21.24
17
12.2
13.52
10
12.52
12
8.44
9.2
8.28
13.52
15.08
19.48
10.8
13.56
17.64
13.12
12.44
10.72
14.64
11.88
13.52
15.28
13.04
8.72
21.16
14.08
15
13.36
12.8
12.92
9.92
18.4
21.12
12.04
12.04
12.64
14.4
20
18.24
15.12
14.24
11.56
13.72
18.76
16.4
17.52
16.04
10.52
12.84
12.48
17.52
13.2
10.44
16.68
12.6
13.16
10.44
14.8
9.68
10.72
11.12
13.32
9.24
17.76
13.16
15.52
15.16
9.92
15.8
18.48
18.32
16.32
22.88
15.32
10.68
9.04
9.84
13.24
11.6
17.28
18.56
17.48
15.36
13.88
11.32
8.56
12.84
11.36
10.52
8.76
10.64
11.24
13.72
13.16
8.2
15.08
17.84
10.24
19
14.84
15.44
12.28
15.52
14.32
16.88
21.68
18.32
14.68
13.4
9.16
14.96
10.92
10.64
8.92
11.6
11.32
15.76
13.56
14.64
9.36
10.48
13.32
10.56
15.6
15
12.52
11.56
15.12
10.72
11.16
10.96
11.88
12.36
8.72
11.36
14.88
11.88
13.12
11.04
8.52
12.16
10.76
11.4
10.92
9
18.04
12
20.16
15.68
16.76
11.52
8.88
12.68
21.76
15.84
10.8
13.68
13.44
11.52
12.64
9.48
12.64
14.28
11.16
9.04
17.4
8.12
9.04
12.72
13
16.88
12.96
18.04
12.12
8.76
13.28
8.92
13.48
15.88
9.6
17.4
14.16
10
8.56
14.04
9.52
11.88
18.44
17.2
13.44
12.32
12.48
16.16
13.52
10.08
19.6
20.8
18.32
9.08
12.8
13.8
16.48
9.32
12.8
23.16
23.72
12.68
20.68
16.04
9.2
14.52
14.68
17.84
8.56
15
9.96
12.72
23.8
10.96
12.68
14.56
11.52
12.12
18.08
12.12
9.4
17.44
13.72
11.2
12.56
14.24
8.64
19.48
10.84
11.12
14.4
15.72
9.6
9.16
9.56
10.04
20.12
12.8
10.56
9.96
10.76
10.08
16.08
8.8
14.52
9.92
20.2
18.84
9.52
13.04
15.04
18.84
11.16
9.8
12.04
8.36
15
11.28
15.16
18.72
9.28
19.36
24
8.48
14
14.6
10.36
13.2
14.4
10.56
15.36
12.08
17.72
15.8
14.2
16.52
16.68
10.24
16.04
16.2
22.56
9.84
23.84
19.8
22.6
19.16
13.6
9.96
11.16
11.08
9.76
19.68
16.36
11.96
11.04
8.64
13.56
8.48
12.64
21.2
8.08
8.84
17.32
14.48
19.4
15.96
20
12.24
12.08
13.16
14.16
16.2
14.8
11.08
14.72
11.08
16
11.56
11.16
11.52
8.64
10.92
9.6
12.2
12.04
9.32
22.88
16.8
15.96
12.52
13.36
17.96
19.56
23.32
11.16
13.44
16.44
15.76
17.88
8.8
14.84
9.88
17.2
13.24
13.4
18.04
14.76
12.12
12
11.72
22.08
12.2
22.56
10.12
19
15.32
11.72
9.88
8.64
13.92
17.6
14.52
11.88
18.2
8.76
12.72
13.96
15
13.12
9.48
16.48
10.96
17.44
17.04
13.24
8.6
9.4
14.28
11.76
14.12
10.68
14.12
8.64
11.6
9.92
10.52
32.64
17.32
13.12
10.68
11.68
9.64
10.76
15.28
19.16
9.32
11.76
11.56
20.76
11.56
16.68
18.16
15.04
16.44
11.72
18.96
14.36
12.56
13.36
14.76
10.52
9.12
17.76
8.64
13.08
15.72
27.92
19.16
17.64
15.52
13.88
18.32
10.84
9.96
13.6
8.88
17.08
15
16.64
18.44
13.76
14.08
11.68
9.52
15.48
12.8
13.24
10.8
10.72
10
9.12
12.64
20.32
17.56
18.72
11.16
13
15.04
17.88
10.64
17.76
20.52
14.6
15.96
13.2
20.72
12.36
9.36
12.48
32.16
15.8
14.72
15.8
14.24
9.76
14.56
13.04
19.16
9.56
22.68
17.08
16.76
18.2
16.92
11.36
13.64
8.44
20.44
23.2
12.64
13.36
16.56
12.76
14.4
8.48
14.4
13.76
19.76
15.08
23.44
14.2
17.08
18.56
11.68
19.2
25.2
12.52
10.56
13.16
10
17.68
13.52
9.72
8.72
10.64
8.28
9.72
14
14.24
9.6
15.96
8.4
18.16
10.24
8.8
8.32
17.96
8.76
16.52
9.44
15.76
15.36
11.72
13.16
10.52
17.96
11.64
15.2
10.84
21.52
11.92
16.56
11.4
13
10.8
15.24
19.4
14
22.4
15.28
25.28
16.68
17.76
9.16
10.16
10.12
9.48
19.4
10.84
28.72
8.56
10.16
23.76
12.76
9.2
22.12
9.52
9.4
12.36
20.4
10.08
10.76
14.52
10.32
10
10.8
13.4
11.56
10.72
9.96
12.84
9.36
15.68
12.48
12.4
19.64
13.48
13.76
13.48
9.72
21.12
13.16
12.44
14.64
14.36
15.16
13.8
9.16
11.88
9.4
18.64
8.4
23.88
15.12
9
14.92
12
16.72
10.4
10.08
16.76
17.12
15.04
17.12
9.76
11.48
14.2
10.04
14.76
18.4
14.08
11.2
13.16
14.08
10.12
14.24
13.56
11.52
9.72
9.08
10.6
10.16
8.6
10.24
10.84
22.88
9.28
10.08
11.96
13.12
10.52
10.16
13.68
13.76
9.96
9.92
9.68
9.08
9.6
17.64
11.68
9.36
11.24
14.76
17.52
8.56
10.2
18.16
17.68
18
11.56
17.16
13.64
18.32
22.12
17.76
12.32
13.04
17.76
12.8
13.36
17.96
15.64
16.76
19.64
11.8
9.24
15.16
13.96
11.48
8.96
15.8
12.36
27.4
19.2
17.72
17.08
18.24
20.2
11.44
13.4
17.08
14.8
11.92
17.36
16.88
14.84
10.96
15.8
12.96
14.08
12.32
12.28
16.08
9.56
9.84
9.44
9.12
12.88
18.96
16.84
12.84
11.84
12.2
9
22.72
19.12
15.88
21.32
11.88
14.68
14.6
12.28
13.36
13.12
10.72
9.48
14.56
21.6
17.6
14.96
18.56
8.64
10.32
8.88
13.72
11.04
14.68
9.24
14.76
17.2
10.64
13.84
10.56
18.72
14.92
14.24
8.56
15.24
13.84
16.84
18.88
15.08
12.4
11.04
11.6
13.84
15
17.56
16.08
15.04
16.96
12.96
11.8
20.68
10.16
12.44
13
9.96
10.92
8.72
8.6
14.56
9.92
15.16
8.32
17.08
16.08
9.56
14.16
10.32
11.8
12.28
14.68
13.84
13.12
11.76
9.24
8.56
13
11.48
11.72
14.56
13.04
8.92
11.44
12.76
14.8
12.08
9.36
15.76
10.92
12.92
13.56
12.32
15.28
15.36
11.68
19.08
13.36
12.12
13.96
24.44
14.6
15.28
10.68
12.52
13.32
9.72
16.84
10.28
12.84
11.92
15.32
12.72
16
11.32
12.56
15.76
8.8
13.28
12.56
16.8
14.52
15.76
12
9.08
11.04
14.28
10.92
12.56
10.68
10.48
10.36
13.16
23.2
23.36
15.4
17.28
10.72
13.28
12.76
15
17.72
13.56
15.36
16.48
17.68
17.2
12.8
12.4
14
16.24
13.04
8.16
8.76
14.6
26.96
12.44
15.28
12.44
9.68
15.92
12.56
8.6
15.84
17.76
11.36
19.48
8.6
10.44
14.6
13.92
10.92
20.04
11.08
33.96
17.12
12.72
20.32
14.96
13.48
16.72
10.28
14.56
9
14.48
8.6
15.32
12
16.6
16.56
20.48
11.08
9.48
11.56
9.08
17.56
15.44
9.24
16.44
8.48
12.92
15.48
11.72
13.36
11.8
12.08
11.32
10.08
12.44
10.36
14.76
12.72
15.08
18.16
13.52
8.52
10.56
11.32
12.08
12.68
18.44
14.52
14.04
13.12
9.88
9.24
8.64
10.08
8.08
11.88
16.04
21.32
11.44
12.2
11.76
15.16
12.12
14.16
16.6
8.36
16.8
20.92
17.24
22.92
9.48
8.32
9.52
10.44
16.88
19.32
14.52
20.68
12.16
23.64
16.04
21.96
14.68
21.64
8.84
16.36
9.56
18.44
12.28
14.32
13.76
12.04
10.56
13.88
12.52
9.8
11.2
9.28
10.88
13.24
11.16
19.12
10.44
15.16
20.84
8.84
16.44
14.68
12.8
9.72
13.6
13.92
12.48
12.44
14.04
13.8
13.52
16.36
18.12
23.28
11.96
10.64
11.28
20.88
17.48
12.68
13.12
11.16
11.92
19.84
10.68
13.2
13.92
38.08
13.68
8.76
9.16
11.12
12.44
19
8.48
10.92
10.32
8.76
11.12
9.96
17.32
10.16
17.92
17.52
9.44
12.04
13.52
21.64
8.48
13.48
13.96
11.16
13.32
23.12
16.92
13.6
11.8
9.28
11.88
8.36
11.2
16.4
13.48
14.64
15.08
12.68
12.68
13.24
15.64
10.24
9.8
17.36
13.08
10.88
12.92
17.2
14.4
13.28
10.12
12.16
8.8
9.48
14.28
16.96
10.72
16.32
11.36
17.12
9.08
8.48
9.52
9.56
20.48
17.12
10.04
10.56
9.32
13.8
10.88
11
9.68
11.52
13.04
14.56
11.04
12.76
15.6
14.52
10.4
9.32
18.28
9.16
17.68
14.44
23.4
13.64
17.96
10.24
13.08
10.52
18.76
16.8
15.84
11.8
15.04
11.56
19.88
19.64
12.52
15.4
14.88
10.68
16.28
12.2
8
15.72
10.92
19.32
12.4
9.68
14.92
12.92
16
9.76
22.28
8.16
9.2
12
12.48
19
9.12
16.4
15.52
15.88
25.84
10.2
12.36
14.04
10.4
15.4
10.8
10.84
12.2
18.68
18.52
14.76
10.52
15.56
12.96
10.8
18.44
11.72
9.52
15
11
13.88
15.68
11.96
8.56
10.72
10.48
8.4
26.24
13.68
10.8
13.52
12.28
13.16
17.16
9.76
10.24
12.4
13.48
11.4
12.36
12.28
8.52
9.48
8.6
10.92
14.52
13.88
9.52
7.76
8.04
12.72
7.64
12.84
7.08
12.6
7.8
12.48
12.72
13.44
22.28
10.64
11.56
22.16
16.84
11.36
8.88
11.6
11.92
15.48
10.32
12.84
9.64
10.8
12.12
12.88
9.44
10.8
13.84
17.28
17.56
12.4
9.96
11.72
10.52
12.68
14.52
11
16.8
9.64
7.8
9.76
12.04
11.68
13.96
7.44
8.72
12.12
18.56
10.04
13.44
15.48
8.4
8.84
8.24
19.84
11.52
13.8
20.44
9
12.08
12.28
16.16
19.08
17.12
12.72
18.76
23.88
11.76
10.52
11.6
7.44
7.84
13.92
9.12
14.4
7.76
7.4
7.88
11.2
10.64
11.96
10.16
8.92
7.44
11.48
12.24
10.24
7.32
12.2
19.44
8.2
8.32
12.96
14.6
16.4
7.6
9.24
10.64
12.76
7.96
7.16
10.2
7.96
9.64
10.96
8.92
13.68
11.28
14.2
7.88
11.68
10.48
11.64
10.24
12
9.76
11.28
16.04
11.24
11.8
7.28
8.2
9.24
10.04
12.48
8.56
16.44
17.08
14.16
7.8
16.64
7.48
16.28
8.88
11
9.08
9.68
10.12
11
9.76
9.84
8.08
11.12
8.76
10.16
8.48
7.48
16.32
15.08
9.2
8.64
8.36
14.68
13.56
15.48
14.32
7.2
20.36
19.44
9.08
9.44
13.56
9.28
12.2
11.64
15.68
7.96
11.6
10.04
9.32
7.16
7.08
8.12
12.72
9.2
10.64
11.92
8.8
9.96
35.96
11.32
9
8.28
13.08
8.08
15.16
7.8
8.96
7.44
11.8
12.96
11.36
14.68
11.72
11.08
13.56
10.72
7.8
11.24
9.52
11.6
13.68
16.6
13.2
7.76
17
9.96
13.08
7.88
8.04
11.56
11.08
12.84
8
15.72
14.44
13.6
13.08
11.04
10.76
11.92
12
15.84
12.36
8.08
7.2
19.36
18.84
13.96
7.92
15.72
9.84
12.84
7.8
22.04
7.64
16
7.88
13.6
10.48
19.36
7.48
9.16
9.28
10.28
10.48
21.48
8.08
7.12
19.32
8.64
8.08
14.2
13.96
14.64
13.52
11.8
13.72
12.56
13.08
14.84
16.36
14.12
14.2
8.04
12.68
11.76
8.96
14.04
11.32
8.32
9.12
7.56
9.8
10.72
7.68
16.76
7.8
9.68
11.2
12.32
9.44
18.44
12.56
11.44
10.04
13.76
13.88
9.44
10.48
7.24
14.72
13.44
11.52
14.6
9.2
14.44
9.48
8.4
11.92
8.4
8.12
15.68
9
8.6
8.92
7.68
8.6
8.52
11.76
7.28
7.64
7.2
9.04
7.72
11.68
11.16
8.76
10.2
15.2
8.28
16.32
15.16
11.84
10.28
7.6
16.8
11.68
7.12
14.32
7.72
11.2
14.24
7.36
14.84
11.96
16.56
13.52
10.92
12.12
18.36
7.24
17.6
9.24
14.8
21.6
19.64
10.16
8.24
16.32
7.44
7.72
8.4
13.4
15.6
7.12
11.04
7.72
16.4
12.64
14.24
11.88
12.4
16.52
7.56
9.76
9.16
11.24
12.32
10.44
9
16.64
7.96
10.6
11.44
11.28
21.52
15.88
13.16
14.04
50.88
21
9.96
8
7.64
8.36
10.48
14.4
15
13.72
9.76
12.52
8.72
14.36
7.72
8.88
7.84
9.16
18.04
8.76
12.2
10.68
15.64
9.04
13.08
10.64
10.8
14.16
9.48
8.56
14.76
15.44
17.2
7.68
8.08
11.32
11.84
12.92
8.52
10.68
11.96
14.28
14.48
10.16
7.44
11.28
11.6
12.16
9.04
8.92
19.8
13.72
10.84
8.04
12.88
8.2
11.6
9.8
8.96
11.6
14.68
9.32
10
13.08
12.04
11.88
7.72
11.16
11.56
12.76
11.44
19.08
18.44
10.08
9.84
9.68
12.68
12.12
13.6
7.12
10.56
10.44
9.08
8.24
7.48
9.56
8.48
13.48
10.72
13.4
15.64
10.84
10.76
10.72
15.04
12.76
9.72
9.8
11.68
7.92
10.2
7.2
7
17.32
20.48
11.44
9.36
12.44
18.08
8.68
16.04
12.8
16.68
14.72
14.32
9.52
10.96
12.6
10.32
8.6
16.2
22.08
15.48
10.68
13.92
16.6
17.76
8.68
12.2
21.64
12.52
16.16
14.32
11.16
9.64
10.24
10.16
7.76
16.76
10.04
8.4
10.28
13.84
8.84
10.68
8.36
10.68
12.96
7.24
9.16
12.4
8.04
12.16
11.28
7.96
10.2
8.72
12.08
7.64
10.16
9.84
13.8
8.04
8.16
7.8
11.44
8.56
10.04
11.64
8.68
9.64
7.28
11.16
8.76
13.92
8.84
16.44
8.56
14.4
9.92
10.48
14.28
10.4
7.8
8.32
9.84
12.44
10.32
10.52
12.84
16.52
12.84
10.2
16.76
11.28
9.44
7.76
10.48
8.64
8.04
10.08
13.36
16.16
8.48
15.84
15.32
15
10.88
11.6
11.24
17.52
18.04
8.12
7.44
8.44
12
13.2
10.88
8.88
13.72
13.56
7.48
11.52
9.68
7.28
7.8
14.44
14.92
9.64
21.12
11.88
14.44
19.72
13.48
14.08
10.04
14.32
8.12
9.64
9.04
10.48
17.52
7.68
15.84
12.92
10.6
7.84
7
14
14.04
11.92
11.36
13.68
8
10.4
9.44
11.04
15.84
13.04
9
11.76
12.68
13.16
8.52
8.24
13.56
8.76
12.88
12.24
7.64
21
9.68
9.6
8.24
10.6
9.76
14.12
17.12
7.84
7.32
7.96
9.32
16
9.64
9.16
8.56
17.04
8.64
11.52
7.56
14.32
8.24
8.56
9.44
12.52
7.96
7.32
12.88
16.36
10.68
9.08
10.96
11.28
9.68
7.12
7.92
16.6
10.56
9.28
7.84
13.4
15.12
9.68
13
8.08
13.4
11.16
9.2
19.36
7.24
17.24
9.36
9.72
10.72
7.64
12.56
7.44
11.32
13.04
8.12
7.64
8.2
18.44
18.6
9.6
7.12
14.04
8.32
11
11.96
13.76
7.12
7
9
8
8.6
18.32
7.96
13.16
8.44
23.12
9.32
11.08
10.96
12.04
7
7.2
7.04
15.12
16.84
14.4
13.96
9.2
9.24
11.08
9.92
15
17.72
8.12
14.08
8.44
13.72
21.28
12.72
8.92
11.68
12.12
14.96
19.96
13.72
9.76
8.72
9.6
7
7.24
11.08
16.68
7.4
8.52
9.8
7.56
7.72
7.28
11.52
7.12
7.72
13.36
8.32
16.32
16.44
11.84
20.4
11.16
7.28
9.92
7.32
13.12
11.2
13.8
7.48
10.2
11
7.24
8.08
7.44
14.12
13.16
7.36
13.4
8.68
14.48
14.8
7.04
9.76
10.84
12.08
11.44
11.6
11.76
10.48
8.84
13.88
13.68
11.76
8.56
11.64
14.44
12.12
7.16
14.92
10.04
8.6
8.24
12.04
15.84
11
8.96
15.36
10.2
11
13.04
15.4
19.12
12.04
9.48
15.56
10.92
8.24
7.8
7.48
7.16
14.96
9.6
8.44
8.28
10.44
17.84
13.32
15.32
12.64
11.88
14.6
13.44
8.32
14.64
8.64
11.96
10.04
9.96
10.6
11.04
22.16
14.76
10.2
10.96
13.6
8.2
8.48
15.08
8.56
14.44
11.84
18
8.8
13.28
8.16
14
13.8
14.24
11.48
9.52
9.36
8.2
10.92
22.88
18.48
7.28
9.32
11.28
9.12
11.72
13.28
19.68
16.16
15.64
14.32
14.08
15.12
11.64
8.12
16.96
13.8
7.92
14.4
14.32
12.48
9.44
9.84
7.36
12.24
14.64
14.32
9.64
11.24
7.48
8.12
10.2
16
8.32
9.4
12.68
12.88
16.92
7.12
7.12
7.8
11
11.2
9.12
11.12
10.96
8.16
7.12
9.48
12.6
13.4
16.64
15.04
13.96
8.72
22.68
8.92
9.52
16.08
8.36
7.24
8.6
13.08
11.68
12.12
7.2
11
7.08
8.52
9.08
9.88
11.16
9.64
10.44
8.2
9.8
7.28
13.68
8.88
15.68
12.92
12
8.88
10.68
13.96
9.8
11.6
7.96
12
7.88
8.92
13
16.24
10.12
7.68
7.24
8.04
10.76
8.04
9.2
16.92
16.56
13.68
10.44
9.28
9.64
9.08
11.44
12
17.96
16.08
11
10.64
12.8
8.32
8.36
11.92
10.52
17.8
11
16.12
15.12
7.2
10.44
15.76
12.56
8.32
12.84
14.6
16.04
12.52
8.84
16.12
7.52
8.24
7.4
7.12
8.64
11.12
12.4
10.84
10.24
8.52
11.72
20.96
13.92
15.32
8.96
7.68
7.28
10.84
13.32
15.16
17.56
10.08
10.24
8.08
13.48
12.28
12.36
8
17.08
13.68
10.56
8.64
11.08
17.24
8.76
7.2
13.32
9.56
10.48
11.48
13.52
8.68
9.52
23.68
8.4
12.84
8.52
8.96
9.96
13.56
12.08
8.44
18.48
10.16
12.48
12.28
14.36
7.4
11.52
7.4
12.52
8.04
10.88
12.8
15.16
8.68
15.28
9.72
11.12
8.4
15.32
22.64
12.2
16.24
12.76
16.32
11.12
17.4
19.24
11.52
16.04
16.28
14.36
15.6
10
13.12
18.8
11.96
12.32
7.44
13.28
18.48
11.68
14.72
15.6
8.6
16.12
16.6
13.4
7.16
14.96
15.28
9.08
13.16
13.64
13.52
11.48
9.8
20.36
7.24
9.28
8.32
14.24
9.32
7.56
7.92
15.48
9.76
11.12
9.8
20.64
15.16
10.28
10.36
13.48
15.4
8.96
13.52
11.24
8.88
9.08
13.2
10.64
12.56
11.04
10.8
13.88
9.88
12.28
12.32
13.68
13.68
7.08
8.12
12.92
15.16
8.92
14.88
9.64
8.56
15.76
9.32
7.68
24.2
11.2
13.08
21.24
14.2
11.32
9.64
11.44
14.08
15.44
12.04
11.24
9.52
20.08
11.96
12.24
11.76
11.36
10.92
7.16
9.92
10.68
10.16
20.64
9.04
11.68
20.72
21.16
20.68
15.56
7.16
15.56
10.64
12.88
10.12
18.92
13.52
14.56
8.04
8.28
8.44
7.4
12.08
11
11.84
8.52
12.8
7.4
14.52
8.32
10.08
10.24
12.04
12.04
15
11.28
7.64
13
7.2
14.4
7.76
16.16
18.48
9.44
7.84
14.96
16.52
7.84
8.96
11.52
16.12
15.2
7.28
12.88
9
15.76
10
16.8
10.72
12.96
8.52
7
12.72
9.36
11.36
16.8
13.8
13.64
12.52
10.96
11.24
11.72
7.56
27.36
16.68
7.28
10.92
17.16
7.84
7.6
11.48
14.72
7.4
14.08
15.04
8.56
11.28
14.08
12.48
16.16
13.36
8.8
7.48
15.48
16.04
11.16
9.28
15.36
7.96
16.32
12.88
11.84
13.56
9.6
16.24
11.16
9.6
13.16
18.16
13.2
8.32
9.8
7.56
15.04
9.24
12.2
13.92
12.04
7.16
11.36
7.56
14.32
10.16
20.04
13.48
7.68
7.72
10.44
8
13.12
14.52
12.24
7.76
7.56
12.24
11.92
12.2
7.68
10.52
7.04
10.2
24.4
16.64
17
12.36
11.16
7.28
10.84
17.44
7.76
9.48
7.76
7.52
13.76
9.16
7.6
9.6
7.96
14.32
7.12
11.2
13.04
12.68
11.4
12.8
14.12
9
10.6
11.52
12.08
8.44
7
9.88
11.6
8.84
8.44
11.52
11.04
7.52
7.36
10.36
8.68
8.44
8
10.8
12.96
12.16
7.72
11.64
10.36
15.48
7.28
15.6
15.72
8.4
8.6
9.48
12.04
7.52
9.36
14.24
8
8.4
10.84
18.2
8.36
11.12
17.08
9.44
13.4
13
10.2
9
8.28
11.32
19.92
10.88
12.88
12.48
10.56
20.44
12.12
12.68
17.96
12.08
9.68
9.44
9.44
10.76
9.04
14
10.96
9.28
7.28
10.32
10.72
9.8
8.28
8.8
8.76
10.64
12.4
7.68
7.64
16.6
11.16
14.16
14.76
10.84
11.96
12.64
7.12
8.76
11.76
14.4
8.76
10.08
10.08
21.68
12.04
10.84
22.72
13.16
9.24
7
7.52
7.24
12.12
14.76
13.08
7.64
9.28
11.16
17.16
13.64
12.48
11
9.6
7.12
14.76
10.24
13.6
18.56
10.76
11.56
13.76
12.04
10.36
11.32
8.6
7.08
7.36
7.72
7.64
9.12
7.32
12.88
12.96
10.76
14.12
8.96
11.52
8.72
14.04
13.76
10.76
11.08
17.4
13
7.8
11.12
13.16
22.52
7.76
10.68
8.8
12.92
8.16
7.12
12.08
11.28
10.56
8.12
10.32
13.52
7.48
8.64
7.68
10.48
11.04
11.08
9.32
8.96
7.52
13.64
13.96
11.84
12.16
8.08
17.64
10.4
9.72
15.44
14.52
12.8
9.2
16.08
15.72
12.84
11.52
12.8
10.68
11.84
16.6
7.56
10.68
11.12
12.24
12.04
11.36
7.84
13.2
15.52
7.56
14.6
10.64
8.44
16.6
12.76
10
9.92
7.8
14.36
14.6
12.56
15
18.6
7.4
9.24
15.24
7.8
8.24
9
10.24
17.88
8.92
19.32
8.2
9
11.4
8.6
8.04
10.6
10.36
9.68
10.68
9.72
8
11.16
17.56
7.16
13.56
15.16
10.08
16.84
14.8
12.12
13.76
10.04
13.76
8.84
10.56
15.48
10.52
7.4
12.16
18.48
10.2
14.04
11.2
9.56
16.6
7.88
11.44
9.36
9.28
8.12
18.64
9.92
11.68
8.52
7
7.44
12.08
11.24
10.28
20
11.24
11.52
10.24
13.92
14.4
10.24
11.92
21.36
11.88
8
10.44
19.64
7.16
11.2
15.16
7.84
13.88
11.76
13.2
12
11.4
8.2
9.56
19.56
11.52
7.68
17.8
8.04
8.68
10.24
7.56
11.72
14.4
9.84
7.52
15.72
14.6
14.08
12.4
12.24
17.2
7.56
7.84
7.2
11.96
12.2
8.92
19.08
9.72
7.48
7.76
12
13.72
8.72
9.88
7.16
7.44
13.24
9
7.36
11.88
7.72
7.88
18.6
7.4
13.24
9.96
16.2
15.04
12.6
12.16
12.28
21.4
16.32
7.08
14.32
7.4
18.2
11.32
9.44
10.4
17.08
7.4
22.72
12.04
9.84
8.04
9.92
7.44
12.64
18.64
8.8
11.96
13.4
8.12
8.92
7.56
15.08
13.88
9.44
7.04
8.56
11.04
10
19.08
15.36
16.24
12.2
8.04
11.52
11.52
10
15.08
9.36
14.8
10.8
8.2
9.96
10
9.36
12.12
14.28
10.48
14.28
13.92
8.28
10.16
11.76
15.92
7.04
19
7.48
13.6
7.96
12.92
12.04
12.04
9.96
16.08
10.6
10.6
9.24
11.64
12.24
16.4
13.16
14.92
11.84
15.08
8.48
16.48
10.08
15.68
9.92
9.68
9
13.8
10.6
14.04
11.92
10.08
9.28
9.04
9.68
12.28
13.76
9.96
16.56
14.44
10.64
16.04
15.92
9.12
8.8
9.28
8.92
13.24
7.2
13.52
13.52
7.56
8.64
12.24
10.52
9
12
24.8
15.24
12.48
18.08
12.2
13.16
9.04
11.28
13.6
17.92
13.72
17.12
12.44
9.32
12.24
10.8
12.76
12.4
7.84
8.08
15.84
11.16
7.36
7.6
7.32
12.04
7.84
14.2
7.6
8.28
7.84
12.56
7.76
11.2
14.52
8.36
8.52
14.88
10.64
10.76
13.12
15.2
11.12
12
11.96
16.08
8.04
11.68
9.68
7.2
7.76
13.6
13.84
11
7.36
13.88
10.64
16.16
11
11.6
17.2
19.64
8.68
10.36
7.28
11.48
13.92
10.48
7.36
8.96
9.68
9.56
7.64
9.04
15.32
13.32
15.84
12.28
8.72
13.8
7.88
8.64
11.08
24.4
11.52
11.72
7.88
14.36
9.84
10.28
13.76
9.72
14.04
8.92
26.4
9.44
13.2
9.16
12
11.24
11.04
9.4
18.04
9.08
16.56
8.72
18.32
10.92
8.6
13.16
14.96
11.84
8.96
8.6
14.72
7.12
11.44
10.56
11.04
7.04
8.24
11.68
12.96
17.88
8.2
11.96
7.36
12
11.4
12.8
22
15.96
15.4
8.24
10.44
7.4
14.24
7.16
8.4
15.32
7.96
8.64
13.6
15.6
11.56
7.36
9.12
11.64
8.52
8.84
11.32
9.8
11.72
11.12
13.92
8.52
7.36
9.6
9.64
10.4
18.52
14.04
9.2
8.96
12.8
7.56
17
16.92
11.08
12.64
7.24
7.88
10.32
18.56
7.12
26.64
9.92
11.92
11.52
10.44
9.6
15.72
9.24
9.48
7.08
13.88
10.72
8.96
9.2
8.84
7.44
7.24
10.16
12.08
7.4
14.4
8.32
10.8
8.92
10.36
13.72
12.44
11.16
10.36
9.88
7
9.64
12.72
7
10.8
10.64
14.32
15
10.76
17.44
14.88
7.4
15.24
9.92
12.24
9.72
15.36
11.84
8.76
14.76
12.4
12.28
7.04
12.08
9.72
10.6
7.76
9.16
10.76
11.36
10.92
12.72
14.28
13.92
12.04
21.56
9.28
9.92
10
12.88
8.56
18.28
12.68
10.92
9.24
8.84
13.36
14.72
9.24
13.16
8.12
17.64
14.64
10.64
16.16
12.32
10.68
7.12
8.68
17.76
18.28
11.4
11.64
10.44
10.52
11.84
11.08
10.68
9.24
12.64
18.08
7.52
8.08
9.72
7.24
7.36
15
7.2
11.6
14.12
12.4
14.8
11.88
11.88
13.28
14.72
7.8
8.12
14.08
7.44
7.8
13.32
10.52
12.68
7.64
8.6
10.84
8.36
10.8
7.4
15.12
7.68
17.56
9.96
12.12
12.44
11.2
9.12
11.28
7.2
11.72
16.04
12.84
9.52
8.4
14.76
18.64
7.44
8.2
7.12
11
14.08
9.44
10.24
9.64
16.48
16.28
10.08
10.52
8.24
8.16
9.84
12.08
9.36
12.4
11.04
15
14.4
14.04
12.92
15.8
18.64
12.48
9.56
18.04
16.76
11.88
14.84
12
11.04
10.88
10.04
10.28
9.68
18.56
14.08
16.6
10.12
12.92
9.68
11.84
9.96
8.68
9.96
14.36
21.4
15.64
13.32
8.84
13.88
13.16
21.84
11.88
10.36
16.44
9.84
8.88
8.8
10.4
17.28
11.2
11.16
7.2
7.6
9.4
15.32
11.4
10.2
11.8
9.92
9.24
14.88
12.68
17.12
10.32
12.08
8.44
8.44
13.16
11.44
14.88
16.6
9.92
12.56
9.6
8.2
12.68
7.08
7.32
7.6
13.96
9.12
17.16
8.4
8.72
9.32
8.48
7.24
7
8.2
10.08
9.48
14.64
13.2
11.44
11.76
18.28
13
16.16
16.2
17.4
17.84
12.28
9.92
14.68
10.28
13.12
7.48
10.52
16.32
20.24
9.32
15.72
7.28
13.84
11.48
7.12
13.4
7.92
10.52
8.88
13.72
17.44
11.36
11.88
14.64
9.68
8.8
11.2
11.4
9.76
10.92
8.24
19.68
11.68
24.56
17.4
9.36
14.68
21.96
13.36
9.68
13.44
11.24
20.08
11
9.76
10.28
17.52
11.64
17.44
13.52
11.36
15.2
18.16
10.8
9.52
9.8
8.08
7.64
8.72
7.6
15
8.16
10.32
10.8
10.52
8.16
11.48
8.32
12.04
14.32
11.72
10.36
7.68
8.28
14.76
12.2
18.44
12.56
7.92
7.32
12.44
15.76
15.16
9.68
11.24
13.28
7.2
10.96
12.48
9.36
7.24
7.72
11.32
7.72
9.24
11.4
24.04
19.52
15.76
11.16
7.88
8.8
8.28
9.84
14
12.64
10.4
11.12
7.76
10.56
9.2
12.68
21.44
16.88
8.32
11.2
16.56
13.56
12.28
9.52
14.68
8.44
13.16
16.44
7.68
16.88
7.36
7.92
11.08
10.6
7.8
7.52
14.92
11.6
10.8
14
7.36
10.68
7.88
10.4
18.52
17.12
8.08
15.2
11.84
10.08
13.8
13.88
18.12
15.04
9.96
13
11.48
8.84
7.92
6
6.56
11.52
6.6
6.72
9.96
10.08
7
11.72
7.24
9.32
7.56
8.32
10.84
6.16
7.88
9.32
6.68
6.56
7.92
9.08
8.88
8.96
14.84
7.2
6
6.4
6.88
9.2
6.08
7.8
8.12
6.28
6.6
7.16
8.36
6.24
6.76
9.08
6.52
6.08
9.12
9
11
8.96
7
6.16
13.56
6.2
9.2
6.72
11.88
6.12
7.24
7.88
8.08
6.28
6.52
13.4
7.56
21.64
33.64
10.16
14.48
7.92
9.12
6.24
10.8
13.56
6.32
6.36
6.32
6.44
7.24
11.56
6.48
7.04
10
6.4
6.32
6.64
9.44
6.88
9.68
17.24
16.08
14.4
13.64
6.32
12.72
6.12
9.4
10.92
9.88
15.96
7.36
8.24
6.8
10.4
9.16
6.76
7.12
12.32
7.12
6.92
8.84
9.08
6.2
7.2
6.44
6
8.28
8.32
14.24
9.2
7.8
6.96
10.96
9.48
10.36
6.72
6.8
13.12
11.4
5.2
8.04
5.28
15.16
14.76
5.44
8.64
6.2
6.28
5.36
5.64
9.08
8.68
5.6
8.4
5.08
6.32
5
5
15.72
7.56
5.16
5.44
6.12
7.8
5.6
8.56
5.44
5
5.04
5.32
5
5
5.8
11.04
5
5.16
5.72
5
9.32
6.92
9.84
11.92
9.08
5.04
5
11.56
5.12
5
5.12
5
11.04
11.04
5.28
5.52
7.72
6.28
5.92
5.08
7.68
8.6
6.88
10.6
5
6
6.52
5
11.88
10.16
5.04
8.04
7.44
5.08
5.8
5.48
5
6.2
5.12
5.24
5.4
5.36
9.32
5.44
5.6
5.44
5.04
5.56
5.32
5.64
14.48
5.32
5
13.56
14.12
9.96
9.72
5
8.56
5
5.16
9.52
10.4
6
5.04
11.44
6.04
5.16
12.48
5.12
5.52
5
5
8
9.4
5
10.12
5
6.84
13.28
5.52
8.68
5
5.08
5.16
9.6
5
7.68
14.08
5
5.24
5.36
7
7.92
5.64
6.08
6.52
5.16
5
11.56
5
11.72
6.48
7.56
6.08
5.6
5.68
10.8
11.24
5.6
5.04
9.48
10.96
11.68
5.12
5.28
5.28
5.12
5.04
5.76
6.64
5.04
5.56
8.24
11.6
5
5.76
7.32
11.88
10.52
6.84
5
5
10.8
8
7.96
5.32
9.84
5.48
5
5.04
5.24
5
5.16
5.32
5
9.64
8.4
9.44
5.68
5.44
6.08
6
7.84
7.48
8
6.52
10.84
7.2
9.68
11.88
5.28
5.2
5
8.2
5.08
5
7.68
7.8
5
5.16
5.72
5.48
5.32
5.64
9.6
5
6.84
9.96
5
5
5.16
5
9.68
6.36
5.28
5.04
5.56
6.72
5
5.32
5.08
8.48
5.12
5.52
5.72
6.36
6.2
5.96
5.04
7.64
5.72
5
8.24
6.68
7.04
5.08
5
5.72
5
5.12
11.76
5.04
5.12
6.52
5.16
5.16
5
5
5.52
5.44
5.08
5.2
5.2
6.6
5
11.92
5.16
7.08
5
7.28
11.64
5.12
5.6
5.04
12.12
5.28
10.2
10.04
5.56
8.44
6.44
5.6
6.28
5
6.68
8.12
5.4
5.28
5.2
11.16
5.48
8.48
5.96
7.56
10
7
10.28
13.64
8.88
12.92
5.2
5
7.92
9.16
5
5.68
5.8
5
5.64
5.48
8.96
8.6
5
5
13.72
11.2
5
5.92
7.96
5.08
5
5.92
7.84
6.56
7.64
10.4
13
5
14.52
8.08
5.28
8.2
8.36
5.76
10.84
7.08
8.72
6.6
6.12
5.68
5
8.32
5
5
6.96
6.44
5.04
6.2
5.64
5
5.08
5.6
9.72
9.72
5
11.44
7.64
6.64
5.04
5.04
5
5.12
5
6.32
5.32
8.2
10.04
12.12
12.4
5.2
5.56
5.12
9.88
6.48
5.72
5.28
10.32
5.04
6.36
12.72
11.08
9.72
5
9.12
6.12
9
6.24
5.68
6.56
7.32
11.24
10.04
5.72
5.44
12.88
5.04
6.72
5.08
9
10.8
6.56
5.24
5
5
5.28
8.84
12.72
9.72
5.96
5
5
5
11.12
7
10.2
10.24
5
5.56
10.08
5.6
6.08
5
5
5
11.8
8.56
9.28
5.16
7.8
6.2
10.28
9.56
5
9.92
11.52
6.76
5.48
5.72
5
5.08
5.24
5
5.04
8.68
5.36
5.04
7.44
5.08
5.08
5.12
5.28
5.2
9
5.04
5
6.32
5.2
5
15.08
5
7.44
9.48
11.04
5.76
5
5.12
5
5.12
11.12
6.4
12.44
5.72
5.08
9.04
6.68
5
9.92
8
5.56
11
5.28
5.76
5.2
7.2
6.44
5.32
7.4
5
5
10.2
5.28
6.8
12.08
5.16
7.92
5.4
5.72
5
5.08
5
8
5.76
8.72
10.28
9.16
6.08
5.16
10.56
5
5.04
12.8
8.32
5
5.04
8.84
8.4
5
8.96
8.24
5
8.36
5.28
5.88
6.36
5.32
5
5
5.12
5.44
6.36
5.84
6
5
10.36
9.48
5.44
5.04
5.04
5.08
6.76
5.48
9.36
5.44
5.12
5
5.32
10.52
8.4
9.96
8.44
5.28
5.48
17.88
5
8.32
5.08
7.68
7.72
15.8
5.12
9.2
5.28
5
5.2
5.4
6.08
8.8
5.28
5.04
5.04
11.76
5.08
5.16
5.24
5
11.24
5.2
5.44
5
9.84
5.04
9.84
5.08
5.88
5.72
5.56
5
6.08
10.72
5.04
10.64
5.8
5.68
5.52
8.36
5.08
7.16
8.8
15.48
5
5.2
6.8
8.52
5.16
5.2
5.44
5.6
5.12
5
10.16
5
5.08
5.24
5.68
6.8
7.88
13.6
5
5
5.72
5
6.16
11.64
5.44
5.28
5
5.32
5
13.24
5.28
9.72
13.76
5.72
10.44
5.44
5
5.4
7.76
5
5.12
5.32
5.04
5.04
10.96
5
11
5
8.36
5.08
5.64
5.08
5.32
5
6.36
7.68
5.12
5
7.16
6.32
10.2
8.24
5
6.56
10.36
5.96
5
7
5
5
5
13.24
5.2
10.08
8.4
8
5.32
5
10.32
5.8
10.36
5.4
6.64
12.04
5
6.92
5
10.2
12.16
5
5
8.64
10.04
5.08
5.32
6.04
5.2
8.36
5.64
8.72
6.76
5.08
5.44
5.44
10.68
6.4
5.28
10.28
5.12
5.2
9.72
5.48
10.96
5.36
6.04
5.08
5
9.88
6.12
9.12
9.12
7.16
12.92
7.6
5.6
5
5.08
5
6.08
5.04
5.88
8.16
5.68
9
8.88
5.08
5.12
5.28
5.56
5.04
7.16
8.08
9.64
9.04
5
6.36
13.2
10.08
10.2
5
5
5.2
5.04
5
5.28
7.92
5
11.36
5
6.52
5.08
5
8.56
7.4
5.76
5.2
5.08
5.56
7.32
5.04
5.2
5.56
5.48
5
7.36
5
5.8
10.84
5.2
10.16
5.28
10.92
5.24
5
5.04
11.68
5.28
5.08
5.32
6.12
13.64
5.16
5.32
5
7.4
8.28
8.24
5.12
9
6.2
5.64
5.12
5.28
9.28
5.04
5
5
5.24
8.08
5
10.56
5.16
5
5.56
5.56
10.72
8.24
5
5.8
5.96
6.08
8.04
5
5
15.2
5.16
5.24
5
5.12
10.36
5.36
5
5.56
9.16
5.16
6.04
8.4
5
5.16
5.28
5.36
5.12
7.8
8.76
5.52
6.12
5
13
5.16
12.28
5.36
5
9.36
5.52
5
6.72
5.12
5.92
5
6.28
6.12
7.68
9.28
11.4
7.12
11.4
6.44
5
5.28
5
6.52
12.96
5
5.12
8.72
5
5.16
7.48
5.28
5.68
13.68
5.52
5
5.48
5.12
5.76
5.28
8.96
8.68
5
5.24
5
5.08
6.68
5
9.76
15.04
10.32
5.2
5
6.56
5
8.12
6.08
5
5
8.64
11.48
5.64
5.08
5.52
5.76
5.04
8.8
6.08
6.08
5
5.72
13.44
6.16
10.48
9.08
5.92
6.56
9.44
5.12
11.76
5.24
10.2
5.44
5.8
10.92
5
5.72
5
5
6.72
5.28
13.36
11.68
9.04
6.2
9.84
5.72
5
5
5.44
12.4
5
12.04
5.52
9.32
10.24
11.08
5
5.76
8.92
5
12.24
5.64
5.12
5.56
5.76
14.68
5.04
5.2
11.88
5.52
6.28
9.16
5
5
6.8
5.44
8.52
18.8
16.52
5.16
5.24
5.32
5.16
12.36
5.8
11.68
5.88
5.68
9.16
6
5.36
5.36
5.52
7.88
8.32
11.6
5.08
5.36
8.72
5.28
8.12
5.12
5.52
5
5.88
5
10.04
5.4
17.04
6.4
10.36
5.76
5.36
7.32
5.72
5.24
5.28
5
7.16
9.04
9.08
12.48
5.48
5
7.56
6.48
10.04
5.04
10.56
5
5.12
5
11.2
6.24
5
11.36
12.36
9.08
6.56
7.72
5.08
10.64
5.36
5.08
5
5
6.8
5
17.32
5
9.28
5.28
5.72
10.68
5.28
5.48
9.44
12.12
9.68
5.08
5.28
5.36
5.08
5.16
5.08
5
8.48
8.8
5.2
6.24
5
5.2
5
5.64
7.52
5.4
8.84
7.28
5.16
9.84
5
5.04
7
5
5
5.24
5.64
5
5
5.04
5.44
5
5
5.2
5.08
9.04
10.08
6.32
6.64
5
5
6.28
5.48
5.68
5.24
5.52
5
5
5.4
5.64
5.12
8.32
11.96
5.6
7.08
5.2
9.16
7.68
5.16
5
5.6
7.04
5
5
6.96
5
5.2
5
5.4
5
5.16
5.16
5
7.72
9.84
6.08
5.24
5.84
5.08
11
10.56
5.08
6
5.12
7.24
9.12
5.2
11.6
5.24
9.36
12.72
11.28
6.88
10.32
5.68
5
6.16
5.12
10.2
5
12.96
5.88
6.48
14.52
14.24
5
11.88
5
5.12
5.2
7.88
10.28
5.16
12.12
6.76
9.92
9.52
13.16
5.04
8.96
5.44
5.08
5
6.36
13.4
5.84
11.56
9.56
7.64
7.52
5.04
10.92
11.92
5
5.92
12.48
6.64
5.12
5.4
5
5.04
8.8
5
5
9.68
6.68
9.6
7.68
5
5.8
9.8
5.04
5
5.32
10.56
5.32
7.28
8.92
10.4
6.04
5
5.04
5.16
8.2
5.28
13.8
5
5.4
9.36
5
5.4
5
6.76
11.4
12.88
9.2
5
10.08
5.44
5.2
5
9.96
5.04
5.64
5.8
14.44
9.96
9.6
6.12
6.36
7.72
5.04
5.96
5
5.4
7.84
5.32
6.28
5.12
5.04
11.96
5.04
5
9.36
5.76
5.36
5
5.68
5.36
10.2
5.16
5
5
5.36
7.4
5
5
7.32
5.24
6
6.36
5.72
5
17.56
9.2
8.2
6.36
5.28
8.68
6.04
5
5.2
6.4
5.68
8.4
8.56
5.36
7.56
7.08
10.64
10.92
10.64
9.64
8.52
9.28
12.84
6.64
6.84
15.68
6.48
10.04
5.04
10.24
5.12
5.2
5.52
9.32
6.24
5
7.96
7.2
5
5.88
6.2
5
9.68
12.48
6.76
8.32
5.8
10.16
5.24
5.2
5.24
7.6
7.44
10.6
6.76
11.88
5
5.04
9
9.4
10.28
5.04
9.72
5
5
5.52
5.72
5.16
5.92
5
6.08
5.2
5.24
5
6.52
5
5.24
5.04
5.08
5.56
5
5
5.12
10.48
5
5.04
5
7.16
5
5.8
5.48
10.72
8.48
5.52
5.4
10.12
6.4
8.24
5
5
8.44
5.52
5.16
5.8
5
11.56
11.72
9.32
5
9.08
5.08
11.52
5.48
7.32
12
7.48
8.72
11.04
6.28
5
8.08
12.2
16.64
6
8.76
5.6
5.28
5.2
5.04
7.44
5.04
7.68
11.28
5
5.4
6.56
5.56
5
10.84
5.16
5.24
5.8
7.24
9
5
5
9.2
5.08
5.84
10.56
8.52
5.88
5.44
5.92
5.08
7.68
6.36
11.08
9.92
5.24
5.32
8.84
5.04
5.28
12.32
5.28
11.12
7.56
6.08
5.96
5
7.4
9.08
5
5.44
5.36
7
5.76
9.92
5.4
6.44
6.36
5.6
5
5.08
5
5.64
5
6.56
5.16
5.76
9.92
5.12
9.96
5.16
5
5
5.16
5.48
5
19.44
5.72
5.4
9.16
5.16
10.44
5
8.12
5.08
5
5
5.88
5.12
7.2
5.28
6.08
11.68
5
6.4
5
6.96
7.16
5.12
5
9.84
12.48
10.32
5
6.4
6.04
6.24
11.8
9.04
5.36
9.52
9.12
5.36
5.2
5.52
8
5
6.72
5.56
5
6
5.4
14.32
5
6.28
6.96
5
5
8.56
5.2
5.88
5
7.64
5.4
5.92
9.16
5.56
6.24
5.76
11.2
11.6
5.48
5.56
7
5
5
12
5.52
5.8
14.08
7.08
10.2
14.96
11.48
5.48
6.2
5.08
5.12
6.88
10.88
5.12
5.68
5
10.04
5.24
5
5.24
12.2
5
5.64
5.12
5.56
5.52
5.12
9.12
10.12
5
5.16
13.84
8.68
6.16
8.8
5.08
5
11.76
8.44
5.6
5.08
8.52
5.8
5.68
12.16
7.36
5.6
9.84
5
14.16
5
12.48
5.36
5
10.8
5.12
10.84
11.92
5.6
5.08
5.28
5.48
5
7.24
5.16
5
7.68
11
11.72
11
5.72
5
7.04
13.2
13.2
5
5.36
5.88
5.64
6.52
5.32
5.16
5.08
5
5.56
5.76
7.28
5
11.56
10.16
5.04
5.84
7.84
10.32
5
12
5.48
5.2
7.16
7.76
5.92
11.44
5.04
5.12
5
5.08
12.84
8.24
13.4
5
9.4
14.76
6
6.44
20.64
11.44
5.04
5.48
5.04
6.24
9.96
10.04
5
6.6
5.52
9.68
7.36
5.24
7.84
5.56
11.56
5.12
8.76
6.68
5
5.68
8.52
13.72
5.48
5.4
5.2
5
12.56
5
5.04
5.4
9.16
9.72
7.36
5
5.56
5.16
8.44
10.44
5.92
5.56
11.32
13.32
8.16
5.96
8.52
5.6
5.04
9.88
5.44
5.64
8.52
6.04
5.04
5.76
5.92
8.04
11.8
5.36
5.12
6.24
6.6
6.16
9.6
13.2
8.2
5.4
5.4
5.32
9.44
14.76
8.24
6.84
5.2
9.48
5
10.36
11.08
13.72
5.56
8.84
6.08
5.48
5
10.44
5.08
5.52
5.24
5.84
5.88
9.92
5.04
5.04
8.48
9.72
9.92
8.88
5.48
5
5.04
5.96
6.8
8.16
5.36
5
9.36
5.16
6.44
11.96
7.28
5.2
6.64
12
16.04
8.08
7.68
5.2
5.12
5.04
5
5
6.16
6.24
5.72
7.08
5
5.8
9.28
10.2
5.12
5.04
5
8.2
5.16
5
6.48
10
7.04
5.12
5.36
11.88
5.12
5
11.64
5
5.2
5.04
5
5
5.12
15.92
5
6.44
5.88
10.84
9.68
5
6.28
6.12
9.12
11.4
5.48
11.08
6.4
5.04
5.56
5
11.64
8.32
5
8.84
5
5.96
6
5
9.64
13.76
7.2
5.8
10.04
5.4
10.36
11.32
5
7.72
5.72
5.08
5
5.4
6.04
5.56
5.28
11
5.36
5
5.36
6.92
5
9.88
5
5.52
9.72
13
6.08
7.96
5
7.32
5.16
8.16
11.12
5.4
8.84
5.32
8.24
5
5.68
5.24
10.04
6.64
10.44
5.32
9
9.76
5.36
9.28
5.92
5.6
9.08
5.04
7.24
11.8
5.64
5.48
11.48
5
6.28
9.36
5.2
5.04
9.24
7.72
5.48
5.4
12.6
10.92
12.36
8.32
5.12
10
5.16
9.96
6.32
5.32
15.24
13.08
5.12
6.24
12.16
5.16
5
5.28
6.72
6.2
10.68
5.32
10.16
5.12
8.24
5.4
6.8
5.76
8.76
5
5.32
5.16
6.04
7.88
5
14.12
14.12
6.28
8.8
6.04
5
5.2
5.08
5
9.88
10.52
12.4
5
6
6.04
5.12
5.52
5.16
15.8
5.04
9.36
5
5.68
10.8
6.92
5
5.04
7.68
5.2
5.28
12.56
5.12
5
5
5
5.32
5.2
13
5.28
6.8
9.72
5.32
5.04
5
9.6
7.08
11.4
7.6
7.4
5.44
7.32
5.52
9.24
10.8
10.76
5
7.8
6.56
12.6
5.08
8.56
5.96
5.56
5.36
5.04
5.24
5.76
8.92
5.32
5.16
5.24
7.28
7.36
5.44
5.68
5.24
5.12
5.16
5
5.68
5.48
5.32
10.52
5
5
