10876 34740
15.48
12.06
5.37
10.23
7.11
9.45
12.16
6.24
13.3
13.22
14.35
7.71
11.59
7.86
14.86
8.31
5.9
11.54
9.04
14.94
13.2
11.49
6.48
12.63
4.97
15.69
10.45
6.73
6.2
6.96
6.87
7.78
8.9
9.43
8.59
8.56
8.99
10.62
13.49
10.51
6.16
13.52
16.46
12.57
7.92
7.03
11.86
10.9
5.18
10.6
7.32
9.02
15.53
6.07
11.53
13.87
4.64
9.24
8.84
7.14
16.3
13.77
14.81
9.86
6.75
12.38
8.83
6
15.32
6
17.67
6.87
7.89
10.59
13.49
11.06
9.07
6.94
8.1
10.54
8.62
7.7
6.89
12.29
8.87
8.09
16.55
11.4
8.46
7.43
8.27
8.99
6.32
11.14
6.78
7.91
10.01
11.52
7.64
12.54
14.76
12.52
9.74
6.03
8.76
11.24
10.58
6.14
6.19
14.83
8.59
9.99
12.7
6.71
8.92
9.92
8.56
10.61
12.81
11.63
16.44
8.02
6.94
5.8
4.9
17.01
14.91
13.96
14.62
15.22
10.73
11.97
9.63
7.7
14.65
11.32
13.45
11.76
9.23
7.71
13.96
14.4
11.04
9.84
5.36
16.21
10.84
12.56
11.72
9.95
9.29
17.11
13.8
9.78
11.85
14.25
14.32
10.18
6.34
7.63
9.83
15.85
8.54
9.12
12.98
10.51
10.13
10.45
10.59
7.73
9.14
10.35
9.21
7.25
8.11
5.72
12.01
11.57
14.03
13.12
12.92
13.03
8.15
14.33
11.63
9.46
8.72
6.87
11.74
21.83
12.61
12.21
11.82
9.22
13.81
9.02
6.83
9.21
8.7
14.4
9.95
8.27
9.03
12.81
5.59
6.73
10.9
8.53
12.57
13.38
8.25
12.07
5.34
13.1
9.7
7.88
8.8
6.7
9.47
5.29
9.8
7.06
10.43
17.32
9.59
7.18
10.24
4.54
7.15
8.84
12.69
8.61
8.8
8.72
8.92
8.89
11.18
8.96
6.18
9.47
6.25
6.34
5.79
7.87
12.61
16.06
11.41
13.16
11.02
9.8
8.56
8.63
8.65
4.51
8.33
8.79
10.14
10.59
10.74
7.69
13.82
10.29
15.19
6.47
9.41
5.78
10.68
14.48
12.57
10.08
14.86
15.45
18.34
10.2
7.29
9.09
11.5
5.36
11.28
11.28
14.27
10.11
6.23
8.94
12.34
11.26
7.85
11.52
9.04
13.49
12.16
12.05
11.03
15.56
13.71
12.92
9.93
12.18
10.59
7.61
7.17
12.44
8.26
16.39
11.97
10.03
10.32
8.72
6.87
12.24
15.35
12.13
10.09
14.01
12.96
8.56
4.71
12.78
17.99
10.97
8.25
8.13
11.63
9.6
10.65
7.9
8.53
10.72
14.08
10.44
4.87
18.68
6.16
5.92
8.35
7.87
5.7
6.71
11.74
9.58
11.04
5.57
7.74
8.1
6.77
9.01
17.52
6.75
7.88
8.15
12.56
10.62
13.05
5.07
9.53
9.47
9.84
7.45
9.27
4.16
5.59
12.15
5.94
9.56
10.28
11.56
10.17
9.79
6.13
12.47
9.55
6.09
6.51
8.59
6.71
6.78
7.11
6.88
12.3
11.15
8.75
8.87
13.18
14.34
7.04
19.25
14.66
14.64
12.77
11.02
8.93
11.05
16.85
12.78
13.76
12.51
14.83
9.92
10.34
9.08
5.71
11.61
8.85
14.31
6.44
8.42
12.28
13.54
12.24
12.71
5.31
8.26
12.21
9.03
10.25
8.87
7.67
10.94
10.92
7.05
17.76
8.25
8.17
6.22
12
10.52
10.34
5.11
5.34
8.9
10.67
7.2
10.35
5.64
10.63
9.61
11.88
8.34
10
7.61
12.26
12.41
9.86
7.91
10.19
11.81
11.66
9.01
7.67
10.05
12.41
10.33
15.74
7.85
12.08
9.2
13.49
11.28
14.46
8.51
12.39
9
15.13
9.72
8.49
7.16
7.98
5.68
5.65
9.89
11.13
8.32
6.11
8.61
9.09
11.16
10.73
12.03
10.12
11.16
8.64
9.71
10.12
6.4
11.8
8.28
14.74
9.71
9.52
13.88
19.8
10.26
9.93
10.82
10.07
9.26
7.41
9.86
8.83
6.83
10.61
15.02
11.22
5.84
9.75
9.08
13.3
11.08
16.89
14.43
10.62
5.67
7.92
8.18
10.66
7.72
13.29
10.51
6.21
9.3
5.91
11.55
12.32
10.54
7.73
13.02
11.5
7.64
11.84
13.02
12.35
4.9
6.73
5.08
9.86
4.56
9.44
15.52
12.2
4.3
9.66
7.75
11.04
14.06
11.44
10.31
11.23
10.11
8.9
7.69
8.99
10.39
7.7
7.16
10.87
6.7
11.11
7.41
5.64
9.81
8.78
13.05
9.97
6.52
6.95
14.96
14.17
11.32
13.18
10.9
23.18
12.59
10.58
12.8
9.64
12.5
8.96
15.27
6.22
17.02
7.38
9.97
9.76
9.51
6.25
5.49
8.3
17.97
12.84
10.15
13.44
4.69
14.31
9.31
6.39
13.34
7.81
7.86
8.85
10.24
11.44
6.34
11.59
8.96
10.5
7.36
9.02
12.3
9.92
7.89
17.53
16.17
6.27
5.83
9.54
5.79
10.64
5.75
12.43
13.2
9.48
6.13
9.89
10.74
12.26
19.13
6.77
8.11
13.4
8.89
7.33
10.54
7.79
6.04
5.48
9.44
7.48
12.19
10.94
17.5
9.54
8.22
13.31
9.14
6.1
7.05
5.39
5.47
8.9
9.6
7.22
10.11
11.48
8.57
15.02
8.48
10.26
12.64
12.84
10.88
8.62
10.65
7.43
10.46
14.7
9.29
9.63
15.93
11.39
14.22
10.75
11.57
5.79
5.25
9.39
10.81
10.83
10.3
11.01
10.29
8.21
11.85
12.43
9.88
12.01
8.13
11.66
14.83
11.85
7.85
7.69
7.49
13.5
9.69
9.7
11.16
12.36
7.45
12
7.91
8.84
12.14
16.56
9.65
8.29
9.27
12.57
6.46
8.83
6.56
8.5
13.14
9.34
9.1
8.67
5.9
9.82
11.75
10.88
6.4
12.33
7.83
13.62
14
13.22
11.77
9.48
10.97
13.11
6.42
11.06
15.62
11.26
13.1
5.7
5.33
5.07
9.44
7.75
12.56
6.06
6.04
11.95
9.74
6.08
12.23
6.9
13.54
11.3
10.17
11.46
14.19
8.51
8.69
6.42
6
9.15
11.59
5.24
14.61
10.57
8.98
9.4
11.43
9.71
13.51
7.65
12.5
7.1
12.48
13.52
6.64
10.95
17.04
6.14
12.12
11.95
10.5
12.82
6.77
14.31
14.97
10.18
11.74
10.71
9.13
10.12
4.87
12.08
10.34
7.48
15.34
11.03
15.33
12.32
8.44
16.89
12.53
12.9
9.72
7.04
11.01
14.66
13.53
9.6
10.21
11.57
4.83
6.18
14.35
13
9.6
6.35
8.6
6.28
9.68
11.88
7.72
10.78
10.49
14.43
10.3
12.89
19.16
5.31
9.62
10.29
9.8
9.04
9.65
14.61
11.66
9.91
9.19
9.48
13.89
8.5
8.4
9.49
10.49
11
7.7
6.09
5.85
7.51
7.01
10.19
9.51
11.28
13.23
10.79
12.03
7.9
7.05
14.01
9.46
5.76
11.19
4.94
6.73
5.12
10.23
8
4.61
5.58
16.36
11.72
9.22
7.69
12.28
9.83
9.89
15
9.3
9.91
4.9
8.65
8.63
11.42
6.27
11.91
7.75
9.08
8.86
10.54
9.96
7.21
8.28
6.85
4.98
9.44
4.92
10.06
15.74
9.39
9.83
12.01
4.86
7.9
7.16
8.77
11.05
11.37
6.04
8.53
8.36
7.12
8.4
14.12
8.58
8.06
12.72
8.46
13.78
7.77
10.33
8.81
11.52
9.48
14.03
6.69
8.98
13.97
9.05
9.12
8.74
9.8
9.78
4.89
5.45
13.74
9.42
7.36
11.94
15.39
11.24
4.75
9.81
12.19
10.56
7.78
9.83
16.27
13.13
6.53
18.4
16.53
12.29
14.61
8.19
7.48
14.11
10.54
12.77
9.22
10.58
5.41
10.55
12.29
14.24
11.27
12.69
5.86
13.87
12.6
7.81
12.89
11.76
12.2
7.1
15.39
8.4
10.33
6.29
6.88
10.52
12.54
10.13
14.12
11.92
13.88
6.97
6.67
6.66
7.41
9.09
12.98
13.48
12.21
9.75
11.44
7.22
6.99
15.04
7.98
11.86
11.88
11.58
11.63
5.95
4.33
14.38
5.76
9.36
12.42
10.01
6.82
9.28
6.7
7.83
6.09
7.21
10.37
9.12
11.84
12.16
14.43
10.23
14.87
9.64
13.96
8.11
7.48
11.91
8.6
8.16
14.17
14.63
6.02
10.7
14.05
10.45
17.47
11.35
12.57
9.31
7.87
18.92
9.35
12.94
19.19
7.8
7.7
10.4
9.24
9.89
5.94
4.63
4.81
10.3
10.18
10.81
10.08
9.64
13
9.46
14.45
12.04
13.26
10.38
8.36
10.41
11.43
13.21
15.46
12.09
10.76
6.4
11.61
10.55
7.95
10.06
6.13
4.79
10.8
11.38
8.49
10.71
16.56
12.42
10.3
7.07
8.15
12.2
11.95
6.73
8.01
6.96
9.63
8.31
11.89
7.81
12.53
7.26
8.14
6.31
4.88
14.85
6.7
15.93
6.24
7.16
10
16.95
14.86
15.35
13.34
12.74
11.49
5.31
12.15
7.81
7.03
11.5
5.71
9.54
6.94
12.99
7.11
10.33
10.94
10.83
12.83
13.48
8.98
14.31
12.61
11.9
9.38
6.28
16.66
12.07
13
7.84
12.48
8.59
11.48
5.35
9.7
6.52
9.28
9.15
7.65
11.31
5.5
8.71
13.02
16.6
11
13.01
8.36
6.01
7.06
4.43
9.34
9.2
10.27
11.34
4.54
7.64
6.58
12.43
15.87
12.69
11.78
9
5.45
12.87
13.33
6.65
11.49
11.74
11.39
14.16
10.54
8.56
14.34
6.96
7.93
11.75
7.4
12.52
10.95
13.59
9.6
5.15
6.03
6.2
10.77
8.12
8.75
8.71
6.35
13.84
9.67
10.62
10.1
10.58
5.83
12.58
13.42
9.68
9
6.23
9.11
14.62
9.24
15.37
9.89
5.73
6.39
9.81
7.08
7.29
7.26
9.7
9.02
6.95
10.08
12.48
7.3
9.89
12.73
6.82
10.39
8.45
13.77
9.61
8.12
9.01
9.38
10.64
9.26
6.57
6.3
6.44
8.8
6.14
6.48
8.36
13.86
9.97
9.18
14.94
9.68
8.93
7.44
4.69
12.67
8.62
15.03
7.53
12.8
8.47
11.04
11.58
5.29
10.47
6.1
5.42
8.9
10.4
17.37
16.62
11.08
13.03
11.77
8.34
11.36
9.23
11.71
10.1
11.97
9.36
14.79
10.49
9.3
7.14
12.01
6.83
7.27
7.62
12.67
8.01
12.45
9.45
4.57
9.51
7.7
8.95
9.89
14.19
6.59
13.35
10.72
10.62
6.56
8.61
6.24
7.85
7.96
9.22
9.28
7.15
11.32
8.53
13.17
10.13
16.61
5.91
13.33
9.08
8.95
8.26
9.43
11.73
9.63
12.66
6.74
11.82
14.65
9.84
17.24
9.09
15.57
14.08
7.44
9.52
6.55
10.08
10.28
7.35
11.6
7.55
7.84
7.94
15.53
5.64
6.73
10.26
10.59
10.89
8.55
8.07
6.92
12.09
11.35
8.25
11.64
6.86
11.63
11.17
5.48
12.15
6.77
7.2
9.2
10.11
12.21
8.61
10
5.05
9.68
8.18
11.64
11.62
6.79
7.5
13.77
7.27
6.67
10.14
8.22
10.34
17.67
4.91
4.99
9.22
9.5
7.04
14.33
9.74
7.16
11.08
6.37
8.04
10.35
11.94
5.48
8.9
6.56
7.74
12.89
9.81
8.21
7.8
7.87
6.09
14.38
8.69
6
10.09
7.87
7.69
11
9.72
8.44
10.45
12.77
8.22
9.53
5.76
9.52
7.46
14.53
10.01
11.07
12.24
12.32
5.23
8.88
11.63
9.75
10.7
8.84
10.11
8.35
8.24
8.91
7.09
11.9
7.86
12.13
6.23
9.74
8.24
7.67
12.23
10.01
10.8
6.11
5.52
16.08
10.87
8.72
15.15
6.24
12.65
22.31
20.08
6.55
8.92
9.32
12.8
9.35
7.39
11.51
7.37
7.09
9.44
8.03
10.27
12.65
10.78
12.6
6.62
5.77
8.78
10.77
11.6
10.8
13.46
8.53
5.33
11.19
10.9
14.49
11.62
10.71
11.32
11.98
10.1
8.51
11.86
7.99
13.2
10.9
8.65
17.14
17.82
13.48
4.8
9.56
7.98
12.21
10.56
14.28
12.25
5.22
11.96
7.41
12.32
11.1
14.16
11.4
10.54
4.85
5.43
11.33
13.57
5.59
9.83
13.12
14.07
12.36
12.11
10.37
13.3
8.38
7.75
7.91
12.83
17.52
8.46
7.54
8.55
11.88
9.79
9.38
9.96
5.76
8.43
8.56
4.8
9.12
8.28
9.38
12.69
12.79
12.52
9.88
6.46
6.83
8.88
13.88
10.72
15.3
8.14
5.28
12.61
8.85
10.04
9.83
10.48
11.63
8.88
13.17
11.06
15.83
5.16
12.18
9.34
5.93
13.84
10.8
15.28
10.93
9.39
10.06
12.5
10.46
11.48
5.76
13.91
7.34
14.38
8.9
10.2
13.46
13.52
15.11
9.25
7.32
8.28
11.43
9.97
11.21
8.31
4.98
8.73
8.85
13.04
15.5
12.06
12.08
11.23
10.48
13.74
5.4
9.85
7.58
7.37
8.13
5.72
5.57
6.78
5.17
6.51
7.85
5.87
9.34
8.79
17.47
10.11
11.47
6.56
10.39
7.47
10.91
9.23
15.41
7.42
8.38
5.11
11.95
9.82
9.08
6.85
11.04
14.01
8.45
10.77
13.38
9.26
7.96
13.8
8.72
6.58
5.93
11.67
9.61
12.3
12.96
12.61
13.82
11.54
12.65
6.81
5.23
10.21
11.81
9.49
9.23
5.59
11.97
12.86
6.87
8.88
8.39
8.72
9.95
8.23
7.11
8.22
10.25
7.75
12.92
12
12.45
10.54
6.68
7.22
6.54
15.79
11.71
5.85
5.66
9.72
6.57
8.57
6.52
11.03
10.22
11.38
12.74
9.47
5.66
13
6.12
9.08
14.22
7.74
10.2
12.57
10.11
5.32
7.45
7.44
11.58
6.85
7.16
9.06
6.33
5.52
5.05
16.49
8.58
10.88
7.59
8.64
10.43
6.77
7.22
7.36
7.92
8.53
7.48
8.01
9.22
16.3
9.41
11.36
15.17
6.43
10.59
12.37
12.81
8.96
8.97
7.72
11.4
12.59
10.68
5.14
6.75
11.22
11.02
5.87
6.76
8.77
14.78
6.3
12.08
12.98
6.88
7.54
16.42
11.32
9.72
8.36
12.02
6.95
6.39
8.83
6.62
7.19
12.02
9.55
11.23
5.38
11.85
8.82
10.09
9.7
5.59
8.33
6.88
6.2
10.94
11.89
6.84
10.29
12.02
9.92
7.3
5.48
5.87
6.6
10.84
8.73
6.77
8.72
9.15
8
7.36
11.69
7.66
8.07
7.52
7.75
11.33
6.57
9.49
5.26
9.35
8.19
9.66
23.88
11.55
9.98
11.87
9.57
11.62
8.01
14.11
12.38
10.91
9.16
15.24
12.39
11.34
10.67
7.69
8.64
8.99
5.04
10.85
17.1
9.83
11.99
10.73
8.17
10
4.77
12.51
5.82
7.91
9.86
10.43
5.33
8.05
8.46
5.41
10.18
9.55
12.29
12.95
7.37
9.6
6.98
9.35
15.02
16.04
8.82
13.41
6.14
7.48
15.46
7.89
9.31
9.68
7.41
6.56
10.76
7.63
10.2
9.12
5.76
12.94
10.99
11.23
14.73
13.94
10.79
11.33
12.3
8.98
7.9
13.84
8.77
8.59
7.44
11.43
8.77
5.84
9.82
10.53
12.9
9.39
7.06
16.83
9.41
13.97
13.62
9.76
15.8
8.38
9.84
4.97
11.65
9.68
12.58
10.66
7.38
9.79
9.92
16.17
7.47
11.49
6.7
6.89
8.74
9.2
14.57
6.29
9.21
8.57
12.28
7.16
10.28
10.43
10.42
7.78
8.43
9.07
15.13
15.06
12.97
7.29
8.94
5.99
5.08
5.67
11.95
7.58
5.69
12.7
12.21
8.7
10.09
8.01
8.57
8.06
6.17
9.55
5.15
8.13
15.14
13.54
14.23
10.15
9.71
9.14
7.89
6.4
5.13
10.67
5.5
12
14.56
13.08
8.12
10.17
6.05
9.05
9.44
12.81
10.57
11.49
10.43
6.8
11.12
10.56
10.4
11.01
14.1
7.68
11.49
6.08
4.98
11.99
9.86
9.59
11.66
6.42
7.2
10.33
13.26
11.69
6.32
12.51
16.94
10.03
9.33
21.71
9.84
8.5
7.91
9.68
9.72
10.23
7.46
11.89
8.04
11.58
6.58
7.32
7.24
9.02
6.9
9.85
4.97
12.46
7.56
15.02
8.57
8.65
11.23
5.22
8.28
8.79
9.36
8.33
13.47
6.29
6.49
8.23
8.2
9.11
8.92
10.08
7.29
11.37
10.09
6.82
11.98
6.4
15.06
10.18
10.42
9.23
11.95
11.16
10.2
8.75
6.03
11.59
10.73
8.75
7.96
8.21
10.39
10.63
13.56
9.48
7.66
13.82
15.49
10.24
6.58
12.44
8.29
11.95
15.96
10.59
14.59
11.35
9.2
9.12
8.95
5.62
10.85
11.47
11.26
8.36
10.86
7.04
11.65
6.89
8.69
12
6.33
11.98
9.67
9.99
13.18
8.59
10.99
8.83
7.81
8.22
14.82
6.84
6.56
10.67
4.72
15.09
7.75
12.51
13.36
7.85
7.79
12.28
5.17
13.93
7.37
12.87
10.45
14.59
5.25
8.68
9.2
8.18
7.96
9.82
13.06
10.6
7.12
10.36
8.08
14.73
14.36
6.62
14.32
10.13
7.09
10.86
11.99
7.44
8.74
7.79
8.25
6.75
9.81
9.09
7.04
12.12
17.91
10.31
8.62
9.1
12.27
9.98
14.59
13.54
7.71
8.97
8.89
11.51
12.24
11.99
4.2
5.7
5.81
12.52
6.14
10.87
11.58
6.26
8.59
9.19
10.22
13.02
7.46
6.63
14.01
5.16
5.77
9.75
14.8
10.05
9.23
13.75
11.59
15.59
11.85
13.42
11.75
11.99
13.19
6.53
11.35
11.15
6.58
6.09
8.1
7.51
7.42
6.76
7.83
4.79
12.52
10.49
9.26
13.88
11.27
10.02
5.33
14.29
14.08
9.21
7.15
13.8
8.61
9.18
10.65
13.71
10.38
9.75
10.43
5.03
4.99
13.5
10.6
8.74
8.55
5.81
6.08
16.33
8.13
7.71
9.01
14.78
8.88
8.48
10.5
6.12
5.53
11.32
4.93
6.66
5.87
8.98
5.97
9.15
6.87
10.5
12.62
7.4
5.41
12.17
11.69
9.54
9.58
9.9
10.6
8.42
11.42
11.56
7.01
5.71
11.21
11.99
9.72
9.71
10.25
5.86
8.56
5.39
8
6.17
10.22
8.7
6.68
9.57
10.88
10.89
5.89
15.85
10.36
8.42
11.94
10.15
10.59
9.5
6.28
9.99
11.55
10.73
15.99
5.3
10.76
12.34
4.35
7.68
14.79
12.44
4.81
7.37
11.56
10.37
8.08
11.14
10.92
12.77
12.88
13.28
9.92
17.25
8.98
7.63
5.79
8.34
11.59
7.52
7.36
14.26
10.1
12.32
6.86
5.27
16.26
9.82
11.57
16.87
9.44
6.19
6.08
10.26
10.16
7.55
12.37
7.46
10.72
11.65
9.95
14.22
13.88
11.82
10.57
11.21
8.92
14.06
6.86
16.65
7.27
8.12
7.69
8.8
11.01
5.97
9.04
8.79
9.95
5.01
16.25
5.56
6.01
6.51
9.66
9.21
14.26
10.89
9.15
12.67
8.15
6.95
6.34
10.34
8.59
8.12
13.46
4.63
6.83
12.7
10.24
10.87
9.58
8.5
6.49
6.07
6.91
7.29
6.13
11.39
11.38
8.17
9.6
14.29
15.17
13.41
9.47
5.63
8.63
9.02
10.66
12.09
9.86
12.39
15.72
7.2
6.11
14.54
12.44
8.68
8.67
9.41
8.04
9.82
6.77
10.7
8.59
12.69
11.24
8.4
15.7
6.34
7.42
10.15
6.61
9.83
6.62
14.66
9.42
11.24
9.28
7.98
11.66
7.64
4.75
6.16
10.78
7.38
12.16
14.7
8.15
7.8
8.02
8.59
6.59
7.21
11.66
7.92
5.48
6.66
12.43
10.35
6.27
19.78
11
7.5
10.9
5.61
8.51
5.11
11.26
11.66
13.63
14.48
10.86
7.75
7.01
12.57
11.95
6.97
12.69
12.41
10.89
8.12
13.18
9.54
7.1
13.97
11.24
6.13
13.37
10.93
6.65
15.95
8.6
7.61
13.83
9.81
9.91
6.01
14.19
9.89
13.38
13.99
12.31
11.16
7.74
9.17
7.23
8.53
7.61
15.7
10.17
4.66
8.59
8.58
5.98
7.57
6.46
7.12
10.4
11.01
7.4
4.8
10.77
5.84
8.81
7.04
12.6
9.31
13.34
9.9
7.29
7.64
12.8
6.98
9.91
7.81
7.63
9.78
16.21
11.17
5.29
14.45
9.32
7.07
7.12
9.08
9.74
8.2
9.4
8.08
17.74
6.79
7.61
8.32
14.24
15.61
8.93
10.17
7.97
14.47
11.18
9.36
5.53
12.63
7.91
12.97
7.79
6.39
10.22
8.15
17.52
7.33
6.55
18.39
8.7
18.49
7.91
7.8
11.16
8.73
7.18
11.21
10.06
6.74
15.7
5.75
8.04
12.98
7.58
4.67
12.27
9.79
9.69
10.85
8.37
14.24
14.82
7.04
10.05
7.14
5.01
5.09
9.68
16.02
6.53
9.64
11.27
9.12
7.32
13.64
7.05
10.95
9.48
5.83
9.78
6.69
10.07
6.44
9.55
12.21
12.92
11.64
5.67
5.92
8.92
9.04
13.27
12.54
11.5
14.58
11.51
8.01
9.46
9.16
11.27
11.56
11.38
9.03
8.23
11.77
5.62
16.5
12.02
14.8
11.86
12.88
8.19
11.57
13.21
10
9.43
6.25
6.47
28.59
8.24
7.96
12.45
9.37
8.33
11.8
15.27
8.31
15.21
10.4
5.97
7.22
14.36
5.57
6.02
12
13.02
6.73
8.54
11.84
9.86
14.72
13.88
10.99
5.91
10.06
7
11.6
7.34
15.58
11.51
5.1
8.38
8.26
6.04
6.01
5.96
9.37
8.82
11.37
9.49
5.15
10.42
9.47
8.68
7.68
11.37
5.53
8.37
5.51
13.39
12.45
11.2
9.34
7.81
13.24
12.75
14.96
7.38
9.91
13.19
9.51
5.56
4.93
6.34
10.15
8.85
11.92
17.19
9.33
8.25
9.03
5.69
10.65
10.64
8.45
9.08
12.83
8.95
10.46
6.9
6.49
9.78
10.24
10.98
5.86
12.05
12.85
11.65
9.58
15.84
11.97
5.37
10.27
16.71
14.81
7.86
11.15
13.57
9.64
8.64
12.39
11.3
12.45
9.5
9.36
11.27
9.91
15.73
6.15
7.75
6.86
9.5
8.83
12.59
10.62
8.02
7.5
12.61
8.03
6.8
6.01
7.99
7.78
10.13
10.7
5.37
10.68
10.4
11.66
8.55
8.94
7.88
5.09
11.64
10.08
5.08
8.89
14.56
11.66
9.03
7.61
7.65
10.63
9.07
8.01
9.39
10.42
8.97
11.12
10.02
9.05
11.48
9.18
5.5
12.18
6.64
17.45
8.69
6.97
5.38
5.57
11.12
5.22
13.77
13.46
9.01
8.66
6.14
11.52
7.35
9.12
7.84
9.03
6.98
5.18
10.14
13.02
8.32
11.88
7.34
7.78
6.6
7.5
8.14
8.48
8.54
7.01
12.37
10.29
12.2
10.2
12.32
10.17
13.46
9.77
18.9
7.1
9.82
14.36
8.63
8.79
8.22
7.46
5.32
11.31
5.93
9.08
6.02
7.9
13.42
8.6
10.49
9.84
5.94
10.46
9.19
6.72
7.05
9.47
9.03
9.61
8.91
5.56
10.03
9.15
4.88
6.82
6.88
10.18
12.03
8.76
14.71
12.9
9.88
6.52
7.04
8.79
5.63
8.83
5.63
10.88
13.24
9.14
12.91
10.63
5.95
17.42
5.5
11.46
13.42
10.33
9.33
12.09
12.65
11.23
4.69
7.91
11.08
5.96
11.58
5.92
9.03
12.82
10.9
12.57
14.81
14.55
7.07
8.22
7.56
12.46
5.35
6.87
10.63
12.25
6.52
6.83
5.93
7.46
13.13
14.15
7.35
10.04
7.05
12.05
13.54
6.4
8.11
7.37
11.07
9.27
16.07
14.15
4.76
13.52
16.71
5.53
8.45
8
10.76
10.29
5.73
18.58
8.32
11.78
11.26
5.62
5.93
16.07
10.5
7.72
15.5
10.66
6.51
9.3
7.8
6.78
13.6
6.6
8.49
7.49
10.09
7.68
6.52
10.53
11.7
12.89
14.59
17
8.91
11.73
16.85
8.17
11.69
10.86
6.96
5
6.75
7.34
9.04
5.27
12.73
10.45
8.71
7.75
4.81
7.52
8.6
9.35
10.64
5.98
8.57
10.66
14.06
11.58
9.86
10.02
19.35
8.22
7.98
9.45
13.29
13.4
9.87
7.44
11.94
8.89
11.5
8.42
6.56
11.18
9.66
11.56
9.23
13.71
8.72
7.4
8.68
9.95
4.43
8.41
16.26
15.12
8.22
11.12
13.1
10.96
11.03
7.53
5.56
12.31
6.91
6.7
8.47
9.18
10.43
7.4
8.89
10.38
12.28
10.31
11.44
7.9
6.81
11.14
6.62
8.11
5.86
14.53
5.09
12.99
12.07
6.21
5.13
5.3
13.56
9.05
13.51
5.67
8.63
5.23
11.05
11.46
10.14
6.35
10.2
9.81
11.63
11.61
10.56
10.3
10.96
6.08
9.38
15.55
5.28
17.13
12.24
7.43
15.81
11.1
6.92
5.89
13.38
6.88
9.15
5.85
12.62
7.68
8.31
4.45
16.57
14.13
12.8
6.21
6.22
14.33
23.8
9.99
8.77
8.26
10.89
8.79
6.47
8.23
12.02
5.36
6.31
10.71
10.75
17.02
15.32
14.67
4.94
7.37
14.62
8.12
12.15
8.52
10.45
6.8
16.29
9.6
12.76
4.9
8.41
12.35
7.22
7.33
12.98
14.66
9
8.36
14.67
15.95
8.33
9.26
9.29
5.39
10.53
8.65
13.78
8.13
7.22
10.01
9.69
8.98
6.52
7.58
10.19
8.41
7.72
7.1
9.51
8.97
10.92
6.7
10.28
7.43
8.99
11.56
11.28
10.84
5.06
14.68
6.16
8.92
7.48
7.31
7.89
8.99
12.43
10.03
7.35
13.42
10
5.31
9.38
6.2
6.61
4.44
8.41
8.58
9.8
5.59
12.99
7.73
8.94
6.3
9.59
8.89
10.23
10.79
8.55
12.17
8.27
4.86
7.49
9.58
8.68
12
6.81
7.22
5.69
9.58
7.05
10.58
11.02
9.71
10.21
9.48
10.2
10.47
13.46
10.3
4.62
5.15
7.07
5.9
8.15
9.68
9.1
11.68
11.41
9.21
11.05
15.44
7.92
11.82
9.05
9.25
6.85
10.92
6.34
13.52
4.44
6.71
9.32
10.84
5.64
6.85
11.05
8.21
8.45
8.02
17.33
16.15
13.13
4.93
7.64
13.12
4.97
8.15
7.11
11.62
14.26
8.02
6.3
7.84
9.63
9.21
16.64
11.11
6.02
10.46
10.82
11.36
6.51
8.77
10.25
9.26
5.26
7
9.39
6.07
8.39
9.07
9.7
8.82
15.46
11.36
11.29
9.48
8.45
9.89
6.6
5.1
11.17
13.64
5.66
11.15
10.58
9.25
7.9
5.96
9.14
10.22
9.39
16.4
6.41
9.19
12.47
7.78
7.06
6.42
12.07
9.52
6.98
11.42
9.85
10.25
5.08
12.91
14.49
9.34
10.85
11.33
6.5
46.99
5.9
10.38
9.88
10.28
12.56
7.09
7.45
7.74
7.09
11.67
6.45
12.92
5.77
11.75
13.63
6.32
11.72
5.66
10.12
7.44
6.08
9.18
8.45
12.47
5.46
12.13
16.7
13.2
14.52
12.41
19.02
12.36
10.96
10.55
8.51
16.68
12.67
11.28
8.28
13.42
12.35
8.79
10.26
7.13
9.19
11.39
11.65
5.69
7.46
7.06
12
8.52
5.52
12.83
9.1
8.46
10.27
12.75
10
8.09
8.23
7.05
6.35
8.06
11.18
6.84
8.81
14.63
9.33
7.54
7.06
8.59
6.44
8.37
10.22
8.93
9.44
7.08
14.32
11.89
10.8
7.66
5.82
6.32
10.18
12.52
9.79
12.76
15.39
9.16
10.45
9.25
9.27
12.91
15.72
10.09
10.49
5.61
10.98
6.79
7.51
12.96
11.63
10.5
5.54
11.15
8.71
9.12
9.46
10.13
8.91
5.69
9.68
8.94
6.14
10.74
8.56
10.92
6.42
12.22
6.46
11.9
8.5
11.57
12.03
10.27
11.26
8.8
14.57
12.92
7.28
12.98
4.52
14.11
8.97
10.2
10.05
11.85
13.97
8.17
10.45
12.78
9.93
8.72
10.53
9.83
8.82
5.28
8.39
6.05
14.55
5.2
8.88
12.87
6.47
6.11
11.27
7.04
11.31
12.77
6.51
11.33
8.72
8.3
7.31
10.46
8.4
11.8
10.08
13.35
9.19
12.67
17.64
10.01
6.93
6.01
11.75
11.57
8.55
5.68
9.01
7.69
12.06
8.62
10.22
15.06
5.22
11.73
6.63
6.09
10.38
5.15
8
6.15
15.74
8.54
5.36
9.06
9.31
9.95
5.44
10.37
9.16
7.32
9.35
9.77
8.37
12.57
4.96
12.27
6
15
5.72
14.19
8.77
14.59
7.12
14.76
11.2
6.95
9.34
7.61
9.93
13.86
5.92
6
6.92
10.06
12.53
10.29
8.36
10
6.32
10.83
11.73
6.77
9.95
8.98
9.4
10.76
6.96
8.76
11.2
6.83
10.68
5.57
5.33
7.99
5.2
13.48
6.94
9.94
13.61
6.23
8.35
7.46
5.38
6.24
8.09
6.3
11.3
6.03
10.01
8.42
12.33
14.87
10.69
11.9
11.23
8.4
9.69
17.28
10.9
5.46
11.55
6.38
11.81
12.8
8.09
6.92
7.25
13.99
13.69
10.41
5.98
10.47
11.31
8.47
10.14
15.78
7.62
8.58
10.41
6.25
9.64
10.81
7.84
11.62
10.02
11.35
9.39
12.29
14.78
9.68
7.55
6.79
8.15
6.27
11.53
19.14
11.83
5.76
7.71
11.25
9.12
12.4
10.16
10.12
5.72
12.48
14.64
15.13
15.15
11.59
9.77
8.28
9.29
11.82
8.53
11.97
10.88
11.63
16.75
7.94
9.12
6.74
12.28
7.8
4.9
10.18
8.97
14.17
7.74
9.35
11.9
16.61
5.75
10.42
9.83
6.9
10.07
10.41
12.59
16.99
11.9
9.5
10.27
7.53
10.14
10.78
5.21
8.71
7.42
12.24
5.51
9.81
12.43
9.62
14.5
12.1
7.63
14.27
10.09
8.32
8.58
11.8
12.11
10.3
7.52
9.64
10.26
6.58
15.54
7.46
16.47
7.98
11.26
10.55
7.23
7.07
8.43
7.92
12.87
6.51
7.71
5.6
14.61
7.26
9.95
10.03
11.59
8.77
6.77
6.34
18.89
7.65
6.73
6.14
10.24
6.19
13.07
7.79
5.58
8.32
12.13
8.03
12.84
15.69
7.9
15.05
7.03
7.26
11.56
8.81
7.34
10.94
12.22
8.02
10.77
6.79
11.58
16.63
12.66
8.34
6.54
12.15
7.32
7.5
9.74
5.72
10.58
15.86
9.43
10.34
11.19
5.64
7.22
12.1
13.83
8.06
8.65
12.17
7.03
10.35
5.16
9.03
11.87
10.37
9.46
5.26
7.87
5.09
6.64
5.67
13.9
8.07
9.21
6.07
9.35
6.16
9.9
8.77
5.54
10.38
12.42
9.91
10.1
4.9
8.35
10.26
6.24
9.83
9.21
10.52
10.01
11.56
12.54
10.53
11.73
11.55
22.93
12.05
9.67
13.64
12.22
10.34
11.45
9.37
16.6
8.15
8.34
10.23
10.29
12.53
8.67
10.36
7.11
12.66
10.84
6.39
6.22
11.04
9.71
15.03
12.41
14.05
8.25
16.19
6.59
8.2
6.83
9.53
9.51
15.39
10.67
13.27
11.33
10.71
5.95
4.52
7.06
9.29
7.39
8.92
8.32
14.49
9.49
11.23
13.69
8.6
14.84
8.49
14.18
12.67
9.33
9.84
11.87
14.06
8.04
8.98
6.74
10.32
5.08
12.77
20.05
9
8.52
9.49
6.62
9.72
7.9
6.41
7.03
7.88
14.15
10.42
9.37
8.01
6.31
13.43
5.26
5.4
10.23
7.45
9.25
10.08
12.26
15.93
9.56
10.82
10.04
8.64
5.37
5.35
13.37
11.92
9.19
5.28
7.68
11.01
14.82
7.79
8.37
10.23
12.41
8.21
11.34
10.42
10.73
5.79
6.19
8.67
8.85
6.26
6.05
4.99
8.7
6.91
9.54
12.19
8.18
14.57
11.47
9.17
6.03
9.92
9.99
12.26
14.87
8.88
13.14
6.39
9.27
10.74
7.59
7.94
10.86
7.55
8.2
10.28
8.63
12.93
11.49
16.67
9.95
8.78
4.91
10.31
6.52
9.6
6.31
13.51
9.34
5.75
6.23
8.34
8.87
8.03
8.65
5.22
11.85
9.64
9.79
10.59
9.53
6.29
8.21
14.49
13.01
4.93
18.72
8.06
7.8
10.18
7.74
8.04
8.72
5.15
13.91
8.97
8.41
9.36
5.64
10.02
9.14
11.14
9.77
8.23
11.62
13.2
12.59
9.33
4.97
9.92
6.47
4.7
9.4
8.81
12.8
7.21
11.72
7.43
9.83
14.26
11.23
6.65
11.32
12.44
11.95
10.58
7.84
11.05
12
8.06
13.28
6.99
6.73
7.58
9.11
13.14
7.17
11.02
12.68
4.63
12.43
9.07
12.34
15.91
8.72
7.48
6.32
8.11
7.99
7.24
8.02
8.18
8.82
5.34
6.24
9.82
11.13
9.16
15.9
6.94
5.14
13.22
5.5
7.04
10.56
9.24
11.42
5.8
11.59
6.96
7.37
14.01
16.01
7.07
7.37
10.62
8.85
9.13
9.57
4.98
8.68
6.64
11.36
8.86
12.05
8.6
15.61
5.72
7.67
7.05
19.2
12.6
9.21
7.69
5.64
8.77
6.29
12.78
10.46
16.97
11.04
8.81
11.04
12.34
8.78
9.16
13.61
10.17
8.57
9.86
9.87
14.01
10.1
9.96
7.24
12.95
14.25
13.79
13.18
7.91
10.78
12.89
9.87
8.77
4.91
7.94
5.74
8.89
7.34
13.22
6.26
12.14
13.98
7.14
15.06
6.98
8.22
5.53
7.83
10.53
6.33
7.51
12.32
14.73
8.14
13.4
11
14.24
12.62
14.42
6.22
6.81
10.56
12.4
11.86
6.43
8.66
5.51
7.25
6.43
7.8
10.19
9.06
10.82
6.21
11.79
10.43
10.66
9.1
14.07
11.3
9.23
7.96
9.93
7.94
9.83
5.63
5.96
9.73
5.26
8.32
8.85
11.34
9.73
9.66
15.16
6.97
10.79
9.28
12.44
13.67
10
12.03
15.77
10.57
6.13
8.43
8.32
13.34
10.78
13.16
10.22
5.73
14.05
12.96
12.69
7.75
13.49
12.11
12.13
9.87
9.29
14.84
4.56
11.98
6.19
12.74
12.44
7.93
7.6
10.95
8.69
13.3
14.02
6.61
11.25
11.6
12.72
16.27
11.75
7.94
7.16
5.68
13.26
12.31
6.02
11.29
19.89
15.54
16.04
10.03
7.71
9.33
9.83
7.28
8.93
6.57
7.9
7.48
5.41
7.79
8.22
9.75
13.96
8.93
6.04
6.74
10.13
9.98
7.13
6.27
11.13
11.57
11.11
11.5
9.45
11.79
8.4
12.31
10.98
11.84
13.84
12.19
15.17
9.11
9.53
5.56
6.2
11.37
15.44
8.29
15.19
13.18
7.58
10.07
9.58
7.59
5.28
9.03
6.87
5.07
7.32
5.83
5.67
6.83
12.05
13.15
7.7
8.55
4.74
4.95
10.05
6.74
9.09
11.42
5.66
12.53
8.12
8.18
9.68
6.49
17.38
9.36
13.32
9.4
12.26
10.76
8.91
11.04
11.65
17.6
8.5
10.01
6.2
10.05
12.26
4.89
12.53
10.99
6.29
9.74
7.59
8.77
9.57
11.4
10.92
9.3
8.61
9.26
13.38
10.96
8.84
7.58
14.68
6.13
6.87
13.17
6.52
5.3
6.98
13.54
8.87
9.53
8.31
11.81
10.46
10.1
6.51
6.61
12.43
11.12
11.53
9.32
7.58
9.02
9.69
10.67
8.13
5.9
9.96
11.36
5.3
7.09
12.93
5
6.45
8.19
8.87
11.96
8.02
6.95
12.05
6.7
10.2
8.16
12.59
9.86
5.45
7.59
6.17
6.31
8.37
6.15
8.23
18
10.6
12.37
17.15
13.72
8.05
16.27
10.45
10.71
15.97
9.01
12.28
11.26
7.09
11.32
9.03
11.98
13.71
7.82
10.43
10.37
8.74
10.06
7.63
6.59
6.65
15.49
9.8
6.4
11.48
9.34
6.09
8.3
12.17
9.1
12.52
12.79
6.62
7.89
6.53
8.41
9.29
12.19
12.92
12.35
13.27
9.76
9.62
5.94
9.72
11.54
9.34
11.22
5.97
7.41
11.22
11.14
9.94
6.45
12.72
8.04
17.66
11.85
15.63
9.3
7.54
9.3
13.48
4.79
9.25
12.03
5.46
8.93
13.42
9.36
5.7
5.8
7.58
5.3
13.17
11.88
7.87
15.3
8.17
14.86
15.28
9.61
11
6.44
7.9
10.11
7.26
9.42
9.66
9.98
8.09
6.08
9.91
11.92
5.61
6.82
10.95
8.3
6.97
10.72
9.01
12.45
10.11
6.81
12.8
9.75
9.52
8.34
8.86
9.38
13.17
14.11
13.42
10.55
11.44
8.38
8.47
14.14
9.51
7.58
8.37
5.8
5.68
7.02
6.64
9.94
6.02
7.09
7.94
6.13
12.01
11.28
8.81
10.81
11.72
12.98
9.23
9.41
5.57
6.92
17.57
7.41
7.3
7.61
6.86
14.94
6.11
8.79
8.23
7.49
13.83
7.52
8.04
6.38
6.96
7.61
7.31
10.53
8.25
10.43
11.87
6.7
7.3
13.43
8.88
15.18
7.41
11.24
11.01
10.53
9.76
9.87
12.6
8.13
10.44
10.37
7.79
10.26
9.32
10.4
9.7
10.43
9.26
7.66
6.3
8.34
5.56
9.69
17.37
5.71
11.68
6.03
11.84
9.85
12.44
10.91
13.76
8.1
6.66
9.78
10.21
11.16
7.92
15.23
5.85
11.73
9.65
6.53
12.6
8.85
6.99
8.2
4.96
9.36
8.49
11.12
8.29
14.68
7.81
11.97
10.93
9.13
9.35
13.5
12.64
4.83
11.97
5.18
11.26
8.32
14.04
14.74
9.24
11.04
8.19
12.6
5.09
7.51
6.21
8.77
6.55
9.74
9.39
9.04
14.89
6.94
8.38
7.08
6.9
6.25
14.62
9.94
9.82
11.81
8.13
8.78
10.5
11.04
9.28
10.33
5.45
9.64
6.35
9.45
7.68
5.75
12.02
6.19
4.74
8.76
8.16
6.18
6.74
9.64
8
13.76
5.41
10.99
7.96
13.45
9.5
9.89
8.91
9.58
8.74
8.9
12.59
9.03
7.31
8.32
10.06
6.71
11.29
13.27
10.03
5.21
8.78
9.17
7.53
8.46
5.27
5.68
15.25
19.28
11.91
12.62
13.76
7.81
5.27
7.12
7.39
10.97
5.4
13.64
8.8
10.33
7.66
4.58
14.42
5.51
14.1
8.63
11.38
7.2
8.48
10.4
9.7
6.35
4.85
6.42
8.24
8.13
7.1
9.66
8.92
15.32
5.82
11.6
7.4
6.95
6.43
12.52
15.14
6.07
9.56
8.63
10.46
13
6.26
11.44
10.51
11.51
7.58
6.52
10.39
13.03
13.46
9.79
15.96
7.1
8.93
9.95
6.75
10.38
7.54
7.18
6.29
11.73
9.44
5.32
12.08
6.07
9.36
11.88
10.07
9.75
17.76
13.26
11.39
6.58
7.22
6.53
8.97
7.06
11.83
14.05
8.06
11.16
12.82
8.88
9.04
9.43
6.61
9.8
7.59
13.56
4.67
9.76
8.94
8.31
8.91
10.96
9.18
6.1
5.3
6.07
9.22
6.74
5.01
7.26
5.29
10.44
8.95
12.43
10.73
6.91
12.76
6.57
11.53
5.77
12.13
13.03
8.65
10.76
6.32
7.89
7.41
7.61
7.93
6.68
6.84
9.41
11.93
8.44
8.57
7.95
6.66
9.79
16.17
6.38
7.03
8.81
11.34
10.8
7.62
5.17
6.76
11.18
9.13
14.8
7.19
13.19
7.07
9.58
8.3
10.53
11.26
8.47
19.73
8.96
10.98
9.29
5.64
6.17
13.64
11.74
8.8
7.33
8.89
8.74
9.14
13.01
5.82
8.99
8.08
8.36
11.27
9.64
8.97
11.6
10.3
8.67
7.81
6.09
6.22
5.77
12.86
5.41
8.56
7.11
6.47
9.15
5.11
9.89
14.48
7.85
6.97
7.3
8.7
12.8
12.48
14.86
10.04
12.15
6.67
10.48
5.58
8.82
6.68
5.93
7.49
10.93
6.47
9.51
9.85
8.06
10.84
8.18
11.01
8.27
7.93
9.87
12.57
9.27
9.07
14.69
10.19
15.12
9.14
7.89
12.1
14.06
10.2
11.34
6.52
11.47
7.36
5.8
12.76
7.75
10.1
6.55
12.37
12.08
8.29
12.38
9.33
13.52
10.15
9.58
13.08
12.91
8.46
4.91
7.36
10.42
12.23
9.32
5.72
10.47
9.15
11.42
12.96
9.44
12.1
13.66
9.15
10.19
5.54
8.37
10.77
9.01
7.49
7.19
7.93
8.28
7.67
6.63
11.7
5.41
11.23
8.19
7.72
6.78
7.85
6.76
10.26
11.64
14.14
11.06
5.37
15.6
9.75
14.1
8.75
11.08
6.7
10.96
9.2
8.59
9.51
9.89
6.19
7.37
9.51
7.45
7.43
10.19
9.19
11.52
6.76
12.14
11.32
6.06
4.78
9.14
9.99
11.88
6.09
9.7
5.29
15.14
8.03
9.3
8.4
8.62
12.67
6.55
15.05
5.71
9.61
16.73
5.54
6.04
12.19
11.51
8.05
9.85
4.83
4.89
10.51
5.97
10.94
5.92
12.74
5.97
12.19
5.64
10.19
9.74
10.69
5.69
16.12
12.57
7.21
15.13
8.25
6.4
6.25
15.74
16.44
9.54
9.43
9.48
8.94
7.11
13.04
7.38
7.74
10.26
11.7
11.76
7.86
7.43
7.11
11.41
6.67
6.28
12
11.74
13.56
10.92
13.06
15.95
10.58
15.4
9.6
8.61
12.54
5.39
7.08
5.35
17.61
9.78
11.11
9.46
12.07
5.26
8.76
7.36
8.63
6.75
13.92
12.37
8.8
10.97
5.66
5.2
5.28
9.87
10.53
9.25
8.43
13.98
11.55
13.77
5.76
6.11
9.49
6.24
10.18
5.89
6.16
5.26
13.21
6.51
6.9
5.81
8.26
9.02
9.67
8.88
10.49
11.93
10.74
13.74
12.07
11.34
7
15.06
10.48
8.84
7.31
11.28
9.36
5.4
7.66
4.46
13.16
13.21
15.15
10.03
7.46
8.01
5.93
7.19
7.4
6.45
5.01
5.8
9.04
7.36
13.61
7.63
8.24
10.85
9.46
7.36
11
10.05
5.95
8.63
11.92
12.7
5.59
14.88
12.35
9.23
7.37
8.31
9.17
5.86
13.46
15.24
6.68
5.3
8.31
12.75
14.31
11.75
9.58
8.24
11.44
9.06
14
7.63
13.37
9.96
10.76
7.73
9.65
13.43
7.5
6.31
8.94
6.36
6.97
7.92
9.51
5.32
7.37
8.3
8.87
6.27
13.23
10.29
10.06
10.06
4.99
12.42
10.62
12.84
13.51
11.67
8.34
5.29
6.5
8.96
10.48
9.16
8.66
12.6
12.5
12.97
7.71
4.69
5.93
7.47
7.63
7.03
7.3
8.62
8.47
9.99
9.21
7.44
11.28
13.09
7.65
14.28
8.43
12.57
9.88
10.6
10.64
12.29
15.72
13.86
8.89
10.47
5.74
10.64
5.97
8.74
6.54
6.23
8.84
12.69
9.52
9.49
8.09
6.71
10.95
7.62
12.58
15.06
8.61
8.42
10.93
7.86
9.23
7.07
8.66
8.4
6.71
6.3
9.94
8.98
9.48
6.08
4.99
10.46
8.12
8.32
6.86
5.13
8.64
7.45
9.53
12.3
12.86
6.18
6.93
7.41
13.36
10.47
6.12
11.2
8.87
9.16
10.76
7.75
9.46
10.02
8.75
4.98
9.97
4.3
6.48
7.29
7.5
9.45
12.22
11.68
7.25
6.67
11.72
7.28
9.67
13.29
8.95
11.87
10.68
6.35
6.15
13.16
5.84
7.3
12.23
14.19
10.47
7.14
8.65
8.55
8.16
7
12.48
16.03
13.48
6.83
10.09
9.89
11.69
5.22
9.3
14.4
16.68
8.78
15.4
10.37
4.79
8.83
11.4
12.09
6.17
8.86
7.05
11.4
13.24
8
8.21
8.03
8.63
6.61
11.1
11.87
6.76
8.83
8.13
10.08
8.82
10.98
5.62
13.39
7.77
9.25
9.6
9.73
5.66
4.28
5.2
5.6
11.94
7.51
6.85
5.13
6.27
6.92
12.62
7.23
9.19
7.12
13.46
12.62
7.65
7.89
11.34
12.31
6.32
4.77
4.8
6.31
10.01
4.8
9.01
15.84
6.13
14.28
18.82
4.42
9
7.56
6.88
7.66
10
7.34
9.27
7.19
12.37
9.24
9.22
10.48
13.41
5.23
13.25
9.34
15.73
6.61
16.21
13.11
13.66
16
8.18
5.08
5.7
7.57
5.87
8.29
11.95
6.8
5.4
6.67
7.08
5.23
7.83
15.89
6.2
6.11
9.38
11.26
15.19
13.45
15.65
9.49
8.78
10.1
11.78
8.54
10.95
10.39
11.38
6.92
12.71
7.39
5.58
6.14
4.34
5.9
5.32
9.25
8.38
5.21
14.36
12.84
9.82
8.77
8.63
9.7
9.11
16.13
7.66
7.63
12.03
13.2
12.46
4.85
9.65
6.48
11.74
12.57
8.42
10.11
10.68
8.14
9.58
9.04
8.09
12.3
14.34
8.27
11.7
10.55
7.67
6.09
6.58
10.28
13.04
11.78
6.92
12.5
5.81
7.56
8.59
11.23
9.06
6.42
11.83
8.7
10.57
9.07
7.72
4.98
6.27
8
7.04
8.39
6.28
10
6.93
6.83
5.47
6.34
19.65
14.25
10.28
8.74
8.26
7.02
7.95
11.09
11.7
5.35
6.36
11.35
11.6
7.81
10.2
7.39
10.76
8.36
8.66
11.11
7.53
8.2
10.02
12.66
5.14
5.82
8.91
6.58
8.46
11.1
14.71
12.32
10.21
8.54
13.17
13.67
6.01
4.85
11.1
5.31
12.61
7.73
14.26
8.85
8.24
10.58
6.75
5.09
14.04
9.01
6.77
4.63
7.28
6.85
8.25
8.17
16.22
12.28
13.82
6.86
8.47
6.62
14.75
6.63
13.89
11.51
10.09
12.45
11.79
13.7
8.48
6.76
7
21.16
10.43
11.55
13.15
12.26
6.22
7.26
7.06
11.99
5.85
14.99
13.81
10.7
10.01
12.83
7.96
9.53
6.67
12.06
14.96
8.42
5.75
15.55
10.93
10.5
6.11
7.46
8.55
13.43
13.18
16.13
9.06
8.02
9.72
7.31
8.29
15.37
8.05
6.1
10.1
8.29
13.42
8.08
8.32
5.89
6.4
6.85
8.1
8.13
10.31
9.57
11.15
5.07
9.41
8.21
5.94
8.1
15.5
5.72
10.15
4.76
9.86
11.44
8.02
8.43
7.08
13.62
7.03
9.26
6.15
13.09
4.57
11.23
8.28
5.81
9.42
11.27
11.86
7.94
11.59
10.71
16.64
7.97
10.22
4.66
5.89
5.42
6.02
11.79
7.1
9.82
5.96
4.7
12.04
9.44
9.27
13.62
6.26
5.11
9.21
8.91
5.9
7.57
9.88
6.67
9.51
8.51
11.03
8.24
6.94
6.37
7.27
7.22
10.45
9.58
8.91
13.1
10.55
9.04
6.48
7.08
12.51
8.4
8.52
7.42
8.49
10.91
12.76
5.72
9.38
7.38
10.38
4.96
18.02
13.07
7.25
11.66
7.11
11.31
5.66
5.42
10.7
14.9
10.57
11.25
5.54
6
7.92
6.31
10.58
12.6
9.73
7.98
7.18
10.1
6.45
10.27
7.62
6.22
5.44
4.74
6.27
6.84
6.94
7.03
9.48
15.29
5.66
7.33
8.15
10.28
8.16
5.03
8.62
7.42
8.48
7.38
7.66
4.85
5.13
10.16
9.34
7.09
6.74
8.48
10.09
5.35
6.83
14.17
9.46
10.07
7.48
10.37
8.5
9.27
13.76
13.41
7.69
8.33
13.09
8.99
8.87
13.79
9.17
11.64
16.77
6.67
5.56
10.78
9.73
7.82
7.77
10.42
7.47
17.1
12.84
9.65
12.42
9.5
13.91
8.54
9.21
12.99
8.52
8.38
12.62
12.76
11.09
8.15
11.43
9.43
8.81
8.01
8.49
13.64
5.17
6.8
4.94
5.76
9.98
11.93
9.68
9.63
6.06
11.13
4.47
15.05
10.7
12.95
14.56
8.3
8.77
8.33
8.72
10.92
11.06
4.7
6.32
8.81
14.95
9.73
10.51
10.9
6.38
6.15
5.12
11.25
7.74
10.42
4.4
9.22
10.22
6.25
9.96
6.4
11.13
9.07
11.17
7.51
11.75
11.45
8.22
11.91
12.54
8.16
7.02
8.33
8.66
9.8
14.11
10.9
12.05
15.57
6.39
6.89
12.17
5.19
9.69
6.73
6.28
7.89
7.36
5.43
9.19
6
9.14
6.28
11.22
8.88
5.86
9.8
5.66
8.6
6.73
12.81
8.92
8.37
12.22
5.8
6.01
5.11
7.45
10.03
11.13
10.59
4.88
8.31
7.73
8.48
6.31
6.15
10.32
7.96
5.69
10.46
9.75
8.13
8.55
7.52
9.36
7.39
5.66
8.32
13.29
8.74
11.25
8.85
7.55
8.76
5.6
10.24
6.69
9.77
7.23
9.07
9.55
8.56
5.74
7.56
12.1
6.14
9.57
7.98
9.3
11.51
8.23
8.85
7.32
8.73
8.98
5.69
7.71
8.26
6.83
5.71
9.34
15.2
12.15
10.07
15.29
6.88
7.42
5.15
7.73
11.97
9.07
14.11
12.17
11.26
11.71
9.83
8.93
9.97
13.2
10.08
6.84
9.82
9.59
22.33
6.62
10.44
8.31
6.11
11.03
8.54
5.55
12.3
11.3
10.56
14.85
6.49
7.79
8.91
10.91
7.24
9.32
7.68
25.12
9.26
6.94
11.9
9.53
9.01
10.09
7.14
12.74
5.12
8.56
5.56
9.45
8.11
11.29
12.18
13.53
8.31
7.25
6.74
5.1
11.98
11.6
6.11
11.11
7.47
7.79
13.25
10.5
10.63
10
5.28
7.23
6.45
9.71
8.41
12.13
9.21
8.46
8.05
11.85
8.1
5.84
5.19
5.98
10.36
8.93
7.93
10.01
8.95
5.66
5.16
6.22
5.72
6.61
7.46
10.8
14.72
5.42
9.77
8.3
11.74
7.98
7.68
14.54
6.01
15.78
15.9
13.49
10.86
6.33
9.11
5.17
6.07
14.8
18.42
13.28
14.6
9.49
16.21
11.31
13.23
9.13
13.66
5.38
12.69
5.33
10.65
9.57
9.56
12.14
8.8
6.62
9.94
5.77
5.94
6.02
6.71
6.47
9.95
8.78
11.7
6.02
10.72
17.37
5.19
12.47
10.95
8.34
6.46
5.15
9.38
7.29
8.6
7.62
11.37
8.45
14.25
13.27
16.48
6.18
7.55
8.46
15.66
10.73
7.17
8.34
5.52
8.49
11.91
8.26
9.31
8.12
25.17
9.92
6.55
6.3
5.76
10.47
11.54
5.88
8.79
7.44
6.39
10.79
9.3
10.92
7.08
15.02
9.76
6.23
6.94
6.8
14.55
4.62
8.03
10.2
8.35
9.88
14.79
13.91
8.13
6.85
6.59
6.13
6.41
8.63
9.14
9.84
7.78
10.46
6.77
6.41
10.22
9.75
7.19
6.3
13.15
8.16
5.97
6.58
11.71
7.97
7.9
5.48
8.99
6.1
6.68
10.9
6.81
5.69
11.49
8.64
14.98
7.83
4.9
5.7
5.84
15.61
9.07
8.55
5.65
6.56
9.97
6.88
8.54
4.79
6.21
10.43
7.01
6.75
10.09
7.98
9.2
9.87
6.76
10.24
5.48
12.63
10.72
13.45
7.58
12.57
6.51
10.23
8.05
11.97
10.52
10.18
8
9.34
8.03
13.66
14.18
5.97
9.57
11.41
8.76
10.16
8.63
6.46
9.01
7.34
8.55
9.2
6.54
10.19
7.34
9.27
6.6
15.36
5.46
5.14
7.76
9.9
11.62
5.81
10.54
10.27
10.3
14.98
6.09
6.18
13
7.77
14.06
7.93
7.48
8.16
14.58
9.94
13.56
8.16
10.22
8.89
11.88
9.29
10.15
5.9
13.32
6.29
10.09
11.55
5.53
5.15
7.35
6.42
5.85
11.94
8.59
9.44
7.86
9.03
8.5
9.72
3.51
5.23
11.26
8.18
6.53
5.64
7.75
3.53
7.08
3.91
7.29
11.08
9.46
5.19
4.85
4.34
6.86
4.79
7.25
4.12
4.55
5.18
9.71
8.04
8.25
11.78
5.97
6.69
12.29
7.79
6.92
5.83
4.66
7.37
10.99
6.4
9.56
6.87
7.58
6.61
8.49
4.5
6.65
9.92
8.89
12.49
7.36
6.88
6.45
5.03
9.48
11.56
7.16
10.43
6.78
4.83
4.86
5.4
8.95
8.23
5.14
5.56
8.91
12.77
4.03
11.01
11.62
3.78
3.73
4.15
15.51
7.2
9.88
10.3
6.31
7.98
7.01
9.58
12.2
10.64
8.98
10.06
12.78
6.84
5.96
8.4
4.3
3.84
9.57
5.75
8.06
4.92
4.16
3.57
7.38
6.11
3.92
6.07
6.76
3.68
10.11
9.79
7.16
3.67
7.91
11.39
6.29
4.37
8.3
9.73
9.2
5.79
6.56
5.45
7.95
3.66
5.29
5.36
4.63
5.57
7.94
6.11
6.41
6.91
7.32
3.68
5.83
6.63
6.4
6.76
8.21
5.08
5.05
10
6.12
7.07
3.87
3.83
4.94
5.68
5.36
3.67
12.17
9.4
8.46
5.35
9.34
4.09
6.46
5.3
4.29
5.73
7.45
4.33
8.02
6.68
6.6
5.82
6.59
7.33
4.78
4.32
4.67
10.38
10.35
7
4.58
7.9
8.43
9.38
8.44
9.38
3.75
12.74
15.12
4.33
6.2
10.94
5.06
9.14
5.56
10.19
3.97
9.6
4.04
6.73
3.9
4.38
4.88
10.22
4.12
7.33
5.86
5.69
6.48
24.35
5.29
6.7
5.13
8.99
4.38
8.12
4.77
7.88
4.17
9.6
8.96
6.13
12.01
6.54
6.01
5.76
5.21
4.71
7.25
6.24
10.66
6.53
11.26
10.37
5.72
11.46
5.62
8.66
5.16
3.6
6.94
6.9
7.44
3.99
6.88
8.73
7.22
7.04
6.19
5.6
7.54
10.29
10.24
8
3.92
4.16
12.47
10.71
7.95
3.8
10.82
5
7.69
5.36
17.41
4.74
10.22
4.13
8.27
6.28
17.72
5.01
7.28
5.22
6.92
9.37
13.68
4.72
5.2
13.64
6.87
3.8
8.23
10.58
6.23
8.72
7.48
11.93
6.53
8.54
9.72
12.18
6.98
8.45
4.68
3.84
6.87
7.08
10.64
7.87
5.97
3.78
4.07
4.99
7.63
4.47
10.97
5.26
6.17
6.89
8.79
6.53
9.26
6.44
7.27
5.15
8.91
9.05
7.02
5.39
6.04
6.27
6.73
7.27
10.04
5.27
10.34
4.42
3.82
6.85
6.19
4.7
11.46
3.51
4.29
5.21
4.71
4.88
4.48
6.46
4.85
4.9
3.77
3.45
4.59
6.83
6.5
3.34
8.48
9.69
4.95
8.84
10.84
4.85
7.15
5.59
10.7
8.12
4.11
8.34
4.96
6.97
9.33
3.8
8.05
5.35
9.42
8.68
5.57
9.4
11.04
5.58
11.25
7.07
10.38
12.97
13.09
5.95
5.02
7.7
3.8
3.31
4.48
7.46
8.84
4.86
6.67
3.69
14.51
7.71
10.27
9.01
13.1
12.4
4.84
7.66
5.53
8.58
8.59
8.22
4.55
8.65
3.72
7.87
5.76
7.26
12.85
10.12
8.96
6.47
36.86
9.55
8.56
4.41
4.36
4.09
5.87
9.49
10.2
8.26
8.05
9.41
3.39
8.13
4.64
5.01
3.23
5.38
12.82
4.9
7.84
6.3
9.69
8.35
8.94
6.23
8.21
6.96
5.56
3.64
8.74
9.24
10.52
4.85
5.29
6.41
5.8
9.94
5.52
6.78
6.67
11.07
9.67
4.97
4.3
8.24
6.64
4.86
8.19
4.31
10.32
8.42
7.9
4.31
7.26
4.21
8.29
5.48
4.75
7.87
6.24
7.39
6.46
8.94
8.22
8.82
5.56
8
7.59
8.98
6.96
11.61
10.54
4.14
6.52
4.15
9.49
7.24
8.42
5.31
5.03
7.3
6.66
3.95
5.4
4.29
7
8.99
5.18
9.58
11.21
6.16
6.94
5.24
6.87
6.27
4.19
8.49
6.42
4.19
6.34
4.6
5.69
10.5
11.87
6.42
6.92
6.33
12.15
3.52
9.44
6.82
9.6
8.63
8.05
5.46
6.02
7.18
5.42
5.16
10.96
9.77
10.2
7.33
6.98
10.16
10.87
6.06
9.7
12.96
6.13
9.34
9.98
7.69
6.84
7.63
4.09
4.08
11.21
4.02
4.51
4.49
9.39
5.21
6.58
5.85
6.03
7.13
4.7
4.77
6.75
4.83
7.41
9.85
4.09
4.06
7.46
7.75
4.01
7.59
5.34
8.75
5.88
4.4
5.2
7.63
3.53
3.99
4.94
4.28
4.98
4.83
6.41
4.58
9.15
6.79
9.76
6.83
7.58
7.35
5.41
11.13
6.26
3.82
4.71
5.43
6.21
7.43
7.23
9.56
14.74
7.03
3.49
13.49
7.56
5.81
4.35
5.23
3.49
3.7
7.49
6.89
10.48
3.24
10.33
8.45
10.89
6.66
7.18
6.36
9.15
10.6
3.49
5.44
4.48
8.02
6.62
6.46
6.38
9.82
8.42
3.74
6.89
6.39
4.51
3.48
6.71
7.57
5.49
12.45
6.2
9.38
7.76
7.83
9.59
4.63
8.75
4.51
4.64
4.64
5.62
11.85
4.4
5.94
10.54
4.26
4.05
5
6.75
9
8.49
6.31
9.28
3.49
6.27
4.12
6.68
10.49
6.22
6.29
6.79
7.53
6.57
5.12
3.98
6.68
4.74
6.1
6.9
4.43
9.86
6
4.86
4.05
5.86
4.36
8.44
10.07
3.39
3.49
3.32
4.82
6.79
6.41
6.21
3.91
7.79
7.18
8.25
4.52
8.76
4.4
3.69
5.63
8.56
4.72
4.72
6.27
7.36
7.84
3.67
6.37
7.55
4.3
5.28
6.14
12.99
5.38
4.66
3.76
8.24
8.58
7.18
8.46
5.41
11.51
4.45
4.67
10.67
4.5
9.04
3.6
6.21
6.5
4.94
7.77
4.3
7.72
9.05
3.79
3.93
4.34
10.18
9.15
5.35
4.46
10.39
4.25
7.6
7.16
7.72
4.82
3.93
7.07
4.33
4.29
13.53
4.61
11.13
7.68
14.88
4.03
6.62
10.33
5.93
3.6
4.72
3.88
14.61
8.32
8.87
7.22
4.48
8.33
9.51
4.45
7.72
12.22
5.08
11.05
4.28
8.33
13.23
7.23
4.55
6.14
8.52
6.4
14.81
10.22
6.73
3.68
4.09
4.86
3.37
6.01
12.93
4.15
4.63
3.34
4.55
3.94
4.53
9.86
4.72
4.65
8.82
4.02
12.22
12.1
8.98
11.21
6.09
3.45
6.55
4.3
10.18
6.08
6.72
5.73
7.38
8.29
4.11
4.19
5.28
7.89
8.92
4.13
11.91
3.23
9.46
7.82
4.12
5.09
6.02
8.84
9.91
6.84
8.06
8.15
5.02
8.63
8.48
6.84
4.03
10.88
7.41
3.2
5.2
5.39
7.05
5.07
4.83
7.39
10.37
4.37
3.79
10.07
6.85
9.12
6.91
10.42
9.92
9.17
7.9
13.43
7.83
3.59
3.74
4.75
5.71
9.34
3.48
5.12
4.73
7.72
10.45
5.87
9.48
9.58
6.31
11.67
7.61
5.63
7.99
4.24
6.34
6.04
7.36
6.05
6.51
8.94
8.58
7.92
7.06
8.7
3.61
6.85
8.94
4.54
10.91
9.24
11.31
4.81
10.74
4.1
7.2
8.84
8.09
7.68
6.94
3.95
4.28
6.47
9.7
11.39
3.57
6.95
6.64
6.32
10.04
10.17
11
10.91
8.32
10.06
7.97
9.57
9.15
4.47
10.02
8.54
3.03
12.36
8.84
8.82
5.84
6.92
4.67
10.59
9.6
8.14
4.11
6.85
3.99
3.15
7.15
8.53
3.83
4.45
8.54
7.81
11.07
4.61
3.6
4.81
6.3
6.31
5.65
6.59
3.67
3.19
4.21
6.57
6.73
7.72
11.02
7.28
8.29
8.3
16.12
4.15
6.46
8.34
3.64
3.51
3.94
8.12
5.29
4.77
3.66
5.64
4.98
4.35
6
7.14
7.29
4.88
5.15
7.4
5.65
4.46
6.91
7.7
9.07
8.38
7.01
7.98
7.41
11.97
8.22
7.17
4.62
7.98
3.51
3.84
7.62
11.13
6.55
4.82
4.25
4.94
6.38
4.49
3.66
10.29
10.98
8.9
7.6
6.54
8.67
5.45
7.09
5.76
10.41
7.03
7.13
3.3
8.85
4.43
6.26
8.14
7.78
8.98
7.83
9.12
9.89
3.94
5.8
8.67
7.98
3.53
5.69
7.66
9.93
7.08
4.09
13.49
4.13
4.58
4.44
5.72
4.17
8.61
6.59
5.4
6.09
6.15
8.62
9.85
8.86
11.03
3.81
4.01
3.95
7.49
6.65
9.71
5.77
4.28
6.88
3.8
10.54
5.87
6.83
3.62
10.42
8.75
8.93
6.09
6.42
10.72
3.95
3.71
9.07
5.79
6.25
7.52
10.76
5.65
5.96
12.15
3.93
6.31
5.01
4.78
9.39
12.08
6.38
6.05
11.03
7.22
8.76
7.84
10.34
5.37
4.55
4.46
7.75
4.81
6.54
6.37
11.7
5.04
7.39
6.64
8.88
3.93
11.11
14.69
8.54
7.01
9.8
10.15
7.03
10.88
13.29
8.48
6.93
9.39
11.03
12.42
6.27
10.75
9.81
6.46
7.29
4.18
6.19
11.08
6.33
11.53
10.23
5.48
10.29
15.64
6.08
3.99
8.78
8.71
4.03
6.84
8.29
11.07
8.1
6.15
13.22
4.03
5.97
4.33
7.99
7.15
3.4
4.52
9.21
5.5
9.09
4.74
13.71
10.94
7.71
4.19
7.49
8.47
4.09
8.36
7.35
3.37
7.02
9.44
4.99
8.54
7.35
6.22
6.66
4.39
6.88
9.55
11.49
12.03
4
4.99
6.05
10.24
4.27
8.24
5.66
5.66
11.68
5.27
4.93
13.72
7.73
8.2
12.52
10.61
7.62
6.29
9.54
7.97
14.13
5.93
5.69
7.74
11.11
9.39
5.29
7.18
10.24
7.44
3.97
5.86
7.62
4.71
10.34
3.39
8.59
9.57
9.26
12.02
6.33
4.19
9.6
8.34
6.42
6.38
9.64
9.59
7.31
4.57
4.85
5.74
4.04
6.91
7.96
7.62
4.72
9.85
4.28
6.94
4.12
5.69
4.03
5.52
7.21
7.84
5.12
4.75
7.16
6.02
9.33
4.39
10.28
13.45
6.38
4.52
11.45
8.84
5.31
4.43
6.83
10.99
8.73
5.62
7.42
4.29
11.98
7.68
8.77
8.39
8.07
4.35
5.08
8.17
4.89
8.12
10.88
7.31
10.83
7.44
9.87
6.97
6.37
4.12
12.87
9.4
3.76
7.29
10.05
3.97
4.06
6.66
7.39
4.47
12.32
11.11
3.57
6.79
9.67
7.65
8.17
8.96
7.04
5.31
5.28
7.31
6.94
6.59
8.58
4.98
8.54
6.15
8.02
7.59
4.05
8.89
7.2
5.57
5.87
10.43
9.42
3.67
8.64
3.67
9.41
4.07
9.39
6.89
6.98
3.93
7.66
4.34
12.09
3.9
12.61
6.7
4.76
3.45
5.47
4.37
9.45
13.21
5.56
4.22
3.5
8.04
7.06
8.83
4.17
8.49
4.22
5.49
15.94
9.88
9.1
7.9
7.01
5.15
5.94
10.45
4.39
6.35
4.03
5.8
10.38
5.96
4.59
5.56
3.72
8.15
5.15
7.16
8.91
6.81
6.04
6.01
10.04
7.96
8.57
9.07
4.74
5.31
3.9
5.67
7.2
6.04
5.13
8.01
8.8
4.95
3.95
5.62
4.25
3.54
4.53
6.87
7.53
4.88
4.19
8.06
7.16
6.39
4.48
10.01
9.02
3.94
4.4
3.76
7.51
3.61
3.81
9.59
3.86
4.75
4.37
11.93
4.37
4.35
8.67
4.32
6.92
7.88
6.81
5.51
5.5
5.68
10.12
6.41
9.79
7.99
7.5
13.31
7.36
6.43
8.34
7.67
5.62
6.36
5.28
4.05
5.76
6.75
6.61
4.39
4.82
6.67
6.38
8.27
3.93
7.09
6.56
6.42
6.61
4.14
4.24
10.76
8.22
8.48
7.11
5.67
9.91
8.96
4.85
3.87
8.47
8.39
3.53
3.45
6
14.48
8.48
6.71
12.97
11.7
8.17
4.56
5.76
4.08
6.84
7.23
8.2
3.94
7.7
5.95
11.73
10.12
9.08
7.43
4.37
3.23
9.98
7.66
11.97
13.87
6.12
6.71
9.86
7.81
7.16
6.77
3.79
4.24
4.58
4.37
5.3
4.03
4.02
11.4
9.77
8.99
11.31
6.31
11.11
3.74
8.07
10.8
9
5.88
12.87
7.77
4.08
6.44
11.28
13.4
3.43
6.95
3.39
8.66
4.14
3.75
7.38
5.27
7.04
4.15
7.95
9.67
5.95
5.02
3.83
8.31
6.85
6.82
5.88
4.57
4.69
6.22
5.13
7.87
6.35
4.38
11.67
8.67
5.35
13.06
9.24
6.97
4.94
11.77
7.31
6.38
7.08
10.13
5.26
5.38
11.26
5.78
7.42
6.34
6.47
6.52
6.41
4.34
9.2
9.48
3.47
10.06
5.01
4.98
9.79
6.24
8.22
3.91
6.62
8.74
8.78
10.85
12.39
9.02
4.69
6.53
8.56
3.67
5.25
7.41
5.36
12.24
4.24
12.04
4.11
5.28
6.39
7.13
5.17
8.56
5.97
9.53
7.05
6.36
4.17
5.63
14.04
4.75
9.07
10.7
4.82
9.46
8.32
7.76
8.19
4.47
10.11
4.52
7.64
11.11
7.23
5.01
9.45
13.16
7.41
8.07
7.17
5.73
9.62
3.45
6.12
6.53
5.32
3.73
12.29
5.31
5.52
4.71
5
3.9
6.64
6.88
5.68
12.05
6.69
8.63
6.35
12.2
7.24
5.92
7.95
10.86
8.48
4.22
6.84
10.43
4.95
6.11
7.86
3.61
6.47
7.09
9.19
4.79
7.44
3.93
7.16
11.81
6.89
5.1
9.69
5.2
4.02
8.64
4.87
9.53
5.7
5.24
5.38
9.03
10.81
8.18
7.44
6.44
10.37
5.36
4.53
5.2
4.44
8.1
3
10.75
6.55
4.71
4.65
4.78
12.78
4.78
6.16
3.65
3.33
11
5.89
4.03
7.8
5.11
4.25
9.99
3.53
8.16
5.64
9.05
9.09
5.24
8.13
7.01
15.9
9.55
5.44
6.85
5.56
11.99
7.16
5.45
6.41
12.51
5.02
11.03
7.22
8.1
3.17
5.79
3.63
8.22
8.99
8.36
7.88
10.19
5.17
5.65
4.57
13.31
12.88
3.59
5.38
4.9
6.42
8.96
12.88
10.05
11.47
10.4
5.23
7.62
9.67
6.46
10.48
7.75
11.64
6.37
5.66
5.32
6.63
6.04
7.05
9.25
7.92
7.03
8.34
3.5
4.31
9.14
10.01
3.53
11.97
4.41
10.65
5.05
7.08
5.26
6.79
7.05
7.74
8.85
7.33
3.89
8.64
9.6
9.68
9.66
7.82
10.6
9.63
3.58
10.41
8.11
11.31
6.12
5.51
4.91
6.58
6.12
7.74
7.73
8.1
4.3
3.71
6.16
6.49
9.93
4.31
11.45
6.95
6.07
11.1
7
3.7
4.67
6.78
4.85
7.31
4.46
10.63
7.7
5.08
4.55
5.42
5.34
4.71
8.38
13.47
11.06
6.25
11.74
6.65
7.26
5.52
8.19
8.49
9.97
8.12
6.97
10.3
5.63
5.75
4.29
9.04
7.63
3.97
4.89
11.89
5.75
4.48
4.19
3.92
8.33
3.72
8.24
4.94
4.34
3.96
7.15
4.17
7.05
10.82
3.43
4.58
7.92
8.1
7.01
9.22
10.38
6.36
7.27
7.94
9.46
4.67
5.64
5.66
5.08
4.16
9.29
7.88
6.78
4.97
9.68
7.89
9.55
7.09
9.24
8.86
13.21
5.37
6.15
4.05
7.53
9.9
6.78
4.34
4.39
6.1
6.72
3.99
4.59
12.49
10.55
9.11
7.55
4.41
8.39
4.59
5.11
6.31
12.83
8.47
7.56
4.87
12.06
5.72
6.38
8.92
6.37
9.02
5.15
14.92
3.8
9.28
4.08
7.4
4.81
7.71
3.33
9.43
4.37
9.51
4.6
13.2
6.46
6.87
9.08
9.31
8.44
4.39
4.09
8.77
3.91
6.56
6.91
6.07
4.98
5.65
9.53
7.86
11.34
5.29
5.08
4.24
8.14
5.7
7.7
13.69
8.56
9.86
4.28
5.18
4.44
10.6
4.86
3.66
8.2
3.6
4.63
8.19
10.06
3.49
4.28
3.94
7.79
4.27
4.1
8.25
5.71
8.78
4.59
8.01
6
4.36
6.56
5.42
5.19
11.32
7.83
5.13
5.64
6.6
4.83
13.17
9.59
6.44
6.01
4.22
3.59
4.2
9.95
4.73
23.03
4.6
6.93
8.68
7.33
5.98
8.25
4.4
7.4
3.61
10.07
10.01
6.14
4.82
6.28
4.03
4.6
7.17
6.82
3.86
6.91
4.37
6.43
3.6
6.18
9.5
11.52
7.65
6.99
5.72
4.61
5.92
7.74
3.63
7.78
5.87
8.05
10.07
7.25
10.07
10.53
4.92
5.88
6.25
8.16
4.49
9.14
7.38
5.37
9.18
7.79
4.38
3.94
8.61
4.89
8.84
4.21
4.55
8.34
7.49
7.13
8.18
8.47
9.11
8.43
10.72
4.17
6.71
6.29
10.67
4.81
8.07
8.69
6.59
7.11
7.44
8.31
13.21
4.89
7.54
5.16
10.05
9.42
6.9
11.43
10.75
7.16
3.31
5.53
11.4
10.95
10.43
6.58
6.5
9.51
7.39
5.41
3.87
5.1
9.11
13.2
5.63
4.64
4.17
4.98
4.32
9.17
3.41
8.8
10.3
7.05
9.39
6.31
6.01
8.21
7.42
3.67
3.48
7.52
5.07
4.89
10.59
6.98
9.29
4.29
4.14
6.93
4.83
6.3
3.84
9.19
4.2
12.81
8.65
7.19
9.5
6.45
4.61
7.09
3.68
8.03
8.72
10.78
6.12
3.95
12.3
10.38
4.18
4.29
6.09
6.58
7.72
6.34
3.44
6.19
8.36
10.76
9.33
5.34
4.2
5.8
7.79
7.73
5.42
9.22
7.19
7.01
9.33
11.15
6.32
8.86
11.34
6.81
5.59
12.15
10.33
8.6
7.89
6.16
9.28
6.36
7.05
6.91
7.84
10.32
9.76
9.84
7.73
7.11
7.05
7.04
7.44
5.43
5.32
6.54
11.78
8.54
5.55
4.88
7.99
8.31
14.44
6.19
8.78
9.06
6.25
6.56
6.35
7.68
9.46
6.14
7.81
4.55
5.16
4
12.24
5.94
4.57
7.44
5.88
7.12
10.9
11
9.09
6.77
6.03
4.32
4.4
7.98
7.95
7.92
11.14
6.43
7.22
5.9
4.67
8.48
3.52
4.68
4.29
7.53
5.84
9.65
4.52
4.4
4.61
3.68
4.12
3.25
3.76
8.39
5.29
9.77
8.06
8.77
8.3
10.42
8.65
12.3
8.72
11.29
12.65
3.53
7.15
9.21
4.7
7.77
4.23
7.6
8.92
13.72
4.09
8.97
3.81
9.59
9.91
4.63
9.14
4.39
7.78
7.18
7.33
11.86
6.33
6.39
7.35
3.93
4.82
7.72
8.25
7.51
6.21
5.73
12.34
5.73
13.08
10.92
3.81
6.18
10.2
8.82
6.77
5.95
6.12
12.54
6.71
4.28
6.34
11.2
10.32
11.3
8.26
7.61
7.85
11.4
6.08
7.34
8.61
3.75
4.92
6.55
3.53
7.21
4.5
6.95
10.38
8
5.22
6
3.86
9.53
12.32
7.48
3.56
4.72
4.55
10.39
6.22
14.91
8.56
3.98
5.09
7.85
8.53
10.94
7.35
6.42
4.46
4.11
6.85
5.09
5.51
3.14
4.2
7.03
4.74
4.19
7.05
10.36
12.27
4.95
8.16
3.67
5.63
3.94
6
10.27
8.78
6.8
7.1
4.75
3.99
5.75
5.55
14.32
12.17
5.57
7.41
9.91
10.15
7.47
6.98
9.06
4.74
8.91
8.11
4.66
8.39
3.61
4.13
7.54
8.12
4.69
4.83
7.56
8.34
3.36
6.53
5
8.66
3.22
6.36
12.61
10.54
3.9
9.07
8.25
7.12
5.39
8.7
11.1
7.11
2.52
6.3
5.21
4.44
2.48
2.21
3.49
5.52
2.73
2.88
5.91
5.02
2.05
6.95
2.68
6.09
2.74
5.23
7.46
3.37
4.2
3.49
3.14
2.48
3.46
5.65
5.47
2.87
9.73
4.75
3.49
2.42
2.74
4.45
3.04
3.11
4.66
3.37
4
3.17
5.38
2.59
2.27
4.31
3.45
4.44
5.31
7.34
4.76
3.97
3.19
3.15
6.78
3.29
5.84
3.08
6.29
3.13
2.48
2.37
5.73
2.33
2.25
7.57
3.1
10.55
23.31
3.54
8.27
6.02
5.38
3.47
5.98
9.27
2.58
3.51
4.04
2.57
2.36
4.05
3.71
2.37
4.84
2.98
2.7
2.41
3.71
2.73
7.42
9.24
6.11
9.99
5.51
2.23
5.59
2.5
4.69
5.26
6.83
11.31
2.94
3.45
2.66
6.99
3.37
2.82
4.77
6.31
2.12
3.3
4.58
4.93
3.15
2.72
2.98
3.78
2.97
2.85
5.05
5.05
2.74
2.32
5.59
6.02
6.65
2.8
4.82
7.14
6.14
1.65
5.19
1.05
5.49
5.41
1.13
4.68
3.39
1.91
1.48
1.05
4.16
4.04
1.38
3.47
1.02
2.09
1.78
1.05
4.07
4.35
1.27
1.28
2.76
4.64
1.43
4.86
1.66
1.77
1.54
1.1
1.27
1.78
1.84
5.83
1.11
1.64
1.7
1.33
3.55
1.99
5.15
7.65
3.86
1.16
1.55
6.59
1.24
1.81
1
1.49
6.7
3.88
1.46
1.08
3.61
1.38
1.31
1.5
5.25
3.27
2.51
4.19
1.49
1.68
1.21
1.77
3.76
4.77
1.71
2.49
3.84
1.2
1.94
2.14
2.5
2.39
1.19
1.51
1.88
1.25
4.58
1.66
1.56
1.26
2.01
1
1.08
1.48
9.07
1.1
1.47
4.99
7.14
6.46
7.4
1
6.9
2.35
1.64
4.78
6.63
1.29
1.49
5.21
1.79
1.21
6.28
1.73
1.65
1.01
1.03
4.38
4.65
1.45
6.63
1.46
1.71
4.74
1.07
4.78
1.22
1.47
1.07
5.05
1.13
3.71
5.89
1.02
1.52
1.6
2.25
3.19
1.87
1.97
1.92
1.1
1
5.81
1.51
5.4
1.18
3.88
1.88
2.28
1.34
6
3.83
2.28
1.55
5.93
5.35
4.74
1.27
1.03
1.01
1.46
1.13
1.77
2.16
1.41
1.33
3.09
5.38
1.02
1.47
2.25
4.09
6.28
1.1
1.31
1.52
4.92
4.63
2.94
2.46
4.4
1.25
1.82
1.07
1.02
1.97
1
1.97
1.42
4.69
4.98
4.36
2.31
1.46
1.07
1.77
4.11
4.65
3.04
1.55
5.77
1.13
5.57
5.72
2.09
2.26
1.07
3.27
1.84
1.13
5.09
4.1
1.14
1.62
1.92
1.46
2.61
2.99
4.65
1.53
2.53
4.86
1.6
1.27
1
1.14
5.03
1.81
1.73
2.16
1.23
1.33
1.04
1.72
2.11
3.13
1.59
2.8
1.26
1.84
3.12
1.61
1.42
2.85
1.79
1.1
4.46
1.75
1.29
2.36
1.36
1.84
1.75
1.47
5.98
1.79
2
1.96
1
1.56
1.03
1.93
1.8
1.37
1.05
1.27
1.31
1.07
1.15
7.37
1.66
2.1
2.18
4.66
7.54
1.28
1.62
2.04
4.7
1.15
4.78
5.85
1.01
4.33
1.34
1.8
1.89
1.29
3.75
3.41
1.69
1.04
1.03
5.13
1.09
3.48
1
4.75
5.86
4.31
4.96
7.11
5.16
5.99
1.72
1.53
2.57
3.62
1.15
1.03
1.07
1.61
1.06
1.64
5.81
4.61
1.88
1.09
6.49
4.4
1.21
1.22
4.2
1.78
1.04
1.47
3.51
1.84
2.14
4.46
5.6
1.16
5.97
6.15
1.57
5.09
4.61
1.26
6.57
5.1
4.02
2.14
2.16
1.2
1.95
7.23
1.54
1.22
3.08
1.02
1
1.72
2.26
1.89
1.83
2.13
4.95
5.2
1.96
5.33
4.73
1.08
1.37
1.52
1.18
1.24
1.46
1.65
1.25
3.96
4.83
4.88
5.73
2.23
1.95
1.36
3.92
1.22
1.34
2.31
5
1.85
2.44
4.47
3.78
5.12
1.28
5.89
1
6.47
3.29
1
3.25
2
3.74
4.36
1.25
1.64
4.08
1.65
1.03
1.21
6.61
6.71
1.28
1.52
1
1
1.87
5.34
6.63
4.55
1.03
1.19
1.34
1.63
6.37
3.37
4.31
4.73
1.19
1.12
4.33
1.02
2.21
1.68
1.69
1.98
6.58
5.19
4.09
1.86
5.81
1.51
5.2
3.61
1
4.19
8
4.2
1.05
1.64
1.55
1.57
1.56
1.2
1.53
3.27
1.7
1.03
4.15
1.5
1.55
1.95
1.97
1.52
5.02
1.11
1.28
1.48
1.03
1.09
5.64
1.1
1.02
4.24
6.86
1.81
1.08
1.03
1.82
1.38
5.14
3.28
4.42
1.2
1.11
5.49
2.29
1.22
5.18
3.97
1.41
4.39
1.32
1.26
1.44
2.86
1.04
1.34
3.21
1.05
1.93
4.4
1.2
1.47
5.8
1.17
4.04
1.53
2.32
1.77
1.06
1.05
4.05
2.54
3.66
6.26
4.71
1.38
1.22
6.2
1.94
1.01
7.15
2.95
2
1.2
4.69
3.94
2.05
3.83
4.4
1.22
5.82
1.4
2.48
2.05
1.46
1.74
1.9
1.58
1.68
1.91
1.65
1.57
1.02
5.58
3.67
1.73
1.3
1.59
1.86
1
2.21
4.81
1.92
1.45
1.03
1.03
5.38
5.97
7.16
4.2
1.1
1.44
6.45
1.42
3.03
1.88
4.33
3.4
5.88
1.11
4.23
1.75
1.37
1.5
1.75
1.29
3.56
1
1.92
1.4
7.18
1.87
1.03
1.4
1.21
7.46
1.81
2.3
1.64
1.64
1.17
5.17
1.44
2.16
1.82
1.3
1.45
1.17
4.3
1.02
4.46
1.38
2.66
1
4.22
2
4.05
4.61
5.1
1.09
1.51
2.81
4.82
1.4
1.12
1.22
1.54
2.44
1.67
6.3
1.56
2.47
1.13
2.08
3.91
1.19
5.64
1.01
1.23
1.37
1.31
1.05
5.94
2.22
1.28
1.34
1.07
1.02
6.19
1.59
4.89
5.15
1.24
4.44
1.11
2.72
2.36
3.5
1.05
1.15
2.37
1.59
1
5.58
1.03
5.36
2.97
4.16
1.25
1.92
1.56
1.45
1.14
2.45
5.16
1.26
1.46
2.12
1.01
4.5
6.5
1.44
1.41
4.22
1.04
1.19
1.35
1.03
1
1.13
5.39
1.22
5.02
4.77
4.81
1.85
1.4
6.21
1.36
5.6
1.13
1.47
6.28
1.62
2.11
2.03
4.08
6.12
1.5
1.71
4.97
4.63
2.38
1.18
1.33
1.06
5
1
4.97
3.14
1.51
1.46
1.59
5.69
1.75
1.19
6.37
2.13
1.2
7.17
1.03
5.07
1.73
1.98
1.29
1.27
4.34
2.3
4.16
4.42
3.28
4.74
2.33
1.01
1.03
1.07
1.01
3.69
1.01
1.28
4.02
1.48
5.04
4.56
1.2
2.01
1.22
2.57
1.06
4.04
1.03
5.8
4.8
1.03
1.78
6.06
3.35
4.71
1.78
1.54
2.31
1.76
1.28
1.38
3.84
1.33
6.7
2.32
2.42
2.46
1.35
3.38
4.73
1.09
1.1
1.79
2.21
5.44
1.72
1.11
1.95
1.49
1.3
1.71
1.96
1.47
4.73
1.58
4.26
1.12
5.15
1.4
2.25
1.69
6.11
1.37
1.1
2.17
1.55
3.34
1.37
1.66
1.22
3.52
3.99
2.85
1.18
3.94
3.35
1.68
1.46
1.47
5.77
1.38
1.23
1.67
1.52
3.57
1.51
3.84
1.09
1.07
1.11
1.23
5.7
3.37
1.46
1.72
1.45
1.32
1.52
1.98
1.76
5.11
1.94
1.25
1.17
1
4.18
1
1.53
1.73
4.31
2.35
1.83
6.46
1.65
1
2.46
1.96
1.06
3.09
4.53
1.06
1.27
1.26
8.21
1.06
6.71
1.09
2.11
5.31
1.01
1.1
1.25
1.61
2.41
1
1.75
1.87
2.9
3.91
5.54
3.29
5.68
1.28
1
1.41
2.1
3.24
6.83
1.4
1.08
4.3
1.13
1.11
4.06
1.51
1.67
4.96
1.17
1.31
1.34
1.52
2.04
1.06
7.08
5.22
1
1.76
2.43
1
2.79
1.05
8.61
5.99
6.37
1.85
1.48
2.8
1.58
3.59
1.3
1.14
1.06
4.81
5.36
1.85
1.39
1.92
2.86
1.21
4.29
1.44
1.13
1
1.34
6.41
2.91
3.77
5.92
1.53
1.78
4.19
1
6.95
1.13
4.66
1.01
1.31
5.04
1.65
1.08
1.21
1.47
1.21
2.63
4.86
6.68
4.01
1.52
5.33
1.31
1
1.03
1.67
7.35
1.53
7.41
1.94
5.22
4.63
4.55
2
1.7
4.07
1.89
6.36
1.38
1.56
1
1.08
4.1
1.69
1.45
5.04
1.45
1.09
4.52
1.91
1.11
1.21
1.01
4.61
5.78
4.97
1.58
1.13
1.5
1.4
5.47
2.47
3.84
1.1
2.99
4.65
2.22
1.69
1.55
1.2
4.67
5.95
5.18
1
1.43
4.14
1.09
3.05
1.88
1.01
1.05
1.25
1.76
4.85
1.12
4.6
1.31
6.14
2.07
2.4
4.4
2.03
1.66
1.09
1.2
3.1
4.56
3.76
6.27
1.66
1.29
1.88
2.34
5.73
1.53
5.42
1.23
1.58
1.48
5.23
1.41
1
7.58
5.72
4.67
1.51
4.34
1
3.41
1.48
1.04
1.51
1.73
3.1
1.44
7.42
1.32
4.39
1.39
1.16
4.37
1.6
1.1
5.77
5.6
4.86
2.4
1.85
1.51
1.21
1.25
1.34
1.02
4.52
3.59
1.65
1.8
1.28
1.49
1.35
2.45
4.7
1.61
4.92
4.23
1.94
5.69
1.5
1.67
1.67
1.27
1.25
1
1.94
1.42
1.45
2.22
2.25
1
2.17
1
1.39
5.84
4.83
2.92
1.06
1
1.78
1
1.5
1.66
2.51
1.26
1.07
1.38
1.33
1
1.29
6.04
6.26
1.26
5.72
1.44
4.23
4.66
1.32
1.82
1.27
1.45
1.75
1.4
1.89
1.1
1.18
2.21
1.44
1.2
1.51
1.6
1.08
5.74
3.97
1.21
1.16
1.18
1.6
5.09
6.73
1.56
2.19
1
3.89
5.04
1.64
6.47
1.8
4.59
3.3
4.53
1.48
6.53
1.15
1.55
3.76
1.54
7.6
1.51
6.24
3.44
1.04
6.18
6.13
1.53
5.33
1.4
1.24
1.36
5.11
6.88
2.22
6.61
1.67
5.33
6.76
5.33
1.95
4.44
2.08
1.37
2.11
1.19
6.42
1.53
5
5.15
4.22
3.86
1.21
3.89
3.8
1.17
1.1
4.11
1.17
1.05
1.23
1.48
2.37
4.82
1.59
1.71
5.94
1.13
5.09
5.44
1.89
1.78
6.08
1.29
1.57
1.24
4.7
1.05
1.82
6.95
6.26
2.11
1.5
2.01
1.02
5.05
1
5.62
1.09
1.51
6.69
1.36
1.04
1.38
1.51
5.75
4.62
3.29
1.74
6.67
1.02
1.51
1.69
5.34
1.61
1.27
1.37
6.3
6.21
5.42
2.49
1.37
2.05
1.06
1.53
1.66
1.03
4.2
1.48
2.3
1.91
1.45
5.61
1
1.01
3.24
3.06
1
1.72
1.87
1.3
5.03
1.75
1.16
1.68
1.2
3.3
1.51
2.42
1.73
2.01
1.57
2.16
1.08
1.29
5.52
4.66
4.08
1.09
1.49
3.24
2.66
1.2
1.11
2.89
1.7
4.6
3.29
1.38
2.65
1.4
4.37
6.15
1.34
5.3
6.16
2.71
6.41
1.3
2.44
9.99
1.61
5.26
1.46
5.88
1.1
1.98
1.4
6.38
1.03
1.92
2.41
2.17
1.45
1.68
1.31
1.42
5.79
3.99
2.49
4.85
1.46
5.42
1.81
1.54
1.53
3.26
4.48
4.55
2.69
5.41
1.17
1.11
4.22
4.84
4.11
1.42
4.17
1.8
1.09
1
1.31
1.4
1
1.66
1.29
1.62
1.99
1.57
1.67
1.42
1.45
1.57
1.56
1
1.41
1.19
1.66
5.58
1.26
1.69
1.55
4.15
1.18
1.01
1.25
6.32
5.73
2.1
1.49
4.35
2.81
2.96
1.6
1.36
4.47
1.46
1.31
1.82
1.15
5.98
5.98
4.37
1.05
3.73
1.3
6.26
1
5.09
4.97
4.75
5.84
2.77
1.86
2.38
4.49
5.8
5.23
1.68
2.79
1.68
1.22
1.23
1.02
3.05
1.05
3.6
3.32
1.06
1.48
1.63
1.38
1.15
5.65
1.52
2.51
1.07
4.08
4.32
1.91
1.48
4.76
1.37
1.43
6.74
4.87
1.31
2.02
1.04
1.05
4.68
4.67
4.94
3.78
1.49
1.48
5.55
2.26
1.17
4.55
1.69
5.29
5.98
1.57
1.73
1.93
4.09
5.73
1.23
1
1.8
4.17
1.51
4.82
1.94
1.03
1.44
1.74
2.09
1
1.43
1.21
1.1
1.46
1.43
1.39
2.87
1.5
5.37
2.29
1.1
1.29
1.7
1.61
1.5
11.05
1.18
1.48
4.05
1.01
6.74
1.57
3.41
3.5
1.9
1.44
1.61
1.36
3.36
1.33
2.11
5.11
1.33
1.67
1.49
1.04
1.19
1.48
1.07
4.74
6.39
3.8
1.73
1.01
1.89
2.25
6.35
4.21
1.86
4.54
4.61
1.65
1.04
1.82
5.13
1
1.64
1.79
1.4
1.19
1.23
5.78
1.26
2.15
2.93
1.05
1.84
3.38
1.03
1.41
1.71
3.86
1.03
1.53
4.96
1.32
1.15
1.09
6.43
5
1.29
1
1.92
1.45
2.48
4.76
1.07
1.66
6.34
1.35
6.17
5.21
4.56
1.25
2.4
1.86
1.42
1.16
4.57
1.14
1
1.05
5.55
1.05
1.85
2.01
6.24
1.48
1.11
1.27
1.06
1.91
1.69
5.13
3.6
1.68
1.47
5.7
5.08
1.14
5.14
1.33
1.08
5.97
4.56
1.35
1.45
4.68
2.76
1.52
4.17
4.19
2.24
5.96
1.12
5.07
1.75
5.97
1.46
1.3
5.64
1.04
6.05
3.79
2.28
1.6
1.09
1.47
1.6
1
1
1.18
3.07
4.64
5.1
4.26
1
1.51
3.02
5.66
5.52
1
1.03
1.66
1.65
3.74
1.21
2.14
1.43
1.08
1.82
1.03
5.01
2.21
3.67
4.78
1.43
1.25
4.46
5.16
1.36
5.66
1.01
2.61
3.91
4.76
2.49
6.73
1.51
1.1
1.28
1.59
4.01
3.57
4.71
1.13
3.32
5.11
1.31
1.42
6.6
6.87
1
2.93
1.17
2.12
3.92
4.11
1.41
1.95
1.31
4.17
2.1
1.83
6.59
1.01
4.73
1.82
4.6
1.84
1.5
1.4
4.56
6.35
1.86
1.07
1.65
1.06
5.83
1.73
1.12
1.33
3.96
5.29
5.58
1
1.11
2.38
4.36
4.81
2.01
1.53
6.34
7.89
3.33
1.05
4.62
1.56
1.11
4.98
1.66
1.07
2.47
1.97
1.5
1.01
1.78
3.19
5.13
1.72
1.42
1.18
1.57
1.48
5.69
6.76
3.9
1.84
1.22
1.19
5.4
6.74
4.17
3.91
1.39
3.42
1.43
3.89
5.84
5.62
2.3
4.16
1.3
1.07
1.42
5.86
1
1
1.06
1.79
1.34
6.33
1.73
1.84
4.17
6.13
4.8
4.99
1.28
1.65
1.46
1.38
2.62
3.95
1.48
2.01
3.48
1.05
1.93
6.46
2.95
1.75
1.1
5.48
5.21
2.86
3.88
1.35
1.17
1.74
1.35
1.86
1.47
1.01
1.63
1.34
1.99
1.13
3.4
3.98
1.43
1.09
2.01
6.01
1.43
1.04
4.13
4.21
2.16
1.86
1.06
7.17
1.02
1.18
4.76
1.2
1.43
1.49
1.32
1.26
1
5.48
1.08
1.77
1.56
6.23
5.84
2.46
1.48
1.84
4.91
4.53
2.03
5.53
3.26
1.18
2.05
1.93
6.1
4.18
1.34
3.95
1
2.05
1.25
1.31
4.72
3.51
2.24
2.68
6.04
1.55
6.27
5.89
1.06
3.42
2.04
1
1.56
1.6
1.44
1.72
1.27
6.32
1.46
1.29
1.22
1.06
1
5.18
1
1.99
4.41
5.11
1.37
3.8
1.87
3.48
1.54
3.65
3.64
1.08
2.65
1.24
5.85
1.52
1.17
1.64
3.23
2.1
5.02
1.24
4.46
5.74
1.11
5.37
1.61
1.23
4.88
1.01
4.22
5.72
1
1.23
4.1
1.22
1.27
4.39
1.93
1.86
5.28
4.56
2.05
1.65
7.09
4.9
5.02
3.82
1.1
4.88
1.84
3.97
1
1.16
7.65
6.77
1.45
1.06
4.4
1.02
1.93
1.45
3.99
1.89
6.5
1
5.09
1.46
4.72
1
1.62
1.97
3.86
1.03
2.02
1.2
1.13
2.63
1.03
8.38
4.85
2.33
3.75
1.38
1.4
1.29
1.99
1.1
4.96
3.92
5.72
1.64
1.19
1.3
1.03
1.33
1.33
6.76
1.13
4.17
1.02
1.16
4.72
4.03
1.3
1.59
3.79
1.44
1.02
6.49
1.56
1.5
1.01
1.11
1.24
1.55
4.7
1
2.71
4.67
1.37
1.38
1.94
3.31
2.69
5.57
4.97
3.61
1.48
4.15
1.18
5.55
5.69
3.88
1.01
5.91
2.25
6.32
1.1
5.2
2.36
1.03
1.96
1.04
1.01
1.84
4.88
2.02
1.52
1.4
2.46
1.76
1.55
1.17
1.43
1.96
1.18
1.17
1.82
2.16
1.17
5.71
1.8
1.95
