10876 34740
10.53
9.02
4.13
8.45
5.25
6.22
7.53
5.02
8.61
9.33
10.96
4.93
8.34
5.47
9.76
5.9
4.43
7.51
6.05
11.88
9.47
6.85
4.78
7.13
4.07
9.78
8.54
4.03
4.38
4.21
4.49
5.99
6.69
6.94
5
5.11
7.29
7.72
9.24
7.18
4.08
10.19
13.24
8.08
5.51
6.29
9.33
8.11
4.37
7.6
5.51
7.19
8.86
5.2
6.75
10.42
4.24
6.76
7.09
6.28
9.73
9.75
10.04
7.65
5.24
8.61
5.74
4.26
12.6
4.3
11.34
5.98
6.82
6.49
7.21
7.05
5.79
6.8
6.65
7.14
7.29
5.14
5.37
9.6
6.15
6.8
9.91
8.93
6.53
6.37
5.77
6.6
4.22
7.66
5.55
5.35
8.49
9.95
5.62
8.23
10.04
8.04
7
4.11
6.57
9.38
8.38
4.42
4.31
8.75
5.75
6.32
8.54
6.15
6.02
7.06
5.12
7.1
8.85
6.66
10.25
5.91
5.1
5.95
4.14
11.37
8.43
10.17
9.91
10.09
7.11
8.23
6.3
4.84
10.02
8.54
9.54
7.88
7.5
5.42
9.62
11.84
7.56
8.08
4.88
11.1
8.01
7.61
6.65
7.42
5.69
10.46
10.78
7
6.59
9.02
7.87
6.41
5.26
6.5
6.77
9.85
6.48
7.35
11.07
6.83
7.19
5.8
7.89
5.7
6.46
7.47
6.52
6.19
4.01
4.25
7.08
8.29
9.57
9.2
9.51
10.24
5.9
10.56
7.74
7.78
7.5
5.33
7.88
13.28
9.27
9.19
7.52
7.34
8.86
6.86
5.04
5.58
5.55
10.73
7.37
6.16
7.74
8.26
4.13
4.3
7.81
5.44
8.1
8.88
6.3
8.21
4.24
9.76
8.72
6.51
6.56
4.37
8.08
4.61
6.43
5.06
7.08
11.27
7.85
5.27
7.38
4.08
5.35
5.68
8.21
6.04
6.27
6.77
6.26
5.2
8.61
5.59
4.56
6.27
4.58
5.27
4.27
6.77
10.26
9.39
9.32
9.58
8.66
8.23
6.73
6.1
7.08
4.68
6.92
6.33
7.27
6.34
7.69
6.83
7.92
8.44
10.09
4.33
6.13
4.26
9.02
10.3
9.86
6.94
10.47
11.47
12.45
6.85
4.84
7.09
8.66
4.09
8.62
9.64
8.58
7.37
4.35
5.98
10.07
8.73
5.27
8.81
8.25
10.09
7.71
8.36
8.29
8.46
7.25
8.58
6.37
9.46
8.19
5.18
4.89
7.85
8.24
10.29
7.61
6.51
7.13
5.8
4.17
8.85
9.65
9.3
7.63
9.47
7.81
5.36
4.14
8.67
13.36
8.58
4.38
4.14
7.44
7.8
7.71
5.88
6.54
8.28
9.38
7.74
4.46
13.93
4.19
4.76
5.64
6.31
4.36
4.2
8.63
7.75
8.45
5.14
4.64
6.93
4.43
6.86
11.67
4.83
7.64
5.58
8.78
9.4
8.74
4.04
6.66
6.83
6.8
5.36
6.01
4.15
4.05
9.67
4.38
7.49
6.43
8.41
7.14
7.88
6.01
8.42
6.61
6.01
5.13
6.85
4.19
4.12
5.15
5.64
7.36
8.79
6.22
4.97
9.21
9.94
5.58
13.44
11.02
11.09
9.1
7.11
6.68
8.98
9.91
8.5
9.44
8.98
10.85
8.34
7.25
7.62
4.09
10.1
6.19
9.19
4.23
5.6
9.59
9.26
8.76
8.67
4.33
6.08
7.76
7.15
6.71
7.51
5.11
7.49
8.85
5.15
12.7
6.04
6.4
4.07
7.68
6.67
7.16
4.61
4.15
5.8
6.04
6.3
7.08
4.39
7.8
6.78
8.6
5.97
7.96
6.66
7.91
6.11
7.38
6.65
7.61
8.47
9.25
6.69
5.35
6.73
8.71
7.19
10.7
5.42
7.86
7.61
9.62
7.02
9.86
7
7.69
7.15
9.66
7.84
5.78
5.01
6.44
4.11
4.2
7.06
8.64
6.43
4.5
6.43
6.76
7.83
8.9
7.78
7.71
8.85
6.67
7.89
7.6
4.13
8.82
5.65
10.28
6.85
8.72
10.26
14.26
6.62
7.97
8.82
6.93
7.39
5.6
7.7
6.94
5.05
8.08
11
9.07
4.11
7.87
7.03
10.18
7.98
11
10.44
8.18
4.39
6.22
5.54
7.76
5.12
10.12
6.92
4.05
7.2
4.07
9.21
8.19
6.43
5.29
9.74
7.34
6.39
9.22
8.06
9.11
4.3
4.56
4.11
7.36
4.17
6.79
10.62
9.17
4.02
6.9
6.56
8.97
9.18
7.73
7.89
8.21
7.32
6.25
6.91
7.88
7.47
5.63
4.86
7.33
5.06
9.33
6.17
4.34
6.04
6.58
8.86
8.1
4.42
5.22
10.86
7.64
8.35
8.64
6.94
13.51
9.17
8.47
8.46
7.86
7.29
6.47
10.46
4.55
10.87
7.42
6.85
6.29
7.59
4.25
4.92
6.24
11.85
7.07
6.84
8.58
4.22
11.18
6.98
5.24
9.64
5.32
6.58
6.37
8.05
8.29
5.31
8.33
7.46
6.83
4.68
7.4
9.43
6.72
7.86
10.42
12.62
4.17
4.44
5.63
4.08
7.95
4.32
9.34
8.67
5.63
4.17
7.82
5.83
8.98
13.12
5.35
7.4
8.48
6.4
5.1
6.08
5.44
4.64
4.48
7.07
5.78
8.53
8.19
12.74
5.78
5.65
11.94
6.36
4.27
5.25
4.59
4.02
7.34
6.13
5.79
7.29
9.05
5.42
10.89
5.76
7.19
8.53
9.28
6.85
5.86
5.81
6.42
7.6
9.15
5.38
5.65
12.28
7.91
9.14
6.92
7.78
4.44
4.19
8.13
7.63
7.55
7.68
7.45
7.39
7.64
7.68
9.57
7.76
9.19
5.71
8.14
11.35
9.13
5.57
6.08
5.86
9.67
7.36
7.55
7.05
8.48
4.88
8.33
6.12
5.46
8.14
11.49
6.07
6.05
6.65
9.98
4.58
6.62
5.76
5.62
8.61
6.74
7.88
6.22
4.23
6.81
8.73
6.81
4.12
8.74
5.54
9.04
10.71
7.7
7.18
8.06
8.75
10.4
5.79
6.71
11.89
8.69
9.85
4.36
4.19
4.33
6.46
6.32
10.02
4.24
4.28
7.83
6.01
4.28
7.76
5.64
9.47
5.95
6.63
8.95
11.8
5.41
5.99
4.14
4.18
6.22
8.69
4.17
11.61
6.43
7.11
6.93
6.9
6.04
11.25
4.81
8.64
7.52
9.42
9.86
4.32
6.9
11.54
5.2
9.43
8.34
8.21
8.59
5.77
10.21
8.12
7.67
8.57
7.36
6
7.99
4.22
8.57
5.93
5.78
10.72
8.64
9.93
7.97
6.49
12.48
8.66
8.57
8.32
4.4
7.16
10.37
9.03
7.34
6.69
7.67
4.12
4.49
12.04
9.5
6.67
4.14
6.5
4.07
8.44
8.31
5.27
8.54
8.9
9.3
8.51
8.72
14.39
4.5
7.11
7.81
8.39
5.82
7.12
10.39
8.11
6.95
6.39
6.33
9.94
6.39
6.47
7.02
6.71
8.18
7.39
5.27
4.9
4.33
6.29
6.96
6.44
7.42
8.56
6.31
8.63
5.17
6.67
8.09
7.7
4.19
7.19
4.74
4.09
4.31
6.99
6.39
4.17
4.1
8.83
8.57
6.46
5.69
8.04
8.15
6.5
11.58
5.37
6.73
4.29
5.97
6.45
8.58
4.21
7.5
5.09
6.75
5.54
8.57
6.87
5.13
5.72
5.67
4.27
7.02
4.2
7.84
11.58
6.65
7.5
8.1
4.25
6.38
5.42
6
8.71
7.92
4.38
5.76
5.88
6.48
6.05
8.49
6.88
6.2
9.66
5.59
9.01
6.11
9.17
7.72
8.97
7.24
8.72
5.56
6.64
9.83
7.35
6.8
5.71
5.1
6.86
4.26
4.18
10.32
6.88
6.29
8.35
13.05
7.18
4.14
6.93
8.9
7.74
5.76
7.37
9.93
9.76
4.05
10.92
10.45
8.55
9.86
6.33
4.23
10
7.43
9.08
7.43
6.9
4.39
6.66
8.08
10.18
8.48
8.36
5.09
10.07
8.69
5.15
9.07
8.54
8.05
5.29
9.18
7.19
8.93
5.19
5.28
6.94
8.58
7.96
11.51
8.7
10.99
4.38
4.18
4.21
5.03
7.1
8.83
8.49
9.93
6.68
8.13
5.08
6.24
8.97
5.45
8.44
7.38
9.64
9
5.23
4.28
8.28
4.17
6.91
9.01
7.54
4.41
6.1
4.77
6.11
5.21
5.36
8.51
6.28
7.78
8.05
9.74
8.71
9.3
8.9
9
5.79
6.9
8.64
5.07
5.32
9.85
9.31
4.05
7.83
9.45
7.33
12.26
8.47
7.41
6.28
6.49
13.39
6.23
8.46
13.72
5.89
5.71
7.88
6.18
7.77
5.24
5.22
4.37
8.14
9.02
8.14
6.4
6.9
10.19
6.38
10.33
8.2
10.42
7.74
6.43
8.13
7.19
7.68
10.62
7.68
7.14
4.04
8.78
7.94
4.93
9.07
4.39
4.41
6.23
8.21
5.53
7.85
11.53
8.09
7.85
5.23
5.13
8.3
8.44
4.96
5.41
6.33
5.12
6.01
9.24
5.73
10.41
6.1
6.16
4.13
4.43
11.36
5.78
12.51
4.05
5.12
6.43
10.4
9.42
9.54
10.13
9.05
7.16
4.67
8.37
5.98
5.14
6.88
4.5
7.64
4.34
8.85
5.03
6.51
7.48
7.54
8.28
9.99
6.13
11.21
9.79
9.32
7.71
4.15
10.51
9.02
8.4
6.29
9.22
6.76
7.35
4.34
7.43
5.33
6.39
7.75
4.25
8.52
4.25
5.67
9.12
11.48
7.72
7.6
6.74
5.7
4.64
4.17
6.74
7.14
8.13
8.86
4.23
5.17
5.83
9.21
11.07
8.85
7.08
6.64
4.83
7.87
8.2
5.25
7.74
8.46
8.23
8.69
6.84
5.29
9.73
5.13
6.2
8.26
6
8.23
8.11
8.93
6.46
4.25
5.12
4.39
8.36
5.28
5.78
6.35
4.57
8.29
6.15
8.29
7.81
7.95
4.49
8.02
9
7.3
6.5
4.23
6.64
10.22
6.58
8.74
6.48
4.38
4.96
7.52
5.63
5.78
5.73
9.02
6.5
5.84
7.69
10.9
4.54
7.69
9.52
5.13
8.29
6.26
10.29
6.26
5.94
7.1
7.35
7.69
6.98
4.66
4.11
5.63
8
4.17
4.99
4.06
9.5
6.76
7.17
10.79
7.3
6.37
4.85
4.13
7.86
5.36
10.34
5.74
9.97
6.49
8
8.19
4.36
8.42
4.86
4.08
6.9
6.94
11.6
11.54
7.22
8.74
7.68
6.61
6.92
6.43
8.01
7.33
10.13
6.91
9.13
5.73
6.08
6.01
7.35
4.95
6.62
6.83
9.52
6.14
9.48
6.7
4.24
5.82
5.89
5.76
7.23
8.21
4.87
10.04
8.33
7.15
4.29
6.33
5
7.13
6
5.45
8.2
5.37
7.94
4.97
9.38
6.44
13.51
5.18
9.15
6.81
7.29
6.48
8.2
7.97
8
7.6
5.96
8.13
10.43
7.36
11.29
6.56
9.96
10.43
5.1
6.26
5.3
5.58
7.11
5.32
7.63
6.22
5.79
5.71
9.83
5.26
4.66
7.45
7.08
7.2
6.64
5.17
4.75
9.01
7.85
6.27
7.75
6.37
6.59
8.61
4.37
7.86
4.91
5.05
6.98
7.38
8.38
6.06
6.39
4.18
6.72
7.04
8.37
7.8
4.89
7.55
8.9
4.4
5.32
7.61
5.04
7.35
11.17
4.16
4.17
7.25
6.8
5.27
8.88
7.6
4.95
8.57
4.07
6.57
8.4
8.12
4.32
6.51
4.73
7.13
8.47
6.09
6.18
5.37
5.25
4.42
10.88
7.47
4.31
9.39
5.96
5.48
6.47
6.49
6.45
9.1
9
5.91
8.55
4.42
6.95
6.6
12.03
7.26
8.76
9.29
8.5
4.21
6.56
6.94
7.31
7.94
6.21
6.76
6.53
6.27
6.24
5.26
8.54
5.02
7.91
4.32
6.17
5.53
5.1
9.11
8.14
10.28
5.14
4.39
11.27
8.32
6.05
11.69
5.41
7.81
12.67
13.67
5
6.17
6.98
8.54
7.76
5.66
8.79
4.49
6.48
7.08
5.5
7.87
9.25
9.76
8.43
5.18
4.15
7.51
8.86
7.56
8.24
9.38
6.63
4.78
9.72
7.09
10.1
8.23
8.69
7.89
8.46
6.48
7.36
8.16
6.06
8.95
8.77
6.19
9.06
12.19
7.64
4.09
6.17
6.32
7.4
8.27
10.01
8.91
4.29
6.96
5.43
8.29
8.27
11.57
7.28
6.49
4.18
4.15
7.52
9.25
5.06
7.42
8.19
10.68
8.5
7.82
6.22
10.27
5.15
5.64
4.7
9.33
12.45
5.9
6.39
5.15
8.62
7.22
6.76
6.45
4.27
5.23
5.78
4.32
5.38
6.43
5.99
9.16
8.55
9.26
6.78
4.38
5.6
6.47
8.3
7.45
12.36
5.79
4.47
9.1
7.71
8.14
7.72
7.51
7.47
5.92
8.45
7.64
10.54
4.46
8.75
7.1
4.32
9.97
8.71
11.46
6.92
6.45
8.04
8.6
7.39
7.51
4.42
8.37
6.03
10.2
7.41
7.8
9.58
9.24
10.26
6.81
6.34
6.31
9.78
6.49
7.92
5.93
4.19
5.64
5.87
8.67
10.85
7.18
7.2
8.77
7.16
7.68
4.16
5.66
6.32
6.01
5.56
4.32
4.08
4.61
4.34
4.96
5.86
4.31
6.88
5.45
10.8
5.97
10.32
4.37
7.91
7.23
7.4
8.42
11.56
5.1
5.11
4.21
8.91
6.96
6.75
4.37
8.85
9.58
6.67
7.35
8.42
6.94
5.8
9.75
7.24
4.33
4.45
7.38
8.8
8.45
8.99
6.28
9.48
8.09
9.8
5.13
4.3
7.08
7.31
6.24
5.44
4.12
8.73
8.89
6.23
7.32
7.89
6.4
5.98
6.11
4.31
6.3
6.9
4.96
8.46
8.12
8.13
7.56
4.24
4.79
4.7
11.65
8.36
4.18
4.2
7.68
5.49
6.57
5.47
9.33
8.6
9.52
9.03
6.68
4.41
8.28
4.48
6.19
11.37
6.48
7.95
8.29
7.78
4.63
4.84
4.59
8.58
5.11
5.16
6.2
4.34
4.39
4.52
12.23
7.83
7.44
5.24
6.12
6.77
4.58
5.83
5.48
6.28
5.76
4.29
5.74
5.39
11.38
8.19
7.81
12.97
4.43
8.93
9.12
8.58
7.76
7.22
5.1
8.29
9.68
7.95
4.22
5.05
7.89
8.38
4.04
4.47
6.34
8.8
4.37
8.98
10.41
4.7
5.2
10.76
6.87
6.38
5.24
7.6
5.08
5.44
6.86
4.34
6.35
10.03
6.69
7.49
4.26
8.61
6.51
6.48
6.43
4.61
7.33
6.41
4.73
7.73
8.75
5.78
7.53
9.19
7.05
6.38
4.38
4.32
4.37
5.76
6.85
4.74
5.14
8.09
6.25
4.15
10.14
5.39
4.98
7.74
4.98
7.87
5.08
6.99
4.19
6.58
5.75
6.3
17.55
8.28
7.91
9.12
6.27
8.36
5.53
9.69
8.68
7.04
7.4
9.8
8.75
7.36
6.92
7.07
5.52
5.66
4.05
6.66
10.69
6.67
10.51
8.76
5.39
7.81
4.55
8.63
4.15
5.79
8.37
7.02
4.24
6.28
6.95
4.66
7.78
7
8.79
7.66
5.41
7.46
5.36
6.38
9.74
10.22
7.1
7.55
5.38
5.52
10.19
5.77
5.73
6.43
6.91
4.35
8.95
5.51
6.42
6.58
4.56
7.62
7.37
8.36
10.96
8.62
7.91
7.81
9
6.36
5.73
8.94
6.61
6.23
5.69
8.35
7.74
4.47
7.75
7.34
9.55
7
5.28
10.76
8.87
10.09
10.4
7.19
9.66
6.33
6.74
4.18
8.36
8
8.53
7.97
5.05
6.54
7.64
11
5.28
8.32
5.2
4.06
5.38
7.84
10.83
4.3
7.22
4.85
9.3
4.76
7.04
8.18
7.06
5.77
5.45
6.68
10.79
10.62
8.54
5.96
6.88
4.21
4.11
4.13
7.86
4.87
4.24
8.57
8.14
6.39
8.11
5.47
5.62
6.69
4.07
7.39
4.22
5.99
9.73
7.88
11.9
8.71
6.49
7.14
5.93
4.55
4.28
6.88
4.68
7.61
9.5
9.39
6.92
6.86
4.05
5.91
6.54
9.99
7.86
7.27
8.01
5.67
8.16
6.3
7.58
8.18
9.18
5.23
9.97
5.14
4.05
8.07
6.91
6.06
9.26
5.71
5.66
6.36
9.31
8.33
4.29
9.55
11.41
6.35
6.6
13.09
6.08
6.48
5.78
6.79
6.82
8.28
5.65
8.11
6.59
9.15
4.41
6.28
5.56
7.61
5.32
7.77
4.1
8.11
5.58
11.48
5.74
6.72
7.37
4.26
5.68
6.72
5.04
5.24
7.73
5.29
4.6
6.86
6.39
6.78
6.81
6.62
5.44
9.24
6.3
5.19
7.59
4.36
8.02
6.71
6.72
6.31
9.95
7.7
7.02
5.64
4.22
7.78
7.97
5.16
6.36
6.27
5.85
7.42
9.86
7.4
5.05
9.21
11.62
5.63
4.03
8.78
4.24
9.33
11.14
7.62
9.12
8.26
6.73
6.31
6.71
4.34
8.75
8.71
7
5.32
7.79
5.94
8.7
5.14
7.53
9.47
4.55
8.06
8.09
6.48
8.28
4.95
5.56
6.4
6.01
5.71
10.15
5.43
4.55
7.3
4.36
10.94
6.41
8.85
7.87
5.15
7.74
7.06
4.15
10.3
5.39
9.19
8.16
10.63
4.13
6.01
6.68
6.6
5.67
7.64
9.59
7.9
4.17
8.28
5.72
10.69
10.56
6.09
10.02
7.52
5.98
7.88
8.6
5.64
7.78
5.36
6.45
5.72
7.87
6.43
4.39
9.21
10.92
7.2
5.36
5.73
9.27
6.55
11.04
10.29
6.59
6.88
6.5
8.1
7.73
7.94
4.24
4.35
4.4
9.23
4.5
7.72
6.67
5.21
7.06
7.64
7.95
8.91
6.01
4.26
9.36
4.39
4.58
7.56
8.88
6.62
6.32
10.26
8.7
11.56
7.7
8.5
7.61
8.5
9.66
4.47
7.97
7.44
5.37
4.13
5.37
5.53
6.2
6.15
5.31
4.15
9.89
6.7
7.08
9.32
7.68
6.17
4.1
9.43
9.7
7.2
4.95
8.67
6.31
6.63
7.15
9.9
6.01
8.29
7.22
4.44
4.4
8.46
7.08
6.95
5.33
4.14
4.2
11.04
6.62
5.8
6.04
10.76
6.01
5.31
8.35
4.27
4.29
9.95
4.12
4.54
4.21
6.88
4.45
6.49
4.32
8.33
7.31
5.77
4.23
8.32
8.67
7.21
4.4
7.13
7.74
6.23
8.82
7.93
6.67
4.5
6.93
8.3
6.82
6.79
6.67
4.63
5.91
4.24
5.39
4.26
6.81
6.48
5.09
6.95
7.6
8.18
4.46
11.01
7.68
6.1
8.21
7.44
7.19
6.94
4.26
6.76
8.22
7.87
11.25
4.16
8.8
9.31
4.2
5.33
9.95
8.36
4.34
5.6
8.03
8.19
5.88
7.55
8.05
9.6
8.63
10.55
6.54
12.73
6.36
6.07
4.19
5.31
8.65
5.29
5.7
9.81
6.84
9.87
6.21
4.32
11.9
6.49
8.57
12.53
5.89
5.01
4.21
8.48
8.9
5.89
9.2
4.38
7.74
7.92
7.72
9.03
10.75
8.37
7.61
7.42
6.82
9.41
5.98
10.15
6.75
5.9
6.12
6.57
7.87
5.07
6.66
5.95
5.39
4.2
11.55
4.33
4.34
5.37
6.76
6.97
10.81
6.91
7.14
8.83
6.46
5.24
4.43
8.71
5.73
4.99
8.78
4.55
5.7
9.38
6.88
6.82
6.66
7.92
6.09
4.11
6.08
5.2
4.53
8.02
8.18
5.86
6.04
9.62
9.61
9.63
7.97
4.29
6.16
7
6.09
7.93
6.59
7.73
8.81
6.11
4.89
9.08
8.84
5.15
5.86
7.18
6.47
7.36
4.94
7.02
7.57
9.34
9.21
5.89
9.91
4.38
5.58
8.07
4.15
8.97
4.07
10.7
8.01
6.75
6.68
5.21
8.35
6.76
4.25
5.49
7.65
5.81
8.6
10.28
6.17
6.66
6.13
6.84
4.58
4.75
9.15
5.48
4.49
5.01
8.06
7.36
4.77
11.72
7.74
6.09
8.91
4.1
6.48
4.26
9.32
9.27
10.74
10.05
8.96
5.38
4.98
8.92
10.06
6.24
8.07
7.83
7.59
6.42
10.53
7.71
6.08
10.18
6.85
5.23
10
8.01
5.65
10.04
5.31
5.25
8.34
6.32
7.25
4.47
10.64
6.5
8.38
10.09
9.42
7.82
4.67
6.47
5.49
5.63
4.46
10.44
6.92
4.85
5.85
6.04
5.11
6.21
4.91
6.02
7.07
6.6
4.75
4.32
6.2
4.38
7.34
5.5
8.49
6.72
7.57
7.72
4.87
6.59
9.61
5.33
6.72
6.62
7.11
6.1
11.2
7.74
4.58
9.77
7.16
4.47
4.71
6.35
7.64
6.79
6.1
5.03
11.61
5.76
4.31
7.01
10.69
10.95
6.1
6.99
6.14
10.48
7.7
7.42
4.08
8.78
6.54
10.51
6.4
5.03
8
6.72
11.23
5.36
5.42
13.83
6.6
13.57
6.82
6.37
8.29
6.67
5.14
9.03
8.08
5
10.91
4.16
5.47
9.4
5.65
4.37
8.47
7.86
8.06
7.2
6.05
9.82
8.51
5.48
6.68
4.21
4.12
4.4
7.52
11.63
5.95
7.73
6.64
6.55
6.28
9.43
5.26
6.62
8.24
4.2
7.65
4.92
6.56
4.86
7.2
8.57
10.17
7.21
4.19
4.57
7.11
6.15
9.84
9.1
6.94
10.82
7.05
5.15
7.64
6.9
8.15
8.11
8.94
5.9
6.35
8.65
4.74
9.29
8.18
10.5
9.1
9.69
6.45
10.76
8.6
7.34
7.12
5.46
4.46
21.73
6.24
5.77
8.65
6.85
7.06
8.15
11.64
5.24
9.23
7.43
4.11
4.31
9.71
4.42
4.55
8.26
8.95
4.22
6.43
8.73
7.61
11.22
9.75
6.92
4.18
6.67
5.16
7.87
5.68
8.78
7.62
4.38
6.06
5.17
5.27
4.03
4.15
5.01
5.5
9.03
8.15
4.86
7.79
6.8
6.73
6.45
8.54
4.37
6.2
4.28
8.31
8.02
9.98
7.27
6.52
9.14
8.47
9.37
5.22
7.32
7.37
7.58
4.23
4.56
5.83
7.04
7.82
8.65
10.7
7.3
7.13
6.69
4.63
8.43
8.68
6.25
7.67
9.53
6.07
7.9
4.82
4.18
7.14
7.76
8.38
4.49
7.55
8.1
9.43
7.85
10.38
9.18
4.18
6.43
12.84
11.42
6.45
7.2
8.27
6.31
7.23
7.79
7.1
9.99
6.87
7.18
7.48
6.12
9.58
4.18
6.04
5.9
8.16
7.11
6.92
8.29
6.06
5.26
7.13
6.61
6.09
4.25
5.48
5.9
5.85
6.84
4.41
6.92
6.61
7.69
6.5
7.49
7.65
4.79
6.89
6
4.01
6.77
9.5
7.97
5.46
6.49
5
7.17
6.12
6.29
7.35
7.8
6.19
7.76
7.22
6.65
6.81
5.93
4.09
6.9
4.76
12.43
5.97
5.56
5.24
4.44
8
4.43
8.68
9.16
6.33
7.33
4.26
8.22
4.74
7.43
4.86
7.96
6.13
4.67
8.57
9.97
7.16
6.84
5.23
4.44
4.81
5.88
6.34
7.13
6.81
5.02
10.55
7.2
8.9
8.58
9.59
8.06
8.02
5.74
13.16
6.35
7.76
9.46
7.18
6.73
6.41
4.77
4.15
7.9
4.42
7.17
4.34
6.32
9.23
6.49
9.23
7.46
4.43
6.17
6.71
4.43
4.86
6.59
6.38
6.91
6.42
4.35
6.72
6.96
4.24
5.82
5.52
6.25
9.84
6.62
10.21
8.5
5.9
4.22
6.83
5.32
4.78
7.81
4.45
6.63
10.78
7.2
9
6.63
5.02
12.4
4.03
8.89
8.57
6.59
6.21
10.08
8.32
7.4
4.35
5.01
7.85
4.58
8.47
4.22
7.48
7.65
7.96
8.35
11.7
9.38
4.34
6.18
5.74
8.77
4.19
4.51
8.28
7.99
4.09
5.33
4.46
5.11
9.23
10.4
4.88
8.1
4.05
8.54
8.15
4.84
4.09
6.86
7.3
6.12
12.65
8.85
4.41
9.09
11.62
4.15
7.31
5.96
6.34
7.92
4.16
11.21
5.96
7.37
9.22
4.32
4.25
10.69
6.93
5.91
10.64
7.15
4.03
7.87
5.7
4.37
8.69
4.75
6.53
5.52
7.45
5.91
5
6.83
8.45
7.9
9.65
11.03
6.58
6.72
13.69
5.94
8.31
7.75
5.72
4.71
4.52
5.02
6.69
4.14
9.06
8.15
5.39
5.48
4.29
5.32
6.2
6.87
8.03
4.4
5.6
8.87
8.82
6.69
7.16
6.31
13.82
5.44
5.91
6.53
8.93
9.56
8.42
5.49
8.41
5.8
8.54
4.21
4.38
7.01
6.18
8.27
6.71
9.95
7.65
5.22
6.79
6.87
4.43
6.88
10.95
10.16
7.93
7.2
8.96
7.83
6.82
6.69
4.07
8.13
4.89
5.76
7.02
7.83
7.24
5.7
6.13
7.44
8.82
7.27
7.83
6.3
5.07
8.11
5.53
6.3
4.38
10.9
4.2
9.88
9.86
5.2
4.75
4.82
10.29
7.42
9.47
4.27
7.02
4.37
8.05
8.48
7.06
4.25
7.78
7.26
8.36
8.09
7.17
8.34
7.04
6.25
7.36
11.65
4.19
10.34
9.38
4.84
10.6
7.12
5.17
4.31
9.3
5.81
6.46
4.22
8.72
5.67
5.61
4.09
10.62
9.72
10.22
5.48
4.12
10.24
13.77
6.86
6.81
7.21
8.59
7.49
6.19
6.27
9.21
4.2
4.29
8.79
7.52
10.05
10.55
10.86
4.77
5.58
9.53
4.31
9.79
6.61
8.08
5.49
10.54
7.75
8.24
4.41
5.79
8.94
5.69
5.97
8.25
8.23
6.14
7.38
10.11
13.19
5.87
7.45
6.42
4.49
7.65
7.29
9.43
5.24
5.35
7.11
7.66
7.52
5.08
4.3
6.36
5.49
6.36
4.78
6.48
6.21
8.43
5.81
7.02
5.9
6.67
8.14
8.05
8.28
4.12
10.69
4.67
7.2
5.22
5.57
5.61
6.66
7.31
7.28
6.04
10.04
5.53
4.02
6.95
4.93
4.38
4.4
6.73
5.83
6.86
4.57
10.53
5.84
6.11
4.45
8.03
7.11
7.28
7.26
5.4
7.94
6.61
4.09
5.96
6.12
7.43
7.55
4.05
4.19
4.03
7.78
5.28
6.98
7.33
6.5
6.22
6.71
6.17
5.67
9.54
6.25
4.21
4.19
5.09
4.69
6.37
6.8
6.32
7.14
9.16
7.46
7.16
10.58
5.64
8.03
5.35
7.76
5.08
6.89
4.42
9.95
4.29
5.45
5.84
7.79
4.01
5
7.16
7.16
6.23
5.31
11.02
11.62
8.45
4.13
5.76
8.25
4.35
5.69
5.81
8.42
10.3
4.7
4.58
5.69
6.49
6.4
11.13
6.68
5.19
7.83
6.23
9.65
5.72
5.16
5.78
6.07
4.98
5.18
7.29
4.48
5.12
6.56
7.58
6.43
9.52
7.05
8.97
6.8
7.44
7.27
4.31
4.19
7.01
9.12
4.88
7.31
10.1
7.51
6.71
4.06
6.98
7.39
6.97
9.46
4.19
7.03
9.49
4.88
4.92
4.28
7.83
6.1
5.5
7.64
7.35
6.22
4.15
9.21
11.52
6.65
7.48
8.21
4.19
33.83
4.95
7.42
6.14
7.93
10.02
4.89
5.61
5.79
4.3
8
4.06
8.64
4.94
8.78
10.73
4.14
9.4
5.22
6.73
5.77
5.39
6.7
7.04
8.52
4.67
6.27
10.78
8.84
8.97
8.74
13.15
8.69
8
6.8
5.72
11.77
7.83
6.44
6.76
9.67
10.55
7.43
8.56
4.34
6.65
7.59
9.42
4.44
6.11
5.2
7.75
6.95
5.22
9.47
5.9
5.95
8.21
10.38
6.99
5.52
6.32
5.48
4.29
6.82
8.03
4.16
5.59
8.33
7.1
5.47
4.39
5.42
4.32
5.28
7.88
7.84
7.24
5.34
9.55
8.19
7.58
4.08
4.27
4.45
6.32
9.43
6.58
9.33
10.74
6.41
6.12
6.42
6.41
8.86
10.53
7.09
6.72
4.84
7.86
5.51
4.81
9.78
8.01
6.28
4.18
7.74
7.31
5.63
6.17
6.44
6.99
4.18
6.68
5.45
4.99
6.72
5.83
8.68
4.18
7.95
4.24
8.48
7.39
8.09
8.35
8.35
7.12
6.16
9.39
9.84
5.02
7.39
4.45
10.23
8.88
5.37
6.23
8.59
8.47
5.96
9.14
8.71
5.77
7.01
7.67
7.47
5.84
4.34
5.69
4.24
9.87
4.19
6.7
9.29
5.36
5.15
7.39
4.4
8.06
7.64
4.71
9.22
6.41
5.82
4.4
8.29
5.52
7.82
7.74
8.11
6.8
8.67
11.23
7.83
4.43
4.3
9.46
7.21
5.16
4.13
5.86
5.76
8
6.98
7.45
9.08
4.45
9.01
4.65
4.68
6.46
4.91
5.86
4.13
11.59
5.78
4.89
8.15
7.06
7.37
5.06
8.03
7.14
5.81
6.04
6.67
6.46
8.34
4.33
8.57
4.63
12.15
4.63
9.26
6.69
10.43
5.81
8.81
8.21
6.13
6.99
5.15
7.31
9.63
4.72
4.47
5.34
7.39
8.88
6.63
6.94
7.85
4.22
7.78
8.81
6.01
8.12
5.55
7.59
6.5
6.57
6.51
9.28
4.85
7.68
4.22
4.31
6.22
4.58
10.98
5.03
6.84
11.07
4.37
6.79
4.81
4.14
4.32
7.3
5.3
7.85
4.79
8.8
5.49
9.44
9.49
7.6
7.45
6.24
6.67
7.7
8.45
9.4
4.31
7.31
5.15
8.58
10.85
6.03
6.07
5
10.19
9.74
7.16
5.05
6.17
8.8
5.82
6.55
10.59
6.81
6.41
8.23
5.03
7.17
6.68
6.62
8.83
7.72
7.35
8.02
8.01
8.66
5.96
6.25
4.17
5.92
4.35
7.3
11.61
6.54
4.06
6.45
9.3
7.13
8.37
6.31
6.52
4.12
8.98
10.61
10.26
10.57
8.14
7.18
6.92
6.62
8.42
5.79
8.57
6.24
8.28
11.47
6.64
6.23
4.26
9.19
6.5
4.19
6.47
7.18
10.78
6.11
6.76
7.18
12.63
4.37
7.39
6.36
6
7.05
7.78
7.48
11.95
8.32
5.65
6.63
5.4
8.1
7.14
4.19
5.79
5.59
7.63
4.25
8.57
8.87
7.38
8.45
9.09
4.27
9.11
6.53
6.52
7.17
8.35
8.97
7.11
5.4
7.37
6.8
5.31
9.38
5.4
10.7
5.86
9.87
6.29
5.1
6.09
5.67
5.18
6.09
4.56
5.54
4.11
7.72
5.35
8.2
7.32
6.99
6.61
4.39
5.98
12.74
6.37
4.59
5.41
8.39
5.09
10.11
5.69
4.31
5.61
10.33
4.99
8.59
11.89
7.27
9.95
6.29
5.52
8.56
6.69
6.17
7.58
9
6.04
7.49
5.01
7.41
10.16
8.53
6.14
4.93
7.19
5.32
5.37
6.4
4.33
7.81
11.37
6.45
6.01
8.77
5.18
4.14
9.62
8.62
6.92
6.04
8.44
4.22
8.29
4.34
6.22
9.24
8.41
8.02
4.13
6.44
4.39
4.15
4.18
9.39
5.92
6.11
4.5
6.75
4.21
6.72
5.99
4.05
8.76
9.04
6.25
7.16
4.19
5.22
6.08
4.35
7.12
6.28
7.72
6.06
7.69
7.67
5.98
9.02
8.97
15.94
8.7
7.42
8.62
9.54
8.49
8.2
7.2
14.63
6.37
5.38
6.62
6.14
8.03
5.26
5.73
5.02
7.43
7.41
4.33
6.36
7.75
6.92
9.62
8.11
10.43
5.73
10.53
4.14
5.99
4.39
7.04
7.38
10.05
7.76
9.48
8.26
8.23
4.93
4.11
4.93
7.32
5.82
7.41
7.12
9.15
7.53
7.2
9.45
6.75
10.06
7.25
9.95
9.3
6.43
7.25
7.22
10.63
5.86
8.47
4.4
7.12
4.53
8.28
10.84
5.86
6.66
6.62
4.52
6.83
5.94
4.98
5.4
5.49
10.66
6.3
7.11
6.74
6.09
9.74
4.34
4.45
7.77
5.41
6.15
6.56
8.04
11.47
6.69
7.33
7.83
5.91
4.04
4.56
9.1
8.73
7.16
4.37
5.03
7.94
9.66
4.87
5.09
7.16
8.19
5.14
7.13
7.4
9.31
4.89
4.32
6.95
6.76
4.77
4.1
4.2
6.73
5.05
7.24
8.44
4.94
11.61
7.27
6.12
4.34
5.67
6.22
8.94
10.2
6.92
8.92
6.21
7.16
8.09
5.99
4.81
7.65
4.18
6.18
7.24
5.52
10.43
9.2
9.09
6.87
7.45
4.2
5.53
4.14
6.32
4.28
9.7
6.5
4.15
4.6
6.38
7.44
6.48
7.45
4.12
8.38
7.04
7.87
7.31
6.75
4.75
6.99
8.26
9.71
4.52
14.18
5.17
6.42
7.55
5.32
6.32
6.47
4.69
10.37
6.42
5.76
6.54
4.15
7.31
6.81
8.24
7.04
6.75
9.06
8.35
10.31
6.8
4.14
6.77
4.03
4.48
6.77
7.53
8.33
5.71
8.25
4.54
5.86
9.63
9.73
4.05
7.54
8.92
8.36
7.29
5.97
7.37
8.01
5.07
9.83
4.84
6.53
5.87
6.01
9.59
5.45
7.05
7.93
4.36
8.55
6.15
7.32
10.26
6.73
4.56
5.24
5.53
6.9
5.64
6.47
6.08
6.28
4.92
4.78
6.55
7.82
6.59
12.33
5.66
4.58
8.7
4.03
5.29
7.82
6.76
7.51
4.13
9.38
5.35
5.36
10.47
12.24
5.43
4.21
7.41
5.61
7.04
8.21
4.42
5.17
4.36
7.92
6.45
9.7
5.51
10.98
4.34
6.34
6.24
14.02
8.74
6.57
5.9
4.18
5.93
4.29
11.1
7.41
10.72
6.08
6.23
9.29
7.88
6.48
6.58
10.52
8.57
4.54
6.06
6.94
10.26
6.37
6.37
6.8
9.8
8.91
9.51
9.41
5.09
7.79
8.71
6.67
6.39
4.18
6.6
4.62
5.49
4.28
10.39
4.13
9.11
10.38
5.86
10.92
5.11
6.58
4.16
5.91
8.32
4.35
5.43
7.99
10.47
5.69
9.2
8.09
10.69
8.32
9
4.28
5.57
7.41
9.39
7.92
4.74
5.71
4.19
5.67
4.97
4.3
6.26
5.74
8.86
4.3
9.45
6.96
8.1
6.88
9.15
10.29
6.55
6.04
7.01
5.67
8.34
4.25
4.14
6.27
4.48
6.34
7.65
9.45
7.26
7.07
10.74
5.89
8.46
5.74
8.11
8.51
8.97
8.14
13.42
9.35
5.34
5.18
6.56
7.97
7.22
9.24
6.98
4.02
9.39
11.65
8.76
5.41
9.05
8.01
8.6
7.03
7.13
9.63
4.19
8.13
4.51
8.28
7.82
5.66
5.55
8.66
6.51
8.22
9.35
4.42
6.71
8.65
9.27
9.86
8.66
5.88
4.38
4.31
8.65
9.7
4.06
8.75
13.02
11.6
9.41
7.72
5.86
6.81
7.51
4.1
5.23
4.99
6.62
4.22
4.57
4
6.31
7.25
11.1
6.71
4.09
5.43
7.56
7.63
4.35
4.48
7.08
7.09
8.81
7.73
6.88
7.72
6.94
6.81
7.83
7.77
10.75
7.94
10.93
6.63
7.11
4.47
5
8.34
9.77
6.44
8.9
7.47
6.43
7.38
7.68
5.09
4.4
5.43
5.54
4.14
6.79
4.25
4.46
5.75
8.72
8.53
5.58
5.92
4.58
4.44
5.93
5.24
6.05
9.52
4.25
7.91
5.84
5.63
5.64
4.24
12.02
6.26
8.85
7.03
7.64
6.92
6.51
6.96
7.69
10.9
5.76
6.52
4.31
7.41
8.1
4.59
9.55
8.14
5.19
5.97
4.23
4.14
7.99
8.33
6.97
6.69
5.85
6.39
9.88
8.24
6.43
6.45
10.89
4.12
6.77
8.65
5.46
4.03
5.6
8.82
6.02
7.72
5.85
7.79
6.4
6.53
5.19
4.29
8.89
8.66
8.8
7.9
5.84
5.49
5.38
7.95
5.87
4.28
5.98
8.55
4.62
4.94
9.41
4.54
4.2
6.41
6.27
7.52
7.76
5.51
8.27
4.84
9.15
5.85
9.49
6.94
4.39
4.18
4.08
5.42
5.21
5.18
6.41
12.3
7.5
8.53
12.68
9.83
5.11
11.45
7.43
8.33
9.66
5.55
9.16
8.85
4.54
8.48
8.09
9.54
9.64
5.89
5.54
6.83
7.14
7.83
4.92
5.22
5.21
11.96
7.05
4.13
7.94
6.29
4.34
6.59
6.76
7.14
9.29
8.42
4.55
5.7
5.53
6.58
6.18
8.85
7.99
10.56
9.24
8.01
6.66
4.41
6.37
7.48
7.22
9.57
4.24
6.4
7.23
8.37
7.73
4.46
8.73
6.26
12.85
7.56
9.49
7.22
6.41
7.35
9.86
4.19
7.71
8.05
4.99
5.64
9.96
7.01
4.6
4.23
5.9
4.15
8.25
7.49
7.21
12.72
6.67
11.36
11.72
7.52
8.65
4.31
5.31
8.38
5.31
6.33
6.83
6.54
5.18
4.25
7.25
8.14
4.13
5.18
7.73
6.57
5.67
8.83
6.85
10.32
7.31
4.23
8.11
6.76
7.53
6.3
7.52
7.3
9.37
8.87
9.03
7.55
7.69
6
6.51
11.45
6.06
5.8
4.98
4.36
4.71
5.85
5.25
5.54
4.23
6.04
6.1
5.88
7.3
7.15
6.9
6.16
7.82
8.14
6.03
6.15
4.29
5.51
11.67
5.44
5.02
5.89
5.68
9.33
4.52
5.34
6.59
7.04
8.72
5.49
6.33
4.27
6.08
4.21
5.47
7.46
6.8
7.56
7.4
5.54
5.58
9.08
6.3
9.42
5.3
9.3
7.77
7.87
6.3
6.2
9.28
5.73
8.07
8.17
4.9
8.52
8.14
6.96
8.73
5.92
5.86
5.92
4.19
5.22
4.35
7.14
11.59
4.05
7.26
5.07
7.98
8.25
8.15
6.84
9.85
5.78
4.29
5.58
7.82
9.27
6.97
9.44
4.4
8.91
6.96
4.87
9.78
5.95
4.27
5.23
4.3
6.58
5.1
6.45
6.77
10.4
6.19
7.65
7.11
6.49
6.07
7.9
9.45
4.32
8.88
4.34
7.94
5.65
10.87
9.81
5.73
7.32
7.57
8.63
4.38
4.28
5.12
7.4
5.07
7.84
6.88
5.24
9.32
5.31
5.65
4.44
6.2
5.55
9.35
7.19
7.38
10.19
5.71
6.66
6.38
7.55
7.27
7.09
4.37
6.27
4.96
7.44
5.82
4.06
8.7
4.96
4.16
7.02
5.96
4.19
5.26
6.89
5.21
8.4
4.17
7.12
4.85
8.28
6.48
7.66
4.38
7.92
6.55
6.72
7.89
7.07
4.38
7.42
5.62
4.42
8.08
9.43
5.99
4.32
7.31
7.08
5.01
7.89
4.22
4.36
13.04
11.7
8.59
8.53
8.58
5.87
4.25
5.13
5.26
7.63
4.19
11.13
6.86
7.68
5.62
4.11
10.25
4.49
9.54
5.5
8.02
5.88
5.88
7.63
6.21
4.06
4.16
4.03
6.48
6.08
4.06
7.15
6.21
9.42
4.28
8.03
5.89
4.21
4.33
9.77
12.7
4.93
6.04
6.94
8.27
9.77
4.65
7.55
7.29
7.37
5.98
4.58
6.7
8.78
9.82
6.57
9.51
6.07
5.86
7.9
6.04
7.06
7.39
5.71
4.85
7.43
7.02
4.41
6.21
4.02
7.26
8.2
6.49
7.11
11.95
9.41
7
5.04
5.87
5.91
5.89
5.96
7.8
10.64
6.71
7.1
10.03
6.43
7.03
7.49
6.23
7.75
6.29
9.74
4.4
6.48
5.72
6.33
7.28
6.69
6.37
5.31
4.53
5.52
7.09
5.98
4.18
5.29
4.28
5.99
5.63
8.51
7.87
4.38
8.99
5.29
8.58
4.26
6.91
9.21
7.55
5.73
4.55
5.94
6.66
5.4
6.02
5.09
4.91
6.66
8.89
6.13
5.75
6.05
5.69
6.56
11.09
4.77
4.78
6.72
7.7
7.44
6.37
4.28
4.18
7.82
5.25
11.14
6.11
8.57
5.09
6.23
5.96
8.05
8.07
7.39
12.05
6.01
7.53
5.4
4.39
4.39
9.6
8.44
6.59
5.26
8.35
6.94
7.04
8.25
4.08
6.29
6.41
5.65
8.48
7.01
7.71
9.25
5.5
6.12
5.01
4.16
4.18
5.64
9.1
4.07
7
5.8
5.05
5.18
4.4
6.77
10.33
4.71
4.19
5.62
6.47
10.25
10.24
8.31
5.4
8.15
5.53
8.17
4.22
6.38
5.84
4.24
5.52
7.17
5.67
7.03
7.36
7.02
6.97
5.54
9.24
7.08
6.75
6.77
6.66
7.36
5.85
9.39
6.75
9.9
6.13
5.14
9.4
9.48
8.06
5.72
4.85
8.32
5.72
4.25
11.17
5.09
7.36
4.23
9.94
10.8
6.74
9.09
6.16
8.97
6.36
8.46
9.29
8.77
6.33
4.34
5.19
8.25
7.22
7.72
4.55
6.9
6.88
7.97
8.39
7.76
9.34
10.05
7.81
7.9
4.37
6.42
7.27
7.51
5.48
5.56
4.53
6.24
6.28
4.25
8.59
4.11
7.25
4.85
4.87
4.2
5.92
5.05
5.23
7.63
9.98
6.87
4.5
9.21
7.39
8.93
6.11
8.02
4.2
6.4
6.42
5.96
6.78
6.18
4.48
5.12
6.09
5.44
6.07
6.47
6.06
6.58
4.63
9.17
6.91
4.69
4.88
6.49
6.23
10.21
4.1
7.55
4.08
9.46
5.54
6.56
5.36
6.45
8.8
4.18
10.58
5.69
7.38
11.89
4.31
4.92
8.32
7.78
7.59
6.05
4.43
4.25
7.46
4.35
8.32
4.67
9.05
5.21
8.51
4.23
8.13
7.01
8.69
4.7
9.93
8.38
6.27
11.15
6.13
4.35
5.08
8.89
10.13
7.35
7.64
6.63
7.54
4.19
8.7
6.07
5.96
6.59
7.77
8.07
7.2
5.98
5.98
7.16
5.86
5.12
8.59
8.53
9.84
8.44
9.12
10.05
9.14
12.12
5.97
5.51
8.24
4.37
4.45
4.26
11.74
6.15
8.96
6.06
9.06
4.05
5.59
5.3
6.43
5.93
8.16
8.61
5.49
7.07
4.45
4.68
4.52
5.98
6.5
6.12
6.09
10.27
9.23
10.2
5.29
4.43
7.63
4.73
6.93
4.44
4.01
4.5
7.86
4.06
4.29
5.32
5.69
6.23
7.8
5.44
6.7
7.41
8.64
8.23
8.28
8.58
5.85
10.2
5.66
6.24
5.64
8.18
7.1
4.41
6.09
4
7.49
9.55
10.78
7.89
5.66
5.42
4.1
6.21
5.7
4.33
4.07
4.61
6.66
5.93
9.15
4.96
5.72
7.38
6.55
5.73
6.25
8.17
5.12
6.1
9.39
7.75
4
9.96
7.58
7.46
5.16
6.15
6.22
4.74
9.18
10.26
4.52
4.62
6.78
8.06
9.65
8.96
6.86
6.41
6.97
5.96
9.29
7.37
9.01
7.89
6.01
5.53
6.79
9.9
5.1
4.46
7.32
5.29
6.87
5.13
6.57
4.35
5.84
5.51
6.09
4.05
9.6
5.65
7.22
8.79
4.27
7.58
7.57
9.18
8.97
8.96
6.99
4.38
4.26
5.5
6.21
5.98
6.25
9.71
8.38
8.51
6.19
4.61
4.21
6.56
5.24
5.07
4.4
5.85
5.31
7.33
6.44
4.14
8.23
8.53
5.05
10.01
5.66
7.89
6.83
8.17
7.27
8.48
11.96
9.09
6.44
7.28
4.5
7.47
4.22
6.13
4.84
4.79
7.34
7.53
5.72
6.57
4.19
4.32
7.38
5.46
9.18
9.55
5.39
5.72
9.08
5.83
6.93
5.28
6.23
5.92
4.14
5.32
5.51
6.29
7.6
4.17
4.24
6.26
5.31
5.78
4.99
4.33
7.09
5.44
7.24
8.1
9.63
5.49
4.24
6.34
8.69
6.58
4.4
6.69
7.11
6.69
7.43
5.34
7.02
7.35
7.37
4.04
6.4
4.26
4.72
6.05
5.18
6.83
7.08
9.96
5.46
4.29
8.29
4.32
8.08
9.09
5.27
9.72
7.86
4.84
4.41
8.47
4.37
5.17
7.97
10.63
7.11
5.24
5.68
6.3
5.74
4.59
9.79
10.23
8.21
4.39
6.09
7.28
8.98
4.58
5.96
9.47
12.82
5.55
9.91
9.25
4.29
6.43
9.39
8.2
4.55
7.55
4.65
6.89
10.32
5.99
5.87
6.62
6.51
4.95
7.33
6.24
4.58
5.85
6.68
6.05
4.93
7.24
4.35
8.03
5.77
7.29
7.31
7.46
5.03
4.28
4.2
4.21
9.88
6.72
5.14
4.13
5.02
4.75
9.98
4.76
6.53
4.93
12.08
7.49
4.88
6.09
7.97
8.69
4.28
4.26
4.23
4.05
6.45
4.58
6.87
10.36
4.28
9.81
11.56
4.11
6.51
6.22
4.69
6.73
7.42
5.23
7.35
5.84
9.01
7.21
7.08
7.57
9.61
4.07
10.17
7.02
11.04
4.17
12.38
11.7
9.55
10.76
6.28
4.24
4.86
6.48
5.19
7.16
6.97
5.59
4.68
4.09
6.3
4.02
6.19
10.13
4.1
4.21
7.34
8.17
9.62
9.05
9.89
6.1
5.31
7.88
7.42
7.04
7.61
6.65
8.66
5.31
8.8
4.87
4.23
5.55
4.41
4.25
4.34
7.56
7.35
4.44
9.7
9.17
6.35
7.3
5.73
6.43
7.43
10.65
5.73
6.29
8.4
8.87
8.37
4.43
7.2
5.51
8.26
8.83
6.47
7.97
7.39
5.69
6.09
5.93
7.39
8.03
11.88
5.69
10.49
7.85
5.28
5.29
4.02
6.57
8.51
8.51
6.03
9.46
4.22
5.97
5.52
8.08
7.77
4.45
8.18
5.82
7.53
6.87
5.65
4.92
4.3
6.38
4.26
5.93
4.25
7.22
4.09
4.28
4.64
5.28
14.25
8.68
6.56
5.69
6.24
4.61
5.47
8.08
8.53
4.15
4.15
7
8.76
7.13
7.29
6.13
7.38
6.38
6.39
8.23
7.02
6.31
7.64
8.74
4.05
4.33
7.33
4.1
6.7
7.97
11.88
9.19
8.63
6.02
8.42
11.11
5.06
4.15
7.65
4.32
8.14
6.26
9.13
7.75
6.63
7.6
6.14
4.29
7.77
6.6
5.09
4.35
6.06
4.51
4.97
6.6
10.97
8.64
8.35
5.86
5.8
5.39
10.39
4.97
8.48
8.82
7.11
7.98
7.95
10.4
5.92
4.04
5.83
15.32
7.84
8.48
9.89
8.07
5.07
5.46
5.6
8.56
4.22
10.48
9.89
7.57
6.59
8.05
5.57
7.02
4.2
8.83
12.68
5.63
4.21
9.8
6.82
7.51
4.52
6.94
6.53
10.78
7.59
10.99
6.81
7.42
6.51
5.58
6.99
8.84
6.26
4.1
6.55
6.1
9.43
6.83
5.25
4.09
4.55
4.48
5.53
5.25
7.33
5.3
7.29
4.07
7.84
5.28
4.06
4.27
10.14
4.35
6.84
4.58
6.46
7.59
5.6
6.65
5.33
8.8
5.81
6.69
4.32
8.42
4.35
8.31
6.29
4.4
6.66
8.47
9.11
6.14
8.58
7.91
12.56
5.36
7.55
4.4
4.72
4.2
5.37
8.14
4.28
7.25
4.11
4.32
9.14
6.19
5.54
9.63
5.07
4.38
6.78
7.82
4.43
5.98
5.78
5.38
6.51
5.99
7.9
6.48
5.16
4.15
4.4
4.41
6.98
6.16
6.99
9.15
7.39
6.17
5.08
6.01
9.26
5.53
5.8
5.72
6.02
7.89
7.24
4.22
5.32
4.82
8.28
4.24
13.28
8.46
4.42
8.25
4.28
7.21
4.17
4.24
7.79
9.01
7.28
7.51
4.24
6.41
6.15
4.54
9.72
9.18
6.37
5.62
5.54
6.76
5.05
7.42
5.67
5.86
4.53
4.39
4.28
5.42
4.7
5.51
6.52
9.94
4.17
4.61
4.64
6.69
4.83
4.14
6.76
5.54
5.41
4.7
5.7
4.33
4.08
8.27
6.16
4.33
5.94
6.21
8.35
4.28
4.57
8.21
6.43
9.73
4.77
7.31
5.77
7.89
9.24
8.12
5.23
6.82
9.84
6.79
6.45
11.12
6.79
7.36
11.01
6.2
4.16
7
7.78
6.11
4.13
8.41
6.28
12.81
9.35
5.65
8.86
7.13
10.17
6.24
6.26
9.37
6.84
6.34
8.63
10
6.75
6.25
8.66
6.56
7.13
6.05
5.92
10.45
4.53
5.87
4.98
4.21
7.79
8.4
6.58
6.2
4.27
8.2
4.04
10.43
8.79
9.52
10.84
5.95
8.05
6.28
7.48
7.14
6.74
4.07
5.08
6.13
10.52
7.86
7.69
9.39
4.33
4.23
4.2
8.32
5.14
6.57
4.1
6.72
7.08
5.44
7.19
5.77
9.18
7.11
8.01
4.53
8.66
7.8
7.6
8.38
8.4
6.1
4.89
6.06
6.46
6.6
9.03
7.37
7.92
9.41
4.11
5.07
9.47
4.05
7.15
4.98
4.25
5.92
5.03
4.43
6.61
4.39
6.22
4.33
8.57
6.31
4.82
7.69
4.53
5.75
5.25
7.43
6.53
6.47
8.2
4.24
4.25
4.13
6.11
6.3
6.86
6.88
4.3
6.3
6.78
7.08
4.98
4.44
6.1
5.78
4.55
7.03
7.01
6.17
6.47
7.04
7.99
6.23
4.14
6.09
9.75
6.86
7.63
5.89
5.04
7.11
4.08
6.4
5.05
7.79
5.4
6.42
7.64
7.63
5.17
5.4
7.73
4.47
6.56
5.31
6.42
8.51
6.85
6.05
4.7
5.02
5.8
4.24
6.18
4.97
5.23
4.3
7.52
10.51
8.45
7.32
11.14
4.45
5.1
4.35
6.25
8.61
7.32
9.09
8.14
8.84
7.97
6.9
7.12
6.24
8.55
7.95
4.21
5.84
7.03
15.19
5.68
6.82
6.66
4.97
7.31
5.98
4.73
7.24
8.93
6.45
9.67
4.33
5.51
6.83
7.07
4.37
7.3
5.39
18.83
8.04
5.63
9.6
6.81
7
7.73
5.1
8
4.63
6.4
4.3
8.26
6.75
8.08
9.28
11.46
5.12
4.23
5.01
4.4
8.31
9.38
4.52
9.72
4.68
5.53
8.78
7.31
6.13
6.89
4.36
4.96
5.14
5.92
5.86
6.73
6.53
6.78
5.03
8.02
4.55
4.6
4.17
4.63
5.94
6.63
5.06
7.54
5.93
4.33
4.22
4.33
4.35
4.04
5.7
8.47
11.26
4.3
6.65
6.52
10.1
6.3
6.01
9.7
4.04
10.47
11.44
9.02
8.96
4.2
4.29
4.09
4.24
9.67
11.93
8.55
9.67
5.28
11.14
8.46
10.27
6.52
10.63
4.48
10.2
4.27
8.83
7.86
7.38
7.13
6.37
4.09
7.04
4.81
4.52
4.87
4.41
4.67
7.13
5.18
9.26
4.37
7.71
10.72
4.44
7.06
7.29
6.71
4.5
5.02
7.16
6.08
5.31
4.68
6.99
6.39
8.07
9.01
11.51
5.6
5.62
5.73
10.82
7.05
5.98
6.22
4.82
6.77
7.62
6.22
6.52
6.53
17.14
7.14
4.18
4.95
4.71
6.91
7.98
4.3
5.86
4.24
4.17
6.57
4.86
6.83
4.21
8.5
8.42
4.19
4.97
6.01
10.5
4.26
7.09
6.77
5.77
7.1
11.65
8.01
5.79
6.03
4.84
4.3
4.21
6.32
7.81
7.22
6.19
8.05
5.56
5.21
6.77
6.72
5.07
5.46
9.91
5.16
4.22
5.82
6.98
7.28
7.18
4.14
5.54
4.68
4.2
7.25
6.58
4.21
7.46
5.8
10.23
4.27
4.15
5.31
4.4
10.11
7.11
6.36
5.03
4.2
7.34
5.91
5.49
4.44
4.42
6.15
5.84
4.22
7.68
6.52
8.36
5.6
4.27
8.4
4.05
8.7
7.9
8.96
6.08
7.27
4.44
7.98
6.05
8.3
7.02
7.54
6.5
6.34
5.8
9.72
10.38
4.1
6.25
7.81
5.84
6.77
5.9
4.09
6.46
4.24
6.4
6.95
5.02
7.72
5.48
6.78
4.28
11.04
4.29
4.2
6.47
6.7
9.22
4.08
6.78
7.62
8.86
9.44
4.13
4.48
7.51
5.53
7.06
5.78
4.72
6.51
10.9
7.47
8.36
5.62
9.02
6.32
7.77
7.68
6.14
4.23
9.63
5.24
7.33
7.59
4.06
4.03
4.04
4.3
4.36
9.51
6.32
6.36
5.82
5.59
6.17
7.2
3.1
3.45
7.35
5.83
4.43
4.76
5.37
3.34
4.88
3.08
5.73
7.83
7.1
5.31
3.8
3.71
5.01
3.3
4.93
3.06
3.18
3.14
5.94
5.04
3.64
7.9
4.79
4.14
8.63
5.33
4.71
3.16
3.57
4.91
8.74
4.36
6.13
4.19
5.24
5.81
5.61
3.07
4.5
7.42
6.29
7.96
4.95
4.58
4.52
4
7.08
8.26
4.28
6.61
4.98
3.79
3.19
4.53
5.1
7.1
3.2
4.65
6.98
10.07
3.37
8.1
7.38
3.14
3.74
3.03
10.7
5.48
5.77
8.57
4.53
5.72
5.21
6.96
9.66
7.86
6.91
7.92
9.39
4.83
4.94
5.11
3.16
3.23
5.38
4.36
5.53
3.02
3
3.36
4.78
5.24
3.1
4.99
4.77
3.02
6.04
6.11
4.77
3.3
5.67
8.74
3.32
3.42
5.64
7.93
7.68
3.18
5.72
4.7
7.09
3.14
3.02
4.4
3.43
4.03
5.31
4.75
5.72
4.84
6.09
3.47
5.06
4.12
4.42
4.67
5.53
4.92
3.52
5.94
5.65
5.46
3.02
3.17
3.11
4.39
5.03
3.1
7.3
6.05
5.72
3.47
7.95
3.04
7.39
3.3
3.35
4.95
5
3.04
5.39
4.47
4.86
4.04
5.39
4.9
3.18
3.34
3.18
8.25
7.29
4.78
3.58
5.09
5.84
6.63
5.8
6.58
3.23
9.61
10.75
3.71
4.24
6.28
4.2
7.01
5.55
6.22
3.49
5.47
3.18
5.38
3.25
3.13
3.32
7.32
3.15
4.53
4.8
3.14
5.71
16.81
5.1
3.84
3.62
6.16
3.06
5.16
3.31
5.6
3.35
6.27
6.41
5.69
8.29
4.74
4.66
4.67
4.77
3.57
5.09
4.66
6.27
4.4
9.25
6.43
3.29
9.78
3.62
6.06
3.6
3.15
5.69
5.12
5.36
3.24
5.6
6.76
6.37
5.19
4.84
4.46
5.69
6.61
8.09
5.98
3.31
3.18
7.38
8.32
5.74
3.63
7.63
4.61
4.64
3.33
11.9
3.14
7.53
3.46
6.09
5.57
12.44
3.2
3.69
3.09
4.74
6.01
9
3.69
3.07
9.22
4.24
3.32
7.62
6.74
5.1
6.31
5.56
8.44
5.07
5.34
7.63
8.42
5.03
5.77
3.09
3.23
6.36
4.93
7.58
5.07
3.31
3.27
3.04
3.18
6.25
3.1
6.2
3.03
5.62
5.1
7.31
4.32
7.67
6.25
5.17
3.06
6.62
6.42
4.6
3.92
3.23
5.48
5.39
5.15
7.17
3.18
6.63
3.58
3.32
5.57
3.46
3.4
8.24
3.02
3.14
3.06
3.2
3.49
3.46
5.35
3.4
3.57
3.14
3.19
3.81
5.36
5.45
3.24
5.31
8.13
3.32
5.49
6.75
4.12
5.28
3
7.51
4.86
3.6
6.7
3.87
4.17
6.27
3.19
5.05
4.55
6.62
5.41
5.09
7.57
9.11
3.04
8
4.64
6.73
10.35
8.46
5.08
4.36
6.22
3.16
3.2
3.07
5
5.28
3.37
5.14
3.09
10.34
5.8
8.84
5.93
7.29
8.97
3.09
6.08
3.47
5.26
6.63
5.98
3.25
5.83
3.24
4.81
4.68
5.08
10.12
7.68
6.13
5.95
27.09
7.5
5.78
3.45
3.17
3.21
4.36
5.87
7.02
5.7
5.16
7.37
3.32
6.87
3.22
3.48
3.17
3.12
8.3
3.54
6.59
5.28
7.02
5.17
6.49
4.27
5.07
4.54
4.39
3.08
6.7
5.85
8.99
3.26
3.18
5.22
5.06
6.78
4.33
5.01
5.84
7.27
8.35
4.13
3.23
4.87
4.85
3.22
5.86
3.04
7.7
5.84
4.48
3.39
5.88
3.31
5.55
3.87
3.26
6.31
4.99
5.27
5.34
6.73
5.6
5.02
3.61
5.01
5.16
6.97
5.57
9.38
6.44
3.75
5.02
3.1
6.68
4.66
7.11
3.07
4.39
4.52
5.55
3.16
3.56
3
5.02
4.78
4.19
5.47
8.1
4.61
4.14
4.48
6.09
4.86
3.2
5.63
4.95
3.5
4.55
3.09
3.26
7.41
8.23
4.11
4.5
4.93
6.85
3.13
6.37
4.94
6.66
5.84
6.09
4.09
4.13
4.91
4.6
3.3
8.33
7.01
6.93
5.72
6.06
7.49
8.27
4.88
7.29
8.64
4.8
7.62
6.19
4.73
5.17
4.87
3.1
3.04
7.94
3.02
3.03
3.42
7.03
3.92
5.31
3.36
4.59
4.6
3.36
3.62
4.94
3.29
5.32
6.76
3.04
3.55
4.29
5.71
3.02
5.11
4.56
5.74
3.13
3.04
3.05
6.19
3.09
3.06
3.74
3.27
3.55
3.18
5.16
3.28
6.73
5.03
8.09
4.79
5.33
4.27
4.87
9.32
4.13
3.01
3.37
3.14
4.95
4.67
4.57
6.61
8.42
5.22
3.04
8.86
5.11
5.45
3.58
3.18
3.28
3.12
5.95
5.64
7.48
3.36
6.87
7.1
7.66
5.28
5.75
4.6
6.87
8.79
3.33
3.66
3.18
5.97
5.39
4.9
5.49
6.36
6.76
3.17
4.87
4.87
3.23
3.36
5.5
7.36
3.17
10.35
5.27
6.79
6.77
6.19
6.91
3.13
5.44
3.18
3
3.16
4.63
8.07
3.03
4.8
6.37
3.59
3.18
3.06
5.35
5.64
5.63
4.32
6.67
3.11
4.49
3.86
5.35
7.31
5.48
4.65
4.54
5.14
5.47
3.25
3.02
5.12
3.71
4.94
4.56
3.08
7.09
4.64
3.1
3.2
5.12
3.2
5.91
7.36
3.2
3.42
3.19
3.04
6.06
4.73
4.51
3.12
7.25
4.62
5.23
3.1
5.58
3.05
3.29
4.03
4.93
3.33
3.12
5.2
5.82
5.26
3.22
4.47
4.89
3.27
3.15
3.94
8.46
4.43
3.87
3.31
5.68
5.98
4.76
5.89
3.31
7.3
3.46
4.16
8.25
3.2
6.71
3.45
5.37
5.08
3.44
6.59
3.11
5.69
6.11
3.29
3.5
3.61
8.32
6.83
3.91
3.16
7.61
3.25
4.5
5.41
6.22
3.17
3.04
4.97
3.04
3.19
8.53
3.11
7.08
3.38
11.06
3.46
5.07
5.87
5.1
3
3.01
3.09
8.84
6.37
5.61
4.37
3.03
4.31
6.57
3.02
6.18
8.4
3.14
7.14
3.05
5.26
9.1
4.94
3.99
5.69
6.01
5.31
10.36
6.95
4.9
3.39
3
3.23
3.01
4.71
7.75
3.11
3.82
3.03
3.21
3.19
3.33
6.36
3.16
3.05
6.34
3.14
8.73
7.23
6.14
8.01
5.15
3.08
5.23
3.19
7.52
4.63
4.72
3.12
5.42
5.48
3.03
3.21
3.51
6.07
6.17
3.03
6.33
3.14
6.07
6.35
3
4.04
4.7
5.55
6.2
5.12
5.73
4.78
3.05
5.23
7.41
5.08
3
7.61
4.45
3.05
3.48
4.91
4.13
3.25
3.62
6.78
7.06
3
3.11
7.34
5.23
4.65
5.5
7.57
7.43
6.24
5.41
6.81
4.77
3.37
3.41
3.12
3.12
6.8
3.24
3.35
3.09
5.69
6.94
4.41
7.73
5.76
4.43
7.67
4.71
4.59
5.97
3.1
4.65
4.87
5.06
5.02
4.33
7.37
6.07
4.74
5.32
6.9
3.06
4.93
6.42
3.2
6.97
5.59
8.04
4.51
8.32
3.25
4.95
6.3
5.72
4.89
4.02
3.1
3.61
4.92
8.56
7.54
3.3
4.99
5.65
4.11
7.33
5.72
7.62
7.7
7.16
7.36
5.23
7.42
6.95
3.19
6.69
6.26
3.19
7.69
6.91
7.13
4.69
4.66
3.16
7.33
7.58
6.69
3.52
5.2
3.72
3.35
4.66
6.35
3.45
3.17
7.95
6.91
7.56
3.68
3.25
3.03
4.46
4.48
3.1
4.68
3.43
3.25
3.06
4.29
4.82
5.29
6.54
6.02
6.9
4.53
11.86
3.52
4.29
6.51
3.29
3.35
3.12
6.73
4.57
3.51
3.23
4.48
3.2
3.28
3.85
4.86
4.67
3.43
4.24
4.78
4.36
3.41
4.92
5.39
7.13
5.71
5.09
5.36
4.87
8.1
4.87
4.82
3.26
5.24
3.18
3.18
4.84
7.83
4.62
3.2
3.07
3.27
5.23
3.45
3.21
7.02
6.85
6.35
5.51
3.3
5.45
4.93
5.62
4.78
6.89
4.7
4.47
3.36
6.68
3.59
4.3
6.32
5.78
5.91
5.23
6.78
7.38
3.82
4.75
7.21
5.08
3.17
5.13
5.15
6.85
5.3
3.29
8.57
3.04
3.18
3.4
3.07
3.21
6.72
5.04
4.2
4.86
3.77
6.21
8.16
6.29
8.28
3.34
3.52
3.06
4.23
6.14
6.83
4.92
3.45
4.7
3.41
7.95
6.06
5.37
3.02
7.89
7.03
5.59
4.29
4.62
6.97
3.29
3.27
6.43
4.39
4.43
6.86
8.2
3.09
4.81
10.6
3.07
5.12
3.6
3.32
5.53
7.18
4.29
4.84
7.61
4.79
6.83
4.93
7.41
3.27
3.39
3.23
6.38
3.57
4.84
5
7.95
3.18
6.24
5.52
5.29
3.37
7.83
12.1
5.53
4.85
6.56
7.3
4.87
7.44
10.36
4.99
5.64
7.61
6.95
7.1
4.9
6.94
7.25
4.79
6.85
3.29
4.57
7.84
4.92
8.34
8.37
5.11
6.12
9.05
4.92
3.57
5.4
7.47
3.48
4.71
5.67
7.51
5.91
4.39
8.98
3.16
4.88
3.3
6.71
4.73
3.25
3.46
6.79
5.16
5.61
3.74
8.74
8.84
4.68
3.43
5.38
6.11
3.2
6.26
5.13
3.18
4.75
6.13
3.23
6.6
4.69
4.62
5.04
3.04
5.55
6.47
8.41
8
3.4
3.04
4.78
8.02
3.77
6.41
3.72
3.17
8.14
3.68
3.6
8.8
5.19
5.31
9.38
8.3
5.19
3.75
5.98
5.51
10.05
4.77
4.19
5.98
7.35
6.02
3.39
4.37
6.52
5.75
3.32
4.55
4.67
3.3
7.74
3.27
6.45
7.66
5.97
7.93
5.53
3.33
6.76
4.82
4.77
4.15
7.83
6.49
4.89
3.4
3.44
3.25
3.23
4.99
6.36
5.37
3.2
6.47
3.21
4.59
3.4
3.42
3.49
5.28
6.36
5.65
4.74
3.27
6.05
3.29
6.01
3.16
7.29
8.57
4.47
3.3
9.28
7.21
3.02
3.38
6.22
8.36
7.05
3.26
5.96
3.01
9.42
5.02
7.12
5.02
7.4
4.04
3.53
5.27
3.2
6.78
8.72
5.49
7.26
5.11
5.67
5.7
4.64
3.21
8.37
6.61
3.02
6.04
7.46
3.2
3.39
4.44
5.17
3.02
8.28
5.8
3.35
5.36
5.89
4.94
4.98
6.41
4.72
3.29
4.17
5.8
5.31
4.28
6.18
3.39
6.44
5.36
5.59
4.91
3.51
6.74
4.92
3.32
5.52
6.66
6.96
3.06
4.71
3.09
7.11
3.7
6.17
4.99
5.84
3.24
5.6
3.25
8.26
3.35
7.72
5.47
3.15
3.02
4.88
3.3
5.53
8.75
5.2
3.23
3.08
5.38
5.08
6.28
3.1
5.45
3.16
4.98
10.84
6.54
8.07
5.36
4.72
3.17
4.72
7.94
3.23
5
3
3.26
7.02
4.55
3.23
4.42
3.1
6.16
3.03
5.42
6.87
4.33
4.48
4.85
7.44
4.56
6.06
5.83
3.36
3.22
3.21
5.53
5.41
5.14
3.05
6.75
6.05
3.17
3.14
4.52
3.27
3.08
3.16
5.96
5.7
3.96
3.12
5.9
5.68
4.99
3.03
6.84
6.91
3.36
3.19
3.17
5.57
3.08
3.05
6.3
3.47
3.05
3.65
7.93
3.48
3.04
7.32
3.3
5.13
5.15
5.97
4.5
4.26
4.4
7.88
5.03
6.43
5.92
5.36
8.53
6.47
4.65
6.26
6.64
5.12
5.13
3.51
3.36
4.87
5.25
5.68
3.33
3.29
4.91
5.81
5.04
3.51
4.48
4.33
4.66
6.22
3.15
3.1
9.3
5.04
6.24
5.39
3.93
5.61
5.47
3.3
3.26
5.63
5.73
3.22
3.17
4.41
11.07
6.16
4.87
9.27
7.8
4.38
3
3.27
3.63
4.52
5.22
5.45
3.08
4.67
3.97
9.94
6.95
7.1
5.05
3.39
3.15
6.62
4.63
8.28
8.21
5.03
4.89
7.27
5.31
5.8
5.79
3.27
3.12
3.27
3.09
3.98
3.01
3.47
7.82
6.38
6.62
7.46
4.42
7.25
3.22
6.09
7.15
5.22
4.37
7.57
5.81
3.24
4.64
7.35
9.55
3.3
4.99
3.19
6.62
3.38
3.11
5.07
3.36
5.01
3.3
5.04
6.78
3.1
3.52
3.04
5.45
4.58
5.19
3.6
3.16
3.32
4.96
4.28
7.19
4.98
3.2
8.01
6.24
3.1
9.24
6.63
5.55
3.58
8.85
5.02
5.02
5.61
6.23
4.34
3.94
7.46
3.17
5.07
4.84
5.51
5.31
5.27
3.15
6.05
7.21
3.29
8.02
3.36
4.42
7.98
5.02
5.76
3.66
3.89
6.02
6.66
7.81
6.85
7.26
3.32
3.17
7.01
3.12
3.05
4.12
4.45
8.01
3.98
8.43
3.44
3.57
5.58
4.81
4.06
5.66
4.98
6.26
5.29
5.03
3.12
4.82
9.6
3.19
7.37
6.73
3.25
6.67
6.54
5.49
6.72
3.54
7.07
3.25
4.7
6.62
4.52
3.04
5.4
9.01
5.34
7.1
5.27
4.94
8.14
3.05
4.5
3.39
4.45
3.15
9.22
3.07
5.12
3.07
3.29
3.19
4.43
4.55
5.43
7.68
4.35
5.63
4.68
6.87
5.21
4.73
5.27
6.91
4.76
3.02
4.12
7.97
3.17
4.98
6.08
3.2
4.44
6.44
7.26
3.35
5.25
3.17
4.55
7.88
5.19
3.16
6.93
3.5
3.43
5.56
3.47
6.48
4.72
3.36
3.05
6.09
7.26
5.42
4.88
4.17
8.58
3.53
3.5
3.25
3.72
5.85
3.11
6.46
4.73
3.37
3.1
3.23
8.93
4.15
4.41
3.16
3.22
7.05
4.33
3.1
5.33
3.16
3.28
8.91
3.08
6.32
4.87
6.6
6.8
4.45
5.28
4.77
10.21
7.63
3.13
5.62
3.43
8.19
4.65
3.22
4.56
8.37
3.18
10.27
5.6
5.44
3.06
4.6
3.23
4.14
7.51
5.52
6.54
6.59
3.17
5.22
3.17
7.5
8.87
3.19
3
3.35
4.82
5.42
8.19
6.37
9.77
6.52
3.5
5.05
7.82
4.47
8.2
5.79
7.98
5.5
3.09
4.37
4.6
4.72
4.57
6.24
5.23
4.8
6.66
3.22
3.4
6.95
8.21
3.14
8.09
3.12
6.14
4.15
5.52
4.93
5.78
5.35
6.34
5.65
4.9
3.17
6.97
5.99
6.27
6.35
5.73
7.25
6.66
3.04
7.36
4.5
8.15
3.66
3.65
3.93
5.85
4.35
4.92
4.9
4.65
3.14
3.3
4.85
5.12
6.17
3.08
6.45
5.76
6.52
7.13
5.82
3.58
3.1
4.55
3.18
5.81
3.09
7.2
5.72
3.05
3.04
3.26
6.59
3.08
5.14
8.67
6.65
5.34
8.78
5.18
5.63
4.5
5.54
5.09
6.79
5.64
5.13
6.53
3.28
5.09
3.79
5.94
6.5
3.11
3.41
6.67
5.58
3.62
3.3
3.08
5.93
3.36
6.35
3.35
3.7
3.39
5.09
3.21
4.9
6.72
3.41
3.52
6.99
4.77
4.53
6.62
6.8
5.34
5.13
5.61
5.36
3.35
4.33
4.45
3.62
3.38
7.64
5.16
4.57
3.08
5.98
6.44
6.15
5.08
6.13
7.06
8.2
4.43
4.71
3.35
5.95
6.7
6.02
3.59
3.19
4.68
5.15
3.3
3.44
8.57
7.27
6.53
5.44
3.06
6.22
3
3.97
4.23
9.14
6.42
4.71
3.24
7.72
4.91
4.54
6.99
4.33
6.47
3.88
8.57
3.06
6.53
3.54
4.66
3.65
5.95
3.23
6.53
3.47
7.57
3.07
8.76
4.8
3.23
4.9
6.62
6.22
3.52
3.1
7.52
3.42
4.7
4.94
5.05
3.04
3.88
6.16
5.16
7.49
4.02
4.83
3.35
5.27
4.67
4.58
10.22
7.65
6.91
3.17
4.06
3.54
6.44
3.27
3.01
6.71
3.32
3.14
5.5
6.74
3.51
3.16
3
5.78
3.17
3.17
6.49
4.64
5.48
3.95
4.42
3.34
3.1
5.22
4.48
4.49
7.57
6.11
4.12
4.11
5.03
3.15
8.6
7.18
5.51
5.25
3.24
3.19
3.09
7.43
3.18
14.72
3.44
5.39
6.88
4.68
3.1
6.43
3.33
5.77
3.41
6.17
6.56
5.15
3.27
4.64
3.06
3.43
4.31
5.35
3.22
5.76
3.39
5.18
3.14
4.19
7.62
6.98
5.95
4.54
4.87
3.19
4.62
5.43
3.11
5.75
4.6
6.94
9.04
4.74
8.18
6.8
3.32
4.65
4.46
7.51
3.28
7.11
5.93
4.04
7.21
5.76
3.19
3.18
5.69
3.32
5.45
3.39
3.31
5.16
5.11
5.65
4.95
6.13
5.52
5.25
9.28
3.3
5.2
4.75
7.25
3.01
5.98
4.75
4.11
4.73
4.39
7.09
7.21
3.98
5.37
3.88
9.34
7.1
5.29
7.23
7.98
4.57
3.21
3.01
7.23
7.74
6.66
5.21
5.02
4.91
4.85
4.12
3.42
3.08
5.51
9.53
3.27
3.35
3.47
3.01
3.15
6.39
3.05
5.59
6.38
5.73
6.06
5.48
4.41
7.75
6.14
3.04
3.01
5.19
3.53
3.19
6.78
5.43
7.23
3.11
3.39
4.97
3.3
4.93
3.24
6.72
3.31
7.8
4.98
5.82
6.43
4.61
3.21
5.66
3.05
6.43
8.38
6.98
4.34
3.19
8.82
7.59
3.14
3.11
3.34
4.77
5.42
4.18
3.09
4.54
6.57
6.99
6.5
4.94
3.23
4.29
4.88
6.16
4.35
6.06
5.42
5.94
6.77
7.28
4.16
7.44
7.68
5.48
4.18
8.58
8.49
5.23
6.53
5.76
5.87
3.86
4.72
5.23
4.92
7.39
6.89
5.9
4.92
5.73
4.7
4.86
4.31
4.11
4.52
4.71
8.29
6.54
4.45
3.26
5.17
7.02
8.22
5.06
5.1
6.46
5.4
6.03
4.78
4.98
7.45
4.59
4.08
3.12
3.03
3.08
8.31
4.57
3.28
5.19
3.14
4.52
8.09
7.15
7.2
5.11
4.65
4.36
3.12
6.66
4.74
5.04
8.78
4.9
5
4.72
3.54
6.57
3.32
3.51
3.11
5.71
3.84
6.36
3.25
3.49
3.26
3
3.14
3.46
3.25
5.05
3.36
6.83
6.84
5.98
6.45
8.24
6.48
8.79
6.16
8.58
9.31
3.76
5.36
6.75
4.04
5.25
3.11
5.04
7.12
10.34
3.37
7.29
3
8.08
7.4
3.25
6.77
3.04
5.22
4.93
7.12
8.85
5.72
4.55
5.58
3.14
3.52
5.59
5.19
5.59
4.49
3.32
7.93
4.38
8.99
8.68
3.1
4.65
7.69
5.71
4.81
4.47
5.22
9.48
5.21
3.31
5.47
7.05
6.49
8.05
6.34
5.43
6.92
8.02
4.63
4.71
5.71
3.2
3.07
4.62
3.16
5.78
3.54
4.83
7.11
5.44
3
4.81
3.2
5.69
7.28
5
3.23
3
3.14
6.71
4.48
10.12
5.57
3.32
3.13
4.99
6.47
6.51
6.29
4.99
3.2
3.02
5.13
4.86
3.25
3.26
3.11
5.21
3.34
3.41
4.53
6.84
6.71
5.09
5
3.13
4.54
3.03
5.13
7.13
7.26
4.85
5.58
3.35
3.03
4.86
4.86
8.3
9.1
3.4
5.39
7.69
7.01
5.46
5.16
5.22
3.77
6.38
6.41
3.46
5.72
3.3
3.42
5.88
5.79
4.02
3.02
5.92
6.33
3.06
4.8
3.27
4.55
3.14
4.87
9.37
9.34
3.83
6.27
4.7
5.43
4.96
5.69
7.08
5.17
2.09
5.57
4.4
3.54
2.01
2.05
2.12
3.53
2.53
2.05
4.75
3.89
2.05
4.18
2.26
4.07
2.2
3.92
5.41
2.07
3.08
2.47
2.74
2.27
2.07
4.39
4.85
2.01
6.97
2.62
2.01
2.12
2.57
3.55
2.13
2.04
3.35
2.32
2.08
2.42
3.71
2.31
2
3.25
2.11
2
3.12
5.71
3.63
3.97
2.08
2.14
6.11
2
3.6
2.1
4.41
2.16
2.18
2.23
3.94
2.01
2.03
5.81
2.76
6.79
20.39
3.63
5.46
3.34
3.44
2
4.43
7.25
2.11
2.15
2.2
2.02
2.03
3.37
2.19
2.02
3.79
2.03
2.02
2.3
3.69
2.29
4.56
7.62
5.85
5.71
5.26
2.01
4.45
2.08
3.45
3.87
3.66
9.28
2
3.07
2.24
4.72
3.88
2.22
2.66
5.35
2
2.11
4.12
4.11
2.11
2
2.04
2.11
2.25
2.76
5.12
3.94
2.08
2.08
4.51
4.85
4.05
2.46
2.29
4.38
4.82
1.13
3.17
1.02
3.87
4.57
1.1
2.58
1.86
1.05
1.03
1.03
3.25
3.27
1.07
2.88
1.16
1.4
1.01
1.01
3.55
2.46
1.13
1.03
2.24
3.56
1.41
3.61
1
1.03
1
1.17
1.01
1.02
1.57
5.9
1.06
1.14
1.11
1.03
3.26
1.2
4.2
4.33
2.61
1.02
1.2
3.7
1.07
1
1.02
1.11
4.57
3.4
1.26
1.06
3.41
1.12
1.13
1.02
3.26
2.55
1.9
2.52
1
1.15
1.08
1
3.04
3.97
1.02
2.16
2.48
1.05
1.36
1.11
1
1.34
1.11
1
1
1.05
3.19
1.19
1
1
1.08
1.3
1.01
1
4.27
1
1.07
4.09
4.97
2.84
3.69
1
4.47
1
1.05
3.05
3.98
1.03
1.06
4.21
1.14
1.03
5.03
1
1.14
1
1.08
3.26
4.1
1
3.45
1.02
1.14
3.63
1
3.34
1.21
1
1.14
3.67
1.02
2.69
4.37
1.02
1.09
1
1.12
2.79
1.18
1.02
1.83
1.24
1.12
3.47
1.05
3.4
1
3.87
1.12
1.57
1.28
5.33
3.19
1.6
1.01
3.46
5
3.74
1.32
1
1
1.02
1.01
1.07
1.5
1.08
1.2
3.3
3.34
1.12
1.12
1.04
3.68
3.84
1
1
1.14
3.58
3.56
2.81
1.11
3.87
1
1.14
1.01
1
1.13
1.03
1.01
1.11
3.87
2.99
3.17
1
1.28
1.06
1.19
2.9
3.23
3.55
1.04
2.98
1
3.89
3.71
1
1.15
1
2.12
1.03
1
3.73
3.93
1
1.04
1.18
1.17
1.63
1.38
4.4
1.02
2.11
4.47
1
1.06
1.07
1
3.33
1
1.17
1.06
1.27
1.57
1
1.23
1.02
2.83
1.27
1.02
1.09
1.37
2.08
1.41
1.11
1.71
1.22
1.03
2.9
1.02
1.27
1.11
1
1.19
1
1
3.44
1
1.15
1
1.24
1
1
1.11
1.1
1
1.07
1.16
1.37
1.08
1
5.09
1.04
1
1
3.08
4.48
1.17
1.01
1
3.84
1.02
4.86
4.74
1.16
3.36
1.04
1.16
1
1.05
2.08
2.89
1.09
1
1
2.98
1.05
2.26
1.11
3.77
4.16
2.75
3.2
5.57
3.36
4.48
1.01
1
2.06
3.56
1.11
1.13
1.02
1.1
1
1
3.75
2.94
1.21
1.19
4.75
3.18
1.01
1
3.29
1
1.16
1
3.59
1.05
1.18
4.02
4.18
1.02
3.94
3.78
1.21
2.99
3.26
1.09
4.38
3.53
3.18
2.02
1.13
1.03
1.07
3.11
1.1
1
2.87
1
1.07
1.69
1.12
1.04
1.01
1.54
3.81
3.63
1.23
3.86
2.62
1.13
1
1
1
1.07
1.03
1.58
1.34
2.62
3.84
4.29
3.39
1.12
1
1.1
3.71
1.55
1
1.4
3.92
1
1.87
3.71
3.15
3.86
1.01
4.13
1
3.52
2.13
1.33
2.17
1.35
2.86
3.46
1
1
3.9
1
1.14
1.1
2.34
4.83
1.17
1.29
1
1.04
1.24
3.63
4.04
3.38
1.01
1.08
1.04
1
4.37
2.28
2.78
3.32
1.1
1.33
3.67
1
1.08
1.18
1.11
1.04
5.44
3.65
3.36
1.13
3.86
1
4.5
2.61
1.12
3.71
4.16
2.81
1.02
1.08
1
1.01
1.19
1.09
1.11
3.32
1
1
2.81
1.2
1.11
1.18
1.2
1
3.8
1.01
1.01
1.22
1.16
1.1
3.99
1
1
3.4
4.97
1.05
1.03
1.1
1.02
1.05
3.84
2.18
4.54
1.25
1
4.1
1.57
1.02
3.43
2.72
1.14
2.76
1
1.07
1.17
1.45
1
1.12
2.72
1.12
1.11
3.53
1
1.13
3.33
1.06
3.5
1.17
1.13
1.09
1.01
1.02
2.99
1.86
3.85
4.56
3.5
1.14
1.29
3.91
1.08
1
3.44
2.35
1.01
1
3.88
2.78
1.11
3.28
3.32
1.05
3.85
1.01
1.49
1.03
1
1.03
1.04
1.05
1.01
1.91
1.21
1.18
1.02
3.33
3.33
1
1.09
1
1.19
1.08
1.09
4.27
1.1
1.13
1.05
1.09
3.47
4.31
4.05
3.12
1.08
1.05
4.88
1.19
2.79
1.25
3.7
3.1
4.36
1.02
3.17
1.01
1
1.55
1.02
1.34
4.28
1.09
1.06
1.02
4.58
1
1.09
1
1.05
3.83
1.02
1.7
1.11
1.11
1.03
3.33
1.05
1.12
1.04
1
1.01
1.13
3.58
1.19
3.63
1.04
2.15
1.08
2.95
1.05
2.67
3.9
4.4
1
1.07
1.18
3.16
1.05
1.11
1.19
1
1.09
1.02
4.34
1.07
1
1.2
1.01
2.93
1.02
4.66
1.26
1
1.24
1
1.08
3.81
1.55
1.31
1
1.19
1.01
3.56
1.01
3.59
4.23
1.04
3.72
1
1
1.25
2.56
1.08
1
1
1.03
1.35
4.83
1
4.14
1.01
3.37
1
1.14
1
1.06
1
2.44
3.06
1.37
1.14
1.24
1.02
3.77
4.7
1.03
1.42
3.17
1.03
1
1
1.08
1.2
1
3.87
1.04
3.71
2.96
3.33
1.1
1.03
3.52
1.1
4.14
1.08
1
6.01
1.01
2.03
1.13
2.88
4.15
1.01
1.02
3.23
3.76
1.03
1.07
1
1
4.76
1.13
3.8
3.55
1
1.01
1
4.09
1.04
1.2
4.27
1.08
1.13
3.95
1
4.51
1.6
1.02
1
1.06
4.35
1.04
3.51
2.77
3.48
4.6
2.04
1
1.12
1
1.02
1.82
1
1
4.2
1.11
2.7
3.45
1
1.04
1.11
1.09
1.1
3.27
1.11
3.43
3.16
1.33
1.15
4.48
3.97
3.57
1.06
1
1.47
1.01
1
1.01
3.52
1.02
4.05
1.04
1.44
1.34
1.07
1.99
2.99
1.18
1.09
1
1
4.09
1.13
1.17
1.06
1.05
1.02
1
1.03
1.2
3.05
1.23
3.53
1.1
3.56
1.16
1
1
4.44
1
1.08
1.57
1
3.33
1.02
1
1.04
3.04
3.31
2.28
1.08
3.06
2.89
1.01
1.13
1.19
4.2
1.17
1.05
1
1.07
3.97
1.02
2.73
1.04
1.07
1.02
1.09
3.74
2.56
1
1.07
1
1.01
1.39
1
1.07
5.2
1.01
1
1.05
1
3.31
1
1.15
1.09
2.86
1.14
1.56
3.36
1.14
1.05
1.23
1.11
1.23
2.89
2.99
1
1
1.12
4
1.08
3.96
1.02
1
2.9
1
1.05
1.11
1.08
1
1.04
1.38
1
2.64
2.73
3.76
2.22
3.59
1.1
1.09
1
1
1.74
3.85
1.08
1.15
2.69
1.14
1.01
2.32
1.16
1.21
4.28
1.14
1
1
1.24
1.12
1.01
4.71
4.34
1
1.3
1.06
1
1.92
1.02
4.37
5.14
4.72
1.02
1.12
1.87
1.08
3.18
1.04
1
1
3.3
3.68
1.17
1
1.59
1.64
1
4.12
1
1.11
1.05
1.04
3.7
2.09
5.12
3.48
1.25
1.2
3.37
1
5.09
1.15
2.94
1.03
1
3.53
1.01
1.11
1.15
1.03
1.08
1.02
3.31
5.46
3.71
1.16
3.69
1
1.01
1.02
1.01
3.15
1.09
4.63
1.45
3.21
2.94
3.18
1.19
1.2
3.8
1
4.45
1.17
1
1.03
1.03
3.2
1.01
1.01
4.65
1.36
1.05
4.24
1.07
1.01
1.15
1
4.51
4.83
5.19
1.03
1
1
1.04
3.65
1.31
3.2
1.01
1.55
4
1.86
1
1.11
1.08
3.42
3.14
3.44
1.03
1
3.42
1.16
2.74
1.16
1
1.06
1.34
1
3
1.01
3.18
1.17
3.05
1.72
1.56
2.76
1.02
1
1
1.16
2.84
3.78
2.81
4.73
1
1.14
1.73
1.36
3.27
1.03
4.1
1.06
1
1.02
3.81
1
1.06
7.11
5.25
4.37
1.08
3.08
1
2.19
1.17
1.09
1.12
1.04
2.35
1
5.07
1.03
2.74
1
1.03
4.1
1
1
3.46
3.8
3.51
1.27
1.28
1.09
1.02
1.15
1
1.08
3.1
3.04
1.18
1.01
1
1
1.07
1.11
2.79
1.03
3.26
2.73
1.09
3.6
1
1.04
1.01
1.05
1.14
1.02
1.14
1.04
1.09
1
2.12
1.1
1.08
1.1
1
3.34
3.72
1.85
1.01
1.17
1
1.03
1
1
1.15
1.12
1.29
1.02
1.38
1.19
1
3.44
5.59
1.15
3.51
1.14
2.86
3.22
1.06
1
1
1.18
1.01
1.13
1.15
1
1.05
1.01
1.13
1.26
1.01
1.03
1
3.3
3.11
1.22
1
1.1
1
3.43
2.99
1.02
1.74
1.1
2.54
2.87
1.09
4.47
1.03
3.29
2.68
3.49
1.05
4.3
1
1.08
2.49
1.04
4.43
1
4.82
1.8
1
5.55
5.07
1.27
3.85
1.02
1.06
1.15
2.74
5.28
1.6
3.65
1.8
3.3
5.21
3.6
1.01
2.96
1.26
1
1.12
1.23
4.18
1.19
4
3.8
3.04
3.06
1.01
3.34
3.99
1.03
1.12
3.88
1.11
1.04
1.03
1.09
1.51
3.58
1.1
1.02
4.07
1
3.72
3.36
1.13
1.03
3.51
1
1.04
1.17
3.42
1.03
1.49
3.88
4.7
1
1.02
1.2
1.15
4
1.02
3.99
1.1
1.12
3.98
1.16
1.09
1.01
1.27
3.05
4.63
3.2
1.04
3.94
1.1
1.07
1
3.5
1.07
1.55
1.09
5.23
4.1
3.14
1.06
1.19
2.08
1.07
1
1.03
1
3.62
1
1.72
1.15
1.01
3.64
1.01
1.09
3.31
1.66
1
1.04
1
1
4.8
1.2
1
1.09
1.14
2.55
1.08
1.11
1.46
1.36
1.29
1.11
1.33
1
4.62
4.11
2.81
1
1.22
3.01
2.3
1.15
1
1.42
1.12
3.22
2.79
1.14
1.95
1.48
2.91
3.46
1.41
4.77
4.52
1.96
4.25
1
1.57
8.88
1.75
3.54
1
3.8
1.01
1
1.14
4.41
1.01
1.1
1.47
1.31
1.11
1.09
1.15
1
3
3.51
2.29
4.01
1.27
4.59
1.64
1.2
1.17
2.92
2.87
3.45
2.36
4.51
1.12
1.03
3.71
3.26
3.61
1.13
2.96
1.21
1.09
1.13
1.01
1.03
1.1
1.04
1.87
1.02
1.04
1
1
1.1
1.04
1.08
1.06
1.04
1.04
1
1.05
4.76
1.24
1.05
1
3.06
1.03
1
1.14
3.47
3.86
1.05
1.03
3.1
2.21
2.51
1.13
1.03
2.87
1.08
1.23
1.01
1.03
4.51
4
3.38
1.17
2.41
1
3.78
1.01
4.62
3.83
3.18
3.91
2.65
1.32
1.12
2.8
4.88
4.77
1.15
2
1.89
1.06
1.04
1
2.31
1.04
2.75
2.66
1.2
1.47
1.22
1.36
1.1
4.51
1.04
1.11
1.01
2.74
3.05
1.05
1.05
3.38
1.01
1.01
4.02
2.51
1.01
1.05
1
1
3.16
3.6
3.47
3.77
1.05
1.27
3.31
1.01
1.01
3.38
1.08
5.37
3.11
1.06
1
1
2.85
3.48
1.14
1
1.09
3.7
1.2
3.7
1
1.1
1.01
1.27
1.21
1.09
1.12
1.33
1
1.12
1
1
2.37
1.04
4.39
1.38
1
1
1
1.04
1.02
7.43
1.03
1.04
2.92
1
3.47
1.06
2.83
1.41
1
1.13
1.17
1
2.5
1.06
1.22
3.57
1
1.04
1.01
1
1
1.12
1
3.88
4.3
3.84
1.03
1.07
1
2.08
5.36
2.6
1.09
2.6
3.44
1.23
1
1.09
3.02
1.1
1.87
1
1
1.11
1.06
4.09
1.14
1.48
2.25
1
1
2.52
1.02
1.04
1.02
2.71
1.1
1.21
3.69
1
1
1.08
4.44
3.55
1.09
1
2.2
1
1
3.23
1.01
1.29
4.3
1.1
5.84
3.96
3.26
1.18
1.6
1.18
1
1.03
3.13
1.12
1
1.08
3.26
1
1
1.04
3.43
1.01
1
1
1.03
1.03
1.15
3.9
2.88
1
1.15
4.44
3.98
1.08
3.12
1
1
4.71
2.69
1.08
1.24
3.55
1.61
1.05
3.71
2.28
1.15
4.55
1.15
4.15
1.18
5.18
1.01
1
3.17
1
3.85
3.46
1.21
1
1.01
1.01
1
1.17
1.05
1.07
2.95
2.88
4.63
3.73
1
1
2.45
3.11
4.37
1
1.09
1.21
1
2.73
1.08
1.23
1.09
1.07
1.63
1
2.62
1.06
4.2
4.49
1
1
3.14
3.95
1
5.29
1.03
1.29
2.55
3.29
2.25
4.77
1.18
1.03
1.02
1.14
2.77
3.63
4.73
1.01
3.04
4.18
1.07
1
3.95
4.79
1.08
1.57
1.23
1.19
3.3
3.18
1.01
1.08
1.11
4.22
1.98
1.03
3.38
1.01
3.32
1.19
4.5
1.18
1.05
1.06
2.99
5.82
1.16
1
1.06
1
4.89
1.07
1.19
1.15
3.04
3.4
3.21
1
1.05
1.28
3.44
4.03
1.06
1.29
5.28
4.64
2.33
1.14
4
1
1.05
5.25
1.15
1
1.8
1.11
1
1.05
1
2.32
4.08
1.45
1
1
1.5
1.13
4.21
4.58
3.02
1.35
1.04
1.05
3.83
5.3
3.86
2.6
1.08
3.17
1.1
3.19
4.32
4.18
1.11
3.03
1.01
1
1.14
2.83
1
1.02
1
1.04
1.01
3.45
1.1
1.12
3.71
3.73
3.52
3.66
1
1.12
1.14
1.16
1.48
3.51
1.59
1
3.16
1
1.08
6.45
2.54
1.13
1.02
3.94
3.88
1.8
3.87
1.1
1
1
1.07
1.08
1.06
1.01
1.1
1.16
1
1.05
2.42
2.75
1.07
1.06
1.01
3.34
1.03
1.06
2.2
3.14
1.3
1
1.05
4.55
1.02
1
3.52
1
1.15
1.18
1.15
1.23
1.01
4.77
1.08
1.13
1.21
4.21
4
1.09
1
1.09
3.14
3.22
1
3.21
1.88
1.24
1.23
1.01
3.92
3.28
1.19
3.53
1.02
1.02
1.08
1
4.23
2.96
1.11
1.1
2.88
1
5.67
4.57
1.01
2.95
1.13
1.22
1.05
1.11
1.12
1.05
1.02
6.04
1.07
1.04
1.18
1.09
1.05
3.84
1.09
1.23
4.09
4.33
1.01
2.71
1.07
2.47
1.16
2.55
3.13
1.03
1.96
1.04
3.92
1.02
1
1.17
3.23
1.03
3.34
1.09
3.04
3.01
1.12
4.43
1.02
1.29
3.8
1.11
3.2
4.18
1
1.13
3.48
1.02
1.13
3.04
1.15
1
3.83
3.22
1
1.17
3.5
4.28
3.31
3
1.15
3.06
1.25
3.59
1.04
1.09
5.65
4.74
1
1.01
3.76
1
1.01
1.11
2.76
1.14
4.97
1
3.24
1.15
4.06
1
1.53
1.14
2.85
1.15
1.01
1.23
1.25
2.84
1
5.23
3.96
1.03
3.41
1.14
1
1.05
1
1.16
3.55
3.69
3.51
1
1
1
1.11
1.45
1
4.32
1
3.37
1.01
1.18
3.27
2.99
1.27
1.09
2.82
1.09
1.06
4.73
1.18
1.03
1
1.18
1
1.02
3.78
1.02
2.15
2.84
1.07
1
1.1
3.28
1.67
3.58
3.07
2.59
1.29
2.7
1.46
4.05
3.68
3.62
1.01
3.42
2.29
4.34
1
3.39
2.41
1
1
1.2
1
1.16
2.75
1
1.24
1.15
1.69
1.01
1
1
1.02
1
1.02
1.01
1.1
1.02
1
3.85
1
1.01
