4377 13131
3.25714
3.06667
3.00952
3
3.04762
3.37143
3.06667
3.17143
3.15238
3.18095
3.08571
3.09524
3.17143
4.07619
3.08571
3.12381
3.07619
3.00952
3.15238
3.08571
3.09524
3.0381
3.08571
3.79048
3.10476
6.00952
3.26667
3.93333
3.41905
3.05714
3.2381
3.10476
3.04762
3.06667
3.02857
3.07619
3.10476
3.14286
3.02857
3.08571
3.19048
3.09524
3
3.02857
3.06667
3.07619
3.06667
3.01905
3.19048
3.10476
3.01905
3.0381
3.09524
3.09524
3.05714
3.19048
3.06667
3.09524
3.0381
3.0381
3.0381
3.49524
3.07619
3.18095
3.05714
3.04762
3.07619
3.2381
3.10476
3.26667
3.08571
3.0381
3.95238
3.07619
3.0381
3.41905
3.10476
3.05714
3.20952
3.09524
3.04762
3.02857
3.09524
3.47619
3
3.07619
3.10476
3.06667
3
3.0381
3.04762
3.28571
3.21905
3.04762
3.09524
3.28571
3.09524
3.07619
3.12381
3.06667
3.18095
3.07619
3.18095
3.24762
3
3.10476
3.04762
3.08571
3.51429
3
3.02857
3.92381
3.58095
3.4381
3.04762
3.48571
3.17143
3.19048
3.21905
3.1619
3.09524
3.09524
3.12381
3.07619
3.06667
3.60952
3.21905
3
3.26667
3.32381
3.07619
3.12381
3.07619
3.05714
3.80952
3.32381
3.4
3.02857
3.24762
3.01905
3.04762
3.12381
3.0381
3
3
3.10476
3.44762
3.32381
3.0381
3.13333
3.20952
3.1619
3.07619
3.06667
3.01905
3.30476
3.10476
3.04762
4.67619
3.02857
3.06667
3.15238
3.08571
3
3.17143
3.05714
3.11429
3.08571
3.01905
3.05714
3.2381
3.13333
3.02857
3.00952
3.12381
3.06667
3.06667
3.19048
3.05714
3.54286
3.10476
3.00952
3.21905
3.1619
3.07619
3.01905
3
3.02857
3.01905
3.00952
3.14286
3.12381
3.02857
3.05714
3.10476
3.00952
3.31429
3.77143
3.04762
3.01905
3.00952
4.53333
3.00952
3.09524
3.2
3.10476
3.01905
3.86667
3.02857
3.01905
3.39048
3.05714
3.07619
3.10476
3.25714
3.17143
3.11429
3.18095
3.04762
3.00952
3
3.50476
3.21905
3.13333
3.05714
3.19048
3.07619
3.21905
3.2
3.05714
4.19048
3.10476
3.01905
3.13333
3.15238
3.09524
3.33333
3.05714
3.04762
3.06667
3.2
3.12381
3.0381
3.13333
3
3.06667
3.10476
3.06667
3.04762
3.08571
3.05714
3.17143
3.00952
3.04762
3
3.33333
3.08571
3.00952
3.13333
3
3.10476
3.04762
3.0381
3.58095
3.47619
3.00952
3.28571
3.06667
3.0381
3.0381
3.14286
3.08571
3.2
3.01905
3.06667
3.06667
3.10476
3.02857
3.14286
3.06667
3.06667
3.06667
3.04762
3.12381
3.07619
3.04762
3.05714
3
3
3.06667
3.08571
3.08571
3.0381
3.09524
3.25714
3
3.67619
3.22857
3.08571
3.06667
3.07619
3.11429
3.11429
3.74286
3
3.40952
3.1619
3.08571
3.15238
3.04762
3.14286
3
3.01905
3.02857
5.3619
3.12381
3.00952
3.05714
3.18095
3.02857
3.09524
3.00952
3.39048
3.18095
3.01905
3.05714
3.41905
3.0381
3.2
3.05714
3.05714
3.0381
3.11429
3.38095
3.12381
3.17143
3.11429
3.2
3.01905
3.00952
3.14286
3.08571
3.04762
3.07619
3
3.02857
3.12381
3.05714
3.02857
3.0381
3.32381
3.0381
3.05714
3.15238
3.11429
3.2381
3.02857
3.02857
3.06667
3.05714
3.01905
3.11429
3.07619
3.12381
3
3.05714
3.05714
3.14286
3.11429
3.05714
3.06667
3.01905
3.19048
3
3.15238
3.13333
3.13333
3.07619
3.11429
3.06667
3.13333
3.0381
3.15238
3.06667
3.71429
3
3.08571
3.05714
3.0381
3.12381
3.05714
3.04762
3.09524
3.35238
3.09524
3.15238
3.24762
3.04762
3.0381
3.2
3.35238
3.81905
3.10476
3.05714
3.05714
3.25714
3.02857
3.02857
3.06667
3.4381
3.10476
3.06667
3.09524
3.3619
3.2381
3.14286
3.05714
3.07619
3.14286
3.25714
3.04762
3.18095
3.0381
3.20952
3.04762
3.05714
3.06667
3.04762
3.05714
3.2381
3.15238
3.0381
3.19048
3.00952
3.05714
3.21905
3.08571
3.0381
3
3.15238
3.09524
3.13333
3.04762
3.04762
3.13333
3.06667
3.12381
3.15238
3.66667
3.06667
3.0381
3.06667
3.49524
3.09524
3.0381
3.0381
3.1619
3.02857
3.7619
3.12381
3.12381
3.07619
3.04762
3.01905
3.22857
4.72381
3.05714
3.17143
3.13333
3.07619
3.46667
3.13333
3.26667
3.06667
3.17143
3.06667
3.37143
3.07619
3.05714
3.09524
3.02857
3.04762
3.01905
3.04762
3.05714
3.11429
3.14286
3.01905
3.05714
3.2
3.05714
3.0381
3.05714
3.10476
3.07619
3.01905
3.07619
3.17143
3.12381
3.06667
3.20952
3.11429
3.22857
3.00952
3.12381
3.07619
3.27619
3.07619
3.02857
3.00952
3.05714
3.07619
3
3.22857
3.27619
3.19048
3.11429
3.05714
3.04762
3.09524
3.07619
3.06667
3.05714
3.08571
3.13333
3.04762
3.15238
3.31429
3.0381
3.06667
3.09524
3.20952
3.12381
3.02857
3.06667
3.12381
3.13333
3.06667
3.04762
3.15238
3.07619
3.73333
3.11429
3.10476
3.25714
3.62857
3
3.05714
3.01905
3.08571
3.06667
3.15238
3
3.13333
3.04762
3.18095
3.07619
3.2
3.04762
4.09524
3.08571
3.06667
3.04762
3.00952
3.0381
3.92381
3.24762
3.04762
3.00952
3.19048
3.00952
4.04762
3.10476
3.06667
3.01905
3.2381
3
3.09524
3.21905
3.04762
3.3619
3.0381
3.02857
3.12381
3.09524
3.00952
3.09524
3.4
3.06667
3.07619
3.13333
3.6381
3.08571
3.06667
3.05714
3.08571
3.6
3.06667
3
3.09524
3.18095
3.04762
3.05714
3.04762
3.40952
3.19048
3.00952
3.0381
3.1619
3.31429
3.19048
3.18095
3.1619
3
3.05714
3.08571
3.09524
3.04762
3.0381
3.06667
3.02857
3.06667
3.1619
3.07619
3.06667
3.05714
3.08571
3.0381
3.08571
3.10476
3.04762
3.2381
3.11429
3.14286
3.37143
3.13333
3.06667
3.00952
3.09524
3.01905
3.18095
3.11429
3
3.01905
3.18095
3.04762
3.12381
3.06667
3.02857
3.02857
3.02857
3.22857
3.2
3.12381
3.01905
3.06667
3.1619
3.08571
3.06667
3
3.04762
3.46667
3.04762
3.05714
3.07619
3.21905
3.54286
3.14286
3.25714
3.9619
3.11429
3.08571
3.06667
3.65714
3.22857
3.0381
3.05714
3.06667
3.1619
3.08571
3.4381
3.00952
3.24762
3.17143
3.04762
3.1619
3.2381
3.05714
3.00952
3.4
3.04762
3.04762
3.18095
3.08571
3.13333
3.05714
3.02857
3.0381
3.2
3.14286
3.10476
3.11429
3.5619
3.24762
3.30476
3.07619
3.17143
3.02857
3.52381
3.12381
3.13333
3
3.04762
3.05714
3.09524
3.22857
3.09524
3.04762
3.00952
3.06667
3.15238
3.09524
3.25714
3.71429
3.09524
3.02857
3.13333
3.27619
3.00952
3.1619
3.15238
3.07619
3.01905
3.12381
3.00952
3.00952
3.30476
3.17143
3.09524
3.05714
3.46667
3.01905
3.30476
3.28571
3.0381
3.09524
3.05714
3.61905
3.08571
3.0381
3.10476
3.20952
3.10476
3.52381
3.1619
3.08571
3.02857
3.07619
3.05714
3.15238
3.13333
3
3.09524
3.17143
3.30476
3.07619
3.11429
3.10476
3.05714
3.12381
3.12381
3.06667
3.20952
3.04762
3.44762
3.35238
3.13333
3.06667
3.08571
3.09524
3.1619
3.28571
3.01905
3.07619
3.09524
3.8381
3.05714
3.11429
3.08571
3.10476
3.05714
3.05714
3.00952
3.02857
3.12381
3.02857
3
3.32381
4.53333
3.98095
3.07619
3.04762
3.07619
3.44762
3.02857
4.06667
3.22857
3.01905
3.1619
3.58095
3.04762
3.06667
3.15238
3.01905
3.17143
3.20952
3.02857
3.09524
3.01905
3.0381
3.0381
3.01905
3.07619
3.00952
3.11429
3.05714
3.09524
3.37143
3.11429
3.48571
3.0381
3.01905
3.04762
3.64762
3.07619
3.04762
3.04762
3
3.2
3.0381
3.08571
3.15238
3.12381
3.04762
3.10476
3.02857
3.12381
3.20952
3.06667
3.06667
3.02857
3.17143
3.05714
3.13333
3.25714
3.15238
3.01905
3.07619
3.41905
3.06667
3.19048
3.0381
3.4381
3.06667
3.06667
3.07619
3.26667
3.01905
3.24762
3.0381
3.29524
3.06667
3.08571
3.08571
3.22857
3.78095
3.13333
3.07619
3.06667
3.48571
3.08571
3.78095
3.00952
3.01905
3.08571
3.22857
3.06667
3
3.06667
3
3.0381
3.04762
3.52381
3.05714
3.04762
3.59048
4.17143
3.0381
3.12381
3.05714
3
3.19048
3.2381
3.00952
3.04762
3.04762
3.0381
3.15238
3.05714
3
3.05714
3.2381
3.07619
3.05714
3.12381
3.09524
3.19048
3.00952
3.10476
3.00952
3.08571
3.11429
3.4381
3.05714
3.22857
3.00952
3.04762
3.08571
3.02857
3.01905
3.10476
3.18095
3.50476
3.06667
3.04762
3.02857
3.14286
3.05714
3.34286
3.09524
3.00952
3.11429
3.05714
3.2
3.19048
3.08571
3.01905
3.40952
3.02857
3.02857
3.0381
3.06667
3.04762
3.07619
3.02857
3.11429
3.34286
3
3.04762
3.00952
3.07619
3.11429
3.15238
3.05714
3.35238
3
3.0381
3.0381
3.42857
3.0381
3.07619
3.15238
3.0381
3.15238
3.30476
3.21905
3.07619
3.04762
3.07619
3.06667
3.01905
3.10476
3.00952
3.06667
3.05714
3.07619
3.08571
3.02857
3.11429
3.22857
3.00952
3.01905
3.06667
3.07619
3.21905
3.10476
3.47619
3.05714
3.09524
3.11429
3.08571
3.08571
3.07619
3.10476
3.07619
3.07619
3.21905
3.13333
3.01905
3.28571
3.50476
3.0381
3.17143
3.0381
3.05714
3.07619
3.28571
3.13333
3.04762
3.02857
3.11429
3.06667
3.29524
3.05714
3.22857
3.07619
3
3.06667
3.17143
3
3.1619
3.18095
3.0381
3.22857
3.05714
3.09524
3
3.29524
3.17143
3.10476
3.0381
3.17143
3.26667
3.06667
3.10476
3.1619
3
3.0381
3.07619
3.19048
3.02857
3.11429
3.05714
3.01905
3.21905
3.08571
3.14286
3.13333
3.06667
3.04762
3.05714
3.02857
3.11429
3.05714
3.04762
3.07619
3.04762
3.02857
3.13333
3.22857
3.0381
3.33333
3.05714
3.04762
3.05714
3.10476
3.09524
3.05714
3.05714
3.22857
3.02857
3.02857
3.11429
3.0381
3.08571
3.0381
3.26667
3.15238
3.15238
3.10476
3.25714
3.04762
3.06667
3.05714
3.0381
3.11429
3.06667
3.19048
3.06667
3.14286
3.07619
3.05714
3.07619
3.05714
3.09524
3.04762
3.06667
3.15238
3.02857
3.28571
3.05714
3.09524
3.0381
3.0381
3.04762
3.10476
3.05714
3.04762
3.15238
3.01905
3
3.06667
3.07619
3.0381
3.10476
3.12381
3.14286
3.00952
3.2
3.24762
3.12381
3.09524
3.19048
3.59048
3.0381
3.18095
3.28571
3.28571
3.15238
3.0381
3.05714
3.05714
3.0381
3.09524
3.04762
3.2381
3.06667
3.02857
3
3.09524
3.19048
3.05714
3.07619
3.09524
3.08571
3
3
3.18095
3.02857
3.02857
3.08571
3.06667
3.07619
3.05714
3.22857
3.06667
3.91429
3.12381
3.06667
3.10476
3.13333
3.01905
3.05714
3
3.06667
3.10476
3.04762
3.2381
3.04762
3.15238
3.01905
3.53333
3.0381
3.06667
3.09524
3.02857
3.04762
3.05714
3.6381
3.12381
3.00952
3.05714
3.02857
3.05714
3.07619
3.01905
3.02857
3.0381
3.00952
3
3.04762
3.04762
3.07619
3.50476
3.12381
3.01905
3.02857
3.12381
3.10476
3.06667
3.14286
3.12381
4.53333
3.2
3.89524
3.17143
3.15238
3.10476
3
3.06667
3.34286
3.06667
3.08571
3.31429
3.08571
3.34286
3.29524
3.10476
3.32381
3.30476
3.0381
3.06667
3.07619
3.20952
3.54286
3.09524
3.11429
3.0381
3.19048
3.12381
4.00952
3.0381
3.08571
3.0381
3.17143
3.11429
3.05714
3.04762
3.10476
3.2
3.07619
3.05714
3.00952
3
3.00952
3.11429
3.06667
3.0381
3.19048
3.02857
3.4381
3.00952
3.1619
3.26667
3.0381
3.00952
3.08571
3.04762
3.1619
3.02857
3.04762
3.0381
3.24762
3.02857
3.0381
3.46667
3.04762
3.06667
3.04762
3.08571
3.13333
3.11429
3.08571
3.07619
3.15238
3.09524
3.2381
3.15238
3.09524
3.06667
3.04762
3.02857
3.09524
3.01905
3.15238
3.0381
3.09524
3.02857
3.01905
3.07619
3
3.28571
3.38095
3.07619
3.06667
3.13333
3.02857
3.1619
3.06667
3.1619
3.0381
3.05714
3.54286
3.30476
3.2381
3.04762
3.05714
3.04762
3.06667
3.00952
3.05714
3.1619
3.09524
3.01905
3.2
3
3.09524
3.35238
3.07619
3.06667
3.11429
3.02857
3.15238
3.05714
3.09524
3.0381
3.4381
3.1619
3.00952
3.06667
3.13333
3.04762
3.1619
3.15238
3.17143
3.06667
3.05714
3.25714
3.00952
3.05714
3.08571
3.02857
3.19048
3.05714
3.08571
3.02857
3.01905
3.06667
3.07619
3.02857
3.15238
3.05714
3.1619
3.32381
3.1619
3.05714
3
3.05714
3.15238
3.20952
3.2381
3.05714
3.00952
3.01905
3.08571
3.06667
3.41905
3.0381
3.20952
3.06667
3.06667
3.10476
3.2381
3.02857
3.04762
3.06667
3.11429
3.00952
3.15238
3.0381
3.06667
3.26667
3.38095
3.20952
3.02857
3.09524
3.07619
3.14286
3.09524
3.05714
3.02857
3.22857
3.11429
3.1619
3.04762
3.06667
3.07619
3.05714
3.04762
3.06667
3.32381
3.11429
3.1619
3.26667
3.01905
3.14286
3.28571
3.02857
3.08571
3.15238
3.07619
3.0381
3.17143
3.60952
3.14286
3.09524
3
3.0381
3.06667
3.08571
3.06667
3.13333
3.05714
3.11429
3.19048
3.33333
3.08571
3.21905
3.09524
3.04762
3.08571
3.08571
3.12381
3.21905
3.2381
3.07619
3.17143
3.08571
3.1619
3.05714
3.12381
3.15238
3.06667
3.57143
3.0381
3.30476
3.07619
3.02857
3.06667
3.09524
3.05714
3.05714
3.15238
3.22857
3.01905
3.20952
3.09524
3.07619
3.06667
3.35238
3.09524
3.05714
3.07619
3.06667
3.01905
3.3619
3.52381
3.07619
3.01905
3.10476
3
3.10476
3.0381
3.11429
3.05714
3.09524
3.02857
3.13333
3.13333
3.02857
3.09524
3.07619
3.28571
3.01905
3.09524
3.08571
3.04762
3.05714
3.07619
3.09524
3.00952
3.12381
3.12381
3.14286
3.13333
3.18095
3.2
3.06667
3.06667
3.08571
3.10476
3
3.06667
3.10476
3.15238
3.0381
3.14286
3.01905
3.08571
3.02857
3.09524
3.57143
3.10476
3.06667
3.08571
3.10476
3.25714
3
3.32381
3.17143
3.0381
3.04762
3.17143
3.04762
3.04762
3.14286
3.05714
3.06667
3.39048
3.07619
3.2381
3.06667
3.02857
3.22857
3.05714
3.06667
3.0381
3.09524
3.02857
3.08571
3.15238
3.0381
3.18095
3.00952
3.07619
3.00952
3.09524
3.18095
3.48571
3.07619
3.02857
3.17143
3.45714
3.06667
3.05714
3.59048
3.02857
3.0381
3.08571
3.77143
3.06667
3.22857
4.31429
3.28571
3.10476
3.04762
3.15238
3.2
3.04762
4.46667
3.49524
3.08571
3.11429
3.01905
3.07619
3.0381
3.07619
3.04762
3
3.09524
3.15238
3.10476
3.05714
3.08571
3.02857
3.18095
3.14286
3.0381
3.09524
3.06667
3.05714
3.0381
3.2
3.26667
3.11429
3.0381
3.06667
3.04762
3.00952
3.0381
3.34286
3.18095
3.01905
3.08571
3.00952
3.0381
3.07619
3.09524
3.14286
3.12381
3.06667
3.20952
3.05714
3.44762
3.11429
3.17143
3.01905
3.13333
3.04762
3.05714
3.2
3.06667
3.05714
3.0381
3.07619
3.00952
3.05714
3.07619
3.19048
3.07619
3.00952
3.08571
3.04762
3.0381
3.00952
3.00952
3.06667
3.02857
3.05714
3.01905
3.08571
3.20952
3.22857
3.14286
3.09524
3.06667
3.06667
3.10476
3.04762
3.07619
3
3.04762
3.04762
3
3.09524
3.10476
3.06667
3.04762
3.06667
3.00952
3.04762
3
3.0381
3.00952
3.07619
3.04762
3.04762
3.10476
3.09524
3.0381
3.12381
3.05714
3.04762
3.19048
3.22857
3.0381
3.15238
3.02857
3
3.14286
3.18095
3.11429
3.10476
3.08571
3.13333
3.08571
3
3.07619
3.06667
3.18095
3.01905
3.00952
3.09524
3.10476
3.22857
3.07619
3.04762
3
3.13333
3.33333
3.00952
3.24762
3.11429
3.11429
3.2381
3.08571
3.07619
3.3619
3.15238
3.11429
3.06667
3.07619
3.01905
3.04762
3.1619
3.1619
3
3.02857
3.19048
3.4
3.13333
3.19048
3.04762
3.08571
3.05714
3.12381
3.04762
3.09524
3.15238
3.05714
3.13333
3.09524
3.11429
3.08571
3.01905
3.10476
3.13333
3.0381
3.11429
3.18095
3.97143
3.08571
3.09524
3.05714
3.06667
3.07619
3.08571
3.05714
3.02857
3.05714
3.06667
3.06667
3.06667
3.09524
3.07619
3.05714
3.04762
3.24762
3.09524
3.0381
3.29524
3.25714
3.17143
3.10476
3.04762
3.02857
3.05714
3.01905
3.11429
3.07619
3.01905
3.13333
3.1619
3.06667
3.14286
3.10476
3.06667
3.13333
3.05714
3.06667
3.04762
3.08571
3.06667
3.07619
3.00952
3.02857
3.09524
3.05714
3.1619
3.46667
3.22857
3.0381
3.01905
3.01905
3.00952
3.33333
3.10476
3.33333
3.12381
3.22857
3.15238
3.05714
3.40952
3.22857
3
3.0381
3.37143
3.08571
3.09524
3.21905
3.12381
3.22857
3.12381
3.05714
3.0381
3.04762
3.08571
3.13333
3.12381
3.04762
3.02857
3.14286
3.79048
3.06667
3.3619
3.02857
3.0381
3.31429
3.13333
3.06667
3.04762
3.11429
3.71429
3.12381
3.01905
3.08571
3.07619
3.12381
3.45714
3.0381
3.05714
3.08571
3.0381
3.13333
3.37143
3.06667
3.0381
3.06667
3.07619
3.04762
3.1619
3.19048
3.15238
3.04762
3.08571
3.26667
3.26667
3.1619
3.14286
3.08571
3.60952
3.01905
3.11429
3.02857
3.29524
3.11429
3.10476
3.0381
3.3619
3.06667
3.07619
3.06667
3.33333
3.10476
3.12381
3.11429
3.31429
3.10476
3.06667
3.2
3.09524
3.14286
3.13333
3.0381
3.11429
3.07619
3.10476
3.13333
3.04762
3.06667
3.19048
3.02857
3.05714
3.07619
3.07619
3.0381
3.05714
3
3.18095
3
3.33333
3.0381
3.13333
3.13333
3.11429
3.05714
3.08571
3.06667
3.1619
3.15238
3.12381
3.01905
3.11429
3.07619
3.11429
3.20952
3.07619
3.11429
3.06667
3.10476
3.17143
3.08571
3.06667
3.10476
3.11429
3.2
3.0381
3.08571
3.1619
3.07619
3.28571
3.18095
3.20952
3.11429
3.11429
3.20952
3.07619
3.05714
3.12381
3.0381
3.17143
3.02857
3.0381
3.18095
3.0381
3.05714
3.26667
3.00952
3.11429
3.13333
3.10476
3.19048
3.0381
3.13333
3.07619
3.0381
3.07619
3.13333
3.07619
3.07619
3.08571
3.06667
3.18095
3.06667
3.11429
3.06667
3
3.75238
3.2
3.06667
3.33333
3.24762
3.10476
3.07619
3.02857
3
3.04762
3.05714
3.27619
3.18095
3.06667
3.14286
3.09524
3.17143
3.27619
3.01905
3.18095
3.09524
3.1619
3.1619
3.10476
3.0381
3.05714
3.05714
3.12381
3.53333
3.05714
3
3
3.0381
3.25714
3.1619
3.11429
3.10476
3.12381
3.08571
3.01905
3.08571
3.15238
3.11429
3.00952
3.01905
3.00952
3.04762
3.04762
3.40952
3.05714
3.04762
3.3619
3.05714
3.06667
3.00952
3.11429
3.06667
3.06667
3.10476
3.05714
3.27619
3.04762
3.10476
3.05714
3.04762
3.00952
3.38095
3.06667
3.10476
3.08571
3.07619
3.17143
3.09524
3.14286
3.09524
3.33333
3.13333
3.05714
3.18095
3.00952
3
3.06667
3.02857
3.15238
3.05714
3.19048
3.02857
3.08571
3.09524
3.0381
3.18095
3.06667
3.2381
3.15238
3.07619
3.06667
3.07619
3.04762
3
3.33333
3.05714
3.00952
3.38095
3.22857
3.02857
3
3.07619
3.2
3.11429
3.06667
3.02857
3.13333
3.04762
3.11429
3.08571
3.04762
3.14286
3.12381
3.0381
3.06667
3.04762
3.06667
3.06667
3.12381
3.05714
3
3.02857
3.15238
3.06667
3.06667
3.46667
3.14286
3.01905
3.04762
3.07619
3.24762
3.02857
3.28571
3.07619
3
3.31429
3
3.05714
3.1619
3.06667
3.08571
3.02857
3.00952
3.5619
3.10476
3.05714
3.09524
3.05714
3.09524
3.00952
3.61905
3.11429
3.08571
3.06667
3.05714
3.25714
3.24762
3.04762
3.04762
3.12381
3.3619
3.02857
3.09524
3.18095
3.0381
3.07619
3.09524
3.13333
3.4381
3.00952
3.06667
3.04762
3.02857
3.01905
3.13333
3.10476
3.12381
3.05714
3.07619
3.08571
3.06667
3.04762
3.01905
3
3.09524
3.24762
3.14286
3.02857
3.11429
3.01905
3.10476
3.00952
3.07619
3
3.14286
3.10476
3.13333
3.20952
3
3.06667
3.21905
3.15238
3.08571
3.17143
3.05714
4.14286
3.08571
3.07619
3.10476
3.26667
3.37143
3.04762
3.05714
3.05714
3.08571
3
3
3.07619
3.01905
3.22857
3.05714
3.06667
3.05714
3.44762
3.10476
3.09524
3.09524
3.34286
3.05714
3.04762
3.15238
3.07619
3.12381
3.05714
3.07619
3.14286
3.00952
3.06667
3.09524
3.02857
3.04762
3.05714
3.05714
3.45714
3.05714
3.05714
3.06667
3.12381
3.2
3.0381
3.00952
3.10476
3
3.05714
3.07619
3.07619
3.08571
3.10476
3.12381
3.02857
3.08571
3.02857
3.0381
3.1619
3.12381
3.12381
3.31429
3.19048
3.19048
3.07619
3.13333
3.13333
3.06667
3.08571
3
3.00952
3.30476
3.11429
3.02857
3.04762
3.07619
3.05714
3
3.10476
3.05714
3.01905
3.11429
3.00952
3.00952
3.06667
3.14286
3.04762
3.05714
3.14286
3.1619
3.05714
3.02857
3.22857
3.11429
3.05714
3.05714
3.12381
3.00952
3.1619
3.05714
3
3.06667
3.09524
3.01905
3.21905
3.06667
3.04762
3.19048
3.10476
3.07619
3.06667
3.01905
3.01905
3.05714
3.08571
3.12381
3.06667
3.17143
3.00952
3.04762
3.22857
3.06667
3
3.2
3.3619
3.0381
3.06667
3.15238
3.05714
3.13333
3.05714
3.06667
3.13333
3.08571
3
3.02857
3.05714
3.04762
3.12381
3.1619
3.05714
3.06667
3.05714
3.0381
3.07619
3.0381
3.19048
3.35238
3.22857
3.04762
3.00952
3.07619
3.01905
3.04762
3.02857
3.08571
3.04762
3.06667
3.09524
3.04762
3.08571
3.0381
3.04762
3.28571
3.09524
3.10476
3.15238
3.11429
3.1619
3.02857
3.14286
3.02857
3
3.31429
3.10476
3.02857
3.04762
3.05714
3.04762
3.20952
3.0381
3.24762
3.05714
3.05714
3.05714
3.02857
3.0381
3.04762
3.25714
3.10476
3.31429
3.09524
3.0381
3.09524
3.07619
3.05714
3.06667
3.41905
3.07619
3.11429
3.07619
3.24762
3.08571
3.06667
3.07619
3.12381
3.08571
3.06667
3.14286
3.11429
3.27619
3.07619
3.3619
3.09524
3.17143
3.13333
3.02857
3.0381
3.06667
3.01905
3.12381
3.07619
3.15238
3.08571
3.09524
3.01905
3.10476
3.0381
3.06667
3.0381
3.04762
3
3.08571
3.06667
3.10476
3.08571
3.09524
3.00952
3.02857
3.12381
3.05714
3.00952
3.07619
3.14286
3.11429
3.10476
3.02857
3.2381
3.10476
3.09524
3.10476
3.13333
3.09524
3.07619
3.07619
3.04762
3.05714
3.05714
3.02857
3.04762
3.2
3.09524
3.06667
3.06667
3.10476
3.19048
3.1619
3.07619
3.2381
3.09524
3.02857
3.08571
3.06667
3.27619
3.0381
3.04762
3.09524
3.12381
3.10476
3.12381
3.04762
3.13333
3.12381
3.08571
3.06667
3.15238
3.05714
3.04762
3.10476
3.17143
3.11429
3.10476
3.12381
3.05714
3.04762
3.05714
3.01905
3.0381
3.07619
3.09524
3.10476
3.08571
3.05714
3.12381
3.08571
3.28571
3.0381
3.35238
3.10476
3.07619
3.08571
3.05714
3.05714
3.05714
3.04762
3
3.34286
3.10476
3.06667
3.05714
3
3.09524
3.19048
3.07619
3.04762
3.05714
3.08571
3.01905
3.00952
3.05714
3
3.4381
3.06667
3.1619
3.0381
3.13333
3.04762
3.12381
3.69524
3.3619
3.07619
3.05714
3.04762
3.01905
3.04762
3.06667
3.10476
3.04762
3.06667
3.0381
3.05714
3.00952
3.04762
3.04762
3.10476
3.06667
3.71429
3.28571
3.10476
3.01905
3.06667
3.04762
3.17143
3.38095
3.17143
3.13333
3.07619
3.0381
3.04762
3.05714
3.0381
3.01905
3.13333
3.09524
3.13333
3.14286
3.10476
3.28571
3.07619
3.0381
3.08571
3.02857
3.21905
3
3.10476
3.02857
3.07619
3.05714
3.09524
3.15238
3.02857
3.07619
3
3.12381
3.08571
3.09524
3.02857
3.05714
3.04762
3.09524
3.07619
3.17143
3.30476
3.33333
3.11429
3.04762
3.09524
3.06667
3.09524
3.19048
3.09524
3.05714
3.11429
3.06667
3.07619
3.00952
3.06667
3.08571
3.20952
3
6.46667
3.04762
3.07619
3.32381
3
3.18095
3.02857
3.07619
3.10476
3.0381
3.07619
3.0381
3.10476
3.01905
3.07619
3.11429
3.01905
3.06667
3.0381
3.0381
3.04762
3.06667
3.0381
3.00952
3.05714
3.45714
3.12381
3.01905
3.07619
3.05714
3.07619
3.0381
3.01905
3.11429
3.00952
3.06667
3.09524
3.06667
3.08571
3.04762
3.15238
3.37143
3.00952
3.13333
3.11429
3.00952
3.06667
3.0381
3.26667
3.14286
3.0381
3.01905
3.0381
3.20952
3.08571
3.25714
3.06667
3.01905
3.13333
3.10476
3.1619
3.0381
3.05714
3.07619
3.05714
3.29524
3.07619
3.02857
3.05714
3.06667
3.05714
3.09524
3.2381
3.17143
3.35238
3.0381
3
3.11429
3.04762
3.07619
3.01905
3.0381
3.02857
3.07619
3.27619
3.2
3.06667
3.15238
3.29524
3.11429
3.05714
3.06667
3.21905
3.13333
3.06667
3.17143
3.10476
3
3.08571
3.05714
3.04762
3.09524
3
3.01905
3.07619
3.07619
3.07619
3.1619
3.01905
3.08571
3.00952
3.0381
3.10476
3.04762
3.07619
3.00952
3.06667
3.2381
3.05714
3
3.06667
3
3.06667
3.25714
3.0381
3.11429
3.04762
3.04762
3.14286
3.3619
3.00952
3.01905
3.11429
3.09524
3.11429
3.00952
3.12381
3.11429
3.02857
3.10476
3.06667
3.15238
3.0381
3.06667
3.0381
3.13333
3.18095
3.00952
3.07619
3.26667
3
3.11429
3.08571
3.13333
3.13333
3.01905
3.06667
3.0381
3.10476
3.02857
3.04762
3.05714
3.01905
3.15238
3.09524
3.01905
3.05714
3.04762
3.21905
3.0381
3.07619
3.30476
3
3.07619
3.06667
3.06667
3.07619
3.33333
3.08571
3.08571
3.05714
3.07619
3.06667
3
3
3.05714
3.11429
3.06667
3.28571
3.06667
3.11429
3.12381
3.13333
3.05714
3.07619
3.07619
3.06667
3.0381
3.02857
3.17143
3.02857
3.01905
3.15238
3.14286
3.07619
3.06667
3.06667
3.07619
3.09524
3.02857
3.02857
3.72381
3.02857
3.18095
3.06667
3.05714
3.18095
3.13333
3.00952
3.04762
3.09524
3.05714
3.25714
3.24762
3.12381
3.0381
3.11429
3.00952
3.01905
3.05714
3.05714
3.13333
3.08571
3.07619
3.1619
3.09524
3.05714
3.09524
3.70476
3.2381
3.14286
3.05714
3.04762
3.02857
3.06667
3.1619
3.02857
3
3
3.05714
3.08571
3.01905
3.07619
3.09524
3.41905
3.07619
3.04762
3.07619
3.00952
3.05714
3.05714
3.1619
3.07619
3.17143
3.34286
3.07619
3.05714
3.0381
3.11429
3.02857
3.18095
3
3.37143
3.01905
3.13333
3.26667
3.07619
3.02857
3.08571
3.12381
3.40952
3.18095
3.27619
3.48571
3.11429
3.07619
3.1619
3.06667
3.14286
3.00952
3.10476
3
3.07619
3.11429
3.00952
3.05714
3.01905
3.11429
3.07619
3.06667
3.30476
3
3.18095
3.14286
3.01905
3.25714
3.05714
3.08571
3.0381
3.0381
3.06667
3.14286
3.11429
3.08571
3.04762
3.10476
3.07619
3.15238
3.05714
3.0381
3.07619
3.02857
3.06667
3.09524
3.01905
3.0381
3.3619
3.07619
3.14286
3.11429
3.07619
3
3.17143
3.1619
3.0381
3.28571
3.08571
3.04762
3.29524
3.09524
3.05714
3.22857
3.51429
3.29524
3.05714
3.06667
3.08571
3.11429
3.10476
3.09524
3.05714
3.12381
3
3.11429
3.02857
3.17143
3.14286
3.09524
3.47619
3.02857
3.08571
3.15238
3.0381
3.24762
3.15238
3.17143
3.11429
3.15238
3.01905
3.07619
3.04762
3.10476
3.06667
3.06667
3.08571
3.4
3.02857
3.06667
3.10476
3.09524
3.10476
3.05714
3.08571
3.04762
3.02857
3.05714
3.04762
3.17143
3.21905
3.2
3.21905
3.08571
3.12381
3.12381
3.11429
3.02857
3.05714
3.17143
3.06667
3.07619
3.22857
3.05714
3.01905
3.04762
3.02857
3.2
3.19048
3.08571
3.21905
3.05714
3.08571
3.21905
3.06667
3.06667
3.08571
3.4
3.08571
3.07619
3.14286
3.04762
3.07619
3
3.05714
3.18095
3.04762
3.11429
3
3.0381
3.0381
3.09524
3.00952
3.05714
3.02857
3.06667
3.06667
3.07619
3.05714
3.09524
3.01905
3.1619
3.04762
3.04762
3.09524
3.07619
3.01905
3.02857
3.19048
3.21905
3.07619
3.05714
3.10476
3.01905
3.0381
3.04762
3.0381
3.02857
3.15238
3.04762
3.05714
3.06667
3.06667
3.08571
3.07619
3.05714
3.10476
3.0381
3.06667
3.01905
3.02857
3.0381
3.11429
3
3.01905
3
3.4381
3.20952
3.05714
3.13333
3.06667
3.01905
3.0381
3.0381
3.06667
3.2381
3.11429
3.04762
3.04762
3.13333
3.09524
3.12381
3.06667
3
3.10476
3.22857
3.02857
3.11429
3.01905
3.0381
3.30476
3.15238
3.02857
3.11429
3.10476
3.13333
3.06667
3.05714
3.14286
3.06667
3.05714
3
3.12381
3.17143
3.10476
3.05714
3.25714
3.07619
3.08571
3.1619
3.19048
3.4381
3.0381
3.07619
3.06667
3.13333
3.02857
3
3.09524
3.05714
3.02857
3.10476
3.04762
3.12381
3.02857
3.15238
3.05714
3.10476
3.08571
3.06667
3.07619
3.13333
3.02857
3.07619
3.01905
3.06667
3.04762
3.10476
3.04762
3.0381
3.07619
3.0381
3.09524
3.05714
3.06667
3.06667
3.07619
3.13333
3.11429
3.0381
3.05714
3.02857
3.09524
3.02857
3.05714
3.02857
3.05714
3.01905
3.01905
3.0381
3.0381
3.02857
3.12381
3.02857
3.06667
3.04762
3.48571
3.05714
3.22857
3.1619
3.0381
3.04762
3.12381
3.07619
3
3.82857
3.12381
3.26667
3.17143
3.10476
3.0381
3.04762
3.32381
3.06667
3.0381
3.02857
3.09524
3.07619
3.10476
3.05714
3.10476
3.04762
3.12381
3.06667
3.04762
3.01905
3.17143
3.14286
3.10476
3.09524
3.00952
3.07619
3.24762
3.06667
3.02857
3.01905
3.00952
3
3.08571
3.15238
3.12381
3.1619
3.4
3.08571
3.01905
3.15238
3.2
3.26667
3.06667
3.61905
3.02857
3
3.46667
3.02857
3.02857
3.0381
3.05714
3.0381
3.0381
3.08571
3.15238
3.1619
3.05714
3.49524
3.07619
3.0381
3.05714
3.05714
3.10476
3.1619
3.11429
3.25714
3.28571
3.11429
3.52381
3.18095
3.00952
3.20952
3.14286
3.06667
3.08571
3.02857
3.05714
3.08571
3.29524
3.11429
3.12381
3.53333
3.09524
3.0381
3.04762
3.64762
3.07619
3.18095
3.11429
3.13333
3.09524
3.15238
3.04762
3.01905
3
3.24762
3.09524
3.01905
3.14286
3.17143
3.17143
3.0381
3.17143
3.12381
3.26667
3.00952
3.10476
3.44762
3.06667
3.06667
3.2
3.06667
3.12381
3.04762
3.12381
3
3.0381
3.08571
3.04762
3.02857
3.04762
3.33333
3.17143
3.04762
3.02857
3
3.12381
3.38095
3.07619
3.07619
3.01905
3.10476
3.01905
3.2
3.05714
3.19048
3.22857
3.04762
3.21905
3.13333
3.02857
3.08571
3
3.14286
3.06667
3.79048
3.05714
3.06667
3.21905
3.07619
3.20952
3.01905
3.06667
3.24762
3.02857
3.0381
3.07619
3.07619
3.24762
3.02857
3.05714
3.00952
3.10476
3.00952
3.10476
3.0381
3.09524
3.46667
3
3.13333
3.10476
3.09524
3.59048
3.13333
3.26667
3.22857
3.0381
3.07619
3.45714
3.06667
3.02857
3
3.01905
3.0381
3.1619
3
3.08571
3.07619
3.04762
3.07619
3.0381
3.2
3.05714
3.15238
3.02857
3.05714
3.2381
3.04762
3.13333
3.17143
3.13333
3.08571
3.08571
3.01905
3.06667
3.05714
3.08571
3.00952
3.08571
3
3.13333
3.04762
3.26667
3.1619
3.39048
3.06667
3.19048
3.05714
3.14286
3.05714
3.0381
3
3.04762
3.11429
3.14286
3.05714
3.10476
3.22857
3.06667
3.32381
3.07619
3.07619
3.09524
3.0381
3
3.04762
3.14286
3.07619
3.05714
3.14286
3.12381
3.27619
3.0381
3.08571
3.10476
3.08571
3.06667
3.0381
3.04762
3.14286
3.05714
3
3.18095
3.11429
3.11429
3.38095
3.09524
3.17143
3.0381
3.11429
3.12381
3.0381
3.41905
3.0381
3.0381
3.07619
3.08571
3.1619
3.05714
3.04762
3.02857
3.0381
3.15238
3.12381
3.12381
3.05714
3.0381
3.01905
3.28571
3.08571
3.15238
3.22857
3.04762
3.01905
3.14286
3.04762
3
3.10476
3.05714
3.01905
3.05714
3
3.26667
3.05714
3.12381
3.04762
3.09524
3.05714
3.06667
3.10476
3.24762
3.4381
3.08571
3.05714
3.05714
3.0381
3.06667
3.02857
3.10476
3
3.00952
3.08571
3.18095
3.06667
3.00952
3.07619
3.15238
3.02857
3.50476
3.13333
3.06667
3.08571
3.07619
3.10476
3.2
3.05714
3.15238
3.12381
3
3.1619
3.06667
3.08571
3.19048
3.05714
3.2
3.14286
3.15238
3.15238
3.0381
3.0381
3.06667
3.0381
3.2
3.05714
3.04762
3.10476
3
3.10476
3.07619
3.07619
3.07619
3.25714
3.07619
3.14286
3.14286
3.07619
3.19048
3.10476
3
3.04762
3.10476
3.06667
3.06667
3.02857
3.29524
3.06667
3.04762
3.06667
3.0381
3.04762
3.04762
3.07619
3.0381
3.27619
3.09524
3.07619
3.10476
3.39048
3.0381
3
3.12381
3.02857
3.13333
3.04762
3.1619
3.02857
3.05714
3.2381
3.08571
3.00952
3.12381
3.06667
3.05714
3.06667
3.32381
3.00952
3.00952
3.19048
3.12381
3.13333
3.11429
3.0381
3.02857
3.12381
3.04762
3.1619
3.12381
3.05714
3.04762
3.11429
3.0381
3.09524
3.12381
3.29524
3.65714
3.05714
3.05714
3.09524
3.22857
3.05714
3.04762
3.05714
3.04762
3.0381
3.00952
3.11429
3.08571
3.13333
3.64762
3.02857
4.18095
3.08571
3.00952
3.17143
3.26667
3.05714
3.11429
3.07619
3.0381
3
3.0381
3.07619
3.01905
3.13333
3.09524
3.02857
3.02857
3.07619
3.00952
3.5619
3.07619
3.11429
3.12381
3.04762
3.13333
3.01905
3.06667
3.07619
3.13333
3.20952
3.0381
3.09524
3.0381
3.13333
3.07619
3.17143
3.12381
3.08571
3.11429
3.01905
3.14286
3.10476
3.02857
3.0381
3.24762
3.22857
3.04762
3.14286
3.07619
3.24762
3.05714
3.42857
3.0381
3.15238
3.06667
3.07619
3.17143
3.0381
3.04762
3.10476
3.10476
3.05714
3.05714
3.05714
3.2
3.08571
3.34286
3.02857
3
3.17143
3.05714
3
3
3.07619
3.00952
3.11429
3.0381
3.1619
3.08571
3.05714
3.05714
3.09524
3.02857
3.12381
3.0381
3.07619
3.0381
3.15238
3.1619
3
3
3.06667
3
3.09524
3.05714
3.17143
3.05714
3.14286
3.69524
3.07619
3.0381
3.10476
3.02857
3.19048
3.00952
3.06667
3.30476
3.4
3.04762
3.05714
3.02857
3.27619
3.02857
3
3.21905
3.0381
3.04762
3.07619
3.19048
3.02857
3
3.14286
3.04762
3.21905
3.06667
3.13333
3.19048
3.12381
3.09524
3.10476
3.07619
3.04762
3.09524
3.10476
3.0381
3.45714
3.15238
3.01905
3.08571
3
3.2
3.02857
3.04762
3.02857
3.00952
3.06667
3.01905
3.07619
3.31429
3.08571
3.09524
3.05714
3.06667
3.09524
3.05714
3.32381
3.1619
3.06667
3.02857
3.02857
3.08571
3.18095
3.02857
3.11429
3.12381
3.05714
3.02857
3.37143
3.0381
3.1619
3.08571
3.02857
3.05714
3.05714
3.08571
3.04762
3.09524
3.00952
3.15238
3.08571
3.00952
3.00952
3.10476
3.09524
3.05714
3.02857
3.02857
3.04762
3
3.05714
3.13333
3.01905
3.11429
3.06667
3.24762
3.13333
3.01905
3.20952
3.09524
3.11429
3.08571
3.28571
3.09524
3.11429
3.12381
3.04762
3.01905
3.06667
3.13333
3.07619
3.04762
3
3.00952
3.00952
3.24762
3.05714
3.12381
3.09524
3.20952
3.02857
3.09524
3.12381
3.0381
3.09524
3.04762
3.09524
3.05714
3.10476
3
3
3.3619
3
3.06667
3.01905
3.09524
3.05714
3.06667
3.13333
3.0381
3.09524
3.0381
3.09524
3.10476
3.17143
3.05714
3.05714
3.04762
3.04762
3.04762
3.04762
3.01905
3.08571
3.07619
3.08571
3.2
3.06667
3.06667
3
3.05714
3.14286
3.04762
3.0381
3.09524
3.07619
3.15238
3.00952
3.06667
3.12381
3.11429
3.07619
3.02857
3.09524
3.05714
3.0381
3.18095
3.1619
3.2
3.08571
3.09524
3.0381
3.15238
3.01905
3.01905
3.2381
3.22857
3.10476
3.42857
3.02857
3.09524
3.06667
3.02857
3.2
3.11429
3.13333
3.14286
3.21905
3.1619
3.06667
3.01905
3.17143
3.11429
3.09524
3.14286
3.04762
3.00952
3.14286
3.01905
3.0381
3.06667
3.04762
3.04762
3.39048
3.06667
3
3.07619
3.14286
3.14286
3.1619
3.02857
3.00952
3
3.02857
3.02857
3.05714
3.04762
3.14286
3.08571
3.12381
3.15238
3.02857
3.44762
3.41905
3.08571
3.0381
3.02857
3.12381
3.01905
3.10476
3.00952
3.10476
3.14286
3.07619
3.04762
3.11429
3.08571
3.31429
3.06667
3.11429
3.01905
3.20952
3.14286
3.02857
3
3.32381
3.04762
3.06667
3.17143
3.06667
3.05714
3.14286
3.10476
3.17143
3.06667
3.01905
3.04762
3.1619
3.05714
3.11429
3.08571
3.05714
3.02857
3.40952
3.07619
3.06667
3.06667
3.25714
3.10476
3.07619
3.0381
3.08571
3.07619
3.00952
3.02857
3.0381
3.05714
3.06667
3.05714
3.09524
3.05714
3.09524
3.07619
3.02857
3.15238
3.07619
3.06667
4.35238
3
3.1619
3.02857
3.09524
3.10476
3.12381
3.07619
3.01905
3.26667
3.09524
3.15238
3.04762
3.20952
3.00952
3.15238
3.09524
3.07619
3.00952
3.06667
3.02857
3.04762
3.13333
3.01905
3.33333
3.0381
3.09524
3
3.08571
3.04762
3.09524
3.20952
3.29524
3.04762
3.12381
3
3.26667
3.10476
3.05714
3.11429
3.19048
3.09524
3.05714
3.00952
3.18095
3.09524
3.24762
3.39048
3.05714
3.10476
3.12381
3.20952
3.02857
3.12381
3.12381
3.0381
3.00952
3.04762
3.06667
3.01905
3.05714
3.7619
3.09524
3.04762
3.18095
3.06667
3.21905
3.00952
3.07619
3.10476
3.13333
3.2
3.10476
3.10476
3.05714
3.0381
3.09524
3
3.12381
3.09524
3.02857
3.22857
3.07619
3.06667
3.08571
3.55238
3.05714
3.09524
3.19048
3.04762
3.02857
3.01905
3.12381
3.31429
3.06667
3.07619
3.12381
3.0381
3.00952
3.0381
3.11429
3.10476
3.12381
3.09524
3.0381
3.05714
3.08571
3.14286
3.15238
3.04762
3.06667
3.10476
3.02857
3.06667
3.08571
3.01905
3.15238
3.04762
3.06667
3.06667
3.06667
3.1619
3.01905
3.01905
3.06667
3.07619
3
3.02857
3.32381
3.15238
3.07619
3.07619
3.14286
3.07619
3.06667
3.25714
3.0381
3.02857
3.00952
3.0381
3.11429
3.06667
3.06667
3.20952
3.32381
3.09524
3.13333
3.09524
3.21905
3.07619
3.05714
3.0381
3.11429
3.02857
3.00952
3.10476
3.04762
3.1619
3
3.08571
3.20952
3.01905
3.47619
3.05714
3.04762
3.04762
3.06667
3.02857
3.0381
3.04762
3.08571
3.09524
3.11429
3.00952
3.00952
3.21905
3.04762
3.08571
3.0381
3.0381
3.18095
3.15238
3.1619
3.07619
3.05714
3.10476
3.07619
3.01905
3.04762
3.05714
3
3.37143
3.1619
3.00952
3.11429
3.21905
3.13333
3.01905
3.01905
3.1619
3.04762
3.10476
3.00952
3.1619
3.14286
3.09524
3.13333
3.12381
3
3.05714
3.02857
3.15238
3
3.08571
3.10476
3.04762
3.05714
3.04762
3.02857
3.02857
3.26667
3.17143
3.25714
3.10476
3.10476
3.06667
3.20952
3.29524
3.10476
3.0381
3.04762
3.06667
3.01905
3.12381
3.0381
3.31429
3.01905
3.01905
3.12381
3.13333
3.13333
3.05714
3.06667
3.04762
3.08571
3.05714
3.05714
3.17143
3.05714
3.09524
3.06667
3.21905
4.06667
3.00952
3.05714
3.0381
3.06667
3.04762
3.04762
3.05714
3.37143
3.00952
3.59048
3.00952
3.0381
3.06667
3.09524
3.26667
3.05714
3.15238
3.0381
3
3.0381
3.02857
3.21905
3.02857
3.08571
3.05714
3.08571
3.35238
3.13333
3.10476
3.12381
3.11429
3.04762
3.07619
3.0381
3.01905
3.10476
3.01905
3.06667
3.06667
3.10476
3.06667
3.04762
3.14286
3.12381
3.09524
3.0381
3.07619
3.08571
3.06667
3
3.07619
3.05714
3.08571
3.0381
3.09524
3.04762
3.07619
3.07619
3.0381
3.18095
3.08571
3.04762
3.0381
3.04762
3.00952
3.07619
3.13333
3.08571
3.07619
3.04762
3.15238
3.07619
3
3.21905
3.04762
3.04762
3.15238
3.07619
3.02857
3.13333
3.0381
3.05714
3.01905
3.10476
3.0381
3.02857
3.24762
3.08571
3.02857
3.12381
3.08571
3.06667
3.09524
3
3.06667
3.06667
3.13333
3.2
3.06667
3.00952
3.00952
3.05714
3.05714
3.2381
3.06667
3.1619
3.04762
3.07619
