1375 2750
2.9619
2.9619
3.46667
5.77143
2
2.29524
3.37143
2
5.9619
5.42857
4.66667
4.45714
4.15238
2.17143
2.08571
2
2.72381
2
3.86667
2.94286
4.01905
3.41905
2.67619
2
4.21905
3.22857
16.4095
11.2857
4.37143
9.05714
8.09524
2.53333
5.2
2
2.47619
2.57143
4.90476
2.54286
3.91429
2.28571
2.70476
2.13333
5.34286
6.27619
2
4.66667
2
2.2
7.4381
13.9143
3.90476
2.21905
5.5619
6.94286
3.89524
3.2381
2.25714
2.10476
5.53333
5.95238
2.71429
5.6381
2.44762
8.30476
6.81905
2.22857
3.38095
3.26667
2
4.48571
2.25714
2.21905
4.32381
3.39048
3.27619
2.84762
2.38095
2.3619
3.04762
2.05714
2.34286
9.25714
2.57143
2
3.02857
6.4381
3.14286
5.27619
2.72381
2.30476
5.8
3.67619
2.20952
12.6
3.44762
3.48571
2.4
2
2.89524
3.29524
2.67619
2
2.35238
5.33333
2.48571
2.93333
10.819
3.52381
10.7905
2.99048
4.53333
2.62857
2
2.5619
2.6381
2.40952
2
5.53333
2
2.2381
2
3.46667
2.38095
4.61905
2.81905
5.64762
2.21905
2.2
8.80952
3.6381
2.44762
5.41905
2.19048
5.1619
3.97143
2.2381
2.91429
3.88571
3.0381
2.34286
2.84762
5.22857
16.3238
2
2.99048
3.55238
2.55238
2.82857
2.80952
3.17143
3.47619
2.58095
3.71429
2.55238
2
12.0095
8.88571
2.19048
2.44762
2.46667
3.10476
2.1619
3.61905
2.0381
2.12381
4.2
4.93333
2.65714
2.40952
2.15238
2.41905
4.38095
2.80952
2.27619
2.30476
2.99048
2.2
5.26667
2
3.1619
14.4286
4.89524
2.17143
3.2381
12.0762
9.01905
7.38095
2
5.15238
2.09524
2.68571
2.62857
5.00952
2
5.07619
3.13333
2.71429
2.80952
3.60952
3.69524
5.45714
2.12381
7.88571
5.65714
3.88571
3.95238
2
3.34286
2.33333
2.66667
3.77143
2
2.34286
2.28571
5.0381
2.11429
8.37143
3.09524
3.74286
2.09524
2
6.52381
2.98095
2.4
3.08571
3.35238
2.47619
2.57143
5.04762
2.33333
3.12381
2.67619
2
2.91429
3.34286
3.40952
4.12381
2.60952
3.82857
2.14286
4.2
2
4.65714
2.35238
2.09524
3.71429
2.10476
2.5619
2.4
3.8
3.49524
2
4.32381
2.51429
2.47619
2.29524
2
4.92381
2
4.4381
5.19048
3.20952
4.70476
2.33333
2
3.47619
3.2381
3.88571
2.24762
2.19048
4.51429
4.50476
2.40952
2.08571
2.82857
2.4
5.60952
2
6.7619
2.21905
2.52381
2.09524
2
3.59048
3.00952
2.44762
5.0381
3.48571
2.61905
2.84762
3.18095
2.12381
15.5905
4.09524
2.49524
4.28571
2.27619
4.20952
2
2.22857
2.08571
2.38095
7.39048
2.41905
2
2.71429
2
2
2.6381
2
4.17143
2.24762
2.31429
2
2.1619
4.69524
4.73333
9.61905
2.32381
5.13333
4.09524
3.2
4.52381
2.38095
2.9619
2.19048
9.2
2
2.31429
5.70476
2.52381
2
2.34286
16.419
4.21905
2.11429
2.90476
2.22857
2
3.22857
2.58095
15.7619
10.0095
3.59048
4.70476
2
5.20952
2.25714
8.25714
2
2.64762
2.08571
5.08571
2.24762
2.08571
2.95238
2.15238
3.13333
3.44762
2.24762
12.0476
2
8.41905
5.14286
3.58095
2.31429
2
2.29524
2.8
2.99048
2.47619
2
3.34286
2.8
2.45714
2.19048
2.4
2.58095
2.6
8.69524
2.57143
2.18095
2.35238
2.30476
4.0381
2.39048
2.34286
3.69524
2
2.95238
2.85714
2.93333
2.28571
2.18095
3.80952
3.19048
2.08571
2.22857
2.87619
2.50476
7.55238
2.42857
2.27619
2.4
2
4.88571
2
2.78095
3.40952
3.07619
3.61905
3.8
2.09524
2.35238
2.61905
8.93333
3
3.41905
2.33333
2.33333
2.90476
2.05714
4.95238
3.15238
3.82857
2
2.34286
2.74286
3.04762
2.4381
2.45714
2.21905
2.8
4.6
2.44762
3.32381
9.01905
4.65714
3.12381
5.14286
3.1619
2.80952
2.30476
2.32381
2.84762
3.75238
3.28571
3.22857
2.31429
8.66667
2
3.29524
2.22857
2.7619
3.93333
3.87619
2.1619
3.57143
2
3.84762
4.12381
3.00952
2.40952
11.181
2.33333
6.0381
2
4.15238
2
2.86667
2.2381
2.29524
2.79048
2
4.28571
2.50476
2.59048
2
2
2.27619
2
3.66667
3.3619
4.40952
2.28571
2.06667
4.50476
2.06667
3.04762
2.22857
2.22857
2.06667
2
2.11429
2.69524
2
4.58095
2.47619
2
2.58095
2
3.93333
2.44762
3.37143
2
6.07619
2.94286
7.19048
2.53333
2.26667
3.39048
2.40952
4.44762
8.02857
2.12381
2
2.31429
5.28571
3.07619
3.02857
2.62857
2.29524
2.26667
2.70476
2.35238
16.1048
2.69524
3.28571
2.86667
2.48571
2.98095
9.11429
2.72381
2.58095
6.75238
2.22857
2.27619
2.12381
3.73333
2.26667
4.18095
2.42857
3.61905
2.1619
2
2.92381
2.13333
3.08571
2.21905
2
2.3619
2.11429
2.73333
2
2.13333
2.39048
4.89524
2.17143
2.07619
2.27619
3.12381
2.59048
2.4381
4.07619
3.33333
3.28571
2.28571
2.81905
2.20952
3.0381
2.8381
2.60952
2
3.0381
2.32381
2.2381
2.33333
2.50476
3.5619
2.48571
2.07619
2.67619
4.46667
2.54286
2.44762
2.47619
2.19048
2.67619
3.40952
3.08571
2.4
2.09524
2.74286
2
3.28571
3.37143
2.10476
2.39048
2.05714
2.88571
3.13333
2
2.79048
2.09524
3.65714
2.59048
3.39048
3.21905
2
2
2.2381
2.5619
3.11429
2.68571
2.82857
3.53333
2
2.87619
2.75238
7.94286
6.4
5.34286
2
2.70476
2
6.15238
2.65714
2.90476
2.3619
2.34286
2.29524
16.3143
3.68571
3.22857
15.8952
2.47619
3.79048
24.0476
2.46667
6.07619
2.21905
2.48571
2.93333
6.6
2.50476
2
4.24762
2.29524
3.77143
9.66667
2.31429
3.60952
3.17143
5.90476
2
2.87619
5.25714
2
3.42857
2.09524
5.99048
3.80952
2
2.37143
2.18095
2
2
2
4.99048
2.15238
14.9143
2.88571
3.95238
2.19048
2.93333
2.66667
7.79048
2.88571
2.70476
2.20952
2.59048
2.08571
2
2.18095
2
3.55238
3.75238
7.0381
2.91429
7.26667
3.39048
8.00952
2
2
2
2.54286
2.80952
2.06667
2.8
3.50476
3.38095
2
2.5619
2.50476
2.27619
2.20952
2.32381
2.51429
3.20952
2.51429
2.13333
3.12381
2.30476
4.17143
2.69524
2
4.77143
2.2
3.68571
2.89524
3.53333
2.94286
2.1619
4.28571
7.27619
2.15238
2.39048
2.70476
2.28571
3.52381
2.27619
3.33333
7.38095
2
3.27619
2
2.90476
2.93333
2.05714
2.3619
3.48571
3.15238
2
2.70476
5.38095
2.67619
4.4381
6.98095
2.09524
2.8381
2.37143
2.21905
2.70476
2.28571
2
2
2.29524
2
2.50476
2
2.66667
6.84762
2.49524
2.10476
2.38095
2.97143
2.77143
2.48571
2.07619
4.54286
3.02857
4.48571
5.9619
5.10476
2.91429
2.18095
2.6381
2.22857
2.65714
17.8667
2.17143
3.15238
2.15238
2
2.4381
2.2381
2.33333
2.10476
2.60952
3.27619
2.10476
3.87619
3.17143
2.24762
2.26667
2.90476
6.8381
2.05714
2.09524
2
2.89524
2.45714
2.39048
2.14286
2
2.58095
2.57143
2
2.09524
8.81905
2.51429
2.2
2
3.55238
7.60952
2.09524
2
2.95238
2.24762
6.34286
2.42857
2.54286
2.74286
2.48571
2
5.4381
2.81905
2.59048
2.2381
2.11429
2.38095
3.55238
4.12381
11.0476
16.3714
2.4381
3.15238
3.20952
2
2
2.10476
9.07619
2.17143
2.17143
2.75238
2
4.60952
10.5905
5.50476
2.46667
2
2
2.79048
2.88571
2.14286
2.28571
3.3619
2.34286
2.8
2.33333
2.25714
2.14286
2.19048
2
2
2
3.20952
2.10476
2
2.06667
8.6381
2.1619
2.33333
2.06667
2.19048
2.09524
2
2.39048
4.50476
3.24762
2
2.6381
2.52381
2.25714
2.32381
7.45714
2.47619
3.01905
3.14286
3.45714
2.10476
12.3714
2.11429
2.70476
2
3.80952
2.17143
2.54286
2.39048
4.44762
3.6381
2
5.51429
2.39048
11.9048
6.04762
2.79048
2.57143
2.09524
3.44762
3.04762
2
3.58095
8.02857
3.66667
2.24762
6.89524
3.21905
2
2
2.94286
2.37143
2.62857
3.59048
2.22857
4.20952
2.21905
2
2
3.90476
2.45714
2.77143
3.51429
5.66667
5.3619
19.9429
2.18095
4.60952
3.13333
2.41905
3.67619
2.24762
2.27619
2.73333
4.30476
3.29524
2.10476
2.92381
3.6
4.47619
2.31429
5.70476
3.10476
10.5333
2.1619
8.12381
6.15238
2.70476
3.67619
3.17143
18.581
2.57143
2.24762
2
4.12381
2.88571
3.64762
2
4.75238
2.69524
2
2.91429
2.2
2
3.90476
2
2.51429
5.74286
2.34286
2.5619
2.68571
2
2.65714
3.20952
2
8.31429
2
2
2
2.35238
2
2.52381
3.13333
2.44762
2.21905
2
2.4381
2.30476
2.66667
2
3.46667
2.21905
2
6.27619
2.30476
2.2
2.27619
3.38095
5.74286
3.8
4.24762
2.31429
2.62857
2
2.38095
4.74286
2
4.86667
2
2.48571
4.00952
2.86667
7.4381
2.54286
3.53333
3.6
2.44762
2
2
4
2
7.25714
4.2
2.70476
6.75238
4.5619
2.6
2.31429
5.97143
2.37143
2.25714
20.0667
2.08571
2.61905
2.2381
2.49524
7.59048
2.08571
2
2
2.30476
2.19048
2.81905
2.85714
3.4381
2.50476
2.4381
2
2.61905
3.58095
6.55238
18.8857
3
3.75238
4.77143
2.47619
2.17143
3.24762
2.94286
2.38095
2.55238
4.29524
2
4.04762
2.65714
2.90476
2.47619
2.59048
2.60952
2.26667
2.44762
2.50476
6.70476
7.19048
2
2.30476
2.53333
2
7.1619
2.29524
4.64762
2.57143
2.11429
3.6381
6.1619
2.42857
2.78095
12.3524
2.42857
4
2
5.31429
2.21905
2.57143
2.31429
2.3619
9.61905
2.12381
3.01905
2
2.32381
2.66667
2.06667
2.17143
2.30476
2
5.28571
2.09524
2.50476
3.0381
2.29524
4.51429
11.1619
2
2.81905
2.84762
2.75238
3.5619
2.10476
10.8857
5.58095
3.55238
2.8
4.05714
2
2.14286
2
2.42857
2.54286
2.15238
2.41905
3.27619
2.39048
4.84762
2
2.59048
3.78095
9.45714
2.57143
2
20.5429
2.51429
13.4857
2
2.22857
2.37143
2.85714
2.11429
2.45714
4.46667
2.20952
2.08571
2
2.2
2
2.07619
2.21905
2.64762
7.15238
2
2.29524
2.89524
2.3619
2.3619
2
2.27619
2
2.2
2
2.41905
2.27619
2.67619
2.8381
2.8
2.24762
5.72381
2
2.30476
2.12381
2
7.64762
3.00952
2.05714
2
2.71429
9.06667
2
2
2.19048
2.90476
4.69524
4.91429
2
2.4
2.26667
2.24762
5.69524
2.13333
4.25714
2
2.08571
3.98095
2.21905
2
6.8
3.44762
3.99048
3.52381
3.69524
2.45714
2.66667
2
3.05714
3.69524
3.8
2.6381
2.46667
2
2.18095
2.07619
3.27619
3.1619
2.24762
7.85714
8.47619
3.20952
8.71429
2.66667
6.12381
2.99048
2.17143
2.62857
2.38095
10.3429
2.07619
13.3905
2
2.93333
2
3.00952
2.4
3.53333
5.7619
2.6381
4.91429
2
2.1619
2.84762
2.18095
2
2.78095
2.08571
2
8.81905
3.95238
2.74286
2.88571
22.4762
5.06667
2.12381
3.78095
2
6.1619
2.59048
17.1714
2.34286
2
2.01905
2
6.86667
2.15238
4.98095
5.09524
2.32381
4.67619
2.13333
3.42857
2.47619
2
2
2.05714
3.19048
2
2.8
4.88571
2
3.59048
4.22857
2.10476
2.91429
3.72381
2.37143
4.20952
2.68571
2.49524
2.2
2.33333
2.47619
4.55238
2.10476
2.71429
2.20952
4.57143
26.8571
2.4381
4.88571
4.34286
15.9714
2.38095
2.49524
2.29524
2.34286
3.04762
2
2
2
5.33333
9.75238
2
2.13333
2
2.6
2.93333
2.2
2.32381
2
2
2
3.98095
2.75238
2
2.29524
2
2.11429
2.19048
2.18095
2
2.45714
2.05714
2
2.5619
2.34286
2.07619
6.31429
2.2
2.2381
2.12381
2.74286
5.30476
3.73333
3.30476
2.2
2.47619
2.27619
2.48571
3.8
2.42857
5.71429
2.1619
2
3.72381
2
2.13333
2.24762
2.33333
