10876
26.08
13.08
8.72
18.52
10.08
13.24
17.36
11.68
19.8
16.84
21.28
10.08
13.96
12.8
21.96
15
11.88
19.92
10.92
19.72
20.44
15.96
8.72
16.64
12.08
22.16
21.52
8.16
8.68
10.12
8.68
11.2
11.72
13.4
11.84
11.52
18.04
14.12
16.8
18.16
8.48
17.84
24.32
21.48
10.48
15.24
21.76
15.24
8.24
19.52
15.08
14.76
15.88
12.44
11.32
20.8
10.24
16.16
12.96
15.4
21.12
15.84
18.4
18.32
10.44
17.12
14.72
10.12
22.52
9.48
25.92
11.36
16.04
12.68
14.6
12.52
10.56
14.52
17.6
13.44
13.32
10
12
18.6
14.44
13.68
20.16
17.8
12.64
12.08
11.68
13.44
8.52
14.56
12.92
11.84
14.84
20.72
12.56
19.68
19.28
21.04
15.68
10.96
10.4
23.16
14.84
10.04
9.56
18.4
17.6
13.2
17.2
19.88
12.96
15.6
12.36
14.76
17.28
14.84
20.28
13
11.6
11.4
9.72
22.4
16.16
23.2
21.12
23.36
14.08
14.2
11.6
9.72
17.2
18.16
15.68
12.8
16.32
12.24
18.8
24.08
14.2
13.6
11.48
18.32
19
19.28
14.96
16.68
12.44
25.8
23.88
16.16
16.24
17.84
19.76
13.84
11.16
15.4
11.24
17.48
13.68
18.76
17.12
13.12
19.68
12.4
20.04
12.56
16.52
14.68
12.24
13.96
9.92
8
15.32
18.68
19.48
17.64
18.44
20.48
10.24
18.04
14.92
17.96
15.68
17.44
17.56
24.4
14.12
18.56
12.36
14.48
18.08
12.56
13.88
13.88
13.44
19.88
14.68
11.32
14.84
15.72
10.96
8.4
17.44
10.32
15.12
19.2
11.6
16.32
8.84
17.36
16.08
13.68
15
9.24
14.2
14.92
15.44
11.64
12.92
24.4
13.8
13.52
14
8.44
13.24
10.96
12.64
12.64
13.8
12.2
12.48
13
13.92
12.64
10.88
12.44
8.88
10.68
8.84
14.2
18.68
25.28
23.16
22.6
17.48
15.2
15.04
17.16
13.2
8.72
12
13.88
15.44
12.44
16.68
13.64
18.12
15.4
17.4
9.8
12.68
8.64
19.92
18.28
21.64
16.68
24.36
26.56
25.4
16.04
14.44
12.76
13.76
8.64
24.68
18.32
22.52
12.72
10.44
17.84
17.28
21.72
9.36
17.36
16.84
20.04
18.04
19.76
18.2
18.16
14.84
18.88
14.12
24.32
15.44
15.88
9.88
18.12
14.4
24.92
14.52
13.16
17.48
13.8
9.44
18.08
17.44
20.28
15.08
16.64
16.6
10.28
9.04
18.2
22.4
17.28
9.6
8.8
13.52
18.2
14.56
14.36
14.76
17.6
16.08
15.12
8.12
25.6
8.96
8.92
12.52
14.44
12
11.12
14.84
13.04
16.16
8.76
10.8
14.24
9
13.12
21.84
9.8
16.68
14.72
14.08
16.28
19.2
10.64
15.92
13.72
21.92
13.92
16.52
11.88
10.16
21.2
8.72
15.56
12.2
14.52
12.84
18
10.48
15.96
12.4
11.16
8.8
10.64
10.24
12.72
14.64
11.44
17.16
20.56
11.28
10.28
23.8
15.4
12.48
28.88
20.24
18.08
18.88
18.64
11.92
17.52
20.6
21.88
14.92
16.24
25.6
18.44
16.4
14.28
9.44
23.72
17.52
16.04
10.2
11.76
18.4
18.72
16.12
18.68
9.44
10.64
11.84
16.44
14.48
15.16
12.92
16.8
15.88
14.76
21.68
15.76
12.8
8.72
17.64
14.12
15.88
9.12
8.72
11.36
12.32
13.32
13.48
8.48
16.4
15.56
13.36
12.88
17.04
11.16
19.44
14
14.28
13
17.28
21.56
16.36
15.6
12.36
15.28
20.12
12.76
21.68
13.56
16.4
13.12
18.84
14.72
19.24
16.44
18.36
17
17.48
15.12
13.4
14.12
13.28
9.24
8.88
12.24
17.84
12.04
9.52
12.04
15.16
16.52
19.76
16.28
16.8
19.84
15.48
12.48
13.08
8.44
14.48
14.28
24.2
20.16
16.84
15.48
29.6
18.16
14.48
17.72
15.36
14.76
10.12
19.6
18.88
12.64
16.96
23.48
18.48
10.08
15.4
13.92
18.04
15.48
19.96
18.76
15.36
11.6
11.64
11.56
19.72
14.4
24.08
12.56
9.8
14.6
10.32
20.4
17.8
13.36
9.88
22.24
14.68
15.6
15.68
18.88
15.16
8.36
10.68
9.72
16.48
9.4
14.16
16.08
18.16
9.6
11.84
9.72
19.92
18.92
13.56
15.04
19
15.12
11.28
12
11.52
14.72
12.28
10.84
17.08
10.52
20.12
11.32
9.52
14.24
14.48
18.2
18.6
9.68
13.88
23.12
12.84
23.24
17.52
13.24
28.56
20.12
16.4
18.16
14.88
18.24
13.12
19.44
9
24.12
13.8
15.08
14.04
16.8
8.2
9.24
12.04
25.48
14.92
12.52
19.08
10.44
19.96
14.84
12.48
23.2
11.36
12.8
11.6
18.36
18.48
10.92
17.32
14.84
15.08
11.16
12.84
20.88
14
14.84
18.64
22.84
8.16
14.84
10.68
10.2
16.16
10.8
19.72
19.36
11.8
8.28
13.24
11.28
18.44
21.56
11.88
18.44
17.64
15.12
11.44
12.6
10.88
10.44
9.52
13.12
11.12
19.16
17.64
26.08
10.48
13.88
22.64
13.28
9.04
11.2
9.92
10.72
15.76
14
12.48
12.2
17.04
9.92
22.44
11.48
14.4
16.96
25.52
18.6
11.08
13.4
11.68
18.2
17.88
10.8
13.68
20.72
17.36
20.72
12.64
17.4
9.88
8.24
15.64
13.72
13.72
15.8
18.04
16
12.16
16.88
16.72
17.16
16.72
11.04
20.04
16.92
15.44
15.64
14.88
12
16.84
14.56
14.48
14.88
19.36
11.16
20.64
11.32
10.84
23.28
22.84
10.96
14.92
14.96
18.56
10
14.92
11.44
10
16
15.16
15.6
13.48
14.96
13.64
17
14
9.28
14.72
11.2
17.56
23.36
16.28
15.56
13.32
13.8
19.76
10.84
12.8
22.84
21.24
19.36
11.72
9.88
10.84
11.92
13.48
26.6
8.4
13.2
14.48
13.8
8.8
17.48
12.44
22.24
15.88
11.68
16.12
19.52
11.32
13.72
8.88
8.44
12.72
17.44
14.08
24.68
13
17.6
16.04
14.08
11.4
23.12
8.32
20.16
17.28
17.04
20.4
10.28
12.72
24.48
10.96
17.32
14.2
14.8
15.88
13.52
20.44
20.48
14.68
15.72
12.52
11.12
18.84
9.56
15.08
11.76
11.52
25.24
19.32
18.4
15.6
14.88
21.4
14.64
16
17.28
9.88
16
25
21.36
16.92
14.2
19.08
8.6
10.6
19.92
20.12
16.28
8.8
15.76
9.12
16.12
15.28
10.52
14.32
18.8
21.08
19.32
17.24
29.04
9.8
16.16
14.4
20.32
12.48
10.44
18.52
20.4
16.6
13.24
13.28
17.88
11.52
14.52
15.68
12.96
15.88
19.32
12.8
11.16
9.68
12.56
15.6
12.24
13.4
21.4
15.76
19.2
9.88
14.68
17.52
14
8.56
16.72
11.04
8.2
13.08
19.48
12.72
8.88
8.64
14.28
19.56
13.36
12.72
20.52
15.16
13.56
19.12
11.64
14.08
9.44
11.16
11.28
20.36
10.12
15.6
12.24
13.44
10.24
13.88
17.48
9.68
14.16
10.72
10.32
12.44
10.32
14.24
22.56
16.12
12.24
13.76
12.48
14.2
11.2
11.88
16.4
17.72
10.56
12.04
15.04
12.52
13.32
23.96
13.84
12.16
17.28
12.64
19.8
15.36
15.84
13.6
13.36
19.04
18.2
11.24
13.72
17.28
15.08
17.36
12.76
10.76
13.56
10.28
8.92
17.64
21.04
13.48
18.52
20.72
17.28
10.08
14.48
19.28
13
11.32
15.64
21.2
18.96
11.2
21.56
17.64
28.32
21.2
12.2
9.08
21.6
15.88
17.24
13.4
15.32
8.28
12.16
16.04
19.12
15.76
18.4
12.68
19.52
17.72
9.16
16.32
16.88
17.84
10.76
24.64
14.88
23.16
10.64
11.88
14.2
18.76
14.92
20.64
18.8
19.64
11.88
8.64
10.68
15
11.96
15.96
17
17.96
14.44
20.04
10.72
12.16
21.68
14
18.4
13.16
16.88
19.28
10.88
9.24
19.68
11
11.72
16.8
15.44
11.48
12.12
9.56
16.96
11.4
13.92
16.76
11.56
22.32
17.04
21.56
19.96
15.56
13.12
17.64
9.64
15.24
16.08
10.76
11.88
19.16
15.68
8.44
20.24
17.36
11.56
19.48
16.96
15.72
12.28
12.36
23.44
14.08
19.8
32.2
14.64
11.04
15.92
13.36
18.24
12.28
10.08
12.24
12.64
16.64
17.6
15.56
16.8
17.96
13.52
22
16.56
19.04
16.28
12.56
19.92
14.44
15.12
20.84
16.44
13
8.28
15.8
14.76
9.28
18.4
9.92
10.64
14.96
17.04
12
16.24
25.4
18.28
14.24
11
12.32
15.96
18.4
15.4
10.24
9.72
11.64
15.52
14.72
17.6
22.24
11.84
11.96
9.76
10.16
27.72
11.12
19.68
9.56
11.08
15.28
20.44
21.08
17.84
18.52
19.64
15.12
12.48
14.24
12.52
9.36
13.44
8.4
14.16
9.24
20.52
13.68
16.92
15.84
18.12
18.92
18
10.44
27.68
19.4
17.72
14.72
9.36
21.28
19.36
16.64
13.16
15.16
16.24
14.4
8.72
15.96
10.96
12.32
12.56
9.08
14.64
11.72
14.76
18.28
27.24
20.16
12.64
13.48
11.12
9.48
10.32
13.2
17.4
14.4
23.16
10.76
10.8
13.76
21.08
18.56
16.92
21.4
14.36
9.44
15.36
15.4
10.28
15.56
14.8
17.56
22.2
13.12
12.08
20.16
14.68
11.92
18.16
15.68
15.84
17.16
14.6
15.56
10.8
10.08
9.08
18.2
12.56
13.28
11.12
8.96
14.28
12.12
18
16.68
14.64
8.28
21.48
16.6
19.48
14.76
9.16
11.12
19.64
12.88
16.28
13.92
9.28
9.2
15
11.6
11.8
13.96
14.44
13.32
10.6
15.12
17
9.84
14.96
15.76
13.16
15.52
15.08
20.68
15.68
11.2
15.08
16
18.48
17.32
8.36
8.08
11.44
19.52
8.28
11.04
9.28
15.56
14.28
13.08
20.68
19.2
13.4
12.92
10.36
14.24
13.8
21.08
12.12
24.48
14.44
19.56
16.04
9.44
15.68
9.52
8.56
11.76
14.28
22.32
25.08
16.76
19.44
19.12
17.16
15.64
16.48
15.84
17.88
17.44
12
22
12.16
13.36
13.68
14.6
9.28
11.48
13.96
22.4
12.72
15.2
12.88
10.44
13.08
11
10.84
14.32
19.72
10.08
16.68
18.32
17.4
11.48
11.16
9.76
14.4
12.2
11.4
13.28
11.84
18.6
12.6
18
14.36
26
12.52
18.12
13.68
18.08
12.4
15.88
18.12
15.08
13.4
10.2
18.68
17.68
13.72
21.16
10.72
18.36
21.6
11.44
14.44
11.76
19.16
16.88
11.04
12.28
14.16
11.72
13.8
21.8
15.12
10.08
13.16
16.96
13.84
12
10.76
12.84
16.56
20.64
11.72
17.08
13.52
13.28
20.96
10.44
13.68
10.48
9.84
19.24
14.12
15.76
12.08
13
10.76
17.64
16.92
18.72
19.8
13.64
16.96
17.56
10.24
10.32
12.16
9.12
14.04
23.32
8.12
8.36
19.6
13.64
12.92
23.56
17.56
10.64
21.08
9.4
10.36
21
18.48
9.68
17.84
9.48
13.56
17.68
12.92
11.72
10.12
10.36
8.2
17.48
16.16
8.76
17.92
12.68
10.76
15.6
12.52
13.84
15.76
24.24
11.52
21.76
9.84
14.64
12.44
23.44
15.08
16.2
15.44
15.76
10.72
12.92
14
15.72
16.04
15.64
14.36
17.64
12.52
15
10.88
19.24
10.2
17.04
10.6
13.84
17.44
12.2
25
15.96
16.84
10.32
9.12
26.16
18.16
11.88
20.12
15.2
16.88
25.6
31.88
12.24
14.88
11.96
17.8
13.6
10.6
18.28
9.36
12.96
15.04
12.88
14.04
17.84
15.44
19.56
9.72
9.72
13.64
14.96
15.36
16.72
17.6
14.68
10.08
18.56
17.56
29.44
17.04
17.64
18.32
21.12
12.16
15.28
16.48
14.92
22.32
15.36
16.44
17.48
23.88
12.76
9.24
16.48
10.04
15.8
17.44
22.76
18.68
9.08
15.52
10.36
16.64
17.84
28.6
14.2
17.24
8.32
8
13.48
16.76
8.8
13.36
17.44
22.68
17.24
16.96
15.12
18.32
12.36
14.56
12.36
18.6
22.16
12.2
13.36
12.24
15.68
15.28
15.4
16.48
8.52
9.96
11.6
10.68
10.24
12.6
12.28
15.92
24.2
20.56
17.04
9.04
14.56
13.04
22.52
12.96
25.36
13.68
8.04
20.68
12.16
19.32
13.56
11.84
16.8
11.32
17.56
15.16
24.16
10.2
17.92
12.76
11.56
18.56
13.96
33.32
14.36
13.96
19.36
20.64
15.88
15.4
9.28
17.08
12.88
21.52
13
14.76
22.92
18.76
16.24
13.4
11.36
12.84
19.4
16.16
13.72
14.24
8.52
10.76
15.6
19.52
18.12
16.08
13.44
14.96
13.28
19.56
12.68
11.96
13.8
14.2
9.76
8.8
12.16
10.08
9.84
11.72
9.76
11.08
15.16
10.4
24.96
24.76
17.56
8.36
13.28
18.16
16.24
16.44
22.28
10.24
9.08
8.12
13.68
14.24
13.56
8.92
15.64
22.8
14.24
17.08
16.52
14.92
15.24
17.28
13.48
9.84
8.76
15.16
18.28
20.72
15.16
15.8
18.24
16.84
18.72
10.84
10.84
14.64
12.2
10.64
11.6
8.52
19.68
18.44
16.56
14.08
17.24
10.68
14
12.6
8.84
12.12
14.24
8.76
16.84
17.96
19.04
15
9
10.48
10.4
26.8
13.92
8.56
10.56
13.2
11.76
11.92
12.92
18.96
16.92
14.12
16.48
13.92
10.2
18
9.68
12.08
22.28
15
22.96
16.24
19.92
9.08
12.36
9.72
19
10.16
10.2
11.72
9.32
10.96
8.36
23.64
14.4
16.92
11.48
11.96
12.6
11.72
16.44
11.64
17.72
10.6
10.12
11.8
12.2
22.44
16.08
19.2
21.48
10.08
15.12
18.56
19
17.64
16.16
10.84
14.08
21.72
16.4
12.52
13.72
13.88
16.24
10.2
9.92
12.56
17.72
8.72
18.44
18.08
10.84
11.24
21.8
14.08
15.56
9.92
13.8
13.64
11.36
15.2
8.16
13.28
19.88
14.6
21.48
8.4
17
12.96
13.92
16.96
9.2
13.96
12.04
9.72
15.8
20.8
14.92
15.6
17.96
15.68
15.16
12.52
11.04
9.76
15.24
15.88
12.84
9.92
13.16
12.48
10.2
21.72
15.44
11.96
12.88
9.64
15
11.08
15.28
9.4
13.12
11.4
15.96
31.32
17.12
18.48
16.04
12.04
15.04
12.96
17.96
17.8
12.96
15.44
19.4
18.04
18.52
15.4
17
10.64
10.6
10.2
12.12
20.88
12.8
17.28
14.84
11.08
19.2
9.08
15.76
10.24
13.36
16.56
18.24
8.76
15.96
15.68
12.28
15
14.2
19.92
14.44
12.92
14.12
11.24
14.16
17.44
17.96
14.96
18.88
10.44
11.4
16.84
13.36
13.84
14.76
16.24
9.8
12.32
11.52
12.36
11.4
9.84
17.68
13.2
17.24
21.28
16.28
28.8
19.24
22.24
12.36
13.4
20.28
15.44
16.12
12.28
15.84
16.72
9.36
16.36
15.04
20.4
12.48
12.4
21.08
18.28
18.8
25.32
12.36
19.6
16.04
15.48
8.88
24.04
12.6
17
19.84
10.32
15.28
12.64
19.08
10.6
14.2
11.48
8.8
11.24
16.88
16.16
9.04
13.12
11.88
18.56
10.36
19.44
16.44
14.96
11.2
11
15.84
18.32
18.68
21.28
12.16
16.8
10.6
8.88
8.48
14.6
9.04
10.44
15.08
18.08
12.16
12.4
11.64
11.36
11.4
9.76
14.96
9.36
11.84
19.76
16.32
21.68
16.28
11.92
14.08
12.64
10.08
10.96
12.72
9.16
16.24
23.88
19.24
11.84
14.16
16.72
14.04
12.12
21.56
16.32
18.08
16.96
10.64
17.48
16.16
18.92
14.4
16.32
13.44
17.32
12.04
11.8
20.56
14.16
17.32
12.28
12.04
14.48
12.64
15.84
16.44
10.68
17.6
26.24
13.24
11.8
21.04
16.6
15.92
12
13.2
12.64
17.88
9.84
18.96
16.28
20.64
8.12
12.72
15.64
15.12
11.76
13.08
9
14.64
11.28
23.08
11.32
19.12
13.12
11.28
10.76
16.16
8.88
15.08
15.88
9.68
12.28
14.36
10.92
13.8
18.96
13.64
9.64
26.52
15
12.36
16.88
8.56
16.48
15.92
11.04
12.44
17.6
16.32
13.12
12.96
8.44
13.84
15.16
11.84
11.64
10.92
10.68
17.48
21.8
17.32
9.6
18.68
22.92
14.2
9.36
18.32
8.84
17.12
21.88
15.2
18.2
16.76
13.28
11.56
10.88
8.84
16.48
17.24
13.24
10.92
18.8
13.52
17.36
9.32
17.72
18.92
13.48
15.16
15.24
12.44
20.52
11.04
11.72
14.24
15.52
10.6
20.8
10.4
10.6
11.88
8.12
22.88
12.8
22.36
19.04
12.56
10.96
13.88
8.64
19.16
10.84
23.12
15.64
19.04
8.96
12.8
13.68
10.68
11.6
16.2
24.4
16.52
8.24
16.44
12.36
25.68
23.64
10.08
17.8
15.28
14.84
13.52
16.48
10.96
14.52
9.92
17.36
14.4
13.44
12.44
8.76
19.44
22.84
17
10.72
12.92
17.2
13.84
20.2
17.92
11.68
12.52
15.68
16.92
16.12
15.08
11.96
10.08
9.44
23.44
9.4
16.88
13.52
11.24
17.08
15.76
15.48
14.92
11.2
11.48
23.24
8.2
10.88
17.44
16.16
12.84
15.16
22.12
22.4
22.16
16.08
18.4
17.12
21.84
17.04
9.32
16.24
13.6
8.84
11.04
15.04
12.8
14.56
10.32
9.2
8.72
19.24
15.04
13.52
18.6
15.68
13.72
10.08
20.88
16.76
13.08
11.6
14.6
13.8
14.96
14.84
17.36
15.64
14.96
13.56
9.88
10.8
16.16
13.72
14.96
13.52
12.12
9.08
21.24
15.88
10.56
15.2
20
15.24
12.56
17.36
12.64
9.16
23.32
9.52
10.56
13.32
13.44
9.56
18.36
9
15.92
13.08
10.76
8.32
24.04
17.16
13.76
8.8
13.6
11.16
15.6
13.04
13.92
11.08
10.44
15.92
18.92
12.56
11.88
14.44
9.4
10.64
10.4
10.32
13.52
12.44
15.56
14.16
11.76
14.84
18.28
10.88
25.88
12.92
13.56
16.52
14.68
21.56
15.4
8.68
16.08
15.04
14.68
19.68
11.44
21.64
21.2
11.44
13.28
19.56
16.92
8.68
10.28
17.96
15.44
12.76
13.36
16.24
18.4
17.24
20.88
14.84
15.6
14.48
12.44
9.68
14.56
22.04
10.96
11.24
18.96
16.52
19.84
12.6
8.92
19.48
10.68
15.96
22.56
10.28
11.8
14.24
19.04
14.52
15
17.88
9.64
12.6
23.36
13.16
17.68
24.04
13.56
14.72
13.92
14.92
19.84
10.88
21.88
14.92
13.32
10.08
13.24
15.72
12.16
13.72
13
9.72
8.76
18.28
8.24
8.72
11.8
12.88
19.08
27.44
16.96
19.28
19.32
11.88
11.2
10.88
19.68
10.04
10.12
18.08
8.88
12.12
18.44
14.8
16.72
15.04
12.32
17.6
8.2
14
10.96
11.52
19.56
13.96
14.68
16.44
19.84
18.88
19.68
12.76
8.84
15.92
13.96
14.96
14.8
15.68
14.48
15.48
11
9.32
23.88
16.84
10.64
11.8
13.16
13.56
18.28
13.64
16.88
14.64
15.96
24.76
11.64
18.8
8.68
11
13.24
10.8
15.96
8.88
22.8
15.72
15.68
21.84
10.36
20.24
14.2
8.96
11.28
15.64
12.92
17.16
16.52
13.52
14
14.32
11.68
10.56
9.2
17.28
13.84
8.84
11.52
15.96
16.96
9.36
30.04
21.04
12.88
17.24
8.72
14.24
9.16
18.24
14.08
18.08
15.76
14.52
14.4
10.04
15.84
17.12
13.68
17.2
17.12
13.76
12.92
21.08
17.48
12.2
20.52
15.24
10.88
25
16.96
12.2
19.8
11.68
11.68
14.56
12.88
12.64
8.68
18.56
12.44
17.96
18
17.24
15.68
8.96
12.08
10.48
11.6
9.72
20.48
13.24
11.96
10.32
9.88
10.6
11.88
15.88
9.92
14.64
17.4
9.68
12.08
16.92
8.68
15.88
10.84
14.72
15
13.4
16.72
10.16
12.28
17.6
13.88
16.48
13
15.64
11.48
19.16
14
11.2
20.12
14.32
11
10.48
15.08
16.2
10.8
11.56
10.88
24.56
13.56
10.88
14.68
20.76
21.56
11.72
17.72
12.16
18.96
18.24
18.88
11.56
16.56
11.8
19.16
12.8
9.84
14.72
12.6
22.28
12.36
11.92
15.76
13.24
24.24
11.88
11.76
14.52
13.72
9.24
18.08
15.6
11.6
18.32
10.24
15.32
14.88
12.04
10.36
16.04
17.72
16.48
14.04
18.08
17.44
18.52
15.56
15.28
10.8
9.28
10.92
14.44
22.88
15.16
16.68
18.28
15.72
12.44
18.48
10.48
16.84
18
8.96
20
11.2
17.28
9.36
14.32
17.64
25.84
16.16
11.84
10.48
14.6
14.64
17.08
14.68
16.52
19.8
13.2
14.76
17.08
15.6
15.32
17.32
16.96
11.52
14.08
16.92
8.8
20.52
15.64
17.96
14.4
25.76
12.16
19.64
15.96
17.48
12.32
9.64
10.16
43.08
14.08
11.96
18.28
15.56
11.88
16.4
18
12.12
24.24
11.96
8.4
11.64
18.56
8.88
9.68
18.36
14.36
8.88
12.16
17.2
12.96
21.44
19.08
15.04
12.24
17.16
12.52
19.76
10.72
17.72
13.76
9.68
11.68
11.24
11.32
11.76
8.88
12.68
12.88
16.64
17.04
8.72
14.64
14.36
16.68
12.68
18.56
14.36
14.88
11.96
21.32
19.2
15.76
13.68
11.6
19.72
19.36
19.56
8.92
15.44
15.4
15.64
9.24
12.8
9.16
15.52
12.84
20.24
21.64
14.16
17.4
12
8.8
16.96
12.8
10.84
15.08
21
11.8
15.84
10.24
9.12
18.88
14.56
16.72
8.32
15.64
17.32
19
12.6
15.4
16.2
9.6
11.64
26.44
22.72
10.84
14.16
20.28
12.56
15.08
10.8
13.92
18.88
16.36
15.2
14.4
16.72
24.24
9.2
11
10.88
14.8
13.68
13.8
18.56
12.6
11.32
13.56
12.16
15.36
12.04
11.28
14.24
11.92
16.32
9.16
15.36
13.24
13.12
12.72
14.92
13.84
9.88
11.32
15.12
10.32
12.84
19.76
15.48
12.16
12.36
11.4
13.72
12.92
13.76
18.8
15.88
12.64
21.48
17.76
14.68
16.88
11.6
8.88
12.56
12.48
23.64
10.56
11.8
10.4
11.64
13.88
11.36
15.4
25.16
12.72
15.72
10.56
18.72
9.92
20.64
10.72
12.84
11.44
10.12
19.52
19.12
13.16
12.76
12.56
9.52
9.8
13
13.64
14.04
12.32
11.08
18.96
15.8
27
14.68
19.96
14.64
15
11.32
22.6
11.88
13.04
24.4
13
15.76
14.24
11.76
8.2
15
8.44
15.64
10.04
10.32
18.72
16.72
15.4
15.6
9.8
12.32
12.8
12.16
11.56
13.04
12.52
13.68
16.2
10.12
11.72
12.64
8.6
10.92
10.72
15.84
17.8
16.44
20.8
19.28
15.32
10.56
14.44
11.12
10.32
18
9.2
11.8
21.76
21.04
18.36
10.88
8.72
21.64
8.96
18.68
20.24
16.08
14.28
15.6
15.28
13.92
10.24
10.36
15.24
9.52
19.8
9.52
16.08
15.64
17.32
16.96
25.92
19.84
10.48
15.4
12.2
18.28
8.28
10.68
19.68
18.44
9.84
9.64
8.8
10.72
17.52
18.4
11.32
18.04
10.68
15.48
14.4
9.28
9.12
14.04
15.2
13.16
21.52
18.84
9.2
19.48
19.88
8
15.52
13.52
11.16
16.48
10.4
25.72
12.04
15.88
18.52
8.76
8.24
21.68
12.64
15.24
18.2
14.8
9.68
14.2
11
10.92
24.72
10.8
11.36
13.28
21.84
12.6
12.44
13.6
14.44
18.36
18.12
27.44
16.48
13.96
22.08
17.4
13.56
13.52
11.44
9.56
11.2
9.64
14.12
9.2
17.28
19
12.88
14.72
10.08
9.92
15.04
16.8
16.36
9.96
15.68
16.56
17.88
15.32
12.28
10.56
25.72
9.76
13.16
14.48
16.56
22.72
22.12
10.32
15.16
11.24
15.24
10.56
8.24
13.64
14.76
19.64
11
19
13.4
13.08
12.32
15.72
11.8
15
18.96
20.76
13.64
14.2
17.96
16.4
15.2
10.4
8.72
14.8
11.24
16.36
19.76
13.68
13.68
10.28
12.24
14.76
18.52
13.56
16.24
11.76
9.92
15.52
11.52
12.04
8.04
18.88
11.04
24
18.92
13.68
10.76
9
22.52
16.24
15.12
8.72
11.88
12
15.52
21.68
13.88
9.68
17.12
13.08
15.8
16.48
20.44
17.92
12.16
17.44
14.52
25.4
9.36
20.64
16.6
10.72
18.8
15.32
11.24
12.2
20.84
10.16
15.52
10.56
15.52
10.56
13.24
9.04
18.32
23.32
21.16
11.8
8
15.64
30.68
13.8
14
13.36
19.92
13.68
12.04
14.72
20.48
8.44
8.8
20.52
15.04
21.36
19.08
30.36
8.8
10.6
20
8.32
17.6
11.12
13.56
12.76
15.2
14.88
15.12
11.44
11.16
17.2
10.48
10.76
16.32
18.52
13.84
18.52
31.6
22.28
10.76
13.52
12
9.6
17.4
14.52
17.56
10.2
16.2
16
15.64
17
11.16
8.16
15.2
16.28
16.16
8.92
13.56
12.56
16.04
10.08
15.96
12.2
14.04
16.08
15.56
14.4
14.52
21.24
9.96
15.28
15
10.52
14.68
14.4
15.4
13.92
15.44
21.2
12.36
12.32
10.96
12.08
8.68
8.28
14.28
13.84
15.44
10.64
20.52
12.44
10.2
15.24
16
11.4
16.88
14.36
10.88
15.92
11.28
10.16
9.92
17.28
12.56
18.56
8.56
11.48
9.16
14.72
11.32
12
18.44
13.72
14.16
14.44
15.12
16.16
22.12
14.32
8
10.24
11.48
9.56
9.12
14.08
15.84
14.84
23.2
15.68
14.56
26.44
12.96
17.84
11.92
15.92
8.68
14.52
13.56
17
9.96
10.72
15.88
16.92
10.64
9.32
13.76
12.52
16.4
10.32
25.08
21.08
19.72
9.28
12.4
16.04
13.04
10.96
10.12
18.8
17.72
9.48
11.2
11.96
12.16
14.6
23.16
18.12
12.4
14.32
14.96
18.96
11.08
12.52
17.32
14.2
13.4
10
13.4
11.12
12.8
13.76
13.92
13
19.28
12.36
18.44
15.04
15.08
15.56
9.44
10.48
13.72
23.4
9.32
12.24
16.04
11.32
16.52
8.64
13.92
13.12
14.28
20.88
9.24
13.84
17.64
12.12
9.28
12.08
13.72
16.36
12.04
15.8
16.68
13.08
15.36
15.44
23.36
13.16
14.88
16.92
9.48
69.16
12
16.56
15.84
16.32
16.96
13.24
11.44
10.84
8.2
15.12
8.28
18.28
9.72
17.88
25.64
11.12
17.28
12
15.88
12.68
10.28
17.44
18.56
17.48
8.96
16.2
21
17.56
22.32
17.72
28.28
17.12
21.24
13.08
11.44
18.6
21.36
14.84
15.28
23.16
19.64
15.88
15.72
9
14
13.6
15.68
10.52
14.48
9.64
13.56
12.12
9.68
15.84
13.04
12.72
14.92
17.76
12.44
13.08
12.68
11.12
8.24
12.52
15
8.28
13.08
15.52
12.48
15.04
13.48
15.28
10.6
14.52
15.6
17.68
14.88
11.72
21.8
14.4
15.76
9.2
10.52
8.48
12
22.52
13.76
16.08
18.6
11.84
11.92
14.76
10.64
21.84
17.52
15.4
13.68
11.4
18.52
13.72
10.44
18.6
15.76
11.24
10.24
16.88
15.52
13.12
13.48
14.36
21.04
11
13.32
18.72
15.04
14.96
12.88
14.04
9.64
17.24
8.4
26.16
16.36
19.28
17.96
17.68
17.16
11.64
21.04
29.04
9.8
18.08
9.48
18.92
15.76
12.6
11.84
19.12
15.28
14.08
22.96
14.72
15.24
14.76
15.16
14.4
10.24
8.28
10.28
10
18.08
9.92
13.76
14.72
12.44
11.2
15.44
9.24
15.2
13.6
10.72
16.84
14.56
9.6
10.4
14.36
11.96
19.52
16.2
15.24
14.52
17.4
17.08
17.04
10
9.36
19.48
16.48
11.92
8.28
10.68
12.84
16.84
11.8
15.88
23.36
9.12
18.08
10.48
9.48
15.64
9.84
9.76
8.2
25.96
11.24
8.76
12.12
13.12
18.32
11.24
14.24
17.12
11.56
10.96
14
12.52
16.48
12.08
19.88
9.8
23.12
10.28
19.6
15
19.88
12.68
18.2
22.92
11.8
14.16
15.24
17.76
19.32
11.16
8.36
13
12.32
14.48
11.52
11.52
14.72
9.56
12.6
13.8
11.6
16.32
11.04
23.72
12.56
12.2
13
28.28
12.28
14.96
11.2
9.64
18.2
8.44
26.96
10.48
17.04
16.04
10.64
13.32
9.88
9.4
8.76
14.24
10.16
15.8
9.04
19.04
15.28
18.08
19.08
17.08
19.48
13.96
14.92
17.2
18.92
16.6
8.92
18.56
9.48
16.52
15.88
11.8
13.44
13
19.48
21.52
18.28
10.08
16.88
20.44
11.08
15.36
24.68
20.2
13.88
14.96
9.28
19.28
13.6
16.4
22.28
15.16
16.84
15.92
16.08
20.88
11.88
11
12.36
12.24
9.32
20.56
22.8
12.6
9.28
12.6
16.8
15.68
19.16
19.96
15.68
8.12
19.76
20
19.32
20.28
18.88
11.68
12.6
14.16
23.64
11.04
24.24
12.6
14.96
21.24
15.4
12.92
9.8
17.12
13.64
8.6
11.36
14.64
23.36
11.68
12.52
15.12
22.28
12.44
16.12
11.04
10.68
16.2
14.16
13
23.56
16.28
15.64
15.76
13.72
12.52
15.24
8.44
12.64
10.56
16.44
8.24
15.48
21.4
16.6
18.92
16.68
9.96
19.32
12.2
11.64
12.2
15.96
17.8
13.4
9.44
14
13.52
10.4
17.88
12.6
24
9.6
17.72
13.92
11.36
15.64
10
10.8
13.6
9.32
12.88
8.28
17.16
10.24
14
16.28
12.04
12
8.32
9.52
26.6
13.48
9.44
11.4
15.12
9.92
20.92
12.4
10
12.2
17.12
10.8
17.4
24
15.36
17.84
15.8
10.76
15.64
13.32
11.24
14.84
13
13.84
15.72
13.24
15.24
28.4
16.52
13.96
10.36
12.96
11.24
13
15.08
9.04
15.4
19.4
14.48
10.68
17.96
11.68
8.92
18.32
21.2
15.96
13.96
16.12
8.84
17.72
8.36
12.68
20.28
16.16
15.56
8.36
12.28
11.2
8.28
9.72
25.48
11.36
12.32
8.04
14.92
10.12
15.44
15.12
8.6
16.8
17.4
13.2
15.72
9.8
12.4
13.12
9.64
12.28
15.68
16.72
11.92
12.16
15.6
14.12
16.68
16.6
26
16.08
18.56
15.64
15.2
15.56
17.88
13.52
35
11.96
11.48
11.64
10.36
16.4
11.32
16.32
13.44
13.08
16.8
11.56
15.12
19.68
11.4
19.56
16.68
19.28
12.96
18.32
9.44
18.76
11.2
13.96
17.88
24.44
20.84
23.92
18.04
16.56
11.6
8.32
9.92
16.08
11.6
14.04
14.72
17.56
13.52
14.6
19.88
12.12
17.48
17.24
23.92
18.84
12.44
19.68
13.16
25.68
13.96
20.2
9.52
15.84
9.2
15.64
24
12.84
17.12
13.6
9.84
13.96
12.04
12.36
10.48
12.16
18.28
11.48
16
14.88
15.6
19.28
10.24
8.88
13.4
12.24
13.64
17.64
19.88
21.84
12.56
15.28
18.64
10.48
8.72
9.12
20.16
18.16
15.4
11.84
10.16
14.44
13.04
11.2
12.28
14.92
16.6
10.92
14.56
17.6
15.36
13.28
8.8
14.12
13.36
10
9.28
9.68
10.4
10.84
13.24
13.84
12.56
27.4
17.44
15
10.68
13.88
14.52
18.24
17.96
12.96
17.64
11.8
16.36
20.72
12.8
10.32
16.28
8.68
16.44
16.72
10.52
18.88
16.2
18.2
11.8
15.2
8.72
11.48
12.84
12.64
10.88
17.72
12.76
8.96
11.12
11.2
16.4
15.64
14.76
10.52
14
15.6
12.88
14.24
14.56
9.4
15.08
20.04
19.16
8.12
24
9.28
14.32
12.44
11.52
12.96
14.76
13.24
26.6
11.36
10.88
12.04
10.28
14.44
17.12
15.52
15.44
13.36
13.32
20
15.76
14.68
10.32
15.12
9.56
9.56
15.68
14.32
16.84
13.44
15.52
11.32
13.2
15.8
16.72
10.48
17.28
17.4
25.32
12
11.24
14.64
15.68
11.28
17.2
9.28
11.64
13.04
11.76
19.16
9.32
14.72
18.52
8.36
17.12
11.72
16.76
22.2
12.12
9.16
12.28
12
11.88
11.16
13.36
12.28
12.64
8.84
9.68
15.8
16.96
11.48
21.12
12.32
10.52
20.44
10.4
11.32
14.96
11.12
20.8
8.48
20.32
10.56
10.6
21.28
24.08
10.04
10.08
13.12
15.32
12.84
14
8.96
9.56
11.32
14.24
11.44
16.36
10.56
23.32
8.8
15.4
13.2
25
17.56
12.84
10.8
8.36
11.04
9.08
19.32
15.56
17.24
12.8
12.64
18.64
14.92
16.44
13.76
24.08
16.04
9
10.4
13.36
19.16
13.76
13.72
12.56
13.72
18.2
18.6
19.88
11
14.84
25.24
16
10.64
9.68
16.4
9
11.96
9.72
22.24
8.64
16.04
20.2
12.68
23.12
10.8
18.92
8.8
11.56
16.76
9.6
11.08
13.8
25.04
12.08
20.64
15.96
16.68
16.64
18.76
8.48
14.72
12.08
19.84
19.6
12.2
11.92
11.32
11.36
12.36
10.16
13.36
10.36
19.52
8.72
19.52
24.88
15.76
11.44
22.4
15.76
11.16
11.64
15.12
11.76
21.28
13.32
8.72
13.32
10.8
17.4
18.52
20.64
14.6
13.36
22.92
12.04
21.12
13
15.56
17.52
18.16
16.32
23.88
16.28
12.12
12.48
11.88
17.56
14.08
18.44
15.52
10.64
18.2
18.92
14.6
11.16
16.56
20.88
15.68
13.32
11.72
25.56
11.08
16.84
9.44
14.12
18.36
13.08
11.48
15.92
11.56
18.52
22.28
8.44
17.88
18.16
21.56
22.44
20.6
12
8.64
8.88
21.44
24.8
11.92
12.4
33.12
22.6
21.88
17.28
13.6
22.28
17.24
10.88
11.12
9.04
13
10
8.4
8.68
17.24
15.52
16.12
12.44
10.24
11.04
17.36
17.32
9.88
9.4
15.32
20.08
17.04
14.36
13
17.52
14.68
15.56
16.04
16.56
15.2
13.48
25.12
11.68
16.64
8.84
13
12.08
18.92
10.88
21.68
14.2
13.64
12.64
13.76
11.48
10.08
12.52
10.84
11.52
15.96
10.24
10.4
11.16
15.24
20.24
11.08
14.4
10.68
9.24
12.68
12.6
12.08
17.92
8.76
16.56
12
10.2
10.68
8.32
27.8
14.92
23.56
16.24
15.72
16
14.2
18.24
17.12
18.28
11.68
17.44
9.4
20.44
22.16
9.64
27.92
16.12
11.6
10.56
11.4
8.36
16.88
17.72
17.8
15.04
10.56
13.08
23.76
13.8
13.8
14.56
23.96
12.52
11.72
15.8
11.88
8.04
10
14.8
10.2
12.52
13
14.48
16.08
13.68
10.12
9
22.16
21.16
17.12
17.56
11.36
14.08
11.68
13.36
11.52
9.28
11
15.76
12.92
10.04
15.4
8.52
11.24
12.4
13.04
14.88
19.24
18.12
14.96
12.48
16.12
13.92
16.04
19.88
9.6
10
9
9.72
11.12
12.72
12.4
21.08
14.04
14.04
22.8
23.28
12.72
26.44
14.28
15.96
18.84
11.68
15.12
18.76
12.12
19.8
11.8
19.08
24.96
14.32
18.12
12.16
15.32
14.84
11.56
10.92
9
25.88
13.96
9.32
15.76
12.8
8.44
13.16
12.36
12.28
25.52
16.68
9.6
9.76
13.96
14.04
12.64
20.08
17.52
18.92
17.52
15.84
12.92
9
16.32
14.32
13.16
23.36
9.64
10.4
17.96
20.56
13.04
10.24
17.64
11.44
24.96
17.12
23.52
13.44
15
19.72
17.84
8.36
15.2
14.6
10.68
11.08
23.6
14.52
14.2
8.16
13.36
8.48
18
12.36
12.4
28
13.8
18.28
19.56
14.92
17.12
10.04
12.92
14.56
9.52
13.24
12.16
12.44
12.6
9.08
11.8
12.04
11.56
11.2
15.88
13.32
11.08
18.12
12.8
20.92
19.92
9.44
20.48
15.48
13.16
13.6
12.56
12.6
18.4
18
19.84
12.8
12.88
15.2
10.68
31.64
14.96
10.56
12.04
11.08
11
10.48
13.04
11.24
9.16
13.6
10.4
11.44
18.32
18.56
14.48
13.2
15.4
23.12
11.8
11.84
10.64
11.32
22.28
10.6
10.16
12.68
13.64
19.6
9.12
11.32
13.72
18.36
21.32
12.08
12.04
8.76
13.6
8.56
11.32
12.52
13.04
13.08
13.84
10.84
14.32
19.04
13.6
15.6
9.24
18.88
16.96
14.68
11.24
13.04
15.56
14.68
19.72
15.2
15.88
13.88
16.88
12.44
18.36
11.84
14.64
14.12
8.12
11.8
8.24
17.36
20.96
10.6
16.84
9.88
22.24
13.92
16.68
16.48
15.12
11.6
8.96
10.56
13.88
18.68
13.64
16.8
10.08
16.32
12.44
10.72
16.48
13.52
13.12
10.64
12.68
13.16
15.76
14.52
18.68
22.6
15
13.88
15.48
14.32
11.12
14.92
17.32
10.32
20.8
8.48
14.28
10.84
19.8
20.04
10.68
15
12.96
16.6
9.84
8.56
9.24
12.52
11.8
13.12
15.44
10.44
17.84
11.36
10.36
8.2
10.84
10.12
14.92
11.88
10.84
17.08
15.08
12.84
16.28
13.32
16.84
18.2
10.44
15.2
9.44
11.76
11.6
11.32
22.04
10.48
9.12
16.72
13.08
8.68
12.48
14.48
11.48
18.72
10
15
11.64
20.6
13.44
16.88
10.6
16.6
13.48
18.24
15.44
16
9.04
14.4
14.48
9.72
18.52
23.12
14
8.32
13.52
18.16
9.96
14.6
9.68
9.36
27.84
23.76
17.44
16
14.84
10.24
13.44
9.8
11.48
14.28
9.64
24.56
13.2
15.84
9.84
8.48
15.92
10.2
18.92
10.4
12.6
11.72
11.04
16.88
15.08
10.12
8.24
8.52
12.88
12.96
9.32
12.68
12.88
20.44
8.72
14.8
14.96
9.36
10.16
28.24
20.16
13.2
11.96
14
19.8
16.8
11.44
15.52
15.24
15.76
16.28
8.64
13.2
16.4
26.28
11.2
18.12
10.28
10.52
16.76
11.68
17
13.28
15.52
9.64
15.56
19.4
9.56
15.28
8.36
14.88
15.08
13.76
14.56
22.36
17.56
16.68
13.72
14.08
11.96
14.48
11.92
14.88
18.44
16.88
15.36
18.32
13.32
18.48
16.44
11.04
12.28
13.68
16.96
8.44
14.28
10.56
12.44
13.96
17.24
14.24
15.36
9.52
9.96
13.32
13.56
9.04
11.84
8.44
15
10.56
15.96
20.16
9.72
18.36
10.56
16.8
9.44
18.76
15.84
14.44
14.36
9.16
16.12
13.56
9.6
11.76
10.32
10.12
12.04
17.12
11.8
9.64
11.84
12.32
14.36
22.96
8.68
10.4
11.48
16.4
18.44
14.2
8.76
9.84
24.84
10.2
31
11.96
17.4
11.24
10.6
11.88
14.72
20.72
23.64
25.12
14.76
20.8
12.08
9.12
12.32
18.4
16.52
14.6
11.48
19.68
15.6
13.28
13.8
8.24
13.36
11.36
9.56
14.48
13.72
17.08
23.96
12.52
11.36
11.52
9.8
9.84
10.48
20.24
9.2
13.28
11.76
10.44
10.8
10.84
15.08
20.84
9.4
9.8
13.2
14.84
14.72
25.84
18.96
13.96
20.16
10.04
13.28
8.6
19
10.84
8.32
15.2
16.28
15.32
18.12
14.44
11.48
15.16
12.72
19.64
13.16
14.04
13.68
15.92
16.24
14.2
17.64
15.32
16.72
13.68
10.04
18.68
21.16
20.76
9.88
10
21.68
9.6
9.76
21.16
11.2
12.52
11.08
20.72
22.76
13.8
18.64
11.4
18.56
12.76
17.8
16.92
16.36
10.64
8.84
10.32
17.88
20.64
15.32
9.56
16.4
17.08
17.52
17.16
18.72
19.44
22.12
15.92
16.12
8.96
15
18.2
16.08
10.04
11.92
11.44
12.44
11.84
12.72
13.28
8.8
12.92
10.44
11.4
10.6
10.4
9.8
14.28
15.68
18.6
13.84
8.28
15.92
13.68
21.76
11.44
17.92
8.76
13.76
13.92
11.92
20.08
11.96
8.76
10
15.72
10.56
13.36
13.52
12.8
16.56
9.16
17.4
12.32
9
10.76
16.68
12.04
17.48
9.56
15.4
8.16
19.4
13.72
14.8
13.64
16.32
17
9.28
19.32
9.64
15.56
23.44
8.96
10
17.4
15
18.28
14.44
8.72
10.08
12.76
9
16.52
10.44
16.44
8.52
18.68
9.36
13.36
13.6
19.16
11.32
18.96
18.4
9.4
24.4
13.92
10.24
13.44
24.16
21.76
12.6
16.56
14.4
15.76
9.24
20.32
14.04
11
15.32
17.68
15.84
16.56
12.04
11.72
11.16
14.96
11.24
17.68
20.4
19.28
22.28
17.28
22.28
18.28
19.24
17.32
11.56
21.68
9.8
11.92
8.68
23.44
14.32
16.48
10.4
19.76
9.92
11.36
11.52
13.6
14.64
15.52
25.2
14.44
13.88
8.32
10.36
9.04
12.08
18.36
13.2
17.16
21.68
18.92
17.56
10
10.08
13.96
11.56
13.16
8.16
8.76
11.08
14.4
9.08
9.08
9.52
13.32
13.4
13.4
11.68
11.44
15.8
15.28
19.04
22.76
15.56
12.48
19.72
11.44
12.52
11.2
16.96
13.76
10.64
10.28
10.08
15.52
27.48
15.52
14.96
10.28
10.2
10
10.6
12.2
9.16
9.44
9.28
11.8
13.2
18.6
11.56
12.08
16.76
12.92
12.36
11.04
18.04
15.28
14.16
20.72
15.36
11.36
19.12
20.88
15.88
13.32
10.12
12.08
10
21.44
20.2
8.92
10.32
11.88
13.64
16.8
17.44
13.92
16.4
11.16
16.04
16.12
21.2
18.8
14.2
10.44
10.64
14.68
18.48
10.92
9.92
15.92
10.64
14.84
9.92
11.8
10.44
12.84
11.4
12.2
10.28
20.48
11.84
14.2
21.44
9.68
21.36
15.8
16.72
18.32
19.16
15.08
9.44
13.16
10.32
11.2
16.6
22.12
16.44
20.16
19.52
13.08
9.6
10.04
12
14.16
11.64
9.52
11.88
10.76
17.28
13.2
14.8
18.68
21.64
11.72
22.28
13.64
19.12
18
13.4
12.68
24.48
19.04
22.64
15.28
14
9.36
14.04
9.68
10.84
13.96
10.56
10.88
17.4
12.04
13.48
8.92
9.68
13.72
13.56
17.24
17.92
9.64
14.2
18.44
12.4
17.76
11.04
11.72
10.84
10.8
13.64
12.32
13.6
17.96
8.52
12.12
10.68
11.6
13.48
13.92
11.88
14.08
13.52
15.32
18.04
18.32
11.32
9.2
11.96
19.12
11.12
10.04
12.72
14.8
14.72
16
9.44
14.16
15.92
11.56
10.12
15.08
12.08
9.4
10.92
11
16.72
17.64
19.04
12.04
10.92
19
9.12
16.44
17.08
9.56
17.24
17.12
10.84
9.28
17.68
11.44
12.44
18.2
20.84
14.04
11.76
12.64
13.2
13.56
11.4
23.4
25.2
18.4
9.92
13.36
15.4
20.08
9.92
12.92
18.92
26.48
11.04
25.8
19.44
9.16
12.16
17.6
15.12
10.92
14.72
11.72
14.84
18.64
11.4
12.92
15.6
11.12
11
22.76
13.6
10.16
13
14.24
11.88
10.56
12.12
11.36
15.16
15.16
13.76
13.36
16.68
11.32
8.36
11.68
8.36
17.68
20.4
9.16
8.96
12.56
10.2
16.96
12.8
16.32
11.36
23.6
14.72
12.2
11.72
16.6
23.92
14.68
8.32
13.36
10.84
10.72
8.16
12.16
17.92
8.84
19.24
29.92
11
13.2
11.92
9.92
14.6
16.68
9.32
13.76
12.76
17.04
19.92
12.84
17.88
16
11.08
20.56
15.64
18.24
9.04
29.76
22.88
18.92
24.8
14.12
9.4
10.48
11.16
10.52
14.68
13.72
11.2
8.2
11.56
11.56
12.12
13.92
19.08
8.64
9.4
16.16
15.76
21.28
19.08
25.08
11.84
10.8
14.8
16.04
13.88
18.72
12.92
16.16
12.24
15.32
11.08
8.24
9.88
10.08
9.08
10.6
17.6
11.6
8.64
23.4
18.2
13.76
16.84
12.24
16
13.96
17.68
12.36
13.76
18.6
12.84
19.8
10.08
17.44
11.36
14.84
14.2
14.12
17.96
13.24
10.08
12.28
13.16
18.6
17.48
21.6
13.2
19.92
15.48
13.44
10.48
9.76
16.36
14.08
14.56
13.44
23.24
8.8
11.8
10.16
19.84
13.92
10.24
19.36
11.4
18.52
15.8
14.52
11
8.92
15.12
10.2
15.72
8.44
15.36
12.12
9.92
10.16
10.72
25.92
17.12
14.8
10.12
11.8
9.12
12.28
16.2
17.36
9.64
8.68
14.6
17.84
11.48
16.64
13.16
16.16
11.2
11.68
14.52
14.76
12.72
13.72
21.28
9.64
8.44
17.24
10.8
13.28
22.12
27.4
18
15.08
11.8
22.28
20.68
9.16
10.04
14.16
10.6
18.4
12.32
17.92
15.84
15.16
16.12
14.24
13.28
17.44
11.92
11.4
8.6
14.2
9.6
10.8
12.52
16.24
16.28
17.84
11.64
10.12
10.8
21.2
9.64
14
22.64
15.6
16.04
15.68
20.24
11.4
9.76
11.08
27.8
16.36
17.8
22.2
16.44
11.24
10.72
13.24
14.36
10.32
21.08
22.16
12.64
13.44
15.96
10.52
12.8
10.4
17.56
21.64
11.2
9.4
19.84
13.24
17.12
9.64
13.76
14.36
21.88
13.24
24.88
13.56
16.08
13.04
11.44
15
23.44
12
11.32
14.56
14
20.8
11.4
13
11.08
10.24
8.68
10.8
11.32
12.72
10.56
17.6
11.28
16.8
13.64
9
13.96
18.96
8.72
15.72
9.36
15.56
17.56
9.84
12.32
11.44
20.2
11.32
14.32
9.84
23.6
8.68
16.6
13.12
9.24
11.84
16.04
23.04
12.68
20.28
16.76
22.08
16.28
16.84
9.04
8.8
13.12
12.68
15.64
9.76
18.88
11.08
11.32
19.28
14
12.88
19.24
10.28
9.44
13.4
14.6
11.32
10.2
12.92
10.48
15.2
13
15.52
12.04
8.96
8.96
10.24
10.4
14.76
12.4
12.72
20
15.96
18.08
10.96
10.52
23.32
12.84
16.08
12.76
14.56
11.32
13.48
11.76
10.48
11.04
14.12
8.12
24.8
20.84
10.76
17.16
9.2
18.64
8.12
14.24
12.84
17.72
16.28
14.16
10.8
12.16
10.92
8.8
16.16
19.8
13.56
14.08
12.48
13.92
9.72
11.88
14.12
10.52
8.12
11.88
8.56
15.04
9.08
14.4
15.72
19.24
8.96
9.68
11.2
17.44
10.92
9.32
14.76
11.64
13
12.32
10.48
8.52
12.24
17.28
12.08
10.32
11.04
12.56
17.92
8
9.2
17.24
10.72
17.88
15.4
20.24
10.52
21
22.92
17.2
13.16
12.88
19.6
12
11.64
24.28
12.44
13.2
20.24
11.68
9.16
15.96
15.72
17.84
8.64
15.28
14.68
32.08
19.48
12.16
21.44
17.64
17.88
13.6
16.16
17.2
11.96
11.92
16.8
21.92
13.44
13.08
20.16
17.32
13.16
10.72
9.92
24.44
9.84
13.2
9.76
12.8
12.28
19.2
17.2
11.28
8.08
16.36
11.12
20.84
16.44
20.48
19.96
14.88
15.44
12.88
11.92
14.56
13.4
8.24
10.36
14.6
21.96
15.64
13
17.72
9.6
10.48
8.28
17.68
14.08
14.6
10.68
13.4
12.76
10.68
12.72
12.16
16.36
13.24
12.92
8.44
17.44
18.04
13.8
13.44
16.6
13
12.4
11.68
11.68
15.64
14.56
16.96
17.84
19.2
8.56
13.68
19.64
9.2
13.12
14.16
10.04
11.36
10.52
8.12
16.48
9.36
16
9.12
16.16
13.24
10.76
16.4
8.24
12.56
11.12
16.36
12.48
12.6
15.04
10.4
9.52
9.4
15.96
11.16
17.32
15.64
9.28
12.12
14.96
14.52
11.88
9.6
13.28
12.08
10.32
12.04
14.12
11
12.6
13.36
14.16
15.08
9.72
16.32
17.88
13.2
17.88
14.16
9.92
14.52
10.04
14.72
10.36
17.48
12.8
16.96
15.04
17.88
9.84
11.24
21.72
10.84
18.64
11.56
12.56
15.52
14.48
12.44
13.92
11.24
13.56
11.24
11.76
10.36
10.36
8.92
18
23.08
20.68
16.04
22.56
12.84
10.48
8.28
10.56
18.44
14.48
17.32
18.68
17.4
16.24
13.6
13.48
12.68
17
17.48
8.12
11.56
13.64
28.64
13.76
15.64
11.76
10.32
14.76
12.84
8.52
15.76
22.36
17.52
22.04
8.28
13.8
13.64
13.2
10.04
15.84
12.16
34.64
15.24
10.28
20.2
11.64
16.96
13.44
11.64
13.64
8.76
13.96
10
14.96
14.2
15.56
17.12
17.8
11.36
9.16
11.4
11.64
22.04
15.96
10.52
24.48
10.92
11.4
20.56
13.64
12.2
13.56
9.76
10.64
9.92
12
16.64
11.68
18.16
12.2
11.24
13.36
11.2
13.24
8.88
12.24
13.56
12.16
12.12
11.52
10.6
9.12
9.2
9.8
10.44
9.08
12.16
20.28
24.76
10.08
16.64
9.92
16.84
10.72
13.12
17.32
8.92
19.64
20.2
18.2
16.64
10.32
9.72
10.12
9.64
19.48
21.96
16.32
19.76
12.56
25.6
16.16
18.32
14.04
22.48
8.6
20.64
10.6
16.08
13.16
12.76
17.84
11.92
11.08
16.88
11.04
9.2
10.96
8.36
10.64
12.64
11.52
20.84
8.96
17.48
23.8
10.16
17.6
13.84
12.76
10
9.68
16.32
11.12
9.2
9.32
16.64
13.72
18.44
20.28
20.4
14.72
15.28
12
20.64
14.36
10.96
12.64
12.64
14.04
11.52
11.56
11.76
14.4
29.48
17.2
9.48
10.04
9.76
15.44
16
9
11.48
10.28
9.76
11.96
11.24
13.64
10.92
17.96
15.48
9.28
10.64
12.08
21.88
8.88
13.84
14.6
10.16
12.32
20.72
23.16
12.36
11.24
11.28
9.72
13.36
9.72
15.68
12.48
13.32
19.2
10
12.28
14.52
14.92
12.16
11.76
19.56
11.44
9.24
16.84
18.68
11.32
14.48
8.04
12.88
8.64
8.72
14.72
15.72
8.96
11.8
15.44
20.2
10.2
11
10.04
9.2
17.8
13.6
11.16
10
8.44
12.04
10.6
12.84
8.96
10.16
13.6
14.08
8.56
11.76
14.84
12.88
18.76
11.68
19.2
9.08
17.68
18.32
17.2
14.32
18.56
8.36
16.04
12.92
16.56
14.6
18
14.08
15.6
12.24
22.68
18.64
11.6
14.8
17.04
14.28
14.12
10.44
9.04
15.04
9.08
17.32
11.88
9.04
13.8
10.92
12.32
10.48
19.92
8.12
10.6
16.08
12
17.64
8.56
13.6
16.16
23.08
21.52
10.92
11.4
18.6
10.72
19.84
11
14.16
13.4
29.52
12.24
14.72
11.88
15
11.36
13.6
17.36
18.84
8.12
19.88
10.6
15.44
15.04
8.52
8.96
12
10.84
9.04
17.88
19.72
14.76
11
14.88
16
17.4
7.36
9.36
11.8
11.72
12.84
11.72
15.88
10.04
10.16
11.28
12.24
10.92
12.72
12.68
7.68
7.8
13.64
9.8
11.48
7.28
8.88
7.32
12.44
13.96
13.24
19.64
10.12
10.16
17.72
14
9.52
7.28
8.16
12.36
14.6
9.24
14.72
9.12
9.84
8.92
10.72
11.44
8.2
13
14.64
20.84
11.36
10.8
11.76
9.84
14.8
15.68
10.16
12.08
10
8.12
7.8
11.52
12.36
14.2
8.08
11
16.76
15.64
9.16
12.44
17.48
7.72
7.48
10.16
22.76
13.76
12.16
17.96
10.08
11.24
14.16
16.92
18
17
14.88
17.76
20.28
12.72
8.64
10.96
7.8
8.2
15.76
9.56
18.2
7.64
8.52
9
11.92
11.6
8.2
11.08
9.88
9.32
13
12.36
12.72
7.4
15.36
16.76
9.12
7.32
12.64
19.56
14.6
7.28
12.36
13.92
12.32
10.64
11.16
10.8
8.96
10.28
13.16
8.28
11.6
10.28
13.96
7.88
12.04
10.64
12.48
9.6
10.08
10.88
8.96
12.28
12.68
9.48
10.08
8.68
7.8
10.8
10.52
7.24
15.8
11.32
16.68
8.76
13.6
7.6
12.4
8.12
7.88
10.72
8.52
7
13.76
9.48
9.4
9.08
13
12.4
7.84
10.04
7.24
20.36
13.84
9.68
8.16
9.72
13
17.08
12.28
23.48
7.04
17.76
14.68
8.64
8.96
13.68
12.08
17.52
14.4
12.04
9.72
14.36
7.16
12.8
7.2
7.88
7.88
14.88
7.8
12.12
11.8
8.48
11.88
37.52
10.96
8.32
8.48
16.56
7.56
10.08
8.4
12.52
8.52
12.96
10.64
12.72
15.2
13.92
10.36
11.2
11.88
8
11.84
10.28
15.16
10.44
19.92
12.76
7.24
15.68
8.32
13.84
10.8
9
12.4
8.28
16.12
7.6
12.76
15.6
11.88
10.2
9.2
9.76
13.48
14.52
15.32
17.28
7.8
9.32
15
19.76
15.92
8.92
22.68
9.8
9.64
8.72
21.36
8.8
17.56
10.08
11.08
10.6
19.96
7.12
11.04
9
10.32
11.44
15.32
9.52
7
25.68
13.12
7.68
14.68
11.92
11.68
17.52
14.24
16.96
10.4
13.48
11.64
20.88
12.48
12.48
9.16
7.84
11.4
10.12
15.36
13.28
7.36
8.12
10.36
7.4
11.8
8.76
13.24
7.08
14.16
10.44
15.44
11.52
13.52
13.56
12.2
7.08
14.76
12.48
10.96
8.32
7.32
9.12
15.88
8.96
12.44
7.28
14.8
10.84
8.96
10.92
9.72
9.28
14.96
7.16
7.56
10.44
8.08
8.16
11.52
11.92
9.48
8.44
9.48
7.8
8.16
16.56
13.28
10.4
12.8
14.56
8.28
9.48
14.96
11.32
15.36
8.36
18.4
13.84
8.08
16.84
8.32
10.16
11.96
7.64
11.96
10.08
18.2
11.36
11.88
15.96
15.92
8.28
19
10.48
12.48
17.84
19.52
11.28
11.12
12.28
8.24
7.24
7
13.96
10.32
11.28
9.52
9.16
17.84
13.44
12.52
12.36
17.76
27.08
8.84
12.96
7.16
12.68
14.44
14.36
9.76
13.84
7.92
12.12
11.48
12.08
16.72
16.2
15.24
10.48
58.2
17.68
12.32
8.36
9.84
10.28
9.8
12.08
17.32
13.68
15.36
20.76
7.76
15.88
7.52
7.4
9.4
8.32
20.76
9.8
15.24
14.72
15.08
10.44
14.16
10.72
11.16
11.72
8.4
7.36
16.12
15.52
18.32
7.68
7.84
10.88
10.8
12.4
9.28
10.36
14.28
14.8
18.48
9.32
11.2
14
12.28
7.24
15.72
7.24
20.32
16.12
11.76
8.2
10.72
10.12
18.24
8.24
7.08
12.4
11.32
12.28
12.96
12.92
11.92
12.8
7.24
11.76
10
19.52
16.44
17.52
12.44
8.96
10.48
8.36
12.32
12.12
13.12
9.72
9.84
11.52
11.44
9.12
10.56
7.68
8.84
10.32
8.6
13.36
16.08
9.84
8.56
10.6
11.4
16.24
7.52
12.08
10.96
8.44
11.76
8.32
7.52
12.28
15.88
13.36
11
11.24
16.8
8.68
13.96
12.48
11.76
16.08
19.4
12.08
9.96
11.84
10.64
7
17.72
13
17.68
17.24
12.36
16.16
16.64
10.88
16.2
16
8.36
18.2
19.04
13.2
10.52
11.28
8.08
9.64
14.4
8
10
10.04
16
9.48
12.24
10.08
8.32
10.28
10.64
8.64
15.32
9.32
9.12
14.64
8
8.52
8.04
20.64
7.16
8.52
10.36
12.76
9.72
8.64
7.32
12.52
7.44
7.32
7.96
7.32
8.6
7.84
10.36
8.48
15.2
9.64
12
11.68
14.64
12.24
11.4
16.08
9.64
7.08
7.32
7.2
10.84
8.8
11.6
13.96
20.88
9.64
8.08
18.36
12.04
11.8
7.08
8.4
7.2
7.36
9.88
13.48
19.32
8.76
15.36
18.64
18.68
11.28
11.16
11.56
19.68
22.16
7.32
11.84
9.08
13.44
12.68
9.12
11.96
12.16
15.28
7.12
13.28
15.48
7.84
8.16
11.36
16.6
8.96
21.68
13.28
14.32
15.24
12.48
14.68
7.6
13.92
7.48
9.08
8.68
12.24
15.2
8.28
10.48
15.96
7.24
9.52
7.52
11.96
12.8
11.56
10.84
12.48
9.48
11.48
8.04
12.68
13.92
10.76
11.2
12
14.52
13.48
7.48
7.76
11.92
7.6
9.96
9.32
8.72
18.8
10.6
9.28
8.52
10.36
7.28
14.4
12.6
7.36
7.36
7.56
8.08
12.12
9.56
12.12
8.24
14.24
8.32
13.64
8.24
9.92
7.24
7.68
11.84
13.76
7.44
8.04
13.44
12.28
12.92
8.72
8
8.76
7.72
7.92
8.52
16.56
9.44
8.76
7.56
9.2
11.88
9.36
15.2
7.44
15.44
8.76
7.92
17.36
7
16.36
8.2
12.68
13.4
7.6
14.76
7.56
14.24
13.56
7.36
9
8.04
16.32
13.56
10.64
8
14.88
9.48
12.2
15.96
15.52
9.24
7.68
10.68
7.68
8.52
19.8
8.68
12.88
7.2
20.12
9.64
13
11.96
9.64
8.6
9.6
7.76
15.36
15.72
12.76
11.12
7.44
10.04
12.92
7.28
11.28
14.52
8.24
11.48
7.88
11.44
16.52
12
10.92
12.12
11.28
10.52
22.12
11.52
10.92
7.6
8.24
8
7.32
12.88
17.48
8.48
8.72
8.16
7.68
8.8
7.92
10.12
8.32
8.6
17.68
7.24
18.16
17.92
15.84
18.2
13.24
8.72
9.92
8.52
19.48
9.64
12.04
8.16
10.28
10.24
7
8.64
7.64
10.64
13.44
8.8
14.8
7.44
12.72
11.88
7.24
8.12
12.32
11.52
15.16
12.52
12.64
14.8
8.24
11.32
13.76
11.04
9.48
15.04
13.36
7
8.24
13.48
9.36
8.88
9.32
13
15.08
7.72
9.12
16.48
15.32
10.04
11.04
15.48
19.12
11.52
9.28
17.64
8.76
7.32
8.24
9.52
7.44
15.76
7.28
9.16
7.36
9.36
16.24
9.8
17.92
12.4
9.32
15.32
9.52
13.4
11.16
7.64
8.44
9.68
12.12
11.12
13
15.08
15.88
10.76
11.12
15.56
8.88
12.64
13.24
8.08
12.8
14.48
18.52
8.68
17.44
7.04
11.64
15.44
13.76
11.48
11.6
8.16
8.68
9.76
21.2
15.96
7.28
11.44
12.76
8.08
16.88
10.72
12.84
15.2
14.76
11.68
13.72
18.44
13.48
8
13.8
10.56
8.32
16.64
17.56
13.28
8.28
14.04
9.36
14.48
14.32
13.52
9.88
11.4
8.52
10.44
9.88
12.84
8.68
7.8
12.44
12.92
19.08
7.64
7.64
8.2
11.56
9.12
7.12
11.56
8.16
8.32
7.08
9.44
12.28
11.2
11.88
11.36
16.16
9.56
24.72
8.56
9.64
17.48
7.48
9.16
7.08
13
11.52
8.08
7.28
9.8
7.96
8.48
9.72
11.2
10.16
8.48
10.56
12.6
9.56
7.68
10.76
10.08
11.88
17.04
10
14.04
11.6
14.04
9.84
12.04
7.08
10.56
8.68
8.68
9.64
14.8
13.96
7.56
7.4
8.44
10.88
7.76
12.84
21.84
18
14.64
14.96
10.32
9.04
11.32
10.16
9.6
15.24
10.6
13.64
9.24
16.04
7.32
9.6
15.08
12.76
14
13.96
16.76
15
7.08
10.28
16.08
12.64
8.32
10.48
11.84
17.36
11.64
7.72
20.44
7.16
7.32
9.32
10.4
8.8
16
12.12
10.8
11.32
8.8
11.48
25.32
13.32
14.2
7.36
9
7.16
14
17.24
16.64
11.4
8.8
11.52
7.56
14.72
11.44
13.44
8.4
13.08
14
14.72
9.2
9.08
13.12
7.76
8.84
12.32
11.44
12.12
14.36
14.76
8.28
11.08
20.44
9.56
11.2
11.44
7.64
11.12
17.12
9.04
11.08
17.2
9.56
14.56
10.56
13.64
8.76
8.6
7.64
13.88
9.72
11.8
10.72
15.52
9.92
14.8
11.44
11.64
8.56
17.4
27.6
16.84
13.2
12.84
17.12
9.4
18.2
22
12.72
13.36
16.88
11.28
13.16
13
11.6
12.48
10.52
14.32
7.76
14.4
16.16
11.28
17.88
14
10.4
16.88
28.36
11.2
7.68
12.44
14.04
8
14.2
9.08
16.4
11.04
12.44
21.6
7.76
9.8
7.6
13.04
12.32
7.84
9.72
17.16
9.2
11.32
8.88
20.88
16.28
10.56
7.68
13.96
13.68
7.12
11.04
13.68
7.12
12.72
13.36
8.04
9.88
15.48
10.4
10.68
7.24
12.44
11.6
18.44
15.4
8
7.08
14.96
18.16
8.04
13.28
9.88
8.24
18.24
7.32
7.56
16.48
13.56
16.68
19.08
16.24
11.72
7.72
11.32
11.12
19.04
11.36
7.96
9.4
14.8
12.44
9.4
21.08
15.2
13.4
10.32
9.76
10.36
7.76
20.12
7.72
10.44
17.68
15.84
17.8
14.08
8.68
15.2
8.36
10.24
10.56
13.56
11.6
10.44
7.84
9.56
8.84
9.92
13.28
9.72
10.12
7.16
12
8.28
10.4
7.84
7.68
7.92
10.4
13.68
14.48
9.16
9.28
12.8
9.12
12.84
9.52
15.92
17.96
11.44
9.32
18.36
14.4
9.36
9.6
12.92
14.36
11.28
7.84
12.24
7.88
17.76
11.08
13.12
9.12
15.04
10.2
9.24
15.76
7
10.52
17.84
12.28
15.12
11.24
14.68
11.6
13.12
8.04
18.56
16.6
10.24
11.64
17.2
8.2
7.64
14.2
11.12
8.32
19.36
12.68
7
11.84
12.76
12.2
9.76
11.84
11.08
8.52
9.52
11.2
11.76
10.08
11.56
9.04
14.8
11.68
13.4
9.36
7
17.44
13.76
10.24
12.16
21.68
17.24
9.84
12.08
7.04
13.48
8.6
14.88
12.2
9.12
7.8
13.52
7.52
15.64
10.12
15.44
13.88
9.8
8.96
12.28
9.72
17
22.28
9.92
7.16
8.36
13
12
13.24
8.28
10.72
9
10.44
22.44
14.6
16.72
12.64
10.12
8.88
10.36
17.08
7.96
12.6
8.4
7.76
15.76
10.48
8.4
12.44
9.84
16.48
10.12
12.12
16.24
10
9.8
11.84
16.32
11
17.72
12.04
7.44
7.56
9
7.96
17
10.8
7.28
12.92
12
8.04
7.52
10.48
7.92
7.6
8.84
10.92
13.36
10.32
7.56
14.16
12.36
11.28
8.64
14.68
12.2
7.52
8.6
7.6
10.6
8.64
7.08
14.12
7.56
9.48
9.44
17.68
9.96
8.76
16.56
7.92
19
10.4
13.44
11.64
10.08
9.6
18.24
11.6
19.04
10.44
11.72
21.28
11.32
13.88
17.28
12.96
12.96
10.64
7.88
8.56
11.04
10.68
14.36
13.12
10.44
10.36
9.64
19.12
8.36
11.36
10.08
11.08
12.88
12.28
10.12
14.2
13.96
12.84
10.84
8.64
14.8
13.16
8.92
8.56
13.36
13.6
8.12
7.08
14.64
19.32
13.16
12.6
19.76
16.36
12.16
8.24
7.52
7.72
15.2
14.68
11.36
8.8
10.4
8.64
16.8
16.16
12.92
10.68
7.72
7.6
16.36
9.36
17.12
13.28
10.44
10.68
11.96
18.28
12.2
11.4
8.84
8
7.2
8.88
10.92
10.32
8.48
19.32
11.72
12.16
17.32
10.28
11.48
10.44
16.48
11.84
13.8
9.04
18.04
10.48
7.24
11.24
18.04
17.04
7.4
12.72
8.56
9.48
8.52
7.2
12.16
8.08
11.6
8.76
13.4
10.32
9.24
8.48
9.4
12.76
10.16
14.08
16.08
8.32
8.48
13.72
8.36
15.88
9.56
7.64
23
11.92
7.48
19.68
14.6
11.56
9.64
16.84
12.12
13.08
11.36
14.76
10.92
9.04
13.56
7.36
17.64
11.56
15.72
12
12.4
8.56
11.88
15.16
10.2
12.4
7.12
9.08
16.84
13.92
14.36
8.88
9.28
13.04
19.04
16.4
13.96
16.52
10.8
7.92
11.72
8.04
8.72
9.28
10.12
18.12
8.48
14.88
11.48
8.68
11.84
12.12
8.88
12.92
10.08
14.72
10.24
10.56
9.76
11.2
22.52
9.12
14.76
15.76
7.76
15.84
16.44
12.64
15.24
9.72
18.84
7.44
12.48
12.48
9.32
8.2
10.84
15
10.4
10.6
13.36
16.24
17.16
9.56
9.84
8
13.24
7.28
20.08
8.76
12.88
9.8
7.08
8.76
11.76
11.72
11.08
17.08
12
9.64
9.88
16.76
9.88
10.44
11.12
16.8
9.72
7.64
9.68
17.08
8.76
9.8
9.4
7.28
11.68
11.48
18
9.44
11.92
7.44
10.4
15.64
9.68
8.04
11.32
7.92
8.16
11.92
9.8
18.76
10.88
7.16
8.88
10.08
17.96
12.08
13.72
9.64
18.08
11.68
8.4
7.84
8.32
12.56
9.28
14.68
10.04
7.88
8.52
7.6
16.4
11.08
9.24
8.84
7.08
12.8
8.88
7.2
11.56
7.96
9.08
13.16
10.4
17.08
12.04
13.44
13.4
9.88
13.72
10.76
22.92
19.12
8.52
11.08
8.16
17.76
10.28
11.52
10.72
21.88
7.04
21.92
11.64
10.68
7.36
15.56
8.04
9
14.76
12.56
12.68
16.88
7.28
12.16
9.04
19.08
15.84
9.84
7
8.56
11.16
12.8
15.04
14.44
19.12
14.8
7.88
12.4
12.28
11.08
13.36
13.04
16.28
11.44
8.24
10.28
13.72
9.6
11.24
14.92
10.56
12.8
13.88
7.68
8.8
21.2
16.16
7.64
15.92
7.96
12.4
10.64
11.32
11.48
12.16
13.32
17.88
12.44
11.72
11.36
13.92
12.36
13.44
18
12.6
14.88
12.84
7.36
18.12
9
16.64
12.28
7.68
8.52
10.68
8.68
10.64
11.2
11.04
8.08
10.4
14.12
12.36
12.6
9.52
15.72
12.88
18.2
17.92
12.6
9.52
8.56
13.76
10.96
11.4
8.32
16.8
11.04
9.2
7.76
8.32
10.84
10.16
10.36
19.96
18
9.4
19.08
13.6
11.48
8.6
16.92
13.84
13.36
12.76
11.12
11.72
7.8
10.88
7.8
13.72
10.68
7.56
7.12
16.52
11.16
8.56
9.36
7.16
10.68
8.52
18.24
8.96
9.4
7.4
12.92
7
11.28
15.84
8.04
12.64
20.16
8.92
8.72
12.08
14.24
12
12.16
10.76
15.76
8.08
10.4
10.64
9.76
9.52
14.84
11
10.32
7.92
14.48
14.8
12.72
11.88
10.76
16.6
19.76
11.4
12.64
9.16
13.68
16.32
12.52
8.4
8.76
10.04
10.96
9.64
8.72
18
17.8
19.84
12
7.6
14.88
8
10.88
10.04
25.96
10.88
9.56
7.4
12.24
9.64
9.76
15.84
11.8
21.56
9.96
16.08
9.36
19.56
7.04
10.12
8.72
19.96
9.08
16.4
11.52
15.16
8.04
17.88
11.68
8.84
12.88
13
15.4
7.28
7.64
16.8
7.28
11.88
11
9.36
8.12
9.28
12.88
12.68
13.12
7.4
11.52
8.08
12.56
9.84
9.16
19.64
15.16
17.88
7.8
9.4
9.52
15.56
8.08
8.12
19.76
7.48
7.76
13.24
13.12
7.96
8.76
9.12
12.64
8
9.56
12.72
11.04
11.4
11.64
11.52
8.2
7.64
14.68
9.28
8.84
20.88
11.76
8.8
10.68
11.08
7.56
20.84
17.16
10.16
10.68
12.04
8.48
9.28
16.84
7.96
33.6
7.84
11.48
12.68
8.4
8.6
11.68
9.8
12.92
8.16
11.08
14.68
11.12
9.04
9.32
9.04
7.36
9.24
13.4
7.16
11.84
7.68
11.76
7.84
9.76
13.36
14.72
12.44
11.96
11.08
9.6
9.44
11.56
7.68
11.08
11.6
13.64
17
12.84
18.92
15.4
8.44
10.52
11.56
15.48
7.44
12.68
13.96
8.84
15.04
23.52
7.6
10.32
10.08
8.08
11.8
9.32
7.2
11.16
10.92
13.2
9.92
16.4
13.16
13.04
19.8
7.12
11.08
11.6
14
9.4
16.88
10
10.04
12.36
10.16
11.48
20.12
8.56
13.2
10.84
14.6
19.52
11.28
13.28
15.2
13.32
10.12
7.32
12.52
13.4
13.4
10.6
9.32
10.72
10.96
12
8.44
7.4
12.28
19.2
7.08
7.28
8.68
7.16
7.44
15.8
8.4
10.48
15.28
12.64
14.28
9.64
11.8
13.24
15.36
7.72
10.36
10.44
8.76
8.52
14.48
10.92
14.44
8.32
7.76
13.4
8.32
9.68
8.56
14.04
7.72
13.68
11
12.36
12.16
9.24
9.6
15.44
7.84
12.24
20.24
16.72
8.68
8.08
16.6
19.64
8.2
7.36
8.04
11.48
15.68
9.88
8.04
9.12
11.92
20.32
14.4
9.56
8.4
10.16
11.04
14
9.52
19.36
14.48
11.84
16.08
15.52
12.12
13.2
21.76
14.56
12.24
15.16
14.08
13.64
14.48
12.64
13.2
7.48
11.92
9.64
9.24
13.96
18.52
13.64
10.6
14.56
10.08
13.92
14.2
10.28
11
9.76
16.44
12.32
10.76
7.44
12.4
17.96
21.32
13.4
14.8
17.12
9.72
10.24
12.04
11.28
16.24
9.84
11.6
7.16
7.2
7.28
21.56
10.84
8.2
10.28
8.72
11.28
15.16
17.56
15.88
9.44
9.32
10.28
8.12
13
10.48
14.44
20.6
11.04
12.6
9.2
8.12
14.12
7.32
9.72
10.4
10.6
8.44
15.8
7.92
8.2
9
7.48
9
8.16
7.4
13.84
9.6
15.16
16.36
10.08
14.64
14.64
14
14.88
15.4
16.6
24.32
13.8
13.96
13.88
8.68
8.84
7.08
12.8
12
23.52
7.36
13.64
7.64
17.52
15.24
10.32
14.4
7.8
11.24
9.96
11.16
17.8
11.64
11.2
12.72
7.32
8.48
12.36
9.6
9.44
9.52
10.76
14.88
10.8
19.8
16.76
8.04
12.04
15.08
11.56
13.96
11.04
11.44
24
12.56
8.2
11.44
14.56
14.32
22.16
13.84
12.16
10.92
18.56
9.12
12.12
14.92
9.36
7.08
10.92
9.4
12.08
8.52
12.44
14.32
10.24
8.24
12.36
8.88
18.04
17.6
9.6
8.56
8.04
7.68
11
11.6
19.56
11.56
9.12
8.68
11.44
11.16
14.04
11.6
9.52
8.88
8.68
13.24
9.84
7.76
8.12
9.92
10.76
9.92
8.32
11.52
13.16
17.4
10.8
9.64
7.48
10.12
9.28
11.96
15.04
16.64
10.24
11.92
8.12
10.6
9.96
10.52
15.68
19.88
9.28
11.36
13.52
15.6
10.16
13.16
11.48
9.32
12.36
11.96
8.12
12.72
8.36
9.24
11.52
12.32
7.36
7.32
10.08
12.24
7.4
8.96
8.2
11.68
8
12.88
22.96
19.12
7.12
11.8
9.76
11.28
12.12
8.92
13.92
14.4
6.24
10.52
9.8
8.76
6.68
6.6
8.24
10.44
7.52
6.28
11.12
10.52
7.16
12.6
6.76
11.84
6.72
8.6
11.2
8.48
11.2
7.68
6.48
6.64
6.16
8.6
13.04
6
22.28
7.76
6.64
6.48
7.04
10.72
6.32
7.08
8.76
6.68
6.2
6.52
7.84
6.8
6.92
10
6.8
9.8
7.76
9.84
10.68
9.44
6.88
6.04
12.12
6.08
14.12
6.08
14.16
6.6
7.08
6.32
11.4
7.28
6.04
14.44
7.08
15.24
40.24
7.6
14.08
8.12
14.72
9.08
9.04
18.12
6.76
7.16
7.8
10.8
8.8
10.08
6.64
6.24
9.68
7.2
8.04
6.6
8.4
6.16
16.48
25.08
16.2
16.56
14.56
6.88
10.68
6.64
7.8
10.84
10.92
25.28
6.04
8.84
9.68
12.44
7.16
8.64
10.52
9.68
8.48
6.88
11.52
10
7.32
6.72
7.6
6.28
7.24
7
8.96
9.04
8.12
7.6
11.52
9.8
10
7.08
10.88
10.52
12.92
5
8.04
5.36
10.76
19.08
5.28
7.88
5.52
5.16
5.12
5
8.84
8.92
5.6
6.76
5.4
5.76
5.16
5.64
8.84
7.84
6.12
5.36
8.2
7.8
6.4
9.48
5.04
5.32
6.16
5.52
5
6.2
5.52
12.36
5
5
5.32
5.28
8.68
5.72
13.2
17.6
7.12
5.24
5.08
9.64
5.16
5.12
5.64
5.24
11.68
11.28
5.12
5
8.56
5
5
5
10.48
9
6.2
7.36
5.48
5.08
7.16
5
7.48
12.04
5
6.44
8.56
6.6
5.12
5.6
5.16
6.4
5.12
5
5.32
5
11.6
5
6
5.92
5
5.48
5.08
5.88
15.04
5.12
5
7.32
14.84
11.16
10.08
5.36
9.16
5
5.64
16.48
11.08
5.16
5.32
9.2
5.04
5
13.76
5.04
5
5.04
5.68
10.4
9.4
6.4
10
5.4
5
9.36
5.08
9.56
5.52
6.08
5.12
8.68
5
8
15.76
6.16
5.08
6.28
5.12
9.08
5.24
5.92
5.64
6.68
5.16
11
5
11.6
5.28
8.72
5.28
6.92
6.4
11.4
8.64
5.72
5.36
6.72
10.96
9.76
6.48
5.4
7.12
6.64
5.16
5.48
5.8
5.52
5.52
11.04
9
5.8
5.8
5
9.48
15.8
5.44
5
5
10.28
7.56
7.76
5.24
12.56
5.08
5
5.52
5.24
5
5
5.16
6.2
19.84
7.72
13.12
6.6
5.2
5.24
5
11.08
6.4
9.2
5.8
10.76
7.88
10.68
8.48
5.36
5.12
5.04
5.92
5.04
5.88
10.64
14.44
5.04
5
5.04
5.2
5.2
5.56
10
5
7.2
9.2
5.56
5.68
5
5.6
9.6
5.68
5.12
6.04
6.32
5.08
5.12
5.32
5.04
7.08
5
5.16
5.56
8.12
9.68
5.12
5.88
6.12
6.68
5.24
7.84
5.88
6.48
6.08
5.76
5.84
5.12
5.44
8.68
6.48
5.36
8.52
5.96
7.12
5
5.88
5
5.2
5.28
5.12
5.96
5.08
6.08
9.88
5.52
5
5.04
7.48
12.44
6.88
5
5
9.72
5
10.76
8.44
5.16
9.24
6.56
5
7.92
5.84
7.4
9.76
6.52
5.04
5.6
8.28
5
8
5.52
10.24
14.16
8.72
12.16
11.56
9.44
9.6
5.24
5.16
6.04
9.8
5
5.12
5
6.64
5.08
5.24
8.8
8
5.48
5
12.24
11.76
5.08
5
9.76
5.64
5.04
5.96
11.52
6
5.84
11.6
11.12
5
7.92
12.08
5
9.2
9.28
5
12.92
9.92
11.2
7.4
5.6
5.04
9.12
12.16
5.6
5.2
8.36
5.84
5
6.16
5.48
5.32
5.2
5.88
7.52
8.8
5.24
11.2
9.56
5
5.8
5
5.2
5.04
5.48
6.4
5.16
7.2
13.24
7.48
9.44
5.28
5.48
6.04
14.68
5.08
6.12
6.16
9.56
5
5.52
9.48
8.84
10.76
5.08
11.12
5.04
12.76
9.12
5.8
5.68
5.16
11.6
8
5.48
5
9.24
5.44
5
6.4
8.76
12.4
5.2
5
5.08
6
6
10.56
12.16
7.92
5
5.04
5
5.04
9.88
6.36
8.08
11.44
5.84
5.04
13.24
5.64
6.12
5.16
6.16
5
9.88
8.48
11.04
5.08
11.96
5
8.28
9.4
5.4
8.56
11.8
6.68
5.08
5
5
5.16
5.28
5
5
7.88
5
5.04
9.64
6.4
5
6
6.4
5.16
9.08
5.04
7.36
5.12
5.92
5.32
11.4
5.24
5.68
8.12
13.52
5
5.04
5
5.48
5.2
8.16
6.92
9.4
5.2
5.24
14.8
6.48
5.08
6.72
7.8
6
9.52
5.08
5.28
5
6.32
5.28
5.08
8.24
5
5.68
10
5
5.48
12.96
5
7.88
5
5
5.28
5.76
6.12
7.6
6.96
11.28
9.68
7.04
5.6
5.72
10.52
5.16
5
13.52
9.64
5.16
5.12
14.12
7.24
5.08
8.12
13.68
7.28
13.88
5
9.16
5
5.04
5.76
5.68
5.36
5
6.2
5.16
5.84
5.2
11.12
9.36
5
5.04
5.28
6
5.16
5
10.92
5.28
5.72
5.92
5.08
11.48
9.36
11.76
13.44
5
5.68
11.12
5.04
7.92
5.16
8.48
8.64
15
6.2
8.2
6.2
6.36
5.48
5.48
5.56
7.48
5
5
5
12.92
5
5
5.6
5
12.84
5.84
5.36
6.16
5.28
5
9.56
5
5
5.16
5
5.08
5.04
11.08
5.08
10.96
5.16
7
6.8
7.12
5.44
8.92
8.08
9.08
5
5.52
5.96
9.88
5.48
5.64
5.84
6.36
5.88
8.28
13
5.68
5
5.08
6.6
6.96
7.32
9.84
6.16
5.24
5.24
5
5.4
8.68
5.36
5.28
5
5
5
9.16
5.88
9.4
11.96
5.64
10.56
5
5
5.96
9.72
5.04
5
5
5.36
5.52
19.84
5.04
10.48
5.08
8.84
5
5.56
5.56
5
5
8.16
8.76
5.16
5
5.68
5
8.8
13.32
6.48
5.76
7.48
5
7.24
6.32
5.6
6.6
5
13.28
5.28
8.56
6.8
11.48
5.04
5.68
10.52
5.76
13.32
5
5
11.28
5
6.32
5.2
11.88
8.8
5
5.76
10.08
8.4
5.28
5.08
5.04
6.88
9.6
5
13.88
11.84
5.12
5.04
5.12
11.76
6.88
5.96
14.44
5
5.12
12.56
5.68
11.84
5.8
5.24
5.6
6.16
10.6
5
8.24
10.64
7.4
8
9.72
5.24
7
5.48
5.72
6.64
5
5.84
9.84
5
8.92
8.2
5.52
5
5.32
5
7.44
12.4
5.04
12.68
8.12
5
5.28
13.2
12.96
10.64
5
5.16
5.52
6.08
5.44
5
9.88
5.76
12
5.68
6.68
5.52
5
7.72
8.16
5
5
5.56
5.12
8.32
5.68
7.76
5.84
6.2
5.08
5
5.96
6.92
8.16
5.04
8.56
6.28
9.12
5
6.36
5.28
8.4
5
5.2
6.08
6.2
6.92
5.04
5
5.24
11.2
11.16
7.68
6.24
9.68
5.64
6.68
5
7
10.72
5
5.24
5
5.4
9.6
6.24
8.52
5
5.36
5
5
11.76
7.76
5
5
5.36
5
7.76
8.44
5.48
13.08
5.12
5.08
5.28
5.88
8.4
5
5.24
5.24
9.92
5.08
5.64
11.92
5
5
5.24
5.08
5
9.88
8.04
5.16
6
5
10.96
5
11.6
5
5.36
7.64
6.68
5.56
5.44
5.84
5.2
5.36
5.6
5.08
6.4
6.44
12.36
8.48
9.88
5.04
5.04
7
7.52
7.08
8.36
5
5
7.76
5.56
5.28
8.08
6.4
5.08
15.4
5
5.08
6
5.12
5.16
5
12.92
12.52
5.6
5.68
5.64
5
6.6
5.72
21.2
9.64
13.12
5.2
5
7.28
5.2
10.16
5.08
5.52
5.52
9.84
11.6
5.8
5.08
5.2
5.36
5.08
7.64
6.04
5.12
5.36
6.08
11.92
6.36
11.8
9.04
6.28
5.2
7.76
5.2
12.24
5
8.6
5.4
5.12
10.68
5
5
6.28
5.04
5.6
5
10.12
10.24
8.4
6
10.32
5.76
5.12
6.52
5.04
10.12
5.84
14.88
5.24
7.4
11
8.96
5
5
8.72
5.2
12.6
5.76
6.84
5.12
6.64
13.68
5.08
5.44
11.12
5.48
5.08
7.52
5
5
5.56
5.92
10.36
17.92
8.68
5.52
6.04
5.36
5
9
6.36
9.72
5.56
6.52
7.84
6.56
5.4
5
5.2
10.28
10.48
9.44
5.12
5
9.44
5.24
12
5.24
5.16
5.36
6.32
5
9.88
5.04
11.2
5.48
9.8
5.24
6.48
14
6.08
5.24
5.88
8.84
8.84
11.08
8.68
7.36
6.76
7
7.44
5.12
13.76
5
7.84
6.44
5
5
7.36
6.24
6.24
13.36
7.88
10.92
5.72
9.16
5.04
8.08
6.44
5.08
6.48
5
7.28
5.48
15
5.44
9.92
5.16
6.72
10.68
5.04
5.08
11.36
8.8
12.52
6.8
6.04
5.32
5.88
5.84
5
5.76
7.96
7.4
5
5.2
5.52
5
5.24
5.32
9.12
5
8.44
7.28
6.08
11.76
6.32
5.04
5.08
5.52
5.12
6.6
5.64
5.64
5
5
8.28
5.04
5.2
5.12
5
11.4
10.96
5.72
5.04
5.36
5.44
5
5
5.04
5.32
5.04
5.48
7.16
5
5.48
5
8.04
15.88
6.52
9.2
5
8.72
9.32
6.64
5.24
5
5.08
5
5
5.16
5.04
5.32
5
5.28
6.12
5.08
6.2
5
8.88
6.76
5.8
5
5
5
8.64
11
5
5.96
5.16
7.48
7.92
5
12.44
6.4
8.92
8.28
8.72
5.08
10.48
5.12
5.04
13.16
5.2
11.52
5.44
12.96
5.96
5.08
10.68
7.68
5.24
9.52
5.12
5
5
13.48
15.08
5.48
10.48
5.52
8.28
8.68
10.32
5.32
7.44
6.52
6.32
5.24
5.12
10.88
5.64
9.96
12.68
9.84
7.84
5.24
9.76
11.04
5.72
5.56
7.88
5.72
5
5.12
5.72
7.16
10.28
5.04
5.52
7.96
6.56
7.64
9.8
5
5.08
15.12
5.28
5.12
5.12
11.32
6.12
5.76
13.6
12
5.36
6.16
5
5.96
11.36
5.36
14.6
5.04
5
8.56
5.64
5.36
5
6.48
11.76
9.84
9.4
5.24
13.48
5.16
5
5.32
8.76
5.24
7.16
5.28
14.64
13.32
8.36
5.08
5.28
6.92
5.32
5.36
5.16
5
10.8
5
5.4
5.24
5
9.44
6.36
5.76
9.8
6.28
5.72
5
5.2
5
14.4
5
6.96
5.04
5
9
6
5
6.28
5.76
5.08
5.12
5.16
6.4
12.64
8.96
7.24
5.48
5.16
7.44
6.56
5
5
5.48
5.04
8.96
9.08
5.76
6.96
6.24
9.92
11.28
7.2
10.16
12.96
5.84
8.96
5
7.32
14.4
6.04
8.64
5
12.24
5.92
5.6
6.6
12.36
5.56
5.16
6.88
5.72
5.8
5.56
5.28
5
11.88
9.04
7.48
11.84
5.12
10.04
7.24
7.04
5.28
7.36
8.16
8
7.32
12.84
5.52
5.92
11.36
10.92
7.2
5
9.24
5
5.88
6.4
5.76
5
5.64
5
5.84
5
6.52
5
6.48
5.44
5
5
5
5
6.08
5.16
5
10.76
5.52
5.12
5
8.72
5.16
5.76
7.16
10.52
13.96
5.08
5
12.52
7.6
8.16
5.48
5.04
7.08
5
5.2
5
5.16
12.24
11.32
9.12
6.76
6.88
6.32
10.44
5.24
10.92
8.4
8.76
7.56
9.56
6.28
5.12
10.08
13.76
10.32
5.76
6.76
6.12
5.08
5
5.08
7.84
5.88
8.48
7.16
5
6.32
5.36
6
5
10.88
5.12
5.92
5.96
8.28
9
5.16
5.2
8.84
5.16
5.12
8.12
7.2
5.04
5
6.24
5
11.64
10.8
10.32
9.32
5
5.2
8.4
6
5.96
9.72
5
10.96
9.08
5
5
5.16
9.28
13.64
5.04
5.32
5.2
12.52
5
11.88
5.2
5.04
5
5.32
5.16
5.96
5.4
7.92
5.08
7.16
5.28
5.44
7.8
5
6.84
5.6
5.04
5.4
5.56
5.24
5.28
13.52
5
5.04
10
5
10.44
5.32
8.2
7.28
5.24
5.12
5.08
5.24
12.24
5.6
6.52
9.4
5.16
5
5
5
5.04
5.12
5
11.4
10.48
9.8
5.8
5.04
5
7.04
9.36
8.04
5
8.44
9.68
7.08
5.08
5.28
9.64
8.32
6
5.04
5
5.68
5
8.64
5
5.44
7.44
5.12
5.28
9
5.2
5.04
5
9.76
5
5.24
10.36
5
5.2
6.12
8.88
9.96
5.52
5.28
6.28
5
5.8
11.64
5.32
5.12
14.28
5.76
21.56
10.36
8.28
5.24
5.2
5.36
5.64
5.28
9.16
6.12
6.36
5.48
8.72
5.04
5.04
5.24
8.44
5.16
5.12
5.08
5.28
5
5.08
15.6
11.8
5.36
5.84
11.4
10.68
5.16
9
5.04
6.2
9.92
9.8
6.76
5.44
7.24
5.76
5.4
10.68
8.56
5.12
11.8
5
9.12
5.16
13.52
5
5.56
10.84
5
10.64
9
7.84
5.04
5.68
5.04
5.92
5.96
5.36
5.32
9.08
10.48
14.12
13.76
5.04
5.88
6.52
9.64
10.6
5.04
5
5.16
5.64
8.92
5.88
5.44
5
5.24
7.56
5
7.8
5.4
7.6
12.44
5.28
8.24
7.24
12.76
6.08
12.2
5.2
5.36
8.64
9.64
9.08
11.92
5.04
5
5.68
5
8.96
9.32
11.44
5.32
9.24
10.92
6.24
5
9.2
13.28
5.52
5.48
5.04
7.48
10.48
8.4
5.48
7.72
5.08
9.64
5.52
5
11.92
5.76
8.24
5
9.04
6.08
6.04
5.48
9.68
9.52
5.6
5.64
5.4
5.32
11.52
5
5
5.48
7.44
8.72
11.84
5.04
5
5.36
8.08
12.24
5
5.52
9.48
12.52
7.84
5
9.68
5.2
5.2
11.08
5.2
5.04
5.96
5.08
5
5
5.52
7.48
9.32
5.52
6.24
5
5.16
5.4
12.56
13.88
7.88
5.16
5.08
6.52
11.36
10.88
9.4
7.64
5.52
6.8
5
10.28
11.92
9
5.48
7.92
6.08
6.08
5.32
11.68
5.6
5.24
5
5.12
5.52
8.48
5.2
5
8.28
10.72
7.12
12.28
5.32
5.12
5
5.36
5.24
9.24
5.84
6.08
8.44
5.04
5
13.68
7.24
8.92
7.08
10.32
10.36
6.16
7.04
5.56
5.24
5.72
5.16
5
5.04
5
5
6
5
5
7.88
8.6
5.12
5.72
5
10.56
5
5.8
6
10.12
5.36
5
5
12.84
5
5.08
8.52
5.28
5.84
5.88
5.04
5.08
5
10.8
6.76
5.04
6.6
10.64
9.2
5
5.08
5.56
11.4
9.08
5
10.92
6.32
5
5.68
5.76
9.48
8.04
5.6
11.44
5
5
6.6
5
11
8.96
5.04
5.24
8.64
5.44
11.08
14.24
5.2
10.4
5.56
6.4
5
6.52
5
6.52
5.72
11.12
5.32
5.48
5.64
5
5.32
11.12
5.64
5.08
11.36
12.6
6.96
7.96
5.76
7.32
5.64
7.68
10.32
6.04
9.68
5.4
9.52
5.4
5.36
6.08
11.48
5.2
10.12
5
16.48
7.52
6
10.48
5.36
5.28
10.56
5
7.72
11.36
5.36
5.04
8.84
6.56
5.28
9.92
8.12
5
9
9.28
5.24
5.68
9.76
11
10.12
10.96
7.52
8.68
5.12
9.28
5.84
5.04
15.56
7.88
6.04
5
9.76
5.12
5
5.32
7
5.72
8.88
5
8.44
5
11.92
5.08
7.92
6.44
8.68
6.24
5.04
6.4
6.88
10.08
5
13.36
10.64
5.4
7.76
5
6.08
6.08
5.04
5
9.36
9.48
10.64
5
5.76
5.12
5.16
5.68
7.36
9.92
5.12
11
5
5.16
11.84
9.56
5
5.08
8.2
5
5
10.44
5.12
5
5
5.04
5
7.04
7.64
5.76
8.16
9.28
5.08
5.2
5
9.6
5.72
11.6
9.16
6.8
6.44
6.4
5.92
7.44
8.24
8.6
5
8.88
6.08
9.08
5
9.64
5.24
5.08
5
5
5.36
5.24
11.36
5.16
5
6.44
5.88
5
5
5.36
5.12
5.96
5.04
5.08
5
5.64
5.12
9.36
5.76
5.08
