10876 34740
15.7429
9.74286
4.2
8.48571
5.4
6.4
9
6.05714
10.8286
10.2667
12.3714
5.65714
9.79048
6.11429
13.6952
7.50476
4.45714
10.181
5.89524
14.7619
11.9333
8.82857
4.6
10.0095
4.40952
13
13.0476
4.04762
4.21905
4.45714
4.61905
6.32381
8.41905
7.39048
5.78095
5.47619
10.0667
8.77143
12.381
9.5619
4.18095
11.3905
16.7905
10.7714
5.8
6.69524
11.1714
10.7524
4.48571
9.61905
6.12381
8.11429
12.2476
5.48571
7.90476
14.3714
4.22857
8.62857
8.92381
8
12.4476
11.8381
12.8095
9.95238
5.54286
10.2667
6.7619
4.57143
14.6476
4.13333
15.381
7.31429
7.84762
7.51429
8.66667
8.91429
6.37143
6.97143
8.21905
8.11429
8.46667
5.78095
5.48571
11.2571
7.49524
6.78095
12.3619
11.5905
7.19048
6.51429
6.1619
7.86667
4.17143
9.52381
6.70476
6.1619
8.37143
13.7429
5.8
11.0095
14.219
10.6762
9.33333
4.35238
7.11429
10.4952
9.81905
4.50476
4.31429
11.8667
8.69524
7.35238
10.1333
6.24762
7.1619
8.10476
5.60952
8.71429
11.2476
7.97143
15.5333
6.71429
5.84762
6.11429
4.27619
14.8286
13.4095
12.9524
16.2762
13.4286
8.9619
10.1905
8.21905
5.2381
12.7238
10.4476
11.7333
9.57143
9.2381
5.45714
10.7143
14.8952
9.90476
9.47619
5.21905
14.3714
10.4857
10.2667
8.65714
9.84762
6.84762
12.3905
11.9429
8.99048
8.13333
11.8952
11.0762
7.33333
5.99048
6.55238
7.71429
14.1333
8.8
7.85714
12.4571
7.91429
7.89524
6.8381
9.72381
6.8
8.39048
7.44762
7.42857
7.01905
4.06667
4.26667
9.30476
10.2286
11.4286
12.2095
11.1048
13.7333
6.15238
14.781
7.94286
8.33333
7.92381
6.48571
9.92381
18.0286
12.4286
12.5333
8.61905
8.10476
13.9429
8.30476
4.91429
6.78095
6.4
14.0667
7.86667
6.68571
9.50476
10.3714
4.13333
4.24762
8.48571
6.3619
9.89524
11.981
6.37143
11.6952
4.20952
11.1429
10.3905
8.28571
7.60952
4.10476
9.2
4.4381
6.67619
5.74286
8.05714
15.419
9.31429
5.49524
8.06667
4.12381
5.75238
6.64762
8.20952
7.15238
7.42857
7.6381
6.88571
5.4381
11.019
6.32381
4.73333
7.71429
4.46667
5.69524
4.12381
7.62857
11
13.9714
10.8667
13.5524
9.9619
8.92381
7.57143
7.26667
8.2381
4.30476
7.35238
6.86667
10.5905
8.14286
8.79048
7.05714
8.94286
9.98095
11.5524
4.42857
6.92381
4.95238
11.5238
13.2381
12.1238
9.47619
12.4762
12.8476
18.6
8.46667
4.9619
10.2476
9.14286
4.30476
12.8476
13.0952
12.4762
9.08571
4.18095
6.89524
13.1143
11.0952
6.00952
11.6952
11.4762
14.3333
10.419
10.4857
10.2476
11.8476
9.37143
11.9619
7.3619
12.3238
9.79048
5.69524
5.34286
10.2762
8.5619
13.9714
9.39048
7.89524
10.0476
6.25714
4.11429
12.6476
13.0476
12.4095
8.26667
11.8952
10.5143
6.38095
4.09524
11.1619
16.5619
10.1143
4.59048
4.4381
9.18095
9.51429
9.0381
6.35238
8.48571
10.219
11.5048
8.60952
4.47619
17.6952
4.71429
4.86667
6.8381
6.24762
4.8
4.41905
10.2857
9.20952
9.19048
5.38095
4.6381
7.62857
4.35238
7.89524
15.3905
4.84762
7.77143
6.58095
8.75238
10.6857
11.5333
4.04762
7.47619
8.22857
8.46667
5.74286
6.57143
4.45714
4.0381
10.6381
4.22857
7.4381
8.67619
9.88571
8.27619
9.89524
6.27619
8.90476
8.05714
6.78095
5.53333
7.47619
4.6
4.10476
5.67619
5.80952
9.08571
11.0286
6.60952
5.39048
10.9048
13.4762
5.70476
18.0095
12.3905
13.0571
10.5714
9.79048
7.98095
11.5524
13.2286
10.8857
11.8381
11.6286
14.3048
9.90476
9.21905
9.62857
4.14286
10.3238
7.2381
13.8571
4.42857
6.2
12.819
11.9905
10.9143
11.0476
4.6381
6.72381
10.219
8.09524
8.86667
8.41905
6.09524
9.00952
8.80952
5.47619
17.2762
7.78095
8.13333
4.28571
10.381
8.37143
7.6
4.31429
4.31429
5.93333
6.97143
7.30476
8.6381
4.26667
9.71429
7.62857
10.2667
6.33333
8.41905
7.88571
9.30476
7.78095
8.0381
6.73333
9.26667
10.3333
9.2
7.11429
6.05714
8.21905
10.9619
8.24762
14.7714
5.60952
10.3619
8.72381
11.8571
8.78095
11.6667
6.91429
9.79048
7.4381
11.8952
8.99048
6.90476
5.54286
6.34286
4.2381
4.2381
7.37143
10.381
6.64762
4.4381
9.22857
7.9619
8.4381
10.4857
12.0286
9.44762
10.4286
6.58095
7.73333
10.419
4.2
11.6571
7.46667
12.4667
9.81905
9.77143
11.8952
17.8286
8.05714
9.09524
11.9143
9.66667
9.2381
7.35238
9.39048
9.55238
5.42857
8.6381
13.2381
10.9905
4.19048
8.93333
7.78095
13.4571
8.84762
12.7333
13.3048
9.61905
4.38095
7.32381
6.78095
9.95238
5.39048
14.1238
8.70476
4.13333
8.2381
4.27619
10.5714
9.32381
6.39048
5.58095
12.8857
8.66667
6.62857
12.5619
9.61905
9.85714
4.29524
4.28571
4.05714
8.1619
4.49524
7.6381
13.5714
11.2857
4
6.89524
6.34286
11.1333
12.6
8.71429
9.99048
10.781
8.2
6.93333
7.09524
8.58095
9.2
6.29524
5.38095
8.8
5.15238
11.4762
7.05714
4.2
6.86667
7.2
10.4476
8.75238
4.67619
5.1619
15.4762
12.0952
12.0762
12.0381
8.59048
18.7143
10.3238
9.60952
10.6286
9.37143
10.5238
7.90476
15.981
4.30476
15.6381
7.8
6.75238
9.13333
9.49524
4.34286
4.8
6.61905
14.981
9.31429
8.74286
13.4667
4.28571
13.6
8.9619
5.90476
13.819
6.04762
7.30476
6.49524
11.419
10.4
6.26667
10.0857
8.69524
7.82857
4.79048
9.55238
13.0762
11.019
8.98095
13.1143
15.8762
4.21905
4.49524
5.90476
4.33333
9.81905
4.37143
13.2857
10.019
5.49524
4.32381
8.64762
8.01905
11.019
16.1333
5.18095
7.8381
10.9524
7.62857
5.52381
7.34286
5.91429
4.65714
4.54286
9.17143
6.46667
11.7714
9.72381
17.6952
5.88571
5.92381
15.5429
8.55238
4.33333
5.34286
5.08571
4.02857
8.84762
7.91429
6.37143
8.84762
10.3143
6.40952
16.181
6.39048
8.75238
11.4571
10.1048
10.1905
6.4
7.6381
8.87619
10.9333
11.3905
7.1619
6.84762
13.1619
10.1143
11.2667
8.21905
9.62857
4.4381
4.27619
10.781
8.68571
8.98095
8.52381
7.24762
8.88571
7.79048
11.3714
10.7524
8.9619
10.9714
6.50476
11.7048
12.0762
11.2857
5.81905
7.54286
7.01905
12.7048
8.77143
7.79048
7.34286
11.8
5.17143
9.27619
6.31429
5.62857
11.4857
16.0381
7.33333
5.86667
7.71429
13.7333
4.72381
8.17143
6.52381
6.53333
11.619
8.55238
8.67619
7.44762
4.37143
7.75238
11.4476
9.15238
4.48571
12.7238
6.73333
13.0476
12.8571
9.37143
9.07619
9.0381
10.2952
14.5238
5.54286
8.7619
15.8
10.2381
13.4095
4.2381
4.26667
4.39048
8.47619
7.42857
12.8571
4.2
4.24762
9.52381
6.54286
4.35238
9.69524
5.73333
13.0762
7.33333
8.93333
10.2095
14.7429
5.8
7.01905
4.05714
4.32381
7.97143
10.6381
4.17143
14.2286
9.64762
7.04762
7.26667
7.84762
6.54286
13.3524
5.75238
10.8952
7.79048
10.3905
12.4095
4.24762
7.84762
15.2095
5.9619
11.9333
10.5048
9.7619
12.7524
6.42857
11.7048
12.2381
9.13333
11.5333
9.85714
7.52381
10.2381
4.28571
10.0762
7.69524
5.99048
12.8095
10.4476
14.4952
9.40952
6.66667
15.3238
9.20952
11.3905
9.89524
4.60952
9.69524
13.0762
11.4
7.29524
7.89524
9.6
4.25714
4.66667
14.4286
13.8667
8.39048
4.37143
7.32381
4.17143
12.3143
10.7905
5.58095
10.3524
10.7714
12.0476
10.6381
9.84762
20.4476
4.32381
9
9.93333
9.18095
6.72381
8.17143
12.3238
10.2952
8.89524
8.0381
7.59048
12.2667
8.98095
6.71429
7.1619
7.53333
9.26667
8.75238
5.21905
5.08571
4.20952
6.37143
8.47619
8.00952
8.69524
10.7714
7.92381
11.9524
5.52381
7.13333
9.84762
9.91429
4.11429
8.31429
4.74286
4.28571
4.77143
7.91429
6.87619
4.14286
4.27619
10.9619
10.6381
7.29524
6.75238
9.72381
10.381
7.49524
15.6571
6.84762
8.20952
4.2381
7.62857
7.8381
10.6857
4.55238
10.2476
5.19048
7.34286
7.18095
10.3524
7.85714
5.26667
6.01905
6.6
4.4381
7.37143
4.30476
9.79048
15.4857
9.88571
9.97143
9.91429
4.28571
6.66667
6.18095
6.2
10.6286
11.2571
4.34286
6.41905
6.71429
6.2
6.66667
10.6762
7.2
7.60952
9.8
6.29524
10.8381
6.4
11.8762
8.50476
11.7143
9.80952
11.2476
6.10476
7.33333
11.3143
8.65714
8.5619
6.7619
6.38095
6.82857
4.47619
4.2
13.381
9.0381
7.02857
9.91429
17.6571
10.6857
4.19048
8.49524
9.2
10.5238
6.49524
9.12381
13.5238
13.3143
4.02857
15.8095
14.1714
11.0095
12.9429
6.47619
4.4
11.8762
9.78095
11.1905
8.06667
8.97143
4.45714
6.32381
9.4381
13.1143
8.92381
10.419
5.85714
12.1714
13.0667
5.6
10.3048
10.7143
9.78095
6.07619
12.5524
9.05714
11.0476
5.27619
6.3619
8.70476
10.4476
9.53333
14.6952
12.0476
15.2381
4.47619
4.27619
4.21905
6
7.5619
11.7619
11.9238
14.6095
7.74286
11.9048
5.40952
6.98095
12.219
5.92381
9.44762
11.181
11.419
11.7429
5.59048
4.39048
12.2286
4.38095
8.11429
11.7619
8.4381
4.39048
6.98095
4.92381
7.55238
5.35238
5.84762
11.8762
6.7619
11.619
10.9333
13.6952
11.3714
11.9714
10.4571
11.0476
6.74286
8.65714
9.97143
4.94286
5.80952
11.7619
11.981
4.20952
10.0381
10.981
7.91429
16.2762
9.46667
9.6381
7.32381
7.00952
18.3143
7.04762
10.5048
19.0952
5.55238
6.1619
8.66667
8.20952
9.37143
5.7619
5.66667
4.5619
10.1714
10.9048
10.2762
7.9619
7.94286
12.9048
7.31429
11.5238
10.1048
13.2952
8.29524
7.65714
10.419
8.51429
9.05714
14.9619
9.78095
9.09524
4.0381
10.981
10.5714
4.71429
10.6476
4.66667
4.49524
6.73333
9.2381
6.20952
9.7619
13.219
10.5238
8.33333
5.35238
5.32381
9.50476
12.1048
5.78095
5.77143
6.15238
5.64762
7.4
11.0476
6.8
12.2381
6.4
7.19048
4.21905
4.18095
15.4952
6.7619
16.4286
4.07619
5.07619
7.57143
14.4857
11.0857
11.4476
11.219
10.3048
9.01905
4.77143
8.69524
6.34286
5.54286
7.86667
4.65714
8.80952
4.54286
11.0095
6.09524
8.2
9.2
10.0571
11.3333
11.0286
7.18095
14.8476
10.4952
10.4952
9.31429
4.09524
14.8095
11.9238
9.59048
6.93333
10.781
7.73333
9.7619
4.47619
9.19048
6.11429
7.74286
9.70476
4.49524
8.7619
4.2381
6.00952
12.8667
16.9238
9.45714
9.44762
7.6381
6.50476
4.88571
4.40952
7.49524
8.19048
9.42857
11.181
4.11429
5.57143
6
11.3333
14.2667
12.8476
8.8381
8.29524
4.69524
11.0381
9.09524
5.61905
9.62857
11.0952
8.92381
13.0667
7.92381
6.14286
12.3619
5.8
6.9619
11.6667
7.53333
12.5619
9.92381
9.47619
7.91429
4.26667
5.69524
4.6
9.17143
6.09524
6.87619
7.49524
4.58095
11.3905
8.25714
10.0095
10.8857
8.39048
4.68571
8.80952
12.019
7.84762
7.78095
4.26667
7.27619
12.0381
7.66667
11.3143
7.34286
4.66667
5.68571
10.7143
5.68571
6.66667
7.52381
9.8381
6.49524
6.85714
9.05714
12.8095
4.64762
9.65714
13.7524
5.26667
8.73333
6.61905
13.6857
8.45714
6.13333
8.66667
10.8381
9.1619
9.2
4.32381
4.38095
5.86667
9.88571
4.20952
5.27619
4.04762
11.4476
7.28571
8.60952
13
8.7619
8.52381
5.26667
4.19048
10.7905
5.53333
14.2857
6.04762
12.0476
7.08571
10.0667
8.3619
4.29524
11.2762
4.87619
4.85714
7.5619
8.04762
14.6571
13.8286
8.8381
10.7905
9.28571
8.91429
7.81905
7.20952
8.6
8.88571
11.6
8.01905
14.2476
7.61905
7.85714
6.67619
9.8381
5.47619
7.25714
8.52381
11.5619
6.68571
10.9714
9.04762
4.12381
8.52381
7.22857
6.6
8.53333
12.019
5.35238
12.2095
8.38095
9.58095
4.53333
7.10476
4.88571
7.52381
7.44762
5.80952
9.62857
5.82857
10.3143
5.77143
12.1714
7.39048
18.9429
5.47619
13.7905
7.39048
8.32381
7.01905
9.94286
9.90476
10.0286
8.28571
7.32381
9.74286
12.4762
8.01905
14.9143
6.37143
12.7619
13.5714
6.12381
6.92381
6.17143
6.58095
6.95238
5.68571
9.8
6.85714
6.88571
6.12381
11.8667
5.19048
4.68571
9.92381
9.50476
8.35238
7.22857
5.26667
5.2
11.0667
8.9619
8.00952
8.40952
7.00952
7.64762
9.01905
4.33333
9.58095
5.5619
5.35238
8.99048
9.37143
10.0667
7.48571
7.69524
4.26667
7.87619
8.10476
11.0476
10.019
5.2381
8.52381
10.4667
4.29524
5.90476
9.0381
5.50476
8.28571
14.6
4.13333
4.14286
9.2381
7.67619
5.57143
11.1524
8.37143
5.66667
10.2952
4.10476
6.17143
9.54286
9.2381
4.53333
9.1619
4.98095
7.42857
9.8381
6.77143
7.59048
6.25714
5.87619
4.42857
12.5333
8.17143
4.42857
10.7429
6.2
5.35238
10.5905
7.41905
7.06667
10.2762
10.8952
6.74286
10.3905
4.44762
7.99048
8.40952
16.4
9.50476
10.8762
11.6286
11.6286
4.27619
9.59048
8.09524
8.17143
10.4571
7.80952
7.52381
7.07619
6.60952
7.17143
5.89524
10.3714
5.2
9.8381
4.2381
7.06667
7.55238
5.55238
12.6095
9.54286
14
6.00952
4.18095
14.0095
10.9619
6.77143
14.6286
6.42857
8.10476
18.5048
16.7619
5.39048
7.26667
8.12381
11.981
8.30476
6.08571
10.3333
4.45714
6.38095
8.39048
5.45714
8.99048
11.6952
10.7714
11.4286
5.38095
4.0381
8.79048
9.22857
10.7429
9.64762
11.6952
9.68571
4.80952
12.2
7.77143
14.6286
11.019
10.2571
9.4
11.3333
7.41905
8.92381
9.58095
7.60952
13.3905
9.75238
7.6381
11.2
16.4
7.8381
4.10476
6.4381
6.99048
9.26667
9.79048
13.6952
11.3238
4.4
8.89524
6.0381
11.5619
10.9905
13.5429
8.53333
7.64762
4.12381
4.6
8.02857
12.1714
4.91429
9.06667
11.2286
16.3714
11.1714
11.2381
6.61905
11.9905
5.26667
7.91429
5.18095
12.6
16.1714
6.89524
7.69524
5.62857
9.9619
8.62857
7.04762
7.42857
4.2381
5.73333
6.88571
4.58095
5.6381
7.11429
6.6
10.5333
11.7714
12.6
8.82857
4.39048
5.85714
7.06667
9.22857
7.95238
16.2095
6.6
4.58095
10.6476
8.30476
9.81905
7.73333
10.2667
9.67619
6.60952
10.2952
8.30476
14.5333
4.1619
9.58095
7.73333
4.41905
12.7048
10.0857
14.2952
7.67619
7.00952
8.84762
11.3619
9.41905
11.2952
4.37143
11.6476
8.09524
14.6476
9.77143
9.65714
11.4381
11.1333
14.0857
8.90476
6.8381
8.99048
11.9619
7.60952
9.77143
6.74286
4.9619
6.19048
6.15238
10.0381
13.4476
8.32381
10.2381
12.4476
7.55238
10.3238
4.27619
6.44762
7.65714
6.64762
5.91429
4.15238
4.15238
4.6381
4.37143
5.34286
7.37143
4.2
8.73333
6.61905
14.1143
7.9619
13.4095
4.00952
10.619
8.14286
9.12381
9.84762
16.2
5.28571
5.07619
4.26667
10.4095
8.11429
8.19048
4.65714
10.219
11.8
7.24762
8.78095
10.7429
7.6
6.10476
11.981
7.64762
4.2
4.8
8.97143
9.24762
11.5048
10.8286
8.24762
14.6571
9.66667
12.6476
5.59048
4.33333
8.1619
8.52381
6.90476
6.29524
4.50476
11.0952
10.2667
6.86667
7.44762
9.08571
7.40952
7.89524
7.17143
4.60952
7.02857
7.77143
5.53333
9.66667
11.5905
10.2476
10.3238
4.24762
5.41905
5.09524
15.181
10.2667
4.27619
4.08571
9.49524
5.97143
6.61905
5.81905
9.09524
11.219
12.2952
13.0667
8.49524
4.51429
10.3905
4.52381
8.30476
14.1143
7.42857
9.1619
10.2952
10.3048
4.48571
5.28571
5.2381
10.0571
5.66667
5.46667
6.7619
4.2
4.40952
4.75238
16.381
9.44762
8.58095
5.66667
7.3619
7.32381
5.39048
6.20952
5.70476
9.79048
5.69524
4.58095
6.28571
5.84762
12.3714
8.97143
11.181
14.8
5.39048
11.0571
13.9048
9.79048
8.6381
7.98095
4.73333
9.53333
12.2762
10.8095
4.32381
4.94286
8.93333
10.3143
4.12381
4.84762
7.24762
15.3143
4.21905
11.819
11.3619
4.74286
5.29524
12.2952
7.8
7.05714
6.84762
9.25714
5.39048
6.18095
8.68571
4.48571
7.97143
11.8857
8.8381
9.2381
4.14286
10.0952
8.05714
7.89524
7.55238
4.6381
8.8
7.41905
5.13333
8.6381
13.0286
5.54286
8.6
11.9905
8.50476
7.4381
4.58095
4.54286
4.30476
7.33333
8.1619
5.46667
5.4381
8.37143
7.6381
4.12381
10.2762
6.12381
5.90476
10.0857
5.12381
10.1524
5.27619
8.17143
4.11429
7.45714
6.07619
7.74286
27.3619
10.1143
10.0095
10.8
6.80952
9.13333
7.45714
10.7333
11.1714
9.21905
10.0571
13.5143
11.2667
9.19048
9.54286
7.4381
5.8
6.66667
4.01905
8.02857
16.0952
7.19048
11.1619
10.5619
5.81905
9.32381
4.97143
10.2762
4.18095
6.46667
9.66667
8.93333
4.17143
7.41905
9.22857
4.87619
9.41905
8.85714
11.2571
11.181
6.14286
8.72381
5.47619
6.86667
11.6952
14.2952
7.78095
9.37143
5.93333
6.59048
13.5714
6.8381
7.7619
7.68571
8.29524
4.59048
10.6571
6.41905
7.51429
7.92381
4.64762
9.49524
10.181
9.68571
13.9714
12.0286
9.82857
9.68571
8.9619
7.41905
7.55238
15.381
6.25714
6.8381
6.32381
9.80952
8.47619
4.2
10.9524
8.46667
11.8762
9.64762
5.78095
14.219
9.78095
12.5429
13.3238
8.94286
12.7619
6.72381
8.37143
4.6
8.8
9.65714
11.819
10.8
5.22857
8.2
7.85714
14.2476
5.51429
9.38095
5.52381
4.17143
6.09524
8.70476
11.581
4.50476
8.71429
5.86667
11.1619
5.01905
8.37143
9.02857
8.3619
6.52381
5.59048
8.49524
11.2667
14.2667
10.1905
6.66667
8.82857
4.41905
4.06667
4.32381
10.0095
5.2381
4.28571
10.7619
9.87619
7.40952
9.89524
5.60952
5.79048
8.30476
4.20952
8.28571
4.44762
7.7619
12.9524
10.4762
14.6667
10.8762
7.59048
6.99048
6.65714
4.4381
4.66667
7.99048
4.30476
8.80952
11.2095
10.6762
6.46667
8.72381
4.15238
6.37143
7.33333
12.5238
11.181
7.7619
10.1905
6.17143
10.6762
7.2
9.47619
10.4762
11.4095
5.24762
11.8095
5.81905
4.09524
10.8286
7.65714
7.74286
10.181
6.31429
6.62857
7.8
11.7429
11.0571
4.59048
11.2952
15.9143
6.93333
8.2
17.8762
7.2381
7.97143
7.22857
7.8
7.59048
11.1524
6.58095
9.49524
9.82857
10.9619
4.49524
6.49524
5.91429
9.44762
5.6
8.70476
4.2381
12.5143
6.0381
14.2
7.04762
7.98095
9.4381
4.41905
6.84762
6.66667
6.19048
6.10476
10.0857
5.46667
4.46667
7.28571
6.44762
7.62857
8.10476
7.70476
5.98095
11.3238
7.27619
5.8381
9.15238
4.31429
9.73333
7.91429
7.61905
7.26667
11.0857
8.27619
7.66667
6.65714
4.25714
8.68571
9.54286
5.82857
7.26667
6.55238
7.2
8.17143
11.5714
9.60952
5.07619
12.9905
16.6286
5.65714
4.07619
10.1048
4.20952
10.3905
13
8.68571
12.3333
9.3619
7.25714
7.3619
6.73333
4.19048
11
9.78095
10.1429
5.45714
10.5619
7.79048
11.9429
5.46667
8.44762
10.8095
4.5619
9.42857
8.50476
6.77143
9.88571
5
7.46667
9.0381
7.54286
5.48571
11.3714
6.00952
4.62857
7.59048
4.7619
13.3714
7.5619
11.7905
10.7524
5.31429
8.61905
9.05714
4.41905
13.4762
5.9619
13.5143
8.25714
13.3429
4.33333
7.14286
7.80952
6.6
6.60952
9.60952
15.2381
9.88571
4.00952
10.0571
6.08571
13.7619
15.3619
7.2
13.0952
8.79048
7.11429
9.51429
10.2571
5.97143
9.88571
5.55238
7.82857
6.41905
8.85714
6.74286
4.5619
11.8762
12.9905
9.79048
5.9619
6.49524
12.7333
8.51429
13.781
13.3524
6.61905
6.98095
7.50476
10.3714
9.58095
8.38095
4.45714
4.2381
4.2381
12.1429
4.53333
9.54286
8.91429
5.33333
8.49524
8.8
9.62857
11.219
6.90476
4.2381
12.6857
4.4
4.69524
9.0381
11.3619
7.10476
7.73333
12.1524
12.4952
15.8286
9.34286
12.6476
9.47619
11.5143
12.4667
4.64762
9.1619
9.6381
5.45714
4.15238
6.0381
5.67619
7.45714
7.14286
5.88571
4.2
11.7429
8.53333
8.88571
10.6857
8.89524
7.61905
4.18095
11.9429
10.781
7.51429
5.34286
11.7714
8.28571
8.39048
7.79048
13.4762
7.02857
9.49524
8.81905
5.42857
4.32381
10.3714
9.27619
9.32381
5.82857
4.20952
4.30476
16.419
7.44762
6.64762
7.31429
15
7.20952
5.87619
9.24762
4.12381
4.22857
11.4857
4.17143
4.84762
4.14286
9.21905
4.73333
8.91429
4.26667
8.78095
10.9524
5.91429
4.18095
10.6381
11.8762
8.58095
4.39048
8.20952
9.33333
7.66667
9.57143
8.61905
7.41905
4.35238
8.71429
9.73333
8.0381
7.79048
7.50476
5.19048
6.33333
4.2
6.3619
4.41905
8
8.28571
5.14286
8.75238
10.3429
9.59048
4.73333
14.1048
10.619
7.46667
9.8381
9
8.9619
7.19048
4.62857
8.2381
8.68571
9.32381
14.2095
4.15238
11.2762
10.419
4.13333
5.38095
15.9333
12.4095
4.1619
6.50476
8.84762
9.37143
6.44762
9.13333
10
12.381
9.38095
11.819
7.02857
14.4857
8.49524
6.8381
4.4
6.52381
12.0762
5.85714
6.47619
13.4952
7.45714
11.4571
6.78095
4.3619
16.7905
7.18095
11.2571
15.7048
7.3619
5.24762
4.4
8.88571
8.37143
6.1619
13.2476
5.19048
9.08571
10.0095
8.30476
9.79048
13.819
11.3619
8.44762
9.26667
7.80952
11.5714
6.20952
13.5524
6.92381
6.75238
6.55238
8.06667
8.94286
4.90476
7.52381
6.53333
6.78095
4.15238
15.0857
4.28571
4.34286
5.72381
7.66667
9.48571
12.3619
10.0286
8.99048
10.5238
7.8381
5.99048
4.27619
12.181
5.94286
5.69524
11.1429
4.3619
6.01905
12.1714
8.6381
8.04762
7.79048
8.18095
6.92381
4
6.41905
5.38095
4.49524
11.2857
9.4381
7.02857
7.05714
13.4667
12.2095
12.5333
8.98095
4.17143
7.24762
8.08571
7.27619
9.02857
8.97143
11.419
11.7524
6.39048
5.49524
11.2667
9.32381
6.09524
6.60952
8.24762
7.17143
8.29524
5.7619
7.69524
8.95238
10.3048
10.0476
6.73333
13.7143
4.53333
5.88571
9.6
4.15238
8.27619
4.19048
12.9524
9.91429
7.6381
11.4095
5.88571
11.0476
7.33333
4.71429
6.28571
7.91429
6.6381
10.3048
13.4762
6.26667
7.22857
8.41905
6.8
4.94286
5.28571
9.70476
6.74286
4.80952
5.97143
8.86667
9.31429
5.26667
14.7238
10.4857
8.53333
11.7524
4.14286
7.87619
4.12381
10.8381
9.93333
13.781
13.8857
9.86667
5.99048
4.98095
10.8952
10.8667
6.12381
11.0095
10.3619
8.11429
6.40952
12.3333
10.4286
7.39048
12.1714
8.02857
5.6
12.2667
9.59048
6.08571
14
5.4381
6.47619
11.8476
7.30476
7.94286
4.55238
12.4381
6.75238
10.0381
14.5333
11.8381
9.97143
4.61905
7.93333
6.27619
6.21905
4.82857
14.5524
7.85714
4.39048
6.42857
6.69524
5.62857
7.25714
5.19048
6.6381
8.4381
7.8
5.1619
4.47619
7.31429
4.22857
8.7619
5.61905
10.4095
7.84762
9.11429
10
5.25714
6.9619
11.9143
5.75238
8.35238
6.95238
7.40952
6.4
15.1905
9.13333
4.87619
14.9143
8.66667
4.60952
4.95238
8.15238
8.67619
7.57143
6.48571
5.06667
15.0857
6.34286
4.25714
7.97143
12.8286
13.9619
7.6
7.75238
6.71429
14.6857
9.29524
9.07619
4.13333
11.1524
7.8
12.6381
6.64762
5.44762
10.5238
7.54286
14.5619
6.12381
5.87619
15.1619
6.95238
17.2
7.79048
6.74286
10.3143
7.20952
5.79048
10.9524
10.781
5.04762
11.5333
4.04762
6.59048
9.6
5.91429
4.20952
10.7238
10.1238
9.88571
7.94286
7.2
13.0095
11.8857
5.24762
7.09524
4.21905
4.12381
4.32381
8.78095
14.2857
6.68571
8.18095
9.29524
9.2381
6.46667
10.4762
5.26667
8.93333
8.48571
4.2381
9.78095
5.90476
8.67619
4.47619
7.5619
10.4571
12.3619
8.7619
4.2
4.8
7.53333
7.85714
11.5714
11.2762
9.10476
13.4
8.40952
5.48571
9.33333
7.02857
11.8095
10.7429
11.781
6.46667
8.46667
9.32381
5.81905
12.2571
10.419
12.8857
9.7619
12.3238
7.15238
13.4571
10.6952
8.9619
8.66667
5.29524
4.51429
32.4857
6.53333
5.8
11.3048
7.52381
8.29524
10.4095
13.6476
5.77143
12.381
8.97143
4.06667
4.71429
11.3333
4.30476
4.49524
8.97143
12
4.1619
8.79048
10.7048
9.6381
15.7905
12.181
9.18095
4.27619
9.21905
5.39048
11.4857
6.08571
13.0857
8.30476
4.50476
6.51429
5.54286
5.87619
4.0381
4.06667
5.14286
6.68571
11.3524
9.18095
4.73333
9.3619
9.38095
8.69524
6.6
9.92381
4.41905
8.60952
4.29524
10.7714
12.0381
13.6
7.49524
7.2381
10.5619
11.1048
11.6857
5.40952
9.53333
8.18095
8.55238
4.62857
4.69524
6.2
7.28571
8.08571
11.3619
13.9905
9.06667
9.01905
8.55238
4.62857
9.20952
9.87619
7.39048
8.64762
11.181
7.25714
9.66667
5.06667
4.14286
7.84762
9.45714
10.2952
4.30476
8.51429
11.819
12.0667
7.62857
13.8476
9.95238
4.26667
7.68571
15.5905
14.419
7.34286
10.1048
10.2667
7.11429
8.32381
9.42857
7.25714
10.8571
8.1619
8.52381
8.89524
7.95238
14.7048
4.31429
6.93333
6.24762
7.72381
8.21905
7.62857
8.8381
6.6
5.79048
8.18095
8.00952
7.10476
4.13333
5.54286
6.98095
6.54286
9.34286
4.67619
8.35238
8.04762
8.7619
7.71429
8.8381
8.1619
4.78095
8.4381
7.51429
4.00952
8.6381
11.9429
9.55238
6.24762
6.53333
5.59048
7.41905
6.73333
6.8381
10.3143
9.93333
7.87619
10.9048
8.04762
7.60952
8.01905
6.64762
4.0381
7.77143
5.25714
15.0476
6.61905
6.14286
5.61905
4.28571
9.28571
4.35238
11.6952
10.7619
6.54286
7.57143
4.50476
11.3714
5.29524
8.86667
4.90476
10.0476
6.51429
4.54286
10.5619
11.2762
8.87619
7.75238
6.81905
4.39048
4.93333
6.89524
7.04762
7.24762
6.92381
5.4381
11.9905
9.34286
12.0762
10.7238
10.7619
9.64762
9.59048
7.65714
17.3333
6.34286
9.59048
11.6857
9.05714
7.4
7.29524
5.10476
4.27619
9.17143
4.47619
8.6381
4.80952
6.08571
11.8762
8.19048
11.1905
8
4.31429
6.71429
7.95238
4.54286
5.27619
7.60952
7.86667
7.8
7.72381
4.28571
8.9619
7.87619
4.2381
6.33333
6.94286
7.2
12.8095
7.95238
12.3429
10.019
6.47619
4.28571
6.72381
6.4381
4.4
9.57143
4.35238
7.64762
14.0667
8.45714
13.0095
7.67619
5.84762
15.8
4.07619
12.4381
11.6667
7.84762
6.61905
10.5714
10.9333
8.58095
4.26667
5.00952
9.05714
4.86667
10.8952
4.26667
8.0381
7.85714
10.8
12.6952
14.2952
13.7905
4.4
6.49524
6.89524
10.2571
4.39048
4.59048
10.5143
10.4762
4.13333
5.32381
4.28571
5.75238
11.019
11.5714
5.24762
10.0095
4.10476
10.6857
9.77143
4.55238
4.4
7.82857
10.1619
8.27619
16.3524
10.1238
4.62857
11.581
15.381
4.20952
8.84762
6.42857
6.68571
8.94286
4.50476
15.3524
7.05714
10.7619
10.819
4.50476
4.4381
15.9333
7.77143
6.88571
13.8571
8.11429
4.2
9.2
6.66667
4.31429
11.0095
4.8381
7.79048
6.72381
9.07619
6.13333
5.47619
8.37143
10.0857
10.2286
11.6667
15.019
8.52381
7.08571
16.8095
7.17143
10.6952
8.49524
6.44762
4.62857
4.47619
5.6381
8.49524
4.20952
11.5905
10.5429
6.44762
6.35238
4.20952
5.67619
8.08571
8.6
10.3905
4.58095
6.26667
10.0571
12.2571
8.27619
9.59048
7.05714
14.5048
5.77143
6.68571
8.82857
10.819
12.6
12.619
6.26667
9.4
6.10476
10.6476
4.40952
4.49524
7.97143
7.2381
9.86667
7.81905
12.5333
8.66667
5.29524
7.27619
7.7619
4.49524
8.45714
15.6095
10.6286
8.59048
8.00952
12.3333
8.66667
8.2381
7.49524
4.14286
10.8476
5.57143
6.66667
9.79048
9.84762
7.86667
5.5619
7.4381
9.33333
10.3333
8.32381
9.73333
6.20952
5.2381
8.91429
6.11429
7.27619
4.4
13.6381
4.29524
12.3714
11.5905
5.34286
5.2381
4.88571
11.6857
7.45714
12.8667
4.26667
8.46667
4.28571
9.9619
9.81905
9.66667
4.21905
9.85714
8.24762
9.17143
10.6381
9.50476
10.2
8.30476
6.8381
9.99048
14.9905
4.44762
13.7048
10.3619
5.30476
14.781
8.73333
5.75238
4.47619
12.3048
6.17143
7.77143
4.07619
9.60952
5.79048
6.59048
4.05714
12.5143
12.8857
14.4762
6.21905
4.00952
12.8381
20.0286
7.08571
7.77143
8.29524
11.3429
9
7.10476
6.25714
10.8571
4.15238
4.27619
9.90476
7.81905
12.0762
13.5048
13.5429
4.69524
6.08571
13.8857
4.40952
10.8952
7.18095
8.84762
6.13333
12.2952
9.14286
10.0476
4.71429
5.82857
10.8667
5.67619
6.5619
9.42857
10.4286
7.19048
8.54286
14.419
16.1048
6.08571
8.65714
7.04762
4.39048
9.47619
8.51429
12.781
5.31429
5.49524
8.10476
9.29524
9.05714
5.73333
4.46667
6.89524
7.24762
7.31429
5.57143
8.0381
7.94286
9.60952
5.86667
8.4
6.08571
8.0381
9.51429
9.34286
9.55238
4.12381
15.581
5.41905
8.40952
5.62857
5.77143
6.38095
7.38095
8.04762
7.06667
6.68571
11.1524
6.74286
4.00952
9.92381
5.24762
4.06667
4.34286
8.46667
5.98095
9.1619
4.41905
12.3905
6.27619
6.6381
4.1619
9.2
7.1619
10.3143
9.10476
5.58095
9.31429
7.5619
4.26667
6.25714
8.97143
8
12.0381
4.22857
4.18095
4
9.11429
5.97143
7.4
10.2952
7.74286
8.3619
7.95238
7.30476
6.7619
10.3619
7.93333
4.29524
4.41905
5.22857
4.3619
7.7619
9.14286
7.6
8.74286
12.4762
8.44762
9.40952
12.219
6.01905
9.29524
6.28571
8.64762
5.45714
9.25714
4.44762
12.3429
4.18095
6.60952
7.34286
9.13333
4.04762
4.59048
8.80952
7.4381
7.80952
5.35238
15.8
17.419
9.64762
4.31429
6.1619
10.781
4.4381
5.5619
5.71429
9.39048
12.819
5.04762
4.34286
5.68571
7.42857
7.39048
13.2952
9.05714
6.66667
9.11429
7.15238
11.219
6.55238
5.90476
6.92381
6.13333
5.12381
5.47619
7.47619
4.77143
6.13333
8.40952
9.24762
7.10476
13.019
7.85714
9.92381
11.0476
7.72381
7.92381
4.65714
4.12381
8.58095
11.9238
5.28571
8.04762
10.7524
8.35238
7.41905
4.07619
7.31429
8.14286
9.48571
13.0571
4.05714
9.26667
12.6952
5.85714
5.54286
4.20952
9.79048
7.38095
5.61905
8.46667
8.61905
7.50476
4.08571
11.3524
16.2095
8.44762
10.1238
10.981
4.26667
46.8952
5.08571
8.86667
7.4
8.68571
10.8476
4.90476
5.98095
6.06667
5.05714
8.19048
4.26667
12.6
5.68571
12.2476
13.7429
4.07619
11.3048
4.92381
9.40952
7.11429
5.81905
7.10476
9.09524
12.3333
4.67619
10.6762
13.3619
10.7238
11.7905
10.8667
15.7143
11.1714
10.4476
8.27619
7.09524
12.981
10.1905
8.21905
8.80952
12.1524
12.4
8.91429
11.5524
4.31429
7.29524
10.219
11.7905
4.52381
6.24762
5.79048
9.04762
7.6
4.98095
12.5048
7.19048
8.24762
11.6857
11.381
8.71429
6.93333
6.91429
5.71429
4.30476
7.30476
11.0952
4.53333
6.52381
11.4286
8.66667
6.44762
5.2
6.53333
4.19048
7.34286
9.59048
9.92381
8.09524
5.8
13.2286
8.47619
10.8952
4.05714
4.40952
4.38095
8.60952
12.6
7.68571
10.5143
13.1714
7.1619
6.2
6.91429
7.88571
10.9048
15.2
7.7619
7.8381
4.80952
10.5905
5.54286
5.7619
11.8
9.80952
6.9619
4.18095
9.1619
9.8381
6.98095
7.52381
8.54286
7.75238
4.25714
7.89524
7.2
5.21905
7.58095
6.88571
9.64762
4.02857
9.22857
4.27619
9.54286
9.00952
10.1143
10.9524
9.77143
9.24762
7.20952
12.0857
12.2
5.48571
9.2
4.40952
11.4
11.1048
6.79048
7.71429
10.9905
8.39048
6.51429
12.1714
11.5905
5.62857
9.29524
9.20952
7.95238
7.49524
4.14286
6.34286
4.25714
12.8857
4.22857
8.29524
11.1619
5.38095
5.24762
9.28571
4.49524
10.1524
8.98095
5.27619
10.7524
7.13333
5.73333
5.00952
10.2381
5.70476
9.44762
8.71429
10.8952
8.02857
11.781
13.8952
9.34286
4.5619
4.39048
10.2095
8.61905
6.52381
4.12381
6
6.90476
10.0667
9.90476
9.04762
12.5048
4.95238
10.5048
4.88571
4.82857
8.48571
5.11429
6.67619
4.02857
15.7333
6.68571
4.4381
10.3714
8.08571
9.75238
5.11429
8.67619
8.33333
5.86667
7.13333
7.42857
7.44762
10.3429
4.5619
10.1143
4.58095
14.6
4.78095
11.2762
8.1619
13.6571
6.68571
10.9524
11.3714
5.9619
8.85714
5.61905
8.7619
13.181
4.65714
4.64762
6.0381
7.75238
11.4762
8.18095
7.27619
9.2381
4.13333
9.51429
9.91429
6.78095
10.2381
6.07619
8.82857
7.86667
6.88571
6.70476
13.1619
4.98095
9.80952
4.26667
4.2381
6.86667
4.4
14.2095
5.91429
6.97143
12.5048
4.45714
8.53333
5.11429
4.14286
4.41905
8.19048
5.86667
9.39048
4.65714
12.7333
6.0381
12.3714
13.7333
10.019
9.51429
7.77143
7.62857
8.88571
11.6571
11.3619
4.7619
9.20952
5.25714
10.0381
11.9238
6.65714
6.89524
6.1619
11.419
12.7333
8.52381
5.54286
7.73333
10.8952
7.39048
8.22857
12.8571
8.24762
7
9.6
6.13333
9.14286
7.58095
7.25714
9.80952
8.17143
8.48571
9.50476
10.5524
8.99048
6.58095
6.31429
4.02857
6.18095
4.74286
9.57143
15.1524
6.65714
4.18095
6.20952
11.1048
7.45714
9.91429
7.32381
7.13333
4.17143
12.0095
13.8762
13.7714
15.5524
9.70476
8.07619
7.20952
7.60952
12.2
6.61905
10.8286
7.28571
10.3143
14.0095
6.45714
6.61905
4.25714
9.8381
7.53333
4.24762
8.11429
7.88571
14.0095
6.40952
7.46667
8.66667
16.1524
4.41905
9.27619
7.74286
6.31429
8.6381
10.3048
8.75238
14.2381
9.06667
6.70476
7.32381
6.7619
10.7048
8.04762
4.10476
7.50476
6.77143
10.0286
4.81905
10.6857
11.3238
8.35238
11.7524
10.6095
4.30476
10.7429
7.24762
9.08571
8.25714
9.27619
13.5333
7.91429
5.3619
9.81905
7.99048
5.49524
13.0476
6.37143
15.2286
5.4381
10.4
6.92381
5.75238
6.71429
5.65714
5.62857
8.47619
4.6381
5.6381
4.0381
9.11429
6.06667
9.08571
8.27619
8.17143
7.79048
4.94286
6.15238
16.3143
7.78095
5.10476
5.84762
11.3714
5.15238
12.5048
6.49524
4.54286
6.21905
11.3333
5.60952
10.1524
14.4762
9.00952
11.3333
6.72381
6
9.6381
6.27619
6.75238
11.5905
11.2476
6.87619
8.80952
5.71429
8.37143
13.6381
9.74286
7.1619
5.1619
7.20952
5.69524
5.81905
6.84762
4.32381
8.05714
14.8762
7.41905
6.55238
9.4
5.53333
4.54286
12.5714
10.3238
6.94286
6.78095
10.5333
4.3619
9.59048
4.28571
7.53333
10.2381
8.87619
9.48571
4.08571
6.73333
4.61905
4.22857
4.41905
13.019
6.39048
6.91429
4.51429
8.2381
4.22857
6.85714
8.39048
4.0381
8.77143
10.0571
7.31429
8.39048
4.14286
5.84762
7.49524
4.54286
8.29524
8.00952
9.98095
6.65714
9.22857
9.2
6.85714
10.4952
9.70476
22.8381
10.4476
8.86667
10.7048
10.581
9.65714
9.06667
8.31429
18.9524
7.2381
6.85714
7.15238
7.24762
10.1048
6.10476
6.18095
5.31429
8.34286
9.49524
4.18095
7.22857
9.61905
9.81905
14.4381
10.019
14.3048
6.8381
13.1048
4.05714
6.79048
4.4
7.97143
9.04762
12.6381
11.1619
11.4
9.4381
10.7238
5.57143
4.09524
5.06667
10.4
6.39048
9.87619
7.94286
11.0286
8.90476
8.82857
14.5238
7.18095
11.7238
9.33333
12.1333
11.2762
7.75238
8.95238
8.68571
14.219
7.14286
10.2095
4.82857
9.34286
4.40952
9.90476
13.7429
6.9619
8.39048
7.19048
4.41905
8.42857
6.24762
5.59048
5.4
6.22857
13.019
7.37143
8.94286
7.64762
6.57143
11.4286
4.47619
4.50476
9.2
5.89524
6.3619
7.68571
10.0857
15.0857
7.57143
7.81905
9.4
7.08571
4.08571
4.61905
14.4476
9.2381
8.27619
4.47619
5.2
9.37143
11.5333
4.87619
6.6
8.47619
10.6095
5.93333
8.85714
8.58095
9.73333
5.33333
4.62857
8.85714
7.75238
4.97143
4.34286
5.24762
6.42857
5.39048
8.99048
9.37143
5.70476
15.7238
9.52381
8.92381
4.33333
6.02857
9.04762
10.5238
12.6857
7.18095
12.2286
6.82857
8.49524
9.97143
6.70476
5.86667
8.5619
4.27619
6.8381
8.97143
5.75238
14.6762
13.4286
10.8571
8.40952
8.65714
4.09524
6.52381
4.17143
7.29524
4.21905
12.6571
7.58095
4.11429
4.8
7.38095
9.8381
6.55238
9.07619
4.2
11.9048
9.37143
9.30476
9.90476
8.2381
4.7619
8.45714
10.7048
11.2286
4.39048
17.781
5.3619
7.95238
9.32381
5.92381
7.39048
7.59048
4.88571
13.4381
6.60952
6.14286
7.82857
4.44762
8.81905
7.71429
10.4095
6.81905
6.89524
10.8952
11.2762
12.8571
7.4381
4.20952
6.97143
4.11429
4.21905
7.93333
9.3619
12.0571
6.09524
9.51429
5.00952
5.95238
12.7619
11.5714
4.02857
10.781
9.10476
12.819
8.42857
6.04762
9.28571
12.9905
5.58095
11.9905
5.28571
6.93333
6.69524
6.1619
11.5333
5.38095
8.79048
10.5714
4.26667
11
7.6381
9.40952
13.181
7.4381
4.54286
5.61905
5.80952
7.45714
5.46667
7.51429
6.85714
6.9619
4.89524
4.8
8.06667
8.32381
6.24762
14.7905
5.6381
4.29524
11.2381
4.0381
6.07619
7.91429
7.81905
10.7619
4.08571
10.419
5.3619
5.69524
13
14.1714
5.06667
4.3619
8.57143
6.01905
8.26667
9.2381
4.32381
6.73333
4.2
9.71429
7.39048
13.5333
6.27619
13.1714
4.4
7.79048
6.38095
19.9905
9.87619
6.94286
6.2
4.46667
6.8381
4.7619
11.6952
10.4381
13.0762
7.40952
7.12381
10.6476
9.26667
7.75238
7.79048
11.1048
9.68571
4.61905
7.6381
8.33333
15.2952
7.32381
6.95238
7.6
10.7238
11.5524
10.9714
13.6952
5.13333
7.90476
12.781
8.69524
7.82857
4.4381
7.8
4.4381
6.19048
4.28571
12.2571
4.11429
12.4
13.9524
6.30476
15.381
5.6
8.26667
4.25714
6.70476
11.981
4.3619
5.44762
9.81905
15
6.21905
12.2667
10.4
12.8286
10.5429
11.581
4.29524
6.62857
8.81905
11.5333
9.42857
4.68571
6.0381
4.4
5.82857
5.25714
4.53333
8.97143
7.20952
11.2
4.27619
10.7333
8.04762
10.8571
8.17143
11.0476
11.6095
7.33333
6.58095
8.84762
5.62857
10.1429
4.13333
4.20952
8.51429
4.15238
7.66667
8.62857
12.6095
8.72381
8.31429
14.6095
7.01905
10.6
7.31429
9.6
11.7048
10.8952
10.381
16.7333
11.1143
5.49524
5.46667
7.44762
10.2952
7.67619
12.0286
7.9619
4.07619
11.3905
12.9333
10.0286
6.08571
10.6762
9.69524
9.29524
8.15238
9.54286
11.9619
4.28571
9.85714
4.38095
10.3048
10.5714
6.66667
6.15238
11.0095
6.87619
11.5143
12.381
4.22857
9.28571
10.6095
11.9333
12.9429
10.1619
7.8381
4.2381
4.4
11.0952
11.4
4.11429
13.8667
20.819
15.5714
15.6476
9.54286
6.37143
10.2762
9.01905
4.2
6.08571
5.80952
7.34286
4.3619
4.30476
4.05714
7.35238
9.11429
15.0667
9.13333
4.04762
5.77143
8.12381
7.9619
4.25714
4.22857
10.0381
8.27619
11.2952
8.47619
9.35238
9.13333
8
8.20952
10.3714
10.5333
12.8667
9.2381
14.1048
7.64762
7.4
4.91429
5.49524
9.01905
12.5238
6.87619
13.1429
9.75238
7.08571
8.24762
10.781
5.6
4.8
5.92381
5.78095
4.28571
7.93333
4.4381
4.53333
5.68571
13.6571
11.6
6.25714
7.41905
4.30476
4.30476
6.27619
5.92381
6.67619
10.3238
4.21905
10.5143
6.62857
5.92381
5.94286
4.15238
16.5238
8.21905
10.1333
7.62857
8.5619
8.77143
7.20952
8.11429
8.87619
13.9714
6.09524
8.55238
4.25714
9.10476
12.6952
4.37143
12.1714
10.2476
4.97143
5.93333
4.3619
4.19048
9.4
10.3238
7.78095
8.18095
7.05714
7.04762
13.7048
10.1238
7.05714
6.87619
12.2
4.14286
6.90476
11.1048
6.0381
4.02857
5.8381
9.74286
6.4
8.52381
6.48571
10.1714
8
7.04762
4.95238
4.18095
10.0476
8.89524
9.10476
9.65714
6.3619
5.62857
5.9619
10.9048
6.54286
4.40952
6.24762
10.7238
4.61905
6.07619
11.0381
4.97143
4.1619
6.6381
6.73333
7.95238
9.73333
6.05714
12.3143
5.00952
10.8762
6.15238
13.7333
7.45714
4.58095
4.11429
4.1619
5.62857
5.71429
5.73333
6.90476
16.4762
8.55238
7.92381
16.6667
13.9238
5.81905
15.8762
9.22857
9.73333
11.2762
5.7619
13.581
10.1429
4.66667
9.57143
8.33333
13.4095
12.3143
7.07619
6.8381
8.65714
7.7619
9.07619
5.74286
5.31429
5.62857
11.619
7.3619
4.73333
9.52381
7.6
4.8
6.93333
8.42857
8.18095
11.6667
10.9143
4.73333
6.11429
5.70476
8.49524
6.67619
10.419
9.45714
12.6095
11.6857
8.00952
7.1619
4.90476
8.58095
8.51429
8.68571
11.2667
4.06667
6.91429
8.58095
9.00952
7.78095
4.55238
11.419
6.73333
15.8476
8.22857
12.0857
8.00952
6.4381
9.39048
13.6381
4.29524
9.59048
9.94286
4.70476
6.92381
11.6095
9.5619
4.34286
4.22857
6.27619
4.15238
13.0952
8.95238
8.95238
16.3048
8.1619
15.6286
15.3524
10.381
10.7048
4.80952
5.71429
9.98095
5.25714
7.08571
8.09524
7.6381
5.61905
4.26667
7.70476
10.3524
4.19048
6.04762
10.6571
7.04762
6.80952
12.6286
7.80952
12.4762
8.92381
4.13333
11.1714
9.04762
9.98095
6.48571
8.45714
7.52381
13.8667
11.4667
12.4571
10.2476
10.5905
6.52381
7.1619
12.7714
7.5619
6.48571
5.92381
4.47619
5.00952
6.70476
5.38095
6.53333
4.04762
6.42857
6.39048
5.69524
10.2667
8.79048
7.55238
8.0381
8.6381
11.8095
7.11429
7.52381
4.62857
5.49524
17.781
6.6381
5.6
6.57143
5.92381
13.0857
4.49524
6.14286
8.29524
7.70476
10.6762
5.53333
8.8
4.51429
7.24762
4.47619
6.28571
7.88571
7.28571
9.94286
8.01905
5.8
5.9619
10.9905
6.6381
14.7524
5.58095
11.3619
9.98095
9.66667
7.45714
8.12381
10.6476
6.94286
9.70476
8.77143
5
8.53333
10.5619
8.49524
9.1619
6.42857
6.07619
6.6
4.13333
5.93333
4.20952
8.5619
16.5143
4.02857
8.84762
5.54286
8.86667
10.9619
10.4857
8.31429
13.6952
6.25714
4.55238
7.19048
7.90476
10.5048
8.0381
11.4667
4.50476
8.93333
7.32381
4.84762
11.0857
6.69524
4.64762
5.44762
4.2381
8.48571
6.04762
7.34286
10.2762
13.6762
7.26667
10.0952
7.65714
7.20952
6.89524
10.0095
10.781
4.60952
10.8286
4.15238
9.2381
6.24762
14.4952
12.4
7.39048
9.15238
9.06667
10.5905
4.7619
4.37143
5.67619
9.0381
5.52381
9.77143
8.8
5.39048
12.1524
5.72381
5.99048
4.38095
7.66667
5.41905
11.0762
8.50476
8.45714
11.7524
7.1619
6.47619
7.06667
7.68571
8.66667
10.619
4.61905
7.08571
4.99048
7.81905
6.10476
4.13333
11.5143
5.02857
4.26667
7.5619
7.13333
4.51429
5.32381
10.5429
4.85714
10.4476
4.13333
9.51429
6.35238
9.71429
7.57143
9.0381
4.64762
9.98095
7.89524
8.02857
8.60952
7.80952
4.58095
7.8
6.65714
4.54286
10.6952
12.1524
7.29524
4.40952
8.05714
8.02857
4.72381
8.66667
4.33333
4.34286
14.381
15.2667
9.51429
11.0286
10.5238
7.42857
4.2381
5.33333
5.4
9.15238
4.32381
14.4952
8.95238
10.6476
7.12381
4.4381
12.1333
4.39048
13.2762
5.82857
7.90476
6.35238
6.79048
9.01905
6.50476
4.13333
4.22857
4.04762
8.46667
7.59048
4.06667
7.44762
6.52381
11.6857
4.18095
8.53333
5.98095
4.21905
4.53333
11.6952
15.9048
5.71429
7.28571
7.52381
10.3238
12.1048
4.15238
11.9333
8.5619
8.47619
7.02857
5.40952
7.84762
11.181
14.8667
6.93333
12.9524
6.70476
6.42857
9.33333
6.19048
8.80952
7.75238
6.10476
5.15238
9.66667
8.53333
4.08571
7.79048
4
9.48571
10.019
6.87619
7.93333
16.3619
11.619
8.80952
5.48571
6.94286
5.8
6.59048
7.7619
11.7048
13.4667
6.29524
7.98095
12.5048
7.29524
7.99048
9.26667
6.31429
7.70476
8.10476
12.2762
4.70476
7.35238
6.70476
7.70476
7.75238
9.3619
7.15238
6.21905
4.29524
5.87619
6.8381
6.38095
4.15238
5.77143
4.35238
6.48571
6.64762
11.9619
9.05714
4.53333
10.4095
5.53333
10.1333
4.66667
7.89524
11.581
8.05714
7.27619
4.65714
7.54286
7.6
5.98095
6.4
5.4381
5.28571
7.34286
11.7333
7.68571
6.3619
6.68571
6
8.24762
13.5048
4.98095
4.8381
6.93333
10.4
9.86667
6.79048
4.14286
4.51429
11.5714
5.46667
11.5238
6.02857
10.3619
6.18095
7.91429
6.51429
9.67619
9.8381
9.8381
17.3238
8.28571
8.6
5.80952
4.77143
4.55238
11.5429
10.8381
7.82857
5.68571
9.26667
8.05714
7.68571
11.3048
4.1619
7.57143
6.68571
5.5619
9.49524
8.69524
9.53333
11.2571
5.7619
6.6
5.69524
4.17143
4.2
5.49524
12.0762
4.10476
8.47619
6.1619
5.39048
5.87619
4.46667
7.87619
13.5429
5.4
4.30476
5.6
7.48571
13.3143
12.1905
10.9905
6.13333
11.8286
6.72381
9.49524
4.42857
8.4381
6
4.18095
6.12381
10.181
6.38095
10.6476
9.45714
7.6381
9.4381
6.71429
10.7429
8
7.20952
7.48571
9.28571
9.73333
6.54286
10.3238
7.62857
11.3619
6.70476
5.26667
10.6762
10.7048
9.89524
6.00952
5.08571
9.93333
5.9619
4.08571
13.5905
5.51429
8.22857
4.12381
12.3714
12.2381
9.17143
11.4095
6.54286
10.7905
7.77143
8.48571
10.1048
14.1524
6.01905
4.14286
5.31429
9.97143
8.77143
8.7619
4.30476
8.19048
8.4
10.8286
10.9714
9.9619
10.4381
12.5524
11.5619
8.55238
4.42857
6.37143
9.89524
8.86667
5.71429
7.05714
4.8
6.54286
6.85714
4.32381
9.5619
4.19048
9.30476
5.12381
5.24762
4.08571
6.6381
5.24762
5.85714
10.6667
13.1333
8
4.61905
13.0571
9.84762
11.5048
7.33333
11.219
4.52381
8.00952
7.29524
6.17143
7.73333
8.09524
4.48571
5.90476
8.00952
5.33333
6.20952
10.1143
7.08571
8.18095
4.58095
11.3619
7.78095
4.69524
5.02857
8.14286
6.06667
10.8857
4.24762
9.4381
4.02857
13.419
5.44762
8.8381
5.92381
10.1238
10.0571
4.15238
12.1524
5.65714
7.75238
16.4
4.47619
5.37143
10.781
8.92381
10.3143
7.08571
4.71429
4.27619
9.6
4.75238
10.2286
4.49524
12.2952
5.11429
11
4.54286
8.12381
8.17143
12.8095
5.17143
14.1714
10.5429
5.97143
13.4762
6.80952
4.5619
5.04762
11.5524
13.6952
7.6381
8.55238
7.61905
8.28571
4.17143
11.0095
6.11429
6.98095
7.69524
9.40952
9.67619
9.22857
5.84762
6.08571
7.64762
7.21905
5.41905
10.5143
9.54286
9.95238
11.6286
11.3048
13.2762
11.2095
15.0476
7.34286
5.71429
10.1905
4.41905
4.90476
4.2
18.7905
7.59048
9.8381
7.55238
12.2
4.00952
5.58095
6.11429
6.93333
6.6
10.2286
13.2952
6.30476
8.89524
4.85714
4.77143
4.31429
6.68571
8.25714
6.4
7.45714
14.0762
10.819
12.6095
5.0381
4.50476
8.60952
4.95238
7.8381
4.90476
4.06667
4.32381
9.64762
4.10476
4.38095
5.69524
5.69524
7.31429
8.34286
6.46667
7.64762
9.32381
11.2857
12
10.4571
9.15238
6.90476
13.5429
7.1619
6.79048
5.85714
11.0571
10.2286
4.18095
6.25714
4
9.32381
12.4476
13.7333
9.59048
6.15238
6.68571
4.18095
6.6
6.55238
4.51429
4.13333
4.77143
6.26667
6.59048
12.4667
5.08571
7.31429
8.88571
7.27619
6.79048
6.85714
11.4857
5.75238
7.9619
10.4476
9.14286
4
12.2857
8.50476
7.87619
5.77143
6.07619
9.13333
4.74286
13.0381
12.3905
4.46667
4.90476
6.8
10.2952
10.8
12.5429
7.5619
8.00952
7.6381
8.1619
10.7333
8.4381
9.37143
8.82857
6.01905
5.80952
8.64762
11.2762
5.82857
4.28571
8.07619
5.47619
7.50476
5.1619
7.62857
4.45714
7.15238
6.58095
6.61905
4.12381
11.2667
7.68571
9
10.1524
4.18095
9.21905
9.99048
12.0286
12.619
12.4
7.15238
4.78095
4.91429
5.81905
6.95238
7.4
10.3905
12.6095
12.1619
10.5619
6.77143
4.4381
4.41905
7.27619
5.50476
5.66667
4.3619
6.41905
5.74286
8.37143
7.8381
4.2
10.1048
11.3905
5.27619
11.0667
7.01905
9.89524
7.58095
8.77143
8.07619
10.6286
14.4762
11.4
8.48571
7.97143
4.4
8.37143
4.99048
6.12381
5.35238
5.29524
7.59048
10.3143
7.12381
7.98095
4.30476
4.68571
8.25714
5.37143
10.7143
11.4952
5.53333
6.47619
9.90476
6.12381
8.85714
5.57143
7.31429
6.28571
4.25714
6.61905
6.11429
7.75238
9.11429
4.10476
4.27619
8.20952
5.64762
6.94286
5.81905
4.47619
10.181
6.35238
8.19048
8.99048
11.9524
5.94286
4.39048
7.2
10.0476
7.47619
4.42857
8.67619
7.61905
6.65714
10.8381
5.66667
8.70476
9.44762
8.81905
4.0381
7.00952
4.25714
4.60952
7.48571
5.81905
9.6381
9.21905
12.6381
6.07619
4.33333
11.2952
4.58095
9.14286
10.0286
5.98095
11.219
9.49524
4.82857
4.32381
11.2095
4.40952
5.68571
12.4476
13.4667
9.39048
5.20952
6.27619
8.42857
6.1619
4.47619
12.6857
13.8095
10.0571
4.25714
7.66667
7.19048
10.4476
5.1619
6.74286
12.2095
14.7714
5.51429
12.4857
12.4952
4.79048
7.28571
11.6857
9.71429
4.66667
9.65714
4.73333
8.65714
11.8762
6.09524
5.84762
8.65714
7.13333
5.12381
9.66667
7.37143
5.48571
7.54286
6.6381
6.82857
5.06667
8.8
4.27619
10.5619
5.78095
7.70476
8.12381
8.28571
5.30476
4.51429
4.1619
4.1619
10.9619
8.08571
5.44762
4.18095
5.61905
4.41905
14.4667
5.3619
7.1619
5.08571
16.9905
9.92381
5.39048
7.48571
9.41905
11.2476
4.42857
4.33333
4.71429
4.15238
6.86667
4.48571
7.98095
15.7333
4.26667
12.7143
16.6381
4.13333
7.55238
8.37143
5.41905
7.01905
10.0571
5.70476
8.08571
5.79048
11
8.57143
7.71429
8.37143
11.8095
4.14286
12.0095
8.44762
14.019
4.13333
15.1714
13.781
12.0762
15.581
6.77143
4.2
5.04762
7.27619
5.4
8.4
9.40952
5.9619
4.48571
4.13333
7.19048
4.07619
6.77143
12.9238
4.07619
4.35238
8.67619
9.0381
12.5429
11.419
13.2571
8.59048
5.38095
8.80952
10.0952
7.89524
9.05714
8.71429
11.0476
5.75238
12.3524
5.11429
4.31429
5.8381
4.54286
4.32381
4.59048
7.97143
7.57143
4.2
13.2381
11.7238
6.85714
9.72381
6.48571
8.2381
7.99048
14.581
6.01905
7.35238
9.32381
11.8667
10.4381
5.41905
8.53333
6.08571
12.0857
9.22857
7.30476
11.3524
7.70476
6.04762
8.94286
6.19048
9.52381
9.01905
14.2952
8.14286
14.5524
9.39048
5.86667
5.18095
4.00952
7.49524
10.3619
9.70476
6.01905
12.0476
4.14286
7.01905
5.90476
9.3619
10.9714
4.46667
10.7429
7.26667
9.72381
8.17143
6.98095
4.92381
4.30476
8.35238
4.40952
7.1619
4.35238
8.57143
4.06667
4.22857
4.55238
5.61905
17.8762
10.3238
7.24762
6.15238
6.2381
4.68571
7.91429
10.0762
10.3048
4.17143
4.24762
8.26667
9.53333
8.15238
9.65714
7.3619
8.12381
6.97143
7.91429
8.8381
7.24762
8.53333
8.82857
11.0286
4.02857
4.2381
8.3619
4.32381
7.90476
10.1429
16.3905
11.5048
9.45714
7.29524
9.95238
12.5048
5.3619
4.25714
9.40952
4.54286
9.8381
6.32381
11.2667
8.00952
8.42857
9.20952
6.98095
4.39048
11.8952
7.26667
5.89524
4.28571
6.70476
4.25714
5.10476
7.05714
15.4667
10.5048
10.8286
6.55238
6.99048
6.6381
13.9905
5.14286
10.0381
10.8952
8.6381
10.2952
8.05714
13.3143
6.41905
4.00952
6.94286
20.3048
8.73333
9.59048
11.1905
9.72381
5.72381
5.27619
6.2
12.5333
4.42857
14.6952
13.2
10.8
7.61905
10.219
5.64762
8.89524
4.1619
10.1238
15.219
6.37143
4.27619
13.3143
7.65714
8.62857
4.70476
8.45714
7.01905
13.2667
10.2381
13.3714
7.55238
9.12381
8.33333
6.25714
9.00952
13.219
7.3619
4.01905
7.37143
6.42857
10.9048
7.6381
5.27619
4.20952
4.97143
4.59048
6.09524
5.54286
9
5.81905
8.08571
4.12381
9.09524
5.54286
4.0381
4.8
11.5524
4.50476
8.5619
4.28571
6.99048
10.0476
5.47619
7.52381
5.74286
9.81905
6.09524
10.5238
4.0381
10.7619
5.0381
10.981
6.15238
4.55238
6.59048
12.419
11
6.12381
11.7143
8.57143
16.4286
6.02857
8.29524
4.86667
4.64762
4.2
7.4381
10.4762
5.4
10.581
4.19048
4.12381
12.1238
8.07619
5.99048
11.3619
5.3619
4.4
7.51429
10.6952
4.81905
6.5619
6.92381
5.42857
7.15238
7.39048
8.98095
7.07619
5.79048
4.13333
4.24762
4.33333
8.92381
7.67619
7.62857
10.5714
9.53333
7.24762
5.50476
6.66667
14.2095
6.47619
9.05714
7
7.01905
11.3048
9.13333
4.2381
5.88571
5.20952
8.48571
4.28571
18.1048
10.1619
4.84762
8.65714
4.28571
9.4
4.26667
4.31429
8.69524
12.2286
10.6667
8.44762
4.2381
6.55238
6.65714
4.69524
9.33333
9.8381
7.50476
6.52381
6.29524
9.01905
5.34286
9.60952
5.98095
6.54286
4.35238
4.55238
4.42857
5.78095
5.18095
6.21905
6.85714
13.3905
4.2381
4.88571
4.90476
7.79048
5.4381
4.18095
8.12381
5.64762
6.01905
4.86667
5.95238
4.27619
4.09524
9.40952
7.01905
4.3619
6.89524
7.00952
11.3429
4.12381
5.11429
10.5048
6.87619
12.8286
5.31429
10.2857
6.06667
10.0571
12.5714
9.95238
6.25714
8.74286
13.5714
8.39048
6.97143
13.9619
7.89524
8.47619
14.5619
7.60952
4.1619
10.1714
8.72381
6.71429
4.05714
9.75238
7.01905
19.3429
11.4571
6.15238
13.019
7.84762
13.4762
6.27619
7.19048
9.88571
7.61905
8.13333
9.84762
10.9048
8.51429
7.54286
9.33333
8.27619
8.72381
6.62857
6.3619
12.8762
4.7619
6.11429
4.65714
4.20952
10.1333
9.53333
7.39048
7.57143
4.47619
9.05714
4.08571
14.2667
12
13.9048
11.7429
6.13333
9.12381
6.95238
8.94286
10.0095
8.2381
4.01905
5.6381
7.29524
10.0667
8.10476
9.64762
11.7048
4.35238
4.1619
4.13333
11.3619
5.52381
7.31429
4.17143
7.35238
10.5619
6.39048
8.98095
6.22857
11.6095
9.9619
10.0095
4.48571
11.1238
8.46667
8.30476
9.17143
10.4571
7.41905
4.79048
6.12381
7.25714
6.95238
10.8762
9.28571
9.04762
13.5048
4.15238
5.70476
11.0381
4.08571
7.18095
5.3619
4.42857
6.11429
5.22857
4.59048
7.62857
4.27619
8.75238
4.38095
10.4762
7.46667
4.78095
10.0762
4.53333
7.86667
5.7619
10.8762
6.77143
6.90476
10.3905
4.21905
4.12381
4.19048
7.67619
7.46667
8.51429
8.54286
4.28571
6.47619
7.12381
8.85714
5.54286
4.39048
7.78095
6.79048
4.53333
9.28571
8.74286
7.09524
8.40952
7.72381
8.70476
5.8
4.15238
7.6
11.3238
8.25714
10.7333
8.1619
5.5619
7.48571
4.34286
8.47619
5.09524
9.51429
5.87619
6.92381
8.8381
8.3619
5.07619
5.98095
10.6286
4.55238
7.40952
6.11429
8.92381
10.9619
7.38095
7.25714
4.9619
5.2381
7.14286
4.33333
6.42857
5.4381
7
4.27619
10.7619
14.981
11.6762
8.90476
14.1524
4.51429
5.8
4.4381
6.8381
13.4381
8.64762
9.95238
12.0381
11.4952
10.8
7.6
7.11429
7.53333
9.35238
8.8
4.10476
5.88571
7.9619
21.1238
7.49524
8.51429
7.58095
5.14286
9.80952
5.86667
4.89524
9.01905
10.8
7.5619
13.0286
4.39048
5.2
7.41905
9.19048
4.51429
9.27619
7.14286
25.4857
8.91429
7.87619
12.3619
8.22857
7.33333
8.28571
5.50476
8.84762
4.50476
7.27619
4.35238
9.53333
7.72381
10.219
10.6762
11.9905
6.14286
4.21905
6.53333
4.4381
9.7619
11.1905
5.0381
11.8
4.68571
6.99048
10.9524
7.30476
7.32381
7.6381
4.38095
5.2
5.38095
6.34286
7.7619
8.10476
6.4
9.19048
5.33333
9.3619
4.52381
4.6381
4.33333
4.89524
7.66667
7.51429
6.25714
8.55238
6.42857
4.50476
4.2381
4.77143
4.35238
4.05714
6.47619
9.65714
14.181
4.59048
7.27619
7.12381
11.4476
7.52381
6.53333
12.7619
4.04762
13.0952
16.1714
11.6667
10.6857
4.52381
4.38095
4.06667
4.26667
12.5619
15.1905
9.57143
12.8952
5.68571
14.581
12.6571
13.6381
8.52381
13.1048
4.62857
11.0381
4.26667
9.84762
9.54286
8.13333
9.55238
6.68571
4.00952
7.52381
5.41905
4.64762
4.79048
4.34286
5.38095
7.6381
7.02857
13.219
4.46667
10.9714
13.0476
4.44762
9.50476
9.94286
7.87619
4.9619
5.05714
8.44762
7.06667
5.10476
4.7619
10.6952
7.32381
10.9048
13.4095
14.6952
6.45714
6.38095
6.27619
12.6857
9.13333
7.08571
7
5.24762
7.13333
10.1429
6.5619
6.4381
7.91429
22.1524
11.4
4.15238
5.69524
5.29524
7.9619
10.3333
4.69524
6.66667
4.41905
4.26667
7.7619
5.10476
8.25714
4.11429
12.2476
10.0762
4.32381
5.0381
6.46667
14.1238
4.74286
7.38095
7.30476
6.67619
8.66667
13.4095
10.4476
6.20952
6.11429
4.57143
4.84762
4.07619
6.18095
9.64762
7.80952
7.64762
8.75238
5.94286
5.28571
8.73333
8.32381
5.46667
5.92381
13.4476
5.57143
4.34286
6.60952
10.6857
7.48571
7.78095
4.09524
5.22857
4.64762
4.54286
9.6381
8.69524
4.32381
9.10476
7.64762
13.019
4.21905
4.1619
5.78095
4.25714
12.6762
9.70476
6.8
4.86667
4.11429
8.57143
5.89524
5.69524
4.6381
4.55238
7.67619
6.00952
4.17143
8.74286
8.1619
9.79048
6.64762
4.33333
9.60952
4.08571
11.3333
9.67619
11.7714
7.49524
8.33333
4.74286
10.0381
7.67619
10.3048
8.50476
10.781
7.06667
8.6
7.4
11.9524
13.4571
4.25714
6.91429
10.8381
5.89524
7.74286
6.52381
4.11429
7.07619
4.53333
7.64762
7.61905
5.31429
8.06667
6.3619
7.33333
4.15238
15.019
4.09524
4.61905
7.38095
7.70476
11.8381
4.41905
8.5619
9.6
11.581
13.4
4.1619
4.11429
9.30476
5.94286
8.51429
5.9619
4.9619
8.89524
13.5333
10.3333
10.8667
6.33333
11.0952
7.41905
9.73333
8.94286
7.97143
4.2
12.4286
5.37143
9.2381
10.0476
4.05714
4.08571
4
4.3619
4.66667
12.8667
7.2
7.00952
6.97143
5.91429
6.94286
8.77143
3.29524
3.70476
7.95238
8.09524
6.00952
5.53333
7.80952
3.69524
4.78095
3.00952
7.15238
9.73333
11.6476
5.61905
3.62857
3.3619
6.5619
3.29524
6.8381
3.06667
3.29524
3.12381
6.89524
6.82857
4.28571
9.35238
5.02857
5.94286
11.2667
7
4.6
3.14286
3.48571
5.54286
11.1238
4.6381
7.77143
4.97143
6.06667
5.29524
8.10476
3.18095
5.35238
9.1619
6.98095
11.7048
6.10476
5.52381
5.3619
5.74286
7.8381
10.619
5.28571
7.38095
5.38095
3.78095
3.26667
4.39048
6.21905
8.24762
3.12381
5.01905
8.20952
12
3.47619
8.68571
8.04762
3.08571
3.60952
3.04762
14.7048
6.10476
7.30476
11.6667
5.54286
5.89524
6.44762
8.60952
13.6286
9.45714
8.92381
9
13.819
5.51429
5.04762
6.38095
3.27619
3.25714
6.05714
4.21905
6.82857
3.07619
3.0381
3.49524
5.66667
6.35238
3.04762
5.66667
5.22857
3.19048
7.17143
7.85714
5.25714
3.30476
6.53333
11.6095
3.24762
3.5619
7.51429
10.5429
10.7143
3.1619
6.65714
4.84762
10.0571
3.12381
3.04762
5.27619
3.19048
4.12381
7.75238
5.14286
6.53333
5.79048
7.28571
3.80952
5.53333
4.57143
4.97143
6.34286
6.00952
5.69524
3.55238
8.20952
6.4381
5.6381
3.08571
3.29524
3.52381
5.60952
5.04762
3.19048
10.5714
7.45714
6.7619
3.68571
9.11429
3.02857
8.12381
3.53333
3.48571
5.20952
5.30476
3.24762
6.27619
5.30476
5.01905
4.46667
5.28571
5.66667
3.17143
3.47619
3.22857
13.1333
10.0667
5.25714
3.89524
5.87619
7.80952
8.10476
6.79048
7.69524
3.31429
11.9429
13.6476
3.77143
4.75238
8.53333
4.42857
9.2381
6.02857
6.98095
4.01905
7.18095
3.20952
5.11429
3.04762
3.33333
3.31429
8.79048
3.35238
4.90476
5.7619
3.32381
7.27619
24.781
5.8
4.25714
3.90476
7.53333
3.00952
6.54286
3.29524
7.09524
3.60952
8.14286
7.55238
5.91429
10.7524
6.08571
4.6
5.89524
5.29524
3.35238
5.66667
5.08571
8.2381
5.2
11.2286
7.18095
3.2
11.1714
3.86667
7.20952
3.53333
3.24762
6.74286
5.92381
6.27619
3.62857
5.75238
8.20952
8.65714
5.61905
4.92381
5.74286
7.00952
7.02857
8.66667
7.40952
3.31429
3.13333
9.95238
11.8476
7.1619
3.64762
10.6
4.71429
5.97143
3.20952
14.8381
3.11429
10.4952
3.20952
6.49524
5.93333
15.4286
3.31429
4.9619
3.04762
5.85714
8.81905
11.1524
3.61905
3.06667
13.7048
5.01905
3.10476
8.88571
7.78095
6.80952
8.34286
5.47619
8.75238
5.57143
7.34286
9.73333
11.4381
6.17143
7.80952
3.09524
3.44762
6.24762
6.31429
9.86667
6.00952
3.20952
3.32381
3.2381
3.13333
6.8
3.17143
8.46667
3.2
5.97143
6.31429
10.7619
4.44762
10.1143
7.40952
7.13333
3.02857
7.72381
8.88571
4.69524
4.54286
3.22857
5.4381
6.07619
5.8
8.78095
3.13333
9.33333
3.80952
3.49524
6.21905
3.58095
3.64762
11.3905
3.06667
3.13333
3.40952
3.2381
3.72381
3.32381
6.20952
3.65714
3.59048
3.24762
3.65714
3.71429
7.10476
6.13333
3.11429
6.68571
9.28571
3.30476
6.85714
11.0381
5.08571
7.52381
3.00952
10.5238
6.89524
3.45714
8.91429
4.2
5.15238
6.62857
3.19048
7.1619
5.42857
8.14286
6.66667
6.18095
10.3333
11.4095
3.06667
10.1238
4.22857
9.44762
13.2667
10.8667
6.77143
4.39048
5.88571
3.24762
3.32381
3.10476
6.69524
7.32381
3.46667
5.6381
3.19048
13.3619
7.28571
9.24762
7.21905
10.0952
13.6286
3.29524
6.29524
3.41905
5.29524
8.55238
7.33333
3.35238
7.18095
3.1619
5.49524
5.59048
7.00952
12.981
10.8095
8.02857
8.0381
38.2286
8.22857
6.4381
3.59048
3.22857
3.29524
4.27619
7.46667
9.2
7.92381
6.94286
8.65714
3.65714
8.9619
3.19048
3.80952
3.2381
3.17143
12.9429
3.51429
8.67619
5.42857
8.74286
6.18095
8.64762
5.28571
6.26667
5.15238
4.85714
3.01905
8.2381
8.53333
12.4667
3.3619
3.2381
6.33333
5.74286
8.27619
4.75238
5.17143
7.46667
9.34286
11.9048
3.88571
3.17143
5.32381
5.67619
3.37143
8.46667
3.12381
11.8286
7.26667
5.34286
3.6381
7.38095
3.2
5.92381
4.90476
3.30476
6.48571
6.12381
5.67619
5.65714
7.27619
6.57143
6.19048
3.72381
6.29524
7.58095
8.86667
6.15238
12.819
7.92381
3.74286
5.70476
3.2
8.6
4.71429
7.26667
3.06667
4.79048
5.09524
5.09524
3.07619
4.28571
3.04762
4.93333
5.44762
4.5619
6.97143
10.7048
5.24762
4.37143
4.90476
7.5619
5.2
3.28571
7.19048
5.07619
3.3619
4.82857
3.09524
3.1619
9.35238
9.3619
4.8381
5.17143
5.12381
10.9524
3.2
8.20952
5.79048
8.82857
7.78095
8.28571
4.65714
4.80952
6.8
4.74286
3.54286
13.2952
10.0762
9.28571
6.11429
6.33333
9.28571
10.5429
5.34286
8.19048
11.5524
5.15238
10.2667
8.70476
5.90476
6.12381
6.18095
3.08571
3.04762
10.7619
3.0381
3.05714
3.39048
9.68571
3.84762
7.09524
3.78095
4.97143
6.32381
3.37143
3.86667
5.93333
3.26667
5.44762
8.02857
3.04762
3.6381
5.06667
7.45714
3.05714
5.55238
5.04762
7.64762
3.18095
3.14286
3.2381
7.0381
3.20952
3.04762
4.04762
3.19048
3.90476
3.48571
5.02857
3.11429
7.8381
5.6381
10.5143
5.06667
7.57143
4.65714
5.74286
10.581
4.34286
3.0381
3.4381
3.41905
5.67619
4.65714
5.69524
9.20952
12.2
6.06667
3.04762
11.2
6.98095
6.34286
3.61905
3.26667
3.62857
3.10476
6.69524
7.2
10.9238
3.31429
9.1619
8.95238
9.87619
5.2
7.41905
5.81905
11.2381
10.2857
3.67619
4.74286
3.25714
6.07619
5.93333
5.47619
5.48571
7.75238
7.2
3.11429
5.74286
6.07619
3.27619
3.53333
6.4
8.9619
3.12381
13.8381
5.40952
8.24762
9.1619
8.32381
8.10476
3.12381
6.1619
3.55238
3.00952
3.21905
5.47619
9.91429
3.02857
7.32381
7.38095
3.62857
3.26667
3.14286
7.31429
7.27619
6.46667
4.33333
10.0857
3.07619
5.59048
4
7.08571
11.1619
5.6
4.79048
5.73333
6.11429
6.77143
3.45714
3.02857
6.54286
3.53333
5.30476
5.5619
3.33333
9.88571
5.69524
3.06667
3.21905
6.08571
3.18095
7.73333
9
3.08571
3.54286
3.10476
3.11429
6.72381
4.77143
5.09524
3.14286
8.98095
4.42857
7.53333
3.09524
6.29524
3.0381
3.4381
4.42857
6.92381
3.20952
3.21905
5.92381
6.51429
5.6
3.1619
4.8
5.04762
3.45714
3.22857
4.02857
11.6381
4.65714
3.91429
3.15238
5.73333
9.21905
5.18095
7.78095
3.77143
10.2952
3.47619
4.32381
9.7619
3.06667
8.27619
3.39048
6.90476
5.04762
3.84762
8.05714
3.14286
6
8.34286
3.49524
3.67619
3.21905
10.7238
7.88571
4.13333
3.14286
8.50476
3.21905
5.85714
5.8381
7.25714
3.19048
3.07619
5.24762
3.11429
3.27619
15.4476
3.0381
10.0857
3.51429
13.7238
3.73333
6.34286
7.13333
5.04762
3.01905
3.0381
3.26667
12.4
8.07619
6.22857
6.21905
3
6.19048
9.29524
3.0381
8.67619
10.1048
3.13333
9.64762
3.08571
6.89524
11.0286
6.47619
3.97143
6.25714
7.35238
6.5619
13.8667
8.92381
5.81905
3.38095
3.04762
3.29524
3.09524
5.35238
11.0476
3.04762
3.86667
3.09524
3.13333
3.19048
3.42857
6.69524
3.08571
3.01905
8.07619
3.27619
9.79048
9.12381
8.08571
9.81905
7.25714
3.10476
5.28571
3.02857
9.57143
6.01905
5.27619
3.1619
6.24762
5.93333
3.08571
3.54286
3.35238
7.00952
8.41905
3.01905
7.90476
3.10476
9.99048
8.15238
3
4.33333
5.73333
6.34286
7.44762
6.06667
6.54286
6.30476
3.09524
6.77143
8.19048
5.68571
3.01905
8.65714
5.68571
3.01905
3.22857
4.93333
4.5619
3.48571
3.22857
7.22857
10.0571
3
3.11429
9.20952
6.07619
5.70476
6.66667
8.19048
10.5905
7.88571
5.89524
9.8381
6.30476
3.38095
3.19048
3.10476
3.10476
9.7619
3.13333
3.24762
3.0381
6.6
9.09524
4.90476
10.8857
7.3619
5.52381
10.3524
5.32381
4.92381
6.4
3.01905
5.09524
4.78095
5.71429
5.74286
5.34286
9.47619
7.87619
5.55238
5.95238
8.01905
3.06667
5.00952
8.26667
3.17143
7.6
6.39048
10.1619
4.67619
9.37143
3.24762
6.53333
6.75238
7.07619
5.58095
4.52381
3.12381
3.44762
5.06667
13.5714
9.74286
3.4381
5.25714
5.82857
4.4
9.04762
8.29524
8.21905
8.87619
8.58095
9.67619
6.15238
10.7714
7.72381
3.21905
8.55238
8.58095
3.26667
9.84762
8.46667
7.61905
5.27619
5.10476
3.18095
11
9.68571
7.61905
3.11429
6.34286
3.48571
3.26667
5.77143
8.20952
3.37143
3.52381
9.04762
8.26667
11.0952
3.24762
3.32381
3.05714
5.57143
5.51429
3.11429
6.07619
3.74286
3.41905
3.05714
4.93333
5.13333
5.6381
7.59048
7.47619
7.13333
5.24762
16.8
3.30476
4.74286
8.49524
3.30476
3.24762
3.19048
7.9619
4.97143
3.99048
3.1619
4.6
3.25714
3.38095
4.4
5.45714
6.08571
3.17143
4.39048
5.86667
4.69524
3.25714
5.48571
7
8.65714
7.04762
6.3619
5.60952
5.28571
10.9905
5.4381
7.32381
3.39048
6.60952
3.10476
3.13333
5.09524
10.0381
5.2
3.12381
3.00952
3.26667
6.12381
3.46667
3.2381
8.69524
9.30476
7.45714
6.31429
3.30476
6.61905
5.53333
7.4
4.71429
8.09524
6.00952
5.14286
3.34286
9.88571
3.28571
5.33333
7.71429
6.26667
8.01905
6.01905
8.69524
8.82857
4.24762
5.20952
7.72381
5.64762
3.38095
5.90476
6.1619
8.47619
6.57143
3.22857
13.2
3.04762
3.22857
3.65714
3.04762
3.20952
7.88571
6.50476
5.62857
5.49524
4.25714
7.34286
11.6286
6.9619
9.7619
3.57143
3.79048
3.07619
6.15238
6.85714
8.55238
5.92381
3.50476
6.65714
3.42857
8.42857
5.91429
7.3619
3.00952
10.0571
9.2381
7.18095
4.07619
5.47619
9.42857
3.27619
3.15238
7.97143
4.66667
5.87619
6.7619
9.54286
3.05714
4.90476
12.8667
3.15238
6.04762
3.80952
3.22857
7.02857
9.06667
4.50476
5.6381
9.47619
4.97143
8.44762
6.46667
8.92381
3.55238
3.11429
3.04762
8.61905
3.5619
5.21905
6.00952
12.3714
3.26667
7.6381
5.95238
5.6381
3.31429
10.2667
16.181
8.18095
5.80952
7.28571
9.66667
6.38095
9.80952
10.8571
6.66667
6.74286
8.4381
7.15238
10.3143
5.93333
8.73333
9.34286
5.45714
8.53333
3.08571
5.69524
12.181
5.82857
9.71429
9.6381
6.13333
7.68571
15.0762
6.46667
3.39048
6.86667
8.82857
3.39048
5.3619
7.50476
9.06667
6.40952
5.40952
12.0667
3.21905
5.49524
3.06667
8.2
4.94286
3.28571
3.44762
7.9619
5.72381
7.66667
4.1619
13.4667
9.08571
6.37143
3.71429
6.33333
6.5619
3.2381
8.08571
5.42857
3.55238
5.73333
6.85714
3.30476
7.93333
5.15238
4.62857
5.79048
3.05714
8.1619
8.17143
9.77143
11.8095
3.2
3
5.46667
10.7143
4.27619
7.99048
3.42857
3.20952
8.9619
3.81905
3.51429
11.7714
5.99048
6.15238
12.6476
10.3429
6.5619
4.52381
7.84762
6.4381
13.0667
5.27619
4.98095
6.6
8.60952
7.50476
3.8381
5.0381
8.29524
7.6381
3.27619
5.0381
5.64762
3.24762
10.7238
3.44762
7.39048
9.05714
7.98095
11.1143
7.05714
3.58095
7.6381
5.6
5.57143
5.58095
8.89524
8.13333
5.08571
3.70476
3.27619
3.68571
3.25714
5.99048
7.44762
5.85714
3.09524
7.58095
3.05714
5.32381
3.38095
3.72381
3.66667
6.2
6.1619
8.29524
4.86667
3.3619
7.70476
3.10476
6.82857
3.13333
8.93333
12.8667
5.19048
3.1619
10.3905
9.61905
3.00952
3.25714
7.84762
9.66667
9.71429
3.37143
7.24762
3.08571
11.6286
5.82857
9.58095
6.55238
9.13333
3.73333
3.3619
7.87619
3.32381
7.8381
10.0952
6.20952
8.54286
5.48571
7.12381
6.59048
4.91429
3.2381
11.7714
7.3619
3.04762
6.9619
9.71429
3.0381
3.40952
5.35238
5.99048
3.10476
10.8952
8.11429
3.25714
5.29524
6.78095
6.26667
5.4381
6.64762
6.65714
3.32381
5.17143
7.04762
5.81905
5.01905
7.81905
3.2381
9.50476
6.38095
6.90476
5.1619
3.45714
9.62857
5.92381
3.66667
7.25714
11.2095
8.90476
3.2
5.66667
3.02857
8.26667
3.48571
7.70476
5.49524
6.8381
3.18095
7.3619
3.31429
9.4
3.40952
10.6667
6.89524
3.10476
3.04762
6.69524
3.45714
7.30476
11.581
5.30476
3.39048
3.2
6.82857
6.84762
7.10476
3.2
6.80952
3.17143
5.11429
15.7714
7.88571
9.55238
7.30476
5.05714
3.09524
5.18095
11.8381
3.28571
5.70476
3.0381
3.2
9.22857
5.75238
3.28571
4.31429
3.07619
8.52381
3.02857
6.25714
8.35238
4.80952
4.8
6.32381
9.07619
5.31429
8.57143
6.44762
3.10476
3.3619
3.28571
5.64762
6.3619
6.24762
3.12381
6.89524
7.18095
3.55238
3.1619
5.24762
3.35238
3.05714
3.26667
7.55238
7.25714
4.06667
3.08571
7.33333
6.57143
5.52381
3.14286
8.54286
9.02857
3.39048
3.10476
3.0381
6
3.26667
3.06667
9.04762
3.87619
3.04762
3.66667
10.4762
3.66667
3.01905
11.3905
3.4381
5.24762
6.51429
6.44762
4.46667
4.14286
5.01905
9.93333
6.8
6.81905
6.15238
6.91429
12.5619
7.30476
5.26667
7.51429
7.39048
5.74286
5.22857
3.54286
3.35238
5.92381
5.51429
5.80952
3.60952
3.44762
5.59048
6.49524
6.94286
4.24762
4.8381
5.31429
4.85714
7.7619
3.13333
3.3619
12.1048
7.20952
8.07619
7.4381
4.48571
6.45714
6.73333
3.30476
3.57143
5.90476
6.58095
3.24762
3.46667
5.48571
16.9905
6.4381
5.64762
13.5238
8.82857
5.2381
3
3.42857
3.52381
5.93333
5.38095
6.13333
3.11429
5.07619
4.78095
11.819
7.4
8.13333
6.26667
3.31429
3.08571
8.45714
6.25714
9.84762
11.5905
5.93333
6.37143
9.58095
6.4
6.82857
7.12381
3.31429
3.0381
3.30476
3.2
4.97143
3.07619
3.26667
10.8857
8.46667
7.38095
11.8286
4.86667
9.10476
3.20952
8.3619
9.89524
5.40952
5.32381
11.4381
7.24762
3.15238
4.82857
10.6667
14.4286
3.45714
5.70476
3.13333
7.01905
3.6
3.08571
5.91429
3.67619
6.10476
3.25714
6.22857
7.13333
3.34286
3.54286
3.01905
7.69524
5.68571
5.50476
3.5619
3.25714
3.46667
6.57143
4.54286
8.98095
5.28571
3.22857
11.4
6.68571
3.27619
11.5333
9.29524
5.42857
3.85714
9.57143
6.68571
6.48571
6.75238
8.70476
3.71429
4.3619
10.981
3.20952
6.20952
6.05714
6.78095
6.35238
4.89524
3.32381
8.86667
10.5333
3.29524
9.1619
3.8381
4.45714
8.12381
6.1619
8.15238
3.57143
3.9619
8.06667
8.27619
9.51429
8.75238
8.81905
3.6
3.09524
7.54286
3.18095
3.11429
4.72381
6.38095
10.5333
4.18095
9.93333
3.73333
4.29524
6.61905
5.20952
4.30476
6.94286
5.72381
7.64762
6.45714
5.92381
3.06667
6.02857
13.1619
3.17143
9.34286
8.24762
3.42857
10.3048
8.51429
6.5619
7.45714
3.64762
9.51429
3.34286
5.05714
8.89524
5.08571
3.06667
6.31429
11.8667
5.86667
8.99048
5.87619
4.8381
9.47619
3.10476
4.55238
3.4
5.52381
3.0381
11.4857
3.12381
7.20952
3.20952
3.10476
3.29524
6.1619
5.86667
5.44762
9.09524
4.72381
6.3619
4.86667
8.61905
6.35238
4.91429
6.17143
10.8857
6.38095
3.01905
4.78095
9.6381
3.52381
5.44762
6.22857
3.2381
4.74286
6.40952
8.90476
3.9619
6.87619
3.10476
5.29524
11.419
5.62857
3.09524
9.57143
3.52381
3.51429
5.71429
3.4381
9.87619
5.26667
3.33333
3.07619
7.8
8.27619
5.39048
6.08571
5.28571
11.181
3.52381
3.52381
3.22857
4.09524
5.9619
3.05714
8.19048
5.51429
3.46667
3.28571
3.21905
11.5619
4.49524
4.72381
3.14286
3.77143
10.7905
5.00952
3.1619
6.17143
3.26667
3.47619
11.1714
3.12381
8.02857
5.08571
9.2
9.45714
5.77143
6.75238
5.64762
13.4857
8.95238
3.21905
6.55238
3.60952
9.80952
5.46667
3.29524
6.11429
10.7905
3.2
12.5048
7.07619
7.19048
3.04762
5.06667
3.58095
4.74286
10.5048
7.35238
6.37143
8.89524
3.2
6.11429
3.19048
8.46667
10.7143
3.4381
3
3.64762
7.29524
6.29524
12.7238
8.30476
11.8857
10.1333
3.49524
5.48571
10.019
4.93333
10.2095
7.05714
11.1429
7.38095
3.44762
4.58095
5.8
5.31429
4.92381
6.55238
5.1619
5.79048
7.57143
3.12381
3.26667
10.5333
9.53333
3.2
10.6476
3.07619
9.89524
4.05714
6.04762
5.57143
6.85714
6.6
8.80952
6.2381
5.75238
3.12381
9.05714
8.49524
7.47619
8.01905
8.62857
8.67619
9.57143
3.08571
8.90476
5.99048
11.1619
3.79048
3.55238
4.27619
6.68571
4.99048
5.52381
5.71429
6.7619
3.13333
3.71429
5.45714
5.8381
8.97143
3.06667
9.7619
7.10476
7.68571
9.2
5.82857
3.44762
3.08571
6.14286
3.4381
6.53333
3.07619
9.2
6.46667
3.11429
3.01905
3.31429
4.73333
3.2
6.28571
11.6857
9.55238
5.8381
9.82857
5.98095
6.31429
5.27619
6.90476
6.00952
9.6
6.2
5.69524
7.82857
3.27619
5.6381
4.73333
8.75238
7.98095
3.12381
3.26667
9.20952
5.07619
3.46667
3.38095
3.0381
7.57143
3.10476
6.50476
3.37143
4.45714
3.2
7.19048
3.15238
4.94286
8.79048
3.74286
3.54286
8.67619
6.06667
5.10476
7.3619
9.38095
6.98095
5.88571
7.1619
6.90476
3.15238
4.78095
4.84762
3.8381
3.27619
9.49524
5.72381
4.49524
3.09524
8.68571
7.29524
9.61905
5.98095
7.02857
8.50476
12.6286
4.80952
5.3619
3.48571
8
7.50476
7.55238
3.30476
3.05714
5.4381
6.8
3.29524
3.48571
11.6952
8.28571
9.4
5.90476
3.04762
7.91429
3.04762
4.31429
5.4
13.1048
6.8
5.21905
3.33333
10.5905
5.55238
5.59048
9.2381
4.90476
8.13333
3.58095
11.7524
3.09524
7.67619
3.28571
6.99048
4.2
7.51429
3.4
8.46667
3.52381
9.06667
3.06667
10.781
6.37143
3.28571
5.1619
8.94286
7.91429
3.90476
3.09524
8.81905
3.55238
5.22857
6.52381
5.2381
3.19048
4.01905
7.60952
6.27619
9.4
3.50476
4.97143
3.21905
6.92381
4.92381
5.33333
14.5714
9.61905
8.74286
3.25714
4.67619
3.46667
9.28571
3.27619
3.13333
9.62857
3.37143
3.29524
7.2381
8.78095
3.4381
3.26667
3.00952
7.38095
3.2381
3.69524
7.81905
5.54286
6.47619
4.99048
5.5619
3.5619
3.19048
5.64762
4.95238
5.09524
10.3238
6.3619
4.32381
4.59048
5.74286
3.40952
11.3429
7.54286
6.51429
6.05714
3.29524
3.13333
3.33333
8.85714
3.0381
22.619
3.67619
6.08571
8.33333
5.88571
3.00952
8.50476
3.29524
5.85714
3.58095
7.58095
8.21905
5.51429
3.21905
5.4
3.07619
3.32381
5.29524
7.75238
3.24762
6.61905
3.57143
5.81905
3.26667
4.87619
7.65714
9.4
7.53333
5.52381
5.72381
3.33333
4.55238
6.21905
3.08571
5.3619
5.22857
8.27619
12.9524
5.28571
9.68571
8.02857
3.34286
4.39048
5.5619
8.65714
3.4
8.18095
6.67619
4.01905
11.1905
8.71429
3.20952
3.1619
7.37143
3.28571
6.67619
3.66667
3.33333
6.61905
5.45714
6.32381
6.09524
8.8381
8.02857
6.04762
13.2095
3.12381
4.84762
5.48571
8.70476
3.08571
7.37143
5.8381
5.42857
4.86667
4.87619
7.1619
10.8571
4.48571
6.26667
4.05714
10.381
9.15238
6.26667
9.0381
9.33333
5.54286
3.19048
3.05714
9.42857
10.1524
9.13333
5.11429
5.31429
6.53333
6.18095
4.65714
3.26667
3.17143
6.69524
12.4857
3.34286
3.32381
3.53333
3.00952
3.29524
8.6381
3.48571
6.4381
6.93333
7.60952
8.51429
5.48571
4.41905
8.46667
6.90476
3.10476
3.08571
6.90476
3.30476
3.40952
8.88571
5.39048
7.82857
3.25714
4.10476
5.79048
3.30476
5.88571
3.8381
9.59048
3.32381
10.0762
5.61905
7.22857
8.20952
5.69524
3.24762
6.49524
3.07619
6.51429
9.01905
7.50476
4.7619
3.04762
13.0095
8.95238
3.10476
3.17143
3.35238
5.30476
5.86667
4.70476
3.13333
4.81905
7.49524
10.4667
8.35238
5.39048
3.21905
5.15238
5.6381
8.35238
4.57143
8.88571
7.00952
8.34286
10.5619
8.41905
5.50476
8.45714
8.21905
5.93333
5.26667
10.0667
10.2762
6.44762
7.62857
5.91429
7.00952
4.39048
6.87619
6.19048
5.35238
10.1333
9.73333
7.6381
5.50476
7.39048
5.01905
6.10476
5.04762
4.65714
4.8381
4.87619
12.4857
7.81905
4.33333
3.81905
6.46667
7.8381
12.1429
6.08571
7.8381
9.77143
5.1619
6.41905
5.79048
5.22857
8.34286
6.08571
4.93333
3.14286
3.10476
3.10476
11.9143
6.14286
3.41905
6.8381
3.28571
5.11429
9.14286
8.6381
8.77143
5.98095
4.69524
4.59048
3.07619
7.35238
5.61905
6.58095
10.4571
5.32381
6.1619
5.01905
3.41905
7.21905
3.21905
4.15238
3.11429
6.11429
3.60952
7.47619
3.55238
3.64762
3.24762
3
3.10476
3.20952
3.21905
6.4
3.55238
9.88571
7.40952
7.6381
7.21905
9.9619
9.26667
10.7333
7.86667
12.1619
14.019
3.57143
6.68571
9
4.17143
5.80952
3.33333
6.28571
9
12.6
3.25714
7.87619
3.00952
9.04762
7.62857
3.11429
8.2381
3.0381
5.93333
4.90476
8.59048
8.94286
5.70476
5.4
8.05714
3.09524
3.48571
6.27619
6.75238
6.1619
4.77143
3.67619
11.8667
4.90476
13.6286
9.38095
3.07619
5.14286
12.9619
7.12381
4.6381
5.04762
6.38095
11.2476
5.81905
3.51429
5.30476
9
7.24762
12.5619
6.77143
6.97143
9.11429
12.2571
5.01905
6.68571
7.67619
3.15238
3.17143
5.06667
3.33333
6.64762
4.1619
5.81905
9.02857
5.59048
3.02857
5.42857
3.09524
7.79048
9.39048
6.37143
3.13333
3.00952
3.18095
8.33333
5.42857
12.5143
7.06667
3.13333
3.10476
7.65714
8.33333
9.35238
5.95238
5.28571
3.1619
3.14286
6.3619
5.26667
3.26667
3.28571
3.06667
5.59048
3.35238
3.95238
5.29524
8.6
8.80952
5.77143
5.86667
3.45714
4.49524
3.06667
5.81905
10.2762
9.3619
5.92381
6.64762
3.41905
3.15238
4.74286
5.45714
11.0286
12.4095
3.42857
5.87619
8.93333
9.97143
6.29524
5.78095
6.81905
4.18095
7.22857
8.86667
3.32381
9.15238
3.32381
3.41905
7.29524
5.8
4.21905
3.02857
6.53333
8.34286
3.07619
5.8
3.26667
6.15238
3.40952
5.87619
13.2
11.0571
3.52381
8.22857
5.05714
6.54286
5.9619
5.79048
7.95238
8.15238
2.2
7
5.18095
4.02857
2
2.14286
2.24762
3.66667
2.32381
2.2
4.38095
3.54286
2.0381
4.72381
2.27619
4.88571
2.1619
4.29524
7.01905
2.06667
3.88571
2.62857
2.6
2.30476
2.1619
4.2381
5.60952
2.01905
12.0286
2.55238
2.01905
2.11429
2.61905
5.00952
2.24762
2.15238
3.6381
2.19048
2.2
2.24762
4.50476
2.26667
2.01905
4.42857
2.18095
2
4.30476
6.8381
4.52381
4.09524
2.08571
2.02857
7.17143
2.02857
4.65714
2.13333
6.4
2.34286
2.20952
2.31429
4.87619
2.09524
2.04762
7
2.88571
9.70476
28.6571
3.75238
9.08571
3.57143
3.8381
2
6.53333
10.1048
2.3619
2.01905
3.05714
2.15238
2.02857
3.79048
2.2381
2.01905
5.1619
2.04762
2
2.6
4.05714
2.29524
7.40952
8.47619
8.6381
8.80952
7.22857
2.00952
6.46667
2.0381
3.93333
4.44762
6.59048
12.1143
2
4.25714
2.28571
5.10476
3.41905
2.35238
2.8381
6.17143
2
2.18095
4.40952
4.44762
2.07619
2.00952
2.04762
2.07619
2.34286
2.98095
5.77143
4.5619
2.08571
2.02857
5.17143
5.46667
5.85714
2.59048
2.46667
5.47619
6.21905
1.06667
3.35238
1
5.2
6.51429
1.33333
3.61905
2.06667
1
1.01905
1.10476
4.32381
3.9619
1.22857
4.55238
1.48571
1.78095
1
1.00952
5.82857
3.08571
1.18095
1.0381
2.60952
4.20952
1.82857
6.60952
1
1.18095
1
1.19048
1.01905
1.01905
1.73333
7.71429
1.09524
1.17143
1.12381
1.01905
3.67619
1.2
4.32381
8.70476
3.25714
1
1.10476
6.91429
1.11429
1
1.05714
1.14286
4.8
4.99048
1.12381
1.21905
4.89524
1.17143
1.11429
1.02857
5.15238
2.78095
1.87619
2.84762
1
1.12381
1.02857
1
5.26667
5.57143
1.09524
3.32381
3.22857
1.09524
1.19048
1.15238
1
1.90476
1.06667
1
1
1.06667
4.34286
1.08571
1
1.06667
1.20952
1.4
1.01905
1
7
1
1.15238
5.88571
6.92381
3.30476
6.4
1
5.86667
1
1.08571
3.90476
6.50476
1.09524
1.0381
5.9619
1.13333
1.01905
5.45714
1.00952
1.07619
1
1.12381
4.24762
4.85714
1
4.73333
1.01905
1.08571
6.72381
1
4.30476
1.38095
1
1.04762
6.05714
1.01905
2.74286
7.07619
1.08571
1.2381
1
1.07619
3.00952
1.24762
1.10476
2.31429
1.27619
1.22857
4.97143
1.09524
4.02857
1
3.85714
1.1619
1.64762
1.59048
5.85714
3.85714
2.2381
1.01905
4.99048
4.78095
5.45714
1.34286
1
1.01905
1
1
1.09524
1.60952
1.11429
1.2381
4.05714
5.4
1.12381
1.75238
1.0381
3.72381
6.18095
1
1
1.12381
3.82857
5.2381
3.69524
1.15238
4.78095
1
1.3619
1
1
1.04762
1.00952
1.04762
1.11429
4.82857
3.8
4.71429
1
1.27619
1
1.1619
4.30476
4.45714
3.33333
1.01905
4.0381
1
4.74286
6.22857
1
1.15238
1
2.54286
1.0381
1
4.69524
4.49524
1
1.00952
1.13333
1.24762
2.45714
1.95238
6.69524
1.06667
2.55238
5.32381
1.05714
1.22857
1.04762
1
3.7619
1
1.41905
1.22857
1.10476
1.44762
1.04762
1.85714
1.02857
3.28571
1.18095
1
1.05714
1.90476
2.44762
1.25714
1.41905
1.86667
1.41905
1.01905
4.11429
1.00952
1.67619
1.0381
1
1.4
1
1
6.53333
1
1.13333
1
1.1619
1.00952
1
1.37143
1.11429
1
1.02857
1.01905
1.1619
1.2
1
6.92381
1.15238
1
1.00952
4.2381
7.77143
1.12381
1.01905
1
6.22857
1.0381
5.29524
5.87619
1.3619
3.6
1.01905
1.37143
1
1.00952
2.45714
4.82857
1.07619
1.11429
1.01905
4.4
1.01905
2.7619
1.0381
4.25714
5.81905
4.14286
4.2381
7.87619
4.72381
5.60952
1.0381
1
1.89524
3.99048
1.10476
1.12381
1.0381
1.12381
1
1
4.26667
3.09524
1.27619
1.31429
7.34286
4.18095
1.01905
1
4.4
1
1.21905
1
3.77143
1.02857
1.20952
4.58095
6.64762
1
6.69524
5.39048
1.05714
5.13333
5.39048
1.14286
7.80952
3.60952
5.7619
2.35238
1.19048
1.14286
1.24762
5.85714
1.09524
1
2.86667
1
1.14286
1.61905
1.14286
1.00952
1
1.41905
5.0381
4.6381
1.18095
5.65714
3.45714
1.14286
1.00952
1
1.0381
1.12381
1
2.11429
1.3619
3.52381
5.86667
5.89524
5.62857
1.10476
1
1.1619
4.4381
1.50476
1
1.5619
4.97143
1
2.92381
4.5619
4.02857
4.81905
1
3.30476
1.02857
5.02857
2.52381
1.25714
3.31429
2.62857
4.74286
4.60952
1
1
3.64762
1
1.08571
1.20952
3.60952
4.80952
1.12381
1.11429
1
1
1.34286
4.85714
6.64762
3.94286
1
1.08571
1.07619
1
4.46667
2.51429
3.5619
4.9619
1.11429
1.10476
6.61905
1
1.01905
1.14286
1.09524
1.05714
7.26667
3.95238
5.5619
1.25714
5.26667
1
4.65714
3.6
1.34286
4.78095
7.44762
4.77143
1.02857
1.10476
1
1.00952
1.2381
1.12381
1.38095
4.6381
1
1
4.11429
1.24762
1.10476
1.08571
1.21905
1
4.78095
1
1.01905
1.2381
1.2381
1.06667
5.6
1
1
4.93333
7.30476
1.13333
1.0381
1.09524
1.05714
1.06667
5.73333
2.64762
5.27619
1.24762
1
5.2381
1.85714
1.0381
5.26667
4.31429
1.09524
3.3619
1.00952
1.04762
1.11429
1.82857
1
1.26667
3.75238
1.14286
1.06667
5.53333
1
1.06667
5.19048
1.07619
4.17143
1.1619
1.14286
1.11429
1.04762
1
4.2
2.1619
3.54286
4.61905
3.59048
1.11429
1.54286
6.42857
1.01905
1.00952
6.24762
4.24762
1.02857
1
5.61905
3.99048
1.00952
4.47619
5.00952
1.02857
5.50476
1.02857
1.65714
1
1
1.00952
1.00952
1.06667
1.04762
2.4381
1.35238
1.19048
1.07619
4.2381
2.93333
1
1.14286
1.00952
1.17143
1.12381
1.09524
5.07619
1.31429
1.29524
1.25714
1.0381
6.64762
5.11429
7.07619
5.4381
1.09524
1.05714
8.6381
1.17143
3.49524
1.24762
4.26667
3.4381
6.97143
1.00952
3.88571
1.00952
1
1.62857
1.01905
1.58095
5.25714
1.04762
1.04762
1
7.19048
1
1.18095
1
1.01905
7.2381
1.28571
1.88571
1.22857
1.07619
1.1619
5.2381
1.10476
1.01905
1.08571
1.00952
1.01905
1.10476
5.27619
1.39048
5.25714
1.09524
2.57143
1.13333
4.42857
1.11429
3.66667
4.01905
5.97143
1
1.17143
1.58095
3.98095
1.0381
1.17143
1.21905
1
1.17143
1.04762
4.8381
1.0381
1
1.1619
1
3.1619
1.01905
6.74286
1.10476
1
1.25714
1
1.51429
4.28571
1.7619
1.37143
1
1.09524
1.00952
6.68571
1
4.18095
6.22857
1.07619
4.74286
1.04762
1
1.44762
3.46667
1.09524
1
1
1.00952
1.18095
9.41905
1
6.00952
1.02857
4.17143
1
1.14286
1
1.01905
1
3.28571
6.44762
1.24762
1.15238
1.48571
1
4.92381
5.47619
1.0381
2.06667
4.44762
1.02857
1
1
1.18095
1.58095
1
4.39048
1.05714
6.35238
3.77143
5.46667
1.14286
1.00952
5.2
1.18095
7.79048
1.15238
1
7.37143
1
2.09524
1.22857
5.15238
5.8
1
1
4.12381
5.49524
1.08571
1.02857
1
1
6.57143
1.1619
5.60952
3.19048
1.0381
1.00952
1
5.88571
1.05714
1.3619
5.89524
1.21905
1.10476
6.64762
1.00952
6.08571
1.47619
1.01905
1.06667
1.07619
5.07619
1.08571
4.34286
4.18095
4.07619
7.4381
2.69524
1.00952
1.17143
1.01905
1.00952
2.41905
1
1
3.64762
1.12381
3.00952
4.70476
1
1.26667
1.22857
1.07619
1.12381
3.97143
1.19048
4.12381
4.35238
1.14286
1.18095
7.35238
6.40952
4.47619
1.00952
1.00952
1.68571
1.04762
1
1
4.05714
1.02857
6.88571
1.02857
1.37143
1.22857
1
2.21905
4.51429
1.12381
1.13333
1
1
4.30476
1.18095
1.20952
1.05714
1.0381
1.05714
1
1.14286
1.30476
5.00952
1.12381
4.12381
1.12381
4.25714
1.1619
1
1
4.59048
1
1.10476
1.58095
1
4.10476
1.00952
1.09524
1.08571
3.22857
5.05714
2.26667
1.06667
3.86667
2.77143
1.1619
1.08571
1.90476
6.39048
1.22857
1.01905
1
1.02857
4.65714
1.01905
3.10476
1
1.02857
1
1.1619
5.31429
3.08571
1
1.47619
1.01905
1.00952
1.84762
1
1.1619
6.13333
1.01905
1
1.0381
1
4.33333
1
1.17143
1.14286
3.8381
1.20952
1.86667
5.38095
1.1619
1.09524
1.32381
1.09524
1.0381
2.73333
3.64762
1
1
1.08571
6.28571
1.06667
6.22857
1.00952
1.00952
3.75238
1
1.02857
1.1619
1.0381
1
1.05714
1.5619
1.09524
3.75238
2.55238
5.49524
3.05714
4.60952
1.0381
1.09524
1
1.00952
2.65714
5.74286
1.39048
1.2381
3.33333
1.1619
1
2.6381
1.19048
1.37143
6.94286
1.27619
1
1
1.14286
1.21905
1
6.29524
4.10476
1.09524
1.18095
1.02857
1.01905
2.98095
1.04762
6.30476
7.18095
6.5619
1
1.1619
2.45714
1.11429
4.60952
1.04762
1
1
4.27619
4.29524
1.21905
1
2.19048
1.59048
1.04762
4.9619
1
1.15238
1.06667
1.0381
5.77143
2.4381
5.4381
3.69524
1.15238
1.17143
4.48571
1
6.48571
1.18095
4.11429
1.11429
1
4.05714
1.08571
1.05714
1.24762
1.0381
1.12381
1.00952
5.17143
6.67619
3.02857
1.17143
6.7619
1
1.02857
1.00952
1.00952
6.05714
1.22857
8.44762
1.68571
4.17143
3.8381
4.57143
1.01905
1.17143
4.07619
1.00952
6.78095
1.1619
1
1
1.04762
5.24762
1.02857
1.06667
5.4
1.32381
1.13333
4.77143
1.07619
1.07619
1.15238
1
5.6381
6.87619
4.98095
1.00952
1
1
1.02857
5.72381
1.41905
4.60952
1.00952
1.57143
4.15238
1.97143
1
1.0381
1.1619
4.54286
4.53333
6.05714
1.05714
1
3.85714
1.21905
2.72381
1.05714
1.00952
1.2381
1.15238
1
4.75238
1
4.28571
1.07619
4.25714
2.30476
2.08571
2.75238
1.02857
1
1
1.32381
4.12381
5.94286
3.58095
8.86667
1
1
1.61905
1.62857
4.68571
1.02857
6.00952
1.09524
1
1.01905
5.82857
1
1.21905
7.82857
7.0381
4.5619
1.18095
3.84762
1
3.00952
1.09524
1
1.12381
1.13333
2.67619
1
6.6
1.06667
3.40952
1.02857
1.02857
5.93333
1
1
4.8
4.41905
5.49524
1.24762
1.20952
1.21905
1.07619
1.06667
1
1.26667
3.21905
3.32381
1.2381
1
1.01905
1.05714
1.08571
1.13333
3.13333
1.0381
3.40952
4.6381
1.09524
5.87619
1
1.08571
1
1.02857
1.17143
1
1.25714
1.02857
1.0381
1
2.2381
1.12381
1.07619
1.09524
1.01905
6.66667
5.75238
2.2381
1.00952
1.20952
1
1.62857
1.0381
1.01905
1.14286
1.20952
1.2381
1.00952
1.15238
1.22857
1
4.79048
8.46667
1.20952
4.57143
1.31429
3.93333
3.95238
1.30476
1
1
1.1619
1
1.06667
1.2381
1.0381
1.01905
1.00952
1.1619
1.20952
1
1.04762
1.01905
3.95238
4.28571
1.18095
1
1.04762
1
5.15238
5.20952
1.02857
1.86667
1.05714
3.2381
3.58095
1.01905
7.10476
1
5.26667
3.8381
3.89524
1.11429
6.2381
1
1.01905
3.42857
1.09524
7.4
1
7.47619
2.25714
1.00952
7.64762
6.84762
1.2381
5.82857
1.01905
1.0381
1.1619
3.35238
7.88571
1.38095
6.10476
1.70476
4.17143
5.29524
5.25714
1.00952
4.59048
2.01905
1
1.1619
1.25714
6.3619
1.15238
5.4381
5.86667
3.97143
3.61905
1
3.61905
3.84762
1.10476
1.15238
4.78095
1.19048
1.05714
1
1.04762
1.92381
4.6
1.30476
1.05714
6.5619
1.00952
4.33333
3.82857
1.05714
1.24762
5.77143
1.02857
1.01905
1.22857
4.99048
1.00952
1.85714
5.64762
7.49524
1
1
1.09524
1.12381
4.85714
1.07619
6.11429
1.01905
1.06667
6.68571
1.10476
1.05714
1
1.91429
4.61905
5.12381
4.02857
1.12381
5.37143
1.2381
1.14286
1
4.61905
1.14286
1.32381
1.19048
6.65714
4.53333
5.89524
1.0381
1.15238
1.8
1.07619
1
1
1
4.45714
1.00952
2.30476
1.2
1
4.04762
1
1.14286
4.77143
1.48571
1
1.01905
1
1
6.65714
1.01905
1
1.01905
1.10476
2.92381
1.08571
1.29524
2.77143
2.77143
1.13333
1.10476
1.26667
1
7.0381
4
4.06667
1
1.19048
3.54286
2.94286
1.09524
1
2.62857
1.07619
4.98095
3.13333
1.20952
1.98095
1.44762
4.11429
5.8
1.62857
4.82857
5.66667
2.67619
8.64762
1
1.78095
12.5524
2.10476
4.2
1
6.12381
1.01905
1
1.2381
6.74286
1.00952
1.04762
1.64762
2.19048
1.4
1.22857
1.18095
1
4.10476
4.90476
2.65714
4.77143
1.29524
4.57143
1.44762
1.17143
1.38095
3.98095
3.79048
4.12381
2.99048
6.61905
1.17143
1.00952
4.58095
4.00952
5.6381
1.08571
4.06667
1.14286
1.00952
1.15238
1.0381
1.04762
1.07619
1.1619
2.90476
1.01905
1.00952
1.00952
1.01905
1.10476
1
1
1.10476
1.13333
1
1
1.07619
6.21905
1.0381
1.07619
1
3.81905
1.06667
1
1.07619
4.42857
4.60952
1.22857
1.08571
5.4381
2.78095
2.8381
1.15238
1.00952
3.40952
1.13333
1.4
1
1
8.07619
6.29524
4.95238
1.06667
3.19048
1
5.22857
1.00952
6.34286
4.48571
4.04762
5.02857
3.6
2.14286
1.0381
3.14286
7.81905
4.72381
1.07619
2.7619
1.89524
1.04762
1.0381
1
3.80952
1.02857
4.00952
4.17143
1.13333
1.42857
1.29524
1.64762
1.0381
6.6
1.01905
1.1619
1
3.6
4.37143
1.08571
1.1619
5.2381
1
1
6.06667
3.40952
1
1.11429
1
1.00952
4.3619
3.55238
3.53333
4.40952
1.02857
1.4381
3.69524
1
1.01905
4.53333
1.0381
6.64762
4.0381
1.05714
1
1
4.49524
5.07619
1.11429
1.00952
1.17143
4.18095
1.11429
5.82857
1
1.1619
1.01905
1.20952
1.35238
1.14286
1.2
1.17143
1
1.01905
1
1
2.66667
1.00952
4.52381
1.9619
1
1
1
1.11429
1.00952
9.95238
1.08571
1.0381
5.30476
1.00952
4.80952
1.07619
3.25714
1.8381
1
1.14286
1.12381
1
3.01905
1.06667
1.93333
4.47619
1
1.06667
1.05714
1
1
1.11429
1
5.5619
6.02857
3.7619
1.00952
1.19048
1
2.27619
7.86667
3.49524
1.09524
4.21905
5.5619
1.35238
1
1.12381
4.86667
1.44762
2.02857
1
1
1.09524
1.20952
6.04762
1.13333
1.59048
2.45714
1.01905
1.05714
3.27619
1
1.2381
1.01905
3.8
1.0381
1.22857
6.4
1
1
1.04762
7.37143
5.40952
1.13333
1.01905
2.42857
1.00952
1.00952
5.49524
1
1.47619
7.28571
1.13333
8.01905
6.25714
3.22857
1.19048
1.6
1.14286
1
1.07619
3.7619
1.33333
1.00952
1.15238
4.48571
1
1
1.0381
4.11429
1.00952
1
1
1.02857
1
1.20952
7.84762
4.72381
1
1.2381
4.99048
4.8381
1.13333
5.0381
1
1.10476
6.6381
4.50476
1.20952
1.4381
4.82857
1.71429
1
5.24762
3.3619
1.4381
6.6
1.06667
5.22857
1
4.74286
1.0381
1
3.94286
1
6.84762
5.1619
1.89524
1
1.04762
1
1.02857
1.22857
1.01905
1.05714
3.51429
5.10476
6.27619
4.91429
1
1
2.80952
5.85714
5.29524
1
1.15238
1.27619
1
3.20952
1.01905
1.32381
1.08571
1.06667
1.58095
1
3.92381
1
5.95238
5.37143
1
1
3.46667
6.18095
1.01905
8.50476
1.02857
1.32381
3.24762
5.45714
2.4381
6.42857
1.19048
1.00952
1.00952
1.20952
3.46667
3.90476
6.13333
1.04762
4.84762
6.53333
1.15238
1.01905
6.4
6.39048
1.09524
2.4381
1.35238
2.40952
4.78095
3.69524
1
1.14286
1.13333
5.91429
1.92381
1.08571
4.44762
1
4.39048
1.27619
5.40952
1.19048
1.13333
1.02857
3.81905
8.7619
1.28571
1
1.04762
1
7.75238
1.19048
1.2
1.14286
4.33333
5.65714
4.39048
1.05714
1.19048
1.1619
4.25714
6.00952
1.01905
1.29524
8.60952
7.80952
3.15238
1.14286
3.99048
1
1.10476
5.14286
1.32381
1.01905
2.94286
1.19048
1
1.0381
1
2.75238
4.41905
1.54286
1
1
1.55238
1.4381
4.77143
8.81905
3.75238
1.47619
1.00952
1.11429
5.97143
6.17143
5.65714
2.94286
1.09524
3.49524
1.12381
3.71429
5.17143
5.73333
1.1619
3.97143
1.02857
1.00952
1.2381
3.46667
1
1.01905
1
1.01905
1
5.05714
1.15238
1.20952
3.62857
6.51429
6.6381
6.58095
1
1.01905
1.19048
1.15238
1.78095
5.27619
1.20952
1
3.87619
1
1.02857
7.62857
2.77143
1.1619
1
5.17143
6.89524
2.68571
3.53333
1.10476
1
1
1.10476
1.18095
1.01905
1.00952
1.0381
1.19048
1
1.17143
2.27619
4.27619
1.0381
1.35238
1.11429
5.12381
1.01905
1.08571
2.95238
3.9619
1.28571
1
1.05714
6.25714
1.01905
1
4.57143
1
1.12381
1.47619
1.2
1.24762
1.04762
6.51429
1.2
1.05714
1.20952
5.80952
6.19048
1.19048
1
1.09524
5.60952
3.92381
1
5.67619
2.07619
1.12381
1.2
1.04762
5.01905
4.4
1.06667
3.71429
1.01905
1
1.1619
1
7
3.34286
1.08571
1.20952
4.71429
1.02857
7.84762
9.3619
1
3.57143
1.20952
1.14286
1.05714
1.42857
1.22857
1.06667
1.00952
6.12381
1.02857
1.01905
1.28571
1.0381
1.05714
6.40952
1.05714
1.13333
5.02857
5.45714
1.07619
3.71429
1.07619
3.13333
1.11429
3.85714
4.02857
1.0381
2.7619
1.01905
6.29524
1.04762
1.01905
1.19048
5.46667
1.00952
4.02857
1.17143
3.72381
3.33333
1.15238
4.82857
1
1.30476
4.66667
1.06667
4.20952
7.00952
1.00952
1.11429
5
1.17143
1.15238
4.69524
1.07619
1
3.9619
4.13333
1
1.30476
5.15238
6.71429
3.99048
3.85714
1.2381
4.17143
1.4381
4.29524
1.12381
1.01905
9.52381
7.44762
1
1
3.50476
1
1.01905
1.09524
3.57143
1.2381
6.50476
1
4
1.17143
4.92381
1
2.19048
1.13333
4.86667
1.07619
1.04762
1.17143
1.21905
2.20952
1
8.00952
5.22857
1.08571
4.47619
1.2
1
1.0381
1
1.30476
4.54286
4.66667
4.95238
1
1
1
1.38095
1.4381
1.00952
5.48571
1.09524
4.29524
1
1.2381
4.91429
3.5619
1.2
1.14286
3.26667
1.05714
1.01905
5.37143
1.13333
1.10476
1
1.22857
1
1.02857
6.26667
1
3.60952
4.30476
1.11429
1
1.13333
4.40952
1.8
5.47619
4.27619
3.71429
1.22857
4.28571
1.59048
4.8
6.94286
6.24762
1
4.54286
2.2
5.17143
1.06667
4.81905
1.75238
1
1
1.2381
1
1.09524
4.74286
1
1.08571
1.21905
2.14286
1.00952
1
1
1.04762
1
1.0381
1.00952
1.0381
1.09524
1.00952
5.06667
1
1
