10876 34740
15.2095
10.2571
4.8381
11.2667
7.61905
11.1333
12.0095
7.66667
10.9333
13.6095
14.581
6.2
13.3143
7.87619
15.9619
8.90476
9.15238
10.4381
7.02857
17.4286
16.019
8.49524
5.35238
11.9333
7.10476
13.4857
14.1905
4.28571
4.21905
5.55238
5.5619
7.10476
9.91429
10.3238
6.99048
5.71429
11.2667
10.8476
15.0762
9.80952
4.21905
14.8095
17.9619
12.4095
6.47619
11.619
15.8952
12.7714
4.68571
12.5429
9.09524
10.8
12.1714
7.90476
8.99048
15.6857
7.4
11.1048
11.3333
11.381
13.3429
11.5143
16.6
11.8095
8.24762
11.3524
7.28571
5.9619
14.0952
6.8381
16.019
8.77143
11.1714
10.3048
13.4762
8.22857
10.2476
9.87619
13.4286
10.0095
9.01905
6.47619
7.02857
12.181
8.06667
8.9619
13.5143
11.3524
8.0381
8.08571
8.44762
10.1048
5.8381
11.5333
7.30476
9.20952
12.6667
17.2095
8.1619
13.1524
14.8952
14.2476
9.98095
6.50476
8.64762
13.0952
14.0476
4.77143
5.79048
15.4857
10.5429
8.49524
13.9048
11.2762
8.2
10.3429
7.05714
9.88571
13.8381
12.781
18.7524
9.45714
7.45714
9.92381
6.21905
19.5238
15.5524
15.2381
17.419
17.981
9.21905
9.88571
10.819
5.38095
15.7429
15.1714
12.819
10.8
11.5905
8.42857
13.2381
19.6
11.4952
12.4667
7.40952
15.1714
12.8
13.2095
11.2381
11.019
10.1238
19
14.0857
11.2
10.3714
12.419
14.7619
9.04762
7.47619
9.39048
6.91429
12.0476
10.9238
11.8
14.7333
10.4381
11.6476
10.0667
11.9048
9.68571
13.8095
11.8667
10.2667
10.8667
6.40952
4.2
9.97143
11.4476
14.4762
14.9714
14.7333
15.1524
7.39048
16.8476
11.181
12.8095
9.26667
12.1619
10.9333
17.8952
12.6857
14
10.4286
7.88571
16.0952
8.07619
9.70476
7.6
8.89524
16.0095
10
10.781
9.17143
13.8857
5.90476
5.02857
10.3048
6.78095
11.5238
13.3238
10.2476
13.8095
6.61905
12.3429
11.9143
8.9619
10.5048
6.47619
11.9619
8.06667
7.31429
7.70476
10.2952
16.181
12.0095
10
9.22857
4.14286
8.80952
7.87619
9.34286
8.64762
10.6381
8.87619
8.65714
9.01905
13.3524
6.90476
6.39048
9.00952
5.25714
6.26667
4.5619
11.419
16.7429
11.6762
13.2381
15.7048
11.8381
10.7238
7.58095
10.3429
7.66667
5.50476
8.35238
9.25714
13.0857
8.66667
8.79048
8.97143
12.5619
12.1905
13.5143
7.12381
7.65714
5.01905
14.0667
17.3905
13.419
12.4
14.4
18.3905
20.6381
12.1429
7.31429
8.78095
10.0571
4.45714
12.0476
15.5333
17.181
9.45714
8.02857
10.9238
13.8571
15.8667
6.67619
10.4476
10.5143
15.1905
11.8762
12.6476
16.4571
12.7333
13.2667
16.1619
9.2381
13.6286
10.9238
11.0952
5.25714
11.2952
10.2571
16.3333
11.1714
10.8
10.8381
9.95238
6.06667
13.8476
14.6762
14.2667
13.1429
14.7048
13.6762
8.21905
5.4
11.2667
19.4381
11.1619
5.8381
5.70476
10.9714
12.1333
12.819
8
9.11429
10.4095
12.7143
12.9524
4.35238
23.0667
5.92381
5.49524
9.13333
10.5429
7.11429
7.37143
9.73333
7.85714
11.5524
5.78095
8.7619
11.619
6.07619
11.181
17.4286
5.68571
10.4952
9.42857
10.8952
12.8
15.2476
7.08571
9.8381
9.4381
9.72381
9.29524
10.7905
7.90476
6.37143
12
5.57143
11.8571
7.81905
8.44762
10.6762
12.8476
10
11.5429
8.6
8.22857
5.34286
9.52381
7.86667
8.08571
11.1905
7.13333
12.981
17.4667
7.28571
8.50476
15.0667
14.1905
9.89524
20.1524
14.0857
18.819
12.9143
10.9143
8.8
12.1048
13.619
14.2857
15.4571
12.9143
12.6667
12.4571
9.18095
10.9905
5.55238
17.6286
11.3429
13.619
4.89524
8.40952
15.0381
14.1524
11.9524
10.0857
6.78095
6.94286
10.7429
14.9333
9.51429
13.7714
7.8
12.0095
9.31429
6.92381
21.0857
10.1524
10.4381
5.35238
12.3238
10.6095
9.3619
5.4
7.02857
9.4
8.37143
9.48571
10.4
5.12381
12.6952
11.4286
11.1333
7.74286
13.6476
8.19048
13.219
8.91429
9.66667
9.78095
10.1714
10.9429
10.2476
9.84762
10.6381
9.07619
14.2095
8.4
15.4857
8.24762
11.1619
9.44762
13.219
9.00952
12.4762
12.781
11.219
10.981
14.0667
14.4857
9.97143
7.91429
8.7619
6.20952
5.52381
11.419
12.6762
8.78095
6.06667
8.2
10.7048
9.82857
12.0952
11.5143
11.4286
15
10.3905
10.4476
11.9905
5.05714
14.0571
10.8667
17.9333
11.6
10.9714
11.4952
19.6571
12.6857
12.6286
10.1714
11.4571
11.6762
7.1619
15.0667
9.57143
8.22857
14.9143
16.9238
14.6476
5.72381
11.6952
12.4571
11.4762
10.7524
16.7714
16.1333
10.5143
8.22857
6.24762
8.89524
12.7238
8.84762
17.7333
8.97143
5.80952
10.1714
6.69524
13.9429
10.6857
11.7429
7.88571
14.7619
11.1619
12.0476
13.4381
12.4762
10.0571
4.7619
7.34286
5.01905
12.8
8.60952
9.8381
16.3143
12.5333
5.15238
8.5619
7.85714
13.6571
12.0952
9.99048
11.0667
10.7619
12
7.93333
8.05714
10.7619
11.2857
5.6381
7.55238
13.2571
8.49524
12.9619
8.60952
7.25714
8.92381
9.75238
15.9714
9.01905
5.9619
10
16.6095
10.4762
13.819
14.0952
10.0667
22.2667
13.6571
13.381
15.0476
10.381
15.5333
11.5524
16.7905
5.65714
18.0286
9.62857
10.6571
8.97143
14.4952
4.08571
6.53333
8.62857
15.5905
11.9524
10.2667
13.3333
7.10476
15.5333
10.781
8.29524
14.419
6.30476
11.4286
7.73333
12.3905
10.0857
9.8381
11.0952
10.819
10.1238
6.77143
13.1048
15.381
9.94286
10.8762
14.4286
17.219
4.64762
8.25714
9.50476
7.95238
13.181
5.70476
15.0095
14.381
7.0381
4.86667
9.86667
7.2381
13.219
18.7333
6.09524
10.7905
12.781
9.55238
7.4
9.3619
7.17143
8.74286
6.2
11.2095
9.66667
13.2286
11.8762
19.6381
5.91429
8.70476
19.0381
8.5619
5.08571
9.49524
6.81905
6.95238
12.5905
11.1333
8.91429
9.97143
15.0381
8.64762
14.9524
8.80952
9.68571
12.8952
12.7238
10.8952
8.32381
9.2381
8.12381
11.181
14.8476
6.98095
8.93333
15.8381
11.6762
13.5238
9.31429
10.7143
4.87619
4.44762
11.0095
12.2476
12.0476
11.981
11.9905
11.2571
8.6381
13.9333
11.2571
10.3333
12.781
6.2381
15.0952
16.1905
11.0857
9.59048
12.3048
7.3619
13.5333
8.74286
11.2381
10.6952
16.3429
7.06667
12.1048
8.95238
6.67619
14.1429
15.8381
8.20952
10.4476
10.8857
12.9143
5.46667
10.9333
8.85714
7.84762
11.0095
12.4952
10.619
10.6857
8.52381
10.2667
13.0857
10.1619
5.61905
11.1143
7.08571
14.6381
15.7905
11.181
12.5524
10.2857
11.419
13.8952
6.70476
9.61905
18.0762
14.3524
16.1524
7.33333
5.04762
9.70476
8.93333
9
20.7048
4.7619
8.42857
11.5714
9.52381
5.95238
11.4381
8.86667
15.4286
9.88571
11.4095
13.1429
14.9619
7.4381
10.4095
5.32381
4.73333
10.2857
12.4286
7.86667
13.7333
10.4571
11.5524
8.85714
12.1714
7.48571
17.9429
5.29524
13.6381
13.8571
11.9905
14.4571
6.60952
10.3143
17.0286
9.12381
13
10.219
9.86667
12.8762
10.4571
20.2095
11.6857
12.3238
10.6095
11.8571
8.6
10.781
7.07619
11.5333
8.37143
7.4
18.3238
10.8571
17.9238
12.9619
7.47619
18.7429
12.4476
12.8095
11.2857
6.44762
12.9048
17.6
16.0857
9.51429
10.6952
13.1429
4.65714
6.33333
14.8667
14.8476
8.41905
4.74286
9.92381
4.72381
12.581
11.2476
8.18095
11.5619
11.5048
15.8571
11.5048
12.0667
22.4
6.58095
10.9429
9.78095
13.4476
10.9714
10.2286
15.0381
12.2667
10.181
7.18095
8.84762
14.0952
10.8667
9.27619
11.0571
10.9619
11.581
14.4381
6.15238
6.42857
6.24762
9.66667
11.1905
9.49524
10.6667
13.2762
10.3429
13.8286
8.25714
9.04762
10.6667
8.77143
4.44762
11.9524
6.25714
4.18095
7.33333
11.1333
8.11429
5.21905
4.66667
11.7048
10.6
11.219
7.46667
13.8952
11.3048
11.6952
16.0667
8.33333
13.1429
6.08571
7.09524
7.07619
13.4667
6.64762
12.7905
8.70476
10.1333
8.92381
12.9524
11.1429
6.35238
10.7619
7.05714
6.20952
9.93333
6.53333
9.77143
17.5238
13.6952
9.52381
11.6286
5.25714
12.381
9
7.94286
10.1238
13.1429
7.01905
7.59048
8.8
7.15238
11.5429
14.0762
11.0476
9.19048
12.3143
7.8
11.4762
10.4952
13.0095
11.781
10.9714
12.3619
11.1048
8.20952
8.19048
14.1143
13.2571
8.62857
9.65714
6.88571
8.21905
7.22857
6.21905
14.8
13.5238
11.3238
11.2762
14.9714
12.8381
5.69524
11.3619
14.181
10.581
8.24762
9.19048
19.8667
14.8667
5.86667
14.6095
14.819
15.7143
12.9429
7.53333
6.49524
12.7524
11.4667
13.4286
10.6
9.05714
5.2381
8.29524
11.0952
14.9048
9.57143
12.8667
8.34286
14.6
13.0952
6.71429
12.9619
12.4286
11.7714
8.51429
16.3714
12.7905
13.619
7.78095
8.85714
8.54286
14.3143
10.819
18.1238
15.7524
18.0762
5.27619
6.2
5.52381
7.90476
8.22857
14.619
10.1905
17.4286
9.74286
14.2571
8.64762
11.8381
16.6095
8.13333
12.7429
9.6381
14.4095
12.8857
8.51429
6.25714
11.5143
6.13333
8.66667
12.4571
11
6.25714
7.32381
6.22857
8.60952
5.45714
11.7905
12.1524
10.819
12.819
11.619
15.6381
14.3714
15.4667
13.2
15.1714
8.25714
11.9238
15.0952
8.50476
8.21905
12.7333
12.581
4.18095
12.781
16.7333
8.12381
17.3619
12.7905
13.2571
8.8
7.18095
20.5238
10.3524
12.9238
21.781
10.0952
6.74286
9.29524
8.14286
10.8095
8.49524
7.17143
6.2
10.3143
12.7714
10.9524
10.7048
7.86667
13.8476
10.2381
14.3238
9.91429
13.3238
10.8857
8.91429
13.4762
8.82857
10.381
14.3048
11.6857
11.3429
4.44762
11.5143
11.7905
6.88571
12.1429
6.10476
5.77143
7.42857
12.6952
8.29524
12.819
17.7048
12.2095
13.2667
8.60952
8.04762
12.8667
14.6095
8.85714
8.15238
8.28571
6.42857
10.3524
14.9714
11.2952
13.3333
8.08571
8.06667
6.82857
7.06667
19.8857
7.50476
16.8952
7.55238
8.39048
9.07619
14.381
13.7429
13.2476
12.3905
14.1238
11.0667
9.06667
10.1714
9.95238
5.62857
11.1048
4.8381
9.87619
4.94286
16.2952
8.20952
9.19048
13.5048
11.7143
14.4571
12.1143
7.57143
16.7333
13.1619
11.6952
11.2476
6.69524
13.1048
14.0095
12.981
8.25714
12.9048
9.37143
10.0476
5.28571
13.4476
8.85714
10.8571
8.37143
4.6381
12.219
8.52381
11.1429
14.0571
16.1238
10.6095
11.7619
11.181
8.66667
6.07619
6.39048
7.3619
11.9619
9.46667
15.7905
6.28571
7.22857
6.92381
14.9143
15.2286
12.4667
13.219
9.55238
5.53333
13.5238
9.72381
6.20952
12.4762
14.0095
12.2476
15.8
11.0571
9.62857
13.8095
11.2762
6.95238
10.7048
9.4381
12.7619
12.3905
12.8571
10.2857
6.22857
5.77143
5.34286
14.2
8.94286
10.3524
10.381
5.11429
14.3524
8.80952
12.1619
12.1429
12.6667
4.26667
11.5714
15.1429
14.619
10.5524
6.25714
7.82857
15.0952
8.21905
12.9333
11.5905
5.70476
5.08571
12.4286
6.86667
7.34286
6.93333
11.2571
8.59048
7.39048
10.2762
13.8857
4.99048
11.6857
14.3048
8.15238
10.5714
11.4857
15.2286
9.90476
8.07619
11.2571
13.019
11.5714
12.8286
6.14286
4.26667
6.35238
13.3143
4.39048
8.4
5.02857
12.2762
10.0952
12.5714
15.6095
9.12381
9.62857
6.97143
7.26667
9.86667
5.89524
16.2571
7.97143
17.7048
8.69524
11.1048
12.619
5.65714
10.3714
6.35238
4.73333
9.98095
11.6476
15.981
17.4476
10.0286
10.4476
10.5143
9.31429
8.98095
10.8381
10.6952
10.381
13.2095
10.019
15.4286
8.28571
8.32381
7.49524
10.6857
6.13333
7.10476
10.5429
13.9143
9.2381
13.2095
8.81905
6.57143
7.60952
8.08571
7.11429
10.1238
11.0381
6.45714
12.8667
12.581
10.181
6.74286
8.65714
6.08571
9.37143
8.14286
7.53333
9.66667
8.97143
12.1143
8.50476
15.019
10.5714
18.0476
7.99048
14.6286
10.9905
13
10.3238
13.219
10.6952
9.72381
12.5238
7.39048
12.5333
12.1524
9.14286
14.8
7.0381
12.8952
17.9905
8.61905
10.0095
10.0476
9.14286
10.4952
8.82857
12.4571
9.6381
8.20952
10.8857
13.3048
9.33333
6.94286
11.4667
11.0476
10.2
9.17143
8.75238
8.60952
12.3048
18.5333
6.82857
14.4857
9.52381
10.2286
13.419
6.55238
10.9048
6.07619
7.37143
8.07619
11.8476
12.0857
8.4381
9.29524
7.41905
11.3619
9.30476
15.1238
13.0667
8.06667
9.0381
11.2857
6.41905
5.97143
8.14286
6.05714
11.5714
14.1619
4.2381
5.37143
11.981
8.27619
8.35238
13.7619
12.2667
7.58095
10.2667
7.11429
6.93333
12.219
10.1714
6.52381
8.86667
6.4
11.1714
11.4571
6.67619
8.31429
7.0381
8.80952
5.27619
13.1524
11.7143
4.95238
13.4381
7.61905
7.82857
11.2095
8.35238
10.6286
12.3714
13.981
7.75238
12.3333
5.9619
10.0286
10.4381
16.819
10.819
12.7905
12.9333
13.4381
5.80952
11.5429
10.181
10.3048
12.8095
9.39048
10.0571
12.9524
7.8
9.98095
7.4381
12.3333
6.09524
10.6286
7.59048
7.58095
11.4857
9.20952
13.8857
11.6476
14.7238
7.67619
6.59048
18.581
14.4857
8.50476
15.819
8.1619
13.0857
21.7524
20.1238
6.91429
8.28571
8.75238
15.0095
11.6571
9.71429
13.6286
5.10476
7.41905
12.0286
8.70476
10.2571
12.7143
12.5619
14.2381
7.44762
5.82857
10.1048
14.3619
14.5429
11.0667
15.819
9.69524
7.08571
13.7524
14.1238
17.6667
10.3524
12.6476
12.5714
13.1714
8.2
11.8762
11.3524
10.0667
14.5143
13.4857
13.2095
14.4286
17.7429
12.6476
6.38095
10.2476
7.72381
10.6
12.7238
13.3619
11.4381
5.77143
12.0571
7.90476
10.8571
11.6762
14.8571
10.1238
9.45714
4.97143
4.53333
11.1333
16.2952
6.20952
10.3905
11.0762
17.2571
9.85714
10.8
10.019
13.8952
6.9619
9.14286
6.24762
17.2952
17.4667
10.5524
10.7238
9.58095
14.4952
9.54286
12.6095
10.2286
5.20952
5.29524
8.47619
5.99048
7.72381
9.94286
7.22857
12.1048
12.9333
14.6762
10.9619
4.81905
9.64762
9.59048
13.2476
9.50476
18.8857
12.2381
4.46667
13.9524
9.05714
11.9143
12.8
10.619
12.1429
8.18095
12.9714
11.0095
16.3429
6.40952
11.9905
10.8857
6.48571
12.7714
11.619
21.0857
8.6
9.4381
14.9524
14.2476
11.819
11.0857
5.12381
15.181
9.15238
13.6667
10.0381
11.9619
16.019
13.0762
17.581
11.1714
7.81905
9.4
16.4667
11.4476
12.219
8.84762
5.37143
7.85714
11.5905
13.1333
15.781
12.3714
9.35238
12.6857
10.3048
11.7238
10.219
7.34286
10.2381
12.4
7.53333
6.87619
7.34286
6.92381
7.37143
9.39048
9.6
7.69524
8.67619
9.78095
17.1333
13.1714
13.7238
4.81905
9.13333
9.35238
11.019
10.2095
20.7524
6.74286
5.11429
4.17143
11.8857
11.4857
9.5619
6.82857
11
13.8
10.5048
12.1048
14.2095
9.68571
10.9143
15.6762
9.98095
6.94286
5.27619
11.019
10.8476
13.4952
12.2571
9.62857
13.7048
11.0476
13.4667
7.61905
6.64762
12.0571
12.4571
6.50476
9.53333
5.33333
15.1333
12.1143
7.90476
10.0857
9.2
7.5619
9.86667
9.10476
5.29524
7.61905
8.97143
5.28571
13.2095
13.1048
14.0667
10.019
5.72381
7.4381
6.55238
17.0762
11.2667
4.69524
9.53333
12.2667
7.18095
10.5143
6.79048
11.1619
12.0095
13.4476
11.3714
8.27619
5.75238
10.8857
6.98095
11.1238
19.581
10.3905
9.8
11.5333
12.381
6.4381
5.90476
5.72381
13.6667
5.93333
7.95238
7.84762
4.84762
6.60952
4.40952
17.3714
8.38095
9.49524
8.14286
8.21905
8.21905
6.15238
6.71429
7.20952
9.57143
7.30476
6.95238
8.42857
8.17143
16.4381
11.3143
11.981
18.2381
8.6
11.4476
15.3905
11.9333
13.4381
12.0286
5.55238
10.3429
12.019
11.6
8.4381
7.80952
10.5333
13.5524
6.28571
6.47619
8.94286
15.2
6
12.7429
17.6571
5.15238
8.44762
19.781
10.9714
9.18095
7.45714
11.4667
6.38095
8.04762
10.3048
4.85714
8.54286
11.6476
9.74286
11.3714
4.92381
13.6476
9.5619
9.44762
11.2
4.89524
10.0952
9.2381
6.94286
13.6381
14.7619
12.1524
10.1143
13.5905
11.1238
8.6
7.8
5.89524
6.53333
10.9048
10.6381
8.00952
6.25714
11.1143
8.4
6.4
15.5429
8.85714
7.34286
9.78095
6.11429
12.7143
8.3619
8.25714
6.92381
9.57143
8.5619
10.2762
26.6762
12.6381
13.2476
11.5048
7.74286
12.4476
11.1048
15.981
12.6762
11.2667
9.42857
15.6667
11.6381
10.3524
11.819
9.55238
6.82857
7.51429
6.81905
10.7619
17.3524
9.71429
13.4952
12.0381
8.6
12.8571
4.29524
13.0476
7.57143
10.7143
11.1524
10.219
5.2381
7.62857
12.7048
7.30476
11.1429
10.8095
14.9333
11.5524
7.4
12.9333
5.9619
9.67619
12.6857
15.8667
9.22857
12.2
7.89524
6.9619
13.5905
8.49524
9.68571
8.90476
8.9619
6.26667
10.5714
9.13333
12.5714
10.1048
6.85714
10.6
11.3429
11.5524
16.1143
12.5143
15.3524
10.9429
13.6571
8.8
7.70476
13.7429
10.8857
9.42857
8.30476
11.4762
9.01905
5.71429
11.5619
9.46667
12.6476
9
7.86667
15.781
13.3238
12.9429
14.581
11.5333
15.3714
7.73333
9.95238
5.45714
14.8857
11.7429
13.1143
15.2667
7.95238
9.11429
7.73333
16.0762
7.85714
11.3714
8.10476
6
7.39048
11.0762
13.381
5.44762
12.6095
8.34286
11.0476
7.46667
10.5714
13.1714
10.1333
10.3429
6.41905
9.17143
14.6286
17.419
12.6667
9.70476
13.419
8.8
6.3619
5.13333
13.619
4.95238
6.69524
12.7619
11.4095
7.98095
12.4095
9.26667
9.2
9.10476
6.31429
11.5333
5.97143
9.67619
16.019
11.8476
14.7429
9.66667
8.24762
8.5619
9.47619
7.25714
8.38095
10.381
6.39048
11.4762
13.5524
14.3714
9.97143
10.8
7.00952
12.3905
9.41905
16.7619
13.581
13.3524
12.1905
7.09524
11.8
10.6667
10.1048
13.5524
12.8476
8.75238
14.5905
8.75238
8.77143
12.3333
9.14286
9.66667
12.4286
10.0571
11.1333
10.0571
13.1905
11.6857
7.28571
12.8476
19.5333
7.29524
11.219
18.381
12.2762
9.20952
7.6
12.2857
9.67619
13.0857
7.75238
12.6476
10.1714
11.1714
5.2
8.46667
9.77143
12.4286
8.33333
8.86667
5.26667
11.4667
6.48571
17.0952
8.57143
8.02857
9.99048
5.90476
8.4381
11.3714
6.68571
7.98095
11.781
6
8.77143
10.181
7.79048
10.1714
9.34286
8.95238
7
18.7048
9.67619
9.6
13.1048
4.87619
11.2667
8.61905
7.52381
9.01905
13.2667
11.2571
9.02857
7.60952
5.15238
10.5048
10.6095
8.55238
7.6
7.34286
6.51429
10.7619
14.0762
11.019
6.48571
13.8571
18.6667
7.06667
7.68571
11.7429
5.42857
12.0286
16.3619
9.72381
13.0476
13.181
10.0762
9.08571
7.00952
4.8
11.9333
10.8952
11.8286
9.64762
14.1048
7.34286
11.5429
8.41905
11.419
12.8
8.71429
12.6667
10.0762
7.55238
14.419
8
7.19048
11.0667
10.3048
7.01905
14.6476
8.52381
6.62857
8.51429
4.54286
16.3048
8.22857
12.1905
11.7333
7.34286
9.4381
10.5238
5.46667
13.819
7.44762
14.181
12.219
15.4762
5.4381
9.61905
9.54286
7.24762
7.86667
12.2667
15.6
12.0381
4.40952
11.2952
6.05714
17.3238
17.5714
6.91429
15.6476
11.3048
9.07619
11.0381
12.019
7.11429
12.3238
5.81905
9.72381
10.2571
9.51429
7.95238
5.1619
11.8667
20.5429
11.5429
6.87619
9.72381
14.6857
9.4
15.7333
12.8
7.4
11.5238
10.2762
10.3238
10.4762
11.7238
7.34286
8.88571
6.73333
15.9143
5.78095
11.2095
9.54286
7.47619
12.0667
8.88571
9.65714
11.1048
8.87619
7.28571
14.8
6.18095
6.90476
12.181
12.5333
9.10476
10.1143
14.781
13.9714
14.8952
11.3429
13.8762
10
14.5524
15.0286
6.18095
9.60952
10.4667
5.73333
5.85714
8.8381
7.85714
8.18095
8.11429
7.02857
5.13333
14.6286
11.6571
11.9143
14.6095
11.1619
9.40952
5.99048
12.8095
12.1238
9.41905
9.02857
13.019
8.02857
14.219
9.35238
14.9238
8.29524
13.4952
9.97143
6.08571
6.41905
13.581
10.4095
13.2
7.79048
8.04762
5.5619
15.5333
9.66667
6.73333
11.3905
15.5714
10.6476
8.8
14.1905
7.82857
6.1619
17.3048
7.45714
7.70476
8.87619
9.11429
6.51429
11.1714
5.62857
11.1238
11.1619
8.38095
5.39048
14.3333
12.3619
8.45714
5.54286
8.85714
10.4476
10.8286
10.9429
11.3048
7.44762
6.18095
10.9524
14.2095
9.69524
9.2381
10.181
7.67619
7.61905
5.06667
6.92381
8.62857
9.9619
8.07619
7.26667
9.52381
12.8762
12.9714
6.90476
18.1714
9.91429
9.02857
12.2476
9.24762
12.8857
9.98095
4.8
9.69524
11.219
11.3429
13.1905
7.18095
14.181
13.8381
7.42857
7.01905
14.4667
12.181
6.9619
6.24762
11.019
12.5333
6.90476
8.85714
10.6095
16.2381
13.6857
13.0286
9.67619
16.9429
9.7619
7.84762
7.12381
9.6381
13.5524
7.64762
6.35238
15.1524
10.2476
13.819
9
6.3619
17.1905
7.80952
11.9619
20.6
7.37143
8.32381
7.86667
12.3048
10.8381
10.3143
14.8762
6.2
10.3143
15.4476
10.4095
15.1524
19.1238
11.6476
10.9143
10.2952
11.8286
14.4857
8.95238
16.2857
10.1143
10.7524
6.85714
9.79048
14.419
8.26667
8.40952
8.65714
6.00952
5.06667
14.0857
4.21905
4.79048
6.64762
8.39048
13.7143
13.5905
10.6571
10.3048
14.3048
8.0381
7.49524
5.01905
13.2571
8.81905
7.4381
14.7619
4.9619
11.1524
14.8952
10.7333
13.1714
9.75238
8.62857
8.71429
4.84762
9.98095
8.11429
7.13333
13.419
10.6
8.78095
8.02857
16.3905
13.6286
14.2667
10.9048
5.21905
9.98095
9.33333
11.8476
10.7619
11.0667
13.0476
12.6571
8.7619
6.31429
11.6
12.2571
6.93333
7.98095
9.82857
7.53333
11.3143
10.4762
10.4762
11.9905
11.8857
16.5619
8.51429
14.3143
5.21905
6.54286
9.93333
4.80952
12.8476
6.25714
18.7238
12.4095
8.37143
10.9619
9.11429
14.8
12.2476
5.75238
6.48571
10.3429
8.47619
10.7524
17.3143
8.25714
6.95238
10.619
9.22857
7.79048
5.18095
10.1238
8.64762
5.77143
5.95238
14.6571
14.1619
7.67619
18.9524
11.8571
9.14286
13.019
5.54286
9.44762
5.08571
12.7333
10.4381
13.0571
17.2667
11.5333
9.4
5.93333
11.4667
13.7619
9.48571
11.8095
11.9524
8.88571
9.86667
12
12.6762
7.88571
16.2
12.1238
6.39048
16.1333
13.5238
7.35238
14.9905
7.27619
6.37143
10.3143
9.20952
7.70476
5.50476
19.5905
8.6381
12.2381
12.7619
13.9333
11.7714
6.8381
7.80952
6.72381
7.30476
8.46667
15.6952
9.13333
7.67619
6.57143
7.31429
7.14286
9.07619
8.49524
9.29524
9.01905
9.04762
6.41905
5.54286
9.87619
5.47619
13.3143
7.98095
11.4571
11.1524
11.3143
10.4571
7.55238
8.80952
13.2857
9.06667
14.3429
7.29524
10.4571
9.04762
15.7429
10.7429
7.0381
14.981
9.2
7.58095
7.31429
9.1619
9.42857
7.94286
10.0381
8.61905
15.0571
8.6381
5.98095
9.67619
15.6667
14.8095
9.57143
10.2857
8.02857
13.4857
10.7524
13.0762
6.57143
12.0286
9.77143
12.1238
9.99048
6.97143
14.6286
10.6857
15.8095
9.28571
7.86667
17.4952
8.54286
16.0667
8.97143
10.3524
11.1333
8.05714
6.95238
13.9619
11.0952
8.4381
16.2381
6.34286
9.37143
12.5333
7.3619
6.51429
11.8762
13.0476
10.0857
11.2286
10.5524
15.2762
14.5238
7.10476
9.41905
5.7619
6.34286
5.80952
9.04762
13.7905
8.85714
10.9905
11.9714
9.50476
9.81905
12.219
8.07619
8.31429
9.6
5.18095
13.2476
6.17143
10.819
6.40952
8.53333
12.781
13.2381
11.4
7.30476
6.92381
9.54286
9.95238
14.1714
11.581
13.419
16.3429
10.1619
10.0381
12.6381
8.88571
10.619
12.5238
11.7238
7.77143
8.44762
11.8
5.4381
15.4381
13.4857
13.8952
9.92381
13.2286
8.86667
14.8476
11.8381
12.8476
8.46667
6.28571
6.08571
32.6667
8.39048
8.2381
14.981
7.31429
8.49524
12.5333
14.819
8.60952
16.2476
10.3048
5.82857
7.02857
14.6952
4.59048
5.8381
9.95238
13.8095
6.62857
9
12.8095
11.7048
13.8571
15.3714
12.6762
5.73333
10.5238
9.81905
12.3714
5.60952
11.8952
10.7619
6.15238
7.69524
8.78095
7.01905
7.35238
5.18095
7.92381
9.4381
12.5238
13.0476
6.26667
12.5238
9.49524
10.5905
8.71429
13.5048
7.90476
10.3429
9.09524
14.3905
15.0476
12.5143
9.0381
9.77143
15.3524
11.181
14.1143
6.90476
12.1619
11.4
11.6952
5.81905
6.46667
6.71429
7.11429
10.0381
13.7429
12.5048
11.9905
13.9143
10.4762
6.11429
12.5238
11.3429
8.37143
12.3619
14.5619
9.80952
13.2286
6.41905
5.21905
10.0762
12.2667
10.1143
4.58095
10.6857
12.0381
12.4857
8.8381
14.9714
12.5429
5.5619
9.77143
18.8857
17.1714
9.47619
10.3714
16.2667
8.72381
10.9619
9.22857
10.6667
13.8667
10.3143
9.6
12.6857
12.6381
15.3333
6.10476
9.06667
6.57143
12.3143
10.9714
10.0857
10.8952
8.46667
9.09524
11.8095
8.67619
13.8476
7.24762
7.71429
9.6381
6.80952
11.9048
5.88571
10.5714
11.7048
12.381
8.21905
10.9143
9.09524
6.81905
10.0381
7.61905
6.61905
9.49524
16.0095
12.3524
9.41905
10.7333
6.67619
9.19048
8.20952
9.11429
15.7143
10.5333
11.5714
11.6286
12.8667
10.5048
10.1333
9.89524
5.45714
11.0667
8.84762
17.3333
6.58095
9.47619
6.50476
7.92381
9.2381
10
14.1714
14.4762
7.42857
10.4476
5.07619
11.7524
6.4381
14.0667
7.60952
11.2476
8.82857
7.4381
11.6762
17.9333
8.72381
9.99048
9.47619
6.93333
5.71429
12.2952
9.5619
11.0857
8.3619
5.94286
14.6571
11.0952
16.2381
11.6762
14.981
12.8286
10.9524
8.32381
18.6476
6.85714
10.5143
13.6857
10.3524
12.1714
8.3619
7.07619
4.98095
9.91429
4.74286
10.1333
5.55238
9.46667
14.2667
11.2857
14.5048
12.6952
5.82857
8.88571
9.78095
9.73333
7.86667
9.75238
11.3714
10.4381
10.0381
8.07619
8.05714
8.25714
4.91429
7.20952
7.92381
10.6476
13.6762
8.92381
16.619
12.6476
9.28571
6.35238
10.6667
7.07619
5.9619
10.6571
7.39048
8.46667
16.5714
13.4857
16.9143
9.79048
7.30476
19.2476
6.12381
15.9048
11.7143
13.4286
8.5619
10.981
14.8095
9.33333
7.74286
6.92381
11.7524
4.54286
14.3048
6.49524
9.90476
13.2952
12
13.3143
16.0952
14.9238
7.6381
11.6857
7.8381
12.1429
4.07619
6.75238
11.1429
13.4
7.04762
6.22857
5.06667
5.99048
13.9048
12.9524
7.09524
12.0857
7.52381
11.2
11.3429
5.54286
5.88571
9.75238
10.819
9.30476
16.381
10.8381
5.20952
13.4762
14.8857
4.44762
9.2
7.27619
9.41905
13.3143
7.90476
19.9619
8.51429
14.5905
11.0857
5.61905
5.04762
18.4286
11.3905
10.4667
16.4762
10.1333
6.35238
11.4
7.60952
5.40952
13.0381
5.66667
8.78095
7.41905
12.7714
10.0381
8.0381
9.33333
9.33333
12.819
12.7905
16.781
9.3619
10.3143
19.6
10.9619
12.2095
11.9238
10.0952
6.66667
6.27619
6.47619
7.78095
4.99048
12.3143
11.7429
8.40952
8.01905
8.11429
6.39048
9.5619
12.1333
11.7048
5.14286
9.53333
12.3524
15.4857
8.84762
11.2952
9.81905
16.4
7.20952
7.29524
9.82857
10.6
15.5619
13.019
7.87619
13.0571
7.14286
10.2
7.02857
5.75238
9.66667
6.79048
12.5524
9.64762
11.4857
11.8381
8.54286
8.75238
8.6381
7.17143
11.7048
17.5048
15.7619
11.1143
10.4
15.0571
11.5905
12.419
8.75238
4.77143
10.8476
8.51429
7.89524
11.7333
10.4571
9.17143
7.02857
9.41905
11.4857
12.7619
11.4571
10.7429
8.40952
5.72381
12.0667
7.52381
10.419
4.18095
12
4.85714
15.0476
12.7143
10.2476
7.99048
5.2
13.7048
10.6
11.8667
5.81905
8.8381
5.88571
10.7905
13.5524
10.1619
6.75238
11.6095
8.18095
11.0667
12.7429
9.20952
14.581
11.3238
9.79048
12.9048
17.4095
6.31429
16.0286
14.1905
6.81905
16.9333
12.6952
8.11429
8.6381
16.3238
5.97143
11.7619
5.94286
13.6286
7.44762
9.15238
5.34286
14.3619
13.619
16.2381
9.00952
4.13333
13.8857
21.7619
10.981
11.1619
8.01905
13.7714
9.74286
7.67619
11.619
11.4857
4.45714
5.7619
12.7048
8.42857
15.7333
16
14.7524
5.49524
7.11429
13.4
4.44762
12.1619
9.32381
11.1143
7.2381
15.819
10.1905
12.5619
6.13333
7.45714
13.7714
7.32381
7.35238
11.0762
14.9714
9.40952
11.8476
16.3143
15.6667
8.44762
10.819
8.01905
4.55238
13.0952
7.38095
13.1714
7.54286
7.47619
13.3905
10.2571
10.1048
8.57143
4.85714
9.78095
11.819
9.34286
5.82857
11.3619
10.7429
14.2762
7.3619
11.819
8.41905
9.4381
13.981
12.0762
13.3429
7.42857
15.619
6.74286
8.29524
9.3619
5.84762
10.9619
10.6286
11.6095
7.84762
12.0667
13.7238
8
6.10476
9.92381
6.86667
5.17143
5.10476
11.3143
10.019
11.7429
5.24762
14.981
9.55238
7.6
7.25714
12.419
7.79048
11.1905
10.381
6.47619
9.85714
8.00952
6.3619
6.05714
9.6381
10.3714
13.1333
4.54286
7.86667
5.78095
10.2476
7.62857
9.10476
11.0762
11.0381
8
9.73333
8.29524
9.12381
13.7333
10.4381
4.27619
7.2
7.0381
5.8381
7.12381
14.6857
11.4476
10.819
11.4571
12.0762
11.6571
12.6286
10.6381
10.7143
7.93333
11.2476
6.4
12.9143
7.91429
15.1143
6.14286
7.17143
11.6286
9.33333
6.8381
7.22857
9.3619
9.92381
12.0095
6.78095
18.2762
17.8571
12.7333
4.8381
9.7619
12.4476
6.97143
6.39048
7.84762
12.6571
17.1524
5.94286
6.86667
7.92381
9.94286
9.11429
17.0857
8.81905
9.02857
12.0286
8.87619
12.7714
6.12381
8.50476
10.7429
8.80952
8.90476
6.8
10.3238
8.54286
8.0381
9.8
11.3714
9.52381
15.4952
9.18095
12.7524
8.98095
10.5048
11.8095
6.41905
5.42857
9.04762
12.8
5.68571
11.1619
15.819
9.97143
12.219
5.90476
8.84762
10.0762
10.0095
14.7333
6.14286
11.5143
14.5238
11.0952
5.85714
9.24762
10.4762
10.0952
7.95238
10.8476
11.3524
9.34286
9.80952
13.2476
18.0381
8.31429
12.2
13.4381
6.2
50.8571
9.52381
8.69524
9.69524
12.2476
13.3905
7.40952
7.64762
7.94286
5.79048
11.1143
4.6
14.7429
7.6381
14.2762
17.4857
7.25714
13
8.53333
10.7619
8.12381
7.62857
9.10476
9.4381
11.2762
4.75238
13.1429
16.6381
12
13.5238
12.8857
19.2952
14.5714
13.2667
11.2857
8.39048
15.1333
16.1714
11.0095
8.89524
15.7619
15.7048
10.1143
14.581
5.38095
11.381
10.7429
12.781
7.46667
9.59048
6.5619
9.84762
8.24762
6.32381
12.2095
7.87619
9.05714
11.6667
14.4476
10.4286
9.12381
8.94286
7.6
4.52381
10.7429
12.4095
4.50476
7.4
13.4476
8.79048
10.7714
6.93333
7.98095
6.12381
7.57143
13.5429
11.619
10.1714
7.01905
14.1714
10.1429
10.3333
6.78095
6.32381
5.38095
8.29524
12.6667
13.619
11.3333
14.581
7.65714
8.40952
11.5333
7.75238
12.4571
17.8952
12.6667
9.60952
7.48571
12.9524
9.66667
9.32381
15.7905
13.581
7.84762
8.51429
12.5905
10.4857
8.75238
8.00952
10.7238
9.57143
5.92381
9.27619
12.581
7.57143
13.3143
9.73333
11.5143
6.50476
12.9714
5.34286
14.9238
12.019
12.7333
12.019
10.0571
10.7238
8.79048
14.4286
12.8381
8.05714
11.419
6.54286
15.2
13.1619
10.8381
8.75238
14.0286
12.9619
7.44762
16.019
13.5429
7.88571
8.97143
12.5714
11.0095
9.04762
4.67619
7.3619
6.66667
14.5714
7.27619
8.26667
14.0952
9.8
8.8381
10.2952
6.61905
14.1714
10.6095
6.67619
12.381
10.8667
7.27619
6.2381
9.99048
9.2
9.1619
11.7333
11.5238
8.90476
12.8762
14.2571
11.0571
7.33333
6.4
14.7524
11.7524
8.09524
5.24762
7.39048
9.32381
11.5619
8.09524
11.419
14.0571
6.85714
15.9143
6.22857
6.79048
8.09524
5.44762
9.31429
4.46667
20.2762
8.18095
4.49524
13.219
8.64762
11.0286
7.4381
10.7619
9.54286
8.60952
8.12381
11.4381
8.99048
11.3429
7.90476
11.7238
6.30476
14.5714
7.60952
11.8476
8.34286
16.4381
7.92381
14.3143
13.4762
7.88571
9.3619
10.4381
12.7333
15.5905
5.60952
5.30476
6.53333
9.6
12.2476
11.4952
9
11.2857
6.10476
11.2286
11.5238
6.64762
11.2571
7.08571
9.34286
9.32381
8.48571
9.4
13.5905
8.4
10.2381
5.72381
5.59048
9.75238
4.72381
16.1524
7.07619
12.219
11.6286
8.26667
8.71429
8.28571
4.49524
5.94286
13
7.64762
10.3619
5.52381
12.3714
9.62857
13.3333
16.3238
10.9524
11.3048
10.0857
7.20952
9.89524
11.9905
12.5048
5.78095
11.1905
6.85714
10.4476
11.1524
10.0571
10.5524
10.1238
11.4952
15.2571
9.80952
7.68571
11.8857
9.75238
8.53333
10.6381
17.781
11.9619
10.0476
12.2286
6.7619
12.7048
9.49524
11.2381
11.8667
12.019
10.4571
14.0857
13.3429
16.5333
7.14286
8.69524
6.93333
9.68571
6.02857
11.1524
20.381
10.019
5.47619
8.68571
11.2952
8.95238
13.8
8.47619
10.9524
4.37143
12.8857
16.181
15.5048
18.819
12.781
8.60952
9.09524
9.72381
12.8476
7.49524
12.8
9.9619
12.019
16.1714
8.1619
8.86667
5.78095
10.4095
9.40952
5.11429
8.02857
8.64762
13.6667
7.07619
9.40952
10.781
17.9714
7.77143
11.2476
9.08571
7.7619
8.68571
12.2476
11.4667
18.2476
12.1238
8.14286
10.8476
10.4095
8.98095
8.86667
6.07619
10.1524
8.65714
13.2095
4.30476
12.7619
11.7238
9.64762
15.1619
14.3143
5.09524
15.5714
9.82857
8.87619
10.6762
9.97143
13.2571
10.1524
6.67619
10.4571
10.5714
5.18095
13.9619
6.9619
17.1429
7.12381
14.6381
7.91429
7.77143
9.37143
7.45714
7.89524
10.781
5.41905
8.62857
4.61905
12
6.53333
13.1238
10.5905
9.53333
7.62857
5.30476
6.02857
19.7524
9.2381
5.87619
7.75238
11.2762
6.15238
15.019
8
5.0381
6.94286
12.7143
8.6
14.6381
19.5905
9.7619
17.0095
11.0857
7.09524
11.9238
6.48571
11.6476
11.6476
9.41905
11.0667
10.581
8.79048
12.3238
15.7524
14.0476
7.95238
6.93333
8.26667
6.58095
10.6
10.3048
5.79048
10.2095
16.5524
8.06667
7.93333
10.581
6.31429
5.7619
13.6857
14.5143
9.82857
10.3429
12.8286
6.6
14.581
5.0381
8.28571
11.7143
11.3143
13.019
5.88571
9.98095
6.90476
5.07619
6.95238
13.419
8.25714
9.2381
4.34286
10.6952
8.61905
9.55238
10.0952
5.69524
11.7238
13.1048
7.91429
13.619
6.4381
7.70476
7.7619
5.77143
11.5905
10.7619
11.5048
7.97143
10.4952
11.0857
9.86667
13.5238
13.7429
19.9524
11.2095
13.7714
10.6381
13.5048
11.4762
10.5714
9.51429
21.1905
7.91429
7.49524
10.3905
7.8381
11.5143
7.52381
10.4952
6.64762
9.77143
10.3238
7.01905
10.0667
11.4476
11.5524
14.6095
11.8952
15.419
10.3238
12.3048
5.97143
10.8095
7.61905
9.27619
11.4667
15.9714
11.019
17.2
11.2
14.1143
7.50476
5.32381
6.4381
11.7524
7.06667
12.2
8.59048
12.6286
11.5333
10.7333
14.2571
8.78095
15.5333
10.3238
16.1143
13.2667
8.98095
12.9429
10.4095
19.1143
9.48571
11.1333
4.69524
12.1619
6.61905
11.8952
16.8
7.35238
9.60952
9.33333
4.87619
8.08571
9.08571
6.87619
5.82857
8.17143
14.2762
10.5524
11.6952
10.3905
8.88571
14.6571
7.60952
4.66667
13.2857
7.10476
11.7429
11.1048
11.5524
18.9238
10.1524
9.92381
12.7905
8.27619
5.26667
6.17143
12.5143
12.4762
8.20952
6.44762
6.61905
11
12.581
5.86667
9.39048
12.3143
13.1238
7.97143
10.6667
11.3048
11.581
8.77143
6
8.05714
8.69524
6.89524
6.87619
6.6381
7.86667
10.1143
9.68571
12.7714
8.70476
21.3238
12.1619
13.1143
6.18095
10.6667
8.29524
12.9905
13.7238
8.81905
11.7905
8.25714
9.81905
12.3905
7.29524
6.7619
10.6286
5.31429
9.15238
11.8952
5.95238
14.8095
13.4857
12.9048
9.1619
9.75238
4.49524
10.4762
8.44762
10.9333
9.18095
13.4095
7.80952
6.69524
5.49524
8.6
9.95238
11.5333
11.381
6.24762
13.6381
10.6381
8.88571
10.5333
9.95238
6.39048
10.2762
16.0857
14.0381
4.20952
22.419
6.4
7.26667
12.1905
9.05714
7.65714
10.6857
7.10476
15.9619
8.13333
6.6
8.41905
6.67619
9.34286
12.7905
12.3238
11.2381
9.88571
10.7048
11.7619
11.0952
8.75238
5.95238
12.4667
6.74286
5.4381
9.61905
8.66667
12.219
8.39048
12.0095
6.48571
10.8286
12.6952
14.1714
7.01905
12.7333
14.3619
14.7143
8.32381
6.32381
10.9143
12.4
8.0381
15.7048
5.35238
8.65714
9.62857
9.89524
15.2667
5.60952
13.5429
11.9905
4.48571
13.1619
7.85714
11.0476
17.3714
8.4381
5.50476
10.2286
7.89524
9.19048
6.6
9.34286
7.81905
8.28571
6.12381
6.98095
9.49524
13.4762
6.49524
15.9905
8.49524
5.41905
11.5238
7.27619
5.55238
12.3524
9.62857
10.9143
4.26667
14.2571
9.0381
9.19048
14.3333
15.6762
7.24762
7.87619
11.0095
11.1143
7.29524
11.2857
5.65714
6.54286
8.13333
10.2667
7.71429
11.819
11.381
18.1238
5.32381
8.54286
10.219
23.5524
15.3905
12.7143
8.20952
5.42857
6.86667
5.21905
16.2667
11.2095
16.7048
10.0762
9.98095
12.781
9.79048
9.1619
12.1238
14.5238
10.3619
5.73333
9.94286
8.57143
16.1238
8.95238
8.77143
10.4857
12.3619
12.181
12.5619
14.3238
6.80952
11.7238
15.0571
14.4762
7.39048
7.95238
10.9524
4.7619
9.39048
5.70476
13.7714
4.7619
13.4952
17.6762
9.20952
14.1714
7.34286
9.88571
5.39048
8.66667
9.24762
7.6381
6.82857
11.0667
19.6381
10.581
14.8
13.7238
11.8095
13.0571
12.9333
4.87619
10.1524
11.1143
13.0762
13.381
7.26667
7.6
7.6381
9.10476
9.50476
5.54286
11.3143
8.60952
12.4952
5.92381
12.8952
11.1905
12.581
7.47619
14.3333
13.1333
8.26667
10.9524
11.5524
7.71429
14.3238
6.87619
4.4381
9.3619
6.27619
10.419
11.3333
14.1619
11.1619
9.11429
18.7048
9.32381
12.0381
10.2952
11.1619
11.0095
10.219
12.9429
18.381
13.3429
8
7.90476
11.0095
11.9905
11.3524
14.0286
10.0762
6.12381
13.781
18.3143
12.7143
6.74286
13.219
12.981
15.3238
10.6095
11.5714
16.0667
5.58095
13.0381
6.17143
10.7714
16.1333
11.1048
8.62857
12.4476
7.67619
13.0667
13.0762
4.67619
10.0762
13.1429
12.8286
16.1619
10.5524
10.9048
5.58095
4.57143
13.0762
17.981
8.05714
13.1714
21.1429
15.4952
15.7333
12.6476
10.8857
10.5619
11.1238
8.44762
6.39048
5.6
11.1048
5.48571
5.54286
4.66667
11.4
12.3238
15.3429
9.77143
6.46667
6.70476
10.9429
11.2095
7.69524
5.82857
10.9429
11.3905
11.3429
10.3619
9.37143
10.8667
9.67619
10.6
13.7429
13.9429
16.1905
10.9714
16.181
8.79048
10.2
5.32381
8.34286
10.1143
18.0571
8.50476
14.2571
10.3429
11.3143
8.39048
14.2667
7.49524
5.66667
8.48571
8.72381
7.9619
11.3619
7.2
5.4381
6.90476
13.2571
17.619
8.07619
8.94286
8.11429
5.3619
7.31429
8.95238
8.04762
16.2286
6.57143
12.2571
9.35238
6.41905
6.90476
4.90476
18.9238
9.45714
13.8381
9.90476
10.6381
11.4095
10.4762
9.67619
12.7905
16.1714
7.60952
11.2095
5.69524
13.5524
12
5.0381
16.7524
12.3714
6.8
6.74286
7.00952
6.68571
10.9048
13.8762
10.4667
10.5238
7.62857
10.7333
14.4476
9.02857
12.1714
8.68571
14.4762
8.15238
8.68571
12.0952
8.61905
4.0381
6.41905
12.7714
6.49524
11.3333
10.1333
10.2952
12.1238
8.93333
8.13333
5.80952
13.2381
13.4952
11.7429
12.9619
8.77143
7.49524
6.70476
11.6381
7.64762
5.51429
9.0381
11.9143
8.58095
6.78095
10.3714
5.45714
7.38095
7.60952
9.44762
13.1524
11.5429
10.6762
12.0667
9.48571
10.2095
8.32381
11.219
10.2667
5.59048
7.33333
4.39048
5.64762
7.89524
8.55238
5.88571
21.1905
11.7524
11.7714
18.2095
15.0857
7.05714
14.9143
12.1524
10.381
16.0857
5.26667
12.5905
11.8762
9.29524
12.6571
9.50476
13.3048
18.4
6.69524
13.1143
9.91429
8.92381
11.381
7.57143
7.54286
6.02857
15.1714
7.74286
4.8
9.84762
8.86667
5.24762
9.25714
7.84762
7.8
13.581
12.3238
6.39048
6.34286
8.17143
9.78095
8.33333
12.6667
12.1048
15.0857
15.2
10.4571
10.0667
6.05714
8.75238
11.0286
10.7048
11.981
5.6381
7.4381
10.6
16.4952
11.219
5.92381
15.3238
8.85714
18.7714
12.6381
13.219
12.3619
11.4381
11.0286
13.6286
4.87619
13.4762
10.1714
7.84762
6.71429
14.8571
10.2
9.12381
4.1619
9.61905
4.81905
10.6476
9.68571
8.68571
15.2952
9.98095
16.1905
17.7048
9.7619
16.6476
6.92381
9.59048
13.6857
6.64762
8.15238
9.45714
9.91429
6.32381
5.51429
7.41905
10.1524
7.69524
7.9619
10.6
9.33333
6.64762
13.6857
9.48571
12.4952
11.781
7.11429
12.0095
9.64762
11.2286
10.1619
9.20952
12.0667
13.781
13.2857
17.8952
11.1429
12.0381
12.1333
8.59048
23.3143
11.2667
7.30476
7.44762
7.8381
7.55238
7.58095
6.34286
8.66667
6.41905
8.47619
7.04762
9.2381
11.9524
10.4857
11.0571
9.69524
12.3238
17.9905
8.5619
8.51429
6.39048
10.7905
19.1714
6.30476
6.82857
7.55238
10.6286
15.3714
5.55238
8.07619
9.95238
10.0381
14.4
8.3619
7.78095
5.09524
10.1333
5.34286
7.2
10.5238
10.2095
11.0857
11.3238
6.71429
8.22857
12.7143
10.5619
13.0095
6.07619
15.181
9.79048
10.1429
7.89524
9.71429
13.2952
8.45714
13.8381
12.219
9.8
11.7619
11.7238
9.94286
12.3714
7.10476
9.94286
9.35238
4.84762
7.7619
4.69524
10.781
16.7048
6.24762
10.1333
5.86667
11.6
11.4
9.31429
9.94286
14.4952
7.74286
5.81905
7.00952
10.4095
14.0571
10.0476
14.7524
6.30476
12.9619
12.5905
6.24762
11.7524
9.13333
7.60952
9.27619
5.64762
9.47619
8.98095
10.581
11.4381
16.9524
9.91429
9.97143
9.5619
9.87619
7.32381
12.6571
12.8286
8.41905
14.4476
5.21905
10.5619
7.55238
16.9905
13.3048
8.10476
10.1333
10.6286
11.8095
8.81905
5.93333
6.79048
10.5619
8.90476
12.4476
12.7714
6.51429
9.97143
7.86667
7.70476
4.15238
8.20952
7.37143
11.8667
8.41905
7.9619
12.8667
8.38095
8.91429
8.67619
9.13333
10.219
10.6857
6.57143
10.4381
6.79048
10.4667
7.22857
7.00952
16.3429
7.68571
5.7619
10.3048
9.81905
4.70476
10.0286
9.29524
7.62857
12.3143
6.05714
12.619
9.26667
12.1524
9.94286
14.3619
6.0381
10.2571
7.77143
10.1333
11.4667
12.9429
5.5619
9.73333
10.9619
7.64762
13.019
13.3238
8.99048
4.93333
9.99048
9.17143
6.35238
9.22857
5.50476
5.8
14.8571
18.5714
10.2857
12.9619
10.6571
7.81905
8.22857
6.32381
7.18095
12.6857
6.57143
16.4286
8.85714
13.5524
8.85714
4.29524
14.4857
6.22857
14.2952
6.46667
10.4476
7.59048
6.66667
9.35238
10.7714
7.5619
4.4381
6.05714
7.70476
8.12381
6.91429
8.0381
8.60952
16.6381
6.41905
10.4476
8.50476
5.46667
8.37143
15.0095
19
8.92381
8
11.4667
12.0857
14.7619
6.92381
11.5143
9.97143
11.8667
10.2381
5.21905
9.02857
12.219
17.819
8.06667
14.0476
6.47619
7.64762
11.019
6.57143
12.1238
7.6381
9.11429
5.5619
13.8286
14.0857
7.10476
11.1333
6.18095
8.59048
10.0857
10.2762
10.4381
18.8286
11.3333
9.50476
6.65714
9.31429
7.2
10.9905
7.00952
13.4095
13.7714
11.5048
13.981
15.1048
9.09524
11
12.4476
8.32381
10.381
7.6
12.4571
4.14286
9.88571
7.8
8.33333
10.8667
12.619
9.93333
9.68571
5.55238
5.58095
9.30476
9.1619
4.4381
8.34286
5.4381
10.9048
7.14286
11.781
10.4381
5.20952
10.3524
7.42857
15.4286
5
12.619
14.5905
10.9048
9.85714
6.15238
9.98095
9.77143
7.33333
5.99048
7.13333
6.66667
9.59048
10.3905
7.48571
9.06667
8.22857
8.31429
10.2571
15.8762
5.00952
8.99048
9.48571
10.9048
13.8381
8.8381
6.35238
5.41905
11.6
8.6381
13.1143
8.8381
14.9143
6.45714
8.46667
8.98095
10.181
13.1905
11.6952
20.6571
7.08571
13.0857
6.8
5.91429
7.37143
14.981
13.6476
9.29524
6.85714
13.4476
10.5333
9.40952
11.5619
4.27619
8.69524
10.619
7.3619
12.219
11.219
10.4571
13.619
7.55238
9.02857
8.17143
7
5.99048
7.86667
16.2857
6.31429
9.21905
6.2381
6.64762
7.34286
7.0381
9.27619
17.0762
5.84762
6.06667
9.38095
9.29524
14.6286
17.4857
11.5619
8.4381
10.219
6.26667
11.7238
4.71429
10.4952
7.13333
4.86667
7.98095
12.5905
7.59048
11.0762
11.5238
7.84762
11.1048
8.81905
12.2381
10.4381
9.72381
8.09524
13.2857
13.3048
9.8
12.3524
10.3238
15.0095
8.73333
6.4
13.6
15.0286
12.2381
8.28571
6.81905
16.1048
6.47619
6.28571
17.9429
9.15238
8.5619
6.40952
17.1238
13.6381
11.4381
13.4857
7.45714
12.7238
8.09524
13.2857
13.181
12.4762
6.55238
5.18095
8.02857
13.2476
9.31429
11.7524
5.95238
8.95238
11.1619
14.2571
11.5333
11.8952
16.1524
17.619
11.3048
11.9143
6.4381
7.99048
10.5143
10.8667
7.1619
8.14286
6.89524
8.44762
6.65714
9.10476
10.1429
6.0381
8.75238
6.58095
6.84762
8.08571
7.49524
6.13333
7.7619
13.1619
15.1714
11.5333
4.70476
14.0286
10.9143
15.5905
10.8667
13.5714
6.30476
10.7429
8.91429
7.82857
12.2952
8.05714
4.86667
7.04762
9.54286
7.44762
9.08571
12.0571
10.8762
10.7905
4.68571
14.2667
9.46667
5.31429
7.0381
12.1905
7.88571
12.1619
6.07619
11.019
4.35238
12.9714
7.55238
7.86667
10.0952
11.8286
12.1429
6.2381
17.6667
6.30476
10.5714
19.9619
5.37143
6.62857
11.1238
9.26667
9.2
10.7238
5.9619
5.74286
9.05714
5.71429
11.5714
7.85714
12.1048
5.89524
15.2476
6
8.50476
12.0381
14.9429
9.75238
15.3524
11.9333
6.66667
18.7143
9.94286
7.07619
7.92381
16.5238
15.1048
10.2286
13.3238
10.3714
12.5143
5.68571
11.6095
7.51429
7.68571
10.4571
10.1333
9.07619
14.1714
6.85714
8.00952
10.4667
10.1619
7.10476
12.7619
12.2476
14.7238
15.7143
14.1333
14.6571
11.0381
15.8762
10.0762
6.7619
11.1238
6.71429
7.4381
6.15238
15.6952
10.181
13.4095
7.22857
12.019
6.12381
8.29524
7.66667
9.15238
9.5619
13.8
12.6952
10.1143
9.46667
4.62857
6.06667
7.31429
9.59048
8.54286
7.47619
9.90476
14.4857
14.0667
13.7905
5.62857
8.51429
12.8952
5.60952
10.4381
4.48571
4.58095
6.1619
11.0381
5.2
8.33333
7.50476
9.28571
8.27619
8.3619
8.7619
8.20952
10.981
11.9619
13.7048
12.819
13.3429
8.55238
14.0571
8.68571
8.99048
8.0381
13.9905
10.4952
7.04762
6.19048
5.62857
11.3905
13.8095
14.7905
9.51429
6.2
8.26667
5.7619
7.5619
9.32381
7.13333
6.04762
5.46667
6.60952
10.6476
13.8095
7.87619
7.15238
12.1333
8.73333
8.97143
8.57143
11.9714
9.84762
10.7048
13.6476
14.219
8.95238
13.4095
13.0952
10.8952
11.1429
7.79048
10.7619
6.86667
18.3524
17.0857
5.46667
7.93333
8.71429
9.86667
12.9619
14.4095
9.28571
8.72381
10.2381
9.94286
13.8095
12.4952
12.8095
11.7333
6.89524
8.90476
9.39048
14.0667
8.1619
7.2
9.74286
8.20952
9.89524
8.38095
9.46667
6.07619
9.60952
6.91429
8.26667
5.60952
13.7238
10.1238
11.1619
11.4476
5.42857
10.381
12.2667
10.3238
13.8476
13.819
11.2286
6.66667
4.48571
7.20952
7.48571
9.81905
11.1238
14.1524
14.6857
13.3905
11.4286
5.48571
6.32381
7.88571
8.06667
8.20952
7.20952
7.65714
6.41905
10.9905
10.8095
6.9619
14.3333
12.9048
7.29524
15.7048
10.9905
11.4286
10.3333
9.18095
9.42857
14.781
15.2476
15.0095
9.6
9.71429
6.50476
10.1714
6.12381
8.31429
7.5619
6.11429
8.90476
13.8857
7.15238
11.2667
6.48571
6.0381
8.04762
9.79048
15.2952
13.6381
6.91429
10.9714
9.97143
8.30476
11.2952
7.70476
7.64762
8.4
6.75238
9.65714
8.0381
10.2667
11.019
5.39048
8.49524
8.17143
7.75238
9.11429
8.84762
7.74286
13.1143
8.05714
9.6
11.7905
14.019
6.11429
5.05714
7.6381
14.4381
7.93333
7.01905
10.0476
10.8952
9.53333
9.93333
5.87619
12.7429
9.49524
8.94286
6.07619
11.1333
7.59048
6.29524
7.38095
8.18095
10.1619
11.7238
14.1143
8.50476
8.41905
11.9143
5.87619
11.7143
14
6.86667
12.8095
13.7429
6.8
4.99048
13.9333
9.12381
7.11429
14.1238
13.3333
8.8381
9.33333
6.21905
9.49524
10.2667
7.11429
14.019
15.1905
12.6476
6.30476
7.4381
13.6476
13
5.11429
12.8952
14.8476
17.4381
6.67619
13.4857
13.5048
5.86667
7.68571
12.2857
11.9238
7.64762
11.0571
6.69524
11.7048
15.2571
7.19048
8.71429
10.7905
9.4381
8.98095
14.5714
8.28571
7.19048
7.53333
8.04762
9.5619
8.21905
9.90476
7.2381
13.0381
11.4381
8.97143
10.4095
9.78095
7.38095
5.25714
7.91429
5.41905
13.619
13.4762
7.82857
5.50476
10.2
7.19048
14.6
7.28571
8.28571
6.33333
18.381
11.1619
8.4
7.39048
9.41905
14.3048
8.79048
4.4
6.62857
7.44762
8.34286
4.57143
9.9619
16.5238
4.69524
14.6762
18.2095
6.84762
11.9238
9.75238
6.32381
9.2
12.0095
7.17143
8.13333
8.71429
13.9143
10.1333
11.9048
9.69524
15.6571
5.25714
14.2571
12.1905
16.381
5.08571
18.2286
12.8381
15.2762
18.2095
8.5619
7.32381
6.22857
7.37143
7.8
11.419
12.8286
8.88571
4.80952
6.6381
8.41905
8.3619
9.60952
14.8762
5.72381
5.4381
10.3429
13.419
13.6
14.1238
14.9143
9.30476
6.72381
11.6
14.9619
10.0095
11.3048
9.1619
13.4667
9.24762
14.1905
5.95238
5.2381
7.77143
6.97143
5.94286
5.95238
8.25714
8.72381
4.87619
15.3524
11.8952
8.31429
11.4095
11.6
10.9143
9.52381
13.4
9.46667
9.20952
12.3143
14.381
15.7429
7.3619
12.419
8.82857
11.9143
14.1619
8.68571
11.0667
10.5619
6.9619
9.6381
9.31429
10.8952
13.6762
14.2476
11.2857
15.2
9.77143
7.99048
6.6381
6.42857
9.49524
10.5619
12.0762
9.41905
9.87619
5.25714
8.8381
7.0381
11.7238
13.9905
5.88571
12.6952
7.90476
11.8381
12.8286
13.6571
6.57143
5.94286
12.2762
6.48571
10.3429
4.71429
10.2286
5.98095
5.5619
4.6381
6.57143
22.0952
11.581
9.55238
7.8
8.04762
5.8381
9.18095
12.3333
11.9905
5.39048
4.95238
8.71429
13.9143
7.01905
9.70476
13.1714
11.4667
6.31429
9.90476
12.019
9.35238
9.86667
10.9333
12.0667
7.52381
4.8381
9.47619
6.44762
9.67619
15.9143
17.7619
12.8667
12.4667
8.50476
12.2857
12.7905
6.40952
6.17143
9.73333
6.04762
12.8381
8.48571
10.0952
12.2571
9.34286
12
11.0095
6.75238
16.3524
9.2381
6.75238
4.45714
9.04762
6.14286
9.15238
9.58095
17.5238
9.90476
11.3048
10.5143
8.2381
6.35238
15.6762
8.50476
11.6762
11.7714
10.8095
12.0095
12.8571
15.5238
7.5619
7.41905
8.19048
25.8381
12.1429
13.5714
13.8095
10.8476
7.40952
8.6381
7.28571
12.219
5.88571
14.0381
15.8095
9.13333
9.6
13.3619
7.33333
8.15238
6.1619
14.4
18.419
8.64762
5.73333
12.2381
9.38095
11.2381
6.10476
10.7333
10.4
14.5238
11.6095
16.2
11.6095
12.5714
8.26667
9.92381
11.4095
15.3333
9.2381
6.0381
11.2762
8.2381
13.9143
9.70476
6.90476
9.09524
6.22857
4.73333
6.2381
6.22857
8.22857
7.10476
11.5333
9.14286
10.0476
7.78095
5.27619
7.05714
13.7905
5.52381
8.78095
5.66667
7.11429
11.5333
6.4
10.3429
7.91429
14.0476
10.2095
10.3905
5.68571
16.2857
4.80952
13.3714
8.26667
6.40952
9.24762
12.981
15.5714
6.84762
11.0095
10.9333
15.1905
9.84762
11.2286
5.61905
4.65714
6.86667
6.38095
14.0857
6.55238
10.4762
7.04762
6.73333
13.2381
8.78095
8.24762
12.0857
8.10476
6.08571
9.28571
11.1714
7.68571
6.10476
7.09524
7.64762
9.72381
9.54286
13.7524
7.80952
5.87619
7.33333
7.39048
6.73333
9.95238
8.79048
7.7619
13.1048
10.3333
12.1619
7.69524
6.97143
13.8381
10.4286
11.8286
10.3429
10.5048
9.24762
11.7714
7.2381
9.2381
9.4
9.60952
4.60952
19.1143
11.1333
6.99048
13.0476
5.35238
15.4857
4.46667
9.09524
12.419
13.5524
12.1143
10.3619
7.04762
9.26667
7.49524
6.08571
12.0476
14.2
8.49524
10.0952
9.77143
11.8
6.01905
9.21905
7.8381
8.47619
4.42857
6.00952
4.91429
9.40952
5.08571
9.54286
9.2
14.219
4.85714
5.53333
9.27619
10.8286
7.62857
5.99048
9.99048
9.00952
7.84762
11.2952
8.6
4.80952
6.32381
10.6
7.88571
5.60952
9.69524
11.5714
10.419
4.01905
7.06667
13.1905
8.08571
14.181
9.19048
12.5238
7.99048
15.0286
16.2476
11.9429
9.80952
9.75238
15.8762
8.55238
7.39048
19.6762
10.2857
10.7429
14.6762
7.18095
6.48571
9.94286
12.2286
7.69524
5.67619
12.5905
8.84762
17.9905
15.7429
8.98095
13.1048
11.1524
14.2381
6.4
9.55238
12.819
9.67619
7.80952
10.9238
14.7143
10.1429
9.88571
11.1429
8.71429
7.79048
10.1143
9.65714
17.0667
5.78095
10.7524
5.8381
8.70476
9.09524
11.0381
11.581
8.89524
4.35238
11.2857
6.09524
14.8
12.181
13.9714
13.8095
9.19048
9.74286
8.99048
8.90476
10.2286
13.3619
4.60952
7.91429
9.90476
16.7714
11.2952
12.9905
12.1143
6.38095
7.21905
4.5619
12.6857
11.0857
8.27619
7.29524
10.2667
9.34286
6.99048
9.73333
9.28571
12.2286
10.5143
10.7333
5.14286
10.6667
13.381
9.57143
9.86667
11.981
9.69524
8.67619
10.8286
9.24762
10.4476
11.8381
11.6571
11.7048
13.9714
5.54286
8.14286
14.5905
6.21905
8.39048
9.4
7.01905
8.47619
5.59048
5.2381
11.1238
6.86667
9.44762
5.88571
11.2381
9.9619
8.50476
12.4286
4.50476
8.30476
7.0381
12.3238
8.89524
12.2286
10.0857
5.08571
7.62857
7.00952
10.9333
8.61905
11.5143
10.1143
7.86667
8.17143
10.7524
10.5143
7.80952
6.05714
9.42857
8.12381
7.30476
8.6
10.1714
8.09524
7.82857
9.53333
12.4762
9.09524
6.79048
8.79048
13.7238
9.82857
14.0381
9.19048
7.52381
10.8571
6.92381
9.3619
6.87619
11.0095
6.40952
10.1143
10.2381
10.9048
6.35238
8.22857
13.0667
5.3619
9.87619
7.68571
8.1619
11.8571
7.41905
7.94286
8.18095
10.7619
8.60952
7.20952
10.6095
8.27619
7.01905
5.77143
12.2857
16.0667
13.7619
11.1524
17.6571
8.08571
5.87619
4.62857
8.13333
13.4762
9.85714
11.5714
11.7524
13.1714
12.419
9.65714
9.79048
11.019
13.6857
11.6476
4.2
8.7619
10.4857
23.7905
10.4381
12.9905
6.68571
9.4
13.4857
9.29524
5.28571
9.00952
13.4381
12.1143
14.6476
4.17143
8
8.80952
12.981
6.15238
10.6952
9.20952
24.981
11.4857
8.44762
15.2571
9.99048
12.0571
11.5238
6.59048
9.22857
5.24762
9.3619
6.17143
9.27619
11.1333
9.4
14.2476
15.1714
9.30476
5.65714
6.86667
6.45714
11.2667
14.419
5.5619
14.7905
6.4381
8.29524
14.5619
10.0667
8.47619
11.6095
5.41905
6.07619
5.99048
7.67619
8.30476
10.5619
8.24762
8.21905
8.27619
13.2095
5.64762
8.87619
5.81905
7.4
8.44762
10.4
7.53333
10.6
6.65714
5.9619
5.24762
6.22857
6.15238
5.97143
8.81905
8.8381
19.3905
6.33333
10.7714
7.41905
13.2857
8.07619
9.89524
15.0952
5.08571
14.6095
17.0095
12.4762
13.2762
5.21905
7.62857
7.2381
7.00952
15.5619
18.1143
12.9238
17.819
8.8
17.4667
13.4571
14.0857
8.6381
14.0381
5.11429
17.0952
6.3619
10.5714
11.219
9.39048
11.1524
8.71429
5.94286
13.419
6.71429
5.01905
7.22857
4.86667
7.40952
9.20952
7.34286
13.2
4.47619
11.9048
16.9238
5.8381
10.0476
12.6381
9.95238
5.54286
6.8
11.4286
8.42857
7.92381
6.12381
10.5905
7.77143
13.219
13.8952
15.7048
10.0857
10.619
9.77143
15.8762
12.5905
6.88571
8.7619
8.19048
7.24762
10.3238
7.2381
8.69524
13.7524
26.7238
12.819
7.66667
6.53333
7.62857
8.94286
10.1619
5.50476
7.39048
6.88571
5.21905
9.15238
7.78095
8.90476
5.74286
14.1238
11.6952
5.28571
7.97143
9.2
15.419
5.35238
8.51429
10.1429
7
8.37143
19.1143
13.581
9.21905
8.47619
7.06667
5.57143
8.52381
7.22857
12.7333
9.54286
8.70476
11.2
5.41905
7.46667
10.4095
12.2
8.65714
9.02857
15.2
8.28571
7.4381
9.95238
10.6
10.2762
11.4095
4.34286
8.47619
4.88571
4.90476
11.019
12.0952
5.0381
9.04762
10.4762
13.5619
7.64762
6.01905
6.32381
5.29524
15.7048
13.9524
8.07619
6.11429
4.8
8.71429
7.37143
8.26667
4.88571
6.34286
10.2286
7.4
6.2381
8.14286
11.1238
10.8571
14.3619
8.97143
13.4286
5.42857
14.6667
11.1905
11.6667
8.89524
9
5.01905
10.6667
9.41905
10.5333
11.2667
9
7.85714
8.15238
8.1619
15.1714
15.9619
5.48571
10.6571
13.2
7.59048
10.9048
6.18095
7.17143
8.84762
4.65714
11.9524
9.1619
5.64762
10.3238
7.38095
8.07619
7.09524
19.8476
4.48571
8.6381
9.4
7.69524
12.9619
5.05714
12.1238
10.2952
14.4952
14.5714
8.39048
8.62857
12.6857
7.75238
12.019
8.53333
7.4381
9.93333
14.4476
9.81905
10.3619
7.8
10.6476
9.09524
11.7333
12.3048
10.181
4.49524
12.8286
9.37143
11.0667
12.7905
4.77143
5.53333
7.35238
7.11429
4.64762
12.3143
9.88571
9.70476
8.4381
8.94286
8.18095
8.74286
3.40952
4.69524
9.02857
7.55238
5.62857
8.01905
8.15238
5.8
7.40952
5.85714
7.66667
8.95238
10.5619
7.4
5.19048
3.8381
8.15238
5.55238
7.8
3.5619
4.78095
4.04762
7.30476
8.25714
4.81905
13.3333
5.71429
7.13333
11.9714
7.27619
7.53333
3.32381
5.10476
6.89524
9.25714
6.84762
11.8857
7.50476
6.51429
5.7619
8.22857
6.10476
4.9619
12.219
10.3619
13.5333
6.66667
5.38095
6.6381
5.62857
12.4571
12.7048
7.84762
8.74286
7.87619
5.15238
4.09524
7.2381
8.82857
9.66667
5.85714
7.77143
11.3524
11.6
3.9619
10.9714
11.181
4.2
4.90476
4.57143
15.7524
6.68571
8.18095
11.0857
8.15238
7.67619
7.97143
10.1333
13.8952
13.4762
8.11429
10.3048
10.9143
7.6
8.17143
8.07619
5.11429
5.65714
8.20952
6.18095
8.73333
3.50476
4.69524
5.4
8.45714
9.67619
5.20952
6.89524
6.7619
4.7619
9.34286
7.67619
8.14286
3.45714
10.419
11.8286
5.6381
3.82857
8.38095
11.7905
10.5429
4.31429
7.67619
6.74286
9.05714
5.53333
6.48571
5.57143
4.86667
6.44762
8.65714
6.05714
7.1619
5.92381
9.37143
4.49524
8.73333
7.62857
6.6381
6.85714
6.62857
5.86667
5.47619
11.1619
8.09524
8.74286
4.89524
4.7619
4.77143
7.54286
7.00952
4.11429
10.8762
8.04762
7.88571
6.02857
9.72381
4.62857
6.65714
4.94286
4.19048
6.59048
4.71429
3.11429
8.30476
6.40952
6.64762
6.41905
10.3524
8.27619
3.8
6.28571
4.37143
13.3238
9.70476
5.37143
4.11429
6.01905
8.21905
13.981
6.48571
11.8
3.09524
13.6286
11.6095
5.11429
6.25714
10.8667
7.08571
9.13333
7.74286
7.82857
4.59048
9.40952
3.59048
5.77143
3.55238
4.38095
3.45714
9.05714
4.86667
7.51429
8.61905
4.32381
7.35238
24.3238
6.59048
5.4
4.11429
8.99048
3.92381
6.59048
4.82857
9.64762
6.50476
9.52381
8.2381
6.25714
12.2095
7.62857
7.4381
5.72381
6.42857
4.58095
6.86667
6.05714
10.1905
6.78095
13.0286
12.4
3.4
12.4667
4.15238
9.7619
7.39048
5.49524
7.60952
5.84762
8.60952
4.2
5.52381
10.0857
9.37143
6.2
6.49524
9.22857
9
11.1143
10.8857
9.75238
3.68571
5.17143
11.4381
11.3429
9.24762
4.66667
10.7238
6.85714
5.87619
6.15238
17.3429
6.06667
14.5048
4.71429
10.8
7.80952
17.1333
3.34286
6.71429
5.02857
8.7619
10.4476
11.5619
5.35238
3.11429
14.0476
7.8381
3.72381
9.88571
8.54286
6.84762
8.87619
7.59048
9.22857
5.4
9.26667
11.4952
12.2762
7.44762
9.00952
4.97143
5.45714
6.75238
5.59048
11.6857
8.02857
3.51429
3.24762
4.57143
4.42857
8.38095
5.00952
11.1048
3.51429
7.66667
6.39048
9.75238
6.86667
10.3238
9.59048
10.0952
4.07619
10.0476
9.9619
5.5619
4.55238
3.3619
7.88571
9.90476
7.40952
12.3714
3.3619
11.1429
6.75238
4.80952
9.86667
5.26667
4.8
11.181
3.0381
3.54286
5.05714
4.91429
4.21905
4.37143
9.07619
3.59048
6.09524
4.32381
4.06667
5.64762
6.5619
5.95238
5.71429
8.18095
11.3048
6.2381
6.81905
8.00952
6.25714
7.35238
4.17143
12.019
7.60952
3.68571
11.9524
5.02857
7.46667
9.12381
4.37143
9.88571
5.97143
8.87619
7.70476
7.57143
12.0571
14.6381
5.07619
12.2952
4.89524
6.99048
14.8571
15.9429
8.81905
6.70476
9.12381
5.0381
4.13333
3
8.89524
7.9619
6.35238
8.05714
3.73333
15.0286
10.3619
7.74286
7.49524
11.9524
16.2381
5.3619
9.13333
4.47619
7.27619
7.54286
8.25714
7.20952
7.39048
4.72381
7.00952
7.34286
8.64762
12.8476
10.2095
12.9905
9.19048
42.1048
9.3619
8.6381
4.6381
5.4
7.0381
5.25714
9.27619
12.8095
8.39048
8.73333
12.4667
4.44762
10.6286
4.6
3.49524
4.94286
4.34286
12.3238
5.33333
9.33333
8.32381
9.86667
7.18095
9.48571
7.27619
7.52381
6.46667
5.04762
4.32381
11.0095
9.47619
13.5048
4.79048
6.79048
6.62857
7.75238
9.81905
5.44762
7.33333
10
8.98095
10.619
5.37143
5.78095
8.07619
6.91429
3.24762
9.72381
4.17143
12.8381
11.5333
6.05714
3.44762
9.3619
5.26667
7.17143
4.29524
3.21905
9.11429
5.4381
7.4
6.99048
8.14286
9.24762
11.1238
3.05714
7.62857
7.7619
11.1429
8.11429
11.4762
7.65714
3.95238
6.50476
4.88571
9.80952
7.37143
10.2095
5.54286
5.61905
4.59048
5.97143
5.10476
5.04762
4.22857
5.66667
6.42857
4.6
10.8667
13.7048
6.64762
5.30476
5.32381
8.44762
6.06667
3.9619
8.14286
5.15238
4.05714
8.8381
3.53333
3.24762
8.84762
12.3333
7.11429
8.50476
7.32381
13.5524
4.99048
11.3619
7.87619
8.2
11.0857
9.87619
8.3619
6.57143
7.32381
5.5619
3
13.7429
10.981
13.8952
11.019
8.13333
9.05714
11.0286
6.91429
9.11429
12.0476
5.78095
11.6476
9.08571
7.44762
5.95238
7.38095
4.08571
5.30476
11.8952
5.50476
5.61905
5.24762
10.2095
6.13333
8.81905
5.50476
4.66667
5.77143
6.12381
5.11429
7.17143
5.93333
5.95238
9.41905
4.80952
5.7619
5.67619
8.35238
3.40952
6.00952
6.42857
8.52381
4.17143
3.50476
3.75238
7.70476
3.62857
4.7619
4.47619
4.55238
5.64762
4.68571
5.77143
4.38095
10.4286
7.25714
11.1143
6.98095
9.72381
6.12381
8.4
11.3905
5.90476
3.2381
3.30476
3.29524
7.44762
5.09524
7.12381
10.6
12.8762
5.51429
3.79048
13.0476
9.5619
7.11429
3.20952
5.81905
3.20952
3.3619
7.79048
7.87619
14.9714
3.87619
10.1905
10.1143
12.9048
6.26667
10.0857
8.75238
11.4857
15.1619
4.21905
4.85714
5.90476
8.62857
8.35238
5.66667
8.48571
8.14286
7.59048
3.79048
7.88571
8.15238
4.7619
5.90476
8.25714
10.2571
5.8381
15.3905
7.85714
10.781
8.85714
10.4571
8.51429
3.67619
8.28571
3.44762
4.26667
5.52381
6.57143
11.3714
4.42857
7.00952
11.8381
3.81905
5.42857
4.07619
7.09524
9.00952
7.9619
6.57143
10.0762
6.08571
6.92381
5.20952
8.34286
11.3333
7.7619
6.30476
9.69524
10.1048
6.93333
3.91429
4.69524
6.46667
3.94286
9.21905
4.68571
5.50476
10.5048
6.47619
5.00952
4.42857
6.51429
3.1619
9.44762
11.7048
3.24762
3.4381
4.37143
4.10476
6.09524
5.93333
6.08571
3.88571
10.8476
5.94286
9.94286
5.95238
7.60952
4.18095
4.00952
4.4
7.74286
4
4.4
6.99048
9.87619
7.21905
4.66667
4.78095
5.8381
3.40952
5.05714
4.92381
13.4381
5.29524
4.84762
3.90476
6.29524
10.9524
7.31429
9.4381
3.73333
11.5238
5.48571
5.61905
10.619
3.10476
9.99048
3.6381
9.12381
6.28571
3.8
9.70476
3.54286
10.1524
9.38095
3.95238
4.95238
3.97143
12.2476
11.6952
7.20952
3.93333
12.4571
5.06667
8.6381
9.67619
10.7143
4.74286
4.85714
6.66667
4.77143
4.04762
14.8286
4.41905
10.2571
4.24762
14.6571
4.49524
8.79048
8.66667
5.54286
3.42857
4.11429
3.85714
12.9714
8.92381
7.35238
7.39048
3.1619
5.6381
11.2571
4.32381
9.74286
11.8857
3.8381
9.02857
4.34286
8.18095
10.8286
9.39048
5.8381
9.26667
8.12381
6.78095
13.4667
8.21905
6.09524
4.2381
5.13333
4.27619
3.61905
7.91429
10.7524
3.91429
5.52381
5.97143
3.73333
6.39048
4.89524
8.28571
5.86667
4.85714
9.64762
3.13333
12.9524
14.1048
10.2857
11.9714
8.9619
4.2381
7.18095
4.53333
11
5.93333
6.4
5.20952
7.62857
7.8381
3.21905
4.84762
3.95238
8.20952
13.9238
5.60952
8.6
4.80952
9.26667
6.92381
3.10476
5.29524
8.27619
8.86667
9.00952
7.08571
8.70476
9.39048
4.11429
7.86667
9.50476
9.8381
4.81905
9.2
6.31429
3.35238
4.80952
7.70476
4.98095
5.51429
4.48571
7.67619
13.2571
4.60952
5.04762
10.3238
7.08571
6.88571
7.81905
9.3619
11.0857
8.69524
5.42857
13.2667
6.46667
3.21905
3.81905
5.72381
3.31429
12.4095
4.82857
6.5619
3.53333
7.12381
8.6381
5.57143
12.2
8.2381
5.68571
10.2476
7.13333
7.05714
9.82857
4.80952
6.17143
6.08571
9.4381
8.58095
5.97143
13.2571
8.86667
7.15238
6.80952
10.7333
4.15238
8.09524
10.2857
3.90476
9.5619
12.8
12.3429
5.55238
11.8381
3.38095
8.06667
10.4952
10.1619
6.65714
6.47619
3.75238
5.18095
6.2
9.24762
11.9333
3.26667
7.55238
7.8
4.50476
10.5238
10.8
10.2762
10.6571
9.34286
9.39048
7.61905
13.6476
8.48571
4.59048
9.22857
7.92381
3.32381
10.1524
11.9143
12.6952
6.02857
9.78095
6
12.4
9.95238
9.2381
4.73333
8.54286
5.10476
8.24762
5.95238
9.31429
5.20952
4.93333
9.24762
8.64762
11.1048
3.78095
3.8
5.04762
5.82857
5.51429
3.42857
8.4381
4.6381
4.44762
3.05714
6.48571
6.77143
8.00952
10.1714
6.29524
10.2286
6.06667
20.8857
5.38095
5
9.44762
4.24762
5.13333
3.28571
8.89524
6.11429
5.14286
3.46667
8.60952
4.48571
4.2381
5.46667
8.30476
5.10476
4.05714
4.8381
7.02857
6.75238
3.58095
6.8
5.02857
7.86667
9.61905
6.67619
8.89524
7.14286
10.6381
5.87619
7.73333
3.41905
7.6
5.10476
4.59048
6.59048
10.2667
9.77143
5.12381
3.70476
6.81905
8.12381
3.18095
5.73333
12.1048
8.67619
8.48571
9.74286
6.31429
5.79048
8.2381
6.80952
5.84762
8.39048
7.17143
6
4.08571
9.94286
3.55238
6.35238
10.5524
7.89524
10.1048
9.37143
9.5619
10.6571
3.60952
5.18095
8.6381
6.70476
5.21905
6.65714
7.8381
9.60952
7.02857
4.09524
12.0857
3.2
3.29524
4.26667
5
7.82857
12.6857
6.95238
6.71429
6.31429
5.15238
8.91429
12.2667
8.2
11.5429
4.09524
4.18095
3.73333
7.95238
9.60952
9.59048
8.0381
4.20952
8.53333
4.32381
12.1048
6.21905
8.52381
3.54286
11.3714
9.41905
8.31429
5.78095
7.17143
8.65714
5.72381
4.5619
8.32381
6.91429
7.47619
8.19048
9.95238
4.9619
5.66667
12.9905
5.25714
6.11429
7.38095
4.21905
6.45714
11.8857
4.70476
7.88571
10.419
6.78095
9.4
7.62857
11.0381
4.78095
3.95238
4.25714
9
7.87619
7.80952
6.70476
11.5143
3.89524
8.60952
7.49524
7.99048
4.60952
15.0952
18.8476
8.08571
7.40952
7.90476
8.81905
5.38095
10.4
12.1143
9.8381
10.3333
9.78095
8.65714
8.9619
6.17143
10.2571
8.37143
7.80952
9.52381
5.02857
7.22857
10.2286
8.38095
12.0857
10.6381
6.99048
10.3333
14.6667
5.92381
4.98095
7.7619
10.6095
3.79048
7.75238
7.92381
13.2857
8.2381
7.48571
13.4952
5
8.09524
3.33333
8.8381
7.60952
4.24762
4.99048
10.1905
6.71429
7.86667
5.64762
14.019
11.419
7.94286
5.54286
7.8
8.58095
3.11429
8.13333
8.6381
3.2
8.79048
11.1619
4.31429
7.64762
8.32381
6.30476
6.78095
3.82857
8.22857
7.5619
12.8857
12.8857
5.64762
3.4
7.35238
10.6095
4.87619
10.2381
5.62857
4.89524
12.5619
4.13333
3.47619
14.3905
8.59048
10.3714
14.3905
12
9.62857
4.78095
7.93333
8.8381
15.1143
7.22857
4.7619
6.66667
10.0476
8.17143
6.8
10.6095
11.4286
8.5619
5.30476
6.6
6.37143
4.05714
15.981
3.41905
5.64762
10.4381
9.6381
12.6571
8.26667
5.72381
9.94286
5.02857
7.37143
6.15238
9.31429
7.47619
6.77143
4.24762
5.50476
5.52381
5.06667
7.52381
7.20952
5.99048
3.19048
7.8381
4.26667
6.19048
4.58095
5.12381
4.95238
6.60952
9.4381
9
5.1619
4.74286
8.66667
4.73333
8.51429
7.35238
9.84762
14.8857
6.41905
6.58095
13.1524
11.8667
5.4
4.91429
8.92381
12.8476
11.1048
3.64762
7.59048
4.31429
13.3048
6.73333
9.90476
6.48571
8.04762
6.27619
5.39048
7.91429
3.04762
7.7619
10.3429
8.53333
8.81905
6.61905
8.6381
6.50476
6.41905
4.4
14.4
9.47619
5.95238
7.85714
10.2286
3.57143
3.61905
9.61905
6.47619
3.59048
16.8667
10.8286
3
8.29524
8.69524
5.97143
6.33333
8.2
7.54286
3.48571
6.91429
8.92381
6.97143
7.26667
11
5.29524
8.69524
9.04762
7.41905
6.97143
3.00952
10.7524
8.2381
5
7.88571
12.7333
9.92381
4.90476
6.98095
3.41905
9.60952
4.50476
10
9.02857
7.19048
5.33333
7.95238
3.9619
9
5.72381
11.0381
10.1619
4.74286
6.2381
7.82857
5.59048
9.87619
11.6381
8.79048
3.21905
5.15238
7.87619
7.44762
8.50476
6.27619
8.02857
5.77143
8.7619
14.9143
11.1905
10.2667
7.66667
5.81905
5.17143
5.37143
10.819
4.6381
5.49524
5.20952
4.70476
11.8476
5.41905
5.58095
7.90476
6.15238
11.3905
5.5619
8.32381
10.6476
7.66667
7.99048
6.21905
12.2381
6.46667
9.84762
7.75238
4.19048
3.30476
5.55238
6.78095
10.1333
8.55238
3.46667
9.0381
9.58095
3.91429
4.07619
5.74286
4.29524
3.93333
5.30476
7.12381
7.94286
5.81905
3.6
10.3905
9.45714
7.5619
3.79048
8.46667
8.72381
3.54286
4.74286
4.64762
7.18095
4.54286
3.32381
7.69524
5.02857
5.58095
4.94286
11.5048
6.58095
4.4381
11.0952
4.74286
7.86667
7.88571
6.80952
5.8381
7.5619
5.92381
13.0381
6.17143
10.7619
7.47619
6.94286
14.3524
8.46667
8.8
9.61905
11.0952
8.51429
6.48571
3.74286
5.8
6.50476
7.57143
9.2
6.7619
4.5619
7.20952
7.28571
7.11429
3.35238
5.6381
5.80952
7
8.06667
6.52381
3.79048
11.0667
6.28571
7.2
10.6667
4.8
8.80952
9.61905
4.91429
4.88571
7.54286
10.8857
4.15238
3.20952
9.01905
15.0381
10.181
8.2381
12.5619
12.219
5.22857
4.53333
3.65714
4.24762
9
5.3619
7.2381
3.60952
6.12381
5.64762
11.2476
9.93333
10.0095
5.9619
3.97143
4.35238
14.0381
5.87619
10.8571
10.4095
11.5048
5.66667
9.87619
7.65714
7.99048
7.05714
5.86667
4.14286
3.29524
4.34286
6.47619
5.74286
4.94286
13.0952
9.60952
8.46667
10.381
7.87619
9.1619
5.61905
8.92381
8.5619
7.39048
5.20952
13.0381
6.24762
3.69524
7.20952
10.7429
16.7429
3.54286
7.91429
3.67619
8.10476
4.1619
3.11429
10.0095
3.9619
7.31429
4.29524
6.06667
7.17143
5.73333
5.48571
6.2381
7.29524
6.39048
8.44762
5.95238
3.50476
4.92381
5.8
4.95238
10.5905
7.0381
3.69524
11.3048
8.6381
3.54286
14.5619
10.2762
6.06667
6.18095
8.7619
6.6381
8.75238
7.9619
10.1905
7.54286
5.81905
10.2095
3.60952
7.51429
6.31429
7.10476
10.5619
7.66667
4.64762
8.68571
10
4.98095
9.93333
3.75238
4.7619
10.8952
8.40952
8.79048
4.8
3.93333
10.1333
8.62857
12.3429
10.5143
8.77143
6.31429
4.58095
8.8381
4.21905
3.99048
5.45714
7.8381
14.4286
4.47619
13.2381
5.54286
5.64762
6.02857
8.54286
7.5619
8.66667
5.46667
9.04762
7.17143
7.06667
5.46667
6.64762
17.6476
3.58095
11.1333
11.6095
4.66667
10.5619
10.7048
8.88571
11.7905
5.31429
10.8381
3.53333
9.68571
9.85714
5.7619
4.3619
8.40952
11.4
6.20952
8.81905
8.31429
7.35238
12.4952
6.50476
5.0381
4.3619
5.81905
3.32381
13.2762
4.62857
7.13333
6.45714
3.81905
4.8
8.21905
7.39048
9.29524
11.0952
5.57143
6.25714
5.69524
14.019
6.82857
5.98095
6.61905
14.7905
6.11429
5.35238
5.33333
13.2381
4.45714
6.81905
7.08571
3.53333
7.84762
7.54286
11.2571
4.95238
7.31429
3.52381
7.89524
12.2762
5.82857
5.31429
10.6762
4.58095
5.64762
6.00952
6.02857
9.1619
6.13333
4.31429
5.90476
8.6381
11.6381
7.70476
7.29524
5.04762
12.8857
4.26667
4.15238
4.59048
5.6
10.9048
5.18095
10.8762
5.89524
3.33333
5.17143
4.14286
12.6
5.8
5.77143
6.37143
3.20952
10.5333
5.34286
4.00952
6.77143
6.2
5.44762
9.22857
7.09524
9.57143
6.15238
9.85714
8.98095
5.99048
8.59048
6.10476
13.3238
10.4381
5.92381
7.12381
4.67619
10.619
6.5619
6.61905
7.29524
14.619
3.02857
14.5524
6.24762
7.0381
3.50476
5.38095
5.2
6.11429
11.1238
9.6381
9.7619
13.7048
3.79048
7.05714
4.91429
12.2381
10.181
5.59048
3.24762
5.46667
8
7.57143
14.7714
8.39048
13.381
10.5714
4.73333
6.21905
9.5619
7.82857
12.219
8.90476
11.7524
7.77143
4.48571
6.9619
10.5143
6.98095
6.88571
10.6095
7.37143
7.20952
8.86667
4.62857
5.46667
9.79048
11.2476
3.25714
11.6762
3.75238
9.3619
6.24762
7.79048
7.05714
9.11429
7.48571
12.5714
7.79048
5.64762
6.26667
10.2476
8.05714
8.20952
9.0381
8.05714
10.3429
7.37143
3.38095
11.9333
7.15238
13.0095
7.84762
3.4381
4.92381
7.12381
5.8381
5.9619
6.22857
6.81905
4.49524
5.93333
9.28571
5.93333
9.74286
6.58095
9.2381
7.8381
11.4
10.2571
9.79048
5.58095
4.10476
5.30476
7.04762
10.019
4.73333
13.1143
8.64762
4.74286
4.3619
4.69524
6.27619
4.91429
6.75238
14.5905
12.1333
7.91429
12.781
7.91429
8.2
5.72381
6.93333
8.33333
9.86667
8.29524
8.38095
9.61905
4.92381
8.28571
4.38095
6.89524
10.0571
3.66667
3.37143
12.1143
6.68571
5.74286
5.1619
3.55238
7.97143
5.20952
8.12381
5.18095
5.22857
3.77143
6.99048
3.04762
8.05714
9.77143
5.12381
6.34286
11.4286
6.4381
6.35238
8.44762
11.0476
7.01905
8.29524
7.85714
10.3333
4.50476
6.89524
5.40952
5.1619
7.06667
8.19048
9.27619
5.94286
3.93333
9.82857
8.49524
10.7238
8.32381
7.01905
10.7333
12.4095
7.22857
9.75238
5.52381
8.08571
11.5429
8.21905
4.38095
4.9619
5.6
7.5619
5.64762
3.3619
10.9429
11.981
9.93333
6.68571
3.7619
9.80952
6.07619
6.24762
7.02857
12.4667
8.50476
5.47619
3.60952
9.1619
7.87619
7.2381
11.8476
6.40952
11.5143
5.2
13.0476
4.69524
8.31429
4.59048
7.0381
5.75238
8.22857
4.49524
10.7619
4.91429
12.0857
4.26667
11.6857
6.79048
5.28571
7.65714
11.1714
9.8
5.2
4.81905
12.7619
4.00952
8.67619
5.97143
5.66667
3.98095
6.45714
8.60952
9.93333
10.5619
3.6
7.69524
6.79048
7.95238
7.65714
6.86667
17.6762
11.5429
10.8286
3.86667
4.88571
5.55238
8.28571
4.50476
4.17143
10.7619
4.35238
3.35238
8.14286
9.46667
4.8
4.32381
3.98095
9.38095
4.41905
5.92381
8.69524
7.32381
7.21905
5.25714
6.91429
4.4381
4.41905
8.61905
6.15238
5.64762
12.7333
8.37143
5.69524
6.50476
7.26667
3.9619
11.5429
11.1143
8.14286
7.6
5.35238
3.95238
4.68571
9.27619
3.4
21.9429
4.48571
6.70476
9.99048
6.62857
4.6
9.49524
4.66667
8.10476
3.28571
7.70476
11.0286
8.26667
4.20952
5.51429
3.92381
3.88571
7.22857
8.5619
3.46667
7.99048
5.48571
5.59048
4.25714
7.92381
11.4952
13.219
8.79048
7.5619
7.37143
7.18095
7.90476
10.5619
3.9619
6.48571
8.1619
9.59048
12.0952
9.82857
11.7714
8.61905
4.60952
6.4381
8.40952
9.12381
3.45714
9.11429
8.27619
5.40952
10.1238
12.0381
4.15238
6.97143
7.86667
4.8381
9.3619
5.73333
4.5619
7.37143
7.1619
6.51429
7.01905
8.93333
8.34286
6.5619
12.1238
3.26667
5.7619
5.35238
8.9619
4.3619
12.9143
7.59048
5.48571
7.32381
6.06667
8.40952
10.4
5.2381
8.25714
6.64762
10.381
10.3714
6.13333
9.00952
9.07619
7.75238
7.42857
3.44762
10.9333
11.2
11.019
5.45714
7.54286
5.9619
7.98095
8.19048
5.27619
3.35238
8.02857
14.0762
3.75238
3.37143
3.94286
3.65714
3.37143
9.61905
3.97143
9.07619
12.1619
8.04762
10.019
5.95238
6.51429
9.4
8.77143
4.17143
4.79048
8.15238
5.79048
5.61905
10.7238
7.31429
8.42857
4.7619
4.65714
7.86667
3.68571
9.07619
4.73333
12.9333
4
10.8952
7.4
10.1619
10.8
6.12381
5.92381
9.28571
4.5619
8.60952
10.2667
10.5524
5.0381
4.19048
10.981
12.1905
4.11429
3.8381
5.02857
7.47619
7.80952
6.20952
4.98095
6.17143
9.12381
10.4667
11.9048
6.68571
5.62857
5.77143
8.09524
7.52381
6.66667
12.0381
8.06667
7.41905
9.4
8.8
9.01905
10.3619
13.219
8.28571
5.02857
12.9333
11.981
8.6381
7.42857
8.00952
8.00952
5.49524
7.46667
7.44762
6.52381
11.8857
12.7048
9.52381
7.57143
9.61905
7.88571
6.59048
7.66667
5.22857
7.52381
5.44762
12.7429
8.07619
6.05714
3.73333
7.71429
11.4952
15.5048
8.86667
8.08571
8.4
5.18095
6.29524
7.46667
6.14286
9.17143
5.49524
7.59048
3.24762
3.81905
4.33333
13.2095
7.61905
3.99048
6.47619
5.0381
6.77143
11.6667
10.819
10.5238
6.09524
7.59048
4.46667
4.04762
6.61905
6.65714
6.2381
14
6.99048
7.04762
5.67619
5.24762
13.5429
3.9619
4.45714
4.69524
7.00952
4.42857
7.53333
4.35238
4.65714
5.4381
4.40952
3.49524
4.55238
4.17143
7.86667
4.88571
11.9333
9.67619
8.8
11.1905
11.4095
10.5905
11.4286
8.9619
11.0762
14.0381
5.45714
9.04762
9.57143
5.33333
5.42857
3.25714
8.54286
8.44762
15.5619
4.00952
12.0095
3.6381
9.71429
10.1429
5
9.8
4.21905
7.18095
5.97143
9.37143
10.4762
7.54286
7.77143
7.95238
4.04762
5.89524
7.73333
7.08571
7.12381
7.45714
5.1619
11.1238
6.45714
14.1429
10.9238
4.38095
7.61905
9.90476
6.62857
6.80952
7.20952
6.3619
13.6952
7.61905
5.00952
5.21905
9.33333
9.15238
11.8571
8.50476
7.39048
8.30476
12.3048
5.65714
7.24762
7.44762
5.79048
3.18095
9.22857
6.05714
7.79048
6.53333
8.82857
10.8571
7.51429
4.15238
8.57143
6.30476
9.66667
13.0762
7.17143
5.00952
4.26667
4.41905
9.14286
6.71429
13.1333
8.00952
5.22857
6.92381
7.19048
11.3429
10.0095
6.66667
7.00952
6.52381
4.45714
6.86667
6.79048
4.04762
4.49524
4.94286
9.12381
7.37143
4.88571
8.26667
9.99048
9.97143
6.42857
5.41905
3.57143
7.29524
4.97143
7.8
10.7048
10.4571
5.70476
8.50476
4.3619
6.10476
6.11429
8.0381
11.581
12.2286
3.27619
5.8381
10.581
11.7429
7.91429
8.74286
9.13333
5.85714
8.8
9.64762
5.89524
10.2
4.27619
6.6
9.53333
9.33333
3.80952
3.6
8.4
10.5905
3.29524
7.47619
5.05714
8.15238
4.51429
7.18095
19.3619
13.0667
4.01905
10.181
7.58095
6.34286
8.50476
5.98095
9.67619
7.09524
2.47619
7.53333
6.00952
4.39048
3.75238
2.29524
4.39048
4.07619
2.46667
2.39048
6.21905
6.62857
2.8
7.9619
3.50476
4.97143
2.8381
4.86667
7.77143
4.49524
6.66667
3.71429
2.64762
2.92381
2.44762
5.45714
7.35238
2.00952
10.781
4.65714
2.37143
2.27619
4.21905
6.42857
2.27619
2.84762
4.32381
3.45714
2.19048
3.6
4.93333
3.07619
3.48571
7.07619
3.50476
3.93333
5.02857
6.53333
7.0381
6.95238
2.49524
2.11429
8.40952
2.11429
4.99048
2.39048
6.35238
3.81905
4.64762
2.50476
5.86667
3.98095
3.14286
9.49524
3.79048
14.5429
32.1619
3.86667
7.6
4.44762
6.65714
6.81905
6.62857
10.7048
3.13333
3.51429
3.59048
3.92381
3.52381
4.27619
3.32381
2.20952
5.54286
3.25714
4.24762
2.88571
4.74286
2.18095
8.34286
12.7048
6.87619
10.5143
8.58095
2.97143
6.66667
2.93333
4.26667
6.35238
6.17143
13.1524
2.28571
4.04762
3.77143
7.55238
5
4.29524
3.30476
6.12381
4.34286
2.95238
7.59048
6.66667
3.04762
2.79048
3.62857
2.14286
4.78095
3.27619
6.82857
4.9619
3.33333
4.46667
7.58095
6.73333
5.55238
3.28571
4.22857
6.53333
5.29524
1
3.94286
1.06667
4.89524
7.30476
1.86667
3.47619
1.4381
1.60952
1.8
1.0381
4.07619
4.41905
2.72381
6.20952
2.50476
1.62857
1.0381
1.77143
5.1619
3.89524
1.73333
2.30476
3.91429
3.94286
2.21905
5.05714
1.25714
1.92381
1.92381
1.94286
1
1.39048
2.58095
6.28571
1
1.22857
1.82857
1.08571
5.13333
2.0381
5.01905
5.17143
4.86667
1.12381
1.06667
6.0381
1.28571
1.05714
1.52381
1.08571
5.5619
5.9619
1.48571
1.01905
4.68571
1
1
1
7.04762
3.35238
1.8381
3.51429
1.7619
1.04762
2.82857
1.0381
4.1619
6.93333
1
2.90476
3.53333
1.4
1.42857
1.4381
1.45714
2.40952
1.42857
1
1.47619
1.1619
4.70476
1.02857
1.5619
2.33333
1.3619
2.24762
1.06667
1.68571
7.09524
1.10476
1.22857
4.62857
6.62857
3.35238
5.08571
2.51429
6.52381
1.04762
2.04762
6.89524
6.19048
1.30476
1.95238
6.80952
1.1619
1.06667
7.67619
1.27619
1
1.24762
2.27619
6.67619
6.15238
2.26667
7.22857
1.35238
1.08571
5.22857
1.01905
5.13333
1.37143
1.94286
1.04762
7.10476
1
3.32381
6.50476
1.40952
1.05714
1.5619
1.01905
5.40952
1.47619
1.42857
1.99048
2.30476
1.0381
6.58095
1
5.92381
1.02857
3.78095
1.20952
2.3619
1.48571
6.7619
4.52381
1.29524
1.07619
4.2381
6.08571
4.69524
3.19048
1.65714
3.19048
1.82857
1.18095
1.10476
1.98095
2.09524
1.38095
4.04762
5.19048
2.58095
2.62857
1
4.0381
7.46667
1.27619
1
1.01905
7.91429
5.42857
5.70476
1.59048
6.79048
1.15238
1
1.34286
1.24762
1
1
1.57143
2.37143
5.87619
4.77143
5.92381
1.73333
1.38095
2.01905
1
5.39048
4.29524
5.01905
2.32381
5.78095
1.99048
4.54286
5.66667
1.48571
1.80952
1.1619
2.69524
1.08571
1.74286
5.06667
3.88571
1.21905
1
1.18095
1.52381
1.59048
1.81905
4.88571
1
4.4
4.77143
1.34286
2.0381
1
1.79048
5.28571
1.95238
1.2381
1.84762
2.20952
1.50476
1.27619
1.92381
1.1619
4.09524
1.04762
1.06667
1.89524
2.73333
4.49524
1.1619
2.73333
2.40952
1.82857
1.53333
5.05714
1.99048
2.31429
2.07619
1.0381
2.51429
1.54286
1.73333
7.00952
2.32381
1.09524
3.35238
1.66667
1.90476
1
1.59048
1
1.44762
1.46667
1.47619
2.51429
2.25714
2.22857
8.3619
1.60952
1
1.17143
4.28571
8.51429
2.26667
1
1
6.98095
1
5.04762
6.15238
1
4.64762
2.71429
1.11429
3.08571
2.29524
3.39048
3.69524
2.53333
1.09524
1.38095
4.2
1.02857
2.88571
1.93333
4.65714
6.17143
4.31429
4.75238
7.24762
3.8381
5.8381
1.30476
1.35238
2.81905
5.62857
1.14286
1.11429
1
2.10476
1.31429
1.87619
3.77143
5.95238
1.44762
1
6.21905
4.20952
1.14286
1
4.93333
1.28571
1.4
1.52381
6.45714
2.34286
1.66667
6.2381
6.92381
1
6.75238
5.28571
1
3.9619
7.07619
1
8.48571
4.06667
6.5619
3.51429
1.25714
1.13333
1.99048
5.11429
1.26667
1.2
3.85714
1.94286
1
1.9619
1.49524
1.24762
1.3619
1.32381
4.8
4.01905
2.72381
5.53333
4.99048
1.18095
1.59048
1
1.53333
1.40952
1.84762
3.57143
1.28571
3.7619
4.94286
5.45714
5.52381
1.22857
1.3619
1.51429
6.28571
1.94286
1.73333
2.99048
6.94286
1
2.18095
3.29524
4.26667
7.2381
1.33333
7.2381
1.2381
6.08571
3
1.68571
3.28571
2.90476
3.79048
6.37143
1.3619
1.0381
5.94286
1.6
1
3.30476
5.93333
6.27619
1.2381
1.24762
1.01905
1.87619
1.59048
5.84762
5.13333
5.48571
1
1.25714
1
1.30476
5.02857
2.67619
3.06667
4.67619
1.95238
1.06667
6.30476
3.0381
1.71429
1.19048
1.87619
1
7.40952
4.62857
5.79048
1.20952
5.15238
1.20952
5.09524
7.14286
2.51429
5.22857
7.57143
4.42857
1.0381
1
1
1.32381
2.69524
1
1
4.85714
1
1.12381
3.8
3.35238
1.07619
2.64762
2.14286
1.08571
4.05714
1.07619
2.07619
1.20952
1.69524
3.72381
5.30476
1.29524
2.40952
5.17143
6.91429
1
1.2381
1
2.69524
1.07619
4.08571
2.79048
6.97143
1.15238
1.29524
6.0381
2.13333
1.46667
5.24762
5.40952
1.77143
5.14286
1.1619
1.6381
1
2.42857
1.50476
1.19048
4.8
1.00952
2.58095
6.46667
1
2.01905
6.53333
1
4.00952
1.18095
1.04762
1.37143
1.95238
1.92381
4.25714
2.05714
6.94286
5.74286
5.0381
2.49524
1.39048
6.30476
1.34286
1.17143
7.40952
5.09524
1.17143
1.0381
4.55238
4.60952
1.13333
3.97143
3.92381
1.62857
6.41905
1.05714
3.02857
1
1.1619
1.19048
1.2381
1.32381
1
3.39048
1.74286
2.28571
1.49524
5
4.72381
1.08571
1.05714
2.26667
1.31429
1.65714
1
4.58095
1.21905
2.53333
2.18095
1.0381
3.77143
6.7619
6.45714
4.42857
1
1.81905
6.08571
1.32381
4.57143
1.25714
5.68571
4.12381
7.79048
2.33333
4.52381
2.92381
2.5619
1.47619
2.38095
2.1619
4.37143
1.40952
1
1
5.77143
1
1.0381
1.70476
1.06667
6.48571
1.80952
1.09524
1.73333
1.94286
1
5.13333
1
1.15238
1.60952
1
1.20952
1.32381
5.85714
1.14286
3.93333
1.12381
3.00952
2.40952
5.15238
1.95238
2.78095
3.70476
5.8
1
1.35238
1.99048
5.68571
3.10476
2.18095
1.75238
2.80952
1.87619
3.90476
7.32381
2.66667
1.29524
1.33333
2.59048
4.93333
1.6381
5.10476
2.08571
1.4
1.90476
1
1.8381
5.00952
1.33333
1.50476
1
1
1
6.49524
1.4
3.73333
5.38095
1.12381
5.12381
1.0381
1
2.29524
3.44762
1.18095
1
1.19048
1.54286
1.92381
7.47619
1.07619
8.14286
1.2
4.80952
1.18095
1.32381
1.5619
1
1
2.72381
5.14286
1.6
1
2.0381
1
5.8
6.81905
2.38095
2.38095
4.62857
1
2.66667
1.35238
1.3619
2.21905
1
5.24762
1.49524
5.28571
3.80952
6.68571
1.0381
1.98095
5.89524
1.37143
6.32381
1
1.01905
8.17143
1.00952
2.51429
1.37143
5.08571
6.08571
1
2.13333
3.61905
5.46667
2.20952
1.26667
1.08571
2.12381
5.80952
1.05714
4.47619
3.82857
2.09524
1.00952
1.11429
6.24762
2
2.61905
8.44762
1.02857
1.18095
5.32381
1.61905
7.24762
2.05714
1.12381
1.80952
1.18095
7.74286
1.0381
4.94286
4.9619
4.52381
7.1619
4.13333
1.38095
1.87619
2.64762
1.44762
2.6
1
1.68571
4.24762
1.00952
4.89524
7.2
1.48571
1.31429
1.21905
1
1.97143
5.30476
1.01905
4.86667
4.17143
1.12381
1.60952
8.89524
4.54286
4.60952
1
1.06667
1.21905
1.8381
1.87619
1
5.11429
2.79048
6.06667
2.44762
2.7619
1.78095
1.01905
2.69524
3.75238
1
1.01905
2.18095
1.09524
4.50476
3.35238
1.37143
2.4381
2.49524
1.82857
1.19048
1.73333
1.8381
4.54286
1.20952
4.82857
1.32381
6.18095
1
1.65714
1.6
4.95238
1
1.17143
2.04762
2.07619
4.59048
1.52381
1.15238
1.57143
4.4
4.86667
1.9619
1.09524
3.52381
3.01905
2.73333
1
1.91429
5.20952
1
1.34286
1
1.32381
4.42857
2.64762
3.2
1.01905
2.54286
1.39048
1
6.3619
3.90476
1
1.06667
1.48571
1
3.25714
2.11429
1.48571
4.49524
1.32381
1.18095
2.17143
2.93333
5.80952
1
1.3619
1.25714
5.71429
1.21905
2.25714
5.84762
1.07619
1
1.18095
1.14286
1
3.44762
4.5619
1.2
1.94286
1.1619
5.34286
1
6.34286
1
1.21905
3.8381
1.77143
1.47619
1.15238
3.13333
2.2
1.1619
1.84762
1.14286
3.17143
4.42857
5.2381
3.45714
4.80952
1.01905
1.20952
2.81905
2.33333
3.8381
5.71429
1
1.21905
2.64762
1.77143
1.98095
3.30476
1.5619
1.7619
6.21905
1
1.24762
2
1.24762
1.25714
1
5.6381
5.8
1.60952
1.34286
1.88571
1.11429
3.02857
1.99048
6.49524
7.60952
8.60952
1.80952
1
3.08571
1.46667
4.25714
1.04762
1.38095
2.62857
5.75238
5.87619
2.21905
1.04762
1.39048
1.57143
1.0381
6.42857
2.57143
1.24762
1.15238
1.22857
5.79048
2.74286
6.38095
4.49524
2.34286
1.42857
6.87619
1.53333
5.50476
1.32381
4.41905
1.30476
1.05714
4.9619
1.13333
1
3.14286
1.06667
1.67619
1
5.65714
6.7619
4.8
1.90476
5.11429
1.46667
1.67619
1.77143
1.13333
6.4381
1.70476
7.64762
1.91429
3.66667
6.14286
5.13333
1
1
4.59048
1.66667
7.48571
2.65714
2.64762
1.20952
2.05714
4.79048
1.30476
1.99048
6.26667
1.48571
1.02857
6.92381
1
1.05714
1.78095
2.57143
4.01905
7.5619
4.57143
1.14286
1.88571
1.60952
1
4.95238
2.46667
4.8381
1.67619
2.29524
5.18095
2.29524
1.08571
1.06667
1.15238
5.46667
4.57143
4.75238
1.70476
1
4.58095
1.55238
3.90476
1.72381
1.06667
2.13333
1.22857
1
3.89524
1.08571
5.32381
1.74286
4.62857
2.27619
2.18095
3.95238
3.10476
1.8
2.70476
1.82857
3.6381
6.92381
4.08571
7.09524
1.85714
2.07619
3.02857
1.92381
6.55238
1
6.54286
1.89524
1
1
5.62857
2.37143
2.7619
6.75238
6.29524
3.93333
1.11429
4.33333
1.2381
3.87619
2.0381
1.4
1.54286
1.0381
2.89524
2.34286
6.61905
2.05714
4.02857
1.45714
2.49524
5.13333
1.02857
1.06667
5.44762
6.71429
8.38095
3.2
2.37143
1.4
1.28571
1.80952
1.08571
1.41905
3.62857
2.65714
1
1.31429
1.70476
1.02857
1.30476
1.48571
4.45714
1
4.39048
4.58095
2.3619
6.44762
2.7619
1.15238
1.28571
1.8
1.10476
1.65714
1.84762
2.42857
1.19048
1
1.78095
1.06667
1.18095
1.89524
1
4.30476
4.82857
2.52381
1.28571
1.14286
1.1619
1
1
1.08571
1.52381
1.22857
1.90476
2.73333
1
1.39048
1.06667
4.67619
7.77143
2.78095
5.32381
1
5.2
4.92381
2.21905
1.31429
1
1.14286
1.08571
1
1.7619
1.08571
2.12381
1.26667
1.49524
2.08571
1.05714
1.6
1.21905
4.68571
2.81905
1.05714
1
1
1.53333
4.74286
6.58095
1
2.17143
1.09524
4.04762
4.82857
1.62857
5.60952
2.24762
4.47619
3.92381
4.28571
1.27619
5.2
1.25714
1.11429
4.67619
1.32381
6.66667
1.58095
7.89524
1.98095
1.15238
6.4
6.8381
1.31429
5.06667
1.24762
1.00952
1
4.09524
9.11429
1.79048
6.26667
1.78095
4.94286
7.08571
6.64762
2.00952
4.30476
2.74286
3.57143
1.20952
1.07619
6.21905
1.50476
6.47619
8.47619
5.85714
4.17143
1.05714
4.19048
5.53333
2.00952
1.77143
5.95238
2.35238
1.08571
1.02857
2.0381
2.29524
4.32381
1.53333
1.75238
5.49524
2.13333
5.68571
4.8381
1
1.2
4.97143
1.29524
2.10476
1.41905
6.78095
1.9619
1.70476
6.6381
8
2.46667
2.4
1
1.88571
4.97143
2.19048
7.80952
1.32381
1
6.66667
1.81905
1.45714
1
1.7619
5.69524
4.79048
4.82857
1.33333
5.25714
1
1.06667
1.27619
5.73333
1.0381
2.3619
1.6
7.4381
6.13333
4.8
1.0381
1.65714
1.55238
2.59048
1.60952
1.25714
1
5.37143
1
2.31429
1.20952
1
6.17143
2.19048
1.8381
3.71429
2.14286
1.6
1.34286
1.54286
1.01905
6.85714
1
2.04762
1.04762
1
3.18095
2.58095
1
2.05714
2.68571
1.2
1.04762
1.31429
2.18095
7.27619
5.51429
4.02857
1.28571
1.12381
5.61905
3.60952
1
1
1.67619
1.05714
3.6381
5.19048
1.75238
2.69524
2.11429
4.99048
7.31429
1.77143
4.89524
8.46667
2.79048
6.39048
1.02857
2.15238
13.0095
2
4.29524
1
8.01905
1.47619
1.73333
3.64762
6.41905
1.61905
1.51429
2.50476
2.58095
1.4
1.33333
1.46667
1
7.48571
5.12381
4.29524
5.70476
1.06667
5.79048
2.20952
1.40952
1.09524
3.86667
3.92381
5.88571
2.94286
5.27619
1.47619
1.93333
5.80952
5.20952
4.12381
1
5.80952
1.15238
1.71429
2.60952
2.25714
1
1.79048
1
1.38095
1.05714
2.34286
1.06667
2.55238
1.99048
1
1
1.0381
1
1.71429
1.35238
1
4.80952
1.17143
1.2381
1
4.86667
1.19048
1.94286
2.4
6.11429
6.24762
2.6
1
5.28571
5.92381
4.79048
1.4381
1.13333
3.41905
1
1.12381
1
1.6381
5.7619
4.44762
6.52381
1.5619
2.80952
3.24762
8.10476
1.45714
5.29524
5.91429
3.72381
5.37143
5.35238
2.39048
1.1619
3.94286
5.8
7.31429
2.10476
4.40952
2.93333
1.78095
1.04762
1.13333
4.34286
1.93333
3.82857
4.12381
1
2.20952
1.24762
1.38095
1
7.20952
1.40952
3.11429
2.20952
4.25714
5.06667
1.51429
1.37143
4.91429
1.54286
1.12381
6.13333
4.15238
1.04762
1
1.92381
1
6.9619
5.7619
3.94286
5.28571
1
1.77143
5.87619
1.79048
1.85714
4.50476
1.08571
6.91429
5.39048
1
1
1.31429
4.57143
5.50476
1.05714
1.52381
1.19048
4.4
1.0381
4.28571
1.51429
1.13333
1.04762
1.7619
1.05714
1.61905
1.50476
2.42857
1.27619
2.65714
1.09524
1.52381
3.64762
1
3.73333
2.37143
1.18095
2.75238
1.28571
1.29524
1.00952
10.8381
1.27619
1.00952
5.92381
1
5.66667
1.29524
3.7619
1.7619
1.3619
1.18095
1.33333
1.51429
2.41905
1.7619
1.54286
4.05714
1.05714
1
1.0381
1
1.06667
1.30476
1
4.01905
6.51429
3.64762
1.67619
1.31429
1
3.9619
5.75238
4.59048
1
4.97143
7.15238
3.20952
1.09524
1.4
5.34286
1.99048
2.01905
1.0381
1.06667
1.93333
1.21905
8.61905
1
1.88571
3.27619
1.3619
1.29524
2.68571
1.38095
1.3619
1
4.01905
1
1.37143
5.31429
1
1.99048
2.53333
7.84762
5.34286
2.58095
1.2381
3.10476
1
2.13333
4.39048
1.42857
1.20952
7.44762
2.0381
7.87619
8.41905
4.32381
1.55238
1.72381
1.45714
2.38095
1.41905
5.47619
2.08571
1.11429
1.20952
4.68571
1.02857
1.28571
1.58095
4.70476
1.24762
1.19048
1.1619
1.15238
1
2.2381
5.91429
5.61905
1.49524
1.22857
7.28571
4.94286
1.66667
4.2381
1.20952
2.55238
6.39048
5.65714
2.42857
1.93333
4.73333
1.84762
1.57143
5.34286
2.88571
1.18095
5.84762
1
6.04762
1.6381
5.89524
1
1.65714
5.02857
1.01905
5.42857
5.79048
3.17143
1.01905
1.02857
1.01905
2.34286
1.69524
1.45714
1.98095
5.33333
5.27619
6.84762
4.09524
1.24762
2.46667
3.2
5.95238
5.58095
1
1.01905
1.42857
1.39048
3.32381
2.33333
1.25714
1
2.57143
2.37143
1.21905
3.61905
1.70476
4.88571
6.98095
1.72381
2.04762
3.91429
4.30476
1.73333
6.40952
1.45714
1.24762
5.10476
5.33333
3.32381
6.5619
1.21905
1
1.87619
1
3.2381
5.6
4.82857
1.1619
5.25714
5.62857
1.79048
1
5.11429
6.2
2.45714
1.7619
1.68571
3.72381
4.57143
5.00952
2.21905
2.66667
1.29524
5.17143
1.5619
1.11429
4.73333
2.06667
4.86667
1
4.88571
1.3619
2.37143
2.32381
3.67619
7.31429
1.21905
1.93333
2.15238
1.93333
6.55238
1
1
1.58095
4.17143
5.4
6.20952
1.09524
1.05714
1.40952
4.8
7.2
1.3619
1.51429
4.92381
7.94286
3.05714
1
4.89524
1.06667
1.4
5.68571
1.08571
1.0381
3.68571
1.09524
1
1
1.60952
4.74286
5.67619
1.34286
2.06667
1.07619
1.32381
1.54286
5.66667
6.25714
4.64762
1.91429
1.51429
2.58095
6.10476
7.28571
5.61905
2.58095
2.17143
3.19048
1
5.33333
6.51429
4.8381
2.39048
3.99048
2.59048
2.38095
2.09524
4.17143
1.50476
1.41905
1
1.13333
1.92381
4.95238
1.20952
1
4.77143
5.39048
5.00952
5.31429
1.87619
1.04762
1
2.1619
2.42857
4.00952
1.27619
2.53333
4.38095
1.22857
1
7.74286
4.38095
2.20952
1.61905
4.5619
5.01905
2.61905
3.53333
1.37143
1.29524
1.94286
1.20952
1
1.09524
1
1
1.00952
1.11429
1
4.30476
4.07619
1.0381
2.19048
1
5.58095
1.00952
2.18095
3.17143
4.04762
1.95238
1.1619
1
5.39048
1
1.06667
5.58095
1.41905
1.44762
1.5619
1.29524
1.53333
1.29524
6.50476
2.00952
1.12381
1.54286
6.30476
6.14286
1
1.13333
1.25714
6.50476
6.06667
1
7.34286
2.31429
1.1619
2.2381
2.47619
8.65714
5.59048
2.00952
5.38095
1.01905
1
2.38095
1
5.69524
4.2381
1.11429
1.47619
5.48571
1.7619
7.55238
5.8
1.15238
6.04762
1.2
2.21905
1
3.57143
1
2.60952
2.55238
7.69524
1.26667
2.0381
2.61905
1
1.46667
7.80952
1.97143
1.59048
5.93333
7.01905
1.79048
3.8
2.85714
2.8381
2.01905
3.91429
7.04762
2.10476
4.35238
1.25714
5.33333
1.35238
1.2381
1.84762
4.46667
1.13333
5.30476
1
4.74286
4.4
2.34286
5.19048
1.31429
1.53333
5.79048
1.04762
4.30476
5.68571
2.90476
1.3619
4.3619
2.62857
1.13333
5.48571
2.8
1
4.93333
5.7619
1.32381
1.6
5.5619
6.00952
4.02857
4.11429
1.84762
5.39048
1.02857
4.64762
2.11429
1.08571
11.0286
6.07619
2.94286
1.07619
4.75238
1.34286
1
1.44762
3.78095
2.39048
7.99048
1.02857
5.87619
1.0381
4.67619
1.19048
1.40952
2.9619
3.88571
2.77143
1.06667
2.8381
2.19048
4.89524
1
7.85714
5.84762
1.61905
4.12381
1.00952
1.6
1.8381
1.00952
1.2381
4.25714
4.71429
5.48571
1.06667
2.87619
1.24762
1.27619
2.4381
2.53333
7.4381
1.62857
5.60952
1
1.80952
5.11429
5.55238
1
1.22857
3.48571
1.00952
1
7.02857
1.18095
1
1.05714
1.02857
1.17143
1.49524
7.24762
2.4
3.07619
4.1619
1.84762
1.57143
1
5.90476
2.22857
7.0381
4.08571
4.10476
2.52381
5.3619
2.38095
5.2
4.9619
3.66667
1
6.0381
2.09524
6.93333
1
5.2
2.44762
1.32381
1.22857
1.02857
1.4381
2.00952
4.8381
1.44762
1
2.29524
2.49524
1
1.00952
1.11429
1.11429
1.49524
1.57143
1.34286
1
1.06667
1.20952
5.25714
2.18095
1.18095
