10876 34740
12.1238
9.07619
4.1619
8.48571
5.3619
6.24762
8.07619
5.77143
9.2
9.45714
10.2762
5.44762
8.21905
6.60952
10.8667
8.00952
4.44762
8.53333
5.64762
10.819
10.8095
7.33333
4.66667
8.34286
4.50476
9.1619
10.3429
4.33333
4.29524
4.81905
4.75238
5.6
6.86667
6.81905
6.07619
5.0381
7.31429
8.1619
8.73333
8.05714
4.53333
8.46667
11.9048
9.22857
5.47619
6.59048
9.57143
8.70476
4.21905
8.65714
5.24762
8.35238
9
6.18095
7.22857
10.7524
4.59048
7.21905
7.49524
6.53333
10.0857
10.1238
11.2667
7.39048
5.2381
8.68571
6.02857
4.80952
11.0286
4.58095
12.7714
6.30476
7.30476
6.39048
7.13333
6.70476
5.5619
6.86667
7.40952
7.15238
6.64762
5.47619
5.0381
8.69524
6.49524
7.81905
10.9048
8.86667
6.25714
6.79048
6.13333
6.90476
4.4381
8.99048
6.48571
6.19048
8.91429
10.0571
5.90476
9.6
10.5048
8.21905
6.52381
4.13333
7.29524
9.91429
9.01905
4.42857
4.75238
10.1429
7.18095
6.79048
9.44762
5.25714
6.87619
7.73333
5.22857
7.77143
9.61905
7.13333
12.819
6.24762
5.74286
5.55238
4.40952
11.5619
9.28571
12.5524
12.0571
10.7905
7.06667
7.55238
6.57143
5.01905
9.74286
8.21905
9.9619
8.0381
8.6381
5.49524
9.15238
11.7524
8.41905
7.6381
5.82857
10.4286
7.88571
9.40952
7.49524
8.44762
6.09524
11.1619
10.8476
8.01905
8.19048
9.46667
9.0381
7.50476
4.72381
6.91429
6.68571
9.8381
7.33333
7.31429
10.3905
7.21905
6.71429
5.3619
8.79048
6.2
6.57143
7.07619
6.4381
6.06667
4.47619
4.66667
8.57143
8.72381
9.65714
9.10476
10.1619
11.5714
5.66667
11.8476
9.0381
8.93333
7.34286
6.59048
8.00952
11.9619
9.19048
9.49524
7.61905
7.0381
10.7048
5.78095
5.70476
6.75238
5.81905
9.60952
7.80952
6.15238
7.04762
8.87619
4.70476
4.3619
7.64762
6.1619
8.84762
8.38095
7.60952
8.70476
4.51429
9.72381
8.42857
7.04762
7.01905
4.4
8.31429
4.47619
6.80952
5.74286
8.07619
12.2095
6.95238
5.18095
7.30476
4.24762
5.85714
5.46667
7.33333
6.24762
6.71429
6.90476
6.2381
5.2381
9.67619
5.98095
4.58095
6.45714
4.68571
5.20952
4.12381
6.93333
9.9619
11.1524
9.2
10.7143
8.02857
6.95238
7.51429
6.47619
7.34286
4.54286
6.66667
6.8381
8.07619
7.15238
8.00952
6.55238
8.68571
8.42857
9.65714
4.94286
6.85714
4.52381
9.2381
10.581
9.6
8.07619
10.381
10.3333
13.0857
7.45714
5.32381
8.39048
7.82857
4.48571
8.21905
10
8.61905
7.67619
4.25714
6.54286
9.13333
10.2
5.15238
9.18095
8.26667
9.69524
9.19048
8.46667
9.4
8.55238
8.85714
9.01905
7.06667
10.6571
9.85714
5.53333
5.51429
9.13333
7.44762
10.2095
8.04762
6.80952
7.66667
6.39048
4.60952
9.7619
11.4857
9.86667
8.54286
10.4381
7.73333
6.01905
4.49524
8.11429
12.7048
8.69524
4.8381
4.49524
7.87619
8.07619
7.89524
6.4
7.66667
7.15238
9.70476
8.8381
4.28571
15.0857
4.4381
4.46667
6.04762
6.28571
4.72381
4.55238
8.30476
8.45714
8.2381
4.99048
4.51429
6.75238
4.84762
7.4
12.6286
4.82857
6.68571
6.5619
9.17143
8.30476
10.2952
4.62857
7.51429
7.28571
7.94286
5.59048
6.39048
4.62857
4.28571
7.92381
4.22857
6.82857
7.26667
7.7619
7.18095
7.90476
5.80952
7.11429
7.22857
5.7619
5.8381
6.58095
4.5619
4.45714
5.88571
5.20952
7.2
9.40952
5.85714
5.80952
9.14286
9.61905
5.54286
13.8667
10.1238
11.5429
9.22857
7.66667
6.6381
9.41905
11.5905
8.93333
10.5048
8.33333
10.7619
8.50476
7.40952
7.8381
4.88571
8.71429
6.26667
10.3238
4.57143
5.91429
9.60952
9.1619
9.25714
9.6
4.66667
6.71429
8.48571
7.24762
8.06667
7.97143
5.40952
7.79048
8.50476
5.17143
14.1048
6.32381
6.92381
4.18095
7.72381
7.06667
7.13333
4.86667
4.64762
5.81905
6.30476
6.25714
8.50476
4.40952
8.79048
8.26667
7.94286
6.38095
7.84762
6.22857
8.44762
6.41905
7.44762
7.46667
7.69524
8.73333
8.59048
7.15238
5.78095
7.41905
9.95238
8.17143
12.0476
5.59048
8.4
8.27619
9.18095
7.39048
9.39048
6.54286
7.8381
7.10476
9.31429
8.50476
6.38095
6.2381
6.11429
4.4381
4.31429
6.2
8.72381
6.10476
4.40952
7.50476
6.72381
8.67619
8.72381
8.17143
8.40952
8.20952
6.08571
6.90476
9.01905
4.44762
10.2667
6.59048
10.4476
7.33333
7.97143
9.21905
13.981
6.65714
8.8381
9.75238
7.86667
8.09524
6.10476
8.6
7.67619
5.35238
8.73333
9.85714
9.38095
4.71429
7.79048
7.28571
10.8762
7.53333
12.2095
11.4857
8.52381
4.66667
5.74286
6.51429
9.67619
5.46667
11.5619
7.64762
4.38095
7.11429
4.35238
8.79048
8.51429
7.77143
5.53333
11.5143
7.78095
6.67619
8.8
8.37143
8.7619
4.19048
5.20952
4.38095
7.07619
4.5619
7.89524
10.3143
9.9619
4.12381
6
5.9619
10.219
10.0952
8.25714
8.40952
7.71429
7.28571
6.21905
7.22857
8.2381
8.22857
5.35238
5.64762
7.78095
4.6381
9.13333
6.85714
4.73333
6.65714
6.50476
9.13333
8.07619
5.00952
4.84762
12.5143
9.75238
10.1333
10.4476
8
15.9619
8.88571
7.9619
8.37143
8.14286
8.17143
7.1619
10.819
4.27619
11.8476
7.05714
6.50476
6.54286
8.05714
4.70476
4.65714
6.8381
12.4286
7.78095
7.40952
10.7905
4.51429
10.5619
6.49524
5.46667
10.6857
5.29524
7.00952
6.26667
8.26667
7.94286
5.60952
8.38095
7.46667
7.6381
4.85714
7.74286
11.2381
8.11429
7.6
12.3905
11.1619
4.50476
4.30476
5.78095
4.11429
7.46667
4.1619
9.87619
8.17143
5.54286
4.69524
7.60952
6.70476
8.54286
12.7333
5.46667
7.1619
9.49524
7.19048
5.47619
7.26667
5.2381
4.90476
4.39048
7.66667
5.90476
8.79048
8.09524
14.6952
5.69524
6.53333
13.2286
6.5619
4.10476
5.38095
4.50476
4.51429
8.72381
6.74286
6.50476
7.4
9.34286
5.86667
12.0667
6.32381
7.33333
9.10476
8.68571
8.1619
5.78095
6.2
5.54286
7.95238
8.82857
5.95238
5.94286
11.4857
8.82857
9.54286
7.58095
7.7619
4.28571
4.24762
7.64762
8.68571
7.98095
8
7.25714
7.67619
7.45714
9.8
8.5619
7.95238
9.62857
6.27619
9.10476
9.32381
9.0381
5.81905
6.40952
6.32381
9.8
7.84762
6.61905
7.77143
8.7619
5.04762
7.61905
5.4381
5.47619
8.50476
11.181
7.29524
6.07619
7.37143
9.38095
4.70476
7.09524
5.79048
5.98095
9.21905
6.89524
7.85714
6.91429
4.27619
6.70476
8.24762
6.98095
4.62857
8.53333
5.91429
10.3524
10.2286
9.1619
7.77143
7.41905
8.93333
10.4857
6.04762
6.79048
11.819
8.3619
9.42857
4.11429
4.45714
4.38095
7.20952
7.05714
12.1524
4.17143
4.46667
7.57143
5.68571
4.22857
8.97143
5.71429
9.97143
6.31429
7.28571
8.97143
11.9048
5.99048
7.19048
4.60952
4.80952
6.77143
8.33333
4.40952
9.34286
6.85714
7.74286
7.26667
7.53333
5.47619
10.8952
4.97143
9.6381
6.81905
9.26667
10.4571
4.34286
6.75238
13.7048
5.92381
9.31429
8.2381
7.50476
10.0095
6.38095
10.8381
9.87619
8.75238
8.13333
8.47619
6.49524
8.24762
4.99048
8.72381
6.27619
5.70476
12.0667
8.67619
11.8
9
6.73333
13.4571
8.85714
9.28571
8.06667
4.77143
7.75238
11.5714
9.27619
6.22857
6.85714
8.80952
4.47619
4.77143
11.5333
10.8095
7.78095
4.5619
6.70476
4.6
9.07619
8.45714
5.46667
9.20952
9.00952
9.9619
9.32381
8.09524
15.819
4.37143
7.29524
8.20952
8.69524
6.64762
7.53333
10.9238
9.09524
7.71429
6.22857
7.61905
10.6571
7.52381
6.27619
6.08571
7.4381
9.18095
7.88571
5.73333
4.8
4.09524
6.45714
8.06667
6.8381
7.06667
9.57143
6.5619
9.25714
5.11429
6.25714
8.90476
8.0381
4.74286
7.41905
4.81905
4.44762
4.69524
7.35238
6.25714
4.26667
4.4381
10.019
9.10476
6.2381
5.80952
8.60952
7.8381
7.18095
10.8381
5.82857
6.72381
4.58095
5.82857
5.88571
9.4381
4.41905
8.28571
5.45714
6.66667
6.11429
7.99048
7.08571
5.20952
5.64762
6.04762
4.3619
6.93333
4.29524
7.95238
11.0762
9.40952
8.3619
7.91429
4.33333
7.27619
6.22857
6.14286
7.27619
8.77143
4.40952
5.34286
6.44762
6.49524
6.64762
10.1238
6.79048
6.6381
9.82857
6.33333
9.37143
6.29524
9.59048
6.73333
10.3143
7.46667
9.01905
5.34286
6.75238
8.18095
8.02857
6.4381
5.72381
5.49524
6.58095
4.82857
4.4381
11.5143
7.98095
6.34286
9.67619
12.3524
8.28571
4.62857
7.08571
7.87619
7.55238
6.06667
8.06667
11.381
11.3905
4.28571
11.7333
11.4
9.81905
10.3143
6.73333
4.40952
10.3905
8.11429
8.4
7.87619
6.15238
4.14286
6.27619
8.25714
11.0667
7.8
8.89524
5.42857
10.8571
9.21905
5.19048
9.98095
8.1619
9.17143
5.64762
9.80952
8.25714
9
5.34286
6.15238
7.44762
9.11429
8.27619
11.9905
8.8
12.2762
4.80952
4.49524
4.78095
5.70476
7.3619
9.82857
9.17143
9.95238
7.34286
8.91429
5.3619
5.90476
8.64762
5.49524
8.27619
8.89524
8.44762
9.24762
4.91429
4.54286
8.88571
4.50476
7.25714
9.19048
9.77143
4.5619
5.57143
4.84762
6.5619
5.80952
5.77143
9.57143
5.92381
9.46667
8.80952
10.581
9.27619
9.45714
9.14286
8.89524
5.65714
6.73333
8.39048
5.70476
5.59048
10.0095
9.18095
4.58095
8.27619
10.7143
7.28571
14.2
7.67619
8.49524
6.47619
6.5619
12.6095
7.14286
9.93333
14.3333
6.30476
6.01905
7.13333
6.53333
9.32381
5.4381
5.1619
4.47619
8.0381
9.20952
8.4
6.84762
7.4381
9.84762
7.14286
10.1143
8.74286
11.0571
7.68571
6.11429
8.20952
8.72381
8.28571
12.3333
7.69524
8.6
4.33333
8.90476
7.9619
4.87619
7.87619
4.74286
4.29524
7.33333
8.17143
6.07619
7.90476
10.7714
8.59048
7.13333
5.39048
5.54286
8.89524
9.26667
5.51429
5.28571
6.44762
5.58095
6.81905
8.44762
5.90476
9.60952
6.15238
6.8
4.66667
4.50476
11.5429
5.7619
11.8762
4.87619
5.2381
7.20952
10.981
8.6381
10.2
9.13333
9.35238
7.69524
5
7.38095
5.59048
5.45714
6.41905
4.94286
8.27619
5.31429
9.18095
6.02857
7.47619
8.02857
8.17143
8.99048
11.2762
6.39048
11.5524
9.73333
8.93333
7.99048
4.59048
11.3048
8.95238
8.45714
6.46667
8.14286
7.00952
8.2
4.25714
7.09524
5.8381
6.70476
7.07619
4.72381
8.13333
4.69524
6.0381
9.8381
13.0952
8.8381
8.10476
7.17143
6.54286
5.15238
4.32381
6.62857
7.53333
8.20952
9.85714
4.21905
5.40952
5.98095
10.0381
12.8571
9.94286
8.35238
7.32381
4.79048
9.07619
8.38095
6.10476
8.0381
9.69524
7.99048
11.9524
6.93333
5.57143
10.2381
5.41905
6.18095
8.3619
5.95238
8.93333
9.18095
9
7.18095
4.31429
6.04762
4.8
8.99048
5.79048
6.1619
7.21905
4.71429
9.38095
6.27619
8.75238
7.77143
8.45714
4.57143
8.52381
10.3238
7.58095
6.60952
4.29524
6.93333
10.6952
6.75238
9.42857
6.84762
5.07619
4.98095
7.85714
5.31429
6.50476
6.3619
9.39048
6.46667
5.73333
7.4
10.6667
4.90476
8.81905
9.22857
4.66667
7.72381
6.1619
10.1524
7.2381
6.01905
7.00952
8.15238
8.28571
7.09524
4.4
4.70476
5.20952
7.52381
4.57143
5.10476
4.17143
9.75238
7.19048
7.40952
10.0667
8.6
6.59048
5
4.5619
8
5.37143
10.8476
6.06667
10.7524
5.98095
8.38095
7.59048
4.52381
9.21905
4.82857
4.27619
6.74286
7.8
11.4476
11.981
8.24762
8.73333
8.57143
7.33333
7.27619
7.25714
8.38095
8.28571
9.58095
6.4381
11.5143
7.90476
6.86667
5.92381
8.80952
5.2
5.28571
6.06667
10.0762
6.94286
8.84762
7.21905
4.44762
6.12381
6.26667
5.97143
7.01905
8.9619
4.88571
11.4476
7.90476
8.32381
4.34286
5.98095
4.5619
5.95238
6.51429
5.53333
7.64762
5.67619
7.92381
5.7619
9.8381
7.25714
14.6
5.8
10.0952
7.06667
7.1619
6.21905
9.0381
8.24762
8.38095
8.6381
6.54286
8.37143
8.4
6.71429
11.019
6.47619
9.2
11.219
5.55238
6.73333
5.58095
6.8381
6.89524
6.08571
8.0381
7.02857
6.28571
6.3619
9.8
5.22857
4.88571
7.49524
7.14286
7.50476
6.50476
5.91429
5.25714
8.69524
8.32381
6.32381
7.84762
6.82857
9.05714
8.58095
4.81905
8.05714
5.2381
4.62857
7.99048
8.2
8.38095
7.25714
6.82857
4.62857
6.58095
6.66667
8.28571
7.72381
5.79048
6.3619
9.80952
4.57143
5.58095
7.85714
5.58095
7.10476
11.8
4.18095
4.98095
7.58095
6.81905
5.00952
9.92381
7.33333
5.41905
8.19048
4.66667
5.95238
8.71429
9.06667
4.17143
6.12381
5.2
7.09524
9.26667
6.51429
6.79048
6.10476
4.86667
4.13333
9.64762
7.44762
4.51429
8.11429
5.57143
5.39048
8.88571
7.24762
6.3619
8.55238
9.27619
5.80952
9.68571
4.78095
6.7619
7.35238
11.5048
7.20952
9.27619
10.0381
10.6286
4.61905
7.4381
7.89524
7.4381
8.8381
6.95238
6.78095
7.82857
6.57143
5.61905
5.87619
7.91429
5.34286
8.09524
4.60952
6.49524
6.13333
5.07619
8.59048
8.21905
12.2762
5.04762
4.20952
10.6857
8.94286
6.21905
11.8095
5.86667
7.47619
13.4667
14.3048
4.91429
6.33333
6.84762
9.67619
9.01905
7.22857
7.60952
4.29524
5.62857
7.65714
5.47619
8.62857
10.1333
9.2
9.53333
5.08571
4.62857
8.60952
8.28571
9.5619
7.71429
10.4381
7.75238
4.60952
9.64762
7.59048
11.0571
10.3905
8.60952
6.94286
9.33333
5.98095
7.30476
7.85714
6.99048
10.1333
7.91429
6.4
10.7714
11.8381
8.46667
4.71429
6.55238
6.78095
7.53333
8.4
11.3905
9.33333
4.27619
8.07619
6.07619
8.77143
8.6
11.8667
7.19048
7.21905
4.25714
4.3619
7.20952
9.29524
4.95238
9.20952
8.6381
10.9333
8.34286
8.02857
6.31429
9.75238
5.72381
6.50476
4.90476
10.6095
12.2762
6.33333
6.14286
5.68571
8.97143
8.61905
6.70476
6.29524
4.55238
5.4
7.20952
4.49524
5.12381
6.4381
6.05714
7.91429
8.94286
9.10476
7.78095
4.44762
6.15238
6.93333
9.54286
6.73333
13.0476
6.2
4.1619
9.58095
7.14286
8.05714
7.77143
8.28571
8.13333
6.50476
9.30476
7.02857
12.1524
4.17143
7.75238
6.8
4.41905
9.52381
9.49524
11.1048
6.44762
6.42857
7.87619
9.8381
8.06667
8.69524
4.77143
8.88571
6.47619
9.97143
7.39048
7.82857
9.75238
10.0476
10.0381
7.72381
6.40952
7.38095
9.8
7.04762
9.62857
6.1619
4.4381
5.69524
5.87619
9.5619
11.2667
8.24762
8.39048
8.58095
6.48571
8.49524
4.2381
6.2
7.26667
6
6.29524
4.34286
4.26667
4.40952
4.44762
5.4381
5.74286
4.44762
7.15238
6.25714
10.8762
6.94286
10.1143
4.35238
7.71429
6.72381
8.13333
7.34286
12.5619
5.08571
5.11429
4.08571
8.94286
6.60952
7.14286
4.75238
8.44762
10.9429
6.65714
7.84762
8.95238
7.33333
6.14286
9.75238
6.9619
4.4381
4.55238
7.80952
9.02857
8.55238
9.31429
7.48571
9.2
8.71429
10.1333
5.84762
4.64762
7.14286
7.8
6.2
5.88571
4.60952
9.15238
9.0381
6.68571
6.88571
6.7619
6.82857
7.27619
6.27619
4.19048
6.35238
7.12381
5.15238
8.94286
8.86667
9.35238
7.75238
4.41905
5.22857
4.50476
12.1524
9.10476
4.34286
4.2381
8.02857
5.93333
6.32381
5.86667
9.19048
9.71429
9.1619
9.80952
6.30476
4.24762
8.69524
4.44762
6.78095
12.3048
6.60952
7.1619
8.84762
8.73333
4.88571
5
4.42857
10.0476
5.41905
5
6.57143
4.29524
4.40952
4.32381
13.4857
7.54286
7.61905
5.25714
6.44762
7.01905
5.32381
6.14286
5.39048
7.26667
5.4
4.55238
5.94286
6.57143
10.5619
7.78095
7.57143
13.3048
4.70476
8.92381
10.219
7.87619
8.47619
8.14286
4.59048
8.8
9.8
7.66667
4.6381
5.02857
7.91429
9.39048
4.61905
4.55238
7.01905
10.4952
4.69524
9.08571
10.6286
4.54286
5.3619
10.5143
7.78095
7.52381
5.58095
7.85714
5.20952
4.89524
6.86667
4.53333
7.77143
10.4
7.70476
8.10476
4.22857
8.70476
6.71429
7.49524
7.11429
4.46667
7.6381
6.35238
5.24762
8.19048
10.4095
5.50476
6.62857
9.90476
7.6
7.22857
4.4
4.62857
4.35238
6.24762
6.70476
4.75238
5.2381
7.84762
6.47619
4.54286
8.91429
5.6
5.53333
6.28571
5.30476
7.40952
5.45714
7.6381
4.1619
7.60952
5.90476
7.42857
18.2476
8.69524
7.17143
8.21905
7.06667
8.46667
6.45714
9.89524
9.04762
7.81905
7.25714
10.7333
10.0667
7.65714
8.2381
6.37143
5.62857
6.00952
4.3619
7.19048
12.6286
6.7619
10.181
9.01905
5.49524
7.48571
4.55238
8.72381
4.33333
6.25714
8.08571
6.65714
4.19048
6.34286
6.18095
4.71429
7.52381
8.35238
10.1048
8.3619
5.50476
6.90476
5.44762
7.01905
10.5143
11.219
6.94286
8.65714
5.70476
6.30476
10.3619
5.71429
6.13333
7.38095
6.27619
4.35238
8.82857
5.70476
6.73333
7.13333
5.06667
8.18095
7.71429
8.29524
11.5619
9.13333
8.06667
8.71429
9.62857
6.2381
6.4381
10.8667
6.2381
6.7619
5.6381
8.44762
7.98095
4.58095
8.08571
7.47619
10.2
7.18095
5.31429
10.3714
7.84762
10.0095
11.8381
7.08571
9.79048
6.73333
7.3619
4.11429
7.92381
7.42857
9.66667
8.18095
5.42857
6.72381
6.99048
12.7238
5.7619
8.27619
5.19048
4.26667
6.15238
7.01905
10.1238
4.5619
7.44762
5.3619
8.8381
5.07619
6.8381
8.8381
7.38095
6.33333
5.81905
7.51429
10.9238
12.1143
8.34286
6.50476
7.08571
4.39048
4.27619
4.5619
8.6
5.33333
4.69524
8.81905
8.72381
6.78095
7.3619
6.09524
5.91429
7
4.28571
7.32381
4.48571
6.89524
10.5238
7.77143
11
8
6.94286
7.35238
6.24762
4.17143
4.22857
6.84762
4.4381
9.25714
9.89524
9.92381
6.31429
8.27619
4.61905
6.57143
7.07619
10.4476
8.82857
7.65714
8.61905
5.68571
8.05714
7.33333
8.02857
8.78095
9.20952
6.22857
8.88571
5.42857
4.12381
8.95238
6.54286
7.13333
9.70476
5.77143
6.18095
7.61905
8.90476
8.9619
4.73333
10.1143
12.9429
6.00952
7.81905
12.4762
6.9619
6.54286
6.59048
7.11429
6.53333
8.70476
6
9.30476
7.01905
8.62857
4.52381
6.53333
5.7619
8.57143
5.8
7.44762
4.60952
9.52381
6.18095
10.4286
6.38095
8.00952
7.69524
4.46667
6.15238
6.67619
5.34286
5.38095
9.79048
5.27619
4.50476
6.85714
5.94286
7.00952
7.00952
7.22857
6.0381
7.86667
7.30476
5.54286
9.13333
4.3619
8.67619
6.54286
6.18095
6.92381
9.47619
7.71429
6.77143
6.8
4.62857
8.02857
7.33333
5.71429
6.20952
5.92381
6.50476
6.90476
10.4286
7.97143
5.32381
9.2
12.4571
5.54286
4.54286
8.66667
4.11429
9.22857
11.3429
6.38095
8.8381
8.18095
6.17143
6.89524
6.57143
4.51429
8.80952
8.57143
8.01905
5.84762
8.84762
6.4381
8.27619
5.53333
7.1619
8.79048
4.45714
8.78095
7.62857
6.92381
9.05714
5.02857
6.54286
6.85714
6.05714
5.31429
10.0286
6.02857
4.72381
7.57143
4.49524
10.5238
6.91429
10
8.20952
4.87619
7.2381
7.78095
4.6
10.9524
5.81905
9.51429
7.74286
10.2095
4.54286
7
6.89524
5.95238
6.05714
8.1619
9.55238
8.01905
4.52381
7.37143
6.22857
10.6
12.1524
5.94286
9.5619
7.60952
5.73333
8.05714
8.18095
5.42857
7.47619
5.6381
7.53333
5.54286
7.34286
5.82857
4.28571
9.39048
11.1143
8.26667
6.39048
5.94286
9.47619
7.22857
11.1905
10.381
6.15238
6.28571
6.4
8.61905
7.4
7.97143
4.62857
4.46667
4.09524
10.581
5.45714
7.68571
8.09524
5.12381
6.71429
7.80952
8.81905
8.72381
6.53333
4.34286
10.1238
4.34286
4.67619
7.58095
8.71429
5.97143
7.14286
10.981
9.59048
11.981
8.55238
9.14286
8.90476
8.52381
10.1333
4.22857
8.73333
7.84762
5.58095
4.33333
5.91429
5.54286
6.34286
5.95238
5.42857
4.34286
8.64762
7.05714
7.89524
9.51429
7.86667
7.2
4.39048
9.29524
10.4571
6.68571
5.2
8.34286
6.6381
6.27619
7.45714
11.0762
7.72381
7.93333
7.00952
4.32381
4.77143
9.4381
7.99048
8.10476
6.34286
4.91429
4.4
11.4476
7.55238
5.7619
7.9619
11.1429
7.1619
5.37143
7.57143
4.4
4.60952
9.81905
4.47619
5.02857
4.31429
7.38095
4.66667
7.02857
4.37143
8.29524
7.64762
5.87619
4.33333
8.92381
10.4095
8.44762
4.54286
7.34286
7.58095
7.3619
8.99048
8.12381
6.29524
4.8
7.14286
10.2571
6.64762
6.70476
6.91429
4.50476
5.17143
4.40952
5.42857
4.71429
6.58095
6.50476
5.38095
7.41905
9.52381
8.50476
5.13333
11.6286
7.78095
6.72381
9.30476
6.84762
7.95238
6.92381
4.34286
6.47619
8.21905
8.49524
10.6
4.81905
8.20952
10.2381
4.62857
5.52381
11.5048
10.5238
4.74286
5.90476
8.66667
9.31429
6.61905
8.50476
8.27619
10.3524
9.38095
9.5619
6.79048
12.5238
6.93333
6.97143
4.32381
5.91429
10.4952
5.88571
5.40952
10.3048
7.32381
9.4
6.19048
4.69524
11.7524
7.10476
9.51429
12.7333
6.47619
5.34286
4.09524
7.65714
7.42857
6.4381
9.60952
4.35238
8.4381
8.38095
7.10476
7.84762
11.5333
9.31429
8.04762
7.86667
7.29524
9.85714
5.78095
11.4286
5.81905
6.64762
5.58095
6.77143
8.8
4.59048
6.84762
6.25714
5.67619
4.39048
10.8571
4.33333
4.47619
5.38095
7.04762
7.69524
11.3905
7.90476
7.42857
9.2381
7.20952
5.33333
4.3619
8.69524
6.01905
5.53333
9.85714
4.53333
6.11429
11.0095
7.15238
7.13333
7.4
7.0381
6.2
4.49524
6.09524
5.52381
4.21905
9.31429
8.4381
5.77143
6.14286
10.7905
9.6381
8.98095
8.24762
4.6381
6.59048
7.55238
6.8381
8.1619
7.19048
8.89524
9.3619
6.34286
6.00952
9.05714
8.68571
5.29524
6.47619
6.55238
6.4
7.73333
6.06667
7.1619
7.65714
9.2381
9.37143
5.72381
11.019
4.42857
5.49524
8.19048
4.31429
8.4381
4.21905
9.89524
8.00952
7.00952
8.26667
5.9619
9.01905
6.9619
4.51429
5.6381
7.44762
5.58095
7.66667
8.61905
6.62857
6.02857
6.34286
6.09524
4.77143
4.62857
8.7619
5.68571
5.01905
4.99048
8.88571
7.14286
5.52381
12.8
8.05714
6.47619
8.38095
4.51429
6.53333
4.72381
10.8952
8.40952
10.619
11.5714
8.75238
5.51429
4.89524
8.42857
11.0095
6.53333
8.75238
8.80952
7.48571
5.99048
8.77143
7.64762
6.66667
10.219
7.71429
5.72381
10.1905
8.60952
5.98095
10.8095
5.4381
5.90476
9.5619
7.34286
7
4.6
10.181
5.44762
9.21905
9.31429
10.3143
9.12381
4.84762
6.92381
6.01905
5.73333
4.46667
11.7238
6.98095
4.22857
5.37143
5.6
5.13333
6.26667
5.40952
5.82857
7.72381
7.34286
5.38095
4.54286
6.67619
4.66667
7.58095
5.86667
8.40952
6.12381
7.64762
7.78095
5.18095
7.19048
10.7905
5.46667
7.33333
6.6
6.4381
6.81905
11.619
7.52381
4.75238
11.0952
7.8381
4.53333
5.09524
6.92381
8.4381
6.4381
6.06667
5.7619
11.4952
6.15238
4.47619
6.75238
9.47619
11.3143
6.30476
8.17143
6.67619
12.1333
8.21905
7.61905
4.30476
9.92381
6.91429
9.92381
6.26667
4.95238
8.28571
7.22857
11.8095
5.64762
6.22857
13.0762
7.10476
12.9429
7.13333
7.01905
8.79048
6.12381
5.59048
9.21905
8.24762
5.12381
10.7048
4.79048
6.4
10.619
5.72381
4.44762
9.25714
8.31429
8.25714
8.28571
7.00952
10.4095
10.1524
5.2381
6.78095
4.44762
4.17143
4.32381
7.75238
12.7143
6.46667
7.31429
7.8381
6.9619
5.82857
10.3905
5.20952
7.9619
6.98095
4.25714
8.3619
5.04762
7.29524
4.20952
7.0381
8.58095
10.0476
7.53333
4.26667
4.98095
6.42857
6.41905
10.1238
10.6
7.26667
10.6
7.38095
5.70476
8.31429
6.90476
7.97143
9.30476
9.53333
6.31429
7.07619
7.31429
4.78095
10.2
9.62857
10.981
9.29524
9.66667
6.90476
10.4381
8.65714
8.19048
7.27619
5.08571
4.89524
21.6667
6.66667
6.35238
9.6381
6.46667
7.19048
8.67619
11.9619
6.02857
10.2095
5.93333
4.49524
4.71429
9.21905
4.4
4.72381
8.64762
9.98095
4.4381
6.52381
8.99048
7.8
12.4857
10.019
8.88571
4.34286
7.51429
5.21905
8.48571
6.09524
8.9619
7.92381
4.53333
6.34286
5.62857
5.52381
4.13333
4.57143
4.81905
6.31429
9.01905
7.84762
4.85714
7.32381
7.58095
6.91429
6.25714
8.87619
4.21905
6.25714
4.32381
8.94286
9.49524
10.3524
7.5619
5.92381
10.0476
9.77143
9.89524
5.11429
8.74286
7.02857
8.62857
4.58095
4.32381
6
6.1619
8.2
8.9619
11.5333
8.7619
6.82857
7.40952
4.94286
8.02857
8.17143
6.22857
7.53333
9.6381
6.27619
8.57143
5.04762
4.40952
7.74286
8.13333
7.9619
4.01905
7.85714
10.0857
10.3524
8.2
11.4286
8.47619
4.14286
6.73333
12.2381
11.9714
6.32381
8.35238
9.68571
6.5619
6.9619
7.3619
7.31429
10.1429
8.39048
7.6381
7.64762
6.9619
11.1238
4.6
5.8381
5.89524
7.19048
7.01905
6.5619
7.40952
5.73333
5.75238
7.79048
6.75238
6.60952
4.28571
5.55238
6.29524
6.46667
6.85714
4.40952
7.15238
7.31429
8.32381
7.07619
9.05714
7.1619
4.78095
7.24762
6.61905
4.81905
6.78095
10.8
7.68571
5.86667
6.29524
4.84762
7.14286
6.08571
6.47619
8.67619
7.25714
6.0381
9.13333
8.66667
7
6.8
6.51429
4.57143
6.98095
5
13.4286
6.20952
5.64762
5.15238
4.77143
8.30476
4.29524
8.72381
9.48571
5.79048
7.48571
4.21905
8.18095
5.4381
7.77143
4.54286
7.48571
5.80952
4.27619
8.28571
9.35238
8.22857
6.98095
6.41905
4.33333
5.37143
6.81905
5.75238
6.98095
6.25714
5.68571
9.75238
8.3619
8.86667
9.91429
10.4
8.44762
8.92381
6.92381
12.2381
5.67619
7.70476
9.97143
7.62857
6.9619
6.1619
4.66667
4.44762
8.32381
4.90476
6.92381
4.49524
5.34286
9.34286
8.04762
9.40952
7.68571
4.46667
6.61905
7.40952
4.40952
5.07619
6.48571
6.98095
8
6.85714
4.8
6.57143
6.73333
4.25714
5.87619
6.45714
6.33333
10.7238
7.30476
10.5619
9.62857
7.10476
4.46667
5.60952
5.75238
4.39048
7.54286
4.45714
7.88571
10.419
8.28571
10.1143
7.33333
4.80952
12.1524
4.45714
10
10.1143
7.88571
6.13333
8.49524
8.77143
8.12381
4.1619
5.2
8.71429
4.1619
8.65714
4.78095
7.5619
8.47619
7.7619
8.65714
12.0571
10.3524
4.61905
6.05714
6.26667
8.9619
4.6381
4.86667
8.54286
9.2381
4.81905
5.26667
4.67619
5.46667
8.38095
10.8286
5.52381
7.88571
4.54286
9.87619
8.79048
4.32381
4.77143
7.64762
6.60952
6.79048
11.1905
9.19048
4.94286
10.4381
11.4667
4.20952
7.25714
6.53333
5.92381
8.14286
4.45714
12.7333
6.72381
8.53333
8.57143
4.24762
4.14286
11.8
7.39048
5.99048
10.4476
7.94286
4.90476
6.71429
6.93333
4.68571
9.24762
5.22857
6.18095
6.2381
7.99048
6.24762
5.39048
7.48571
9.09524
9.01905
8.99048
12.2667
6.85714
7.19048
13.1619
6.12381
8.41905
8.91429
6.24762
4.75238
4.40952
5.47619
7.7619
4.35238
9.08571
8.68571
6.17143
5.89524
4.41905
5.27619
7.10476
7.44762
8.5619
4.66667
5.7619
9.59048
10.619
6.85714
8.08571
7.13333
10.5333
5.59048
6.52381
7.02857
9.0381
10.581
9.05714
6.7619
9.22857
6.26667
7.92381
4.29524
4.20952
8.22857
6.5619
9.12381
6.77143
10.6762
7.54286
5.54286
6.57143
7.1619
4.73333
6.98095
11.1333
9.57143
7.59048
6.27619
10.581
7.09524
8.04762
5.81905
4.29524
8.28571
5.54286
5.92381
7.17143
7.86667
7.74286
5.2381
6.54286
8.50476
9.31429
6.57143
8.10476
5.99048
5.04762
7.5619
5.75238
6.44762
4.58095
10.9714
4.40952
9.90476
9.5619
4.98095
4.62857
5.26667
10.8476
8.2381
10.0381
4.4381
6.69524
4.75238
8.98095
7.73333
7.28571
4.47619
8.6381
7.79048
7.97143
9.10476
7.85714
9.0381
7.01905
6.35238
7.58095
11.219
4.80952
11.0381
8.70476
4.75238
11.5714
7.88571
5.48571
4.81905
10.3714
5.40952
7.0381
4.4
9.65714
5.68571
6.94286
4.85714
11.619
10.6857
11.8381
5.8381
4.59048
10.7714
14.3905
6.90476
7.45714
7.26667
9.28571
7.31429
6.60952
5.92381
9.95238
4.62857
4.65714
8.14286
6.8
10.5714
10.181
11.4857
4.17143
5.95238
10.4571
4.44762
9.2381
5.6
7.72381
6.02857
10.3333
7.66667
9.26667
4.24762
6.08571
9.70476
6.11429
6.08571
8.42857
8.2381
6.4
7.19048
10.7524
10.6857
5.90476
7.38095
6.2381
4.29524
7.50476
6.6
10.0095
5.14286
5.4381
7.64762
8.48571
7.42857
5.48571
4.29524
6.57143
5.66667
6.90476
5.4
7.38095
6.92381
8.65714
5.97143
6.82857
6.05714
7.27619
8.67619
8.38095
7.35238
4.61905
11.4476
5.30476
6.78095
6.13333
5.27619
5.79048
6.48571
7.91429
6.69524
6.10476
11.2667
6.22857
4.25714
7.79048
5.29524
4.58095
4.2
7.30476
5.54286
7.2381
4.21905
10.4857
6.11429
6.70476
4.24762
7.88571
7.12381
9.00952
8
5.53333
8.11429
5.3619
4.26667
5.42857
6.53333
6.88571
7.0381
4.38095
4.17143
4.31429
7.69524
5.46667
7.21905
8.37143
6.68571
6.14286
7.2381
6.4
6.5619
10.2857
6.32381
4.14286
4.42857
4.84762
4.3619
6.38095
6.47619
6.50476
8
9.24762
7.99048
6.8381
10.581
5.57143
8.28571
6.21905
7.81905
5.55238
8.12381
4.77143
9.99048
4.20952
6.12381
6.97143
8.69524
4.2
4.29524
7.53333
7.3619
7.22857
4.92381
12.4381
11.4095
8.9619
4.4381
6
8.46667
4.24762
6.58095
5.93333
8.58095
9.18095
5.07619
4.25714
6.07619
6.8
7.58095
12.1905
7.44762
6.01905
7.69524
6.50476
9.1619
5.98095
5.8381
6.42857
6.6
5.2
5.5619
7.57143
4.31429
6.07619
6.46667
8.1619
7.8381
10.419
7.80952
8.86667
7.80952
7.34286
8.29524
4.3619
4.24762
8.22857
9.27619
4.73333
7.6381
10.1048
8.29524
6.88571
4.10476
7.81905
6.80952
7.12381
9.4381
4.54286
8.4381
10.0095
5.09524
4.92381
4.33333
8.37143
6.87619
5.42857
7.71429
7.42857
7.34286
4.41905
8.55238
12.9429
6.74286
9.47619
9.13333
4.2
32.0857
5.22857
8.39048
6.59048
8.84762
10.3048
4.90476
5.85714
5.93333
4.39048
8.06667
4.24762
9.0381
4.89524
9.5619
11.4762
4.11429
9.01905
4.95238
7.86667
5.95238
5.4381
6.39048
7.85714
8.4381
4.8381
7.4
11.419
9.45714
10.5429
8.92381
14.1714
9.51429
8.15238
8.13333
6.8381
10.2286
8.22857
7.55238
6.88571
9.52381
9.61905
7.25714
9.10476
4.55238
6.8381
8.15238
8.84762
4.58095
5.87619
4.92381
8.27619
7.32381
4.73333
8.95238
6.29524
6.92381
8.74286
9.6381
6.91429
5.67619
6.71429
5.80952
4.73333
6.98095
8.78095
4.70476
5.60952
9.82857
6.99048
6.30476
4.33333
6.13333
4.62857
6.2381
8.29524
8.31429
6.9619
5.61905
10.0381
8.5619
7.47619
4.14286
4.22857
4.46667
7.4381
9.30476
6.88571
8.49524
11.3524
6.67619
6.09524
6.32381
6.84762
9.62857
11.7905
6.8
7.57143
4.70476
8.57143
6.6381
5.13333
10.7143
8.28571
6.27619
4.59048
8.0381
7.4
6.09524
6.79048
7.14286
6.58095
4.20952
7.6
6.38095
5.2
7.05714
5.75238
8.33333
4.28571
8.17143
4.41905
7.92381
7.29524
8.8381
9.1619
8.91429
8.24762
6.74286
9.41905
9.78095
5.99048
7.32381
4.59048
10.4571
9.35238
6.52381
7.07619
9.75238
8.26667
5.73333
9.06667
8.80952
6.26667
7.05714
8.79048
7.68571
6.50476
4.50476
5.8381
4.38095
10.1619
4.84762
6.80952
8.95238
5.21905
5.38095
9.10476
4.38095
9.13333
7.85714
4.87619
8.74286
6.07619
6.34286
4.8
8.78095
5.69524
7.01905
7.06667
9.2
7.18095
9.33333
11.981
8.26667
4.74286
4.09524
9.41905
8.3619
6.17143
4.38095
5.72381
6.38095
8.57143
6.02857
8.0381
10.6762
4.9619
9.06667
5.02857
4.7619
6.50476
4.8381
5.69524
4.4
10.7429
5.54286
4.48571
7.2381
6.4
7.68571
5.20952
8.11429
6.97143
5.88571
6.37143
7.79048
6.39048
7.88571
4.33333
9.0381
4.42857
11.1619
4.9619
8.86667
6.94286
11.3619
6.04762
9.78095
8.74286
5.91429
6.80952
5.33333
7.97143
10.381
4.59048
4.58095
5.25714
7.38095
8.78095
7.29524
7.12381
8.28571
4.35238
8.17143
9.31429
5.95238
8.84762
6.05714
7.86667
6.38095
6.45714
6.31429
9.28571
5.53333
7.8381
4.59048
4.50476
6.26667
4.39048
10.5143
5.42857
7.13333
9.90476
4.64762
6.67619
4.77143
4.4
4.19048
6.71429
5.48571
7.53333
4.15238
9.59048
5.35238
9.71429
10.981
9.06667
9.00952
6.90476
7.2381
8.55238
8.89524
9.67619
4.40952
7.72381
4.68571
9.42857
10.1714
5.99048
6.46667
5.38095
11.2476
10.2762
7.14286
5.40952
7.31429
9.24762
6.84762
7.71429
10.9238
6.90476
7.78095
8.50476
5.61905
7.72381
7.58095
6.85714
8.92381
7.6381
8.58095
7.71429
8.42857
8.90476
6.73333
5.48571
4.35238
5.71429
4.34286
7.7619
13.019
6.67619
4.34286
6.12381
9.69524
7.50476
7.3619
7.81905
7.41905
4.33333
9.28571
10.4952
10.1619
11.8952
8.51429
8.14286
6.86667
7.13333
9.32381
6.0381
9.14286
6.82857
7.99048
11.3048
5.66667
6.78095
4.6381
8.89524
6.31429
4.51429
6.66667
7.06667
11.1619
6.05714
6.98095
7.62857
11.1714
4.55238
7.40952
5.85714
5.92381
8.08571
8.52381
8.28571
13.9048
8.42857
6.70476
7.01905
6.06667
8.8381
8.01905
4.2
5.82857
6.40952
8.42857
4.44762
9.93333
8.01905
8.48571
9.53333
9.22857
4.52381
9.0381
7.30476
7.46667
7.53333
8
8.32381
8.50476
5.97143
8.4
7.8
5.57143
12.4667
5.78095
9.58095
5.28571
9.47619
6.55238
4.92381
6.11429
6.0381
5.81905
7.69524
4.39048
5.35238
4.01905
7.78095
5.18095
8.85714
7.32381
7.68571
5.85714
4.24762
5.01905
14.019
6.33333
4.93333
5.93333
7.77143
4.92381
10.981
6.85714
4.8
5.82857
8.69524
6.02857
8.40952
12.3333
7.91429
11.1429
5.71429
5.87619
8.97143
6.35238
6.09524
10.019
8.61905
6.19048
8.06667
4.6
7.67619
10.9619
8.48571
6.01905
5.20952
6.95238
5.31429
5.27619
6.58095
4.8
6.59048
11.5429
6.67619
6.48571
8.3619
5.79048
4.29524
9.37143
8.8381
5.71429
6.54286
9.47619
4.53333
7.91429
4.77143
7.0381
9.6381
7.69524
8.12381
4.25714
6.85714
4.87619
4.14286
4.4381
8.94286
6.3619
6.28571
4.41905
6.7619
4.30476
6.3619
6.32381
4.4
7.18095
9.4
6.45714
8.14286
4.58095
6.51429
6.48571
4.34286
7.54286
7.27619
8.25714
5.92381
7.1619
7.4381
6.10476
8.54286
9.07619
15.0476
9.17143
7.93333
9.0381
8.81905
8.08571
8.3619
7
14.4286
6.24762
5.37143
6.93333
6.80952
8.13333
5.24762
6.18095
4.97143
7.14286
7.4381
4.8381
6.26667
7.47619
7.79048
9.91429
8.47619
10.4381
6.91429
10.4381
4.44762
6.60952
4.48571
7.73333
7.12381
10.7714
9.08571
10.819
8.85714
8.1619
4.73333
4.20952
5.80952
7.95238
6.25714
8.68571
6.05714
9.88571
7.93333
7.8
10.2762
6.04762
12.0571
6.90476
9.74286
9.18095
6.19048
7.40952
6.82857
11.6381
6.25714
8.37143
4.97143
7.74286
4.27619
8.35238
11.0762
6.58095
7.09524
6.85714
5.05714
7.58095
5.86667
5.07619
5.24762
5.52381
10.4571
7
7.49524
6.80952
6.08571
7.9619
4.55238
4.67619
8.17143
6.06667
6.06667
7.91429
9.45714
11.6095
7.25714
6.85714
8.09524
6.77143
4.50476
4.26667
11.0571
7.98095
6.82857
4.86667
5.50476
7.75238
9.82857
5.09524
5.74286
7.84762
7.79048
6
7.52381
7.37143
7.45714
4.51429
4.2
7.1619
6.53333
4.75238
4.42857
4.22857
6.59048
5.91429
7.68571
8.1619
5.46667
11.8667
6.7619
7.15238
4.47619
6.69524
7.7619
8.48571
10.2286
6.45714
8.70476
5.91429
8.95238
8.62857
6.05714
5.26667
8.17143
4.35238
6.71429
8.32381
6.06667
10.4286
10.7238
9.32381
7.28571
7.9619
4.89524
6.69524
4.72381
6.35238
4.39048
9.8381
6.54286
4.52381
4.9619
7.15238
7.82857
6.73333
6.95238
4.10476
8.98095
7.82857
7.92381
7.87619
6.80952
4.52381
7.48571
8.40952
11.0857
4.47619
14.219
5.3619
5.94286
7.48571
5.44762
6.71429
6.89524
4.80952
10.2857
6.93333
5.74286
6.48571
4.67619
7.18095
6.94286
8.28571
7.0381
7.8381
9.1619
9.31429
9.11429
7.93333
4.59048
7.44762
4.25714
4.52381
7.50476
7.61905
9.13333
5.81905
8
4.9619
6.10476
10.3333
9.80952
4.60952
9.40952
8.8
9.22857
7.29524
5.64762
8.41905
7.99048
5.32381
10.3714
5.32381
6.57143
6.41905
5.9619
10.8
5.10476
7.88571
8.9619
4.46667
10.5429
6.49524
7.70476
10.7905
7.17143
4.73333
5.90476
6.2
6.72381
5.22857
7.2
6.25714
6.89524
4.61905
4.80952
8.72381
7.91429
6.52381
11.6667
6.13333
4.52381
8.77143
4.4
5.37143
7.34286
6.61905
8.94286
4.35238
9.2
5.52381
5.64762
10.2952
12.6571
5.31429
4.12381
8.72381
5.8381
6.71429
8.37143
4.42857
5.68571
4.70476
7.8381
6.70476
9.61905
6.30476
11.8762
4.2381
7.38095
6.70476
14.9905
8.32381
6.40952
5.45714
4.64762
6.41905
4.3619
11.6571
7.53333
10.2381
6.74286
6.37143
8.4381
8.61905
6.33333
7.20952
10.581
7.57143
5.2
6.5619
7.37143
10.5524
6.74286
6.39048
5.88571
9.70476
10.4476
8.98095
9.86667
5.31429
7.37143
10.0762
7.2381
7.04762
4.85714
7.04762
4.54286
6.09524
4.48571
9.95238
4.06667
9.34286
10.5714
5.53333
11.019
5.2381
7.21905
4.17143
5.92381
8.13333
4.4381
5.6381
8.87619
12.5429
6.13333
9.51429
8.19048
11.0952
9.67619
9.38095
4.28571
5.80952
7.72381
9.0381
8.26667
4.6
5.77143
4.44762
5.8381
5.68571
4.75238
7.80952
5.90476
8.49524
4.66667
9.40952
7.90476
8.41905
6.48571
10.7429
10.3429
5.97143
6.08571
8.38095
5.92381
9.29524
4.55238
4.55238
6.18095
4.19048
6.71429
7.92381
9.6381
7.61905
6.73333
10.8667
6.52381
8.65714
6.38095
8.30476
10
9.45714
8.81905
13.6571
8.90476
4.95238
5.95238
7.77143
7.9619
6.4381
10.6286
7.3619
4.34286
9.31429
12.1619
9.41905
5.53333
9.50476
8.31429
8.17143
6.71429
7.67619
10.6857
4.40952
10.0286
4.53333
8.84762
9.09524
5.93333
6.47619
8.88571
6.48571
9.1619
9.81905
4.58095
7.24762
8.4
10.0476
9.49524
7.67619
6.71429
4.28571
4.72381
9.13333
9.86667
4.57143
8.88571
13.8667
12.1619
11.4571
8.58095
6.0381
7.94286
7.17143
4.39048
5.86667
5.58095
6.93333
4.60952
4.46667
4.42857
6.45714
8.11429
12.6095
7.99048
4.14286
5.54286
7.88571
7.61905
4.53333
4.57143
7.44762
7.65714
10.8095
7.38095
7.2381
9.45714
7.49524
7.98095
7.44762
8.37143
10.4762
8.44762
10.7619
6.19048
6.9619
4.30476
5.64762
7.46667
10.6571
6.38095
11.2381
8.3619
6.13333
7.48571
8.01905
5.47619
4.53333
5.82857
5.38095
4.44762
6.6381
4.28571
4.50476
5.58095
10.0095
9.58095
5.61905
6.6381
4.15238
4.35238
7.25714
5.35238
6.71429
8.49524
4.35238
8.82857
6.2
5.97143
5.57143
4.28571
11.8571
7.27619
10.6857
7.46667
7.59048
7.34286
6.81905
6.41905
8.26667
9.35238
6.02857
7.29524
4.42857
8.73333
8.88571
4.6
10.9524
9.46667
5.22857
6.24762
4.59048
4.27619
8.08571
10.1619
6.91429
7.29524
6.89524
6.88571
11.219
8.09524
6.6
5.93333
10.5333
4.27619
7.09524
8.17143
5.42857
4.3619
5.5619
7.84762
6.11429
7.09524
5.92381
8.45714
6.87619
6.28571
5.31429
4.19048
8.86667
7.27619
8.1619
7.94286
6.79048
5.89524
6.19048
8.78095
6.40952
4.70476
5.89524
8.57143
4.82857
5.2381
8.89524
4.33333
4.19048
6.19048
7.40952
8.19048
8.5619
5.65714
9.14286
5.3619
8.88571
5.74286
10.5714
7.05714
4.46667
4.80952
4.4381
5.35238
5.34286
5.28571
6.3619
11.6952
7.18095
7.67619
11.8952
10.1619
5.86667
11.4476
7.08571
8.31429
10.4
5.53333
10.2
8.89524
4.24762
8.32381
8.09524
9.4
11.6381
5.4
6.24762
7.94286
7.07619
7.94286
5.50476
5.17143
4.8381
10.419
7.12381
4.26667
7.4381
6.73333
4.62857
6.50476
7.31429
6.71429
9.45714
8.72381
4.77143
5.6
6.05714
6.85714
6.30476
9.61905
7.4381
10.0952
9.88571
7.93333
6.61905
5.37143
6.73333
7.87619
7.44762
9.15238
4.8
5.60952
7.52381
8.45714
7.35238
4.58095
9.27619
5.99048
14.181
7.77143
9.92381
6.87619
5.92381
6.81905
9.2381
4.6
8.31429
8.69524
4.68571
6.25714
11.2762
8.1619
4.18095
4.72381
6.40952
4.9619
9.18095
7.98095
7.31429
11.2952
6.77143
9.93333
12.9429
8.0381
9.31429
4.3619
6.6
8.51429
4.93333
6.94286
6.31429
6.9619
5.22857
4.40952
8.22857
8.18095
4.34286
5.33333
7.65714
6.57143
5.69524
9.17143
7.5619
9.71429
7.90476
4.55238
8.18095
7.22857
8.54286
6.15238
7.21905
6.69524
11.5429
9.50476
9.6
8.15238
8.31429
5.95238
6.75238
12.6476
6.95238
6.3619
5.51429
4.46667
5.2
6.29524
4.92381
5.86667
4.38095
5.88571
6.17143
5.33333
7.48571
7.14286
7.15238
6.37143
8.35238
9.50476
6.89524
6.82857
4.6
5.42857
13.8381
5.9619
5.12381
6.06667
5.67619
11.8667
4.6381
5.93333
7.5619
6.48571
9.15238
5.82857
6.02857
4.10476
6.46667
4.69524
5.38095
7.6
6.89524
7.38095
7.90476
5.11429
6.58095
9.48571
6.98095
9.07619
5.2381
9.01905
9.11429
7.53333
6.33333
7.55238
8.2381
6.12381
7.69524
8.64762
5.24762
7.79048
9.22857
6.65714
7.90476
6.57143
5.88571
6.33333
4.4381
5.3619
4.6
7.7619
11.9048
4.24762
7.8381
5.53333
8.6381
8.21905
8.21905
7.79048
10.5143
5.46667
5
5.6381
7.41905
8.52381
8.27619
10.3714
4.80952
8.1619
7.82857
4.61905
9.68571
6.58095
4.62857
5.1619
4.60952
6.75238
6.39048
6.70476
7.94286
10.3238
5.94286
8.62857
7.32381
6.38095
6.80952
8.91429
8.77143
4.41905
9.62857
4.72381
8.8
5.47619
11.4571
11.1143
6.4
8.75238
7.91429
9.07619
4.64762
4.37143
5.61905
8.20952
5.08571
7.79048
7.62857
5.69524
9.72381
5.62857
5.48571
4.33333
6.0381
5.02857
9.26667
7.84762
7.75238
9.81905
6.50476
6.60952
6.5619
7.35238
8.2381
9.10476
4.6381
7.2
5.19048
6.9619
6.95238
4.4
8.89524
4.86667
4.48571
6.54286
5.79048
4.50476
5.5619
7.99048
5.2
8.65714
4.58095
7.3619
4.98095
8.53333
7.10476
8.19048
4.67619
7.30476
6.89524
7.05714
8.15238
8.0381
4.34286
6.80952
6.19048
4.77143
6.93333
9.3619
6.64762
4.85714
7.55238
7.2
5.52381
8.47619
4.57143
4.40952
13.4952
13.6571
8.91429
8.27619
9.29524
6.82857
4.60952
5.78095
4.94286
8.10476
4.67619
10.2667
6.57143
8.67619
5.73333
4.13333
9.33333
4.53333
9.88571
5.30476
7.31429
6.27619
6
8.1619
6.88571
4.2381
4.3619
4.4381
6.35238
6.97143
4.24762
6.72381
6.15238
10.0667
4.34286
7.66667
6.39048
4.30476
4.66667
10.1048
12.3619
5.12381
5.67619
6.72381
8.80952
8.86667
4.53333
7.29524
7.9619
9.80952
6.06667
4.68571
7.0381
8.7619
10.9429
6.6
10.1143
6.06667
6.21905
8.92381
5.94286
7.75238
6.29524
5.84762
5.33333
8.89524
6.40952
4.15238
6.6
4.49524
8.09524
8.69524
6.22857
6.68571
11.7619
9.89524
7.8381
5.52381
6.73333
5.77143
6.21905
6.13333
7.97143
11.2952
6.1619
7.01905
11.0952
7.07619
6.99048
8.01905
6.0381
6.4381
6.40952
10.5333
4.30476
7.57143
6.30476
6.14286
7.17143
7.98095
7.41905
6.27619
4.2
5.37143
6.93333
5.9619
4.71429
5.44762
5.38095
6.2381
5.6381
9.17143
9.3619
4.88571
8.65714
5.71429
7.59048
4.46667
6.45714
9.29524
7.58095
5.89524
4.38095
6.49524
6.75238
5.54286
6.31429
5.45714
5.09524
7.28571
9.64762
6.59048
5.69524
6.49524
5.65714
6.9619
11.2571
4.91429
5.3619
6.67619
7.82857
7.4
6.77143
4.49524
4.2381
10.0286
5.34286
11.0476
6.50476
9.8381
6.64762
7.10476
6.51429
7.28571
9.04762
8.26667
13.1524
6.27619
8.37143
6.06667
4.59048
4.15238
9.57143
8.11429
6.85714
5.60952
8.21905
6.66667
6.9619
8.81905
4.62857
7.4
5.82857
5.72381
8.55238
7.65714
7.95238
9.68571
5.93333
6.02857
5.4
4.31429
4.45714
5.44762
10.819
4.32381
8.34286
5.74286
4.8
5.67619
4.34286
7.13333
11.2571
5.65714
4.1619
6.28571
7.34286
11.1429
11.5048
9.75238
5.90476
9.44762
5.91429
8.20952
4.31429
6.71429
6.11429
4.37143
6.13333
8.98095
5.95238
8.02857
7.54286
7.99048
6.54286
5.33333
8.65714
6.65714
7.59048
6.14286
7.44762
8.08571
6.58095
9.07619
7.09524
11.1429
6.04762
5.08571
8.6
10.5333
8.19048
5.92381
5.13333
8.97143
5.4
4.4381
10.5619
5.71429
6.77143
4.41905
10.219
9.95238
8.00952
9.61905
6.37143
8.82857
7.45714
7.87619
9.33333
9.19048
6.11429
4.46667
5.12381
8.06667
8.17143
7.69524
4.8381
7.59048
7.05714
8.13333
8.8
7.78095
8.72381
9.33333
8.78095
7.53333
4.55238
5.84762
7.86667
7.95238
5.98095
6.17143
4.95238
5.99048
5.91429
4.55238
8.6
4.58095
7.5619
4.87619
5.35238
4.21905
6.15238
5.66667
5.5619
9.50476
11.5524
7.21905
4.50476
10.7714
8.21905
8.85714
6.68571
8.88571
5.09524
6.59048
6.81905
6.19048
7.34286
6.86667
4.46667
5.50476
6.70476
5.71429
6.33333
6.38095
6.68571
6.77143
4.38095
10.0762
7.75238
5.39048
5.35238
7.18095
6.39048
9.54286
4.37143
7.7619
4.48571
10.1333
6.22857
7.48571
6.08571
7.59048
9.12381
4.7619
10.619
5.67619
7.7619
13.019
4.39048
4.42857
8.73333
8.7619
8.08571
7.31429
4.45714
4.38095
7.55238
4.57143
8.67619
4.62857
10.2952
4.94286
8.7619
4.99048
7.1619
7.7619
9.33333
4.78095
10.4
9.10476
5.92381
11.7048
6.09524
4.2
4.70476
10.1905
12.0381
7.0381
7.80952
7.2
7.11429
4.85714
8.73333
6.19048
5.95238
7.87619
7.71429
8.28571
6.97143
5.89524
6.22857
6.94286
6.11429
5.54286
8.72381
9.00952
9.39048
10.4952
9.81905
10.8667
7.8
12
6.2
5.95238
8.24762
4.25714
4.37143
4.32381
13.1619
6.38095
9.41905
6.1619
9.02857
4.42857
5.99048
5.99048
7.22857
6.04762
9.59048
10.5905
5.92381
7.22857
4.94286
5.17143
4.54286
5.8
7.11429
5.72381
6.7619
10.619
8.48571
9.5619
5.30476
4.46667
7.32381
4.99048
7.49524
4.13333
4.49524
4.27619
8.29524
4.39048
4.45714
5.67619
5.37143
6.71429
7.25714
5.92381
6.26667
8.87619
8.78095
9.51429
9.42857
8.3619
6.59048
10.6286
6.40952
6.69524
6.11429
10.2952
7.09524
4.18095
6.01905
4.71429
8.31429
10.8381
10.8952
8.85714
6.20952
5.35238
4.46667
5.90476
5.95238
5.07619
4.51429
4.1619
6.19048
6.4
8.84762
4.64762
6.50476
8.18095
7.17143
5.6381
6.32381
8.50476
6.3619
6.53333
9.66667
7.93333
4.38095
10.6
6.87619
7.68571
5.58095
6.55238
6.6381
4.86667
11.0762
10.819
4.32381
4.75238
6.66667
8.06667
10.1714
10.5619
7.27619
6.58095
6.71429
6.66667
10.019
6.86667
9.1619
8.37143
5.60952
6.1619
6.77143
10.4
5.60952
4.54286
7.98095
5.4381
5.81905
5.01905
6.5619
4.29524
6.54286
5.27619
6.1619
4.40952
9.62857
5.87619
7.62857
8.68571
4.57143
8.6
9.01905
10.1524
9.51429
9.25714
6.4381
4.25714
4.3619
5.61905
6.6381
6.71429
7.77143
9.12381
9.07619
8.92381
6.35238
4.60952
4.73333
6.24762
5.92381
5.0381
4.62857
5.97143
5.42857
6.64762
6.92381
4.38095
8.07619
8.92381
5.38095
10.7238
6.6
8.32381
6.88571
7.57143
7.22857
10.0286
11.619
10.2762
7.54286
7.72381
5.05714
6.88571
4.2381
6.34286
4.94286
4.7619
6.77143
8.20952
6.40952
6.81905
4.58095
4.10476
7.0381
5.89524
8.64762
8.64762
5.97143
6.13333
8.3619
5.49524
8.14286
5.64762
6.18095
5.75238
4.20952
5.69524
6.4
6.68571
8.2
5.07619
4.29524
7.42857
5.59048
6.49524
5.73333
4.44762
7.47619
6.12381
7.00952
9.09524
9.60952
5.40952
4.6
6.58095
8.59048
7.28571
4.52381
6.73333
6.64762
6.27619
7.28571
5.65714
8.79048
7.25714
6.69524
4.28571
6.89524
4.1619
4.73333
6.5619
5.71429
6.64762
8.71429
10.1619
6.24762
4.26667
8.34286
4.50476
8.22857
7.85714
5.38095
8.62857
7.86667
4.94286
4.40952
8.32381
4.33333
5.35238
9.51429
10.1429
7.06667
5.11429
5.65714
7.1619
6.40952
4.79048
9.92381
10.581
11.0762
4.3619
5.95238
6.7619
9.49524
4.87619
6.88571
9.90476
12.4952
5.58095
11.0857
9.79048
4.20952
7.17143
9.05714
8.52381
4.13333
7.58095
4.6
6.67619
9.91429
5.48571
5.9619
6
7.34286
4.94286
8.47619
6.91429
5.00952
6.50476
6.32381
5.87619
5.86667
7.17143
4.54286
8.50476
5.97143
7.01905
6.79048
7.13333
4.67619
4.54286
4.40952
4.41905
9.05714
6.75238
6.09524
4.61905
5.53333
4.8381
10.5619
5.13333
6.98095
5.44762
11.1333
8.55238
4.80952
5.68571
8.94286
9.59048
5.39048
4.58095
4.89524
4.67619
6.26667
4.05714
7.6381
10.8857
4.4381
11.6381
12.1905
4.31429
6.40952
6.07619
4.41905
6.90476
8.0381
5.54286
6.77143
6.19048
8.60952
6.91429
7.51429
7.77143
10.1333
4.31429
10.8286
7.21905
12.0857
4.3619
12.2952
10.4286
10.9429
11.8286
6.70476
4.35238
5.02857
6.53333
5.32381
8.17143
7.8381
5.54286
4.2381
4.70476
5.97143
4.20952
6.34286
11.2095
4.64762
4.22857
7.81905
8.53333
9.52381
9.10476
11.2667
7.12381
5.39048
7.85714
8.24762
6.61905
8.54286
6.9619
8.24762
5.62857
9.74286
5.20952
4.12381
5.64762
4.46667
5.05714
4.94286
7.08571
6.69524
4.7619
10.4095
8.58095
6.12381
7.73333
6.26667
6.97143
7.27619
10.4571
6.07619
6.54286
8.93333
9.28571
7.67619
4.33333
7.4381
5.89524
8.82857
8.01905
7.42857
8.50476
7.73333
5.2381
7.25714
6.2
7.17143
8.46667
9.87619
6.58095
9.6
9.0381
5.74286
4.88571
4.47619
6.54286
8.29524
9.04762
6.18095
8.81905
5.01905
6.78095
5.48571
7.89524
7.47619
4.68571
9.00952
6.37143
8.25714
7.58095
6.05714
4.69524
4.4381
6.64762
4.6381
5.78095
4.17143
7.71429
4.94286
4.17143
4.33333
5.14286
14.6857
9.2
5.79048
5.73333
6.39048
4.68571
6.60952
8.3619
7.8381
4.27619
4.78095
7.0381
9.54286
6.13333
7.50476
6.25714
7.86667
6.78095
7.6
7.95238
6.68571
7.44762
7.85714
9.2
4.42857
4.3619
7.17143
4.29524
6.69524
8.24762
11.5143
10.6
8.7619
6.71429
9.31429
9.71429
4.89524
4.66667
7.79048
4.73333
8.94286
5.90476
9.13333
7.69524
6.37143
7.80952
5.87619
4.59048
8.8381
6.7619
5.53333
4.65714
6.12381
4.65714
5.24762
6.7619
11.8571
8.33333
8.81905
5.70476
6.17143
5.72381
10.0667
5.1619
8.88571
9.54286
7.64762
8.19048
7.2381
10.9143
6.31429
4.52381
5.82857
16.5714
7.73333
9.14286
9.5619
8.66667
5.52381
5.3619
5.94286
8.87619
4.88571
11.1333
11.2286
7.00952
8.99048
9.51429
5.33333
7.35238
4.44762
8.57143
13.4667
6.04762
4.49524
10.7619
6.62857
8.6381
4.24762
6.64762
6.68571
11.5333
8.40952
11.0667
7.2381
7.72381
6.68571
5.80952
6.98095
9.74286
6.21905
4.35238
7.35238
5.87619
9.00952
6.91429
5.77143
4.05714
4.66667
4.35238
5.17143
5.12381
7.49524
5.37143
7.93333
4.4
7.18095
5.58095
4.62857
4.7619
10.4857
4.21905
6.97143
4.42857
6.91429
8.21905
5.32381
5.61905
5.61905
8.77143
6.47619
7.78095
4.10476
8.80952
4.4
8.6381
5.92381
4.52381
6.15238
8.58095
9.13333
5.8
7.88571
7.68571
13.4857
5.99048
7.35238
4.3619
4.50476
4.92381
5.32381
9.05714
5.1619
8.46667
4.55238
4.73333
8.82857
6.52381
6.07619
10.2762
4.57143
4.79048
7.90476
8.12381
4.71429
6.2
6.6381
4.82857
6.31429
6.48571
8.5619
5.79048
4.64762
4.52381
4.38095
4.65714
7.4381
7.3619
6.73333
9.97143
7.3619
6.12381
5.37143
6.72381
10.5905
6.10476
7.2381
6.08571
6.37143
8.68571
8.44762
4.4381
5.55238
5.27619
8.54286
4.59048
13.0381
8.99048
4.60952
8.01905
4.68571
7.68571
4.8381
4.45714
7.41905
9.00952
8.00952
7.00952
4.64762
6.39048
6.24762
5.1619
9.35238
8.69524
6.38095
5.90476
6.27619
7.64762
5.58095
8.13333
5.52381
6.09524
4.31429
4.71429
4.77143
5.4381
4.94286
6
6.74286
12.4952
4.70476
5.2
4.9619
8.04762
5.3619
4.32381
6.98095
6.07619
5.84762
4.75238
5.69524
4.05714
4.14286
8.33333
5.51429
4.46667
6.22857
6.0381
8.85714
5.05714
4.52381
8.34286
5.99048
9.38095
5.2
7.62857
6.54286
9.81905
10.1333
9.40952
5.79048
6.72381
9.11429
6.55238
6.72381
11.5048
8.24762
8.12381
11.6381
7.05714
4.26667
7.57143
7.92381
5.97143
4.44762
7.85714
6.26667
12.9048
10.1619
6.31429
9.95238
7.07619
8.8381
5.99048
7.59048
8.74286
7.69524
6.2
9.02857
10.2571
7.53333
6.93333
7.57143
6.65714
7.70476
5.69524
5.81905
11.1238
4.62857
6.05714
4.30476
4.61905
7.53333
8.41905
6.19048
6.91429
4.4
7.68571
4.59048
9.52381
9.40952
10.4762
9.1619
6.13333
8.14286
6.38095
6.97143
7.81905
7.6381
4.85714
5.25714
6.29524
10.419
7.85714
7.87619
10.6571
4.18095
4.64762
4.17143
9.71429
5.54286
6.97143
4.24762
7.31429
7.2
5.92381
6.79048
5.2
8.89524
7.01905
8.60952
4.57143
7.85714
8.29524
7.19048
8.22857
9.99048
6.52381
5.27619
5.9619
7.25714
7.4381
9.30476
7.41905
8.11429
9.21905
4.42857
5.4381
9.9619
4.20952
6.80952
4.90476
4.29524
5.47619
5.14286
4.33333
6.98095
4.24762
6.92381
4.4381
9.01905
7.07619
4.79048
7.72381
4.20952
6.92381
5.44762
7.71429
7.60952
6.06667
8.04762
4.29524
4.58095
4.24762
7.58095
6.86667
6.84762
6.91429
4.2381
6.49524
6.21905
8.00952
5.59048
4.61905
7
6.29524
4.54286
7.59048
7.1619
6.1619
7.08571
7.10476
7.8
6.57143
4.1619
6.80952
9.66667
7.40952
9.15238
7.2381
5.81905
7.66667
4.54286
7.14286
5.59048
7.80952
5.54286
6.2
7.62857
7.98095
5.21905
5.92381
8.9619
4.1619
6.97143
5.50476
7.53333
8.70476
6.61905
7.44762
5.05714
5.6381
5.99048
4.27619
6.75238
4.7619
5.78095
4.31429
7.66667
10.8381
10.1143
7.7619
11.419
4.53333
5.67619
4.28571
6.29524
9.88571
7.40952
9.31429
8.86667
9.30476
9.18095
6.57143
6.84762
6.90476
8.31429
7.70476
4.65714
5.44762
7.82857
15.5143
7.05714
7.46667
6.13333
5.47619
8.2381
5.77143
4.13333
8.09524
9.2381
7.08571
9.77143
4.51429
5.18095
6.89524
7.2
4.4
7.4381
6.15238
17.8
8.98095
6.57143
9.73333
7.11429
6.81905
7.66667
5.44762
8.86667
4.4381
6.52381
4.92381
8.60952
7.40952
8.32381
8.71429
10.9333
5.68571
4.57143
5.46667
4.28571
8.98095
8.80952
4.78095
9.20952
4.8381
5.85714
10.3333
7.49524
6.4
8.0381
4.48571
4.97143
5.07619
6.3619
5.9619
7.62857
5.52381
6.94286
5.22857
8.17143
5.3619
4.2381
4.31429
5.37143
6.94286
6.66667
5.6
7.68571
7.4381
4.4
4.38095
4.31429
4.58095
4.48571
6.49524
8.27619
12.181
4.92381
6.98095
5.71429
9.57143
6.90476
6.05714
10.2
4.26667
11.019
12.1524
9.26667
9.08571
4.41905
4.38095
4.5619
4.32381
9.48571
12.9429
8.97143
10.9143
6.13333
11.6476
8.09524
10.781
7.35238
10.3333
4.4381
10.0286
5.25714
8.33333
7.4381
6.8
8.18095
6.71429
4.62857
7.30476
4.82857
4.85714
4.48571
4.30476
5
7.70476
6.27619
10.0286
4.6
7.75238
11.781
4.79048
7.62857
8.66667
7.13333
4.17143
4.98095
7.8381
6.5619
5.69524
4.45714
8.25714
6.50476
9.04762
8.81905
11.3143
6.28571
6.07619
5.75238
10.219
7.68571
6.14286
7.12381
4.91429
6.6381
7.74286
5.9619
7.12381
6.60952
19.4857
6.74286
4.66667
4.69524
4.8381
7.4381
7.37143
4.81905
5.97143
4.53333
4.66667
6.46667
5.37143
7.20952
4.19048
9.97143
8.72381
4.11429
5.46667
5.78095
10.4762
4.30476
6.98095
7.58095
6.31429
6.62857
11.7714
8.29524
6.00952
6
4.42857
4.65714
4.62857
5.22857
8.01905
6.31429
6.55238
8.29524
5.52381
5.26667
6.97143
7.53333
5.48571
6.4381
10.6286
5.25714
4.66667
6.15238
7.58095
6.8
6.6
4.47619
4.99048
4.72381
4.7619
7.69524
6.48571
4.39048
7.70476
6.70476
11.1143
4.94286
4.44762
4.52381
4.34286
10.6476
7.9619
6.13333
4.2
4.3619
8.01905
5.7619
6.25714
4.21905
4.5619
7.4
6.09524
4.35238
7.73333
7.10476
8.81905
6.82857
4.51429
8.99048
4.37143
8.37143
8.13333
9.68571
6.92381
7.81905
5.14286
8.2
5.79048
7.73333
7.10476
9.18095
6.71429
6.52381
6.33333
10.2857
10.0762
4.20952
6.64762
7.98095
6.00952
7.50476
5.97143
4.31429
6.87619
4.55238
7.19048
6.6
5.35238
8.39048
5.95238
6.25714
4.4381
10.4571
4.31429
4.45714
6.48571
6.52381
9.89524
4.26667
8.39048
8.87619
7.98095
10.6476
4.79048
4.22857
8.4
6.06667
8.15238
5.88571
5.26667
6.47619
10.9524
7.35238
8.15238
5.6381
8.19048
6.55238
8.02857
7.68571
7.61905
4.41905
8.30476
5.34286
7.99048
8.33333
4.48571
4.2
4.13333
4.22857
4.32381
8.85714
6.34286
6.8381
7.00952
5.31429
7.15238
8.44762
3.38095
4.34286
6.12381
6.08571
5.4
4.82857
6
3.32381
4.8381
3.09524
6.53333
7.68571
8.21905
5.25714
3.64762
3.3619
5.30476
3.21905
5.26667
3.47619
3.68571
3.17143
6.05714
5.57143
3.41905
8.05714
4.61905
5.34286
8.21905
5.39048
5.01905
3.26667
3.35238
5.00952
7.35238
4.4381
7.54286
4.85714
5.2381
5.59048
5.85714
3.20952
5.13333
7.02857
7.39048
9.30476
5.19048
4.29524
4.50476
4.17143
6.13333
7.57143
4.61905
6.33333
5.44762
3.48571
3.22857
4.29524
5.81905
6.67619
3.27619
4.6
6.5619
8.54286
3.41905
7.2381
7.77143
3.13333
3.92381
3.40952
11.3524
5.55238
6.5619
7.74286
4.94286
5.48571
5.98095
7.2381
9.64762
9.34286
5.95238
7.47619
9.66667
5.44762
4.09524
6.24762
3.31429
3.17143
5.8381
4.02857
7.25714
3.1619
3.62857
3.3619
5.2381
5.39048
3.20952
4.8
5
3.29524
5.46667
7.13333
5.6381
3.10476
5.93333
8.73333
3.49524
3.52381
5.54286
9.37143
7.14286
3.12381
4.75238
4.69524
5.49524
3.10476
3.28571
4.41905
3.34286
4.2381
6.22857
4.0381
5.52381
5.06667
6.9619
3.64762
4.91429
4.41905
5.18095
5.18095
5.58095
5.02857
3.71429
6.47619
5.74286
4.62857
3.37143
3.65714
3.07619
4.55238
5.11429
3.82857
8.21905
5.77143
6.00952
3.31429
7
3.25714
6.15238
3.52381
3.70476
4.74286
4.69524
3.07619
5.64762
4.74286
5.1619
4.07619
4.50476
5.44762
3.30476
3.53333
3.31429
9.54286
7.85714
4.8381
3.6381
4.8
5.42857
6.97143
5.91429
7.30476
3.00952
8.90476
10.4571
3.93333
4.1619
7.21905
3.97143
7.07619
5.32381
7.20952
3.66667
6.81905
3.15238
4.86667
3.17143
3.5619
3.27619
6.62857
3.06667
4.86667
5.61905
3.34286
5.25714
18.8571
4.99048
4.25714
3.54286
7.14286
3.4
6.13333
3.04762
5.50476
3.35238
7.09524
7.05714
4.65714
8.46667
5.18095
4.72381
5.15238
5.05714
3.33333
5.3619
4.50476
6.18095
4.85714
9.00952
5.86667
3.53333
8.37143
4.18095
7.01905
3.45714
3.18095
6.15238
5.54286
6.00952
3.41905
6.38095
6.11429
7.13333
4.44762
4.88571
4.46667
5.45714
6.62857
7.92381
6.93333
3.19048
3.47619
8.08571
9.2
6.89524
3.73333
8.51429
4.2
5.44762
3.53333
11.9143
3.08571
7.0381
3.60952
6.37143
5.8
13.0381
3.2
4.0381
3.19048
5.27619
6
9.41905
3.65714
3.20952
10.2381
5.10476
3.20952
7.74286
6.99048
5.60952
7.82857
6.1619
6.62857
5.00952
4.90476
7.74286
9.04762
4.95238
6.31429
3.21905
3.41905
5.64762
5.21905
7.58095
5.53333
3.62857
3.12381
3.53333
3.14286
4.92381
3.45714
6.8
3.34286
5.44762
5.89524
6.7619
4.54286
7.18095
5.58095
6.12381
3.28571
6.34286
6.78095
4.67619
3.55238
3.5619
5.93333
4.71429
5.07619
6.49524
3.22857
8.11429
3.13333
3.50476
5.29524
3.68571
3.32381
8.14286
3.41905
3.34286
3.55238
3.18095
3.24762
3.2381
5.66667
3.05714
3.65714
3.4
3.09524
3.59048
6
5.78095
3.31429
5.21905
7.42857
3.64762
6.40952
7.48571
4.68571
6.28571
3.50476
7.75238
5.4
3.52381
6.65714
3.40952
4.77143
5.89524
3.32381
5.86667
5.33333
7
5.85714
5.20952
7.05714
9.44762
3.06667
8.45714
4.17143
7.48571
9.60952
9.59048
5.87619
4.6
5.58095
3.4381
3.39048
3.50476
5.71429
5.6
3.37143
5.05714
3.66667
9.38095
6.40952
8.78095
6.29524
7.71429
9.17143
3.35238
5.40952
3.25714
5.29524
5.66667
6.41905
3.57143
6.52381
3.30476
4.7619
5.45714
5.47619
9.40952
6.88571
6.41905
5.8381
29.7048
8.06667
5.69524
3.18095
3.37143
3.18095
4.57143
7.08571
6.44762
5.97143
5.65714
6.67619
3.58095
6.07619
3.33333
3.14286
3.39048
3.45714
8.6
3.72381
6.4
5.42857
7.13333
5.73333
7
4.95238
5.22857
5.78095
4.41905
3.11429
6.18095
7.2
9.05714
3.25714
3.29524
5.26667
5.18095
7.2381
4.17143
5.10476
5.99048
7.4381
7.6
3.97143
3.14286
5.75238
5.1619
3.4381
6.2381
3.07619
8.70476
6.24762
4.84762
3.05714
6.17143
3.22857
5.55238
4.01905
3.5619
5.75238
4.90476
4.94286
4.80952
7
6.44762
5.75238
3.2381
5.57143
5.4381
7.61905
6.13333
9.4381
5.7619
3.35238
5.80952
3.2
7.0381
4.86667
6.73333
3.39048
4.05714
4.74286
4.26667
3.38095
3.37143
3.07619
4.59048
4.89524
4.29524
5.82857
8.55238
4.9619
4.34286
4.81905
5.55238
4.62857
3.73333
6.2381
5.2381
3.46667
4.74286
3.27619
3.44762
8.2381
8.00952
4.74286
5.25714
5.29524
8.45714
3.37143
6.68571
5.28571
7.31429
6.47619
6.92381
4.98095
5.25714
6.01905
4.65714
3.33333
8.78095
8.48571
7.4381
5.62857
5.92381
8
8.69524
5.0381
7.0381
8.95238
4.54286
7.48571
7.71429
5.58095
5.14286
5.11429
3.20952
3.06667
8.4
3.20952
3.04762
3.45714
6.22857
3.82857
5.74286
3.6381
5.17143
4.84762
3.0381
3.4
5.30476
3.78095
5.04762
7.66667
3.21905
3.33333
4.57143
6.24762
3.27619
4.81905
4.54286
6.01905
3.27619
3.44762
3.31429
5.89524
3.10476
3.02857
4.14286
3.07619
3.6381
3.22857
5.12381
3.21905
6.57143
5.55238
7.1619
5.11429
5.58095
4.89524
4.69524
9.28571
4.35238
3.30476
3.14286
3.38095
4.8381
4.37143
5
7.44762
8.95238
5.29524
3.44762
9.5619
5.00952
5.14286
3.60952
3.47619
3.27619
3.25714
5.18095
5.74286
8.75238
3.41905
9.31429
7.68571
7.91429
4.59048
5.60952
4.8381
7.79048
8.14286
3.46667
3.64762
3.33333
4.77143
5.27619
4.33333
5.38095
7.0381
6.6
3.48571
5.31429
5.30476
3.2381
3.8
6.00952
7.9619
3.13333
10.8
4.93333
8.18095
6.14286
6.39048
7.27619
3.6381
5.97143
3.47619
3.58095
3.31429
4.47619
8.9619
3.14286
5.1619
6.9619
3.48571
3.45714
3.08571
6.78095
5.86667
6
4.45714
7.30476
3.31429
4.07619
3.91429
5.67619
9.17143
5.21905
4.85714
4.90476
6.4
5.27619
3.5619
3.08571
5.3619
3.78095
4.93333
4.61905
3.39048
7.7619
5.21905
3.34286
3.09524
5.51429
3.53333
5.57143
7.65714
3.45714
3.25714
3.46667
3.57143
6.08571
4.87619
5.00952
3.41905
6.84762
4.57143
6.14286
3.40952
6.49524
3.34286
3.33333
4.07619
5.65714
3.45714
3.10476
5.75238
6.1619
4.6
3.2381
4.58095
5.28571
3.57143
3.12381
4
10.8667
4.4
3.97143
3.48571
4.72381
6.88571
4.52381
6.38095
3.48571
7.72381
3.85714
4.06667
9.28571
3.15238
7.31429
3.51429
4.8381
5.00952
3.40952
6.4381
3.39048
5.4381
6.81905
3.22857
3.47619
3.24762
8.02857
6.44762
4.30476
3.22857
7.79048
3.20952
4.95238
6
5.95238
3.18095
3.12381
5.38095
3.05714
3.11429
9.28571
3.8
6.88571
4.00952
11.6667
3.61905
5.68571
5.98095
5.57143
3.21905
3.14286
3.14286
9.13333
6.94286
5.53333
5.45714
3.1619
4.91429
6.67619
3.12381
6.62857
9.2
3.49524
6.74286
3.3619
5.66667
9.75238
5.90476
4.25714
5.68571
6.29524
5.14286
9.99048
7.40952
4.70476
3.06667
3.44762
3.00952
3.10476
4.8381
9.08571
3.58095
4.07619
3.26667
3.14286
3.5619
3.1619
5.69524
3.3619
3.05714
6.24762
3.31429
9.34286
7.88571
5.9619
8.31429
5.24762
3.51429
4.7619
3.17143
8.87619
5.19048
5.39048
3.57143
5.82857
4.88571
3.32381
3.42857
3.29524
5.85714
6.50476
3.34286
6.60952
3.21905
8.37143
6.15238
3.07619
4.29524
5.12381
6.44762
6.91429
6.13333
6.0381
5.24762
3.04762
5.74286
6.74286
5.47619
3.26667
7.98095
4.9619
3.27619
3.70476
4.77143
4.38095
3.42857
3.79048
5.52381
7.30476
3.20952
3.29524
7.14286
5.52381
5.10476
5.7619
7.2
7.92381
6.2
5.84762
8.61905
5.1619
3.37143
3.22857
3.24762
3.18095
7.44762
3.14286
3.94286
3.15238
5.85714
8.45714
4.60952
8.22857
6.10476
4.41905
7.88571
4.87619
4.13333
5.21905
3.60952
4.82857
4.64762
5.2381
5.44762
4.44762
8.81905
6.61905
5.11429
5.72381
8.04762
3.46667
5.40952
6.66667
3.18095
7.34286
5.68571
8.65714
4.65714
7.95238
3.17143
4.82857
6.80952
5.68571
5.29524
4.69524
3.3619
3.77143
4.7619
8.84762
7.4
3.37143
5.24762
6.20952
4.24762
7.61905
6.13333
8.13333
8.04762
7.86667
9.14286
6
6.7619
6.02857
3.94286
5.86667
6.26667
3.45714
6.94286
6.49524
6.17143
5.19048
4.91429
3.26667
8.2381
8.02857
7.57143
3.29524
5.59048
3.8
3.20952
5.30476
6.90476
3.37143
3.45714
7.04762
7.02857
8.26667
3.65714
3.32381
3.40952
4.78095
4.49524
3.48571
5.08571
3.48571
3.3619
3.42857
4.87619
5.14286
5.52381
7.54286
6.08571
6.41905
4.80952
12.781
3.4381
4.1619
6.64762
3.12381
3.29524
3.09524
6.73333
4.6381
3.60952
3.02857
4.32381
3.24762
3.25714
4.35238
5.6
5.19048
3.09524
4.1619
4.70476
4.70476
3.1619
5.93333
5.18095
6.2
6.2
4.70476
4.81905
4.78095
7.86667
4.40952
5.17143
3.17143
5.93333
3.66667
3.52381
5.18095
7.38095
4.50476
3.25714
3.35238
3.57143
5.19048
3.44762
3.21905
7.46667
8.39048
6.2381
5.33333
3.59048
4.89524
5.62857
5.20952
4.73333
6.97143
4.79048
4.33333
3.31429
7.38095
3.42857
5.54286
6.30476
6.21905
7.61905
5.38095
7.57143
8.05714
3.4381
4.30476
7.78095
4.98095
3.18095
5.09524
5.91429
6.6381
5.8381
3.67619
9.64762
3.42857
3.58095
3.90476
3.07619
3.38095
6.46667
5.29524
4.85714
4.74286
3.94286
6.73333
7.34286
6.9619
8.4381
3.12381
3.95238
3.31429
5.08571
5.31429
7.72381
5.10476
3.39048
5.3619
3.2
7.22857
5.17143
5.79048
3.1619
7.72381
7.50476
5.6
4.79048
4.55238
6.91429
3.29524
3.2381
6.46667
4.6381
4.90476
6.3619
7.12381
3.0381
5
10.219
3.27619
5.71429
3.44762
3.82857
6.26667
7.72381
4.91429
5.5619
8.30476
4.8381
6.14286
5.72381
8.3619
3.27619
3.65714
3.35238
6.64762
3.50476
5.30476
4.79048
10.1333
3.70476
6.68571
5.34286
5.50476
3.57143
8.40952
12.6
5.95238
5.85714
7.00952
7.4381
4.77143
7.33333
10.419
6.2
4.77143
7.80952
8.05714
7.32381
5.86667
6.62857
8.05714
4.88571
6.81905
3.28571
4.9619
8.95238
4.92381
8.54286
7.77143
4.60952
6.69524
10.1333
5.20952
3.4
6.31429
7.37143
3.58095
4.94286
6.0381
8.57143
6.2
4.87619
10.4476
3.2
5.12381
3.10476
7.46667
5.51429
3.42857
3.28571
7.05714
4.98095
5.54286
3.81905
9.65714
8.10476
4.70476
3.47619
5.77143
5.94286
3.47619
5.86667
5.41905
3.11429
5.10476
6.40952
3
6.10476
4.97143
4.70476
5.18095
3.40952
5.84762
6.52381
8.33333
7.91429
3.08571
3.52381
5.45714
9.25714
4.08571
5.8381
3.89524
3.54286
7.74286
3.47619
3.24762
8.30476
6.04762
5.70476
10.3524
7.89524
5.91429
4.37143
5.66667
6.2381
10.0286
4.91429
4.92381
4.99048
7.2381
6.62857
4.19048
4.66667
6.58095
6.2381
3.14286
4.46667
5.02857
3.14286
9
3.61905
6.53333
7.61905
7.51429
9.57143
5.7619
3.33333
7.59048
5.26667
4.46667
4.75238
6.25714
6.74286
5.09524
3.49524
3.33333
3.28571
3.32381
5.28571
5.84762
5.69524
3.54286
6.2
3.24762
5.42857
3.59048
4.51429
3.98095
5.5619
5.74286
7.33333
4.49524
3.59048
6.41905
3.41905
6.45714
3.53333
7.7619
10.219
4.52381
3.3619
9.05714
8.2
3.37143
3.51429
6.38095
9.10476
7.92381
3.24762
6.08571
3.01905
10.3905
4.57143
8.14286
5.84762
7.71429
3.55238
3.18095
5.34286
3.14286
6.48571
7.57143
5.04762
7.33333
4.98095
5.54286
5.6381
5.08571
3.37143
8.97143
6.31429
3.26667
5.38095
7.62857
3.10476
3.24762
5.39048
6.04762
3.24762
8.38095
6.57143
3.42857
4.90476
6.65714
5.59048
5.09524
6.62857
4.80952
3
4.77143
6.99048
5.58095
5.07619
6.51429
3.07619
6.99048
6.38095
5.86667
5.67619
3.4
6.52381
5.52381
3.44762
5.52381
8.32381
8.27619
3.40952
4.61905
3.15238
7.30476
3.47619
5.95238
5.48571
5.50476
3.08571
6.82857
3.14286
8.30476
3.27619
7.97143
6.04762
3.22857
3.28571
5.14286
3.4
6.08571
9.01905
5.00952
3.38095
3.33333
4.64762
5.45714
6.33333
3.53333
5.82857
3.58095
4.38095
11
7.04762
8.31429
5.92381
4.71429
3.44762
5.13333
7.37143
3.60952
5.22857
3.52381
3.57143
7.70476
4.62857
3.71429
4.53333
3.25714
7.1619
3.4381
5.58095
6.68571
4.79048
4.50476
5.1619
7.86667
4.45714
6.54286
5.49524
3.58095
3.14286
3.59048
4.65714
4.73333
5.6
3.26667
5.86667
6.51429
3.31429
3.1619
4.70476
3.09524
3.33333
3.18095
5.47619
6.28571
3.98095
3.22857
6.12381
5.81905
4.65714
3.42857
7.15238
6.85714
3.50476
3.08571
3.55238
5.86667
3.02857
3.25714
7.08571
3.33333
3.4
3.80952
8.6381
3.53333
3.4381
8.34286
3.09524
4.67619
5.19048
6.09524
4.93333
4.28571
4.90476
9.3619
5.9619
5.97143
5.69524
6.20952
9.25714
6.29524
5.00952
6.22857
6.19048
5.13333
5.06667
3.52381
4.07619
5.15238
5.48571
5.59048
3.58095
3.26667
5.00952
5.32381
5.65714
3.34286
4.24762
4.3619
5.2
6.74286
3.54286
3.5619
9.60952
5.08571
6.93333
5.62857
4.2381
6.30476
5.62857
3.39048
3.46667
6.44762
5.77143
3.26667
3.17143
4.98095
11.2762
6.09524
5.27619
10.8286
8.09524
4.5619
3.55238
3.19048
3.04762
5.44762
5.28571
6.32381
3.25714
4.8381
4.38095
9.05714
7.18095
7.27619
5.87619
3.5619
3.02857
7.42857
5.01905
8.13333
8.41905
4.99048
5.27619
7.46667
5.6
6.3619
5.17143
3.39048
3.3619
3.14286
3.17143
4.01905
3.31429
3.38095
8.15238
6.90476
6.73333
7.53333
4.40952
6.0381
3.24762
6.74286
8.10476
4.95238
4.09524
7.46667
5.79048
3.19048
4.62857
7.25714
10.8952
3.5619
4.87619
3.39048
7.04762
3.29524
3.22857
5.15238
3.79048
5.38095
3.35238
5.89524
6.44762
3.29524
3.78095
3.2381
5.2381
4.42857
5.27619
3.65714
3.17143
3.57143
4.84762
4.1619
7.22857
5.25714
3.58095
8.33333
6.29524
3.06667
9.41905
7.15238
5.14286
4.01905
6.84762
5.59048
5.39048
4.92381
6.93333
3.7619
4.47619
9.13333
3.58095
5.15238
5.74286
6.15238
5.92381
6.13333
3.47619
6.3619
7.28571
3.39048
7.3619
3.38095
4.2381
6.6
4.95238
6.45714
4.14286
4.29524
6.84762
5.75238
8.31429
7.61905
8.6381
3.90476
3.06667
6.57143
3.40952
3.1619
4.6
5.3619
9.45714
4.19048
9.0381
3.45714
3.88571
5.34286
5.11429
3.93333
6.06667
5.91429
6.64762
5.21905
5.25714
3.1619
5.11429
10.0667
3.22857
7.6381
6.73333
3.62857
7.78095
6.0381
5.6
6.9619
4.54286
7.25714
3.27619
5.27619
7.17143
5.02857
3.35238
6.18095
9.89524
6.21905
6.5619
5.4
4.65714
8.86667
3.50476
4.81905
3.49524
4.65714
3.32381
9.92381
3.44762
5.5619
3.32381
3.20952
3.14286
5.7619
5.26667
5.50476
7.85714
4.33333
5.86667
4.49524
6.97143
6
5.04762
5.2381
7.4381
5.2381
3.21905
4.7619
8.55238
3.6381
5.2
6.54286
3.10476
4.61905
5.85714
7.42857
3.90476
5.6381
3.20952
4.86667
9.30476
5.22857
3.70476
7.98095
3.40952
3.84762
6.17143
3.11429
7.51429
5.18095
3.55238
3.59048
5.87619
7.28571
5.46667
5.71429
4.90476
8.51429
3.66667
3.48571
3.29524
3.66667
5.17143
3.1619
6.46667
4.59048
3.39048
3.62857
3.60952
7.84762
4.54286
4.59048
3.10476
3.11429
7.48571
4.31429
3.21905
5.61905
3.21905
3.48571
7.7619
3.19048
6.8
4.67619
7.93333
7.52381
4.86667
6.2
4.84762
11.0952
8
3.46667
5.85714
3.89524
8.31429
5.01905
3.62857
4.75238
9.40952
3.15238
9.94286
5.91429
5.54286
3.41905
4.70476
3.57143
4.86667
8.50476
5.91429
7.38095
8.53333
3.3619
4.6381
3.11429
8.61905
8.40952
3.72381
3.05714
3.93333
4.6
5.82857
10.3143
6.57143
8.94286
7.45714
3.50476
5.98095
7.77143
4.19048
7.93333
6.81905
9.14286
6.8
3.39048
4.35238
4.97143
5.02857
4.68571
6.67619
5.25714
5.68571
6.39048
3.25714
3.24762
7.22857
7.77143
3.6
7.79048
3.3619
7.01905
4.20952
5.86667
4.81905
5.60952
5.22857
6.22857
5.18095
5.46667
3.29524
5.99048
7.09524
7.60952
6.12381
6.74286
7.28571
7.33333
3.26667
7.48571
5.08571
8.31429
4.19048
3.6381
4.59048
6.04762
5.29524
5.72381
5.21905
5.19048
3.52381
3.70476
4.73333
5.28571
6.86667
3.37143
7.24762
5.67619
6.06667
8.51429
5.44762
3.38095
3.59048
4.78095
3.31429
5.74286
3.17143
8.01905
5.57143
3.21905
3.47619
3.67619
4.4381
3.19048
5.78095
9.54286
7.00952
5.57143
8.45714
5.80952
6.42857
4.42857
5.79048
5.84762
7.78095
6.01905
5.9619
7.49524
3.29524
5.59048
3.72381
6.47619
5.70476
3.69524
3.19048
6.8381
5.24762
3.19048
3.25714
3.28571
5.39048
3.28571
6.52381
3.42857
4.07619
3.3619
5.29524
3.4381
4.9619
7.39048
3.59048
3.8381
6.33333
5.54286
5.11429
6.4
6.85714
5.20952
5.37143
6.06667
6.64762
3.2
5.01905
4.73333
3.73333
3.4381
7.4381
5.09524
4.59048
3.22857
7.2381
5.88571
7.44762
5.77143
6.2
6.82857
8.6381
4.81905
5.37143
3.29524
6.50476
7.20952
5.47619
3.44762
3.31429
4.66667
5.65714
3.2
3.31429
9.97143
8.00952
7.00952
5.18095
3.55238
5.89524
3.3619
3.74286
4.94286
8.6381
5.50476
5.6
3.97143
7.99048
5.06667
4.82857
8.44762
4.69524
7
3.75238
9.29524
3.32381
5.90476
3.4381
5.24762
4.41905
7.14286
3.3619
7.42857
3.69524
7.21905
3.24762
8.81905
5.14286
3.37143
5.62857
6.5619
7.97143
4.4381
3.21905
7.37143
3.31429
5.22857
5.52381
5.19048
3.30476
3.85714
6.26667
5.33333
8.04762
3.51429
4.52381
3.32381
5.68571
4.57143
4.92381
10.4952
7.31429
7.29524
3.24762
4.3619
3.29524
6.4
3.60952
3.27619
6.22857
3.4
3.55238
5.42857
6.0381
3.84762
3.15238
3.19048
6.00952
3.34286
3.17143
5.78095
5.02857
5.69524
4.31429
5.8
3.58095
3.20952
5.2
4.73333
3.95238
8.06667
6.79048
4.22857
4.66667
5.48571
3.5619
8.98095
7.5619
5.81905
5.26667
3.24762
3.42857
3.48571
6.45714
3.47619
17.6952
3.35238
5.55238
7.4
5.25714
3.24762
6.73333
3.1619
5.73333
3.08571
6.38095
7.13333
4.82857
3.25714
4.32381
3.21905
3.37143
4.94286
5.59048
3.20952
5.91429
3.01905
5.01905
3.27619
4.8381
8.25714
7.65714
5.51429
5.27619
5.33333
3.06667
4.59048
5.4
3.26667
4.92381
4.81905
6.2381
7.73333
4.49524
8.3619
7.77143
3.31429
4.51429
5.38095
7.74286
3.24762
6.27619
5.13333
3.91429
7.62857
7.14286
3.29524
3.59048
5.27619
3.38095
5.46667
3.12381
3.28571
5.37143
5.42857
5.6
5.2
6.14286
5.66667
5.8
9.58095
3.32381
5.28571
4.59048
6.77143
3.71429
6.54286
4.46667
4.13333
4.71429
4.59048
6.77143
7.85714
4.4
5.8381
4.24762
8.4
8.22857
4.86667
7.73333
7.32381
4.90476
3.22857
3.35238
7.81905
7.52381
7.41905
5.05714
5.02857
5.27619
5.01905
3.93333
3.42857
3.28571
6.42857
10.3714
3.74286
3.4
3.35238
3.17143
3.22857
6.33333
3.30476
6.35238
7.45714
5.50476
6.52381
5.32381
4.44762
6.61905
6.17143
3.12381
3.22857
5.61905
3.28571
3.10476
8.78095
5
6.07619
3.18095
3.48571
5.19048
3.1619
5.25714
3.39048
7.1619
3.4381
8.01905
4.82857
6.40952
6.64762
6.13333
3.4
5.60952
3.30476
6.71429
8.4
6.17143
4.69524
3.66667
8.25714
7.6
3.10476
3.1619
3.2
5.31429
4.97143
4.3619
3.04762
4.57143
6.14286
7.47619
7.10476
4.94286
3.6
4.70476
4.78095
6.22857
4.35238
7.38095
5.68571
6.81905
7.35238
6.74286
5.22857
6.91429
7.10476
5.57143
4.10476
8.82857
9.44762
6.1619
6.33333
5.34286
5.75238
3.66667
5.08571
5.46667
5.13333
8.48571
7.25714
6.51429
4.80952
5.66667
4.68571
4.69524
4.21905
4.40952
4.55238
4.88571
10.3238
7.46667
4.86667
3.69524
6.00952
6.79048
9.29524
5.09524
5.3619
7.59048
4.53333
5.53333
4.65714
5.30476
6.28571
4.46667
4.45714
3.34286
3.55238
3.17143
8.19048
5.29524
3.06667
5.38095
3.15238
4.89524
8.38095
8.10476
7.35238
5.06667
4.88571
3.9619
3.40952
6.5619
5.19048
5.77143
8.27619
4.80952
6.20952
5.04762
3.08571
5.82857
3.2381
3.60952
3.1619
6.04762
3.57143
6.33333
3.28571
3.53333
3.57143
3.35238
3.22857
3.8
3.20952
5.21905
3.2381
6.75238
6.87619
5.8
7
8.15238
6.06667
8.90476
6.38095
8.20952
10.3143
3.81905
5.35238
7.42857
3.4
5.58095
3.1619
5.58095
7.08571
8.82857
3.32381
7.00952
3.18095
8.6
6.5619
3.2381
6.5619
3.22857
5.07619
4.6381
7.14286
9.1619
4.99048
4.99048
6.85714
3.19048
3.21905
6.44762
6.65714
5.48571
4.70476
3.39048
7.91429
4.6
10.7238
7.51429
3.13333
4.22857
9.21905
5.67619
4.55238
5.1619
4.75238
9.45714
5.07619
3.6
5.4
8.0381
6.8
9.37143
7.41905
5.93333
6.77143
8.69524
4.68571
4.85714
6.50476
3.4381
3.3619
5.01905
3.44762
5.35238
3.62857
4.6
6.87619
6.02857
3.29524
4.81905
3.11429
6.82857
6.88571
5.02857
3.19048
3.18095
3.17143
6.89524
5.70476
10.0571
5.97143
3.37143
3.3619
5.57143
6.30476
6.74286
6.25714
5.04762
3.39048
3.2
4.82857
4.93333
3.26667
3.19048
3.08571
4.9619
3.45714
4.02857
5.41905
6.60952
7.40952
5.38095
4.87619
3.1619
4.3619
3.27619
5.45714
7.84762
7.50476
5.65714
5.05714
3.40952
3.33333
5.52381
5.05714
9.5619
9.12381
3.29524
5.31429
8
6.80952
5.26667
5.86667
6.4
3.72381
6.10476
7.80952
3.20952
6.12381
3.27619
3.24762
6.02857
5.69524
4.07619
3.17143
5.59048
6.6381
3.13333
4.73333
3.62857
5.89524
3.1619
5.66667
9.85714
9.31429
3.44762
6.6381
4.6381
5.11429
5.8
5.73333
7.06667
6.54286
2.30476
5.98095
4.94286
3.49524
2.22857
2.27619
2.22857
3.6381
2.12381
2.09524
4.46667
3.64762
2.0381
4.51429
2.13333
4
2.52381
4.28571
5.85714
2.35238
3.44762
2.49524
2.59048
2.45714
2.49524
4.73333
4.77143
2.21905
8.55238
2.90476
2.48571
2.08571
2.30476
4.97143
2.3619
2.02857
4.3619
2.47619
2.32381
2.47619
4
2.14286
2.02857
3.95238
2.39048
2.38095
3.74286
6
4.02857
3.89524
2.19048
2.18095
7.2
2.29524
4.10476
2.15238
5.11429
2.6
2.51429
2.37143
3.79048
2.29524
2.45714
5.91429
2.89524
7.52381
20.619
3.79048
5.8381
3.09524
4.11429
2.07619
4.12381
6.6
2.49524
2.17143
2.08571
2.06667
2.32381
3.24762
2.27619
2.1619
4.28571
2
2.19048
2.59048
3.8381
2.39048
4.40952
7.60952
5.70476
6.86667
4.89524
2.32381
4.68571
2.15238
3.84762
3.9619
4.92381
8.5619
2.30476
3.75238
2.21905
4.87619
3.45714
2.4381
2.28571
4.6
2.25714
2.41905
3.40952
3.92381
2.00952
2.50476
2.0381
2.1619
2.27619
2.97143
4.68571
3.49524
2.33333
2.37143
4.17143
5.02857
5.6381
2.27619
2.62857
6.21905
3.57143
1.05714
3.00952
1
3.71429
4.60952
1.10476
3.4381
1.72381
1.05714
1.13333
1.2381
3.94286
2.78095
1.38095
3.45714
1
1.92381
1
1.11429
4.35238
2.88571
1.1619
1.27619
2.40952
3.50476
1.28571
4.90476
1.09524
1.0381
1.00952
1.17143
1.19048
1.00952
1.6
4.64762
1.13333
1.2381
1.31429
1
3.34286
1.38095
4.04762
4.64762
3.81905
1.24762
1
4.33333
1.04762
1.10476
1
1.52381
4.82857
3.95238
1.07619
1.19048
2.52381
1.14286
1
1.09524
4.18095
2.62857
1.69524
2.51429
1.20952
1.24762
1.07619
1.0381
3.6381
3.79048
1.00952
2.41905
3.13333
1.09524
1.07619
1.20952
1.19048
1.75238
1.02857
1.19048
1.09524
1.0381
4.14286
1.08571
1.01905
1
1
1.13333
1.07619
1.02857
5.18095
1
1.01905
4.64762
5.38095
2.62857
3.33333
1.00952
4.14286
1.32381
1.13333
3.38095
3.86667
1.13333
1
5.35238
1
1.24762
4.38095
1.04762
1.06667
1.31429
1
3.89524
3.42857
1.13333
3.35238
1.08571
1.0381
3.55238
1.01905
3.81905
1.18095
1
1
3.72381
1.20952
2.64762
5.7619
1
1.00952
1.3619
1
3.05714
1.26667
1.1619
1.95238
1.51429
1.07619
4.59048
1.15238
3.52381
1.19048
3.6381
1.08571
1.64762
1.24762
4.12381
2.81905
1.3619
1.04762
3.74286
4.5619
3.82857
1.3619
1.10476
1.00952
1.05714
1.12381
1.02857
1.52381
1.1619
1.33333
2.95238
4.33333
1.00952
1.40952
1.09524
3.79048
4.84762
1.15238
1.42857
1
3.61905
3.49524
2.74286
1.20952
4.25714
1.09524
1
1
1.01905
1.15238
1.0381
1.07619
1.06667
3.65714
4.02857
4.27619
1.01905
1.30476
1.19048
1.09524
3.07619
4.38095
4.02857
1.09524
4.47619
1.12381
3.8381
4.70476
1.13333
1.2381
1.08571
2.39048
1.18095
1.0381
4.05714
3.24762
1.0381
1
1.00952
1.02857
1.50476
1.47619
3.55238
1.17143
2.66667
3.80952
1.00952
1.19048
1.01905
1.05714
3.02857
1.06667
1.1619
1.06667
1.05714
1.25714
1.00952
1.37143
1.32381
2.62857
1.0381
1.0381
1.12381
1.50476
1.89524
1.05714
1
1.72381
1.61905
1.14286
3.49524
1.09524
1.48571
1.05714
1.0381
1.2
1.12381
1
3.88571
1.27619
1.06667
1.19048
1.07619
1.15238
1.04762
1.14286
1.04762
1.28571
1.11429
1.13333
1
1.02857
1.14286
5.13333
1.02857
1.15238
1.30476
3.20952
4.61905
1.10476
1.14286
1.0381
3.66667
1.05714
4.06667
4.01905
1
3.3619
1
1
1.01905
1.01905
2.34286
3.00952
1.01905
1.00952
1.09524
3.33333
1.17143
2.82857
1.10476
4.10476
4.4
2.59048
4.37143
4.89524
3.37143
5.53333
1.14286
1.09524
1.73333
3.49524
1.05714
1.11429
1.06667
1.11429
1.2
1.05714
3.15238
2.64762
1.10476
1.15238
4.00952
3.75238
1.08571
1.08571
3.05714
1.00952
1.09524
1.01905
3.12381
1.0381
1.00952
4.02857
5.69524
1.1619
4.02857
3.9619
1.01905
3.47619
3.80952
1.06667
4.91429
3.67619
3.97143
1.8
1.1619
1.29524
1
4.18095
1.24762
1
3.2
1
1.05714
1.21905
1.15238
1.07619
1.02857
1.72381
3.47619
3.02857
1.11429
4.32381
2.8381
1.12381
1.21905
1.35238
1.10476
1.02857
1.18095
1.59048
1.21905
3.04762
4.27619
5.07619
4.25714
1.10476
1.06667
1.18095
4.0381
1.46667
1.0381
1.46667
4.22857
1.00952
1.94286
3.40952
3.19048
3.62857
1.02857
3.98095
1
3.17143
2.06667
1.00952
2.3619
1.24762
4.34286
3.6381
1.00952
1.18095
2.9619
1
1.00952
1.39048
3.55238
3.77143
1.13333
1.24762
1.24762
1.05714
1.14286
4.4
4.73333
3.02857
1.06667
1.06667
1.06667
1.09524
3.82857
2.62857
2.75238
3.70476
1.15238
1.00952
4.10476
1.01905
1.09524
1.15238
1.15238
1
5.4381
4.22857
4.58095
1.25714
4.06667
1
4.31429
2.90476
1
3.65714
5.62857
3.02857
1.2
1.07619
1.01905
1.06667
1.09524
1.2
1.00952
3.49524
1.22857
1.04762
3.24762
1.41905
1.28571
1.26667
1.28571
1.08571
4.41905
1.00952
1.07619
1.13333
1.06667
1.07619
4.34286
1.24762
1.18095
2.8381
4.98095
1.09524
1.02857
1.0381
1.0381
1
3.40952
2.44762
3.94286
1.30476
1.21905
4.9619
1.6381
1.28571
4.94286
3.28571
1.14286
3.2
1.21905
1.0381
1.09524
1.44762
1.10476
1.05714
2.97143
1.04762
1.0381
3.38095
1.00952
1
4.1619
1.07619
2.81905
1.02857
1.19048
1
1.07619
1
3.15238
1.6381
3.6
3.97143
4.11429
1
1.05714
4.47619
1.09524
1.0381
3.60952
3.22857
1.00952
1.10476
4.10476
2.30476
1.09524
2.77143
3.45714
1.05714
3.92381
1.15238
1.35238
1.00952
1.02857
1.10476
1.10476
1.14286
1
1.73333
1
1.3619
1.02857
3.75238
3.24762
1.09524
1.01905
1.01905
1.17143
1.24762
1.11429
3.6381
1.15238
1.06667
1.11429
1.20952
3.64762
3.37143
4.98095
3.12381
1
1.21905
5.6
1
2.72381
1.17143
4.06667
3.1619
4.61905
1
3.01905
1.17143
1.09524
1.3619
1.17143
1.34286
3.87619
1.20952
1.31429
1.3619
4.29524
1.38095
1.22857
1.00952
1.20952
4.45714
1.08571
1.33333
1.06667
1.17143
1.26667
3.48571
1.05714
1.1619
1.11429
1.12381
1.09524
1.00952
4.01905
1.18095
4.32381
1.0381
1.98095
1.11429
3.12381
1.09524
3.28571
2.70476
3.8381
1.07619
1.05714
2.0381
3.68571
1.00952
1.05714
1.1619
1.19048
1.21905
1.1619
4.65714
1.22857
1.10476
1.32381
1.33333
3.54286
1.17143
4.84762
1.21905
1.12381
1.12381
1.10476
1.2
3.53333
1.38095
1.19048
1.10476
1.2
1.11429
6.6381
1.10476
3.25714
4.7619
1.04762
3.95238
1.12381
1.2
1.54286
2.90476
1.10476
1.12381
1.13333
1.11429
1.19048
5.51429
1.00952
3.60952
1.00952
3.47619
1.15238
1.06667
1.24762
1.18095
1.05714
2.92381
4.22857
1.15238
1.27619
1.07619
1.02857
3.34286
4.55238
1.22857
1.41905
3.02857
1.29524
1.06667
1.30476
1.05714
1.02857
1.13333
4.4
1.00952
4.24762
3.60952
3.4
1.17143
1.11429
3.93333
1.00952
4.70476
1.04762
1.05714
5.04762
1
1.6381
1.04762
3.8
4.9619
1.05714
1.00952
3.05714
3.1619
1.05714
1.24762
1.11429
1.21905
4.86667
1.01905
3.44762
2.27619
1.21905
1.14286
1.12381
4.79048
1.05714
1.3619
5.44762
1.06667
1.25714
3.97143
1.15238
5.12381
1.64762
1.10476
1.2
1
3.68571
1.11429
3.38095
3.18095
3.09524
4.69524
2.27619
1.01905
1
1.26667
1.01905
2.20952
1.01905
1.11429
3.51429
1.19048
2.53333
4.40952
1.13333
1.19048
1.22857
1.24762
1
2.62857
1.27619
3.37143
2.81905
1.01905
1.12381
4.72381
3.9619
3.78095
1.13333
1.00952
1.4
1.26667
1
1.02857
2.47619
1.00952
3.87619
1.04762
1.73333
1.34286
1.18095
2.5619
2.82857
1
1.01905
1.08571
1.12381
3.89524
1.14286
1.48571
1.09524
1.17143
1.25714
1
1.13333
1.00952
3.42857
1.26667
3.49524
1.08571
4.2
1.07619
1.38095
1.00952
3.79048
1.1619
1.12381
1.70476
1
3.2
1.18095
1.00952
1
2.87619
3.27619
2.53333
1.00952
3.04762
2.38095
1.04762
1.1619
1.44762
4.77143
1.04762
1.04762
1.06667
1.0381
3.57143
1
2.5619
1
1.13333
1.1619
1.10476
3.8
2.79048
1.01905
1.21905
1
1.0381
1.40952
1.13333
1.12381
4.38095
1.18095
1.19048
1.02857
1
3.47619
1.25714
1.17143
1
2.74286
1.06667
1.84762
4.93333
1.01905
1.14286
1.26667
1.09524
1.06667
3.2381
3.14286
1.07619
1.11429
1.07619
4.32381
1.2
4.90476
1.25714
1.32381
3.28571
1.28571
1.01905
1.28571
1.25714
1
1.09524
1.49524
1.32381
3.0381
3.38095
4.5619
2.60952
4.2
1.07619
1.11429
1
1.22857
2.48571
4.38095
1.29524
1.13333
2.5619
1.09524
1.25714
2.46667
1.07619
1.5619
4.18095
1.11429
1.01905
1.10476
1.15238
1.17143
1
3.6381
3.30476
1.32381
1.21905
1.06667
1
3.13333
1.1619
4.53333
4.61905
4.01905
1.09524
1.01905
2.52381
1.1619
3.55238
1.19048
1.2
1.14286
3.00952
4.09524
1.21905
1.00952
1.69524
1.61905
1.2
4.71429
1
1.11429
1.04762
1.12381
4.10476
1.97143
4.66667
3.41905
1.26667
1.38095
3.26667
1.13333
5.14286
1.00952
3.0381
1.00952
1.08571
4.44762
1
1.08571
1.10476
1.02857
1.01905
1.08571
3.61905
4.87619
3.70476
1.30476
4.52381
1.10476
1.09524
1.00952
1.2381
4.25714
1.02857
5.21905
1.6
3.51429
3.14286
3.26667
1.14286
1.09524
3.99048
1.14286
5.13333
1.30476
1.0381
1.10476
1.18095
4.19048
1.06667
1.29524
5.35238
1.26667
1.01905
3.2381
1.02857
1.18095
1.15238
1.00952
3.70476
6.26667
3.33333
1
1.06667
1.10476
1.0381
3.90476
1.50476
3.50476
1.07619
1.90476
3.19048
1.42857
1.12381
1.02857
1.20952
3.52381
4.1619
3.95238
1.09524
1.01905
2.90476
1.28571
2.68571
1.04762
1.15238
1.12381
1.05714
1
3.50476
1.01905
4.41905
1.13333
3.84762
1.95238
1.33333
2.81905
1.02857
1.07619
1
1.01905
2.78095
4.9619
3.41905
5.17143
1.20952
1.12381
1.82857
1.2381
4.3619
1.05714
3.6
1.01905
1.21905
1.30476
3.54286
1.10476
1.18095
6.33333
4.97143
4.38095
1.25714
2.73333
1.12381
2.57143
1.12381
1.24762
1.01905
1.10476
2.07619
1.01905
4.84762
1.01905
3
1.1619
1.10476
4.6
1.34286
1.06667
4.65714
4.04762
3.87619
1.15238
1.24762
1.17143
1.01905
1.41905
1
1.15238
2.65714
3.48571
1.06667
1.09524
1.48571
1.41905
1.18095
1.37143
2.54286
1
3.66667
3.5619
1.2
4.55238
1.05714
1.08571
1.00952
1.01905
1.20952
1.18095
1.2
1.31429
1
1.05714
1.37143
1.01905
1.1619
1.04762
1
3.9619
5.30476
1.79048
1.06667
1.00952
1.05714
1
1.1619
1
1.37143
1.25714
1.12381
1.18095
1.14286
1.51429
1.00952
4.21905
4.64762
1.34286
3.40952
1.00952
3.2
3.8
1.01905
1.12381
1.04762
1.12381
1.02857
1.3619
1.12381
1
1.21905
1.21905
1.2381
1.00952
1.01905
1.07619
1.05714
4.30476
3.21905
1.01905
1
1.19048
1.04762
3.73333
3.97143
1.24762
1.71429
1.04762
2.71429
3.32381
1.05714
4.05714
1
3.42857
2.85714
3.15238
1.2
3.50476
1
1.08571
2.78095
1.08571
4.28571
1.12381
4.4
2.09524
1.30476
4.55238
3.34286
1.32381
4.12381
1
1.09524
1.13333
4.11429
4.52381
1.64762
4.34286
1.49524
3.6
4.74286
3.8381
1.09524
3.32381
1.45714
1.1619
1.09524
1.05714
3.45714
1.34286
3.67619
4.57143
3.54286
3.01905
1.08571
2.99048
4.94286
1
1.01905
3.6
1.2
1.00952
1.09524
1.22857
1.44762
3.70476
1.09524
1.40952
4.51429
1.2
4.98095
4.0381
1
1.04762
3.49524
1
1.04762
1.37143
4.44762
1.12381
1.85714
3.40952
3.99048
1.17143
1
1
1.27619
3.61905
1.11429
4.20952
1
1.07619
4.26667
1.20952
1.05714
1
1.4381
4.82857
3.97143
3.40952
1
4.02857
1.11429
1.00952
1.32381
3.8381
1.01905
1.6
1
4.73333
5.17143
3.35238
1.00952
1.1619
1.75238
1.02857
1.00952
1.19048
1.31429
2.8381
1.19048
1.71429
1.1619
1.17143
4.24762
1.01905
1.02857
3.62857
1.80952
1.32381
1.00952
1.20952
1.0381
5.61905
1.15238
1.29524
1.08571
1
2.94286
1.10476
1.05714
1.4
1.47619
1
1.00952
1.33333
1.11429
4.38095
3.30476
3.25714
1.18095
1.28571
2.78095
2.45714
1.08571
1
1.7619
1.08571
3.47619
2.54286
1.15238
2.09524
1.37143
3.14286
3.47619
1.68571
4.31429
4.26667
2.49524
4.28571
1.05714
1.64762
7.9619
2.19048
3.32381
1.2381
3.9619
1.07619
1.30476
1.05714
5.28571
1.08571
1.00952
1.67619
1.4381
1.11429
1.18095
1.33333
1
3.6
3.58095
2.45714
2.91429
1.06667
3.67619
1.31429
1.09524
1.15238
2.25714
2.66667
3.49524
3.00952
4.37143
1
1.01905
3.21905
3.2381
3.3619
1.09524
3.73333
1.01905
1.08571
1.12381
1.20952
1.29524
1.17143
1.04762
1.52381
1.19048
1
1
1.11429
1.02857
1.01905
1.0381
1.15238
1.08571
1.11429
1.12381
1.00952
4.84762
1.04762
1.00952
1.09524
4.09524
1.0381
1.05714
1.06667
3.39048
3.91429
1.27619
1
3.45714
2.93333
2.30476
1.1619
1.20952
2.7619
1.1619
1.12381
1.0381
1
3.85714
3.74286
3.70476
1.04762
2.71429
1.19048
4.35238
1.14286
4.92381
3.2
2.66667
3.4381
3.26667
1.46667
1.02857
3.28571
4.69524
3.95238
1
3
1.86667
1.06667
1.12381
1.07619
2.73333
1.28571
2.84762
3.30476
1.18095
1.18095
1.42857
1.25714
1
4.82857
1.01905
1.11429
1.14286
2.59048
3.66667
1.0381
1.30476
4.07619
1.2
1.00952
4.1619
2.95238
1.20952
1.0381
1.12381
1
4.18095
3.66667
3.34286
3.66667
1
1.31429
3.08571
1.08571
1.08571
3.14286
1
4.97143
3.78095
1.18095
1.20952
1.08571
2.87619
4.80952
1.25714
1
1.11429
3
1.14286
4.24762
1.20952
1.24762
1.01905
1.07619
1.17143
1.05714
1.27619
1.06667
1
1.02857
1.19048
1.00952
2.1619
1.07619
3.15238
1.33333
1.28571
1.01905
1.34286
1.10476
1.00952
6.3619
1
1.0381
3.60952
1.0381
3.98095
1.07619
3.11429
1.6
1.04762
1.09524
1.13333
1
1.95238
1.2
1.30476
3.98095
1.1619
1.02857
1.04762
1.0381
1.13333
1.17143
1.20952
3.79048
3.69524
3.87619
1.02857
1.04762
1
1.77143
3.91429
3.00952
1.09524
2.86667
4.8381
1.30476
1.25714
1.00952
3.52381
1.00952
1.71429
1.12381
1.11429
1.21905
1.08571
4.31429
1.10476
1.70476
2.58095
1.22857
1.04762
2.10476
1.08571
1.08571
1.31429
2.75238
1.11429
1.1619
4.11429
1.30476
1.18095
1.12381
5.07619
4.17143
1.08571
1
2.24762
1.0381
1.10476
3.2381
1.19048
1.09524
4.62857
1.22857
5.70476
5.25714
2.7619
1.44762
1.45714
1.28571
1
1.02857
3.08571
1.00952
1.08571
1.18095
3.4381
1.18095
1.24762
1.13333
4.53333
1.00952
1.17143
1.04762
1.01905
1.10476
1.2381
3.80952
3.6381
1.07619
1.11429
3.9619
3.33333
1.26667
2.82857
1.09524
1.06667
4.01905
3.22857
1.08571
1.51429
2.8381
1.25714
1
4.00952
3.78095
1.0381
4.61905
1.42857
3.5619
1
4.45714
1.19048
1.00952
3.57143
1.1619
3.88571
3.29524
1.73333
1.1619
1.09524
1
1
1.04762
1.00952
1.2381
2.92381
3.50476
4.09524
4.26667
1.30476
1.15238
2.40952
3.57143
4.26667
1.13333
1.0381
1.45714
1
2.22857
1.01905
1.33333
1.05714
1
2.06667
1.00952
3.15238
1.10476
4.17143
3.21905
1.01905
1.05714
3.31429
4.57143
1.2
5.59048
1.07619
1.12381
2.6
3.70476
1.99048
4.50476
1.28571
1.14286
1
1.00952
3.12381
3.19048
4.4381
1
3.48571
4.8
1.00952
1
4.07619
4.70476
1
1.98095
1.07619
1.53333
2.90476
3.15238
1.04762
1.02857
1
4.0381
1.85714
1
3.99048
1.21905
3.69524
1.18095
4.14286
1.30476
1.00952
1.13333
3.45714
4.12381
1.13333
1
1.11429
1.01905
4.8
1.12381
1.08571
1.35238
4.34286
4.10476
3.69524
1.2381
1
1.24762
4.31429
4.65714
1
1.26667
4.41905
4.78095
3.08571
1.12381
4.00952
1.07619
1.12381
4.11429
1.05714
1.11429
2.11429
1.26667
1.00952
1.18095
1.00952
2.42857
3.77143
1.35238
1
1.00952
1.28571
1.51429
3.45714
5.62857
3.08571
1.65714
1.04762
1.12381
3.14286
4.50476
3.98095
2.87619
1
3.02857
1.1619
3.30476
3.95238
4.40952
1.12381
2.94286
1.10476
1.04762
1
3.48571
1.15238
1
1.15238
1.00952
1.10476
4.2381
1.14286
1.14286
3.44762
4.2381
3.53333
3.98095
1.0381
1.02857
1.00952
1.19048
1.45714
4.4381
1.21905
1.25714
3.17143
1.04762
1.14286
4.57143
2.77143
1.29524
1.06667
4.10476
3.71429
1.69524
3.34286
1.09524
1.09524
1.08571
1.06667
1.3619
1.22857
1.44762
1.04762
1.20952
1.18095
1.2
2.55238
3.45714
1.11429
1.01905
1.19048
3.41905
1.20952
1.09524
2.97143
3.2381
1.60952
1.08571
1.07619
4.31429
1.02857
1
4.21905
1
1.18095
1.00952
1.06667
1.12381
1.2381
4.2
1
1.21905
1.11429
4.60952
4.09524
1.15238
1.15238
1.08571
3.73333
3.48571
1.04762
3.4381
2.17143
1.14286
1
1.14286
4.81905
3.44762
1.11429
3.66667
1.15238
1.00952
1.2
1.15238
4.40952
2.87619
1.04762
1.14286
3.86667
1.18095
5.32381
3.35238
1.18095
3.07619
1.25714
1.17143
1.11429
1.24762
1.25714
1.02857
1.05714
4.06667
1.0381
1.00952
1.01905
1.01905
1.0381
4.71429
1.1619
1.08571
4.18095
4.54286
1.15238
2.87619
1
2.67619
1.2
2.5619
3.92381
1.13333
2.40952
1.00952
4.70476
1
1.04762
1.24762
3.08571
1.13333
3.39048
1.08571
3.5619
3.51429
1.2
3.13333
1.17143
1.27619
4.14286
1.17143
3.1619
4.77143
1.2
1.13333
3.52381
1.18095
1.12381
4.14286
1.29524
1
3.79048
3.61905
1.22857
1.2381
3.99048
4.15238
3.73333
2.71429
1.2381
3.32381
1
3.33333
1.07619
1.10476
6.22857
3.81905
1.24762
1.0381
2.95238
1.0381
1.05714
1.24762
2.98095
1.29524
4.3619
1
3.79048
1
4.06667
1.05714
1.62857
1.38095
2.93333
1.18095
1.01905
1.24762
1.22857
2.80952
1.02857
6.57143
4.33333
1.11429
3.90476
1.00952
1.07619
1.35238
1.14286
1.15238
3.70476
4.05714
4.49524
1.06667
1.02857
1.05714
1.2
1.27619
1.15238
5.09524
1
2.67619
1.02857
1.26667
3.69524
2.70476
1
1.00952
2.18095
1.19048
1.08571
5.89524
1.33333
1.31429
1.02857
1.12381
1.0381
1.25714
4.77143
1.15238
2.2
3.06667
1.02857
1
1.06667
3.21905
2.18095
4.50476
3.08571
2.71429
1.07619
2.84762
1.48571
3.08571
4.17143
3.60952
1.06667
3.39048
2.19048
3.59048
1.18095
3.55238
1.79048
1.08571
1.20952
1.07619
1.02857
1.07619
3.57143
1.10476
1.10476
1.57143
2.42857
1
1
1.17143
1.10476
1.3619
1
1.05714
1.07619
1.2
1.0381
3.49524
1.00952
1.12381
