10876 34740
11.3048
8.67619
4.05714
8.15238
4.86667
6.44762
8.22857
5.80952
9.61905
8.47619
9.8381
5.53333
9.22857
5.93333
10.6286
7.15238
4.45714
8.44762
5.3619
13.3524
9.20952
6.87619
4.29524
7.91429
4.61905
9.26667
9.0381
4.4381
4.20952
4.40952
5.47619
6.34286
6.53333
7.15238
5.49524
5.08571
7.49524
7.58095
9.22857
7.58095
4.35238
9.20952
13.5714
10.0667
4.85714
5.97143
10.0952
8.99048
4.52381
8.59048
5.62857
7.27619
10.0857
5.35238
6.70476
10.8952
4.25714
8.18095
7.08571
6.61905
10.3905
9.70476
10.5333
7.41905
5.47619
8.53333
6.01905
4.60952
10.6762
4.32381
11.1905
7.25714
6.80952
7.69524
8.40952
6.8
5.85714
6.87619
6.58095
7.6
7.18095
5.62857
4.95238
9.37143
6.47619
6.19048
10.981
9.66667
6.33333
6.8381
5.73333
7.31429
4.10476
8.84762
6.11429
5.49524
8.55238
10.9143
6.7619
9.20952
10.7143
9.40952
7.46667
4.61905
6.26667
9.07619
7.66667
4.60952
4.64762
10.2762
6.55238
6.27619
9.31429
5.9619
7.09524
7.19048
5.64762
8.31429
9.17143
8.09524
12.4286
6.28571
6.2
5.66667
4.17143
12.019
10.1524
11.6952
11.8095
11.5905
7.22857
8.50476
7.21905
4.66667
10.0095
8.69524
9.52381
7.7619
6.9619
5.2
8.39048
11.0667
8.79048
8.47619
5.2381
10.0381
8.09524
8.54286
7.75238
8.35238
5.5619
10.4762
9.22857
7.8
7.82857
9.8
9.30476
7.45714
5.69524
6.09524
6.73333
10.4381
7.01905
8.26667
10.8667
7.11429
7.35238
6.4
7.62857
6.0381
6.80952
7.79048
7.0381
6.02857
4.13333
4.00952
8.62857
8.3619
9.62857
9.71429
8.77143
10.8857
5.85714
10.9333
8.38095
7.67619
6.5619
5.98095
8.05714
13.3143
9.47619
9.32381
8.84762
7.01905
12.0952
6.4381
5.80952
6.25714
5.14286
10.7714
7.72381
6.42857
6.86667
8.81905
4.40952
4.53333
8.4381
5.30476
8.8
10.0571
6.10476
9.52381
4.5619
8.98095
9.20952
6.45714
6.98095
4.2
8.75238
4.2
7.10476
5.1619
6.71429
13.3714
7.0381
5.34286
7.85714
4.14286
5.39048
5.97143
6.69524
6.7619
7.5619
6.42857
5.79048
4.98095
8.9619
5.73333
4.39048
6.5619
4.1619
5.27619
4.33333
6.35238
9.95238
12.0762
9.22857
8.55238
10.3238
6.74286
8.2
6.72381
7.70476
4.11429
7.54286
6.17143
7.29524
6.86667
6.7619
6.04762
8.11429
8.05714
9.29524
4.49524
6.71429
4.08571
8.66667
10.8667
10.2476
7.86667
10.619
11.2571
14.4
7.51429
5.07619
8.46667
9.22857
4.05714
8.57143
9
9.85714
8.25714
4.19048
6.00952
9.05714
9.09524
5.17143
10.1048
8.52381
9.32381
8.62857
8.98095
9.06667
9.50476
8.01905
9.94286
5.86667
10.6762
8.75238
6.13333
5.41905
8.04762
7
10.4762
6.58095
7.07619
7.61905
6.12381
4.34286
9.33333
11.381
9.99048
7.98095
9.25714
7.79048
5.53333
4.71429
8.10476
12.581
8.50476
4.6381
4.21905
7.62857
8.10476
7.52381
6.02857
6.69524
8.2381
8.94286
8.39048
4.12381
15.819
4.11429
4.49524
5.62857
6.46667
4.52381
4.61905
8.19048
7.65714
8.10476
5.18095
4.67619
7.3619
4.35238
7.1619
12.1333
5.27619
6.7619
6.35238
8.9619
8.87619
8.25714
4.72381
7.41905
7.25714
7.35238
5.3619
5.97143
4.17143
4.27619
9.6
4.69524
7.40952
7.14286
8.18095
7.46667
7.30476
5.8381
7.32381
7.30476
5.45714
5.02857
6.84762
4.60952
4.29524
5.39048
5.68571
7.88571
9
5.90476
5.42857
9.14286
9.5619
5.62857
14.0762
9.87619
11.1143
9.05714
7.33333
6.65714
9.22857
10.419
8.41905
9.70476
9.57143
11.5333
9.02857
7.05714
7.93333
4.12381
8.7619
7.88571
9.64762
4.61905
5.89524
9.30476
11.8952
8.53333
9.21905
4
5.66667
7.48571
6.62857
7.87619
7.4381
5.62857
8.08571
8.62857
5.50476
12.4667
5.80952
7.0381
4.19048
8.12381
6.81905
7.13333
4.64762
4.14286
5.69524
6.85714
6.37143
7.04762
4.25714
8.28571
7.17143
8.26667
6
7.42857
7.62857
7.61905
6.57143
7.79048
6.79048
7.97143
8.59048
8.58095
6.82857
5.51429
7.26667
9.00952
7.72381
11.0952
6.00952
7.62857
7.95238
9.75238
7.06667
10.4
7.73333
8.45714
7.11429
9.9619
8.87619
6.1619
5.6381
5.79048
4.68571
4.45714
6.99048
8.7619
6.17143
4.3619
7.0381
6.94286
7.62857
8.14286
8.95238
7.98095
8.6381
6.4381
7.4
8.59048
4.47619
9.66667
6.09524
9.62857
6.4
7.59048
9.42857
13.1524
6.37143
8.67619
8.95238
8.13333
8.12381
6.28571
7.71429
7
5.37143
8.05714
10.7905
8.75238
4.14286
8.29524
7.06667
10.8381
7.65714
9.45714
11.0476
7.74286
4.64762
6.15238
6.2
7.64762
5.14286
9.99048
7.40952
4.47619
7.28571
4.73333
8.13333
8.99048
6.74286
5.10476
9.21905
7.99048
6.20952
10.419
8.42857
8.74286
4.29524
4.46667
4.59048
7.1619
4.4381
6.66667
9.17143
9.2
4.45714
6.68571
6.27619
8.68571
10.4286
8.62857
7.9619
8.62857
7.40952
5.82857
7.51429
7.20952
7.8
5.80952
5.09524
7.95238
5.4381
10.1619
7.00952
4.6381
6.52381
6.37143
9.6381
8.3619
4.99048
4.89524
12.4571
8.66667
9.28571
8.85714
8.29524
15.1429
8.75238
8.6
8.72381
7.94286
8.55238
6.73333
10.6
4.08571
11.0381
7.2
6.27619
7.04762
7.81905
4.59048
4.70476
6.68571
13.1048
7.6
6.18095
9.04762
4.18095
10.6476
6.55238
5.00952
9.42857
5.38095
6.60952
5.85714
9.15238
8.44762
6.11429
8.30476
8.38095
7.58095
4.48571
7.67619
10.6857
8.39048
7.05714
12.0667
10.7524
4.31429
4.62857
6.09524
4.20952
7.88571
4.28571
9.6
7.72381
5.33333
4.54286
7.4
6.3619
8.73333
12.5524
5.8
7.52381
10.2857
6.59048
5.31429
7.0381
5.82857
5.54286
4.48571
7.25714
5.62857
8.05714
9.4
14.8571
5.69524
5.67619
10.9524
7.0381
4.14286
5.58095
5.11429
4.8381
8.07619
7.34286
6.26667
7.05714
8.75238
5.59048
10.4952
6.2381
8.79048
9.97143
9.70476
7.81905
5.92381
6.05714
6.28571
9.62857
9.64762
5.72381
5.1619
12.1714
8.55238
10.0381
8.18095
7.99048
4.73333
4.15238
7.31429
8.02857
7.15238
7.70476
7.04762
7.1619
7.04762
8.19048
8.8
7.69524
8.66667
6
8.78095
10.4
7.99048
5.7619
6.26667
5.64762
10.8571
8.31429
6.99048
7.47619
8.90476
5.45714
8.24762
5.67619
4.79048
8.45714
11.8476
7.1619
6.0381
6.46667
10.5143
4.79048
6.98095
5.6381
5.97143
8.79048
7.07619
7.80952
6.66667
4.29524
6.72381
9.0381
7.41905
4.02857
9.61905
5.24762
11.2
9.84762
9.00952
7.78095
7.71429
9
10.6286
5.46667
6.57143
10.981
9.31429
10
4.21905
4.39048
4.2
6.53333
5.90476
10.9524
4.4381
4.17143
7.7619
5.9619
4.49524
8.39048
5.22857
10.619
7.08571
7.61905
7.97143
10.8857
5.6381
6.59048
4.37143
4.33333
7
8.59048
4.45714
11.2857
7.42857
7.71429
7.08571
7.71429
5.74286
12.0381
5.25714
9.59048
7.66667
8.9619
9.46667
4.58095
6.86667
11.8857
5.65714
9.81905
9.04762
7.78095
9.30476
5.8381
11.1238
9.87619
7.90476
8.64762
7.77143
6.74286
7.5619
4.75238
8.69524
7.52381
5.9619
11.7429
8.41905
11.9429
8.11429
7.64762
12.9143
8.95238
8.20952
8.45714
4.70476
8.10476
10.5524
8.70476
6.1619
7.1619
7.81905
4.81905
4.73333
11.4286
10.6095
6.98095
4.06667
7.33333
4.5619
8.42857
8.94286
5.65714
8.13333
9.78095
9.18095
9.15238
8.08571
14.8381
4.73333
7.32381
7.08571
8.05714
6.02857
7.28571
10.2381
9.10476
7.80952
6.41905
6.46667
9.75238
6.93333
5.44762
6.24762
6.7619
8.07619
8.66667
5.22857
5.01905
4.24762
6.07619
7.84762
6.29524
7.00952
9.35238
6.35238
8.81905
5.02857
5.97143
8.49524
7.18095
4.59048
7.64762
4.62857
4.11429
4.27619
7.0381
6.42857
4.04762
4.50476
8.9619
8.06667
7.24762
6.30476
7.67619
7.62857
7.40952
11.8
6.21905
7.49524
4.44762
6.11429
6.1619
8.59048
4.49524
8.77143
5.00952
6.7619
5.92381
8.93333
6.71429
5.24762
5.69524
6.22857
4.71429
7.29524
4.60952
7.61905
10.1714
7.66667
7.6
8.3619
4.47619
7.04762
5.97143
6.55238
8.71429
8.27619
4.35238
5.9619
5.93333
6.13333
6.85714
9.10476
7.00952
6.55238
9.60952
5.95238
8.70476
6.46667
9.55238
6.37143
9.38095
8.22857
9.48571
5.55238
7.95238
9.58095
7.8381
6.97143
5.70476
5.35238
6.74286
5.15238
4.27619
9.9619
8.3619
5.95238
7.94286
12.7524
8.06667
4.21905
7.66667
8.2
7.95238
5.42857
7.33333
10.8
10.1048
4.31429
11.4286
9.99048
10.3333
10.0762
6.34286
4.33333
10.3143
8.18095
7.88571
6.90476
6.42857
4.58095
6.12381
8.07619
10.8381
7.85714
8.58095
5.48571
9.59048
8.89524
5.9619
9.27619
8.35238
8.2381
5.22857
9.15238
7.92381
9.04762
4.91429
5.81905
7.09524
9.69524
8.37143
11.6952
9.77143
10.6762
4.28571
4.4
4.11429
5.08571
7.3619
8.77143
10.2476
10.4095
6.65714
9.41905
5.06667
5.82857
10.4286
6.17143
8.92381
8.60952
9.38095
9.9619
5.42857
4.22857
9.30476
5.10476
6.9619
8.35238
7.8
4.46667
6.3619
5
6.4
5.1619
6.04762
9.51429
6.40952
10.2381
8.74286
10.1143
9.2
8.99048
8.75238
8.74286
5.68571
6.30476
9.2
5.74286
6.57143
10.4286
9.40952
4.35238
8.51429
10.6095
6.57143
12.5143
8.78095
8.08571
6.28571
6.04762
13.4667
6.9619
9.04762
14.0571
5.91429
6.2
6.58095
6.79048
8.35238
5.20952
5.17143
4.08571
6.93333
8.78095
8.69524
7.75238
6.71429
9.8
6.48571
9.90476
8.28571
10.0857
6.80952
7.02857
8.79048
8.06667
8.04762
10.3143
9
9.02857
4.84762
8.51429
8.87619
4.95238
8.2
4.65714
4.30476
5.88571
7.44762
5.67619
8.27619
10.9905
8.97143
7.78095
5.12381
5.11429
8.48571
9.26667
5.47619
5.59048
5.66667
5.0381
6.7619
7.50476
5.84762
9.99048
5.90476
6.60952
4.54286
4.34286
12.1429
6.06667
11.6857
4.49524
5.6381
7.06667
11.9143
8.59048
9.66667
10.3619
9.42857
6.48571
5.27619
7.30476
5.6
5.06667
6.8
4.4381
7.29524
4.58095
8.69524
4.82857
6.21905
7
7.39048
8.57143
8.65714
6.44762
12.2857
9.92381
8.32381
8.09524
4.6381
9.15238
9.81905
8.41905
6.01905
8.70476
6.6
8.14286
4.40952
7.89524
5.19048
6.98095
8.59048
4.46667
8.6
4.18095
6.48571
9.4
13.1333
8.42857
8.00952
6.86667
5.8
4.55238
4.21905
6.81905
7.67619
6.95238
8.49524
4.53333
5.60952
5.77143
10.181
10.7143
7.88571
8.00952
6.80952
4.22857
9.14286
7.78095
5.53333
8.69524
9.29524
8.22857
10.7238
6.66667
5.6381
10.3143
5.20952
6.05714
8.06667
6.72381
8.53333
8.75238
8.2381
6.84762
4.04762
5.77143
4.77143
8.19048
5.64762
5.9619
6.90476
4.60952
9.30476
6.81905
8.40952
7.97143
7.90476
4.6
7.89524
9.45714
6.98095
6.80952
4.40952
7.89524
11.4095
7.42857
10.3429
6.59048
4.53333
5.13333
7.91429
5.72381
5.40952
6.4381
8.57143
6.00952
5.73333
7.58095
9.1619
4.46667
8.30476
9.12381
4.86667
7.20952
6.73333
11.8667
7.66667
5.6381
6.87619
8.6381
8.29524
7.15238
4.10476
4.51429
5.91429
8.40952
4.14286
5.41905
4.08571
9.49524
7.45714
7.28571
11.3429
7.93333
7.48571
5.59048
4.26667
7.73333
5.62857
10.6571
5.73333
10
6.91429
8.46667
7.93333
4.28571
9.55238
4.91429
4.34286
6.26667
6.86667
11.981
11.019
7.60952
8.58095
8.18095
6.66667
7.13333
6.11429
8.53333
7.4
9.86667
6.75238
10.2952
6.28571
5.60952
5.84762
7.97143
5.39048
5.08571
6.32381
9.62857
6.72381
8.13333
6.90476
4.22857
5.8
5.46667
6.04762
7.2
8.28571
5.3619
8.85714
7.84762
7.21905
4.17143
6.7619
4.82857
6.39048
6.49524
6.13333
7.60952
5.95238
7.0381
4.98095
9.62857
7.2381
11.819
5.41905
10.7619
6.68571
8.2
6.53333
8.7619
8.42857
6.8381
7.45714
5.74286
7.71429
8.3619
6.64762
12.3333
6.26667
10.4571
11.4952
5.77143
6.22857
6.07619
5.64762
6.67619
6.3619
8.05714
6.91429
5.88571
5.78095
9.0381
4.87619
4.9619
8.13333
7.78095
7.60952
6.32381
5.92381
5.62857
8.85714
8.53333
6.93333
8.10476
7.06667
7.71429
8.57143
4.40952
8.42857
5.00952
4.92381
6.68571
7.08571
8.85714
7.06667
7.53333
4.24762
7.22857
7.01905
9.7619
8.39048
5.11429
6.70476
9.59048
4.37143
5.84762
7.31429
5.10476
6.95238
11.1524
4.34286
4.3619
6.69524
6.60952
5.47619
10.4476
8.07619
5.81905
8.30476
4.45714
5.51429
8.4381
8.00952
4.34286
7.82857
4.71429
7.19048
8.72381
5.93333
6.47619
5.64762
5.24762
4.27619
10.2476
8.15238
4.04762
9
5.49524
5.30476
7.78095
7.77143
6.17143
8.8
9.89524
6.46667
9.09524
4.3619
6.81905
7.42857
11.8286
7.3619
9.35238
10.2571
9.09524
4.29524
7.75238
7.48571
7.77143
9
6.95238
7.35238
6.71429
6.4381
6.69524
6.06667
8.79048
5.69524
7.59048
4.45714
5.90476
5.81905
5.35238
10.2857
8.27619
12.0476
5.70476
4.42857
11.9143
8.01905
6.25714
10.5143
5.98095
7.95238
14.1238
12.4857
5.10476
6.77143
7.4
9.4
8.04762
6.50476
8.85714
4.18095
5.51429
7.84762
5.44762
7.10476
8.42857
8.73333
9.6381
5.07619
4.24762
7.87619
8.31429
9.44762
8.87619
10.1619
6.53333
4.72381
9.29524
7.72381
11.2
8.1619
9.0381
6.97143
8.72381
6.86667
7.70476
8.60952
6.78095
8.46667
8.00952
7.01905
9.53333
13.7143
8.30476
4.01905
6.1619
6.52381
8.49524
8.06667
11.0762
9.6381
4.61905
7.24762
6.07619
8.21905
8.51429
11.0381
7.11429
7.14286
4.85714
4.11429
7.32381
9.14286
4.50476
8.34286
8.5619
10.8
8.88571
8.82857
6.42857
11.219
5.61905
7.09524
5.25714
10.4381
12.8571
6.17143
6.31429
5.61905
8.78095
7.57143
6.69524
7.6
5.1619
5.59048
6.6
4.41905
5.10476
6.51429
6.19048
8.86667
8.6
8.9619
7.15238
4.04762
6.14286
6.20952
8.69524
7.33333
12.8381
6.39048
4.22857
8.22857
7.86667
7.93333
7.10476
7.8
6.97143
5.97143
9.17143
7.31429
13.0952
4.09524
8.86667
7.15238
4.49524
10.5429
8.69524
11.1143
6.59048
6.01905
7.82857
9.57143
8.01905
10.019
4.79048
10.3143
6.40952
12.4857
7.42857
7.4
9.51429
9.21905
10.3429
7.2
6.5619
6.90476
8.77143
6.01905
8.29524
6.94286
4.21905
5.97143
6.13333
8.21905
10.581
7.48571
8.55238
9.58095
7.19048
8.34286
4.33333
5.78095
7.66667
6.87619
5.44762
4.58095
4.55238
4.78095
4.37143
5.21905
6.27619
4.09524
6.11429
5.69524
11.3333
6.77143
11.1333
4.18095
8.05714
7.18095
7.8
8.52381
11.6762
4.88571
4.87619
4.07619
8.73333
6.79048
6.59048
4.17143
9.07619
9.7619
6.53333
8.2381
8.57143
6.95238
6.05714
9.60952
7.10476
4.59048
4.57143
8.31429
7.74286
10.2
9.31429
7.10476
10.4571
8.46667
8.97143
4.87619
4.50476
6.5619
7.09524
6.53333
5.30476
4.21905
8.55238
8.91429
6.49524
6.68571
7.89524
7.44762
6.5619
6.14286
4.34286
6.46667
7.66667
4.87619
8.66667
8.91429
8.1619
8.37143
4.58095
4.82857
4.84762
12.2857
9.06667
4.61905
4.51429
8.01905
5.18095
6.89524
5.9619
8.97143
9.48571
8.69524
9.33333
7.24762
4.49524
8.61905
4.55238
6.6
9.80952
6.92381
7.72381
8.99048
7.60952
4.10476
5.64762
5.18095
10.1048
5.54286
5.13333
5.89524
4.25714
4.1619
4.41905
14.0952
7.30476
7.68571
4.95238
7.05714
7.6
4.90476
6.47619
5.39048
7.70476
5.47619
4.47619
5.9619
5.7619
11.8857
8.52381
7.25714
11.8762
4.9619
8.48571
10.1619
7.8
8.89524
7.6
5.29524
8.51429
9.55238
8.8
4.27619
5.10476
8.08571
8.75238
4.41905
4.93333
6.12381
11.4952
4.54286
10.0381
10.0667
4.64762
5.2
10.6
7.27619
7.00952
5.48571
7.35238
4.95238
5.47619
7.45714
4.4381
6.81905
10.3714
6.71429
7.86667
4.71429
9.24762
6.35238
6.7619
6.17143
4.26667
6.6381
6.20952
4.78095
7.6
9.66667
5.57143
6.5619
9.00952
7.5619
7.85714
4.48571
4.35238
4.92381
6.37143
7.58095
5.0381
6.29524
7.77143
5.93333
4.01905
8.27619
5.72381
5.92381
6.92381
5.07619
8.51429
4.68571
7.93333
4.51429
7.8381
5.97143
7.02857
17.4286
8.55238
8.05714
8.14286
6.38095
8.10476
6.64762
9.19048
9.50476
7.87619
6.8381
9.48571
8.99048
7.19048
7.40952
6.14286
5.58095
6.0381
4.41905
7.15238
11.3143
6.89524
10.1429
10.0476
5.8381
8.18095
4.87619
8.64762
4.3619
5.71429
7.91429
7.15238
4.32381
6.31429
7.44762
4.49524
8.0381
7
9.98095
8.97143
5.42857
6.71429
5.61905
7.09524
10.4476
11.6381
7.18095
8.57143
4.88571
6.00952
9.85714
5.42857
5.8381
6.8
6.68571
4.19048
8.47619
5.60952
6.3619
6.33333
4.54286
8.21905
6.98095
7.80952
10.4762
8.07619
8.24762
7.31429
7.97143
6.42857
6.25714
10.4
6.84762
5.79048
6.04762
8.42857
6.82857
4.6381
7.28571
7.04762
10.5905
6.8381
5.13333
10.1905
8.09524
9.8
10.4571
6.79048
9.77143
6.51429
7.65714
4.86667
7.00952
7.79048
8.89524
7.68571
5.17143
6.59048
7.27619
11.3524
5.00952
9.22857
5.20952
4.15238
5.4381
7.85714
9.68571
4.1619
7.54286
5.46667
8.32381
5.2
7
8.2
7.40952
5.99048
6.01905
7.05714
9.70476
12.4762
8.62857
6.02857
6.69524
4.31429
4.19048
4.4
7.29524
5.00952
4.53333
8.95238
8.26667
6.20952
6.13333
5.99048
5.38095
6.99048
4.38095
6.6381
4.39048
6.48571
10.581
7.46667
10.6286
8.01905
6.74286
6.8381
5.91429
4.39048
4.4381
6.91429
4.0381
7.69524
9.66667
9.88571
6.72381
7.44762
4.53333
5.71429
6.7619
9.81905
9.4
7.7619
8.81905
5.71429
8.10476
6.38095
8.09524
8.42857
8.78095
5.42857
9.69524
5.91429
4.24762
9.30476
6.47619
6.77143
8.77143
5.58095
5.85714
7.08571
9.79048
9.12381
5.1619
9.81905
12.4
6.77143
7.1619
13.7048
7.32381
6.91429
6.52381
7.77143
6.86667
8.25714
5.84762
8.66667
8.40952
8.58095
4.24762
5.88571
5.54286
8.64762
5.58095
7.68571
4.30476
9.31429
5.6
9.5619
5.7619
6.47619
7.99048
4.31429
5.58095
6.61905
5.30476
5.68571
8.77143
5.45714
4.84762
7.33333
6.34286
6.68571
6.49524
6.81905
6.11429
7.92381
7.34286
5.55238
8.98095
4.1619
8.22857
6.33333
6.04762
6.15238
9.74286
7.84762
6.9619
5.79048
4.34286
8.12381
7.4381
5.67619
6.04762
6.48571
6.22857
7.02857
9.55238
7.66667
5.40952
9.47619
11.8667
5.94286
4.31429
9.02857
4.13333
9.93333
12.4286
7.40952
8.78095
9.7619
6.39048
6.2
5.8381
4.54286
8.14286
8.75238
7.65714
5.98095
8.21905
6.66667
8.19048
5.47619
7.52381
8.65714
4.14286
8.55238
8.04762
6.13333
8.04762
5.25714
6.38095
6.6
6.54286
5.07619
9.45714
5.64762
5.06667
7.10476
4.33333
11.3905
6.1619
10.3143
9.2381
5.28571
6.62857
6.69524
4.28571
11.0381
5.46667
8.94286
7.99048
10.3333
4.82857
6.61905
6.82857
6.61905
6.22857
7.80952
11.219
7.82857
4.40952
7.61905
5.7619
10.7619
12.1905
5.85714
10.581
7.71429
5.97143
7.75238
8.84762
5.88571
7.59048
6.29524
7.00952
5.8381
7.17143
6.00952
4.00952
9.9619
10.7143
7.60952
6.04762
6.04762
9.33333
7.57143
10.6476
9.47619
6.8
6.15238
7.14286
8.20952
8.55238
7.4
4.50476
4.78095
4.13333
11.3619
4.73333
8.4381
7.46667
4.9619
7.15238
7.53333
7.27619
8.73333
6.14286
4.44762
10.2857
4.27619
4.6381
7.35238
9.82857
6.79048
6.8381
10.5619
10.0667
11.6
7.90476
8.85714
7.34286
8.37143
11.6476
4.65714
7.68571
7.2
5.44762
4.13333
5.8381
5.82857
5.81905
5.65714
5.2381
4.58095
10.181
7.02857
7.42857
9.53333
7.60952
6.89524
4.58095
8.84762
10.6952
6.69524
5.05714
9.10476
6.62857
7.24762
7.04762
10.3333
6.49524
7.78095
6.57143
4.05714
4.37143
8.6
7.80952
7.73333
5.55238
4.75238
4.44762
12.2762
7.40952
5.44762
6.79048
12.1714
6.15238
5.53333
7.74286
4.52381
4.10476
11.5143
4.07619
4.88571
4.50476
7.10476
4.53333
7.2381
4.50476
8.38095
8.17143
5.46667
4.28571
8.49524
8.37143
7.3619
4.69524
7.41905
7.75238
7.53333
7.98095
8.37143
6.15238
4.67619
8.17143
8.39048
7.05714
6.80952
7.02857
4.41905
5.60952
4.41905
5.52381
4.8381
6.6381
6.94286
5.12381
7.6
8.12381
7.99048
4.25714
11.3905
7.98095
6.05714
8.55238
8.20952
7.80952
7.08571
4.26667
8.48571
7.34286
8.1619
10.7333
4.61905
9.13333
10.219
4.67619
5.97143
11.6952
10.3238
4.0381
5.88571
8.49524
8.59048
5.6381
7.72381
8.49524
10.0762
9.55238
9.41905
6.78095
12.3524
7.19048
6.73333
4.32381
5.50476
8.87619
5.46667
5.62857
10.0476
6.78095
10.0381
6.47619
4.60952
11.8667
6.24762
9.92381
13.0571
7.19048
5.48571
4.31429
8.78095
8.41905
5.86667
11.581
4.04762
6.92381
8.24762
6.4
7.7619
11.3714
9.3619
8.20952
7.67619
7.24762
9.39048
5.6
10.381
6.37143
5.7619
6.67619
6.21905
8.86667
4.86667
7.11429
6.91429
5.62857
4.20952
12.2857
4.61905
4.52381
6.22857
6.46667
7.44762
10.9619
8.02857
7.15238
8.68571
7.55238
5.38095
4.29524
8.46667
6.02857
5.04762
8.20952
4.14286
6.71429
9.27619
8.6
6.81905
6.68571
7.4
6.07619
4.60952
6.07619
5.57143
4.66667
9.60952
8.5619
5.5619
6.6
10.6857
8.82857
8.81905
7.6381
4.39048
7.4381
7.8381
6.3619
9.00952
7.51429
8.86667
9.24762
6.59048
5.22857
8.75238
10.0571
5.14286
5.86667
6.80952
5.99048
6.97143
6.10476
7.8381
7
9.85714
9.22857
5.82857
11.1048
4.38095
5.28571
7.86667
4
7.35238
4.13333
9.45714
7.6
6.77143
8.38095
6.14286
9.29524
6.73333
4.58095
5.60952
7.10476
5.33333
7.27619
9.97143
5.52381
6.57143
6.53333
6.09524
4.5619
4.99048
8.50476
6.24762
4.71429
5.51429
8.19048
7.53333
5.04762
12.5619
8.13333
6.66667
8.78095
4.08571
6.82857
4.4
9.41905
8.58095
10.3714
10.6476
8.31429
5.50476
5.37143
8.75238
10.4286
6.33333
8.67619
8.6381
7.57143
5.93333
9.05714
7.5619
5.64762
9.05714
8.07619
5.4381
10.181
8.1619
6.18095
10.0952
4.90476
5.8381
8.06667
6.8
6.0381
4.29524
10.1143
5.94286
8.94286
9.48571
9.20952
8.02857
5.07619
7.21905
5.29524
5.80952
4.40952
12.2286
6.8
4.15238
5.33333
5.94286
5.34286
7.09524
5.42857
5.19048
6.95238
7.07619
4.79048
4.26667
6.0381
4.18095
7.11429
5.60952
8.93333
6.18095
7.68571
8.27619
5.2
7.64762
10.4952
5.29524
6.92381
6.66667
6.59048
6.93333
10.6857
7.07619
4.64762
10.2857
6.90476
4.87619
4.47619
6.06667
7.33333
5.9619
6.81905
4.72381
11.5143
5.5619
4.52381
5.62857
10.8381
11.1619
6.20952
7.59048
6.11429
10.7048
7.95238
7.5619
4.05714
8.78095
6.45714
10.9429
6.40952
5.10476
8.19048
7.42857
10.181
4.95238
5.46667
12.0381
6.33333
14.6381
7.19048
6.60952
8.53333
6.53333
6.13333
9.61905
7.48571
5.98095
9.0381
4.07619
6.7619
8.66667
5.6
4.52381
8.41905
7.71429
8.29524
7.55238
7.4
11.1714
10.019
5.26667
6.2381
4.41905
4.8
4.2
7.85714
12.2952
6.11429
7.25714
7.91429
6.59048
6.61905
9.10476
5.64762
7.31429
8.71429
4.18095
7.80952
4.72381
6.57143
4.50476
6.6
8.45714
11.3714
7.3619
4.37143
4.6
6.35238
7
9.94286
8.84762
7.47619
10.219
8.25714
5.27619
8.04762
6.75238
8.45714
8.40952
8.51429
6.45714
6.67619
7.87619
4.53333
10.1238
9.12381
10.4476
7.2381
8.98095
6.40952
10.8667
9.0381
7.32381
7.52381
5.77143
4.32381
21.4571
6.4
5.52381
9.57143
6.29524
6.38095
8.68571
11.1143
5.65714
9.89524
6.97143
4.51429
4.38095
8.5619
4.40952
4.30476
8.8381
9.6381
4.21905
6.20952
9.58095
8.2381
11.2286
9.82857
7.90476
4.14286
7.52381
5.33333
7.40952
5.52381
8.47619
7.59048
4.34286
6.06667
5.99048
5.25714
4.10476
4.51429
4.89524
5.93333
10.4286
8.27619
4.64762
7.74286
8.41905
6.25714
5.73333
9.34286
4.54286
7.45714
4.66667
9.68571
9.39048
10.5524
6.54286
6.31429
8.97143
9.34286
9.55238
4.93333
8.70476
8.1619
7.39048
4.75238
4.70476
5.59048
6.67619
7.68571
10
10.4476
7.48571
7.30476
7.01905
4.74286
7.79048
8.66667
6.45714
7.91429
9.29524
6.5619
8.11429
5.00952
4.60952
8.11429
7.0381
9.01905
4.44762
7.7619
8.94286
9.42857
6.25714
11.0667
8.2381
4.10476
6.3619
11.381
12.3714
6.93333
8.19048
9.00952
6.73333
6.91429
7.20952
6.82857
9.58095
7.15238
7.2
8.30476
7.80952
10.619
4.60952
5.74286
5.94286
7.87619
6.97143
7.39048
8.12381
6.80952
6.38095
7.52381
6.45714
6.71429
4.35238
5.90476
5.86667
6.09524
6.97143
4.57143
7.07619
7.38095
7.2
6.78095
8.09524
7.0381
4.6381
6.26667
6.12381
4.30476
7.09524
10.3714
7.18095
6.0381
6.30476
4.98095
7.1619
6.31429
5.90476
8.0381
7.41905
5.70476
8.55238
8.0381
6.21905
7.86667
6.22857
4.88571
8.74286
5.42857
11.8286
6.79048
5.20952
5.07619
4.39048
7.90476
4.71429
9.85714
8.61905
6.15238
7.14286
4.44762
7.52381
4.87619
7.70476
5.20952
8.61905
6
4.13333
8.73333
9.21905
8.00952
6.95238
5.7619
4.4381
4.51429
6.21905
6.72381
6.25714
6.57143
5.12381
10.0095
6.97143
11.0476
8.82857
10.5714
8.25714
7.80952
6.92381
11.819
5.84762
8.01905
10.1238
7.14286
6.61905
6.67619
4.6381
4.54286
8.75238
4.66667
6.65714
4.79048
5.37143
10.2762
6.58095
9.00952
8.39048
4.29524
6.24762
7.29524
5
4.82857
6.72381
6.8381
7.10476
6.77143
4.24762
6.74286
7.42857
4.49524
5.91429
7.37143
8.04762
10.819
6.69524
10.6
10.1429
6.94286
4.37143
5.69524
5.77143
4.07619
8.80952
4.91429
6.80952
10.6
7.38095
9.93333
7.30476
5.17143
11.8286
4.08571
8.94286
9.30476
7.39048
6.07619
9.17143
9.38095
8.30476
4.35238
5.13333
8.17143
4.33333
8.14286
4.06667
7
8.13333
8.3619
9.48571
11.1143
10.6857
4.4
6.02857
6.33333
8.5619
4.59048
4.64762
8.39048
9.0381
4.29524
5.48571
4.3619
5.71429
8.55238
10.5238
5
8.74286
4.44762
8.53333
9.06667
4.32381
4.19048
7.00952
6.87619
7.15238
11.6952
9.1619
4.72381
9.19048
11.4571
4.39048
6.7619
6.04762
6.07619
8.17143
4.46667
13.1333
6.04762
7.80952
8.34286
4.26667
4.30476
12.6571
7.0381
5.7619
10.9714
7.60952
4.04762
7.77143
5.65714
4.24762
9.34286
5.02857
6.26667
6.0381
7.89524
6.12381
5.3619
7.87619
8.46667
8.77143
10.5143
11.1048
6.26667
6.59048
13.4857
6.6381
8.64762
7.0381
5.66667
4.14286
4.30476
5.32381
7.15238
4.46667
9.46667
8.06667
6.72381
6.09524
4.21905
4.93333
6.45714
6.9619
8.80952
4.72381
5.44762
9.14286
10.6857
7.48571
7.45714
7.48571
12.1524
5.62857
5.75238
7.01905
9.24762
9.4381
8.97143
5.88571
8.4
6.45714
8.24762
4.20952
4.37143
7.48571
6.70476
9.24762
6.29524
10.6762
8.08571
5.27619
5.91429
7.30476
4.49524
6.29524
11.8857
10.6476
7.65714
7.90476
8.78095
7.98095
7.8
6.28571
4.11429
7.60952
5.20952
6.37143
7.66667
8.38095
7.46667
5.38095
7.01905
7.6381
10.1238
7.07619
7.87619
5.57143
4.46667
7.41905
5.0381
6.46667
4.12381
10.6095
4.4
10.9333
9.12381
5.20952
4.78095
4.51429
11
6.60952
9.57143
4.21905
7.38095
4.54286
8.40952
8.53333
7.2381
4.46667
8.07619
6.95238
8.51429
9.17143
8.09524
8.69524
7.25714
5.64762
7.44762
11.4952
4.2
9.22857
9.24762
4.75238
13.0857
7.47619
5.42857
4.59048
8.78095
5.79048
7.34286
4.22857
8.70476
5.06667
5.5619
4.53333
9.20952
9.70476
11.0952
5.38095
4.4381
10.3429
13.3714
7.04762
7.6
7.53333
9.77143
6.68571
6.74286
6.00952
8.44762
4.49524
4.41905
8.65714
7.6381
10.6476
9.3619
11.8667
4.14286
5.67619
10.0762
4.54286
9.24762
5.86667
7.57143
6.09524
10.8476
7.30476
10.5048
4.32381
5.91429
9.2
5.66667
6.31429
9.13333
9.24762
5.69524
6.77143
12.4952
12.2857
5.68571
7.33333
6.00952
4.53333
8.11429
7.33333
10.0095
5.3619
5.68571
8.07619
8.60952
7.37143
4.95238
4.39048
6.47619
5.8381
6.47619
5.28571
7.12381
6.3619
8.20952
5.59048
7.55238
7.22857
6.57143
8.6381
8.80952
7.82857
4.95238
10.4762
4.8381
8.39048
5.51429
5.95238
6.2
6.15238
7.58095
6.91429
6.17143
10.8476
6.79048
4.10476
7.8
5.55238
4.69524
4.22857
8.20952
5.86667
7.25714
4.3619
11.1048
5.49524
6.14286
4.7619
7.99048
6.59048
9.15238
6.87619
5.61905
8.85714
5.50476
4.27619
6.19048
8.30476
7.39048
7.40952
4.14286
4.33333
4.1619
7.82857
5.40952
6.69524
8.3619
6.70476
6.41905
6.7619
6.5619
6.92381
9.30476
6.57143
4.50476
4.3619
5.29524
4.35238
6.38095
6.1619
6.54286
7.69524
9.01905
7.88571
7.50476
9.4
5.6
8.10476
5.97143
6.94286
5.33333
7.64762
4.55238
10.2476
4.97143
5.41905
7.37143
8.31429
4.4
4.31429
8.25714
6.65714
6.24762
5.08571
11.8762
11.0667
8.79048
4.2381
6.37143
8.59048
4.28571
6.37143
6.70476
8.59048
9.47619
5.01905
4.35238
5.59048
6.51429
7.42857
11.8762
7.84762
5.90476
9.09524
6.20952
10.5905
5.6381
5.81905
6.32381
5.81905
5.22857
4.9619
7.14286
4.55238
5.87619
6.21905
7.4381
7.25714
8.92381
7.2
7.77143
6.98095
8.26667
7.13333
4.5619
4.32381
7.65714
11.2476
4.25714
8.18095
9.85714
7.6
6.6
4.39048
6.64762
6.75238
7.69524
8.89524
4.38095
7.15238
9.1619
4.85714
5.01905
4.30476
8.47619
7.14286
5.95238
8.48571
8.06667
6.87619
4.52381
8.84762
12.7048
6.99048
7.8381
8.49524
4.6
33.5905
5.1619
7.92381
6.2381
8.07619
9.41905
5.49524
5.17143
5.58095
4.55238
8.54286
4.18095
8.82857
5.4
9.74286
10.6
4.4381
8.44762
4.57143
7.8
6.10476
5.15238
6.24762
6.91429
8.74286
4.65714
7.95238
11.5238
9.4
9.90476
9.02857
12.6857
8.82857
8.14286
7.40952
6.4381
10.0571
8.3619
7.54286
6.93333
9.95238
9.70476
7.05714
9.61905
4.06667
7.00952
7.87619
8.85714
4.28571
6.40952
5.34286
7.88571
7.31429
4.81905
9.42857
5.87619
6.94286
9.48571
9.6
6.82857
6.3619
6.40952
5.4381
4.10476
7.46667
9.91429
4.3619
6.4381
9.8381
7.54286
5.66667
4.12381
5.34286
4.30476
5.69524
8.3619
8.65714
7.40952
5.46667
9.09524
6.88571
7.54286
4.24762
4.40952
4.98095
6.46667
8.74286
7.82857
8.47619
11.7429
7
6.26667
6.18095
6.7619
9.52381
11.5143
8.20952
6.4
4.80952
8.97143
5.61905
4.97143
9.33333
8.45714
5.85714
4.75238
8.86667
7.45714
5.91429
6.93333
6.89524
6.46667
4.25714
7.60952
6.26667
5.52381
6.81905
5.90476
8.53333
4.19048
8.10476
4.32381
7.8
6.92381
8.87619
8.27619
8.62857
7.29524
6.77143
10.4
10.0381
5.1619
8.28571
4
9.78095
8.7619
6.14286
6.91429
9.2381
8.07619
6.0381
9.02857
9.89524
5.39048
7.04762
8.80952
6.8381
5.85714
4.10476
5.86667
4.22857
10.6
4.22857
7.64762
9.10476
5.94286
6.02857
8.2
4.13333
8.67619
9.19048
4.85714
8.74286
6.47619
5.37143
5.05714
7.4381
5.81905
7.30476
8.13333
8.35238
6.68571
9.52381
12.2095
7.21905
4.44762
4.57143
8.91429
7.18095
6.09524
4.48571
5.7619
5.70476
9.22857
6.8381
7.9619
9.58095
4.31429
9.71429
5.2
5.50476
6.6
4.87619
6.10476
4.80952
11.9143
6.21905
4.51429
8.0381
6.58095
8.53333
5.86667
9.07619
7.26667
5.88571
6.68571
7.46667
6.54286
9.01905
4.45714
8.72381
4.88571
11.8857
4.97143
9.6381
6.48571
10.7524
5.98095
10.619
10.7238
5.85714
7.14286
5.4
6.94286
9.9619
5.05714
4.8
5.50476
7.62857
9.09524
6.5619
7.05714
8.21905
4.72381
7.15238
8
6.32381
8.06667
5.80952
8.28571
6.75238
6
6.88571
9.61905
5.67619
7.15238
4.50476
4.46667
6.25714
4.39048
11.1238
4.85714
6.80952
9.11429
4.35238
6.94286
5.04762
4.30476
4.33333
6.72381
5.66667
7.3619
4.50476
9.92381
5.4
9.47619
10.2476
7.17143
8.06667
6.93333
6.82857
8.12381
9.54286
10.3905
4.55238
7.75238
5.15238
9.42857
9.21905
5.41905
5.86667
4.82857
9.60952
10.1048
7.51429
5.69524
7.11429
8.3619
6.18095
6.82857
10.7238
7.55238
7.27619
8.10476
5.59048
8.00952
6.73333
7
9.21905
7.77143
8.38095
7.95238
8.54286
9.64762
5.79048
6.6
4.27619
6.65714
4.20952
7.90476
11.7619
6.12381
4.3619
5.65714
9.46667
6.82857
8.71429
6.41905
7.26667
4.14286
8.88571
12.3333
10.781
10.9619
8.34286
7.20952
7.25714
7.28571
9.54286
5.75238
9.19048
7.20952
8.12381
12.981
6.31429
6.32381
4.20952
7.57143
6.58095
4.27619
7.09524
5.99048
10.8
6.18095
6.48571
7.09524
11.8286
4.2381
8.07619
6.72381
5.53333
7.8
8.84762
7.84762
13.5714
8.29524
6.39048
7.09524
6.38095
8.33333
7.49524
4.62857
5.94286
5.91429
8.5619
4.05714
8.54286
7.74286
7.75238
8.99048
9.12381
4.07619
8.64762
6.00952
6.68571
7.69524
8.2
8.38095
7.05714
5.42857
7.93333
7.35238
5.20952
10.5333
5.7619
10.4762
5.98095
8.48571
6.55238
5.07619
5.81905
5.74286
5.2
7.06667
4.39048
5.32381
4.25714
8.5619
5.51429
7.3619
8.2381
7.69524
5.64762
4.74286
6.24762
12.7048
6.10476
4.71429
5.41905
9.5619
5
11.1143
6.06667
4.46667
6.12381
9.71429
5.90476
9.08571
11.581
7.64762
9.70476
6.85714
6.30476
10.5905
6.62857
6.00952
8.77143
8.40952
6.41905
8.00952
5.05714
7.77143
11.2476
9.65714
6.31429
5.01905
6.8381
5.2381
5.53333
6.91429
4.50476
7.3619
11.181
6.40952
6.85714
8.94286
5.31429
4.37143
9.11429
9.60952
5.91429
7.21905
8.60952
5.07619
8.51429
4.53333
7.10476
10.0381
8.57143
8.84762
4.27619
6.06667
5.04762
4.04762
4.64762
9.4
5.94286
6.82857
4.45714
7.2381
4.00952
7.92381
7.42857
4.15238
7.6381
9.71429
6.60952
7.18095
4.20952
5.47619
7.39048
4.48571
7.26667
6.73333
8.60952
5.92381
7.01905
7.85714
5.98095
8.2381
9.06667
14.7714
9.12381
7.55238
8.66667
9.07619
7.80952
7.48571
6.82857
14.0571
6.65714
6.34286
6.35238
6.7619
8.75238
5.4381
6.64762
5.15238
7.74286
7.42857
4.00952
5.46667
8.61905
6.70476
10.6381
8.04762
10.0095
6.80952
9.70476
4.26667
6.8
4.42857
6.86667
7.62857
10.581
8.77143
10.581
7.98095
8.8381
4.77143
4.40952
5.28571
7.28571
6.14286
7.74286
5.85714
9.14286
7.37143
7.64762
11.2476
6.67619
9.44762
7.34286
9.77143
9.51429
6.71429
7.55238
8.42857
10.2952
6.54286
8.15238
4.54286
7.65714
4.66667
8.44762
12.0762
6.60952
6.85714
6.0381
4.92381
7.25714
6.30476
5.09524
5.01905
5.46667
10.2
7.15238
7.30476
6.39048
6.57143
8.80952
4.67619
4.1619
7.85714
5.3619
6.34286
6.80952
8.47619
11.4
6.95238
7.29524
8.59048
6.29524
4.10476
5.05714
10.8476
8.28571
6.41905
4.13333
5.2
7.06667
9.48571
4.75238
5.87619
7.45714
8.13333
5.52381
7.21905
8.01905
7.82857
4.48571
4.2
6.60952
7.42857
4.35238
4.89524
4.91429
5.58095
5.08571
7.62857
8.18095
5.47619
11.8286
7.12381
6.3619
4.32381
5.92381
7.89524
8.69524
10.0952
6.28571
8.59048
5.61905
7.2
8.29524
6.29524
4.94286
8.80952
4.57143
7.12381
7.68571
5.4381
10.5619
9.74286
8.5619
7.10476
7.08571
4.01905
6.2381
4.70476
6.42857
4.59048
10.419
7.45714
4.37143
4.72381
6.44762
7.9619
6.06667
7.6381
4.40952
7.9619
7.99048
7.12381
7.11429
6.6
5.21905
7.90476
8.58095
8.74286
4.72381
13.181
5.52381
6.15238
7.33333
5.4
6.71429
7.72381
5.24762
11.019
6.17143
5.9619
6.95238
4.10476
7.60952
7.33333
8.82857
6.45714
7.04762
9.46667
8.94286
9.80952
6.97143
4.95238
8.07619
4.42857
4.49524
7.49524
8.40952
9.64762
5.97143
6.8381
4.41905
6.47619
9.20952
9.4381
4.18095
8.7619
8.93333
9.35238
6.99048
5.18095
8.35238
8.17143
5.22857
9.39048
5.52381
6.20952
6.07619
6.04762
8.3619
5.00952
7.4381
9.45714
4.06667
8.31429
6.82857
7.97143
10.8476
6.7619
4.2381
5.51429
5.62857
6.50476
5.48571
7.08571
6.20952
5.9619
5.0381
5.77143
8.11429
8.6381
5.5619
11.7524
5.42857
4.60952
9.06667
4.0381
5.89524
7.39048
7.8381
9.11429
4.38095
9.8381
5.35238
5.73333
10.5524
11.2762
5.15238
4.12381
8.17143
5.67619
6.9619
8.94286
4.34286
5.55238
4.08571
8.10476
6.37143
9.57143
5.79048
10.1048
4.06667
6.68571
7.38095
14.5143
9.22857
7.93333
5.09524
4.26667
6.17143
4.41905
9.8381
7.93333
11.4095
6.51429
7.70476
8.3619
8.49524
6.73333
6.85714
10.6286
8.50476
4.60952
6.42857
7.18095
10.6667
6.68571
7.0381
6.70476
8.31429
9.8
9.0381
11
5.37143
7.00952
9.65714
6.10476
6.89524
4.49524
6.66667
4.4381
5.99048
4.24762
9.67619
4.54286
10.4857
11.181
6.08571
10.6667
5.38095
6.47619
4.90476
6
7.75238
4.35238
5.34286
9.15238
11.9143
6.1619
9.20952
8.38095
11.4667
8.80952
8.88571
4.25714
5.59048
8.22857
10.1524
8.38095
4.95238
5.89524
4.70476
5.82857
5.29524
4.18095
7.34286
5.71429
8.48571
4.44762
9.28571
8.00952
7.27619
6.58095
10.2762
11.2381
6.41905
5.7619
7.67619
6.26667
8.79048
4.13333
4.1619
6.68571
4.6
6.48571
7.9619
8.8
7.10476
7.58095
9.62857
6.2
7.74286
6.72381
8.08571
8.87619
9.74286
8.42857
12.6857
8.68571
5.28571
6.04762
7.30476
8.29524
6.94286
11.4
7.86667
4.12381
9.02857
12.1048
9.32381
5.58095
8.50476
8.4
9.15238
7.32381
7.5619
10.2952
4.32381
10.1905
4.59048
8.59048
7.80952
5.97143
5.95238
8.64762
6.17143
8.6
10.6476
4.24762
8.04762
8.18095
8.8
10.6381
8.62857
6.31429
4.69524
4.93333
9.72381
9.9619
4.25714
9.92381
12.4857
10.3905
11.2476
8.52381
6.1619
7.75238
7.25714
4.04762
5.48571
5.40952
6.58095
4.38095
4.0381
4.31429
7.31429
7.52381
11.2857
8.27619
4.2381
5.13333
6.80952
6.8
4.40952
4.47619
8.67619
7.79048
10.4571
8.02857
6.82857
8.41905
8.72381
8.48571
7.78095
8.58095
10.8762
9.0381
10.9714
6.50476
6.55238
4.41905
5.45714
7.19048
9.86667
6.0381
9.05714
6.95238
6.90476
6.98095
8.64762
5.21905
4.20952
6.01905
5.28571
4.09524
7.80952
4.2
4.58095
5.90476
9.51429
8.9619
5.39048
7.19048
4.2
4.61905
6
5.3619
7.04762
8.19048
4.09524
9.21905
5.68571
5.4381
5.4381
4.7619
12.3333
7.53333
9.9619
7.5619
8.45714
6.80952
6.84762
8.42857
7.94286
10.0571
6.2
7.38095
4.30476
7.20952
8.26667
4.45714
9.86667
8.02857
5.57143
6.08571
4.08571
4.1619
8.24762
8.77143
7.47619
6.84762
6.31429
7.10476
10.8476
8.13333
7.35238
6.07619
11.8
4.66667
6.37143
7.8381
5.3619
4.52381
5.02857
9.66667
6.20952
7.15238
5.87619
8.14286
7
6.28571
5.00952
4.50476
9.72381
7.38095
8.94286
8.34286
6.1619
5.28571
5.46667
7.8
6.08571
4.82857
6.12381
7.87619
4.92381
5.4
9.4
4.62857
4.42857
6.28571
7.0381
7.65714
8.11429
6.33333
8.79048
5.13333
8.58095
5.98095
9.81905
8.07619
4.20952
4.57143
4.75238
5.3619
5.82857
5.30476
5.69524
12.219
7.91429
7.13333
12.9143
11.2762
5.31429
10.6952
7.14286
8.65714
10.419
5.97143
10.1143
8.01905
4.27619
8.70476
6.4381
10.7143
9.94286
5.66667
6.47619
7.20952
7.73333
7.91429
5.19048
5.19048
5.07619
12.019
6.49524
4.10476
7.90476
6.6
4.34286
6.2
7.88571
6.68571
9.64762
9.41905
4.26667
5.49524
5.8381
6.12381
6.73333
9.22857
7.89524
10.7619
9.31429
7.8381
7.08571
4.65714
7.20952
7.89524
7.0381
8.86667
4.6381
6.11429
6.55238
8.31429
7.6381
4.35238
9.85714
6.39048
14.7238
7.69524
10.2571
7.15238
6.24762
7.53333
9.6
4.08571
8.22857
8.88571
4.4381
6.15238
9.95238
7.95238
4.32381
4.34286
5.58095
4.05714
9.14286
7.49524
7.87619
11.1238
6.93333
10.4762
11.419
7.81905
8.69524
5.41905
6.10476
8.05714
5.57143
5.9619
6.38095
7.18095
4.93333
4.62857
7.18095
8.24762
4.29524
5.4381
8.54286
6.99048
5.54286
8.46667
6.53333
9.19048
7.8381
4.0381
8.57143
7.5619
7.26667
6.34286
6.94286
6.60952
9.18095
8.52381
9.68571
6.93333
8.12381
6.08571
6.77143
13.8
7.02857
7.08571
5.85714
4.6
5.30476
6.4381
4.46667
6.74286
4.44762
5.25714
5.64762
5.5619
7.52381
7.51429
7.17143
6.14286
7.22857
8.90476
5.88571
6.4
4.25714
5.45714
12.1524
5.61905
4.95238
5.58095
5.54286
9.30476
4.41905
5.79048
8.94286
6.2
9.38095
6.79048
6.11429
4.99048
6.49524
4.30476
5.52381
7.40952
7.07619
7.73333
7.45714
5.78095
6.15238
9.5619
7.21905
10.1905
5.22857
9.40952
8.91429
7.39048
6.64762
5.58095
9.87619
5.73333
8.57143
8.49524
5.25714
7.72381
8.68571
7.74286
7.70476
6.72381
6.39048
5.84762
4.95238
5.72381
4.72381
7.87619
13.1429
4.14286
7.10476
5.59048
8.46667
8.47619
9.98095
7.14286
11.2667
5.60952
4.82857
6.0381
7.30476
8.94286
7.29524
10.1714
4.46667
8.24762
6.24762
5.25714
8.92381
7.45714
5.30476
5.21905
4.37143
7.34286
5.81905
6.49524
6.9619
10.9905
5.98095
8.18095
6.87619
6.5619
6.48571
8.85714
8.4
4.38095
9
4.3619
8.84762
5.62857
11.4762
9.75238
5.64762
7.90476
7.71429
9.31429
4.39048
4.62857
5.97143
6.74286
5.2
8.90476
8.85714
5.30476
9.77143
6.20952
5.3619
4.05714
5.80952
5.13333
10.4
6.8381
6.58095
9.15238
6.52381
6.47619
6.85714
6.42857
7.10476
7.59048
4.17143
7.65714
5.34286
6.88571
6.12381
4.32381
8.62857
5.12381
4.33333
7.30476
5.42857
4.6
5.50476
7.2
5.51429
8.71429
4.15238
7.60952
5.19048
8.4381
6.65714
8.37143
4.15238
7.29524
6.91429
7.27619
8.98095
7.45714
4.54286
7.11429
5.60952
4.44762
8.34286
10.8857
6.38095
4.40952
7.4
6.26667
5.3619
7.5619
4.44762
4.14286
11.7619
13.1333
8.26667
8.01905
9.00952
5.98095
4.37143
5.44762
5.60952
8.1619
4.2381
12.3143
6.65714
8.13333
5.61905
4.20952
9.07619
4.5619
10.3143
5.57143
7.48571
6.49524
5.75238
7.59048
6.3619
4.86667
4.32381
4.2
5.8
7.17143
4.40952
6.77143
6.50476
10.2571
4.51429
7.14286
5.70476
4.4381
4.35238
9.62857
11.5143
5.10476
5.50476
6.10476
8.62857
9.35238
4.13333
9.81905
8.05714
7.65714
5.1619
4.82857
6.87619
10.5238
10.3619
6.85714
9.59048
5.54286
5.73333
8.13333
6.25714
7.37143
6.18095
5.89524
4.80952
8.47619
6.66667
4.21905
6.98095
4.97143
6.92381
9.15238
6.55238
6.8
12.9333
9.58095
6.85714
5.13333
5.64762
6.0381
6.79048
6.88571
8.28571
10.2952
5.64762
7
9.80952
6.94286
6.92381
8.14286
6.04762
6.1619
6.05714
10.5429
4.37143
6.47619
5.8381
5.85714
6.91429
7.29524
7.09524
6.32381
4.26667
5.26667
6.2
6.2381
4.84762
5.40952
5
6.69524
5.41905
9.20952
8.89524
5.10476
9.0381
5.45714
8.15238
4.65714
7.33333
10.0667
7.42857
6.53333
4.38095
6.66667
7.08571
5.18095
5.72381
5.48571
5.48571
6.73333
9.60952
6.20952
6.2
5.65714
5.80952
7.46667
11.6
4.91429
4.65714
6.31429
8.75238
7.53333
6.7619
4.12381
4.10476
9.25714
5.4381
10.6952
5.67619
9.48571
5.69524
6.72381
6.29524
7.40952
8.55238
8.02857
12.5238
5.54286
9.22857
5.37143
4.12381
4.57143
9.37143
8.24762
7.52381
5.80952
7.80952
6.93333
6.88571
8.91429
4.59048
7.2381
6.32381
6.00952
8.13333
6.8
7.5619
9.73333
5.95238
6.51429
4.31429
4.12381
4.37143
5.19048
10.2476
4.59048
7.29524
5.91429
4.85714
5.73333
4.04762
6.7619
11.7905
5.46667
4.20952
6
6.90476
11.219
9.8381
8.99048
5.9619
9.40952
5.64762
7.38095
4.14286
6.3619
5.4381
4.14286
6.80952
7.95238
5.86667
7.47619
8.8381
6.86667
7.39048
5.50476
8.70476
7.04762
7.29524
7.30476
7.22857
7.72381
6.28571
10.1905
7.39048
10.8476
6.7619
5.08571
9.12381
10.8667
7.88571
6.37143
4.84762
9.4381
6.57143
4.15238
9.73333
5.28571
7.15238
4.32381
10.0381
10.2667
7.85714
9.62857
6.12381
8.30476
7.6
8.11429
9.52381
8.34286
5.72381
4.78095
5.2381
7.84762
8.10476
7.75238
5.30476
7.53333
6.84762
8.07619
8.6381
8.73333
8.65714
10.3429
7.46667
7.54286
4.72381
5.9619
7.68571
7.73333
5.1619
6.17143
4.42857
6.01905
5.95238
4.34286
7.9619
4.48571
7.6381
5.08571
5.18095
4.34286
6.14286
5.10476
5.27619
10.1333
10.3333
7.6381
4.13333
10.1238
8.52381
9.91429
6.35238
8.42857
4.41905
6.53333
6.52381
5.53333
7.78095
7.02857
4.13333
5.33333
7.74286
5.29524
6.46667
7.28571
5.95238
7.0381
4.32381
9.71429
6.71429
4.93333
4.53333
6.9619
6.66667
9.57143
4.22857
7.06667
4.86667
9.30476
6.06667
7.85714
5.69524
7.6381
9.01905
4.80952
10.2286
5.32381
7.62857
13.4667
4.31429
4.66667
7.8381
7.02857
7.11429
6.85714
4.47619
4.41905
7.46667
4.10476
8.84762
4.31429
9.1619
5.61905
8.87619
4.50476
7.95238
7.39048
8.55238
4.66667
10.419
9.71429
5.55238
10.0571
6.05714
4.35238
4.79048
10.1143
10.7619
8.67619
7.34286
7.62857
7.53333
4.22857
8
5.44762
6.53333
7.13333
7.78095
8.46667
7.2381
5.74286
5.90476
6.28571
5.97143
5.27619
9.02857
8.42857
8.77143
9.22857
10.1905
9.73333
7.92381
12.6476
8.0381
5.8381
8.04762
4
4.61905
4.89524
12.1048
6.47619
9.4
7.19048
9.07619
4.47619
5.68571
5.82857
6.9619
5.80952
9.88571
10.0952
6.4381
7.01905
4.17143
4.9619
4.27619
5.82857
7.54286
6.10476
6.80952
9.25714
8.73333
10.7619
5.29524
4.2381
8.11429
4.94286
7.05714
4.57143
4.70476
4.25714
7.85714
4.46667
4.61905
5.70476
5.6381
7.13333
7.04762
5.49524
6.71429
7.25714
8.30476
9.12381
8.62857
9
6.28571
10.1143
6.80952
6.31429
6.4381
9.49524
6.71429
4.40952
5.35238
4.22857
7.90476
9.79048
10.1905
8.20952
6
5.47619
4.39048
5.8381
5.45714
4.6381
4.05714
4.4
6.05714
6.68571
9.64762
4.74286
6.08571
7.93333
7.31429
5.9619
6.13333
8.9619
5.71429
7.07619
9.07619
7.86667
4.28571
10.7905
7.26667
7.42857
5.54286
6.06667
6.84762
5.20952
10.9619
10.6571
4.38095
4.79048
6.8
8.59048
9.91429
9.35238
5.94286
6.31429
6.8
7.07619
8.99048
7.24762
10.4667
8.51429
5.77143
6.00952
7.12381
10.7333
6.07619
4.39048
7.49524
5.02857
7.41905
5.71429
6.53333
4.37143
6.0381
6.47619
6.14286
4.86667
8.89524
6.25714
7.74286
8.62857
4.45714
6.95238
8.4
10.4762
9.35238
8.9619
6.54286
4.35238
4.0381
5.26667
6.27619
6.37143
6.77143
9.25714
8.62857
9.25714
6.72381
4.10476
4.08571
6.41905
5.69524
4.90476
4.30476
6.13333
5.31429
7.51429
7.1619
5.0381
7.38095
9.34286
5.15238
10.4381
6.27619
8.44762
6.93333
8.70476
7.27619
9.70476
11.4762
9.44762
7.72381
7.77143
4.28571
7.66667
4.1619
6.05714
4.80952
5.35238
6.92381
8.60952
5.93333
6.84762
4.20952
4.64762
7.05714
5.37143
9.46667
9.94286
5.86667
5.75238
8.2381
5.70476
6.58095
5.79048
6.13333
6.13333
4.48571
6.11429
6.4381
6.47619
7.02857
4.24762
4.92381
7.26667
5.0381
6.33333
5.71429
4.69524
7.80952
6.24762
7.69524
7.41905
10.2
5.24762
4.60952
6.28571
10.1714
7.32381
4.0381
7.09524
7.4
7.47619
8.02857
5.59048
7.80952
8.65714
7.25714
4.75238
6.84762
4.06667
4.42857
6.18095
5.61905
6.29524
7.17143
9.37143
5.81905
4.47619
9.18095
4.21905
10.0667
8.53333
5.30476
9.46667
7.49524
4.84762
4.13333
9.42857
4.3619
5.5619
9.13333
10.019
6.67619
5.51429
5.79048
7.59048
6.41905
4.20952
10.0857
11.2095
8.53333
4.52381
5.86667
6.86667
9.60952
4.9619
6.71429
10.9905
12.0762
6.04762
11.0476
9.78095
4
6.6381
9.20952
7.77143
4.74286
8.4381
5.15238
7.46667
10.1143
6.24762
6.0381
6.30476
6.52381
5.44762
8.4
7.02857
4.80952
5.72381
5.98095
5.7619
5.6381
7.66667
4.45714
8.6
5.45714
7.39048
7.09524
7.79048
4.71429
4.60952
4.32381
4.2381
9.17143
6.88571
5.29524
4.14286
5.51429
4.38095
11.0095
5.1619
7.15238
5.62857
11.4857
8.2
5.08571
6.37143
8.49524
8.64762
5.24762
4.18095
4.30476
4.34286
6.54286
4.19048
7.2381
10.7048
4.46667
10.3143
12.5429
4.61905
7.05714
6.2381
4.42857
6.42857
7.27619
5.58095
6.91429
5.38095
8.27619
6.49524
7.69524
7.58095
10.1333
4.42857
10.5905
6.82857
11.1048
4.4
12.2286
10.819
9.51429
11.619
6.30476
4.38095
5.07619
6.86667
5.48571
8.09524
7.55238
6.24762
4.33333
4.34286
5.93333
4.39048
6.45714
10.6381
4.38095
4.9619
7.71429
8.02857
11.1143
9.0381
11.0952
6.94286
5.8
7.10476
8.2381
6.98095
7.46667
6.92381
8.15238
5.33333
9.49524
5.22857
4.10476
6.11429
4.99048
4.01905
4.29524
7.17143
6.73333
4.17143
10.0857
8.91429
7.2381
7.81905
6.41905
6.81905
8.02857
10
5.68571
6.02857
7.65714
9.67619
8.95238
4.55238
7.26667
5.53333
9.73333
7.87619
7.0381
9.12381
6.84762
5.6381
8.24762
6.20952
8.69524
8.28571
10.9048
6.52381
9.17143
9.52381
5.95238
5.30476
4.59048
7.18095
8.69524
7.99048
6.27619
8.57143
4.34286
6.17143
5.75238
8.27619
7.42857
4.04762
9.04762
5.4
8.65714
7.52381
5.71429
4.77143
4.29524
6.71429
4.32381
6.2381
4.48571
8.5619
4.67619
4.4
4.07619
5.40952
14.5143
9.67619
6.34286
5.58095
6.44762
5.17143
6.86667
8.1619
9.0381
4.33333
4.97143
7.37143
8.72381
6.78095
7.62857
6.49524
7.4
7.06667
6.69524
8.20952
6.92381
7.2
7.88571
9.24762
4.41905
4.51429
7.99048
4.33333
8.04762
9.10476
11.4095
9.90476
8.19048
6.7619
8.3619
10.5524
4.60952
4.28571
8.26667
4.30476
8.14286
6.53333
9.06667
8.4
6.55238
7.87619
5.78095
4.4
8.69524
6.29524
4.78095
4.4
5.89524
4.42857
5.21905
6.7619
10.9048
7.13333
9.00952
6.09524
6.6381
5.70476
10.2667
5.42857
7.8381
9.05714
7.27619
9.98095
8.32381
10.8952
5.70476
4.65714
6.33333
14.5048
7.18095
8.64762
8.41905
9.00952
5.70476
5.73333
6.73333
8.55238
4.07619
10.8952
10.8952
8.11429
7.51429
8.52381
5.54286
7.07619
4.70476
8.44762
12.0571
5.82857
4.5619
12.2095
7.4381
8.77143
5.20952
6.72381
7.8
10.8857
7.7619
11.219
6.91429
7.61905
7.42857
5.81905
8.12381
11.2952
6.15238
4.50476
6.94286
5.73333
9.02857
7
5.54286
4.22857
4.4381
4.40952
5.53333
5.00952
8.41905
5.87619
8.1619
4.52381
6.62857
5.19048
4.26667
4.19048
9.62857
4.1619
7.0381
4.73333
6.40952
6.92381
5.73333
5.75238
5.20952
9.62857
5.69524
7.35238
4.05714
8.97143
4.11429
8.19048
5.44762
4.42857
5.9619
9.17143
9.40952
6.18095
9.26667
8.68571
14.3333
5.53333
7.73333
4.4381
4.78095
4.25714
4.9619
10.4
4.3619
8.59048
4.37143
4.09524
9.09524
7.73333
6.22857
10.0762
4.82857
4.53333
7.17143
9.60952
5.19048
5.6
6.44762
5.35238
6.20952
6.6381
8.4381
6.09524
5.8
4.22857
4.29524
4.39048
8.88571
6.95238
6.35238
9.52381
8.02857
6.37143
5.41905
6.10476
10.2857
6.47619
8.06667
5.15238
5.85714
7.0381
8.22857
4.3619
5.39048
5.58095
7.0381
4.31429
13.5905
8.51429
4.72381
8.07619
4.30476
7.39048
4.47619
4.77143
8.0381
9.60952
9.06667
7.88571
4.14286
6.33333
6.33333
5.2
8.45714
8.58095
6.80952
6.48571
5.85714
7.02857
5.06667
7.05714
6.40952
6.00952
4.28571
5.20952
4.4
5.41905
4.9619
6.22857
6.69524
10.2667
4.14286
5.3619
5.12381
7.70476
5.45714
4.55238
7.4
6.29524
5.79048
4.51429
5.79048
4.39048
4.35238
8.11429
6.57143
4.35238
5.82857
6.21905
8.48571
4.08571
4.70476
8.84762
5.81905
8.39048
5.11429
8.33333
6.48571
9.67619
10.5714
8.46667
5.79048
6.6
10.2095
6.99048
6.75238
9.61905
8.50476
7.42857
10.1143
6.66667
4
8.02857
7.12381
6.70476
4.01905
7.98095
5.9619
12.3905
9.05714
6.41905
9.6
8.51429
11.2381
6.8
7.39048
8.51429
7.08571
6.35238
8.61905
9.51429
6.92381
6
8.64762
7.02857
7.31429
5.80952
5.55238
11.4476
4.27619
5.92381
4.3619
4.59048
8.50476
9.22857
6.51429
6.45714
4.25714
6.90476
4.37143
10.1905
8.86667
8.78095
10.1429
5.79048
8.17143
6.6381
6.6381
7.33333
7.94286
4.60952
5.55238
6.11429
9.7619
7.48571
8.50476
9.52381
4.35238
4.53333
4.24762
9.02857
5.34286
7.21905
4.59048
6.65714
8.37143
6.27619
6.97143
5.00952
9.57143
8.38095
8.41905
4.89524
8.15238
8.15238
7.2381
7.90476
8.9619
6.15238
5.25714
6.51429
6.67619
6.87619
9.66667
7.19048
8.01905
9.15238
4.3619
5.34286
9.54286
4.17143
6.4381
4.5619
4.34286
5.97143
5.24762
4.39048
6.53333
4
8.02857
4.25714
9.37143
6.99048
4.54286
8.10476
4.37143
6.54286
5.12381
8.04762
7.40952
6.49524
7.89524
4.39048
4.66667
4.41905
7.85714
6.28571
7.78095
6.2
4.06667
5.7619
6.90476
7.38095
4.87619
4.73333
7.79048
5.9619
4.50476
7.69524
6.93333
6.05714
6.77143
7.02857
6.95238
5.3619
4.44762
6.68571
9.17143
6.58095
8.87619
6.20952
5.06667
6.31429
4.15238
7.55238
5.30476
7.85714
5.48571
6.67619
8.13333
7.81905
5.04762
6.11429
9.1619
4.20952
6.89524
5.58095
6.99048
9.39048
6.66667
6.6
4.8381
5.54286
6.0381
4.47619
6.17143
4.93333
5.31429
4.41905
7.59048
11.3143
10.3714
7.94286
11.2952
4.99048
5.73333
4.41905
6.32381
9.62857
6.6381
8.98095
8.4
9.1619
8.69524
7.21905
6.25714
6.55238
7.67619
8.04762
4.49524
5.72381
7.32381
15.2667
7.09524
7.08571
6.85714
4.99048
8.3619
5.57143
4.32381
8.75238
10.9524
7.40952
10.8095
4.31429
5.15238
6.57143
7.13333
4.53333
7.42857
5.93333
19.0381
7.86667
6.17143
10.1333
7.40952
6.86667
7.40952
5.89524
7.28571
4.38095
6.8381
4.13333
7.46667
6.79048
7.59048
9.33333
10.0571
5.66667
4.34286
6.02857
4.11429
7.32381
9.51429
4.74286
7.84762
4.32381
7.33333
8.30476
6.66667
6.47619
7.79048
4.64762
5.12381
5.0381
6.62857
6.72381
7.51429
6.13333
7.11429
5.4
7.42857
4.32381
4.29524
4.35238
5.02857
6.64762
7.2
5.92381
7.70476
6.09524
4.37143
4.0381
4.55238
4.3619
4.58095
6.31429
8.2
11.4952
4.28571
7.02857
6.50476
9.57143
7.21905
6.82857
10.019
4.44762
9.78095
11.5905
9.2
9.06667
4.32381
4.14286
4.24762
4.22857
9.61905
12.619
8.49524
10.6381
5.66667
11.4762
9.49524
8.79048
7.72381
10.6667
5.17143
9.39048
4.50476
7.80952
8.11429
7.99048
7.4381
6.58095
4.42857
7.82857
4.89524
4.4
4.78095
4.53333
4.55238
7.22857
6.33333
10.1238
4.12381
7.9619
10.7238
4.66667
7.20952
7.88571
6.84762
4.94286
4.84762
7.87619
6.22857
5.02857
4.53333
7.33333
6.14286
9.09524
10.6286
11.5714
6.67619
6.97143
5.66667
12.0952
7.32381
6.4
6.74286
4.4
7.07619
8.57143
5.80952
6.37143
6.77143
18.6667
7.95238
4.24762
4.54286
4.61905
7.59048
7.42857
4.61905
6.28571
4.13333
4.11429
6.88571
4.90476
8.3619
4.30476
10.5238
8.5619
4.38095
5.55238
5.53333
11.6476
4.25714
6.90476
6.98095
6.07619
7.19048
11.019
8.06667
6.50476
6.48571
4.25714
4.17143
4.26667
5.4381
8.89524
6.86667
6.13333
8.25714
5.30476
5.39048
6.11429
7.73333
5.32381
5.33333
10.3429
5.2381
4.89524
6.0381
7.60952
7.00952
6.91429
4.52381
5.68571
4.14286
4.19048
7.75238
7.09524
4.22857
7.14286
6
9.55238
4.11429
4.21905
4.8
4.4
10.0286
8.34286
5.62857
4.1619
4.3619
7.42857
5.6
5.92381
4.50476
4.39048
7.25714
6.31429
4.53333
7.00952
6.4381
8.84762
6.61905
4.28571
8.53333
4.07619
9.2
8.32381
9.50476
7.08571
7.01905
4.47619
7.91429
6.26667
8.13333
7.05714
8.06667
6.39048
6.17143
6.06667
10.581
11.1429
4.02857
6.71429
8.17143
5.95238
6.45714
5.89524
4.46667
6.15238
4.45714
7.28571
7.02857
5.12381
8.00952
6.44762
6.58095
4.5619
11.8286
4.40952
4.30476
6.2
8.58095
8.85714
4.09524
7.54286
7.27619
7.62857
12.2857
4.06667
4.17143
8.42857
6.17143
8.00952
5.2
5.02857
6.09524
10.8667
7
8.28571
5.89524
7.75238
6.18095
7.93333
7.8
6.98095
4.39048
8.82857
5.33333
7.22857
9.14286
4.42857
4.08571
4.10476
4.75238
4.55238
9.24762
6.55238
6.33333
6.13333
5.62857
7.0381
7.18095
3.2
3.39048
7.42857
6.12381
5.40952
5.08571
6.14286
3.14286
4.8
3.34286
5.62857
8.97143
7.18095
5.20952
3.53333
3.61905
6.04762
3.15238
6.1619
3.00952
3.18095
3.26667
6.20952
5.28571
3.37143
7.1619
4.4381
5.33333
8.20952
6.77143
4.99048
3.20952
3.72381
5.29524
7.34286
4.93333
6.66667
4.48571
5.00952
5.39048
5.42857
3.69524
4.87619
8.39048
7.13333
9.54286
5.18095
4.82857
4.8
4.18095
6.86667
8.2
4.10476
6.10476
5.24762
3.74286
3.30476
4.39048
5.34286
6.48571
3.46667
4.57143
6.78095
9.13333
3.26667
7.54286
6.86667
3.22857
3.87619
3.10476
11.1524
5.41905
6.2
9.4
4.79048
6
5.10476
7.06667
10.0857
9.25714
6.29524
6.85714
9.11429
4.78095
4.98095
5.93333
3.26667
3
6.3619
3.97143
6.59048
3.21905
3.24762
3.19048
5.22857
4.91429
3.52381
4.27619
4.72381
3.34286
5.51429
5.8381
5.73333
3.52381
6.30476
8.25714
3.49524
4.28571
7.10476
8.68571
8.21905
3.31429
5.37143
4.62857
6.68571
3.50476
3.74286
4.67619
3.59048
4.21905
5.65714
4.69524
6.00952
5.48571
6.15238
3.4
5.2381
4.30476
4.68571
5.35238
5.33333
4.91429
4.15238
5.97143
5.10476
5.54286
3.19048
3.04762
3.21905
4.80952
4.99048
3.49524
7.95238
5.30476
5.75238
3.31429
7.53333
3.11429
6.25714
3.28571
3.39048
4.66667
3.89524
3.18095
5.74286
4.70476
5.49524
4.1619
5.21905
5.22857
3.53333
3.66667
3.3619
8.51429
7.75238
5.05714
3.87619
4.6381
6.14286
6.97143
5.80952
6.00952
3.52381
9.55238
9.80952
4.09524
4.10476
6.71429
4.27619
7.55238
4.9619
7.25714
3.9619
5.91429
3.1619
4.89524
3.35238
3.33333
3.34286
6.54286
3.07619
5.20952
5.07619
3.5619
5.8
17.219
4.25714
4.4
3.32381
7.3619
3.29524
6.31429
3.3619
5.71429
3.54286
7.01905
6.55238
5.2381
8.71429
5.2381
4.71429
5.58095
4.67619
3.67619
5.28571
4.90476
6.45714
5.09524
10.1143
5.69524
3.15238
7.51429
3.73333
5.98095
3.2
3.01905
6.11429
5.29524
5.80952
3.04762
5.2381
6.44762
6.78095
5.05714
5.22857
4.60952
6.4381
6.1619
8.1619
6.29524
3.79048
3.27619
7.9619
8.62857
7.02857
3.67619
8.55238
4.41905
4.51429
3.24762
11.8286
3.2
7.46667
3.08571
5.91429
5.27619
11.581
3.3619
4.79048
3.31429
4.42857
5.98095
9.61905
3.58095
3.30476
10.5238
5.01905
3.26667
7.81905
6.72381
5.50476
7.28571
5.02857
7.42857
5.05714
5.87619
7.14286
9.21905
5.51429
4.94286
3.20952
3.08571
5.44762
4.93333
7.78095
4.94286
3.19048
3.39048
3.75238
3.31429
5.6381
3.13333
7.17143
3.38095
5.37143
5.66667
6.95238
4.48571
7.20952
5.99048
5.60952
3.07619
6.26667
6.32381
5.11429
4.12381
3.22857
5.28571
5.5619
4.87619
7.17143
3.27619
6.46667
3.6381
3.07619
4.92381
3.29524
3.12381
9.90476
3.33333
3.61905
3.33333
4.13333
3.4381
3.11429
5.9619
3.05714
3.57143
3.65714
3.60952
3.59048
5.50476
5.30476
3.2381
5.37143
7.55238
3.93333
5.92381
7.41905
4.7619
5.66667
3.09524
7.93333
5.02857
3.61905
6.62857
3.44762
5.44762
6.41905
3.59048
5.22857
5.05714
6.88571
5.50476
5.75238
7.69524
8.42857
3.26667
7.49524
4.61905
6.02857
11.4095
8.18095
5.59048
4.4381
5.69524
3.59048
3.45714
3.25714
5.38095
6.32381
3.15238
5.44762
3.18095
9.28571
5.34286
7.81905
6
7.42857
9.77143
3.04762
5.52381
3.24762
5.3619
6.37143
6.2381
3.75238
5.80952
3.2
4.90476
4.91429
5.28571
10.8762
7.01905
6.31429
4.98095
27.7333
6.84762
5.55238
3.54286
3.69524
3.1619
4.7619
7.0381
7.73333
5.89524
5.3619
6.20952
3.34286
6.33333
3.27619
3.13333
3.18095
3.57143
9.31429
3.77143
6.46667
5.48571
6.98095
4.84762
7.88571
4.78095
5.81905
4.99048
4.46667
3.17143
6.46667
6.18095
7.69524
3.41905
3.2381
4.86667
4.92381
7.09524
4.22857
5.62857
5.51429
6.73333
7.4
3.80952
3.37143
5.88571
4.8
3.21905
5.87619
3.22857
8.65714
6.75238
4.72381
3.01905
6.17143
3.1619
5.93333
3.93333
3.60952
6.79048
5.79048
5.20952
5.3619
6.79048
6.62857
5.88571
3.4381
5.52381
5.78095
6.98095
6
8.97143
6.30476
3.31429
4.80952
3.42857
7.24762
4.32381
7.0381
3.25714
4.29524
4.59048
5.02857
3.08571
3.74286
3.04762
5.10476
4.80952
4.32381
5.72381
7.82857
4.60952
4.01905
4.24762
6.74286
4.4381
3.19048
5.93333
4.44762
3.54286
4.18095
3.05714
3.04762
7.6
8.18095
4.9619
5.21905
4.57143
9.95238
3.40952
6.74286
5.15238
6.88571
5.77143
6.57143
4.01905
4.54286
5.0381
4.30476
3.00952
8.85714
7.48571
7.28571
5.20952
6.18095
8.90476
8.21905
5.00952
7.02857
8.89524
4.34286
7.11429
7.60952
4.94286
4.84762
5.85714
3.13333
3.1619
8.72381
3.14286
3.21905
3.35238
7.39048
3.86667
5.18095
3.37143
4.79048
5.49524
3.01905
3.62857
4.95238
3.50476
5.07619
6.82857
3.39048
3.40952
4.86667
6.14286
3.21905
4.37143
4.75238
6.52381
3.48571
3.37143
3.11429
6.38095
3.08571
3.33333
3.64762
3.31429
3.64762
3.38095
5
3.0381
6.37143
4.7619
8.82857
4.57143
5.70476
4.67619
5.62857
8.24762
4.20952
3.22857
3
3.07619
4.72381
4.19048
4.85714
7.47619
9.34286
5.1619
3.30476
8.52381
5.24762
4.8381
3.2
3.26667
3.06667
3.10476
5.31429
5.99048
8.61905
3.68571
7.11429
7.94286
8.01905
5.19048
5.80952
4.68571
8.11429
8.34286
3.2381
3.65714
3.17143
5.47619
5.4
4.27619
4.73333
6.97143
7.17143
3.22857
4.73333
5.17143
3.40952
3.1619
5.45714
7.88571
3.18095
11.0571
4.67619
7.38095
6.32381
6.4381
7.30476
3.62857
5.53333
3.29524
3.21905
3.2381
6.07619
7.48571
3.14286
5.10476
6.95238
3.24762
3.48571
3.22857
6.07619
6.15238
6.11429
4.17143
6.22857
3.10476
4.81905
3.59048
6
8.54286
4.99048
4.60952
5.00952
5.68571
5.40952
3.4
3.25714
5.32381
3.6381
4.8381
4.46667
3.2381
8.13333
4.61905
3.24762
3.1619
4.87619
3.2381
5.10476
6.93333
3.28571
3.15238
3.2381
3.52381
4.94286
4.3619
5.2
3.50476
7.65714
4.6381
6.0381
3.21905
5.27619
3.14286
3.6381
4.21905
5.95238
3.19048
3.07619
5.24762
5.86667
4.9619
3.31429
4.4
4.67619
3.5619
3.38095
3.79048
9.26667
4.2
3.72381
4.12381
4.78095
6.12381
5.04762
6.10476
3.35238
8.81905
3.4
3.82857
8.84762
3.66667
7.39048
3.06667
5.61905
5.4
3.5619
6.52381
3.00952
6.2
6.24762
4.37143
3.30476
3.1619
8.80952
6.68571
4.22857
3.29524
7.64762
3.13333
5.27619
5.04762
6.42857
3.08571
3.13333
5.24762
3.20952
3.35238
10.2667
3.45714
6.69524
3.69524
10.3524
3.6
6.18095
6.32381
4.90476
3.37143
3.20952
3.11429
8.92381
6.30476
5.6381
5.58095
3.15238
4.49524
6.35238
3.51429
7.4381
8.79048
3.35238
6.53333
3.26667
6.4381
8.85714
5.97143
4.15238
6.17143
6.17143
5.34286
9.08571
7.2381
5.13333
3.40952
3.28571
3.2
3.29524
5.4
9.72381
3.07619
3.42857
3.17143
3.19048
3
3.12381
6.13333
3.26667
3.12381
6.71429
3.33333
8.55238
7.81905
6.4
8.28571
5.53333
3.00952
4.95238
3.08571
7.1619
5.2381
5.41905
3.0381
5.40952
5.49524
3.26667
3.32381
3.30476
5.57143
6.15238
3.09524
6.71429
3.6381
7.93333
6.4
3.0381
3.69524
5.40952
5.37143
6.28571
5.40952
5.68571
5.12381
3.64762
5.67619
7.34286
5.28571
3.45714
8.01905
5.05714
3.12381
3.37143
4.8
4.86667
3.4381
3.5619
5.66667
8.2381
3.31429
3.22857
7.72381
5.29524
5.32381
5.93333
7.19048
8.22857
6.5619
4.92381
8.21905
4.92381
3.50476
3.24762
3.53333
3.2
6.6
3.38095
3.39048
3.22857
6.26667
7.27619
4.39048
8.07619
6.1619
4.4
7.79048
4.47619
4.3619
5.22857
3.37143
5.12381
4.53333
4.84762
5.37143
4.6
8.2381
6.73333
4.8
4.90476
6.75238
3.47619
5.86667
6.1619
3.30476
7.18095
6.58095
8.01905
4.31429
8
3.74286
5
6.13333
5.05714
5.13333
4.46667
3.75238
3.6381
5.33333
8.41905
8.09524
3.68571
4.66667
5.5619
4.04762
7.0381
6.0381
8.04762
8.86667
7.17143
7.47619
5.65714
7.06667
6.66667
3.29524
6.32381
6.28571
3.53333
7.88571
7.21905
7.06667
4.90476
4.5619
3.07619
8.52381
8.34286
7.11429
3.15238
4.8
3.74286
3.00952
5.35238
6.8
3.40952
3.13333
7.08571
7.2
7.58095
3.21905
3.30476
3.61905
5.14286
4.01905
3.22857
5.24762
3.62857
3.13333
3.4
4.40952
5.27619
5.81905
6.4381
5.34286
6.25714
5.12381
11.6095
3.28571
4.12381
6.25714
3.02857
3.11429
3.20952
7.37143
5.25714
3.86667
3.42857
4.22857
3.10476
3.01905
4.32381
5.08571
4.59048
3.05714
4.19048
5.02857
4.4381
3.39048
5.37143
4.58095
8.0381
5.86667
5.44762
5.00952
4.92381
7.74286
5.20952
4.80952
3.27619
5.34286
3.31429
3.4381
4.70476
8.46667
4.72381
3.53333
3.05714
3.11429
5.18095
3.25714
3.37143
6.9619
7.79048
6.10476
5.4
4.04762
5.14286
5.77143
5.46667
3.97143
6.68571
4.80952
4.68571
3.32381
6.42857
3.51429
5.11429
6.62857
5.71429
6.79048
5.53333
6.74286
8.52381
3.07619
5.40952
6.2381
6.28571
3
4.90476
5.32381
6.8
5.22857
3.67619
8.70476
3.4
3.66667
3.55238
3.1619
3.45714
7.89524
5.04762
5.15238
5.57143
3.9619
6.67619
8.05714
6.78095
8.30476
3.0381
3.47619
3.30476
5.11429
5.41905
7.42857
4.68571
3.54286
5.46667
3.33333
7.42857
5.59048
6.54286
3.64762
7.60952
7.57143
5.35238
4.05714
4.49524
7.64762
3.66667
3.2381
7.01905
4.8381
4.67619
5.84762
7.32381
3
4.94286
11.0095
3.13333
5.3619
3.60952
3.44762
6.32381
8.57143
4.17143
4.3619
8.70476
4.6381
6.97143
5.97143
7.61905
3.42857
3.0381
3.77143
6.1619
3.30476
5.28571
5.25714
9.6381
3.18095
6.57143
5
5.6
3.53333
7.4381
12.6286
6.80952
6.00952
6.7619
6.85714
4.65714
7.73333
10.0381
5.4381
5.62857
7.47619
6.90476
7.2
5.34286
7.00952
7.95238
4.7619
5.97143
3.15238
5.12381
7.40952
5.15238
7.52381
8.25714
5.41905
5.44762
9.62857
5.24762
3.34286
5.47619
7.89524
3.51429
4.8381
5.70476
8.31429
5.93333
5.11429
10.1714
3.14286
5.19048
3.04762
5.66667
4.46667
3.11429
3.28571
7.34286
4.71429
5.9619
3.84762
9.60952
7.4381
4.87619
3.4381
5.51429
6.51429
3.24762
6.51429
4.84762
3.25714
4.38095
7.21905
3.35238
5.39048
5.05714
5.2
5.11429
3.04762
5.70476
6.04762
8.04762
8.78095
3.20952
3.64762
5.49524
8.17143
3.66667
7.08571
3.4
3.37143
8.53333
3.42857
3.33333
9.53333
5.22857
5.7619
9.29524
7.5619
6.14286
4.02857
6.86667
5.75238
10.8952
5.0381
4.1619
5.06667
7.86667
6.17143
3.68571
4.8
6.5619
5.50476
3.17143
4.50476
5.54286
3.00952
8.2381
3.62857
6
7.04762
7.0381
8.24762
6.15238
3.10476
6.12381
4.18095
4.2381
5.32381
7.80952
6.55238
4.68571
3.38095
3.78095
3.19048
3.2381
5.08571
7.12381
4.75238
3.05714
6.2381
3.21905
4.84762
3.31429
3.50476
3.2381
5.4381
5.53333
6.30476
4.98095
3.14286
5.8381
3.1619
5.84762
3.22857
7.47619
9.71429
4.64762
3.21905
10.3905
7.7619
3.07619
3.24762
5.95238
9.30476
6.90476
3.45714
5.84762
3.0381
10.1714
5.25714
7.57143
5.59048
7.30476
3.20952
3.11429
4.88571
3.2381
6.6381
6.74286
5.95238
7.20952
5.22857
5.41905
6.26667
4.14286
3.5619
8.98095
6.74286
3.20952
5.29524
6.84762
3.6381
3.14286
4.60952
5.33333
3.11429
8.78095
7.37143
3.01905
4.91429
5.69524
5.73333
4.89524
5.4381
4.73333
3.12381
4.5619
6.42857
4.58095
4.98095
7.28571
3.06667
6.22857
5.72381
6.32381
5.21905
3.2
6.13333
4.97143
3.32381
6.34286
7.86667
7.13333
3.35238
4.8
3.0381
7.18095
3.50476
6.20952
4.77143
5.3619
3.20952
6.07619
3.17143
8.86667
3.7619
8.62857
6.14286
3.32381
3.07619
4.77143
3.04762
5.74286
9.3619
5.45714
3.28571
3.18095
5.99048
5
6.72381
3.26667
6.17143
3.15238
4.62857
11.219
7.13333
7.50476
5.10476
4.71429
3.21905
5
8.13333
3.21905
4.87619
3.6
3.28571
8.6381
4.61905
3.30476
3.84762
3.04762
6.6
3.14286
5.35238
6.58095
4.98095
4.79048
4.93333
6.70476
4.25714
6.40952
6.64762
3.42857
3.07619
3.46667
5
5.59048
5.26667
3.19048
6
5.97143
3.39048
3.37143
4.86667
3.08571
3.13333
3.31429
6.22857
5.89524
3.74286
3.38095
5.75238
6.1619
5.59048
3.22857
7.18095
8.05714
3.12381
3.38095
3.21905
5.4381
3.33333
3.4381
7.06667
3.35238
3.05714
3.26667
7.7619
3.11429
3.06667
7.94286
3.3619
4.62857
4.82857
5.51429
4.61905
4.01905
5.34286
8.2
5.64762
7.57143
5.57143
6.25714
10.8
6.66667
4.31429
6.26667
6.57143
5.04762
4.72381
3.25714
3.47619
5.06667
5.72381
5.40952
3.51429
3.11429
4.8381
5.48571
5.93333
3.64762
4.26667
4.86667
4.82857
5.29524
3.6381
3
8.04762
5.66667
5.59048
5.57143
4.14286
5.77143
5.60952
3.11429
3.07619
6.07619
5.24762
3.26667
3.19048
4.37143
12.1333
6.55238
5.07619
9.4381
8.26667
4.86667
3.39048
3.45714
3.30476
5.09524
5.2
6.45714
3.24762
4.41905
4.4
9.92381
6.42857
7.15238
5.2
3.0381
3.3619
7.02857
4.85714
8.21905
7.49524
6.3619
4.6
7.61905
6.05714
5.59048
5.46667
3.27619
3.20952
3.49524
3.20952
4.2381
3.15238
3.53333
7.95238
6.18095
6.51429
7.35238
4.70476
6.48571
3.05714
6.54286
7.87619
5.39048
4.78095
8.30476
4.82857
3.30476
4.44762
9.58095
10.5429
3.02857
5.28571
3.30476
7.68571
3.11429
3.28571
5.05714
3.91429
4.9619
3.24762
5.44762
5.58095
3.37143
3.60952
4.08571
5.40952
4.27619
5.6
3.42857
3.2
3.94286
5.28571
3.98095
6.69524
4.67619
3.4
9.09524
5.79048
3.31429
8.32381
8.12381
5.24762
3.74286
6.9619
5.42857
6.01905
5.47619
7.2381
3.79048
4.32381
8.5619
3.11429
5.2
5.09524
4.79048
5.77143
5.14286
3.15238
5.01905
7.12381
3.29524
7.04762
3.1619
4.25714
6.45714
5.26667
5.89524
3.66667
3.9619
6.25714
7.66667
7.60952
8.33333
7.13333
3.32381
3.00952
7.18095
3.58095
3.15238
4.71429
4.98095
8.32381
4.10476
8.58095
3.08571
3.87619
5.65714
4.87619
4.02857
5.9619
4.65714
5.86667
5.4
4.91429
3.28571
4.89524
9.94286
3.6
7.24762
6.59048
3.25714
7.51429
6.40952
5.52381
6.66667
3.73333
8.29524
3.30476
4.64762
7.2
4.82857
3.19048
5.58095
9.05714
5.81905
7.45714
4.94286
4.22857
7.55238
3.24762
4.8381
3.3619
4.2381
3.17143
9.42857
3.32381
5.34286
3.6
3.24762
3.29524
5.0381
4.8381
5
8.15238
4.74286
5.25714
4.32381
7.2381
5.4
5.1619
4.67619
8.05714
4.65714
3.39048
4.45714
8.24762
3.32381
5.52381
6.06667
3.18095
4.72381
5.38095
6.58095
3.44762
5.4381
3.35238
5.0381
8.5619
5.11429
3.20952
7.32381
3.58095
3.47619
5.4381
3.85714
6.50476
4.66667
3.28571
3.22857
5.70476
7.61905
5.06667
5.11429
4.66667
7.48571
3.68571
3.46667
3.5619
3.34286
5.21905
3.24762
6.60952
4.25714
3.40952
3.0381
3.28571
8.59048
4.0381
4.49524
3.05714
3.38095
7.71429
4.13333
3.08571
5.4
3.28571
3.39048
8.4381
3.27619
6.81905
4.6381
7.92381
7.55238
5.52381
5.53333
5.49524
10.3905
7.84762
3.2
6.08571
3.34286
7.92381
5.11429
3.84762
5.1619
9.01905
3.4
9.69524
6.09524
5.33333
3.58095
5.32381
3.12381
5.33333
8.19048
5.39048
6.39048
7.64762
3.28571
5.25714
3.22857
7.79048
7.62857
3.10476
3.05714
3.30476
4.90476
5.13333
10.2381
6.89524
10.2286
7.70476
3.75238
5.1619
7.8
3.8381
7.9619
5.45714
9.39048
5.64762
3.29524
4.53333
4.35238
5.19048
4.98095
6.50476
5.67619
5.0381
6.21905
3.39048
3.46667
7.30476
8.37143
3.22857
7.72381
3.00952
6.61905
4
5.48571
4.72381
6.13333
5.22857
6.7619
5.01905
4.75238
3.4
5.72381
6.17143
6.4381
7.14286
6.38095
7.30476
6.42857
3.2381
7.22857
4.72381
8.15238
3.8
3.18095
4.61905
5.92381
4.73333
5.19048
4.34286
4.98095
3.17143
4.49524
5.5619
5.13333
6.84762
3.32381
7.00952
5.51429
7.9619
7.59048
5.45714
3.40952
3.35238
4.94286
3.10476
5.42857
3.3619
7.33333
5.75238
3.0381
3.20952
3.41905
4.2381
3.2381
5.2
9.3619
7.87619
5.28571
8.68571
5.10476
6.12381
4.10476
4.81905
5.41905
6.27619
5.7619
5.44762
7.20952
3.24762
5.60952
4.02857
5.49524
6.47619
3.12381
3.46667
6.9619
4.80952
3.4381
3.30476
3.25714
5.6
3.27619
5.74286
3.74286
4.04762
3.05714
5.86667
3.21905
5.22857
7.22857
3.50476
3.39048
6.30476
5.25714
4.66667
6.46667
8.26667
6.19048
5.12381
5.37143
6.2381
3.06667
5.18095
4.80952
3.38095
3.14286
6.79048
5.2
4.85714
3.75238
6.6381
6.11429
6.24762
5.54286
6.22857
7.12381
8.2
4.8381
4.93333
3.4
5.92381
6.30476
6.02857
3.3619
3.12381
4.65714
5.65714
3.13333
3.55238
9.12381
7.22857
6.65714
5.18095
3.33333
6.47619
3.13333
3.85714
5.29524
8.89524
6.1619
4.49524
3.48571
6.97143
5.01905
4.97143
6.98095
4.65714
6.92381
3.46667
10.219
3.13333
5.82857
3.32381
5.33333
3.57143
6.09524
3.1619
6.9619
3.24762
6.92381
3.25714
9.38095
5.00952
3.45714
4.87619
5.25714
6.78095
3.25714
3.3619
7.70476
3.40952
5.30476
5.17143
5.08571
3.04762
3.87619
6.47619
5.01905
7.19048
3.4381
4.90476
3.25714
6.2
5.93333
5.72381
9.4381
8.33333
6.99048
3.24762
4.18095
3.26667
7.10476
3.3619
3.13333
5.90476
3.32381
3.30476
5.42857
5.9619
3.55238
3.37143
3.48571
6.50476
3.06667
3.19048
6.58095
4.6381
5.3619
4.42857
5.6
3.52381
3.8
5.20952
4.77143
4.37143
8.41905
5.77143
4.44762
4.2381
6.15238
4.08571
8.46667
6.77143
5.39048
5.19048
3.26667
3.78095
3.33333
7.41905
3.10476
16.7524
3.2381
5.13333
6.57143
5.07619
3.2381
6.44762
3.2
5.27619
3.25714
5.8381
6.84762
4.72381
3.21905
4.1619
3.10476
3.09524
4.59048
5.10476
3.12381
5.1619
3.35238
5.07619
3.07619
4.69524
6.48571
7.28571
5.90476
5.71429
4.94286
3.21905
4.4
5.00952
3.2
5.74286
4.91429
6.45714
8.6
4.98095
8.2
7.86667
3.26667
4.91429
4.74286
7.62857
3.19048
7.45714
5.21905
3.67619
6.9619
6.60952
3.19048
3.40952
5.09524
3.18095
5.37143
3.31429
3.4
5.64762
5.17143
5.60952
4.79048
6.22857
5.9619
5.33333
8.3619
3.40952
4.18095
4.6
6.97143
3.04762
6.65714
4.86667
4.4
5.33333
5.53333
6.62857
9.05714
3.98095
5.48571
4.46667
8.54286
6.85714
5.2
7.2
6.80952
5.45714
3.35238
3.25714
8.67619
8.27619
7.2
4.82857
5.62857
5.74286
5.20952
4.02857
3.3619
3.24762
6.15238
10.2857
3.53333
3.3619
3.08571
3.12381
3.05714
6.37143
3.01905
5.75238
6.46667
6.40952
6.59048
4.92381
4.41905
5.71429
5.61905
3.18095
3.05714
5.85714
3.38095
3.14286
7.35238
4.9619
6.25714
3.02857
3.39048
5.80952
3.07619
4.86667
3.11429
7.32381
3.33333
7.90476
5.25714
5.64762
7.2381
5.27619
3.41905
4.87619
3.06667
5.91429
8.18095
6.34286
4.33333
3.1619
8.91429
6.31429
3.2381
3.73333
3.25714
5.29524
5.42857
3.85714
3.09524
5.40952
7.34286
6.78095
6.79048
5.40952
3.42857
4.59048
4.87619
6.60952
4.40952
6.17143
4.98095
5.73333
7
6.25714
5.14286
7.31429
7.70476
5.06667
4.08571
9.54286
8.98095
6.14286
6.8
5.79048
5.66667
3.24762
4.72381
4.80952
4.75238
8.21905
7.68571
6.52381
5.10476
6.19048
5.44762
4.53333
4.3619
4.85714
4.31429
4.92381
9.4381
6.60952
4.62857
3.4
5.49524
6.54286
9.98095
5.38095
5.6
8.6381
4.22857
5.59048
4.71429
4.89524
7.02857
4.98095
4.34286
3.25714
3.08571
3.49524
8.55238
5.4
3.42857
5.6381
3.62857
4.5619
7.12381
8.42857
7.31429
5.30476
4.19048
4.39048
3.22857
6.19048
5.75238
6.22857
7.97143
4.49524
5.68571
4.6381
3.64762
6.20952
3.2381
3.6
3.18095
5.68571
3.55238
6.10476
3.0381
3.17143
3.4
3.05714
3.42857
3.74286
3.20952
5.10476
3.62857
6.24762
7.09524
5.95238
6.6381
7.74286
6.90476
9.10476
6.57143
8.48571
9.2
3.98095
5.39048
7.38095
3.95238
5.02857
3.22857
5.54286
7.20952
11.1143
3.08571
7.5619
3.20952
7.39048
6.70476
3.0381
7.14286
3.2381
5.50476
5
7.06667
7.04762
5.1619
4.85714
5.67619
3.32381
3.47619
5.57143
5.14286
5.20952
4.48571
3.19048
9.28571
4.93333
8.78095
7.62857
3.30476
4.9619
9.18095
6.41905
4.6381
5.13333
4.67619
8.64762
5.47619
3.30476
5.35238
7.92381
6.41905
9.22857
6.77143
5.5619
5.78095
10.5429
4.29524
4.89524
7.29524
3.21905
3.20952
4.84762
3.49524
5.35238
3.77143
5.22857
7.24762
5.41905
3.29524
4.72381
3.42857
5.93333
7.29524
5.49524
3.40952
3.07619
3.30476
6.97143
4.90476
8.86667
5.64762
3.33333
3.35238
6.07619
6.21905
6.94286
6
5.30476
3.67619
3.07619
5.25714
4.90476
3.40952
3.33333
3.52381
5.2381
3.6381
3.34286
5.57143
6.69524
7.31429
5.55238
4.82857
3.04762
4.26667
3.24762
5.37143
8.00952
7.5619
5.54286
5.46667
3.3619
3.31429
4.69524
4.9619
8.90476
8.82857
3.1619
5.5619
8.53333
8.22857
4.79048
5.98095
5.28571
3.84762
6.06667
7.32381
3.21905
6.34286
3.25714
3.42857
5.81905
5.66667
3.75238
3.35238
6.02857
6.6
3.22857
5.26667
3.34286
5.55238
3.37143
5.78095
9.5619
9.93333
3.6
6.42857
4.3619
5.3619
5.27619
5.48571
7.35238
6.92381
2.10476
5.6
4
3.64762
2.02857
2.42857
2.27619
3.75238
2.13333
2.07619
3.99048
3.31429
2.27619
4.6
2.60952
3.97143
2.18095
3.4381
5.15238
2.15238
3.72381
2.98095
2.65714
2.69524
2.18095
3.93333
5.25714
2.06667
7.22857
2.7619
2.1619
2.10476
2.10476
3.70476
2.00952
2.01905
3.73333
2.22857
2.19048
2.4381
3.53333
2.1619
2.19048
3.86667
2.30476
2
3.91429
5.48571
3.98095
3.61905
2
2.13333
6.61905
2.39048
4.70476
2.13333
4.49524
2.68571
2.10476
2.25714
3.97143
2.38095
2.1619
6.05714
2.82857
7.7619
20.7048
3.8
6.57143
3.3619
3.66667
2.06667
5.68571
6.39048
2.29524
2
2.07619
2.11429
2.19048
3.98095
2.4
2.38095
3.93333
2.30476
2.06667
2.48571
3.5619
2.25714
5.98095
7.1619
5.81905
6.5619
4.90476
2.32381
4.17143
2.38095
2.94286
4.00952
4.24762
9.98095
2.44762
3.06667
2.00952
4.3619
3.08571
2.27619
2.48571
4.74286
2.0381
2.08571
3.92381
4.11429
2.18095
2.78095
2.01905
2.00952
2.24762
2.81905
5.58095
3.86667
2.11429
2.00952
4.13333
4.25714
4.6
2.61905
2.62857
4.68571
3.67619
1
3.11429
1.26667
4.09524
4.74286
1.13333
2.8
1.6381
1
1.09524
1
3.33333
2.89524
1.15238
2.91429
1.01905
1.32381
1
1.05714
3.21905
3.17143
1.13333
1.02857
1.88571
3.26667
1.55238
3.95238
1.34286
1
1.13333
1
1.05714
1.11429
1.38095
5.98095
1.00952
1
1.53333
1.00952
2.72381
1.2381
3.6381
4.1619
3.4
1.01905
1.00952
4.41905
1
1.05714
1.00952
1.08571
4.6381
3.8
1.1619
1.15238
3.34286
1.02857
1
1.11429
3.19048
2.1619
1.80952
2.33333
1.00952
1.00952
1
1.07619
2.98095
4.57143
1.04762
2.2
2.71429
1
1.18095
1.32381
1
1.57143
1.01905
1.02857
1
1.00952
2.70476
1
1.13333
1
1
1.27619
1.00952
1.06667
5.01905
1.00952
1
4.20952
4.61905
2.87619
4.13333
1.08571
3.71429
1
1.05714
3.12381
4.31429
1.13333
1.24762
4.37143
1.13333
1
4.66667
1.00952
1.01905
1.08571
1
3.02857
4.01905
1
4.06667
1.24762
1.00952
3.74286
1.00952
3.51429
1.01905
1
1.33333
3.39048
1.05714
2.6381
4.60952
1.11429
1.04762
1
1
3.13333
1.13333
1.13333
1.50476
1
1.05714
3.6381
1.0381
3.78095
1.10476
2.78095
1.17143
2
1.27619
4.14286
2.94286
1.7619
1
3.41905
4.57143
4.05714
1.95238
1.0381
1.06667
1
1.00952
1.33333
1.40952
1
1.31429
2.60952
3.58095
1.37143
1.4381
1.01905
3.42857
5.6
1.05714
1.01905
1.12381
3.52381
3.9619
2.73333
1
3.88571
1.07619
1.20952
1.02857
1.01905
1.00952
1
1
1.1619
3.4
3.14286
3.6
1.06667
1.19048
1.26667
1
3.52381
4.2381
3.4
1
3.7619
1.02857
4.58095
4.26667
1
1.42857
1.09524
2.55238
1.02857
1.00952
3.81905
4.01905
1.21905
1.01905
1.21905
1
1.32381
1.66667
4.61905
1.11429
2.42857
3.79048
1
1.00952
1.00952
1.10476
3.4381
1.00952
1.26667
1.04762
1.01905
1.2
1
1.27619
1.2
2.71429
1.19048
1.06667
1.17143
1.24762
2.33333
1.0381
1.11429
1.69524
1.67619
1.04762
3.70476
1.30476
1.24762
1.19048
1.08571
1.06667
1.12381
1.08571
4.80952
1.07619
1
1.01905
1.07619
1.04762
1.11429
1
1.00952
1.00952
1.28571
1.0381
1.01905
1.09524
1.01905
3.59048
1
1.55238
1.14286
3.2
4.67619
1.05714
1.20952
1
3.88571
1.02857
3.98095
4.02857
1.00952
3.77143
1
1.2381
1.11429
1
2.09524
3.44762
1.34286
1
1
3.25714
1
2.5619
1
3.68571
5.14286
3.24762
3.18095
5.3619
3.24762
4.53333
1.01905
1.02857
1.58095
3.33333
1.00952
1.35238
1.06667
1.15238
1.01905
1.02857
2.8381
2.58095
1.02857
1.38095
4.85714
3.84762
1.28571
1.00952
4.02857
1
1
1
3.40952
1.08571
1.00952
3.41905
4.47619
1
4.2381
3.92381
1
4.10476
4.0381
1.07619
4.64762
3.17143
3.94286
1.93333
1.19048
1
1.2
3.59048
1.01905
1.00952
3.49524
1.2381
1.13333
1.35238
1.30476
1.28571
1.11429
1.40952
4.07619
3.40952
1.2
3.38095
3.38095
1.12381
1
1.07619
1.13333
1.01905
1.19048
1.20952
1.25714
2.87619
3.90476
3.72381
4.1619
1.02857
1.05714
1.17143
4.70476
1.4
1.02857
1.24762
3.07619
1
1.97143
3.04762
3.0381
4.75238
1.00952
3.4
1.11429
3.4
2.09524
1.11429
1.93333
2.05714
3.59048
3.66667
1.19048
1.00952
4.17143
1.00952
1.07619
1.14286
3.38095
4.08571
1.00952
1.01905
1.10476
1.12381
1.32381
3.52381
4.12381
4.18095
1.0381
1.18095
1
1
3.78095
2.74286
2.65714
4.11429
1
1.4381
3.9619
1.10476
1.01905
1.34286
1.00952
1.29524
4.79048
3.3619
3.6
1.19048
4.50476
1.15238
3.7619
3.19048
1.09524
3.6
5.1619
3.10476
1.10476
1.01905
1
1.01905
1
1.08571
1
4.06667
1.05714
1
3.21905
1.34286
1.25714
1.18095
1.30476
1.00952
4.32381
1
1.1619
1.15238
1
1.15238
4.42857
1
1.12381
3.81905
4.70476
1.01905
1.01905
1.05714
1.18095
1.01905
3.95238
2.46667
4.94286
1.30476
1.13333
4.31429
2.14286
1
3.82857
3.10476
1.05714
2.8381
1.20952
1.38095
1.04762
1.49524
1.04762
1
3.2
1.08571
1
4.18095
1.11429
1.08571
3.19048
1.22857
2.98095
1.2381
1.05714
1.00952
1
1.29524
3.59048
1.6381
2.93333
4.87619
3.32381
1.2
1.10476
4.99048
1.18095
1.08571
4.25714
3.52381
1.15238
1.0381
4.17143
2.90476
1
2.92381
3.77143
1.19048
3.68571
1.09524
1.26667
1.09524
1.02857
1.05714
1.24762
1
1.05714
1.75238
1
1.10476
1.04762
3.4381
3.19048
1.01905
1.06667
1.15238
1.11429
1
1.28571
4.2
1.21905
1.07619
1
1.06667
4.01905
3.94286
5.42857
3.46667
1.07619
1.15238
4.6
1.10476
2.72381
1.20952
4.05714
3.24762
5.94286
1.09524
2.80952
1.11429
1.02857
1.34286
1
1.42857
3.64762
1.02857
1.2381
1.08571
5.45714
1.20952
1
1.13333
1.01905
4.75238
1.00952
1.49524
1
1
1.0381
4.07619
1.04762
1.21905
1
1.13333
1.2381
1.17143
3.91429
1.05714
4.6
1.0381
1.69524
1.00952
3.15238
1.08571
2.62857
3.3619
4.12381
1.31429
1.2
1.4
4.01905
1.24762
1.15238
1.12381
1.10476
1.38095
1.0381
4.71429
1.06667
1.01905
1.20952
1
3.50476
1
5.81905
1.07619
1.01905
1.07619
1
1.24762
3.74286
1.66667
1.12381
1.00952
1.06667
1.01905
4.24762
1
2.86667
4.07619
1.10476
4.28571
1.07619
1.22857
1.74286
3.33333
1.25714
1.04762
1.0381
1.05714
1
5.20952
1
4.42857
1.05714
2.81905
1.14286
1.01905
1
1.17143
1
2.27619
3.65714
1.10476
1.00952
1
1
3.38095
4.09524
1.05714
2.40952
3.2381
1.10476
1.17143
1.12381
1.04762
1.06667
1.00952
4.19048
1.11429
3.99048
2.92381
3.49524
1.00952
1.21905
4.0381
1.17143
4.42857
1.13333
1.1619
5.2381
1
1.94286
1
3.5619
4.42857
1.04762
1.07619
3.49524
3.38095
1.14286
1.1619
1.01905
1.07619
4.30476
1
3.30476
2.66667
1.10476
1.01905
1
4.47619
1.1619
1.1619
5.1619
1.02857
1
4.18095
1.1619
4.81905
1.57143
1.29524
1
1.33333
3.71429
1.12381
3.8381
2.42857
3.31429
4.65714
1.9619
1.06667
1
1.21905
1.55238
1.81905
1.11429
1
3.35238
1.14286
2.84762
3.34286
1.15238
1.37143
1.17143
1.02857
1.09524
2.71429
1.26667
2.60952
2.87619
1
1.13333
4.07619
3.12381
3.35238
1.13333
1.17143
1.19048
1
1
1.0381
3.22857
1
4.64762
1.01905
1.67619
1.1619
1.01905
2.62857
3.48571
1.09524
1.2381
1.28571
1.30476
3.08571
1.18095
1.52381
1.07619
1
1.00952
1.0381
1.05714
1
3.7619
1.15238
3.90476
1.15238
3.9619
1.15238
1.30476
1.00952
3.50476
1.15238
1.11429
1.46667
1.0381
3
1.19048
1.11429
1.24762
2.91429
3.19048
2.1619
1.33333
3.5619
2.89524
1.1619
1.18095
1.31429
4.60952
1
1
1
1.26667
4.26667
1.12381
3.04762
1.0381
1.28571
1.02857
1
4.29524
2.68571
1.05714
1.25714
1.15238
1.06667
1.52381
1.11429
1.09524
4.06667
1
1.10476
1.28571
1
3.9619
1.18095
1.3619
1.28571
4.12381
1.15238
1.79048
4.35238
1.24762
1
1.33333
1.37143
1
2.8381
2.8381
1.07619
1.09524
1.12381
4.7619
1.64762
3.54286
1.49524
1.01905
2.90476
1.26667
1.02857
1.05714
1.29524
1.24762
1
1.32381
1.29524
2.40952
2.7619
3.58095
2.61905
3.88571
1
1.02857
1.33333
1.02857
1.92381
3.98095
1.11429
1
3
1.10476
1
2.38095
1.19048
1.26667
4.31429
1.01905
1.00952
1.01905
1
1.18095
1
4.68571
3.81905
1.04762
1.24762
1
1.1619
2.06667
1.00952
4.86667
5.66667
5.00952
1.00952
1.14286
1.98095
1
3.02857
1
1.10476
1.00952
3.8381
3.79048
1.1619
1.00952
1.74286
1.49524
1
4.51429
1
1
1
1.27619
3.90476
2.2
5.37143
3.67619
1.32381
1.30476
3.55238
1.04762
5.02857
1.04762
3.01905
1.07619
1.35238
2.8381
1.08571
1.08571
1.27619
1.12381
1.1619
1.10476
4.06667
5.29524
3.15238
1.31429
3.88571
1
1
1.06667
1.2
3.30476
1
5.82857
1.53333
3.54286
3.26667
3.27619
1.10476
1.09524
3.82857
1
4.66667
1.17143
1.04762
1.00952
1.01905
4.45714
1.00952
1.1619
5.10476
1.55238
1.0381
4.68571
1.02857
1.0381
1.17143
1.01905
3.24762
4.99048
3.55238
1.1619
1.01905
1.12381
1
3.26667
1.32381
3.95238
1
1.72381
3.81905
1.68571
1.00952
1
1.19048
2.75238
3.3619
4.32381
1.12381
1.09524
3.4381
1.20952
2.58095
1
1
1
1
1.19048
3.50476
1.13333
4.08571
1.14286
3.61905
1.66667
1.24762
3.00952
1.08571
1.02857
1
1.10476
2.61905
4.21905
3.2381
5.4381
1.13333
1.10476
1.78095
1.46667
3.42857
1
4.62857
1.24762
1
1.00952
4.11429
1
1.01905
6.26667
4.8381
3.42857
1
2.52381
1
3
1.13333
1.0381
1.06667
1
2.46667
1.15238
4.28571
1.17143
2.57143
1
1
3.44762
1.01905
1
3.8
3.65714
3.02857
1.24762
1.1619
1.15238
1
1.13333
1
1.2
3.13333
2.8
1
1.22857
1.13333
1.00952
1
1.05714
2.52381
1
2.50476
3.20952
1.08571
4.81905
1.12381
1.06667
1.21905
1.22857
1.32381
1.01905
1.12381
1.00952
1
1.09524
1.34286
1.01905
1.22857
1.0381
1.00952
4.05714
4.12381
2.01905
1.04762
1.00952
1.12381
1.20952
1.00952
1.20952
1.09524
1.14286
1.21905
1.13333
1.10476
1.05714
1.04762
3.53333
4.37143
1.17143
2.9619
1
3.40952
3.08571
1
1
1
1.40952
1
1.04762
1.09524
1.11429
1.01905
1.08571
1.22857
1
1
1.10476
1.00952
3.01905
2.8
1.08571
1.02857
1.25714
1.07619
3.85714
4.14286
1.01905
1.66667
1
2.97143
3.4
1.15238
4.57143
1.02857
3.2381
2.85714
3.78095
1.04762
4.39048
1.01905
1.09524
2.3619
1.0381
4.77143
1.29524
4.94286
1.73333
1.04762
4.65714
4.3619
1
3.41905
1
1.02857
1.17143
3.87619
4.06667
1.6
3.6381
1.6381
3.19048
4.02857
4.08571
1.3619
3.40952
1.28571
1.28571
1.11429
1.37143
4.28571
1.2381
3.60952
3.50476
2.87619
3.06667
1
3.28571
4.38095
1.09524
1
3.82857
1.2
1.15238
1.2381
1.08571
1.45714
4.51429
1
1.11429
3.67619
1.34286
4.13333
3.78095
1.07619
1.13333
3.6381
1.22857
1.18095
1.15238
3.46667
1.0381
1.64762
4.37143
3.74286
1.00952
1.2381
1.25714
1.09524
3.5619
1.05714
4.13333
1
1.01905
4.21905
1.01905
1.17143
1
1.46667
4.04762
3.88571
3.26667
1
4.70476
1.1619
1.14286
1
4.4381
1.22857
1.8
1
5.9619
3.87619
3.45714
1
1.11429
1.73333
1.07619
1.00952
1
1
2.99048
1.19048
1.90476
1.14286
1.0381
4.10476
1.06667
1
3.6
1.34286
1.0381
1.34286
1.19048
1.02857
4.53333
1
1.27619
1.13333
1.01905
2.60952
1.00952
1
1.55238
1.20952
1.01905
1.24762
1.2
1
5
3.75238
3.6
1.04762
1.24762
3.22857
1.9619
1.04762
1.11429
1.86667
1.05714
3.89524
2.81905
1.13333
1.62857
1.48571
3.21905
4.05714
1.48571
4.3619
3.21905
1.89524
4.86667
1
1.54286
8.78095
2.11429
4.04762
1.00952
3.6
1.04762
1.01905
1
4.28571
1
1
1.46667
1.79048
1.01905
1.15238
1.18095
1
4.15238
2.59048
1.97143
3.77143
1.08571
3.88571
1.66667
1.10476
1.15238
2.41905
3.04762
4.37143
2.21905
4.70476
1
1.06667
3.59048
3.27619
3.28571
1.10476
3.39048
1
1.30476
1
1
1.00952
1.04762
1.11429
1.2
1.15238
1.37143
1.33333
1.30476
1.17143
1.14286
1.32381
1.00952
1.05714
1.04762
1.00952
1.1619
4.69524
1.2381
1.39048
1
3.0381
1.2
1.08571
1.32381
3.61905
4.49524
1.21905
1.00952
3.75238
1.88571
2.50476
1.01905
1.02857
2.73333
1.0381
1.47619
1.07619
1
5.1619
4.4381
3.80952
1.02857
2.50476
1
4.0381
1.05714
4.15238
3.22857
3.11429
3.68571
3.50476
1.69524
1.22857
2.95238
4.4381
3.9619
1.0381
2.45714
1.41905
1.42857
1.01905
1.05714
2.68571
1.12381
2.82857
3.27619
1.01905
1.61905
1.46667
1.61905
1.05714
4.06667
1
1.13333
1
3.1619
2.72381
1.27619
1.04762
3.07619
1.53333
1.04762
3.91429
3.62857
1.04762
1
1.12381
1.01905
3.50476
3.68571
3.46667
4.08571
1.11429
1.17143
3.31429
1.38095
1
3.5619
1
5.31429
3.1619
1.04762
1
1.12381
3.13333
3.62857
1.39048
1.44762
1.3619
3.11429
1.0381
4.27619
1.27619
1.09524
1.00952
1.13333
1.07619
1
1
1.13333
1.1619
1.01905
1
1.28571
2.40952
1
3.6381
1.34286
1
1.32381
1.0381
1
1.01905
7.9619
1
1.04762
3.22857
1
3.93333
1
3.52381
1.69524
1
1.0381
1.09524
1.10476
1.98095
1
1.49524
3.32381
1.08571
1.06667
1.0381
1.04762
1
1.14286
1.00952
3.30476
4.3619
3.5619
1.12381
1.18095
1.02857
1.98095
4.25714
3.22857
1.20952
3.26667
4.17143
1.21905
1.01905
1.22857
4.14286
1.2
1.54286
1.30476
1.09524
1.24762
1
4.92381
1
1.53333
2.05714
1.21905
1.00952
2.78095
1
1.25714
1
2.81905
1.01905
1.18095
3.67619
1.09524
1.14286
1.00952
5.19048
3.7619
1
1
2.02857
1.09524
1.11429
4.05714
1
1.06667
4.71429
1.01905
5.18095
4.27619
2.85714
1.21905
1.49524
1.19048
1.2381
1.00952
3.45714
1.02857
1.20952
1.02857
3.24762
1
1.0381
1.02857
3.98095
1.04762
1.2
1.01905
1
1.01905
1.32381
3.93333
3.41905
1.00952
1.2381
4.72381
3.59048
1.27619
3.5619
1.1619
1.00952
4.31429
4.2381
1.02857
1.30476
3.55238
1.47619
1.52381
3.81905
2.51429
1.05714
3.82857
1.08571
3.85714
1.24762
4.0381
1.01905
1.2381
3.41905
1.06667
4.53333
3.55238
1.42857
1.01905
1
1.07619
1.00952
1
1.08571
1.21905
3.17143
3.2381
4.19048
3.77143
1.06667
1.00952
2.07619
4.10476
4.2381
1.02857
1.0381
1.1619
1
2.89524
1.0381
1.30476
1.13333
1.05714
1.88571
1
2.86667
1.2381
4.30476
3.7619
1.2381
1.14286
3.4
4.57143
1.42857
5.88571
1.11429
1.27619
2.52381
3.12381
2.14286
4.28571
1.00952
1
1.04762
1.07619
2.92381
3.50476
4.05714
1.00952
2.88571
4.00952
1
1.17143
5.29524
3.66667
1.0381
2.05714
1.25714
1.55238
2.97143
2.73333
1.01905
1.19048
1
4
1.80952
1.07619
3.82857
1.01905
3.26667
1
3.7619
1.18095
1.15238
1.00952
2.8381
4.04762
1.09524
1.11429
1.0381
1
4.54286
1.12381
1.00952
1.17143
3.32381
3.73333
3.51429
1.04762
1
1.08571
3.40952
3.91429
1
1.29524
5.17143
5.60952
2.61905
1
3.84762
1.01905
1
4.31429
1.20952
1
2.47619
1.20952
1
1.18095
1.10476
2.4381
4.40952
1.20952
1.08571
1
1.2
2.2
3.93333
5.13333
3.07619
1.47619
1.07619
1.01905
3.9619
5.87619
3.44762
2.48571
1.09524
2.92381
1.04762
3.45714
3.33333
3.98095
1.09524
3.41905
1.00952
1
1.27619
3.09524
1
1
1.09524
1.13333
1.22857
4.34286
1.08571
1.02857
3.37143
4.51429
3.42857
4.87619
1.01905
1.38095
1.10476
1.17143
1.65714
4.10476
1.30476
1.02857
3.31429
1.11429
1.28571
6.22857
2.53333
1.06667
1.12381
4.19048
3.64762
1.8
3.28571
1.12381
1.00952
1
1.02857
1.14286
1.06667
1.05714
1.00952
1.0381
1
1.26667
2.31429
3.42857
1
1.14286
1.25714
3.70476
1.05714
1.05714
2.51429
2.91429
1.14286
1.22857
1.05714
5.1619
1.27619
1.31429
3.30476
1.26667
1.07619
1
1.21905
1
1.34286
4.24762
1.02857
1.04762
1.07619
5.37143
4.04762
1.06667
1
1.04762
3.94286
3.38095
1.18095
3.6381
2.02857
1.35238
1.00952
1
3.72381
3.49524
1.27619
3.51429
1.19048
1
1.20952
1.13333
3.86667
2.70476
1.17143
1.2381
3.34286
1.20952
4.79048
3.81905
1
2.8
1.32381
1.01905
1.39048
1.32381
1.02857
1.14286
1.09524
4.55238
1
1.29524
1.15238
1.05714
1
4.80952
1.01905
1
4.0381
4.27619
1.01905
3.04762
1
3.46667
1.37143
2.42857
3.14286
1
1.85714
1
3.6381
1.05714
1.13333
1.17143
3.31429
1.04762
3.55238
1.14286
3.4
3.29524
1.18095
3.8
1.08571
1.30476
3.31429
1.21905
3.07619
4.47619
1.04762
1.02857
4
1.24762
1.24762
3.7619
1.14286
1.29524
3.82857
3.46667
1.14286
1.2381
5.1619
3.91429
3.58095
3.3619
1.52381
3.20952
1
3.6381
1.08571
1.05714
5.81905
4.58095
1
1.22857
3.22857
1.25714
1
1.11429
2.91429
1.12381
4.10476
1
3.67619
1.15238
3.8381
1
1.2381
1.14286
3.44762
1
1.00952
1.17143
1.2
2.6
1.14286
5.09524
4.37143
1
3.05714
1.11429
1.17143
1
1.20952
1
3.97143
3.65714
3.18095
1.07619
1.17143
1.06667
1
1.19048
1.0381
4.11429
1.28571
3.62857
1.04762
1.11429
3.17143
2.87619
1.00952
1
2.47619
1.21905
1.01905
4.67619
1.31429
1.35238
1
1
1.05714
1.0381
4.54286
1.05714
2.19048
3.37143
1.01905
1
1.08571
2.90476
2.4381
5.07619
3.01905
3.21905
1
2.6381
1.73333
3.98095
4.15238
3.13333
1.14286
3.8
2.14286
3.54286
1
3.66667
1.67619
1.24762
1.01905
1.17143
1.09524
1
3.41905
1.24762
1.25714
1.13333
1.95238
1.11429
1.19048
1
1.20952
1.2381
1
1
1
1.1619
1.2381
3.59048
1
1.21905
