10876 34740
11.8952
8.59048
4.48571
8.8381
5.31429
6.48571
8.47619
5.04762
10.0667
9.25714
11.2
5.46667
9.18095
5.90476
11.2381
6.05714
4.65714
8.98095
5.75238
11.7714
11.4
7.02857
4.80952
8.11429
4.18095
10.381
9.21905
4.08571
4.82857
4.3619
4.61905
5.98095
6.48571
7.42857
5.01905
5.33333
6.97143
7.67619
9.5619
8.24762
4.10476
10.3524
13.3429
8.82857
5.65714
6.10476
10.0952
9.64762
4.66667
9.11429
5.85714
7.40952
8.72381
5.19048
6.58095
11.781
4.3619
7.64762
7.31429
6.52381
11.6381
9.27619
11.6381
7.52381
5.49524
8.73333
6.3619
4.45714
12.7524
4.22857
11.5619
6.22857
7.8381
6.97143
8.08571
8.26667
6.34286
6.77143
6.17143
6.74286
7.8381
5.44762
5.27619
8.53333
6.35238
7.04762
11.181
9.13333
6.87619
6.35238
5.70476
7.2
4.28571
7.81905
5.79048
5.28571
8.22857
11.5619
5.73333
8.40952
10.8667
8.6381
7.48571
4.26667
6.13333
10.3429
9.02857
4.54286
4.40952
11.3238
6.34286
7.32381
8.60952
5.57143
6.44762
7.59048
5.27619
7.82857
9.37143
7.33333
12.4857
6.54286
5.00952
5.74286
4.41905
12.8476
9.86667
10.9714
12.781
10.6857
6.94286
8.28571
6.8
5.30476
10.4667
10.0571
8.95238
7.75238
8.34286
5.60952
10.4476
12.819
9.15238
9.34286
5.15238
12.1905
7.84762
8.47619
7.45714
8.28571
5.77143
12.2476
10
7.6381
7.25714
10.4095
9.44762
7.09524
5.5619
6.06667
6.57143
10.4476
6.97143
7.29524
9.7619
7.50476
7.72381
6.64762
7.62857
5.88571
6.61905
7.40952
6.21905
6.71429
4.07619
4.19048
8.05714
8.8381
9.51429
9.60952
8.71429
9.98095
6.06667
11.6476
7.51429
7.7619
7.04762
5.78095
8.33333
14.8952
8.79048
10
7.8381
7.27619
9.08571
7.0381
5.15238
6.47619
5.86667
10.7714
7.41905
6.30476
7.27619
8.19048
4.21905
4.5619
7.58095
5.78095
8.62857
9.84762
6.35238
8.28571
4.45714
10.5905
8.18095
8.20952
7.54286
4.2
7.8
4.75238
6.49524
5.73333
7.46667
13.4476
7.66667
5.88571
6.7619
4.39048
5.66667
6.10476
8.29524
6.88571
6.41905
6.62857
6.54286
5.60952
9.41905
5.58095
4.75238
6.99048
4.6
5.47619
4.12381
6.98095
9.58095
10.581
8.9619
10
9.50476
7.77143
7.62857
6.8
7.92381
4.60952
6.8381
6.91429
8.39048
7.8381
7.87619
7.38095
8.46667
8.11429
10.381
4.31429
6.62857
4.39048
9.37143
11.2286
10.0762
7.50476
10.3143
11.6476
14.3429
7.6
4.94286
7.84762
9.28571
4.42857
9.10476
9.78095
9.17143
7.95238
4.49524
6.17143
10.2381
9.60952
5.60952
9.08571
8.44762
11.3048
8.72381
8.69524
8.35238
9.2381
8.28571
9.2
7.22857
10.7333
7.73333
5.91429
4.58095
8.73333
6.7619
9.6
7.71429
7.08571
8.33333
5.66667
4.2
9.14286
10.781
10.7429
8.9619
9.69524
8.34286
5.57143
4.13333
8.86667
13.981
8.42857
4.88571
4.89524
7.99048
7.92381
7.86667
6.18095
7.15238
8.45714
9.8
8.4
5.01905
14.8571
4.51429
4.9619
6
5.81905
4.45714
4.5619
8.91429
7.92381
7.92381
4.88571
4.73333
7.4
4.69524
7.40952
12.1714
4.74286
6.52381
6.58095
8.65714
8.67619
8.04762
4.0381
7.25714
6.82857
7.25714
6.28571
7.06667
4.53333
4.09524
9.26667
4.47619
6.8
6.53333
8.25714
7.15238
9.05714
5.9619
8.61905
8.09524
6.70476
5.58095
6.79048
4.92381
4.37143
5.39048
5.6381
8.29524
9.25714
6.34286
5.59048
8.97143
10.7333
6.06667
13.3048
10.1714
11.819
9.72381
8.87619
6.93333
8.49524
10.5524
8.94286
9.87619
9.79048
9.97143
9.04762
7.64762
7.37143
4.12381
9.07619
6.39048
10.1048
4.32381
5.93333
10.6667
12
9.6
8.48571
4.41905
6.08571
8.26667
7.1619
7.48571
7.35238
5.53333
7.61905
8.11429
5.05714
12.8857
6.25714
5.9619
4.11429
7.48571
7.32381
7.10476
4.52381
4.39048
6.15238
6.3619
6.32381
7.40952
4.53333
8.92381
7.49524
9.80952
6.24762
8.0381
6.82857
7.8381
5.7619
7.95238
7.20952
8.2381
8.29524
8.8
6.3619
5.69524
7.91429
8.5619
7.33333
10.2476
5.64762
8.57143
9.17143
9.08571
7.05714
10.6381
6.5619
7.6381
7.84762
10.0667
8.24762
6.05714
5.2
7.09524
4.4381
4.1619
6.90476
9.10476
6
4.72381
8.1619
7.02857
7.89524
9.8381
9.5619
7.42857
8.71429
6.32381
7.48571
7.94286
4.60952
9.57143
5.77143
10.4476
7.55238
8.58095
9.70476
12.419
6.58095
8.48571
9.33333
8.11429
8.3619
5.87619
7.89524
7.00952
5.45714
7.53333
12.1143
8.37143
4.28571
7.61905
7.85714
9.78095
9.04762
11.0381
12
7.95238
4.50476
6.14286
6.58095
8.60952
5.58095
10.0952
7.91429
4.18095
6.79048
4.2
8.87619
8.8
6.90476
5.89524
9.94286
7.9619
6.57143
9.66667
7.45714
9.60952
4.41905
4.47619
4.07619
7.8381
4.40952
7.35238
11.7429
9.3619
4.00952
7.13333
6.40952
10.2571
10.181
9.06667
8.28571
8.29524
8.27619
6.01905
6.81905
7.88571
7.50476
5.86667
5.30476
7.28571
5.21905
10.4952
6.75238
4.2381
6.21905
6.91429
8.66667
7.73333
4.52381
5.27619
12.2667
9.4381
9.21905
9.62857
7.45714
14.8762
8.9619
8.97143
8.47619
7.97143
8.68571
7.66667
11.4571
4.45714
12.5333
6.64762
6.40952
6.88571
8.28571
4.51429
4.88571
6.15238
13.019
7.05714
6.93333
9.80952
4.73333
11.5524
7.39048
5.67619
9.51429
5.8381
7.02857
6.41905
8.66667
9.28571
6.32381
8.86667
7.14286
6.87619
5.0381
7.55238
10.9429
8.11429
8.06667
11.6762
11.9429
4.2
4.6381
5.97143
4.2381
8.93333
4.70476
10.6857
9.4
5.6
4.30476
7.2
6.58095
9.59048
13.6381
5.45714
7.64762
8.91429
6.61905
5.27619
6.8
5.59048
4.73333
5.00952
6.41905
6.22857
9.30476
8.37143
12.219
5.7619
6.25714
12.2
6.62857
4.39048
5.0381
4.9619
4.07619
7.98095
6.42857
6.33333
7.35238
10.219
5.9619
12.7619
5.93333
7.69524
9.47619
8.99048
7.26667
5.6
5.73333
6.52381
9.49524
10.1429
6.34286
6.37143
12.0667
9.65714
8.35238
7.3619
8.13333
4.61905
4.74286
7.08571
8.44762
8.50476
8.41905
6.84762
8.19048
7.90476
7.97143
8.58095
8.20952
9.37143
6.01905
9.02857
10.3143
9.90476
5.40952
7.51429
7.00952
10.7143
7.90476
7.08571
7.62857
9.04762
4.84762
8.40952
6.46667
5.74286
10.0286
11.4667
6.71429
6.2381
7.52381
10.5619
4.68571
7.25714
5.73333
6.25714
9.42857
7.18095
7.85714
7.2381
4.60952
6.9619
10.419
7.66667
4.48571
10
5.73333
10.2381
9.14286
8.72381
7.21905
8.12381
8.71429
11.2952
5.72381
8.07619
11.3905
8.15238
10.7048
4.66667
4.51429
4.51429
6.6
6.27619
11.4286
4.4
4.34286
8.1619
6.12381
4.47619
8.35238
5.38095
11.2476
6.65714
7.82857
8.6381
11.4952
6.12381
6.67619
4.21905
4.26667
6.82857
9.51429
4.50476
11.381
7.18095
7.31429
6.89524
7.24762
5.61905
10.2095
5.18095
10.0571
6.81905
9.66667
10.0286
4.39048
7.27619
12.9333
5.71429
9.52381
8.8
8.77143
9.61905
6.27619
11.019
9.55238
8.51429
9.15238
9.81905
6.57143
7.92381
4.42857
9.28571
6.48571
5.90476
10.9524
7.95238
11.7143
7.88571
6.64762
12.3619
8.4
9.45714
8.48571
4.7619
8.6
10.419
9.67619
6.95238
7.38095
7.54286
4.37143
4.87619
12.6095
10.2667
6.42857
4.51429
7.24762
4.50476
8.98095
9.00952
5.85714
10.1048
7.54286
10.4952
8.6
8.47619
17.5524
4.35238
7.8
7.72381
7.65714
6.09524
7.88571
10.1143
9.29524
7.2
6.51429
6.37143
10.8286
7.18095
5.98095
7.10476
6.49524
9.58095
8.27619
5.72381
5.42857
5.1619
6.61905
7.27619
7.15238
8
8.89524
6.27619
9.01905
5.19048
6.35238
8.15238
8.5619
4.26667
8.31429
4.7619
4.49524
4.60952
7.47619
6.74286
4.29524
4.21905
9.20952
9.20952
6.47619
6.62857
8.82857
7.95238
6.84762
10.5143
6.2
7.09524
4.64762
6.82857
6.98095
9.81905
4.27619
8.6
5.19048
7.49524
5.85714
10.3143
6.99048
5.35238
6.2
6.33333
4.45714
7.18095
4.27619
7.97143
10.4571
8.35238
8.78095
7.79048
4.51429
7
5.72381
6.46667
9.02857
7.88571
4.77143
5.90476
6.42857
5.7619
6.2381
10.0571
6.92381
7.18095
8.9619
5.82857
8.2381
5.91429
10.3048
7.66667
9.6381
8.07619
9.72381
5.88571
7.00952
9.70476
7.80952
7.60952
6.26667
5.74286
6.55238
4.4381
4.6
10.9905
7.73333
6.62857
9.4
12.3143
7.58095
4.59048
7.02857
8.27619
8.3619
6.81905
7.57143
10.219
10.3905
4.07619
11.9714
10.3143
9.37143
10.3238
6.39048
4.37143
10.781
8.13333
7.84762
7.44762
7.69524
4.57143
6.88571
9.67619
11.0286
7.6
8.7619
5.26667
10.2476
9.42857
5.59048
9.14286
9.31429
7.6
5.26667
10.3714
8.13333
9.15238
5.41905
5.77143
7.68571
8.89524
8.95238
9.67619
9.24762
11.1905
4.52381
4.17143
4.37143
5.81905
7.24762
9.79048
9.33333
11.1238
6.32381
9.08571
5.27619
6.31429
9.8381
5.92381
8.81905
7.48571
9.92381
9.58095
5.67619
4.27619
9.26667
4.32381
7.58095
9.69524
7.30476
4.44762
6.75238
4.51429
6.1619
5.85714
5.57143
8.93333
6.18095
9.07619
8.8381
11.0667
9.05714
9.85714
9.51429
10.0095
6.11429
6.53333
9.44762
5.02857
5.8381
9.31429
9.24762
4.24762
7.64762
10.6667
7.00952
12.7905
7.88571
7.97143
6.82857
6.66667
14
6.86667
8.70476
14.3905
6.50476
5.71429
6.89524
6.74286
9.15238
5.57143
5.51429
4.7619
8.1619
9.46667
8.8381
6.35238
7.67619
9.57143
7.2381
9.64762
9.17143
10.8857
7.34286
6.67619
8.35238
7.07619
8.74286
9.9619
8.29524
8.35238
4.10476
9.64762
8.73333
4.60952
8.8
4.6
4.46667
6.79048
8.1619
5.41905
8.48571
12.3143
8.72381
7.65714
5.15238
5.70476
8.62857
9.07619
5.35238
5.68571
6.35238
5.75238
6.25714
9.30476
6.90476
9.80952
6.20952
6.68571
4.2381
4.4
10.8
5.93333
12.9238
4.19048
4.91429
6.48571
11.6667
9.8381
9.0381
9.92381
9.45714
6.44762
4.92381
8.37143
6.01905
5.47619
7.00952
4.4381
7.78095
5.04762
9.00952
4.91429
7.37143
9.91429
7.77143
8.93333
9.97143
6.33333
11.7429
9.29524
9.21905
7.46667
4.21905
11.4476
9.39048
8.39048
6.65714
8.26667
6.8
8.6381
4.21905
8.08571
5.44762
6.8381
8.02857
4.22857
8.07619
4.35238
5.33333
9.54286
12.1619
8.37143
8.33333
6.49524
5.94286
4.85714
4.44762
7.1619
7.89524
8.38095
9.61905
4.2381
5.6381
6.24762
9.9619
11.8
8.30476
7.3619
6.90476
5.45714
8.79048
8.00952
5.74286
7.72381
9.50476
7.7619
10.019
6.48571
6.41905
10.4
5.50476
6.65714
8.22857
6.53333
9.33333
8.3619
8.93333
6.88571
4.48571
6.2
4.40952
8.9619
5.54286
6.22857
7.68571
4.62857
8.86667
7.90476
9.47619
8.68571
7.86667
4.60952
8.51429
11.0762
7.39048
6.9619
4.39048
7.93333
11.1048
7.11429
9.74286
6.4
4.58095
5.35238
8.10476
5.47619
6.07619
5.90476
10.2
7.24762
5.86667
7.80952
9.73333
4.52381
8.18095
10.7905
5.41905
8.21905
6.20952
10.4571
7.6
5.54286
6.99048
8.24762
8.59048
7.05714
4.57143
4.2381
6.09524
7.60952
4.37143
5.34286
4.1619
8.67619
6.58095
7.2381
10.2762
8.09524
6.93333
5.41905
4.17143
8.54286
5.41905
10.7143
6.29524
9.75238
7.35238
7.39048
7.75238
4.47619
9.1619
5.26667
4.08571
6.9619
7.08571
11.6571
10.2571
7.59048
9.2381
8.01905
6.90476
7.2
6.25714
7.46667
7.92381
9.86667
6.80952
9.89524
6.26667
6.17143
6.32381
8.5619
5.26667
6.35238
6.4381
9.50476
7.32381
9.40952
6.86667
4.4
6.45714
6.37143
6.0381
6.88571
9.2
5.09524
9.88571
8.28571
7.92381
4.73333
6.54286
5.18095
7.54286
5.80952
5.62857
7.26667
5.46667
8.61905
5.10476
10.3714
7.46667
11.7905
5.46667
10.3238
6.4
7.40952
6.55238
7.92381
9.3619
7.97143
8.40952
6.4
7.51429
9.92381
7.57143
12.6381
6.29524
10.1143
11.2952
5.6381
6.74286
5.55238
6.20952
6.65714
6.31429
8.45714
6.70476
5.57143
6.12381
9.04762
5.26667
5.10476
8.80952
8.48571
7.79048
6
5.49524
5.02857
9.95238
8.4381
7.2
8.12381
7.35238
7.70476
8.59048
4.72381
9.44762
5.80952
5.6381
7.66667
7.39048
9.02857
6.88571
7.14286
4.26667
6.98095
6.98095
8.44762
8.3619
5.54286
7.9619
9.29524
4.78095
5.70476
7.7619
5.17143
7.59048
11.5429
4.20952
4.21905
6.68571
6.4
5.46667
10.9333
7.62857
5.4381
8.07619
4.11429
6.35238
9.33333
8.77143
4.64762
7.17143
4.69524
6.92381
9.0381
6.1619
7.32381
6.21905
5.55238
4.84762
11.0571
8.00952
4.26667
8.69524
5.77143
5.57143
7.86667
6.88571
6.51429
8.42857
9.2
6.22857
8.64762
4.46667
7.04762
6.20952
13.2571
7.79048
9.64762
10.2381
9.02857
4.15238
7.00952
7.71429
7.74286
8.93333
7.92381
7.10476
7.30476
6.85714
6.61905
5.77143
8.8381
5.4381
8.39048
4.34286
6.0381
5.93333
5.25714
9.30476
8.40952
11.8
5.6381
4.53333
10.4286
8.87619
6.65714
11.219
6.51429
7.81905
14.0857
11.4667
5.26667
6.81905
6.73333
10.2857
8.69524
5.67619
8.42857
4.58095
6.66667
7.57143
5.80952
8.29524
9.4381
9.34286
9.72381
5.31429
4.32381
8.08571
8.8381
9.1619
8.42857
10.7333
8.6381
4.73333
9.42857
7.61905
11.5429
8.6
9.18095
7.60952
8.32381
6.4
7.69524
8.13333
6.79048
11.1048
8.95238
7.19048
9.9619
11.4857
7.91429
4.30476
6.49524
6.07619
7.95238
8.04762
10.7333
9.01905
4.70476
6.53333
5.37143
9.06667
8.31429
10.7619
7.18095
7.14286
4.5619
4.15238
7.42857
9.28571
5.40952
8.0381
8.86667
14.0667
8
8.89524
6.6
10.2476
5.71429
6.08571
4.99048
10.5524
13.2857
6.58095
7.75238
5.50476
8.45714
7.84762
7.07619
6.98095
4.4381
5.38095
7.35238
4.54286
5.82857
7.20952
6.0381
9.06667
9.42857
8.65714
7.64762
4.50476
6.08571
6.68571
8.60952
7.37143
11.9429
5.8381
4.60952
9.09524
7.35238
7.55238
7.64762
8.55238
8.29524
6.14286
9.17143
8.31429
12.4762
4.74286
9.05714
7.07619
4.45714
10.819
8.97143
12.4095
7.5619
6.32381
8.55238
9.6381
7.71429
9.28571
4.39048
8.91429
6.66667
10.3429
7.94286
7.62857
8.81905
9.17143
10.7238
6.72381
6.70476
7.6381
9.49524
7.22857
8.10476
6.58095
4.53333
6.30476
5.80952
9.04762
11.381
7.5619
7.52381
8.49524
7.44762
8.65714
4.21905
5.91429
7.09524
6.8381
5.44762
4.3619
4.14286
4.6
4.46667
4.97143
6.60952
4.39048
6.6381
6.07619
10.3238
7.06667
10.5143
4.40952
8.11429
7.25714
7.93333
8.29524
11.8952
5.20952
5.39048
4.18095
8.8381
7.22857
7.21905
5.04762
8.21905
11.619
6.93333
7.75238
8.22857
7.1619
6.10476
11.1429
6.7619
4.67619
4.71429
8.4
8.61905
9.78095
9.58095
7.21905
9.74286
8.68571
9.89524
5.09524
4.53333
7.22857
7.92381
7.07619
5.69524
4.33333
9.45714
10.5619
6.75238
7.57143
7.6381
6.68571
6.99048
6.75238
4.5619
7.32381
7.11429
6.13333
8.0381
8.93333
9.54286
7.39048
4.46667
5.0381
4.7619
12.1905
8.19048
4.32381
4.2
7.64762
5.57143
6.62857
5.62857
8.50476
8.59048
10.5143
8.54286
7.14286
4.34286
9.31429
5.08571
6.68571
12.7619
6.11429
8.48571
7.92381
7.85714
5.39048
4.78095
4.95238
8.05714
5.72381
5.47619
6.05714
4.32381
4.7619
4.66667
12.8571
8.09524
7.61905
5.27619
6.50476
6.50476
5.50476
6.48571
6.05714
7.69524
6.02857
4.38095
6.0381
5.66667
11.0286
7.60952
8.94286
11.2952
4.66667
8.4381
10.5143
7.31429
8.49524
8.08571
4.97143
8.02857
8.37143
7.69524
4.29524
5.32381
7.09524
9.24762
4.13333
4.92381
6.73333
10.4476
4.54286
8.9619
9.8
4.73333
4.9619
10.4095
7.57143
6.84762
5.1619
8.18095
5.55238
6.42857
6.79048
5.28571
6.89524
10.3524
7.09524
7.95238
4.22857
9.11429
6.28571
7.15238
7.87619
4.98095
7.66667
6.82857
5.14286
8.27619
9.53333
5.94286
6.15238
9.24762
7.1619
6.90476
4.73333
4.72381
4.4
6.84762
6.62857
5.04762
5.68571
8.67619
6.35238
4.45714
10.4762
5.88571
5.6381
8.47619
5.13333
8.47619
5.5619
7.40952
4.37143
6.75238
6.4
7.02857
19.6571
8.68571
8.67619
10.3714
6.55238
9.07619
6.53333
9.15238
8.99048
7.38095
7.31429
10.4
9.58095
7.28571
7.59048
7
5.61905
6.09524
4.21905
7.69524
12.419
6.30476
9.97143
9.52381
5.67619
8.78095
4.33333
9.14286
4.07619
6.06667
7.7619
7.05714
4.35238
6.0381
7.04762
4.77143
8.8
7.94286
10.0952
8.04762
5.41905
7.37143
5.51429
7.11429
10.781
12.4
7.10476
8.13333
5.18095
6.10476
9.92381
5.99048
6.08571
6.70476
6.85714
4.74286
8.61905
6.20952
6.60952
7.9619
4.52381
8.26667
8.19048
8.78095
11.9143
8.94286
7.80952
7.70476
9.04762
6.46667
7.02857
10.5524
6.80952
5.90476
6.4381
8.97143
6.86667
4.82857
7.47619
8.06667
9.82857
7.15238
5.46667
11.419
8.0381
10.2667
11.781
7.98095
9.94286
7.00952
7.71429
4.27619
7.52381
8
9.99048
7.68571
5.01905
7.50476
7.47619
11.3905
5.73333
8.39048
5.32381
4.22857
5.47619
7.22857
10.2667
4.40952
7.6381
5.68571
8.46667
4.55238
7.12381
8.40952
7.57143
6.14286
5.81905
7.67619
9.46667
12.3143
8.66667
5.97143
8.46667
5.06667
4.00952
4.46667
7.21905
4.69524
4.55238
9.86667
8.8381
6.29524
7.58095
5.85714
6.65714
6.91429
4.21905
7.57143
4.67619
7.66667
11.3905
7.5619
11
8.24762
6.33333
6.69524
6.81905
4.50476
4.6381
7.11429
4.6
8.14286
9.62857
9.77143
6.94286
7.0381
4.21905
6.90476
6.59048
10.1905
7.95238
7.45714
9.49524
6.00952
7.78095
6.02857
7.9619
8.2
10.1333
5.30476
8.64762
5.40952
4.10476
9.68571
6.73333
6.98095
9.57143
6.42857
6.37143
6.68571
10.9238
9.44762
4.46667
9.88571
13.0476
7.44762
6.95238
12.7619
6.15238
7.34286
6.62857
6.9619
7.09524
9.8381
6.06667
8.73333
8.04762
8.62857
4.84762
6.17143
6.77143
8.97143
5.57143
8.45714
4.11429
9.26667
6.02857
11.5333
6.98095
7.02857
7.10476
4.57143
5.80952
6.58095
5.85714
5.62857
8.53333
5.21905
5
6.99048
6.7619
6.8381
7.2381
7.30476
6.17143
9.2381
6.82857
5.46667
8.09524
5.1619
8.2
6.65714
6.06667
6.50476
9.5619
8.39048
7.4
5.73333
4.21905
8
8.60952
5.33333
6.28571
6.66667
5.79048
7.6
10.0952
8.30476
5.06667
9.67619
13.181
5.64762
4.2
10.3429
4.17143
9.55238
12.7238
8.55238
8.97143
8.11429
6.48571
6.7619
5.93333
4.61905
9.41905
8.28571
7.61905
5.8
9.85714
6.49524
8.46667
5.29524
7.9619
9.10476
4.38095
8.06667
7.81905
6.19048
8.48571
5.10476
6.51429
6.71429
6.13333
5.1619
10.1619
5.98095
4.58095
6.59048
4.94286
11.3905
6.6381
10.0381
8.59048
5.0381
8.34286
7.72381
4.41905
11.7714
5.87619
10.0095
7.67619
11.5143
4.52381
6.34286
7.35238
6.78095
6.20952
8.35238
11.3905
8.18095
4.13333
8.79048
5.37143
11.5905
11.0857
6.30476
11.3524
7.88571
6.39048
8.25714
9.26667
6.77143
8.09524
4.99048
7.07619
5.58095
7.82857
5.42857
4.71429
8.88571
11.6762
6.91429
5.60952
6.64762
10.8381
7.24762
10.7238
9.95238
6.0381
6.73333
6.57143
8.6381
7.6
7.84762
4.91429
4.28571
4.31429
10.5619
4.58095
7.86667
7.35238
5.24762
6.87619
8.18095
7.69524
9.35238
6.34286
4.26667
9.4
4.8381
4.78095
7.79048
9.12381
7.33333
6.94286
10.9333
10.0667
12.2476
8.20952
8.45714
8.15238
8.93333
10.619
4.79048
8.17143
8.67619
5.31429
4.10476
5.86667
5.88571
6.79048
6.42857
5.31429
4.20952
9.64762
7.91429
7.3619
9.35238
8.32381
6.25714
4.12381
9.95238
10.2762
7.0381
4.87619
9.40952
6.47619
7.2
7.3619
10.7238
6.13333
8.61905
7.19048
4.62857
4.44762
9.2381
7.44762
7.75238
5.60952
4.42857
4.2381
11.1429
6.95238
5.80952
6.41905
10.2476
6.41905
5.35238
8.04762
4.21905
4.30476
11.2286
4.38095
4.95238
4.31429
7.61905
4.69524
7.0381
4.87619
8.58095
7.37143
6.13333
4.60952
8.94286
8.44762
8.5619
4.53333
7.49524
8.4
7.2
9.45714
8.4381
7.12381
4.41905
7.60952
9.27619
6.90476
7.6
7.39048
4.8381
5.73333
4.47619
5.93333
4.47619
7.61905
6.46667
4.93333
6.97143
9.3619
9.33333
4.77143
11.4667
7.90476
6.22857
9.37143
8.11429
7.41905
6.64762
4.54286
7.94286
8.0381
8.22857
10.1524
4.47619
8
8.87619
4.19048
4.85714
10.2667
10.2381
4.26667
6.08571
8.00952
9
5.69524
8.90476
8.11429
10.819
10.2667
9.81905
6.42857
13.0571
6.91429
5.97143
4.33333
5.61905
9.09524
5.91429
6.0381
10.5429
7.40952
10.381
5.98095
4.44762
11.5333
7.41905
8.98095
12.8
6.89524
5.04762
4.50476
8.9619
8.69524
6.51429
11.1048
4.85714
8.48571
7.99048
8.00952
8.15238
12.3048
8.49524
8.38095
8.09524
6.61905
10.3524
6.19048
11.1238
7.49524
6.31429
6.14286
7.39048
8.77143
4.88571
7.67619
6.74286
5.55238
4.10476
10.3429
4.29524
4.42857
5.38095
6.70476
7.32381
10.8381
7.98095
6.91429
9.39048
6.55238
5.6
4.48571
8.68571
5.88571
5.47619
9.14286
4.53333
5.41905
10.2571
7.71429
7.17143
7.6
7.32381
6.21905
4.34286
5.68571
5.68571
4.64762
9.67619
7.98095
6.82857
6.74286
10.6381
10.6286
9.04762
7.95238
4.37143
7.06667
7.19048
6.34286
8.22857
7.64762
8.53333
9.31429
5.85714
5.24762
9.18095
8.78095
5.35238
6.13333
6.94286
6.37143
7.28571
5.64762
7.81905
7.84762
8.89524
9.08571
6.95238
10.9333
4.49524
5.58095
8.53333
4.25714
8.79048
4.1619
11.4381
7.6381
6.57143
8.92381
4.99048
8.81905
6.69524
4.44762
5.54286
7.9619
5.94286
7.93333
10.6286
5.99048
6.94286
6.62857
7.3619
4.95238
4.75238
9.59048
5.29524
5.04762
5.37143
9.26667
7.22857
5.28571
12.5333
8.52381
6.8381
8.75238
4.25714
6.57143
4.22857
10.2381
9.58095
11.5905
12.0857
8.94286
5.6
5.20952
7.90476
9.89524
6.59048
8.38095
8.90476
7.39048
6.65714
9.93333
8.77143
6.32381
9.06667
8.11429
5.95238
10.2476
8.17143
6.2
10.3619
5.42857
5.71429
9.51429
7.41905
7.14286
4.6
10.2095
5.90476
9.17143
9.59048
9.08571
8.10476
5.11429
7.69524
6.54286
5.81905
4.5619
12.6857
6.88571
4.7619
6.14286
6.88571
5.94286
6.22857
4.95238
6.72381
7.30476
7.44762
4.6381
4.52381
5.92381
4.47619
7.19048
5.24762
9.08571
6.51429
7.58095
8.1619
5.22857
7.60952
9.9619
5.79048
6.82857
6.68571
7.04762
6.42857
10.9143
7.75238
4.95238
9.6381
8.06667
4.69524
4.82857
7.06667
7.8381
6.20952
5.78095
5.0381
11.4571
5.80952
4.5619
6.94286
9.68571
12.181
6.57143
7.44762
6.55238
11.7714
7.64762
8.08571
4.08571
9.33333
7.33333
9.69524
6.28571
4.89524
8.67619
7.08571
11.8667
6.01905
5.58095
11.2476
6.21905
14.1619
7.32381
6.62857
8.51429
6.70476
6.2
9.04762
9.05714
5.2381
10.619
4.19048
5.61905
8.5619
6.3619
4.24762
9.69524
8.69524
8.21905
7.42857
7.04762
10.419
10.0857
5.19048
6.28571
4.3619
4.7619
4.31429
8.26667
12.4667
6.12381
7.64762
7.92381
6.59048
6.1619
10.1048
5.49524
7.3619
7.57143
4.24762
8.54286
5.4
7.25714
5.2
7.28571
9.06667
11.381
7.58095
4.44762
4.77143
6.44762
6.70476
9.45714
9.64762
7.79048
12.781
8.01905
6.08571
7.99048
6.72381
8.28571
8.42857
8.90476
5.74286
6.73333
8.64762
5
10.5048
8.17143
9.98095
7.82857
9.70476
7.09524
10.7524
9.91429
8.15238
8.1619
5.33333
4.59048
22.2762
6.52381
6.49524
9.89524
6.75238
7.60952
8.64762
11.1905
5.70476
10.019
7.32381
4.26667
4.34286
9.17143
4.58095
4.65714
8.32381
9.85714
4.2381
6.67619
10.4476
7.95238
11.2952
10.4667
7.87619
4.45714
8.22857
5.72381
8.88571
6.00952
9.68571
8.09524
4.65714
5.94286
5.45714
5.58095
4.09524
4.1619
5.18095
6.67619
9.82857
8.44762
4.8381
7.95238
6.73333
6.54286
6.1619
8.89524
4.48571
7.1619
4.45714
8.68571
9.19048
10.5905
7.06667
6.46667
9.24762
8.66667
8.73333
5.51429
8.33333
7.61905
7.47619
4.4
5.10476
5.66667
6.7619
7.8
9.51429
10.7524
8.4
7.15238
7.17143
4.66667
8.55238
8.8381
6.68571
7.58095
9.30476
6.85714
9.18095
4.74286
4.48571
7.21905
8.18095
9.26667
4.58095
7.8
8.77143
9.10476
7.55238
11.4571
8.71429
4.41905
7.00952
12.6571
10.8476
7.33333
8.4
9.68571
6.28571
8.10476
7.6381
6.91429
9.57143
8
7.68571
6.94286
6.7619
9.78095
4.68571
5.8
6.2
7.53333
7.18095
7.06667
7.49524
6.65714
5.72381
8.9619
7.42857
7.45714
4.20952
5.71429
6.2
6.06667
6.78095
4.59048
8.51429
7.9619
8.78095
7.38095
7.4381
6.9619
4.8
6.51429
6.57143
4.02857
7.18095
9.61905
8.00952
5.65714
6.93333
5.41905
7.52381
6.01905
6.31429
6.75238
7.29524
6.94286
8.75238
8.27619
7.0381
6.93333
6.33333
4.26667
7.27619
4.9619
12.9143
6.47619
5.66667
5.77143
4.46667
8.48571
4.73333
9.00952
9.45714
6.48571
8.2
4.4381
8.73333
4.9619
8.58095
4.84762
8.0381
6.6
4.69524
9.34286
10.6381
7.2381
7.11429
5.8
4.55238
4.70476
6.31429
6.4381
6.90476
6.88571
5.12381
9.05714
7.68571
11.4095
9.46667
9.39048
8.45714
9.4
6.8381
12.5333
7.22857
9.29524
9.20952
7.64762
6.08571
6.30476
5.05714
4.34286
9.4
5.07619
7.70476
4.75238
6.09524
10.6476
6.7619
9.85714
7.86667
4.48571
6.37143
6.30476
4.78095
4.92381
6.5619
6.4381
7.32381
7.33333
4.54286
7.62857
7.3619
4.50476
6.38095
5.68571
7.24762
9.27619
7.9619
9.81905
8.79048
5.78095
4.89524
6.14286
5.45714
4.8381
8.39048
4.85714
7.14286
10.8381
8.05714
10.8857
6.66667
5.38095
11.3238
4.10476
9.45714
9.77143
7.4381
5.95238
8.97143
9.01905
8.48571
4.54286
5.35238
8.62857
4.90476
8.86667
4.57143
6.72381
7.74286
8.73333
10
11.7429
10.8095
4.45714
6.2381
6.3619
8.3619
4.21905
4.8
8.14286
8.28571
4.20952
5.31429
4.51429
5.45714
9.6
9.99048
5.11429
8.32381
4.1619
8.46667
8.72381
4.75238
4.53333
6.81905
7.8381
6.80952
13.1524
9.58095
4.48571
10.781
11.4476
4.13333
7.40952
6.53333
5.72381
9.10476
4.51429
12.4667
6.21905
7.97143
9.37143
4.57143
4.42857
12.0571
7.33333
6.13333
11.1238
7.61905
4.2
7.8
6.10476
4.68571
8.54286
4.51429
6.5619
6.37143
8.20952
6.05714
5.21905
6.44762
8.00952
9.15238
9.42857
10.8095
7.19048
6.79048
13.4571
6.39048
9.11429
6.8
6.00952
4.80952
5.08571
5.68571
7.4381
4.40952
9.31429
8.79048
6.33333
5.58095
4.41905
5.80952
6.64762
6.92381
8.46667
4.60952
6.08571
8.46667
9.67619
6.91429
8.06667
6.68571
13.1429
6.14286
6.40952
7.4
8.6
9.64762
8.02857
5.78095
8.82857
6.07619
7.59048
4.51429
4.49524
7.93333
6.86667
8.75238
7.19048
10.9905
7.08571
5.41905
6.59048
6.55238
4.33333
6.26667
12.2857
10.2476
7.54286
7.5619
8.73333
7.0381
7.57143
7.15238
4.39048
8.4
5.39048
6.44762
7.68571
8.4381
7.08571
6.18095
6.06667
7.69524
8.87619
7.69524
8.80952
6.22857
4.6381
7.62857
5.5619
7.32381
4.67619
10.8857
4.4
11.3238
10.9429
5.78095
4.85714
4.94286
9.45714
7.66667
9.31429
4.10476
6.53333
4.31429
8.02857
8.4381
7.60952
4.11429
8.69524
7.66667
9.32381
9
8.1619
8.84762
7.60952
5.9619
7.78095
11.6381
4.6
10.9714
8.5619
5.39048
11.6095
8.21905
5.46667
4.32381
10.3429
6.29524
7.5619
4.13333
9.41905
6.1619
6.08571
4.07619
9.48571
10.5048
12.4571
6.02857
4.00952
10.381
14.5524
7.73333
7.78095
7.48571
10.7048
6.82857
6.50476
6.47619
9.08571
4.28571
4.70476
9.26667
7.65714
10.8952
10.2
11.9524
4.81905
6.32381
10.8
4.48571
9.33333
6.28571
7.80952
5.68571
11.0857
7.5619
9.02857
5.34286
6.6
9.27619
5.68571
5.97143
8.2381
8.53333
6.47619
6.98095
11.3333
11.8095
5.97143
7.40952
7.19048
4.58095
7.79048
7.19048
11.2667
5.35238
5.9619
7.9619
7.65714
7.55238
5.8381
4.66667
6.93333
6.41905
6.80952
4.91429
7.04762
6.79048
9.08571
6.22857
7.70476
5.49524
7.49524
8.60952
8.64762
7.78095
4.53333
11.3524
5.27619
6.90476
5.10476
5.55238
5.99048
7.34286
6.89524
6.59048
5.97143
9.92381
6.29524
4.08571
6.97143
4.71429
4.2381
4.5619
6.48571
6.47619
6.98095
4.97143
10.2381
5.44762
5.85714
4.49524
8.12381
6.99048
9.26667
6.95238
5.61905
7.69524
6.29524
4.29524
5.75238
6.49524
7.60952
8.73333
4.25714
4.35238
4
8.24762
5.42857
6.90476
8.8
7.09524
7.01905
7.48571
6.64762
7.02857
9.1619
6.20952
4.37143
4.32381
5.4381
4.87619
7
6.6
6.51429
7.53333
9.71429
7.28571
9
8.55238
6.07619
8.55238
6.15238
7.82857
5.72381
7.58095
4.40952
9.30476
4.30476
6.72381
7.51429
7.98095
4.12381
5.20952
7.33333
7.22857
6.40952
4.91429
11.4
12.4286
8.75238
4.70476
6.49524
9.37143
4.37143
5.27619
5.66667
8.27619
9.84762
5.0381
5.38095
6.48571
6.55238
7.3619
12.2762
7.40952
5.77143
8.59048
6.78095
9.3619
5.93333
5.64762
5.94286
5.81905
5.4381
5.11429
7.88571
4.64762
5.93333
7.1619
8.64762
7.37143
11.1429
7.08571
8.55238
7.44762
7.18095
7.18095
4.8
4.24762
7.50476
10
4.9619
7.41905
9.68571
7.12381
6.84762
4.34286
7.4
6.73333
7.1619
8.91429
4.26667
8.29524
9.8381
5.93333
5.28571
4.44762
8.18095
6.50476
5.31429
7.53333
7.17143
6.45714
4.14286
9.21905
12.1143
7.24762
8.17143
8.99048
4.37143
32.7333
5.12381
8.2381
6.58095
8.33333
9.15238
5.06667
6
5.74286
4.57143
8.75238
4.12381
9.65714
5.57143
8.65714
10.1619
4.15238
10.3905
5.15238
6.50476
6.29524
5.65714
6.57143
7.4
8.39048
4.92381
7.55238
12.2857
8.49524
10.3714
9.2
14.0762
9.79048
8.5619
7.57143
5.8381
11.1143
8.61905
7.8
8.17143
8.67619
10.419
7.62857
8.74286
4.51429
6.60952
8.68571
8.81905
4.77143
6.09524
5.40952
8.5619
7.24762
5.10476
9.50476
6.32381
6.49524
8.80952
9
7.12381
5.59048
6.72381
5.25714
4.19048
7.33333
8.79048
4.45714
5.67619
10.2762
8.39048
5.68571
5.01905
5.6381
4.50476
5.91429
9.17143
8.55238
7.58095
5.68571
8.87619
8.37143
8.3619
4.25714
4.49524
4.77143
6.7619
9.82857
6.67619
9.87619
10.5143
6.82857
6.27619
6.24762
6.87619
9.45714
10.3333
7.2
6.92381
4.75238
7.70476
5.5619
5.29524
9.81905
7.81905
6.7619
4.24762
8.71429
7.04762
6.19048
6.87619
7.3619
6.77143
4.3619
6.49524
6.50476
5.30476
6.90476
6.07619
8.86667
4.2
7.85714
4.44762
8.32381
8.5619
8.7619
8.73333
8.57143
8.2
6.35238
10.7429
10.819
5.18095
8.62857
4.41905
10.5619
8.77143
6.04762
7.28571
8.71429
7.67619
5.7619
9.92381
10.019
5.71429
6.5619
7.89524
7.55238
6.28571
4.29524
5.78095
4.29524
10.3048
4.12381
6.6381
8.90476
5.31429
5.59048
7.97143
4.71429
9.01905
7.53333
5.12381
8.78095
6.50476
5.73333
5.06667
9.09524
5.42857
6.81905
8
9.17143
7.3619
9.69524
11.4667
8.02857
4.73333
4.2381
8.82857
7.38095
6.04762
4.2381
5.85714
5.67619
8.10476
7.94286
7.32381
9.17143
4.66667
9.57143
4.97143
4.86667
7.67619
4.72381
5.70476
4.13333
11.2571
5.38095
4.78095
8.84762
6.52381
7.66667
5.20952
8.74286
7.34286
5.42857
6.07619
7.42857
7.25714
9.04762
4.54286
8.29524
4.6381
12.8667
5.02857
8.81905
6.21905
11.3333
6.64762
8.41905
8.6
6.2381
7.07619
5.75238
6.86667
10.9714
4.8
4.74286
6.08571
6.64762
9.4381
6.75238
6.14286
8.92381
4.30476
8.45714
9.48571
5.71429
8.81905
5.44762
7.57143
7.58095
6.74286
7
10.5048
4.84762
8.40952
4.62857
4.33333
5.8381
4.42857
11.1429
5.31429
6.8381
9.5619
4.58095
7.4
5.12381
4.32381
4.81905
7.02857
5.87619
8.13333
4.65714
9.5619
5.70476
9.54286
10.2952
8.32381
8.30476
6.72381
6.40952
8.05714
9.41905
9.06667
4.52381
7.67619
5.04762
8.90476
11.1619
6.38095
6.92381
5.33333
9.62857
9.51429
7.78095
5.45714
6.45714
8.55238
6.42857
6.95238
10.0857
7.41905
6.42857
8.0381
5.72381
8.37143
7.15238
7.24762
9.1619
7.46667
7.61905
7.88571
9.14286
8.89524
7
7.61905
4.04762
5.74286
4.59048
8.06667
13.181
7.07619
4.04762
5.86667
8.78095
7.55238
9.12381
7.05714
7.7619
4.15238
9.28571
11.4571
11.1238
12.3238
8.44762
7.28571
6.38095
6.97143
9.3619
6.8381
8.82857
6.8
9.02857
11.9905
6.20952
6.26667
4.38095
8.70476
6.70476
4.67619
7.97143
7.38095
11.1714
5.9619
7.34286
7.4381
12.1238
4.33333
8.32381
7.46667
6.24762
7.42857
8.39048
8.8
12.4095
8.24762
6.38095
7.30476
6.51429
8.75238
7.45714
4.1619
6.09524
6.32381
8.59048
4.49524
9.25714
8.48571
7
8.3619
9.30476
4.50476
9.4
6.28571
6.4
7.4
8.33333
11.3048
8.15238
5.9619
7.95238
7.52381
6.08571
11.219
5.68571
10.9238
5.97143
9.31429
6.6
5.02857
6.00952
5.87619
5.58095
7.29524
4.64762
5.52381
4.0381
8.82857
5.21905
8.48571
7.7619
7.80952
6.52381
4.75238
5.80952
14
8.17143
4.86667
5.3619
8.84762
5.64762
9.88571
6.41905
4.80952
6.10476
8.57143
4.92381
9.04762
12.1333
7.02857
9.60952
6.01905
6.05714
9.6
6.6
6.8
8.26667
8.08571
7.47619
7.60952
5
8.1619
11.1619
9.08571
6.44762
4.84762
6.99048
5.71429
5.51429
6.8381
4.45714
7.4381
13.2857
6.68571
5.59048
8.31429
5.49524
4.55238
10.5429
9.26667
6.77143
6.4
9.99048
4.49524
10.2
4.3619
7.22857
9.73333
8.58095
8.66667
4.2
6.2
4.32381
4.32381
4.22857
9.70476
6.64762
5.8381
4.54286
7.81905
4.26667
6.22857
6.08571
4.21905
9.31429
9.5619
6.33333
7.54286
4.22857
5.72381
6.4
4.47619
7.11429
6.73333
7.55238
5.81905
8.70476
8.60952
7.01905
8.5619
9.87619
15.7619
9.2
9.14286
8.54286
9.73333
8.5619
8.77143
7.30476
12.8476
6.48571
6.12381
7.00952
6.3619
9.01905
5.65714
6.62857
5.33333
7.60952
7.94286
4.52381
6.74286
9.06667
7.54286
9.68571
8.26667
11.0381
6.74286
11.0286
4.47619
6.80952
4.3619
7.6381
7.41905
10.6571
8.84762
10
8.9619
9.78095
5.59048
4.2381
5.10476
7.24762
5.84762
7.19048
6.65714
10.2952
8.40952
7.86667
10.5714
7.02857
10.1524
7.0381
9.99048
10.2762
6.48571
7.95238
8.19048
11.7143
7.49524
7.39048
5.08571
7.50476
4.55238
9.13333
12.1333
6.7619
7.01905
7.15238
4.64762
7.19048
5.88571
5.77143
5.17143
5.91429
10.4952
6.58095
7.29524
6.65714
6.17143
8.71429
4.48571
4.61905
7.97143
5.74286
6.40952
6.55238
7.92381
11.6952
7.29524
6.99048
8.35238
6.55238
4.19048
4.49524
10.3714
7.75238
7.69524
4.32381
4.9619
8.4381
10.2857
5.55238
5.28571
7.70476
7.89524
5.67619
7.6
7.25714
8.6381
4.49524
4.18095
7.67619
7.01905
5.42857
4.54286
4.62857
6.30476
5.4
7.79048
8.64762
5.61905
14.8095
7.66667
7.38095
4.33333
5.97143
7.46667
8.9619
10.2476
6.57143
9.97143
6.26667
7.22857
9.2381
6
5.04762
7.6381
4.22857
6.7619
6.86667
5.67619
10.7143
9.57143
9.70476
7.52381
7.82857
4.4
5.9619
4.15238
6.59048
4.5619
10.9905
6.41905
4.37143
4.84762
6.70476
7.18095
6.15238
7.55238
4.28571
9.33333
7.1619
7.82857
7.93333
7.54286
4.6381
7.53333
8.8
9.81905
4.88571
14.4952
4.71429
6.15238
7.19048
5.98095
6.70476
6.26667
4.61905
11.7238
6.68571
5.42857
6.40952
4.20952
8.88571
6.67619
8.75238
6.87619
6.57143
8.92381
8.9619
9.38095
7.92381
4.6
7.42857
4.25714
4.29524
7.37143
7.94286
9.52381
6.44762
7.14286
5.00952
6.86667
8.32381
9.42857
4.04762
9.2
8.27619
10.5714
7.88571
6.41905
8.05714
8.59048
5.67619
9.51429
5.54286
6.39048
6.2381
5.82857
11.2571
5.02857
7.93333
8.79048
4.39048
9.81905
5.74286
7.20952
11.1524
7.50476
4.62857
5.8
5.54286
7.46667
5.78095
6.89524
6.00952
6.60952
4.90476
4.93333
6.75238
7.97143
6.13333
12.8095
5.69524
4.75238
10.2095
4.07619
5.49524
7.42857
7.39048
8.92381
4.18095
9.19048
5.4381
5.74286
10.7714
11.1619
5.54286
4.92381
8.71429
5.70476
7.06667
7.90476
4.67619
6.13333
4.47619
9.00952
6.93333
11.1238
5.54286
10.2667
4.6
6.75238
6.78095
14.8286
8.77143
6.49524
5.79048
4.95238
6.25714
4.51429
11.7619
7.4
10.8286
7.4381
6.58095
8.40952
8.1619
7.09524
6.26667
9.65714
8.86667
4.49524
6.3619
7.6
10.9238
6.42857
5.77143
6.49524
8.92381
9.26667
9.1619
10.1524
5.4381
7.54286
9.4381
7.31429
6.87619
4.33333
6.06667
4.50476
5.33333
4.3619
10.9333
4.32381
9.89524
12.2762
5.9619
11.2762
5.72381
6.89524
4.28571
6.21905
8.67619
4.5619
5.04762
8.4381
11.6667
6.4
9.74286
8.77143
10.4571
10.0476
9.12381
4.26667
5.80952
7.52381
9.4381
8.17143
5.04762
5.88571
4.3619
5.78095
5.10476
4.73333
6.87619
6.17143
8.41905
4.48571
9.69524
7.38095
9.85714
6.73333
10.4381
10.7143
7.06667
6.4
8.24762
5.89524
8.1619
4.15238
4.50476
6.8
4.27619
7.06667
7.95238
9.04762
6.37143
7.64762
10.3143
6.25714
8.5619
5.94286
8.25714
8.54286
9.31429
8.4381
13.419
9.82857
5.87619
5.46667
7.06667
9.68571
6.78095
10.1714
7.46667
4.09524
9.32381
12.0667
10.0571
5.66667
9.52381
9.57143
8.30476
7.02857
7.71429
9.93333
4.31429
9.69524
4.48571
8.00952
7.80952
6.18095
5.92381
8.8381
6.59048
9.8
9.27619
4.41905
7.67619
8.54286
9.71429
11.1333
7.74286
7.31429
4.65714
4.55238
10.2095
9.1619
4.18095
8.52381
13.7619
11.2952
10.7333
8.82857
6.32381
7.47619
7.61905
4.13333
5.68571
5.64762
7.2381
4.40952
4.54286
4.01905
7.21905
7.29524
11.619
7
4.17143
6.4381
7.22857
7.1619
4.49524
4.42857
7.27619
7.94286
9.89524
7.30476
8.39048
7.3619
7.13333
8.28571
8.9619
8.28571
10.4762
7.86667
10.9714
6.90476
7.34286
4.8381
5.33333
7.40952
11.0762
5.91429
10.3143
7.52381
6.24762
7.78095
9
5.91429
4.8
5.39048
6.26667
4.35238
7.48571
4.72381
4.48571
5.94286
9.51429
9.78095
5.87619
6.8381
4.61905
4.58095
5.86667
5.25714
6.65714
9.02857
4.17143
9.09524
6.17143
5.91429
5.75238
4.30476
12.8286
6.49524
10.3238
7.62857
9.30476
7.18095
6.60952
7.80952
7.7619
10.9048
6.54286
8.64762
4.4381
7.5619
9.86667
4.8
9.73333
8.54286
5.19048
6.34286
4.4381
4.19048
7.82857
9
7.68571
7.25714
6.32381
6.52381
11.1524
9.08571
5.77143
6.71429
11.3143
4.10476
6.59048
9.2381
5.4381
4.20952
6.28571
10.2476
6.34286
7.44762
6.01905
8.12381
7.01905
6.74286
5.4
4.4381
8.42857
8.08571
8.64762
8.58095
6.4381
5.45714
5.17143
8.4381
5.4
4.47619
6.5619
9.6
4.55238
5.91429
9.28571
5.13333
4.77143
7.44762
6.32381
8.11429
7.4
5.79048
9.15238
5.21905
9.27619
5.80952
10.1333
8.05714
5.07619
4.19048
4.15238
5.84762
5.2381
5.38095
5.52381
13.8381
7.24762
8.26667
13.2476
11.6762
5.40952
11.9238
8.06667
8.66667
10.0667
5.92381
9.50476
8.35238
4.93333
7.61905
7.79048
9.82857
10.219
5.70476
6.10476
7.12381
6.8381
7.3619
5.22857
5.4
5.60952
12.0762
5.85714
4.55238
8
6.32381
4.90476
6.68571
6.8381
6.62857
8.04762
8.29524
5.42857
5.77143
5.57143
7.65714
6.81905
9.6
8.18095
9.29524
9.05714
7.57143
6.3619
4.34286
7.64762
8.30476
7.59048
9.32381
4.3619
6.42857
7.38095
8.22857
7.28571
4.70476
10.4952
6.14286
13.381
7.41905
10.6667
7.17143
6.05714
8.66667
10.9905
4.25714
8.08571
8.32381
4.95238
6.18095
10.9524
8.1619
4.53333
4.44762
5.85714
4.47619
8.47619
7.42857
7.49524
12.2667
7.2381
10.6571
12.9905
8.1619
9.3619
4.6
6.24762
8.81905
5.50476
6.61905
7.2
6.80952
5.29524
4.4
7.73333
9.46667
4.46667
5.89524
9.86667
6.90476
6.10476
10.0667
6.1619
10.1429
7.64762
4.86667
8.73333
6.89524
8.6381
6.12381
8.39048
7.48571
11
9.90476
10.9524
8.02857
8.11429
5.94286
6.34286
14.381
6.57143
6.33333
5.31429
4.60952
4.93333
6.19048
4.89524
6.2
4.42857
6.2
6.01905
5.38095
8.49524
7.50476
7.2
6.6
7.95238
8.71429
6.9619
6.54286
4.89524
5.18095
11.8
5.79048
5.2381
6.68571
5.79048
11.2857
4.33333
5.4381
7.98095
7.17143
9.8
5.92381
6.44762
4.41905
6.88571
4.3619
5.68571
6.95238
6.6
8.73333
8.02857
5.53333
6.08571
9.81905
6.59048
9.60952
5.33333
8.37143
9.18095
7.49524
6.64762
7.19048
9.97143
5.70476
8.78095
8.86667
5.06667
7.52381
8.81905
7.18095
9.24762
6.04762
5.85714
6.39048
4.27619
5.71429
4.6
7.0381
11.619
4.02857
7.59048
5.4
9.18095
8.85714
7.98095
8.15238
11.4762
6.19048
4.8
6.8
7.95238
9.42857
7.46667
9.53333
4.57143
8.84762
6.91429
4.95238
9.41905
6.94286
4.77143
5.49524
4.60952
7.85714
5.88571
6.93333
7.08571
10.5524
6.45714
8.08571
7.6381
6.53333
6.78095
7.90476
9.30476
4.31429
10.0762
4.41905
8.52381
6.15238
12.2286
9.92381
6.33333
8.44762
8.06667
9.69524
4.81905
4.58095
5.15238
6.53333
5.53333
7.6
7.86667
5.74286
9.98095
5.32381
5.73333
4.59048
7.4
5.38095
9.2
7.5619
7.88571
9.41905
6.12381
6.05714
6.35238
8.3619
7.79048
7.15238
4.65714
7.07619
5.07619
7.34286
6.01905
4.47619
9.08571
5.11429
4.28571
6.44762
6.62857
4.37143
5.00952
8.41905
5.31429
9.10476
4.26667
8.20952
5.53333
8.17143
6.73333
8.87619
5.12381
7.61905
6.60952
7.18095
8.04762
7.34286
4.70476
7.12381
5.90476
4.70476
8.62857
10.819
6.49524
4.39048
7.69524
7.91429
4.61905
7.70476
4.44762
4.8381
13.6
12.7333
9.0381
8.28571
9.20952
6.52381
4.28571
6.11429
5.79048
8.37143
4.5619
11.4857
7.15238
8.5619
6.22857
4.2381
9.09524
4.79048
9.28571
5.90476
7.42857
6.08571
6.09524
8.33333
6.34286
4.08571
4.28571
4.08571
5.92381
6.53333
4.09524
6.97143
5.50476
10.8095
4.2381
7.97143
6.28571
4.15238
4.72381
10
12.0286
5.33333
6.33333
6.46667
8.55238
10.7238
4.3619
8.6
7.70476
8.68571
5.52381
4.8381
7.40952
10.0095
9.85714
6.88571
11.0286
6.01905
5.94286
8.67619
6.02857
8.17143
7.15238
5.80952
5.31429
8.68571
7.37143
4.2381
6.04762
4.00952
7.27619
8.31429
6.61905
7.12381
12.1524
9.11429
7.6
4.92381
5.86667
5.81905
6.24762
6
9.3619
9.09524
6.17143
7.1619
9.93333
6.67619
6.32381
7.94286
5.91429
7.9619
7.5619
10.7429
4.85714
7.00952
6.05714
7.01905
7.3619
7.61905
6.39048
5.55238
4.35238
5.53333
7.52381
5.91429
4.5619
6.00952
4.58095
6.14286
5.52381
9.41905
7.91429
4.3619
9.13333
5.53333
8.84762
4.37143
7.32381
10.7524
8.06667
6.11429
4.69524
7.06667
6.97143
5.73333
6.4
5.12381
5.13333
7.5619
9.92381
6.01905
6.26667
6.14286
5.47619
7.39048
11.3905
4.86667
4.80952
6.47619
8.87619
8.15238
5.8
4.24762
4.68571
9.3619
5.62857
10.2095
6.49524
9.7619
5.5619
7.17143
5.59048
8.34286
8.34286
8.05714
13.5524
7.40952
7.73333
5.92381
4.58095
4.66667
9.1619
8.50476
7.81905
5.28571
7.52381
6.88571
7.33333
9.58095
4.19048
6.53333
5.53333
6.17143
7.88571
6.99048
8.41905
9.22857
5.60952
6.18095
4.98095
4.34286
4.30476
5.93333
9.64762
4.11429
7.19048
5.81905
5.41905
5.85714
4.4
6.70476
12.0857
4.9619
4.57143
5.51429
6.58095
10.3048
10.4476
9.14286
5.67619
8.82857
5.60952
7.51429
4.30476
6.92381
6
4.22857
6.1619
8.39048
5.85714
8
8.19048
7.00952
7.00952
6.58095
8.8
6.46667
6.99048
6.92381
7.51429
7.20952
6.15238
9.91429
7.24762
10.7238
6.27619
4.9619
9.55238
10.5714
8.10476
5.89524
5.51429
9.6381
5.95238
4.38095
9.64762
5.29524
7.05714
4.78095
9.98095
10.781
7.38095
11.0095
6.42857
8.62857
7.26667
7.86667
9.80952
8.6
6.18095
4.38095
5.3619
8.49524
7.70476
7.50476
4.38095
6.66667
7.54286
9.4381
9.37143
8.00952
9.31429
10.6667
8.42857
7.99048
4.57143
6.4
7.35238
8.52381
5.94286
6.29524
4.70476
5.87619
6.09524
4.46667
9.13333
4.41905
7.12381
5.04762
5.2381
4.25714
5.80952
5.24762
5.47619
8.94286
10.7524
7.32381
4.70476
11.0762
7.29524
8.90476
6.18095
8.59048
4.53333
7.18095
6.67619
5.55238
6.74286
6.7619
4.69524
5.82857
7.05714
5.8
6.31429
7.29524
6.1619
6.90476
4.73333
9.42857
7.45714
4.77143
4.95238
7.32381
5.98095
10.1143
4.57143
8.51429
4.1619
9.71429
5.79048
6.80952
6.13333
7.28571
9.52381
4.19048
10.6762
5.70476
8.15238
13.8952
4.24762
5.22857
10.2381
8.05714
7.02857
6.37143
4.67619
4.31429
8.7619
4.53333
8.06667
4.61905
10.219
5.1619
9.31429
4.64762
8
6.8381
10.7714
5.22857
10.0476
9.89524
6.21905
12.581
6.61905
4.50476
5.04762
9.61905
11.1714
6.97143
7.92381
7.29524
8.24762
4.46667
8.28571
6.1619
6.93333
6.79048
8.12381
8.86667
7.21905
5.8
6.71429
7.18095
6.19048
5.21905
8.18095
8.73333
10.4
10.3714
9.85714
10.2286
8.5619
12.0762
5.79048
5.72381
8.32381
4.49524
4.7619
4.38095
12.8762
7.12381
8.49524
6.10476
9.07619
4.0381
6.89524
5.40952
6.58095
6.0381
9.42857
9.78095
5.61905
7.1619
5.1619
5
4.3619
5.9619
7.29524
5.82857
6.67619
10.2857
9.12381
10.4095
5.29524
4.77143
8.22857
5.38095
7.04762
4.95238
4.13333
4.41905
7.90476
4.22857
4.82857
5.20952
5.34286
7.2
8.27619
6.13333
6.59048
7.85714
9.09524
9.06667
9.31429
8.59048
6.09524
10.4571
6.57143
6.10476
5.61905
9.85714
7.07619
4.30476
6.29524
4.06667
8.20952
10.5714
11.4762
7.68571
6.04762
5.10476
4.29524
5.98095
6.6
4.67619
4.11429
5.07619
6.62857
6.34286
8.8381
5.22857
7.06667
8.24762
6.7619
6.62857
7
9.51429
5.91429
7.14286
8.35238
9.06667
4.13333
10.2476
8.69524
8.19048
5.2
6.12381
7.01905
5.05714
10.6381
10.3429
4.62857
5.59048
6.77143
9.53333
10.1714
9.28571
6.48571
6.34286
7.86667
6.37143
8.38095
6.75238
9.22857
8.01905
5.92381
5.65714
7.01905
9.87619
5.28571
4.37143
6.81905
5.29524
6.75238
4.93333
6.79048
4.73333
6.42857
5.69524
6.51429
4.0381
10.1238
6.57143
7.26667
9.09524
4.27619
8.49524
7.91429
9.34286
9.2
10.2
7.07619
4.78095
5.12381
5.49524
7.04762
6.80952
8.99048
10.3048
8.69524
9.14286
6.59048
4.55238
4.35238
5.87619
5.53333
5.37143
4.87619
6.47619
6.37143
7.55238
7.4
4.24762
8.93333
9.59048
5.18095
9.80952
6.39048
8.80952
6.91429
7.85714
8.29524
8.80952
10.3429
9.75238
6.93333
7.47619
4.99048
7.38095
4.37143
6.02857
5.44762
5.2381
7.06667
8.33333
6.69524
6.81905
4.33333
4.35238
8.2381
5.44762
9.77143
9.44762
5.82857
5.84762
8.07619
5.31429
8.01905
5.61905
6.57143
6.68571
4.48571
6.20952
5.90476
6.91429
8.59048
4.30476
4.74286
6.80952
5.3619
6.53333
5.54286
4.67619
7.87619
5.97143
8.04762
8.6381
9.54286
5.4
4.34286
6.01905
9.27619
6.41905
4.62857
7.64762
7.19048
6.33333
8.33333
5.60952
8.55238
8.4
7.21905
4
7.06667
4.41905
4.88571
6.29524
5.1619
7.46667
7.9619
9.89524
5.90476
4.97143
8.57143
4.94286
9.06667
7.51429
5.35238
10.1333
7.82857
5.2
4.66667
8.99048
4.55238
5.92381
10.1238
10.1238
7.22857
5.31429
5.97143
7
6.27619
4.81905
8.78095
10.4762
9.34286
4.45714
6.92381
6.79048
8.37143
4.6381
6.1619
11.2857
12.0286
5.99048
10.1524
9.73333
4.69524
6.94286
9.48571
8.9619
4.9619
7.99048
4.91429
7.21905
10.5048
6.3619
6.12381
6.2381
7.42857
4.74286
8.85714
6.6381
4.87619
6.81905
6.8381
6.32381
5.52381
7.78095
5.13333
9.1619
5.98095
6.04762
7.2
8.47619
5.41905
4.81905
4.20952
4.42857
9.52381
7.26667
5.8
4.13333
4.98095
4.55238
10.8667
4.99048
7.31429
5.12381
12.4286
8.44762
4.97143
7.15238
8.53333
9.99048
4.40952
4.57143
4.60952
4.17143
6.31429
4.81905
7.45714
10.7905
4.49524
12.1619
12.7333
4.31429
7.20952
7.41905
5.17143
7.28571
8.15238
6.04762
7.32381
5.54286
8.89524
7.2381
7.70476
8.08571
9.15238
4.22857
9.84762
7.17143
12.6667
4.18095
12.0571
10.819
10.3619
10.981
6.14286
4.50476
4.75238
6.60952
5.58095
7.32381
7.51429
5.54286
4.82857
4.26667
6.17143
4.08571
6.55238
10.2857
4.2381
4.68571
7.88571
7.61905
9.82857
8.18095
11.3238
7.13333
5.25714
7.41905
8.00952
6.93333
7.39048
6.55238
8.65714
5.19048
10.1524
5.35238
4.48571
5.6
4.70476
4.6381
4.38095
7.57143
6.86667
4.52381
11.5714
9.51429
6.15238
8.61905
6.70476
7.46667
7.32381
10.9333
5.8381
6.70476
8.57143
9.7619
8.26667
5.02857
6.8
5.72381
8.89524
8.22857
6.2381
10.4
7.82857
5.59048
6.01905
6.2
7.3619
8.62857
10.9333
7.09524
10.3905
8.61905
5.21905
5.07619
4.02857
6.85714
8.94286
8.1619
5.85714
9.52381
4.45714
6.30476
6.00952
8.31429
7.04762
4.75238
8.01905
6.47619
8.32381
7.24762
6.58095
5.50476
4.37143
6.46667
4.44762
6.40952
4.31429
7.95238
4.12381
4.38095
4.81905
5.09524
14.4095
9.46667
7.10476
5.57143
5.72381
4.77143
6.27619
9.42857
7.71429
4.52381
4.31429
7.40952
9.29524
7.13333
7.99048
6.64762
7.10476
7.3619
7.38095
8.84762
7.05714
7.35238
7.60952
9.60952
4.20952
4.60952
7.57143
4.3619
6.68571
9.08571
12.6476
9.39048
7.93333
6.18095
8.48571
11.7905
5.00952
4.55238
8.08571
4.68571
8.39048
5.5619
9.29524
7.67619
7.05714
8.30476
6.72381
4.48571
8.84762
7.08571
5.50476
4.35238
6.01905
4.54286
4.9619
6.51429
11.2952
8.20952
11.2381
6.62857
6.32381
5.99048
10.9714
5.31429
8.55238
9.9619
7.9619
7.73333
7.82857
10.4571
5.8
4.0381
5.8381
15.8381
8.05714
8.49524
10.0667
8.28571
6.06667
4.9619
6.85714
8.42857
4.32381
11.8762
11.1429
7
7.79048
9.09524
5.98095
7.62857
4.28571
8.79048
11.819
5.78095
4.66667
9.73333
7.33333
8.1619
4.55238
7.82857
6.31429
10.9714
8.38095
12.1714
6.74286
7.59048
6.6
6.40952
8.89524
10.2381
6.58095
4.58095
7.80952
6.13333
8.60952
6.42857
5.05714
4.1619
5.02857
5.21905
5.57143
5.19048
7.47619
5.4
8.81905
4.20952
8.2381
5.47619
4.00952
4.59048
9.90476
4.72381
7.90476
4.40952
6.19048
7.14286
5.38095
6.74286
5.73333
8.80952
6.09524
6.80952
4.15238
9.22857
4.7619
8.5619
6.02857
4.66667
6.5619
8.6381
9.92381
6.20952
7.75238
8.95238
12.0476
5.77143
7.97143
4.70476
4.74286
4.05714
5.61905
9.09524
4.4381
8.44762
4.24762
4.4381
9.41905
7.33333
5.50476
11.1143
5.32381
4.62857
7.77143
8.7619
4.8381
5.93333
6.39048
5.2381
6.74286
7.09524
8.07619
6.75238
5.51429
4.33333
4.32381
4.57143
7.70476
6.8
7.05714
10.1524
7.34286
7.4
5.24762
5.84762
9.54286
5.75238
6.62857
5.92381
6.14286
8.14286
7.21905
4.28571
5.77143
5.35238
8.6
4.4381
14.0381
9.02857
4.85714
8.40952
4.39048
8.28571
4.29524
4.45714
6.69524
10.0952
8.61905
7.10476
4.40952
6.67619
6.4
4.75238
8.52381
9.18095
6.62857
5.98095
5.8
8.18095
5.30476
7.5619
5.9619
6.06667
4.46667
4.51429
4.4381
5.4
4.99048
6.11429
6.49524
11.4952
4.33333
4.86667
4.92381
7.08571
5.46667
4.25714
7.86667
5.8
5.5619
4.73333
5.38095
4.46667
4.31429
8.78095
6.45714
4.79048
5.94286
6.67619
8.5619
4.34286
4.62857
9.5619
6.54286
10.5714
5.19048
8.31429
6.3619
8.12381
9.6
9.4381
5.51429
7.6381
10.5429
6.88571
6.87619
11.1905
7.51429
7.30476
10.9238
6.55238
4.31429
7.9619
7.15238
6.64762
4.0381
8.84762
6.8
12.6095
9.60952
6.35238
10.6381
8.50476
10.6952
5.93333
7.6
9.72381
6.74286
6.54286
8.20952
9.9619
6.59048
6.18095
8.30476
6.22857
7.07619
6.42857
5.60952
10.9524
4.9619
6.04762
4.73333
4.50476
8.24762
9.41905
6.4381
6.82857
4.68571
7.69524
4.14286
11.6667
10.781
10.4381
11.5143
5.77143
8.50476
6.90476
7.28571
7.99048
7.54286
4.12381
5.6
6.49524
11.381
7.88571
7.85714
8.81905
4.55238
4.25714
4.18095
8.46667
5.40952
6.67619
4.44762
6.95238
8.24762
5.8
7.44762
5.90476
9.39048
7.77143
8.41905
4.77143
9.18095
8.19048
7.02857
8.64762
8.8381
6.40952
4.85714
6.89524
7.2381
6.38095
8.84762
8.1619
8.7619
8.90476
4.15238
5.11429
9.82857
4.06667
6.65714
4.93333
4.4
5.7619
5.39048
4.6381
6.95238
4.52381
6.59048
4.52381
8.86667
6.62857
5.09524
7.90476
4.80952
6.68571
5.26667
7.62857
7.44762
6.26667
8.28571
4.15238
4.33333
4.26667
7.1619
7.52381
7.2381
6.39048
4.35238
6.9619
6.89524
7.51429
5.48571
4.38095
6.92381
6.02857
4.91429
7.70476
7.82857
6.80952
7.09524
6.80952
7.55238
5.91429
4.1619
6.91429
11.7524
7.98095
8.84762
6.32381
4.97143
6.82857
4.28571
7.31429
5.24762
8.58095
5.84762
6.14286
6.88571
8.2
5.07619
6.08571
9.15238
4.38095
7.04762
6.52381
6.01905
8.78095
6.79048
6.30476
4.70476
5.62857
5.69524
4.32381
6.14286
5.07619
5.88571
4.47619
8.4381
10.9905
10.2476
8.34286
11.819
4.89524
5.0381
4.78095
6.25714
10.1714
8.2381
8.22857
9.72381
8.77143
8.31429
7.06667
6.87619
6.81905
7.46667
8.35238
4.25714
6.01905
7.12381
15.0476
6.18095
7.84762
6.20952
5.39048
8.09524
6.29524
4.59048
8.10476
8.73333
7.4
11.6
5.00952
5.68571
7.10476
7.79048
4.40952
8.51429
6.19048
19.2952
9.20952
6.27619
9.92381
6.92381
7.34286
7.1619
5.19048
8.53333
5.20952
7.51429
4.7619
8.6
6.95238
8.51429
8.81905
9.73333
5.81905
4.35238
5.8
4.8
8.12381
9.92381
5.05714
10.581
4.70476
5.86667
8.75238
7.66667
6.8381
7.92381
4.6381
5.12381
5.10476
5.79048
6.22857
7.01905
5.68571
6.72381
5.34286
9.13333
4.82857
4.73333
4.89524
5.15238
6.29524
6.51429
5.37143
7.84762
6.8381
4.31429
4.54286
4.68571
4.60952
4.08571
5.72381
8.89524
13.2571
4.61905
6.14286
6.82857
10.4095
7.25714
5.7619
10.2095
4.1619
9.98095
12.4381
9.04762
9.14286
4.37143
4.50476
4.12381
4.49524
9.79048
12.4952
9.02857
11.5714
5.52381
11.1333
9.00952
11.2667
7.05714
10.7524
4.92381
9.8381
4.42857
8.91429
7.81905
7.54286
7.15238
6.47619
4.10476
7.12381
5.53333
5.07619
4.9619
4.98095
5.2381
7.45714
6.19048
10.2571
4.89524
8.28571
12.2095
4.88571
7.48571
8.34286
7.20952
4.68571
5.0381
8.62857
6.82857
5.82857
5.09524
7.71429
6.21905
8.60952
10.6667
13.6952
5.6381
6.80952
5.87619
10.7333
7.84762
6.4
7.30476
5.2381
6.61905
8.60952
6.02857
6.61905
6.73333
17.8667
8.42857
4.25714
4.79048
4.90476
7.80952
7.2
4.46667
6.20952
4.27619
4.3619
6.61905
4.97143
7.3619
4.21905
9.14286
9.18095
4.24762
5.0381
5.38095
11.4857
4.77143
6.60952
6.39048
5.74286
7.06667
12.3429
8.62857
5.91429
6.10476
5.17143
4.8381
4.50476
5.84762
8.54286
7.85714
6.42857
7.93333
6.13333
5.14286
8.20952
7.72381
5.41905
5.61905
10.9333
5.19048
4.24762
6
8.08571
6.82857
7.2
4.3619
5.84762
4.52381
4.37143
7.12381
7.57143
4.42857
7.4381
6.41905
9.65714
4.35238
4.27619
5.80952
4.68571
11.6952
7.4
6.02857
5.38095
4.5619
7.52381
5.79048
6.05714
4.54286
4.89524
6.57143
5.62857
4.48571
7.41905
6.71429
7.93333
6.01905
4.50476
8.81905
4.10476
9.93333
8.41905
9.48571
6.47619
7.10476
5.06667
8.62857
6.35238
9.20952
7.88571
7.91429
6.92381
7.0381
6.72381
10.2857
9.99048
4.46667
6.78095
8.12381
6.41905
7.33333
5.7619
4.34286
6.69524
4.24762
7.4
7.13333
5.06667
7.68571
5.98095
6.69524
4.18095
11.2381
4.47619
5.15238
6.68571
6.93333
9.68571
4.26667
7.77143
8.60952
8.54286
10.9238
4.45714
5.17143
8.61905
5.47619
7.71429
5.82857
5.02857
6.69524
10.9619
7.47619
9.32381
5.46667
8.25714
6.81905
8.27619
8.02857
7.78095
4.25714
8.8
5.30476
7.3619
8.71429
4.1619
4.11429
4.09524
4.8
4.55238
10.0952
6.4
6.40952
6.24762
5.99048
6.95238
7.9619
3.25714
3.59048
7
6.64762
5.55238
5.59048
6.8381
3.5619
5.21905
3.0381
5.7619
7.89524
7.8
5.52381
3.79048
4.19048
6.09524
3.95238
5.55238
3.2
3.33333
3.18095
6.75238
6.08571
3.47619
8.17143
4.75238
5.25714
8.73333
6.27619
4.53333
3.22857
3.37143
4.88571
8.6
4.3619
7.0381
4.81905
5.61905
4.74286
6.07619
3.0381
4.29524
7.61905
6.73333
9.46667
5.07619
4.7619
4.32381
4.54286
7.97143
7.94286
5.04762
5.72381
5.28571
4.1619
3.42857
4.31429
6.32381
6.61905
3.10476
5.02857
7.28571
10.0762
3.66667
7.32381
7.1619
3.08571
3.67619
3.05714
10.2667
4.8381
5.89524
8.92381
4.75238
6.28571
5.51429
6.88571
10.7333
8.6
5.74286
7.57143
8.98095
5.10476
4.70476
5.60952
3.32381
3.18095
5.40952
4.35238
8.25714
3.17143
3.05714
3.77143
4.92381
5.78095
3.11429
5.2
4.93333
3.04762
6.40952
6.50476
5.53333
3.22857
6.19048
9.09524
3.28571
3.87619
6.26667
8.59048
7.71429
3.39048
5.38095
4.71429
6.86667
3.37143
3.24762
4.1619
3.46667
4.09524
5.54286
5.15238
5.3619
5.34286
7.01905
4.10476
4.85714
4.38095
5.14286
5.70476
6.11429
5.7619
3.53333
7.08571
5.52381
5.33333
3.07619
3.31429
3.22857
5.37143
5.18095
3.31429
9.14286
6.00952
6.67619
4.06667
7.27619
3.05714
5.73333
3.67619
4.04762
4.7619
4.93333
3.08571
6.04762
4.68571
5.33333
4.25714
4.66667
5.60952
3.34286
3.49524
3.24762
8.45714
7.18095
5.44762
3.37143
5.11429
6.44762
6.60952
5.29524
7.12381
3.20952
9.67619
10.9238
3.72381
4.88571
7.08571
4.04762
7.4381
5.82857
6.27619
3.87619
6.17143
3.2
4.95238
3.05714
3.4
3.25714
6.10476
3.3619
5.07619
5.1619
3.42857
5.80952
16.5238
5.4381
4.26667
3.84762
7.53333
3.02857
5.94286
3.53333
5.34286
3.45714
6.60952
7.1619
5.99048
8.91429
5.49524
4.59048
5.20952
4.91429
3.60952
5.77143
5.3619
7.51429
4.84762
9.52381
6.54286
3.52381
9.01905
3.65714
6.19048
3.40952
3.2
5.38095
5.59048
6.13333
3.38095
5.79048
6.80952
6.3619
4.93333
5.02857
4.99048
6.46667
6.7619
7.66667
5.34286
3.46667
3.22857
8.90476
9.04762
4.85714
3.8381
7.92381
4.34286
5.7619
3.45714
13.0286
3.40952
7.79048
3.70476
7.47619
5.52381
12.0571
3.25714
4.24762
3.19048
4.88571
6.01905
9.12381
3.81905
3.07619
11.2571
4.49524
3.26667
7.3619
7.18095
6.19048
7.21905
5.64762
8.28571
5.4
6.77143
7.35238
9.28571
4.98095
6.30476
3.15238
3.27619
5.77143
5.5619
7.8381
5.80952
3.50476
3.34286
3.35238
3.28571
6.10476
3.34286
6.69524
3.09524
5.92381
5.29524
7.69524
4.09524
7.22857
6.4
6.4
3.09524
6.2381
7.2
4.74286
4.1619
3.65714
5.57143
6.08571
5.54286
6.80952
3.18095
9.42857
4.30476
3.46667
5.17143
4.02857
3.73333
9.02857
3.0381
3.2
3.09524
3.54286
3.66667
3.86667
5.19048
3.8381
3.52381
3.66667
3.2
3.50476
6.15238
5.72381
3.2381
5.28571
7.90476
3.31429
6.0381
7.80952
4.82857
6.11429
3.07619
8.73333
5.26667
4.09524
6.92381
3.80952
4.28571
6.39048
3.26667
5.66667
5.41905
7.39048
5.7619
6.07619
7.54286
9.6
3.05714
7.89524
4.45714
6.21905
10.4667
9.08571
5.8
4.80952
5.17143
3.35238
3.29524
3.08571
5.3619
6.2
3.62857
5.18095
3.39048
10.1048
6.26667
7.34286
6
8.13333
10.6095
3.57143
4.82857
3.54286
4.90476
7.2381
5.62857
3.64762
6.06667
3.32381
4.61905
4.64762
5.80952
10.3048
8.53333
6.64762
6.27619
28.1333
7.08571
6.18095
3.51429
3.28571
3.40952
4.46667
6.7619
7.59048
7.15238
6.22857
6.15238
3.7619
7.38095
3.33333
3.60952
3.42857
3.29524
9.8
3.65714
7.24762
5.81905
7.42857
5.44762
6.89524
4.98095
4.81905
4.84762
4.6
3.14286
7.6
6.94286
8.97143
3.27619
3.11429
5.66667
5.3619
7.17143
4.32381
5.26667
6.00952
7.33333
8.55238
4.15238
3.4381
5.62857
5.2
3.25714
6.81905
3.34286
8.31429
7.26667
4.52381
3.67619
6.47619
3.45714
5.34286
3.88571
3.47619
5.62857
5.31429
4.91429
5.01905
6.11429
6.17143
5.46667
3.51429
5.77143
6.38095
7.67619
5.71429
8.6
6.87619
4.14286
6.35238
3.41905
6.9619
4.53333
6.86667
3.04762
4.40952
5.12381
4.99048
3.19048
3.55238
3.04762
4.75238
5.15238
4.09524
5.93333
7.8381
4.93333
4
4.64762
6.62857
5.09524
3.39048
6.41905
4.82857
3.52381
4.77143
3.04762
3.25714
7.59048
8.14286
4.6381
4.66667
5.06667
8.80952
3.35238
6.8381
5.07619
7.5619
6.15238
7.19048
4.17143
5.25714
5.8
4.73333
3.61905
8.05714
6.9619
7.41905
5.94286
5.85714
8.25714
8.26667
4.93333
6.71429
9.69524
4.85714
7.8381
6.45714
5.28571
5.84762
5.93333
3.26667
3.13333
8.15238
3.0381
3.10476
3.45714
7.40952
4.2381
6.05714
3.71429
4.4381
4.94286
3.41905
3.98095
5.3619
3.46667
5.22857
6.57143
3.11429
3.18095
4.86667
6.95238
3.25714
5.22857
4.48571
5.91429
3.28571
3.05714
3.2381
5.91429
3.22857
3.06667
3.73333
3.20952
3.71429
3.24762
4.70476
3.27619
7.07619
4.90476
8.51429
4.72381
6.13333
4.25714
5.37143
8.51429
4.35238
3.04762
3.6
3.25714
4.8
4.88571
5.34286
7.18095
9.55238
5.60952
3.09524
9.52381
5.45714
5.92381
3.73333
3.18095
3.46667
3.14286
5.8381
5.49524
8.59048
3.6
7.91429
8.22857
8.09524
4.9619
5.66667
5.09524
7.04762
7.93333
3.49524
4.00952
3.37143
5.47619
6.72381
5.46667
4.77143
6.74286
6.72381
3.17143
5.26667
5.10476
3.59048
3.54286
5.62857
7.48571
3.47619
10.9619
4.65714
7.12381
7.37143
6.62857
7.4381
3.24762
6.26667
3.29524
3.01905
3.30476
5.39048
9.41905
3.09524
4.9619
6.88571
3.57143
3.20952
3.20952
6.31429
6.6
6.30476
4.4
7.24762
3.21905
5
3.92381
6.1619
9.26667
5.98095
5.49524
4.84762
5.4381
6.11429
3.35238
3.22857
5.20952
3.28571
5.45714
4.69524
3.24762
8.21905
5.08571
3.10476
3.34286
5.45714
3.19048
6.61905
8.01905
3.44762
3.72381
3.46667
3.53333
6.33333
4.78095
4.85714
3.25714
8.2381
4.8381
5.85714
3.17143
5.65714
3.02857
3.41905
4.40952
5.97143
3.35238
3.33333
6.06667
5.97143
4.72381
3.40952
4.46667
4.82857
3.47619
3.31429
3.57143
10.7143
4.51429
3.95238
3.3619
5.47619
6.3619
5.71429
6.58095
3.49524
8.2381
3.5619
4.41905
8.02857
3.22857
7.42857
3.88571
5.38095
5.34286
4.21905
6.79048
3.31429
5.47619
6.72381
3.39048
3.39048
3.53333
8.87619
6.80952
4.71429
3.33333
8.1619
3.25714
4.95238
5.2381
6.7619
3.15238
3.2381
5
3.10476
3.25714
9.90476
3.1619
6.21905
3.52381
11.3429
3.93333
6.42857
7.18095
4.64762
3.0381
3.12381
3.25714
9.60952
6.77143
5.48571
6.01905
3.00952
5.55238
6.18095
3
7.99048
9.35238
3.2
7.01905
3.14286
5.79048
8.50476
5.5619
3.69524
5.70476
6.7619
5.18095
10.3619
7.39048
4.57143
3.55238
3.06667
3.46667
3.14286
5.46667
8.92381
3.09524
4.33333
3.17143
3.32381
3.20952
3.22857
6.1619
3.30476
3.10476
6.78095
3.18095
10.1333
7.54286
6.91429
8.65714
4.94286
3.24762
5.20952
3.2
7.88571
5.62857
5.46667
3.30476
5.41905
5.60952
3.14286
3.33333
3.48571
6.13333
7.54286
3.11429
6.81905
3.24762
7.5619
6.19048
3.01905
4.15238
6.0381
5.88571
6.6
6.30476
5.72381
5.10476
3.10476
5.46667
6.30476
5.32381
3.04762
7.13333
4.6381
3.02857
3.51429
5.49524
4.64762
3.62857
3.34286
7.08571
8.68571
3
3.20952
7.3619
5.25714
5.4
5.84762
7.75238
9.52381
6.12381
5.3619
9.27619
5.08571
3.77143
3.88571
3.13333
3.12381
7.67619
3.48571
3.26667
3.02857
6.49524
9.12381
4.2381
7.35238
5.94286
4.41905
7.4381
5.10476
4.26667
5.01905
3.1619
4.94286
4.75238
5.01905
5.44762
5.02857
8.0381
6.88571
4.81905
5.2381
7.53333
3.2
5.25714
7.3619
3.15238
7.62857
6.80952
8.91429
4.57143
8.31429
3.5619
5.71429
6.58095
5.73333
5.26667
4.31429
3.2
4.02857
5.07619
9.50476
7.54286
3.62857
4.72381
5.91429
4.66667
7.69524
5.78095
8.13333
7.79048
7.27619
8.26667
5.87619
7.73333
6.75238
3.1619
6.46667
6.47619
3.32381
7.95238
7.85714
6.11429
5.20952
5.09524
3.2
7.66667
8.21905
7.61905
3.48571
5.40952
3.73333
3.26667
5.09524
6.97143
3.44762
3.18095
7.26667
7.64762
8.54286
3.50476
3.73333
3.10476
4.62857
4.86667
3.27619
5.18095
3.73333
3.20952
3.0381
4.52381
5.28571
5.42857
6.60952
5.64762
6.11429
4.88571
10.9429
3.62857
4.21905
5.87619
3.49524
3.4381
3.18095
6.47619
5.12381
3.67619
3.33333
4.18095
3.35238
3.45714
4.07619
4.8381
5.04762
3.8381
4.32381
5.10476
4.20952
3.98095
5.34286
5.80952
7.41905
5.6
5.91429
5.98095
5.04762
7.09524
4.89524
4.8381
3.30476
6.08571
3.12381
3.05714
5.05714
8.8381
4.32381
3.61905
3.00952
3.24762
4.94286
3.66667
3.5619
6.98095
7.7619
7.2
4.97143
3.55238
5.62857
5.40952
5.4381
4.45714
7.33333
5.2
4.68571
3.50476
7.88571
3.59048
4.6
7.39048
6.4381
6.77143
6.1619
7.09524
7.2381
3.82857
4.41905
6.19048
5.07619
3.42857
5.61905
5.40952
7.44762
5.92381
3.39048
8.51429
3.12381
3.19048
3.3619
3.07619
3.32381
7.10476
5.35238
4.89524
5.10476
4.12381
5.89524
9.1619
6.48571
8.26667
3.42857
3.49524
3.15238
5.39048
5.97143
6.3619
4.89524
3.29524
5.67619
3.46667
8.14286
5.69524
7.13333
3.02857
7.08571
7.15238
5.89524
4.12381
4.41905
7.67619
3.39048
3.22857
6.93333
4.4381
5.20952
5.78095
8.89524
3.25714
4.95238
10.4762
3.1619
5.49524
3.66667
3.37143
5.7619
8.27619
4.53333
5.45714
8.24762
4.7619
7.05714
4.9619
7.75238
3.5619
3.25714
3.54286
7.20952
3.64762
5.27619
5.66667
7.67619
3.42857
6.49524
6.20952
5.08571
3.67619
8.00952
12.1429
7.45714
4.95238
6.79048
6.80952
5.20952
7.42857
10.5048
6.48571
6.38095
6.4381
7.29524
7.15238
5.42857
7.40952
8.61905
5.45714
6.45714
3.28571
5.12381
8.09524
5.08571
7.84762
9.33333
4.93333
6.14286
9.50476
5.29524
3.60952
5.69524
7.02857
3.62857
5.37143
6.4381
7.0381
5.58095
5.09524
10.4
3.35238
4.73333
3.58095
7.57143
5.08571
3.3619
3.68571
7.0381
4.66667
6.17143
3.48571
10.3429
8.90476
4.79048
3.49524
6.15238
6.6
3.48571
7.24762
4.89524
3.38095
4.78095
6.99048
3.3619
6.27619
4.59048
4.7619
5.79048
3.10476
6.08571
6.2
8.28571
8.82857
3.41905
3.04762
5.38095
7.64762
4.11429
6.26667
3.50476
3.34286
7.95238
3.97143
3.82857
9.70476
5.3619
5.85714
9.75238
8.92381
5.22857
4.19048
5.75238
5.79048
11.0762
5.17143
4.71429
6.71429
7.92381
7.2
3.68571
4.37143
7.17143
5.19048
3.35238
4.80952
5.10476
3.52381
9.50476
3.19048
5.93333
7.94286
7.58095
8.39048
5.69524
4.26667
6.69524
5.19048
5.30476
4.78095
7.00952
7.3619
5.77143
3.54286
3.61905
3.51429
3.39048
5.1619
6.72381
5.46667
3.42857
6.24762
3.2
5
3.48571
3.85714
3.44762
5.57143
6.15238
6.49524
5.04762
3.31429
6.64762
3.3619
6.2
3.24762
7.69524
10.5619
4.39048
3.25714
9.40952
8.8381
3.00952
3.32381
5.94286
8.65714
8.4
3.32381
6.38095
3.00952
10.0286
4.94286
8.45714
5.19048
7.29524
4.00952
3.73333
6.17143
3.34286
6.17143
8.51429
5.6
7.99048
5.32381
5.65714
5.60952
4.60952
3.59048
9.41905
6.68571
3.05714
5.77143
7.61905
3.30476
3.52381
4.6
5.17143
3.05714
9.55238
7.52381
3.57143
4.87619
6.38095
5.86667
5.18095
5.6
4.98095
3.41905
4.40952
6.39048
5.11429
4.71429
6.67619
3.49524
6.60952
5.7619
6.28571
5.28571
3.69524
6.70476
5.81905
3.58095
5.69524
9.1619
7.57143
3.04762
4.7619
3.21905
7.48571
3.85714
6.49524
5.30476
5.45714
3.24762
6.38095
3.46667
8.00952
3.31429
7.4381
5.85714
3.6
3.1619
5.45714
3.57143
5.94286
9.34286
5.33333
3.2381
3.17143
5.66667
5.86667
6.61905
3.31429
6.35238
3.24762
4.70476
11.3524
6.80952
7.57143
6.46667
4.30476
3.27619
4.5619
8.91429
3.28571
5.11429
3.02857
3.48571
8.24762
4.29524
3.49524
4.41905
3.35238
7.24762
3
5.74286
8.32381
4.80952
4.60952
5.14286
7.50476
4.92381
6.20952
5.50476
3.4381
3.26667
3.24762
5.04762
5.47619
5.13333
3.11429
6.35238
6.0381
3.20952
3.29524
5.05714
3.39048
3.11429
3.44762
6.71429
6.3619
3.62857
3.12381
6.12381
5.67619
5.4381
3.32381
6.75238
7.3619
3.34286
3.33333
3.46667
6.04762
3.42857
3.41905
7.27619
3.58095
3.15238
3.8
8.29524
3.8
3.11429
8.29524
3.60952
4.75238
5.34286
5.33333
4.39048
4.97143
4.51429
8.45714
5.91429
6.75238
6
6.35238
11.4857
6.54286
4.9619
7.27619
6.81905
4.52381
4.92381
4.22857
3.48571
5.10476
4.91429
6.31429
3.7619
3.50476
5.42857
5.13333
5.93333
4.11429
4.73333
4.19048
4.70476
5.48571
3.20952
3.4
9.54286
5.31429
6.27619
6.25714
4.21905
6.2381
6.32381
3.6
3.6
5.74286
5.97143
3.48571
3.60952
4.91429
11.8286
6.94286
5.11429
9.8381
6.65714
5.51429
3
3.5619
3.7619
5.07619
4.90476
6.06667
3.24762
4.6381
4.5619
8.9619
7.34286
6.90476
5.8381
3.74286
3.29524
7.73333
5.29524
8.84762
8.84762
5.21905
5.02857
9
5.21905
6.2381
4.73333
3.18095
3.22857
3.25714
3.39048
4.5619
3.08571
3.55238
8.79048
7.05714
5.87619
7.64762
4.33333
7.98095
3.40952
7.58095
7.4
5.62857
4.5619
7.57143
6.64762
3.47619
4.70476
8.28571
11.4286
3.45714
5.48571
3.44762
6.73333
3.38095
3.28571
5.28571
3.80952
5.7619
3.37143
5.48571
7.55238
3.15238
3.58095
3.19048
6.46667
4.73333
5.46667
3.91429
3.33333
3.73333
5.2381
4.98095
7.53333
4.95238
3.62857
8.21905
5.87619
3.26667
9.17143
6.82857
6.11429
3.92381
8.80952
4.8
5.93333
6.54286
7.49524
3.91429
4.31429
8.53333
3.18095
5.25714
5.94286
5.04762
5.20952
5.08571
3.37143
6.49524
7.92381
3.33333
8.33333
3.69524
4.48571
6.6
5.13333
6.44762
3.82857
4.18095
6.82857
6.30476
8.0381
8.40952
8.45714
3.49524
3.34286
7.21905
3.22857
3.14286
4.79048
5.71429
9.08571
4.12381
8.93333
3.54286
4.07619
6.28571
4.81905
3.85714
6.19048
5.15238
6.49524
5.5619
4.99048
3.31429
4.92381
9.85714
3.38095
7.62857
7.05714
3.39048
6.40952
6.46667
5.51429
7.20952
3.67619
7.69524
3.65714
5.2
7.49524
5
3.1619
5.60952
9.97143
5.4381
7.06667
4.7619
4.54286
7.90476
3.25714
4.32381
3.45714
4.8
3.06667
9.17143
3.11429
5.69524
3.07619
3.51429
3.49524
5.42857
5.6381
5.38095
7.30476
4.85714
5.19048
4.20952
7
6.46667
4.8
5.65714
7.73333
4.99048
3.05714
4.85714
7.4
3.28571
4.93333
5.93333
3.32381
4.80952
5.79048
8.11429
3.35238
5.38095
3.37143
4.45714
8.64762
6
3.09524
7.58095
3.85714
3.66667
5.5619
4.18095
6.64762
5.01905
3.51429
3.12381
6.52381
7.59048
5.20952
5.70476
5.00952
8.52381
3.72381
3.91429
3.34286
3.80952
6.07619
3.15238
6.4381
4.72381
3.6
3.35238
3.40952
8.24762
4.12381
4.57143
3.42857
3.47619
7.53333
4.25714
3.24762
4.94286
3.30476
3.37143
8.57143
3.13333
6.47619
4.95238
7.55238
8.74286
4.73333
4.8
5.17143
11
7.57143
3.51429
6.15238
3.55238
7.15238
5.45714
3.28571
5.35238
8.58095
3.74286
9.84762
5.9619
5.69524
3.04762
4.37143
3.42857
4.65714
7.49524
5.61905
6.4381
8.05714
3.45714
5.3619
3.25714
7.68571
7.8381
3.49524
3
3.6381
5.62857
5.78095
10.4571
6.70476
11.6857
7.29524
3.72381
4.97143
7.68571
4.51429
9.09524
5.82857
8.35238
6.2381
3.4381
4.82857
5.1619
5.0381
4.88571
6.40952
5.38095
5.58095
7.8381
3.22857
3.22857
6.74286
7.32381
3.13333
8.17143
3.41905
7.17143
4.09524
5.7619
4.93333
5.32381
5.7619
6.8
5.8381
5.45714
3.48571
6.12381
6.1619
6.84762
7.7619
6.71429
7.55238
6.88571
3.09524
7.92381
4.66667
8.14286
3.82857
3.61905
4.18095
5.6
4.73333
4.92381
4.95238
4.8381
3.26667
3.8381
5.08571
4.94286
7.19048
3.10476
7.60952
5.53333
6.14286
7.75238
5.18095
3.53333
3.22857
4.64762
3.33333
6.19048
3.1619
6.82857
5.80952
3.12381
3.19048
3.48571
4.8381
3.3619
5.2
10.1905
7.17143
5.39048
8.90476
5.17143
5.92381
4.4381
5.92381
5.27619
7.51429
6.44762
6.04762
6.14286
3.50476
5.0381
3.91429
6.75238
6.6
3.07619
3.28571
7.67619
5.4381
3.90476
3.46667
3.18095
5.34286
3.19048
6.2
4.07619
3.94286
3.85714
5.18095
3.22857
4.64762
8.65714
3.39048
3.6
7
5.30476
5.19048
7.38095
7.58095
5.92381
5.22857
6.31429
6.46667
3.29524
4.60952
4.92381
3.95238
3.54286
7.24762
4.87619
4.30476
3.14286
6.06667
6.00952
6.29524
5.15238
5.51429
7.35238
8.99048
5.53333
4.75238
3.5619
5.87619
6.44762
6.2
3.35238
3.19048
5.30476
5.25714
3.46667
3.42857
9.18095
6.93333
6.78095
5.45714
3.06667
6.54286
3.08571
4.08571
4.71429
8.15238
6.90476
5.22857
3.25714
8.02857
5.13333
5.73333
7.22857
5
7.47619
3.44762
8.67619
3.18095
5.95238
3.80952
5.60952
3.9619
5.77143
3.25714
6.75238
3.65714
7.98095
3.09524
9.02857
5.4
3.3619
4.90476
6.71429
7.40952
3.80952
3.13333
7.87619
3.47619
4.97143
5.65714
5.35238
3.28571
4.17143
6.28571
5.04762
7.00952
3.6
4.46667
3.30476
5.02857
4.34286
4.91429
9.9619
7.45714
6.66667
3.20952
4.55238
3.61905
6.54286
3.26667
3.24762
7.10476
3.52381
3.2381
6.55238
6.30476
3.22857
3.1619
3.0381
6.48571
3.26667
3.35238
7.07619
4.97143
5.48571
4.72381
6.01905
4.05714
3.18095
5.66667
5.18095
4.91429
8.41905
6.20952
4.44762
4.58095
5.30476
3.33333
8.78095
7.01905
5.2381
5.33333
3.19048
3.10476
3.4
7.6
3.25714
16.4762
3.82857
5.22857
6.89524
4.45714
3.05714
6.66667
3.67619
5.4
3.74286
6.53333
6.82857
5.77143
3.70476
4.59048
3.14286
3.55238
4.31429
5.88571
3.2381
6.55238
3.73333
5.50476
3.29524
4.44762
7.62857
8
6.88571
4.70476
5.45714
3.91429
5.02857
5.75238
3.17143
5.15238
4.85714
6.9619
7.70476
4.7619
9.14286
8.25714
3.6381
5.11429
4.86667
7.82857
3.82857
7.4
5.55238
4.12381
7.85714
6.61905
3.26667
3.17143
5.4381
3.32381
5.35238
3.70476
3.41905
5.4381
5.57143
5.37143
4.66667
7.2381
6.17143
5.18095
8.57143
3.35238
5.20952
5.01905
7.61905
3.10476
6.52381
5.0381
5.04762
4.8381
4.61905
7.20952
7.41905
4.15238
5.86667
3.9619
8.74286
7.00952
4.98095
7.54286
8.28571
5.44762
3.12381
3.04762
7.74286
7.77143
6.74286
4.51429
4.71429
6.6381
5.08571
4.24762
3.49524
3.34286
6.78095
10.7619
3.70476
3.60952
3.62857
3.12381
3.49524
6.41905
3.2381
5.33333
5.54286
5.80952
6.94286
4.81905
4.80952
6.90476
6.41905
3.10476
3.0381
6.02857
3.71429
3.32381
7.44762
5.2381
6.90476
3.46667
4.01905
5.62857
3.48571
5.71429
3.45714
6.71429
3.6381
9.04762
6.34286
5.94286
7.02857
5.30476
3.29524
5.13333
3.2381
5.98095
7.94286
6.59048
4.62857
3.18095
9.88571
6.84762
3.10476
3.2
3.28571
4.84762
5.38095
3.88571
3.2381
4.73333
6.00952
7.09524
7.4381
4.98095
3.37143
5.28571
5.35238
6.20952
4.50476
7.29524
5.70476
6.8
7.29524
6.68571
4.6
6.98095
8.8
5.27619
4.2
8.45714
8.32381
6.15238
6.7619
5.44762
6.02857
4.26667
5.19048
5.74286
5.04762
7.88571
7.32381
7.04762
5.41905
6.40952
5.86667
4.8381
4.5619
4.30476
4.6
4.88571
7.62857
7.28571
4.07619
3.75238
5.78095
6.68571
10.4286
4.90476
5.15238
7.60952
4.99048
5.6381
5.66667
5.41905
8.47619
5.32381
4.6381
3.18095
3.04762
3.19048
9.12381
5.42857
3.37143
6.04762
3.20952
5.14286
8.35238
7.72381
7.20952
5.58095
5.09524
4.53333
3.11429
7.20952
4.70476
5.8381
8.62857
5.3619
5.91429
4.69524
3.5619
6.30476
3.37143
3.71429
3.60952
5.40952
4
5.94286
3.4
3.53333
3.24762
3
3.3619
3.49524
3.49524
5.30476
3.24762
6.90476
6.64762
6.20952
7.12381
8.62857
7.29524
9.28571
6.53333
8.75238
9
3.49524
5.8381
7.25714
4.40952
5.69524
3.29524
6.24762
6.80952
9.9619
3.6
7.44762
3.04762
7.5619
7.91429
3.21905
6.53333
3.05714
5.95238
4.42857
7.14286
8.19048
5.90476
4.98095
6.25714
3.29524
3.7619
5.42857
5.6381
5.60952
4.4
3.3619
8.81905
4.32381
8.35238
7.75238
3.1619
5.13333
8.55238
6.29524
4.65714
4.92381
5.30476
8.77143
5.37143
3.62857
4.68571
8.45714
7.28571
9.47619
6.45714
5.59048
7.01905
9.01905
4.86667
4.88571
6.46667
3.26667
3.28571
4.44762
3.4
5.77143
3.95238
4.84762
7.53333
5.37143
3.02857
4.47619
3.15238
6.87619
7.81905
5.9619
3.09524
3
3.21905
7.44762
4.6
11.7429
5.88571
3.35238
3.38095
5.84762
5.79048
6.87619
5.7619
5.0381
3.88571
3.0381
5.38095
4.78095
3.59048
3.5619
3.1619
5.21905
3.48571
3.62857
5.40952
7.01905
6.85714
4.8
4.94286
3.13333
4.51429
3.13333
4.8381
8.02857
7.41905
4.65714
5.33333
3.45714
3.11429
5.14286
5.81905
9.26667
10.3333
3.39048
4.90476
8.0381
6.72381
5.94286
5.07619
6.12381
4.08571
6.64762
7.27619
3.42857
6.28571
3.17143
3.68571
6.4
6.00952
4.13333
3.05714
6.2
7.48571
3.0381
5.34286
3.26667
5.20952
3.07619
5.33333
9.86667
9.39048
3.94286
7.41905
4.97143
5.19048
5.47619
5.90476
7.07619
6.75238
2.26667
5.35238
4.45714
3.51429
2.06667
2.18095
2.39048
3.47619
2.51429
2.14286
3.67619
3.71429
2.15238
4.35238
2.24762
3.8
2.32381
3.64762
6.2381
2.09524
3.2381
2.51429
2.50476
2.41905
2.17143
3.35238
4.73333
2.09524
7.19048
2.47619
2.01905
2.3619
2.66667
3.6381
2.25714
2.1619
3.4381
2.31429
2.04762
2.40952
3.95238
2.73333
2.00952
3.3619
2.10476
2
3.61905
4.27619
4.38095
4.1619
2.15238
2.18095
6.59048
2.00952
4.57143
2.04762
5.32381
2.29524
2.4381
2.45714
4.44762
2.11429
2.08571
6.65714
2.48571
7.25714
18.6095
3.87619
5.61905
3.10476
3.91429
2
5.04762
7.51429
2.28571
2.18095
2.25714
2.19048
2.0381
3.2381
2.48571
2.00952
4.39048
2.0381
2
2.4381
3.86667
2.50476
4.66667
7.26667
5.20952
6.73333
4.86667
2.01905
5.75238
2.00952
3.48571
4.25714
3.85714
9.33333
2
3.47619
2.3619
4.04762
3.26667
2.40952
2.8381
5.37143
2.05714
2.19048
4.21905
4.70476
2.15238
2.0381
2.05714
2.15238
2.2
2.88571
5.39048
4.0381
2.10476
2.07619
4.46667
4.74286
5.42857
2.91429
2.35238
4.89524
4.71429
1.12381
3.48571
1.11429
3.82857
4.78095
1.30476
3.08571
1.39048
1.07619
1.01905
1.09524
4.12381
3.26667
1.18095
2.92381
1.37143
1.55238
1.01905
1.01905
3.49524
2.55238
1.10476
1.07619
2.58095
4.07619
1.15238
5.50476
1.01905
1.19048
1
1.1619
1.08571
1.00952
1.42857
5.4
1.2
1.19048
1.12381
1.10476
3.97143
1.10476
3.66667
5.22857
3.0381
1
1.2
5.18095
1.18095
1
1
1.14286
3.60952
4.10476
1.17143
1.01905
3.38095
1.22857
1.33333
1
4.82857
2.45714
1.5619
2.09524
1
1.34286
1.01905
1
3.33333
3.3619
1
2.25714
2.67619
1.28571
1.12381
1.18095
1.00952
1.8
1.0381
1
1
1.13333
3.61905
1.07619
1
1.04762
1.05714
1.37143
1.04762
1
5.1619
1
1.18095
4.05714
4.90476
2.99048
4.2381
1
4.2
1.02857
1.25714
3.17143
4.05714
1.1619
1.01905
4.4381
1.20952
1.04762
4.50476
1.06667
1.25714
1
1.09524
3.22857
4.35238
1
5.0381
1.13333
1.24762
4.3619
1
3.80952
1.33333
1
1.13333
3.39048
1.01905
2.6381
3.62857
1.02857
1.24762
1
1.29524
2.93333
1.37143
1.04762
1.68571
1.54286
1.62857
5.5619
1.19048
3.99048
1
3.81905
1.17143
1.60952
1.29524
4.62857
3.61905
1.6381
1.06667
3.77143
3.86667
3.70476
1.54286
1
1.0381
1.0381
1
1.27619
1.53333
1.22857
1.20952
2.87619
3.85714
1.12381
1.38095
1.30476
3.18095
4.3619
1
1
1.29524
3.58095
3.50476
3.10476
1.38095
2.86667
1
1.20952
1.02857
1
1.42857
1.08571
1.07619
1.38095
3.62857
3.65714
3.68571
1
1.38095
1.0381
1.39048
3.07619
3.91429
3.13333
1.01905
4.59048
1
3.8381
3.42857
1
1.14286
1
2.29524
1.06667
1
3.69524
3.81905
1
1.10476
1.3619
1.20952
1.3619
1.52381
4.13333
1.1619
2.5619
4.09524
1.06667
1.30476
1.08571
1
3.62857
1
1.28571
1.02857
1.42857
1.90476
1.10476
1.25714
1
3.14286
1.2
1.18095
1.17143
1.46667
2.62857
1.32381
1.26667
1.77143
1.27619
1.00952
4.22857
1.08571
1.31429
1.26667
1
1.29524
1
1
3.84762
1
1.45714
1
1.50476
1.00952
1
1.42857
1.2
1
1.09524
1.12381
1.20952
1.11429
1
4.01905
1.12381
1
1.00952
3.9619
5.3619
1.20952
1
1
3.88571
1.09524
4.64762
3.70476
1.19048
3.11429
1.07619
1.20952
1
1.00952
1.74286
3.71429
1.14286
1.1619
1.00952
3.26667
1.00952
2.9619
1.06667
3.60952
3.91429
3.33333
2.73333
6.06667
3.68571
5.28571
1.02857
1
1.62857
3.80952
1.12381
1.26667
1.05714
1.30476
1
1
3.4
2.67619
1.48571
1.34286
4.69524
3.90476
1.00952
1
3.91429
1
1.26667
1
3.52381
1.04762
1.30476
3.53333
4.91429
1.00952
3.70476
3.54286
1.2
3.81905
3.99048
1.09524
5.99048
3.71429
3.82857
2.02857
1.12381
1.47619
1.31429
4.04762
1.08571
1
2.78095
1
1.09524
1.70476
1.14286
1.05714
1.02857
1.35238
3.66667
3.17143
1.27619
4.12381
2.79048
1.2
1.00952
1
1.01905
1.30476
1.00952
1.81905
1.53333
3.39048
5.80952
3.78095
4.04762
1.21905
1.01905
1.09524
3.53333
1.5619
1
1.49524
3.78095
1
1.65714
3.69524
3.22857
3.58095
1.04762
3.67619
1.01905
3.51429
2.49524
1.49524
1.84762
1.10476
3.19048
3.52381
1
1
3.68571
1
1.2
1.2
3.6
4.14286
1.25714
1.4
1
1.09524
1.32381
3.99048
4.18095
3.20952
1.00952
1.1619
1.02857
1
3.7619
2.85714
3.13333
3.74286
1.2
1.52381
4.81905
1
1.04762
1.25714
1.2381
1.04762
4.3619
3.06667
3.13333
1.2
3.88571
1
3.25714
3.14286
1.52381
3.79048
4.85714
2.77143
1.00952
1.0381
1
1.01905
1.39048
1.25714
1.05714
3.47619
1
1
2.81905
1.18095
1.15238
1.39048
1.40952
1
3.68571
1.00952
1.00952
1.30476
1.19048
1.20952
3.9619
1
1
4.09524
5.01905
1.15238
1.02857
1.24762
1.12381
1.05714
4.05714
2.14286
4.88571
1.35238
1
3.15238
1.5619
1.02857
3.94286
3.81905
1.46667
3.37143
1.02857
1.2
1.58095
1.4
1.00952
1.25714
3.12381
1.25714
1.07619
4.24762
1
1.11429
3.93333
1.13333
2.87619
1.40952
1.22857
1.02857
1.05714
1.01905
3.30476
1.95238
3.47619
4.0381
3.41905
1.06667
1.46667
4.52381
1.2
1.02857
3.31429
3.3619
1.04762
1.24762
4.07619
3.24762
1.00952
2.92381
3.71429
1.05714
4.00952
1.01905
1.53333
1.06667
1
1.04762
1.01905
1.09524
1.0381
2.31429
1.51429
1.15238
1.06667
3.48571
3.38095
1
1.2381
1.00952
1.15238
1.33333
1.18095
3.72381
1.20952
1.3619
1.11429
1.46667
3.70476
3.55238
4.85714
3.15238
1.35238
1.08571
5.2
1.21905
2.55238
1.27619
2.64762
3.15238
4.29524
1.00952
3.47619
1.01905
1
1.48571
1.00952
1.13333
4.06667
1.28571
1.10476
1.00952
4.18095
1
1.13333
1
1.01905
4.54286
1.21905
1.9619
1.48571
1.19048
1.24762
4.19048
1.07619
1.08571
1.06667
1.00952
1.05714
1.26667
3.71429
1.22857
2.82857
1.14286
1.46667
1.1619
3.8381
1.04762
2.58095
3.09524
4.25714
1
1.12381
1.32381
3.82857
1.02857
1.26667
1.33333
1
1.1619
1.02857
4.93333
1.2
1.00952
1.17143
1
2.81905
1.00952
4.64762
1.21905
1
1.4
1
1.25714
4.09524
1.55238
1.34286
1
1.17143
1.15238
5.29524
1.09524
2.78095
5
1.02857
4.00952
1.00952
1.02857
1.47619
2.86667
1.13333
1
1
1.04762
1.40952
5.0381
1
4.30476
1.0381
4.2
1
1.25714
1
1.20952
1
2.14286
3.81905
1.39048
1.20952
1.1619
1.02857
3.20952
4.74286
1.17143
1.52381
4.2381
1.04762
1
1
1.2
1.31429
1.01905
4.38095
1.06667
4.38095
2.78095
4.2
1.1619
1.01905
4.92381
1.06667
4.8381
1.18095
1
5.47619
1
1.75238
1.31429
4.02857
3.98095
1.00952
1.04762
3.18095
3.8
1.12381
1.06667
1
1
5.57143
1.1619
3.57143
2.29524
1.01905
1.00952
1.01905
4.15238
1.07619
1.31429
3.88571
1.48571
1.1619
4.75238
1
5
1.89524
1.08571
1
1.14286
3.38095
1.19048
3.59048
2.97143
3.90476
5.53333
1.90476
1.05714
1.27619
1.02857
1.0381
2.13333
1
1
3.00952
1.10476
2.84762
2.68571
1
1.11429
1.15238
1.18095
1.19048
3.12381
1.22857
3.37143
3.07619
1.30476
1.11429
4.33333
3.4
3.45714
1.04762
1.02857
1.6
1.04762
1
1
3.30476
1.01905
4.45714
1.06667
1.41905
1.38095
1.09524
2.33333
3.2381
1.40952
1.21905
1
1
3.87619
1.14286
1.25714
1.28571
1.10476
1.0381
1
1.15238
1.18095
3.25714
1.30476
3.28571
1.12381
4.24762
1.39048
1
1
4.13333
1
1.11429
1.32381
1
3.10476
1.01905
1
1.09524
3
3.7619
1.98095
1.0381
3.4
2.6
1.13333
1.09524
1.66667
4.39048
1.3619
1.0381
1
1.06667
4.2381
1.01905
2.49524
1.00952
1.13333
1.0381
1.0381
3.73333
2.22857
1
1.15238
1.01905
1.04762
1.51429
1.00952
1.18095
4.26667
1
1
1.06667
1
3.11429
1.01905
1.31429
1.0381
3.35238
1.29524
1.87619
4.13333
1.54286
1.08571
1.4
1.20952
1.12381
3.02857
2.8
1
1
1.2381
4.34286
1.12381
4.5619
1.0381
1.00952
3.18095
1
1.19048
1.14286
1.06667
1
1.05714
1.72381
1.00952
2.68571
2.67619
4.26667
2.60952
3.77143
1.07619
1.28571
1
1.00952
1.9619
4.40952
1.38095
1.21905
2.57143
1.08571
1
2.26667
1.19048
1.4381
4.18095
1.33333
1.00952
1
1.37143
1.15238
1
4.38095
3.8
1
1.21905
1.09524
1.05714
2.19048
1.06667
5.8381
4.94286
4.74286
1
1.2381
2.17143
1.21905
3.4381
1.10476
1
1
3.28571
4.32381
1.20952
1
1.74286
1.71429
1.01905
4.78095
1
1.1619
1.11429
1.07619
3.49524
2.38095
4.75238
3.58095
1.18095
1.13333
4.24762
1
5.00952
1.21905
3.08571
1.05714
1
3.05714
1.00952
1.1619
1.2381
1.00952
1.10476
1.0381
3.29524
5.34286
3.2
1.26667
4.53333
1
1.09524
1.04762
1.02857
3.81905
1.31429
6.15238
1.24762
2.97143
3.73333
3.50476
1.15238
1.25714
3.12381
1.00952
4.6381
1.08571
1
1.04762
1.01905
4.48571
1.10476
1.05714
4.7619
1.37143
1.21905
3.64762
1.12381
1.07619
1.09524
1
3.61905
6.32381
4.2381
1.02857
1
1
1.01905
3.85714
1.35238
3.42857
1.00952
1.4
3.4
2.04762
1
1.15238
1.13333
2.97143
3.60952
3.75238
1.07619
1
3.6
1.19048
2.39048
1.14286
1.00952
1.27619
1.4
1
3.02857
1
3.86667
1.2
3.57143
1.57143
2.45714
2.80952
1.02857
1
1
1.22857
2.84762
4.46667
3.41905
5.40952
1
1.04762
2.13333
1.44762
4.32381
1.04762
4.10476
1.22857
1
1.05714
3.79048
1
1.04762
6.65714
4.77143
3.50476
1.12381
3.15238
1
3.19048
1.33333
1.00952
1.27619
1.17143
2.5619
1
5.42857
1.09524
3.05714
1
1.08571
3.9619
1
1.00952
5.08571
4.15238
3.91429
1.37143
1.2381
1.1619
1.12381
1.09524
1
1.41905
3.04762
2.82857
1.3619
1.02857
1.04762
1.09524
1.06667
1.14286
3.31429
1.05714
3.12381
2.84762
1.04762
5.45714
1
1.14286
1.01905
1
1.12381
1
1.17143
1.05714
1.04762
1.00952
1.42857
1.29524
1.08571
1.2381
1.0381
4.66667
4.1619
2.04762
1.0381
1.20952
1
1.15238
1.00952
1.01905
1.21905
1.10476
1.21905
1.04762
1.32381
1.22857
1
4.17143
5.24762
1.21905
3.55238
1.28571
2.71429
2.41905
1.11429
1
1
1.32381
1.00952
1.2
1.55238
1.02857
1.06667
1.05714
1.18095
1.2381
1.00952
1.15238
1.02857
4.06667
3.00952
1.11429
1
1.04762
1.00952
3.26667
4.04762
1
1.9619
1.12381
2.91429
2.95238
1.20952
4.0381
1.07619
3.41905
3.14286
4.12381
1.14286
3.58095
1
1.29524
2.91429
1.10476
5.30476
1
5.12381
2.19048
1.00952
4.29524
4.88571
1.25714
4.01905
1.19048
1.14286
1.24762
2.94286
5.2381
1.34286
4.20952
1.82857
3.66667
3.8381
4.5619
1
3.5619
1.8
1
1.21905
1.32381
3.95238
1.35238
4.10476
4.94286
3.29524
2.74286
1
3.52381
3.51429
1.05714
1.4
3.7619
1.2
1.0381
1.02857
1.09524
1.58095
3.75238
1.24762
1.12381
4.97143
1.00952
3.77143
4.4381
1.17143
1.06667
4.84762
1.01905
1.02857
1.19048
3.46667
1.04762
1.8
4.19048
3.95238
1
1.09524
1.20952
1.28571
3.7619
1.1619
4.49524
1.20952
1.24762
5.19048
1.27619
1.0381
1
1.30476
4.3619
3.91429
3.35238
1.10476
4.21905
1.1619
1.20952
1.01905
4.19048
1.18095
1.4
1.25714
5.07619
5.20952
3.67619
1.0381
1.10476
2.08571
1.2
1.01905
1.04762
1
3.00952
1
2.6
1.09524
1.01905
4.11429
1.00952
1.42857
3.15238
1.38095
1
1.06667
1
1
5.1619
1.07619
1.01905
1.07619
1.14286
2.48571
1.20952
1.35238
1.84762
1.52381
1.28571
1.18095
1.60952
1.01905
4.65714
3.48571
3.6381
1
1.29524
2.94286
2.21905
1.02857
1
1.6
1.20952
3.19048
2.58095
1.24762
1.92381
1.38095
3.06667
3.9619
1.27619
3.0381
5.69524
1.85714
3.62857
1
1.94286
9.0381
1.55238
3.81905
1
4.81905
1.02857
1
1.22857
3.4381
1.02857
1.15238
1.31429
1.62857
1.14286
1.14286
1.21905
1
3.69524
3.14286
2.37143
3.14286
1.24762
3.38095
1.46667
1.34286
1.46667
2.87619
2.65714
3.48571
2.50476
5.17143
1.21905
1.28571
3.2
3.9619
2.86667
1.21905
2.93333
1.47619
1.0381
1.15238
1.00952
1.21905
1.24762
1.12381
1.58095
1
1.0381
1
1.00952
1.04762
1.01905
1.01905
1.08571
1.0381
1.0381
1
1.12381
3.92381
1.04762
1.08571
1
3.69524
1.11429
1
1.26667
4.05714
4.07619
1.32381
1.0381
3.6
2.59048
2.71429
1.22857
1.04762
3.19048
1.21905
1.15238
1.2381
1.00952
4.10476
4.71429
3.58095
1.14286
2.5619
1
3.85714
1.00952
4.62857
3.99048
2.75238
3.12381
2.98095
1.4381
1.22857
2.80952
4.69524
4.15238
1.2381
2.1619
1.50476
1.21905
1.04762
1
2.5619
1
3.38095
3.08571
1.09524
1.78095
1.30476
1.92381
1.18095
4.69524
1.06667
1.09524
1.07619
2.65714
3.47619
1.2
1.09524
4.20952
1
1
4.67619
2.50476
1
1.01905
1
1.00952
3.97143
3.26667
3.08571
3.44762
1
1.35238
4.06667
1
1
3.28571
1.0381
6.26667
3.65714
1.07619
1
1
3.06667
4.13333
1.27619
1
1.10476
2.9619
1.21905
3.8
1.07619
1.09524
1
1.44762
1.33333
1.19048
1.11429
1.29524
1
1.00952
1
1
2.53333
1.02857
3.46667
1.69524
1
1
1
1.09524
1.0381
7.25714
1.04762
1.01905
3.13333
1.0381
4.26667
1.08571
2.8
1.4
1
1.09524
1.25714
1
2.26667
1.1619
1.17143
3.50476
1.01905
1.09524
1.10476
1
1
1.10476
1
4.10476
6
3.33333
1.04762
1.15238
1.01905
1.79048
4.4381
3.47619
1.1619
3.46667
3.85714
1.42857
1
1.21905
3.18095
1.18095
1.37143
1
1
1.2
1.32381
4.85714
1.2
1.2381
2.04762
1.01905
1
2.55238
1
1.10476
1.15238
2.87619
1.06667
1.2381
3.62857
1
1
1.07619
5.08571
3.58095
1.17143
1
2.06667
1.00952
1.00952
3.5619
1
1.50476
4.26667
1.1619
5.78095
3.67619
3
1.22857
1.57143
1.20952
1
1.08571
3.04762
1.52381
1.02857
1.17143
3.80952
1
1
1.00952
3.53333
1.01905
1
1
1.14286
1.00952
1.19048
4.4381
3.59048
1
1.21905
4.40952
2.95238
1.09524
3.07619
1
1.02857
3.59048
3.2381
1.08571
1.26667
3.11429
1.66667
1.15238
3.58095
2.88571
1.25714
3.92381
1.27619
4.0381
1.02857
4.39048
1.00952
1
3.26667
1
4.2381
3.58095
1.5619
1
1.02857
1.08571
1
1.31429
1.01905
1.07619
3.40952
4.22857
4.41905
3.58095
1
1
2.09524
4.3619
4.45714
1
1.3619
1.2381
1
2.30476
1.13333
1.25714
1.22857
1.11429
1.58095
1
3.59048
1.02857
5.01905
3.15238
1
1
3.21905
4.26667
1.05714
5.57143
1.02857
1.28571
2.32381
3.85714
1.97143
4.59048
1.44762
1.0381
1.0381
1.21905
3.32381
3.69524
4.1619
1.04762
2.97143
3.68571
1.05714
1.07619
3.65714
4.3619
1.19048
1.87619
1.31429
1.60952
3.60952
3.29524
1.06667
1.30476
1.33333
3.95238
2.21905
1.02857
3.12381
1
4.45714
1.13333
3.57143
1.1619
1.27619
1.14286
2.94286
5.45714
1.25714
1
1.07619
1
5.75238
1.27619
1.1619
1.11429
3.31429
4.67619
3.30476
1.02857
1.24762
1.24762
3.38095
3.86667
1.09524
1.35238
4.64762
4.82857
2.57143
1.26667
3.38095
1
1.1619
4.4
1.09524
1.04762
2.45714
1.12381
1.01905
1.19048
1
2.46667
4.61905
1.44762
1
1.00952
1.42857
1.45714
4.6
6.40952
3.17143
1.35238
1.0381
1.12381
5.22857
4.54286
4.18095
2.40952
1.28571
3.20952
1.07619
3.32381
4.25714
4.18095
1.12381
3.42857
1.04762
1
1.14286
3.30476
1
1.01905
1
1.05714
1.01905
4.33333
1.12381
1.18095
3.29524
4.31429
3.90476
4.34286
1
1.27619
1.33333
1.19048
1.40952
3.41905
1.48571
1
3.73333
1
1.06667
5.2
2.6
1.12381
1.01905
4.09524
4.89524
2.29524
3.02857
1.09524
1
1
1.06667
1.27619
1.05714
1.01905
1.05714
1.22857
1
1.18095
2.4381
3.45714
1.0381
1.19048
1.0381
3.53333
1.11429
1.17143
2.59048
3.75238
1.2381
1
1.10476
3.86667
1.00952
1
3.74286
1
1.13333
1.24762
1.54286
1.31429
1
4.45714
1.38095
1.15238
1.24762
4.69524
3.52381
1.21905
1.00952
1.18095
3.90476
3.15238
1
4.10476
1.75238
1.3619
1.31429
1.08571
4.53333
4.19048
1.17143
3.78095
1.00952
1
1.17143
1
3.90476
2.80952
1.08571
1.31429
3.37143
1.00952
4.12381
4.8
1.00952
3.33333
1.20952
1.4
1.25714
1.25714
1.20952
1.1619
1.01905
4.2381
1.12381
1.09524
1.29524
1.17143
1.05714
3.80952
1.08571
1.27619
3.49524
4.50476
1
3.40952
1.17143
2.29524
1.12381
2.6381
3.85714
1.08571
2.6381
1.19048
4.60952
1.02857
1.04762
1.30476
2.99048
1.08571
4.41905
1.35238
2.29524
4.06667
1.41905
4.02857
1.00952
1.46667
3.7619
1.02857
3.86667
4.58095
1
1.14286
3.20952
1.09524
1.10476
3.71429
1.12381
1.0381
4.19048
2.85714
1
1.20952
4.04762
3.99048
3.4381
2.89524
1.19048
3.13333
1.42857
3.40952
1.06667
1.02857
5.0381
4.26667
1
1
2.9619
1
1.05714
1.12381
2.99048
1.26667
3.82857
1
3.55238
1.15238
4.42857
1
1.77143
1.15238
3.24762
1.1619
1.08571
1.11429
1.22857
2.80952
1
5.15238
4.58095
1.19048
4.04762
1.46667
1
1.06667
1
1.26667
3.68571
3.62857
3.77143
1
1.01905
1
1.22857
1.5619
1.0381
5.55238
1.01905
3.05714
1
1.19048
3.11429
3.41905
1.25714
1.27619
2.64762
1.1619
1.02857
4.87619
1.48571
1.24762
1
1.09524
1
1.01905
3.8
1.00952
2.86667
3.30476
1.11429
1.00952
1.30476
3.5619
2.2
5.25714
3.69524
2.50476
1.32381
2.61905
1.64762
3.6
3.78095
3.28571
1
3.33333
2.37143
3.1619
1.08571
4.22857
2.0381
1.0381
1
1.2381
1
1.13333
3.3619
1
1.30476
1.1619
2.08571
1.02857
1
1
1.06667
1
1.07619
1.18095
1.06667
1.13333
1.0381
3.41905
1.00952
1
