10876 34740
22.6
38.6
8.2
27.1
9.6
11.6
22.1
9.9
26.7
19.5
31
9
19.7
12.2
38.6
12.6
8.7
27
10.5
17
19.2
30.2
8.2
20
8
36.3
37.4
8.1
8.5
10.7
8.5
11.2
12.3
10.9
13.2
9.5
15.9
22.9
21.6
31.2
8.1
21.6
39.5
35.3
13.6
15.3
35.5
24.8
13.2
26
13.3
12.6
30.1
9.2
13.5
22.3
9.9
15.5
13
10.7
21.4
15.4
21.5
11.1
9
13.1
15.4
8.9
19.2
10.5
24.1
11.3
17.1
11.4
19.3
14.3
16
14.9
17.7
20.5
11.8
10.9
10.4
22.1
11.5
13.7
39.7
32.9
11.3
13.6
11.5
16.6
8
17.2
11.2
11
19
36.9
11.5
22
23
19
11.7
8.6
14.5
18.8
22.1
8
8.1
68.1
15.2
10.7
18.8
11.4
11.6
13.1
10.7
19.2
26
11.3
57.3
13.4
11.5
12.3
8.3
42.3
35
18.3
43.9
28.3
10.8
20.7
17.3
9.4
25.7
33.6
23.6
37.8
18.6
9.2
19.1
21.3
21.9
19.3
9.5
33.2
25.5
14.6
36.1
23.7
13.1
44.6
17.3
16.4
16.5
25.5
18.9
16.4
10.4
15.3
12.2
36.8
12.9
25.3
33
23.9
17.6
11
15.7
11
21.9
16
17.9
14.9
12.1
8.6
20.2
17.1
39.2
23.3
24.7
49
10
26.7
14.4
13.3
13.3
12.4
31.4
29
26.9
19.1
13.4
12.3
17.3
13.5
9.2
11.2
10
27.5
13.5
12.1
16.2
15.8
8.3
8.4
18.2
9.1
15.6
22
12.2
25.4
8.4
23.4
15.8
14.9
14.4
8
21.9
8.3
12.4
11.3
15.5
39.8
14.7
13.4
11.8
8.5
11.2
10.5
26.4
13.4
14.4
11.1
11.8
10
19.9
9.1
8.1
11.5
10.6
11
8.6
19.6
27.1
45.5
22.8
26.8
23.5
17.1
13.3
24.3
24.4
8.1
13.4
15
13.7
15.6
11.3
15.5
14.8
18.9
19.7
21.3
11.5
8
19.7
28
28.7
31.3
24
28.9
42.8
13.9
18
18
16.4
8.1
25.4
17.3
25.5
31
8.4
13.9
28.9
22.5
10
25.5
28.7
28.9
22.9
30.1
17.8
42.4
17.5
24
11.8
25.5
19.3
11.1
9.7
26
14.2
28.1
29.1
19.3
25.8
12.3
8.1
22
28.3
39.4
19.4
36.9
17.7
9.6
8.6
17.8
30.2
13.7
10.1
8
12
36.4
17
13.3
29.8
19.6
39.1
15.6
9.1
35.5
8
8.9
11.1
13.7
9.2
8.1
21.8
21.1
16.8
9.6
9.4
17.2
8
12.6
29.8
8.4
12.2
9.5
14.2
21.8
26.3
8
19.3
15.2
12.5
11.9
17.7
8
8
21.5
8.3
18.5
14.5
18.9
15.9
14.9
9.8
13.2
12.2
11.2
10.4
15.5
8
9
10.6
10.9
19.2
17.2
10.9
11.3
47
23.3
10.2
40.7
27.1
21.8
23.3
20
20.5
19.2
21.6
17.2
22.6
34.4
28.4
38.8
22.4
26.8
8.2
29.4
12.9
29.5
10.7
12.5
30.7
14.3
17.5
19.7
8.2
10.5
19.6
15
14.2
11.1
10.7
28.2
17.3
9.4
50
14.6
43.4
8.2
17.9
11.4
13.1
11.4
8.2
10.6
14.1
11.9
13.7
8.2
15.6
14.1
38.5
12.8
12.8
16.5
16.6
12.2
20.1
13
21.6
22.5
25.3
14.9
9
13.3
21.3
20.2
54.7
10.7
17.4
15.6
20.4
17.1
22.6
13.1
18.2
11
22.7
15.1
11.1
10.1
11.3
11.2
8.1
20.3
16.6
14.8
8.1
19.6
13.8
14.8
41
36.7
25.9
21.7
11.2
17.9
28
8.5
34.6
17.3
20.7
31.5
19.4
41.9
37.1
9.9
12.8
22.1
20.7
16.6
12.1
14
11.4
11.2
14.2
33.2
16.1
8.3
17.7
13.4
23.1
19.8
29.7
37.4
12.4
8.2
15.3
11.3
23.8
12
22.9
17.7
8.3
15.3
8.1
16.8
20.8
16.5
9.5
20.8
14.6
10
20.8
17.9
16.5
8.2
11.9
8
19.9
8.7
15.4
33.3
17.3
8
15.7
20.7
26.8
21.3
66.7
32.9
21
13.9
14.1
27.7
13.5
21.4
9.1
11.6
14.6
9.3
20.4
14
8
15
13.1
26.6
14.8
8.7
9.4
23.3
17.9
23.5
21.3
14.4
40.2
25.9
12.9
17.6
17.3
24.6
14.7
37.2
8.1
43.9
17.8
10.9
13.1
12.4
8
9
14
41.6
14.1
16.5
19.6
8
46.7
14.4
10.1
22.5
12.5
22.6
12.7
19.3
14.2
10
16.2
14.3
23.8
8.6
11
33.1
21.8
18.2
33
27.7
8.3
8.2
10.1
9.7
30.2
8.5
27
17.2
9.9
8.3
18.8
12
25.3
31.2
8.4
16.4
14.1
12.6
9.5
14
11.5
8.6
8.6
25.5
11.2
13.4
17.7
67
10.4
9.5
29.2
9.5
8
10.3
8.6
8.2
11.9
26.3
10.9
14.3
14.6
14.8
31.8
12
22.3
28.1
21.5
22.7
9.6
12.2
14.2
21.8
23.1
14.9
13.4
27.2
26.9
38.2
15.9
29.7
8.2
8.2
20.4
18.3
18.6
16.4
15.9
25.7
12.5
19.2
15.2
12.7
22.2
12.1
14.7
29.1
29.5
21.7
23.1
12.1
31.1
11.5
13.7
13.7
49.4
10
15.5
11.3
9.9
39.7
21.4
17
13.6
11.8
38.5
11.6
13.1
9.2
10.5
22.8
12.9
14.1
12.1
8.6
15.3
21.5
34
8.2
22.8
15.5
18.1
23.2
16.8
23.3
18
19.2
24.6
9
16.8
33.4
20.6
45.4
8
8.3
9.8
15.7
17.8
23.3
9.2
9.8
15.1
11
8.3
15.7
20.7
50.5
14
14.9
15.6
33.9
14.9
10.4
8.6
9
31.5
29.7
8.8
29.5
21.9
11.7
14.4
19.5
10.1
32.4
9.1
33.3
12.7
26.8
23.9
8.2
11.5
23.3
10
24.3
25.1
20.8
17.2
10.9
26.7
25
28.3
11.6
11.8
11.5
18.6
8.1
15
11.2
11.5
23.8
19.4
24.4
19.9
10.4
29.4
35.3
21.4
26.9
8
32.8
66.8
18.9
18.3
12.1
26.5
8.2
10.6
20.6
24.5
27.2
8.2
13.4
8.1
27
17
12
25.8
13.2
17.2
27.7
21.3
33.3
8.6
12.2
37.2
19.7
11.7
12.5
20.7
34.4
16.4
19.5
14.1
20.6
14.2
13.8
18.6
18.7
15
18.2
9.5
9
8.2
11.4
16.3
11.7
18.3
35.9
11.6
22.1
10.2
11.6
33.3
31.8
8.2
31.8
13.7
8
8.1
14.8
11.6
8.2
8.1
19.2
38.1
13.4
12.3
26.2
19.2
13.9
39.6
12.8
12.6
8
11
19.6
23.4
8.1
25.9
11.2
15.8
11
23
12
9.3
11.7
10.9
8.3
15.6
8.9
13.6
39.1
16.5
24.2
25.2
9
14.9
17.9
17.2
17.2
17
8.2
9.6
11.2
9.4
12
18.5
13.2
11.1
23.8
10.1
13.8
26.1
20
18.1
19.7
16
19.1
10.2
14.7
34.6
23.7
12.4
11.1
10.7
10.1
8.4
8.2
26.1
30.4
15
18.3
38.8
17.2
8.5
12.9
20.5
22.1
9.6
16
30.3
31.3
8.2
26.3
26
26.9
29.6
10.7
8.2
30.3
14.8
22.3
11.3
12.8
8
16.3
13.4
30.1
19.4
18
9.1
36
40.9
10.4
38.6
17.2
19.5
11.5
37.5
12.3
13.9
16.9
11.7
18.1
24.7
18.9
45.5
29.2
25.8
8
8
8.1
9.9
14.5
23.5
31.1
33.2
12
27.9
10
15.8
27.7
10.5
13.2
12.6
51.6
22.3
11.3
8.5
33.8
8.7
12.1
20.2
48.1
8.5
13.2
8.5
15
9.3
11.6
40
14.8
35.5
19.5
26.7
29
23.3
19.6
16.8
12
12.2
16
11.1
9.7
32.9
22.8
8.3
23.7
33.8
12.3
30.9
18.3
27.4
11.4
14.7
46.3
12.6
19.9
52.7
9.3
11.7
13.5
13.1
12.1
9.5
11.2
9.8
20.1
21.3
26
16.3
12.4
38.9
13.7
13.2
23.9
15.9
17.7
11.3
28.6
14.4
16.1
25.1
14.3
21.8
8.2
21.4
23.7
9
15.7
8
8
13.4
23.6
9.8
21.5
31.4
17.1
15
10.7
9.6
23.3
25.8
10.1
9.7
9.8
19.3
11.6
14.7
11.8
33.2
10.3
12.7
8.5
10.6
44.8
13.5
25.4
14
9
13.1
23.8
28.5
34.4
25.4
20.8
12.6
8.7
13.1
10.6
9.4
16.8
8.5
16.1
8.1
25
14.2
12
19.1
15.5
20.9
24.3
13.3
36.9
21.2
20.4
11.1
8.1
31.4
22.1
17.6
13.5
23
16.6
15.1
8.7
18.5
10.7
21.6
35.8
8.4
14.2
8.2
9.5
21.2
27.4
18.5
30
20.9
10.2
9.4
8.2
18.1
14.5
16.9
19.8
9.1
10.5
11.4
24.5
39.1
17.1
15.2
15.2
8.8
24.6
20.6
9.9
19.1
39.4
27.6
44.7
15.3
9.7
19.7
13.3
12.1
17.6
11.4
20.2
13.8
16
19
8.7
9.8
9.4
17.4
10.7
12.7
19.1
8.2
27.1
10.8
24.6
18.7
19.1
8.4
19.8
18.7
12.5
13.7
8.3
11.6
16.1
13.6
23.7
19.4
8.3
9.1
13.3
15.4
10.4
13.4
19.7
13.9
14.1
13.9
25.6
9.1
19.2
40.2
9.4
17
14.5
19.6
18.5
10.7
17.5
15.3
21.9
13.8
8.2
8.2
9.3
13
9.4
9
8
21.3
12.8
21.7
26.8
17.9
25.4
9.1
8
23.3
10.2
28.1
12.3
17.5
17.6
34.4
14.1
8.1
30.6
9.4
8.3
13.2
15.1
31.1
17.9
17.9
23.6
20.6
23
15.1
14.7
16.2
25.8
23.3
13.1
41.4
16.3
28.6
15.1
20
9
20.9
10.2
24.4
10.1
20.1
27.3
8.5
10.3
9.6
10.1
13.6
18.5
15
24
28.9
22
10.6
10.7
8.5
13.8
19.5
10.4
16.5
9.6
21
12.3
25.8
11.5
50.5
11
19
13.8
14.3
12
15.7
24.3
21.2
12.3
17.3
21.4
14.1
15.1
45.6
16.7
27.2
22.7
12.6
10.5
9.2
14.1
14.4
12
18.2
15.5
11.8
12.3
30.8
11.1
8.2
25
13.8
17
11.6
9.6
10.1
25.4
26.1
13.7
19.9
10.3
17.7
19.9
8.4
24.1
9.9
9.5
16.3
15.2
31.7
15.5
19.5
8.3
13.7
12.7
18.1
14.6
10.3
19.9
24.7
8.1
10.5
21
10.8
14.3
39.5
8.3
8.2
27
11.2
12.9
20.8
16.3
16.3
16.9
8.2
18.4
19.4
25.7
9
12.5
9.5
20
28.5
16.4
20.5
10.5
9.9
8.7
26.8
22.1
8.4
25.3
19.6
9.7
19.2
14.6
19
24.8
27.8
17.2
17.6
10.7
10.4
14
22.5
26.5
16.7
51.5
17.5
8.1
41.5
11.2
13.3
14.2
17.2
12.3
48.6
14.1
13.6
10.4
30.5
9.1
14.3
8.1
11.2
9
9.3
24.6
13.5
41.5
9.6
8.3
34.1
16.2
13.9
20.3
12.9
29.8
41.4
37.6
10.7
27.5
12.8
25.8
19.2
14.4
14.5
8.5
9.6
21.7
10.6
22.8
18.9
32.2
21.2
8.8
9
13.5
29.3
15.8
17
43.8
15.3
9.4
30.1
12
43.5
18.8
18.9
16.4
23.4
12.5
19.1
15.7
17.6
27
18.4
16.9
45.6
33.9
32.3
8.2
10.6
10.4
13.9
12.8
22.4
19
8.4
27.2
12.3
23
17.7
43.9
13.2
15.5
8.2
8.7
13.2
26.1
8.6
25.3
24
26.5
14.4
17.9
16.9
52.7
9.1
13.9
10.4
26.2
36.3
16.7
10.3
9.4
31.4
11.8
21
21.4
8.2
9.2
18.8
9.2
9.4
17.4
13.3
17.2
20.8
42.1
16.1
8.2
10.4
10.7
27.7
15.5
18
11.4
8.1
22.4
19.9
27.8
17.7
32.2
18.7
12.1
22.9
16.3
31.6
14.9
17.4
11.1
9.4
22.8
17.7
30
13.4
17
18.8
24.4
14.1
30.6
8.4
24
11.1
50.1
13.5
18.8
33.4
15.7
26.5
11.6
14.4
15.1
22.1
27.5
21.1
13.7
8
11.2
11.2
20
56.1
13.9
17.3
35.7
15.7
45.6
8.1
10.7
20.5
12.3
9.4
10.2
8.5
8.2
8.4
8.8
9.2
8.2
12.5
11.1
26.7
14.9
33.6
8.4
19.2
15
17.7
20.3
31.2
9.5
11.5
8.5
18
28.6
14.4
8.2
16.3
21.6
13.9
14.1
20.5
34.2
12.1
30.4
12.7
8
8.2
22.3
14.1
25.4
18.7
16.1
33.3
14.3
27
11.2
8.2
13.3
11.7
14.2
11.8
8.1
32.2
20.3
9.6
12
13.7
21.5
11.7
12.3
8.5
19.5
16.8
9
21.3
19.7
21.4
15.1
8.4
9.2
13.2
32.3
32.5
8
11.5
36.3
10.3
10.5
13.3
35.5
13.9
18.8
27.5
18.4
8.1
17.4
8.2
13.8
25.7
15.4
17.5
42.3
21.1
8.1
14.8
9.2
23.9
9
10.6
11.7
8.1
8.1
8.4
46.6
14.5
15.8
9
15.7
13.1
8.8
10.3
10.5
16.3
9.8
8.9
16
10.1
33.6
21.9
18.3
19.9
8.2
32.9
30.9
22.1
22.2
17.7
8.9
23.7
32.6
15.8
9.2
9
19.3
19.6
8.3
9.1
25.1
20.7
8
26.7
19.9
8.1
9.3
28.6
11.7
12.3
14.5
16.7
9.4
22.7
18.6
10
15.4
35.6
13.9
19.5
8
22.1
13.1
15.8
13.1
8.5
12.8
11.3
8.6
16.9
28.8
23
17.2
34.2
13
17.6
8.5
8
8.5
11.1
23.8
8.5
10
16.1
15.6
9.3
30.2
9.1
10.9
20.6
11.9
12.4
10
13
8.1
10.9
12.9
11.3
64.5
17.4
26.5
14.5
12.6
25.8
9.9
20.1
16.9
13.1
18.8
27.6
17.9
25
14.4
15.1
10.2
14.8
8.2
12.8
35.4
11.4
18.1
19.2
10.1
33.7
8.3
25
8.1
11.9
16
14.8
8
15.2
15.1
8.7
13.5
20.6
21
23.4
10.3
12.1
9.5
12.9
63.2
47.7
43.2
15.6
10.4
9.9
19.9
10.2
13.8
14.8
23.4
8
17.2
12.1
12.5
11.1
8.9
27.1
18.1
20.2
31.8
14
16.2
18.9
14
13.6
13.7
43.2
15
13.6
11.1
14
37.8
8.3
15.3
13.5
18.4
15.1
9.5
21.5
14.6
27.3
60.8
10.6
17
13.1
13.2
8.1
15.1
15.9
29.2
12.3
12.9
10.7
14.5
26.4
9.5
18.2
10.2
8.9
24.8
41.4
23.2
8.2
15.3
9.1
28.4
9.3
34.9
21.8
27.7
12.7
12.4
11.8
31.3
28.5
17
10.3
11.5
9.8
8.2
8
17.3
9.2
8.6
16.5
21.8
13.7
14.6
10.2
11.8
13.4
8.2
13.8
8.2
13
20.1
41
25.3
18.6
15.8
17.6
10.2
8.8
8
12.4
8.1
16.2
22.3
35.6
10
23.1
9.2
11.6
11.1
36.5
41
15.9
17.4
11.2
27.1
16.9
22.8
23.2
24.8
9.6
46.7
12.1
8.2
21
12.1
16.9
16.7
13.3
11.3
13.2
22.9
23.8
8
15.2
32.8
10.6
17.6
28.5
14.3
13.1
13.9
11.2
12
48.4
11.2
18
37.6
26.9
8.2
9.5
10.7
15.4
11.9
21.3
8.4
25.2
9.6
29.8
13.2
17.6
14.4
8
14.4
28.3
10.6
9.5
15.9
10.7
8
17.1
12.9
12.7
14.9
14.7
9.1
41.2
12.5
9.8
15.7
8.1
24.3
10.7
13
12.6
23
14.4
15.2
11.9
9.1
14.6
18.8
11.8
16.6
11.1
15.6
19.6
36
16
9.1
15.9
87.2
12.6
8
19.5
8
20.2
40.7
28.1
26.7
19.8
10.7
10.4
10.9
8
27.2
16.3
14.9
10.3
17.6
10.5
23.3
9.8
21.1
20.6
9.1
14.6
15.2
19.7
14.5
9.5
32.7
29.8
11
12.6
17.8
11.2
8.7
14.5
8.2
27.8
24.7
27
17.9
8.8
22.8
13
8.4
19.2
10.6
32.7
20.2
47.2
8.3
10.2
14.6
10.3
16.4
24.5
59.2
14.7
8.1
22.3
11.3
26.9
26
10
33.8
19.8
13.1
17.3
19.8
10
11.3
13.8
13.1
9.9
16.1
12.1
8
28.9
42.6
30.3
10
11.8
23.1
18.6
25.3
19.5
13.1
13.6
16.7
24.5
22.6
19.9
8.1
8.5
8.1
41.6
9.2
23.1
18.6
9.7
13.6
15.8
14.9
16.6
10
8.2
21.6
8
8.8
12.8
22.4
11.2
12.7
18.8
16.8
30.7
23.3
23
17.7
40
40.5
8.1
22.4
11.5
9.3
8
12
12.6
17.6
11.2
9.8
9.1
37.4
16.8
14.4
38.6
14.4
17
8.5
26.1
50.7
12
10
34.4
17.3
15.8
16.5
28
12.3
20.7
13
8.2
8.9
14.1
12.2
11.3
9.1
8.2
8.4
26.7
24.5
10.1
15.7
46
15.5
10.6
24
8
9.6
22.1
8
8.5
8.1
23.1
8.5
21.7
8.7
17.7
16.1
10.5
8.5
24.6
19.1
24.9
8
21.4
16.6
26.1
33.4
15.4
13.9
8.2
10.4
43.8
23.6
15.8
16.8
8.1
9.9
9.8
10.7
9.3
19.7
12.2
12.9
10.1
25.9
22.8
9.4
51.2
20.1
11.9
26.2
17.3
31.4
12.5
8.8
14.3
20.8
18.2
39.5
8.4
29.7
19.6
9
11.8
26
25.9
8.2
10.3
19.1
31.6
25
32
16.1
29
25.4
33.5
15.3
23.6
14
12.3
8.2
11.9
34.6
10.7
9.4
31.6
17.2
24.6
11.9
8.1
39
15.2
32.3
37.3
12.6
8.4
8.4
26.5
15.6
12.7
30.4
8.2
14
15.5
15.3
23.7
33.7
15.3
26.7
21
10.9
20.1
12.3
17.4
13.2
10.1
12.4
11.1
19.4
11.6
14.6
9.9
13.6
8.8
53.5
8.1
8.3
11.5
10.5
16.7
24.4
17.6
17
28.1
13.9
9.4
9.3
24
14.2
9.4
22.1
8.5
10.2
29.2
12.8
13.9
15.2
14
15.6
8.1
11.1
10.3
8.1
19.9
18.3
9.4
13.4
38
25.8
24.5
15.8
8.2
14.3
13.5
10.5
16
23.7
17.5
25.8
10
10
28.7
24.4
10.7
9.8
15.9
14.8
18.6
15.1
21.3
23.5
19.4
14.7
10.5
27.5
8.1
10.8
15.8
8.8
18.1
8.4
18.7
15.4
12.7
25.9
14.1
26.7
20.1
8.1
14.9
13.3
9.7
22.3
24.1
15.6
11.6
11.4
9.4
9.7
12.5
23.2
12.9
8.2
23.1
17.4
14.2
9.1
26
12.8
15.8
24.3
8.1
14.1
8.4
22.5
21.9
22.7
31.3
16.4
10
16.2
17
19.9
16.4
17.6
27.1
17.9
11.6
37.1
14.7
13.7
24.4
10.8
10.4
22.8
17.2
13.6
24.1
11.3
12.7
18.4
10.9
13.8
8.3
22.9
14.5
21
23.6
19.4
41.9
11.8
12.8
10.3
12
8.7
30.3
24.1
9.3
11.8
10.4
9.6
11.2
9.3
8.6
21.4
12.1
10.7
10.7
35.2
9.4
16.9
9.3
20.3
12.2
11.8
15.4
12.6
12.4
26.1
9.1
12.5
10.7
12
14.4
51.4
14.3
8.6
58.2
23
9.1
8.6
22.2
24.7
13.6
12.9
8.7
29.4
11.3
8.2
17.6
28.4
19.8
16.6
11.3
17.4
30.2
25.1
22.2
8.2
17.6
11.4
17.3
14.7
8.9
17.4
10.6
42
10.4
14.1
38.6
14.1
62.7
11.6
11.3
13.6
11.6
9.4
18.4
41
10.4
30.6
8
15.4
16.5
12.5
8.6
16.2
15.2
12.9
21.5
16.5
31.1
57.6
10.2
13.6
8.1
8.2
8.1
22.3
23
15
10.4
25.2
13.5
10.5
26.9
8.7
18.6
24.5
8.2
27.3
16.2
15.4
8.8
17.6
15.5
31.4
12.8
8.9
8.5
20.3
15.2
16.7
28.2
25.6
32.6
17
12.2
25.2
18.2
33
15.9
20.5
17.8
11.4
15.8
8.3
31.8
15.3
27.4
18.8
22.9
16.8
69.3
27.4
17.4
11.3
9.2
8.6
81.5
11.4
9.5
25
17.6
17.6
18.7
23.6
9.3
28
21.5
8.6
8.3
30
8.1
8.2
20
28.2
8.3
10.8
30.6
15.9
42.3
33.5
15.7
8.1
24.2
10.7
24.5
9.6
14.5
15.5
8.2
11
9.7
14.1
9.8
8
8.3
12.4
23
13.2
11.3
17.6
25.9
18.1
13.4
38.8
10.6
19.7
8.3
19.9
17.5
29.1
13
11.2
27.6
21.7
19.7
9.3
16
13.2
21.5
8.4
8.5
13
14.1
18.6
20.3
17.6
16.7
18
15.7
9.3
14.9
17.6
12.5
22.3
18.5
13.3
15.8
8.2
8.3
16.4
20.1
15.1
8.3
20.5
15.7
23.4
14.1
41
37.4
8
14.4
34.7
37.9
16.5
20.9
19.5
10.7
12.7
14.9
13.3
36.5
18.4
18.2
12.5
18.3
24.8
8
20.4
10.2
22.5
20.5
13.1
18.6
14.3
10.2
14.1
12.3
17.7
9.5
10.3
18.3
15.4
20.8
8.4
17.8
16.3
18.4
12.1
31.1
11.6
8.4
10.8
13.5
8.7
15.3
42
21.9
12.8
12.4
11.9
15.5
11.6
11.7
44.4
16
23.6
17.8
14.5
11.2
10.8
14.2
8.6
15
10.2
63.1
10.1
11.8
11
8.1
16.4
8
19.6
26.4
13.6
14.4
9.7
41.8
9
18.5
9.9
17.1
10.2
8.3
12.2
17.7
15
12.3
12
8.1
8.5
17.9
10.4
16.6
16.1
11
27.7
18
20.5
18.4
20.3
15.5
19.2
13.4
23.1
9.5
29
19.3
12.7
28.5
14.7
8.8
8.1
15.2
10
55
8.3
16
20.4
11.5
14.2
14.9
8.1
17.7
14.2
9
9.6
10.3
12.5
13
14.5
8.3
18.5
13.3
8
11
10.6
15.6
21.5
11.3
30.8
23.3
11.1
8.1
15.1
9.6
12
19.9
8.2
12.3
43.2
14.1
30.4
21.9
9.1
31
8.1
27.5
17.6
15.2
13.4
21.7
19.4
15.3
8.1
10.3
29.8
8.3
16.4
8.9
13
19.5
12.2
44.9
35.8
34.5
8.1
12
11
35.6
8.1
9.3
13.5
14.3
8.7
17.6
8.2
9.2
24.4
20.5
9.5
18.7
8.1
42.6
14.6
8.8
8.1
14.4
22.9
14.3
22.4
20.3
8.3
23
33.5
8.3
18.1
11.1
15.3
26.7
9.1
30.6
12.1
69.2
26.2
8.2
8
30.8
12.4
15.6
29.8
19.5
8.6
12.9
16
8
26.3
8.7
22
11.1
28.2
12.4
9.6
16.2
28.9
14.4
25.6
27.7
17.6
11.7
58.8
14
38
18.7
10.7
8.8
8.5
8.8
13.5
8.5
29.4
19.1
10.6
10
8.8
9
10.4
19.4
11.4
9.2
11
26.5
21.1
20.2
17.2
13.6
25.7
11.2
11.8
13.8
36.5
22.8
13.8
10.5
17.5
11.9
16.3
8.2
8.1
16.7
12.5
20.8
16.4
21.1
15.3
13.1
12.2
15
8.1
19.8
23.9
35.3
17.6
14.1
12.8
18.3
14.1
10.9
8.1
17
9.8
34.6
15.7
15.9
28.7
9.8
29
18.6
33.2
17.6
24
10.5
16.2
14.9
9.2
11.2
8.3
32.2
8.5
29
16
9.7
8.5
17.9
23.8
14.4
27.6
8.1
19.4
11.2
15.2
19.4
16.5
8.2
40
13.9
16.1
16
20.7
24.3
15.5
13.2
17.1
22.9
8.1
42.1
40.3
10.8
38.7
16.8
17.3
8.4
21.3
10
13.6
8
17.6
10.4
12
8.1
22.6
25.5
34.6
9.6
8
33.5
35.1
12.8
24.4
11.3
22.6
17
14.6
12.1
23.8
9.2
8.2
19.2
14.4
34.8
38.5
24.9
8
10.6
23.3
8.9
15.3
10.4
26.6
15.3
18.2
20.6
24.2
8.3
12.4
18.9
9.5
12.4
17.6
29.3
11
16.1
30.4
59
10.5
21.1
11.3
8.2
18.8
36.4
18
10.5
11
16
13.7
11.4
8.7
8
12.9
10.5
14
10.5
10.9
10.9
18.8
9
22.4
19.3
14.6
15.4
29.4
26.3
8.2
33
9.8
13
11.8
12.8
13.3
14.9
20.2
12.7
27.1
20.4
11.2
8.6
14.5
9.9
8.2
8.4
33.5
11.3
21.2
8
23.5
37.3
9.9
8.1
19
13.4
20.4
16.9
9.6
26.3
13.1
8.5
9.5
13.4
13
21.2
8
8.5
8.3
14
9.7
16.6
15.5
11.1
10.7
13.5
11.8
21.4
29.2
29.9
8.4
8.3
9.2
8.5
15.2
15.4
11.5
14.7
25.9
22.2
10.7
18.5
12.5
24.7
16.5
12.6
9.6
16.7
8.2
36
10.1
10
12.6
13.1
8
8.1
16.9
13.3
15.6
9.5
32.5
25.1
15.4
8.5
10.1
21.4
8
18.5
14.4
15.3
37.7
9.3
8.1
10.5
21.3
10.8
32.2
22.2
11.5
21.3
13.9
19.5
11
10.5
13.4
11.2
9.7
10
11.7
8
10.1
13.4
30.5
39.1
36.9
12.2
21.8
25.1
12.8
15.3
8.5
8.7
15.8
30.9
8.6
13.5
15.6
25
16.3
9.3
14
18.1
22.1
19.1
8.4
18.1
18.8
9.7
11.4
9.4
20.1
19.3
10.7
13.4
10.8
14.3
8.8
21.4
76.8
14.1
19.9
20.5
8.1
107
10.6
23.5
12.4
11
12.1
8.7
11
10.7
12.3
18.7
8.1
13.6
13.4
13.5
39
8.5
29.2
9.6
23.8
10.9
9.1
12.5
10.4
29.8
8.8
30.1
30.5
26.2
17.9
26.5
28.5
21.6
24.2
30.7
13.6
17.6
26.1
15.8
13.7
14.8
15
12.5
17.7
9.4
19.2
17.6
20.3
8.3
12.7
9.5
20.6
16.4
8.6
35.7
16.3
12.3
22
15.5
15.2
10.5
11.4
11.3
8
17.3
23.7
8
13.4
64.4
16.3
13.7
8
11.1
8.1
18.3
24.5
18.5
14.1
11.1
31
22
16
9.5
8.8
9.6
17.1
18.9
13.5
32.5
20.4
15.8
23.5
10.7
12
24.3
37.6
17
16.2
9
20.6
10.1
9.5
23.7
23.1
15.8
8.5
14.7
18.2
23
12.5
15.9
21.8
8
14.3
15.2
9.4
30.6
18.2
24.9
8.1
23
8
16.7
18.7
21.4
21.3
30.7
16.6
11.3
53.5
24.6
10.3
13.7
8
18.3
17.6
13.4
18.2
28.4
19
8.9
23.1
19.8
10
12.2
45.3
24.4
10.1
8
13.8
8.4
20.4
8.1
17.7
19.1
9.4
9.7
18.4
8.1
32.4
17.2
9.8
13.7
10.2
10.9
8.6
14.5
9.4
27.9
15.3
22.7
10.2
17.5
24.9
17.5
8.1
8.2
18.7
44
11.2
8
21.9
11.3
17.8
17.1
11.6
28
9.1
20.5
10.4
8.3
15.8
11
12.1
8.2
30.5
11.4
8.1
19.8
13
15.5
9.5
12
16.3
10.2
13.3
18.8
17.4
12.8
8.1
42.4
8.5
38.3
8.5
27.5
15.8
32.9
9.1
23.6
29.8
11.6
11.2
11.5
15.2
17.4
8.7
8.5
9.5
16.1
18.5
15
19.8
18.5
8.1
18.2
33.8
20.4
27.5
11.9
17.8
11.4
19.1
14.2
34.2
13.8
13
8.6
8.2
11.2
8.3
31
9.2
12.4
26.4
8.4
14.4
8.8
8
8
12.9
10.3
17.2
8.1
30.3
13.9
28.6
34.1
40.6
31.3
11.5
16.1
17.2
22.2
30.1
9.6
23.7
11.3
14.4
24.8
18.6
11
8.7
26
34.8
15.9
10.1
13.6
26.4
10.5
17.4
20.4
15.3
25.8
13.9
9.2
18
14.2
12.3
14.4
21.4
15.3
20.3
18.5
22.4
10.4
9.4
8.1
10.7
8.5
13.8
30
14.3
8.2
10.6
21.1
10.8
20.2
16.6
13.4
8.1
27.9
18.9
35.4
39.2
26.9
13.7
16.8
14.8
19.6
12.9
13.9
16.9
25.5
56.8
12
14.2
8
31.4
22.4
8.3
17.4
17.7
35.6
19.4
13.8
10.1
28.2
8
21.2
28.9
12
12.9
13.2
33.1
38.8
13.8
9.7
12
13.6
11.5
20.2
8.1
10.3
13.6
14
8.5
22.6
28.2
19.1
17.7
26.5
8
14.9
15
13.5
20.3
18.6
19
17.1
11
16.6
13.5
8.7
26.2
9.5
30.3
9.5
24.6
17.8
13.4
11.3
10.7
17.3
14.6
9.2
10.1
8.2
14.5
12.7
26.4
13
13.4
12.1
8.2
10.7
36.5
35
8.5
9
26.1
8.8
19.8
16
8
20.1
48
20.3
26.7
37.1
21
20.2
9.7
13.4
23.8
9.8
20.2
18.4
20.6
14.6
20.5
9.6
22.6
28.4
15.9
11.4
10.8
10.6
9.6
9.8
26
8.4
19.6
26.9
14.3
10
22.4
9
8.3
21.8
17.1
12.2
16.1
16.6
8
25.6
8.8
12.4
23.3
14.9
22.3
8.3
16.1
8
8.3
8.4
27.9
15
10
8.5
13.6
8
9.6
19.8
8
28.9
19.2
19.9
18.2
8.1
9.8
13.3
10.8
28.5
20.2
18.5
10.7
23.3
19.2
15.6
22
15.6
56
26.5
18.2
21.2
21.3
15
17.1
14.8
40.6
14.4
14.2
12.7
15.7
22.1
9.9
12.1
8.9
26.8
26.1
9.1
13.2
17.5
16.4
19.8
20
34.6
22.7
24.4
8
11.7
8.2
13.2
16.1
28.4
23.2
18
14.2
22
9.5
9.6
8.7
26.6
15.4
24
14.5
32.6
13.2
34.5
22.6
16
33.2
14.4
16.9
20.1
12.4
19.6
41.6
25.1
13.2
32
8.9
16.3
8.3
17
21.2
13.4
16
12.9
13.1
12.8
10.2
9.2
9.3
10
51.2
23.9
21.2
13.5
10.7
23.1
8.2
8.2
15.8
12.6
11
22.5
13.8
41.4
20
16.2
24.7
13.5
8.1
8
24.2
15.1
15
8.1
10.8
24.1
36.9
8.4
14.5
15.8
30.6
14.6
13.4
13.1
21.4
8.1
8.1
9.7
29.8
8.9
8.2
8.3
10.9
13.1
22.8
26
11.8
42.1
12.4
14.9
8.1
12.6
16.1
16.6
30.5
12.4
16.9
11.4
18.4
18.3
11.5
8.8
12.6
8.2
17.4
19.9
12
36.3
39.4
20.2
13.2
24.3
8.5
10.6
8.2
14.2
8.1
25.9
16.4
8.7
8.2
11.7
21.3
12.1
15.5
8
19.5
18.6
28.8
23.2
13.3
12.1
32.8
24.7
23.1
8.7
77.1
9.8
12.6
18.4
9.9
14.5
17.6
9
40.2
12.2
10
13.6
8.1
13.1
18.5
16
11.2
13.7
14.6
16
30
19.9
8
25.7
8
8.1
15
25.5
16
14.7
28.2
9.2
18.2
16.2
21.1
8
25.3
14.4
39
12.8
13.2
29
12.3
9.7
34.1
9.7
17.3
13.8
11.5
18.2
8.8
18
15.4
9.4
24.7
12.2
18.6
16.5
14.4
8.1
13.5
11.1
16.4
10.2
16.3
18.5
12
10.5
9.4
12.5
17.4
23.4
55.6
12
8
13.1
8
11.7
19.4
13.9
30.6
8.1
22.8
11
11.3
29.8
32.4
8.6
8.6
13.9
16.1
19
17.6
8.4
11.6
8.1
17.3
13.1
18.2
11
37.4
8
12.7
15.1
66.5
13.8
16.3
9.7
8.1
12
8.3
25.9
22.9
23.3
13.9
13.5
25.8
15
11.4
12.2
40.2
14.8
8.6
18.3
12.1
19.2
14.4
10.8
19.1
22.1
15.6
20.9
33.9
9.8
14
24.4
20.3
16.1
8.3
17.3
8.1
9.1
8
21
8.2
22.1
36.3
11.2
27.2
9.5
11
8
11.7
13.8
8.2
11.4
16.9
26.4
16.5
15.8
27.1
23.6
14.4
27.8
9.6
10.7
19.1
26
15.2
8.2
11.7
8.3
11.5
8.7
8
11.7
11.6
35.8
8.3
38.4
15.4
17.5
13.6
23.5
21.4
13.4
10.5
15.7
12.2
17.5
12.8
8.4
14.4
8.4
14.2
15.3
15.6
20
16.1
20.9
22.1
14.1
14.7
11.7
22.3
29
48.6
47.3
14
9.7
10.6
16.1
15.4
12.5
34.3
13
8.1
13.8
31.9
19.7
10.2
21.6
16.3
14.5
12.4
14.3
20.9
8
23.6
8
26.5
18.4
11.9
11.3
17.9
11.7
17.8
52
8.7
13.4
19.1
28
26.8
25.5
12.1
8.2
8.7
18.2
19
9.3
23.4
34.8
38.1
59.3
22.3
15.5
14.7
17.9
8.2
10.7
9.6
12.1
8.9
8.4
8.3
17.8
25.1
36.4
24.7
8.1
9.9
14.2
21.3
8.1
9.5
33
15.6
41.7
21.7
12.4
15.7
29.1
22.2
16.4
18.2
26.7
37.6
27.2
15.6
12
9.2
8.7
17.2
24.1
13.5
34.7
18.8
14.9
16.2
14.3
9.6
8.1
11.1
10.4
8
16
8.5
9
11.2
30.3
25.4
11
14.4
8
8
13.2
9.1
12
13.8
8
27.7
12.1
17.3
9.9
8.1
40.2
12.5
21.5
13.4
13.7
15.3
11.8
15.4
16.6
30.2
13.5
22.5
9
34.4
33.3
8.2
47.6
29.2
9.4
14.3
8.6
8.4
14.4
31.9
17.9
17.9
11.7
12
31.5
17.9
11.9
10
22.2
8.2
28.6
19.7
13.1
8.2
10.7
20.3
13.9
13.4
10.6
16.9
11.1
10.5
10.2
8.2
13.8
17
20.1
25.6
10.3
9.4
9.5
19.3
9.7
8.6
14.3
11.5
8.3
10.7
20.2
8
8
11.2
12.1
37.6
31.7
9.8
15.6
10.7
23.8
10.4
33.9
11.3
8
8.2
8.1
8.8
10.4
11.9
12.2
27.6
14.1
13.7
35.7
23.5
10.4
25.6
15.5
18.4
18.2
10.2
27.3
19
8.1
19.9
12.7
35.4
37.4
14
13.6
14.8
15.8
27.5
10.7
9.5
10.5
28.6
27.8
8.1
17
12.8
8.3
18.2
15.8
19.1
29.5
20.7
8.7
10
10.8
19
15.3
25.3
16
40.3
19.6
16.5
15.9
10.2
19.6
13.5
12.2
12.6
8.3
14.4
19.2
26.5
20
8.3
26.4
13.6
29.1
24
39.8
13.8
10.8
26.2
26.5
8
11.7
37.3
8.2
10
17.9
26.1
8
8.2
13.3
8.1
32.9
13.5
31.7
41.2
15.4
29.5
26.2
15.3
16.6
12.9
9.9
19.2
9.8
14.5
12.3
12
10.1
8.2
16.4
21.8
8.6
12.5
20.2
18.4
13.5
22.7
13.6
19.8
11.9
8.2
23.4
17.8
31.9
10.6
13.2
13.9
26.9
17
18.9
23
20.9
10.3
11
40.5
28.5
17
10.3
8.4
8.9
12.1
9.3
10.2
8
11.4
13.9
10
24.5
12.8
15
26.9
37.2
23.5
12.9
12.7
8
9.3
17.2
11.5
9.3
10.9
10.6
41.5
10.7
9.4
13.3
20.6
22.4
25
12.4
9.3
13.8
8
17
25.2
14.6
21.4
15.8
9.6
12.4
24.3
15.6
39
11
21.8
24.7
19.1
12.1
17.3
29.9
11.8
20.9
20.2
9.2
28.5
27.5
27.4
13.2
10.5
13
16.5
8.6
10.5
11.3
18.3
50.7
8.2
26
9.2
23.5
16.1
26.4
12.6
31.3
12.5
8
13.5
13.2
19.9
13.4
36.8
9.5
13
19.8
9
19.6
13.8
8.7
11.1
9.2
17.4
12.6
9.6
16.2
34.4
9.7
12
14.6
10.3
19.5
21.5
16
11.5
36.5
8.1
19.7
9.7
30
20.8
10.9
19.3
15.9
40.7
8.3
8
10.1
24.9
14.5
34.1
19.2
8.6
20.9
10
11.3
8.1
10.4
9
34.2
11.7
13.2
20
12
12.9
20.2
17
14.2
37.4
9.1
11.5
9.1
12.7
12.2
8.2
32
8.5
8.3
13.8
11.3
8.1
13.1
17.3
9.5
14.2
9.5
13.7
9.1
28.8
19
15.1
8
16.6
27.6
12.9
19.2
16.8
8.7
12.7
13.4
8.2
17
23.1
13.1
9.2
21.3
11.9
11.3
15.1
8.1
8.5
46.6
30.8
43.4
19.8
20
10.7
8.2
10
24.6
15.5
8
57
13.4
31
9.1
8.6
16.6
8.6
26.8
9
12.6
11.6
12.4
18
11.1
8.3
8.2
8
12.9
20.6
9.2
11.8
9.7
42
8.8
12.3
10.5
8.6
9
29.4
20.7
10
13.8
9.7
16.7
35.8
8
17.9
15.6
16.4
12.1
8.5
29.4
20
29.2
13.2
43.3
13.9
16.3
13.3
11.2
23.5
11.2
15.1
10.6
19.5
13.8
8.5
16.3
8.4
13.8
36.6
11
12.5
29.9
23.2
11.3
9.4
10.3
10.2
10.1
15.9
45.1
24.5
12.5
20.3
17.6
10.9
13.3
18.3
8.9
11.4
10.1
19.3
9.6
12
10.8
16.4
13.3
11.5
17.9
10.2
8.2
9.1
12.9
17.8
9.1
11.8
13.7
13
10.3
19.2
21.6
8.1
17.7
9.5
21
9.6
11.2
37
15.9
9.4
8
14.9
12
13.9
10.1
9.5
9.8
18.4
17.4
9.7
16.1
11.8
9.7
14.2
28.4
9.2
9
12
15.7
17.8
11.1
8.1
8.2
29.3
9.5
29.4
10.4
28.8
11.1
15.1
10.1
41.5
18.7
19.7
36.8
14.1
14.8
13.8
8.4
8
25.9
13.8
11.9
9.3
30.2
14.1
22
18.1
8
11.7
11.9
11.8
16
12.8
17.8
38.6
10.6
15.5
10.2
8.1
8.4
8.4
32
8.6
11.5
11
9.6
9.8
8.1
11.3
30.6
9.6
8
12.4
17.4
24.2
25.5
19.5
10.9
15.1
11.5
11.9
8.2
14.3
10.2
8.3
10.9
22.2
10.5
27.3
15.7
17.2
15.6
8.8
22.3
10
16.8
11.2
17
15.7
19.7
20.1
13.9
20
12.9
9.1
22.7
37.8
18.5
14.4
10.5
26.3
10.4
8
21.2
10
14.2
8.3
38.8
25.1
18.3
19.2
12.7
15.4
14.1
18.1
15
15.4
12.4
8.2
14.5
24.4
26.4
26.2
8.8
23.3
10
18.4
25.6
30.9
21.8
34.2
14.6
21.1
9.9
10
23.1
18.3
8.6
20.4
8.8
9.7
10.4
8.3
27.6
8.4
19.8
10.1
9.5
8.6
9.6
12.3
9.5
27.9
41.6
12.2
8.2
18.9
37.6
14.7
13.7
15
8.8
11
12.2
10
17.3
13.6
8.4
10
13.4
13.1
11.9
15.1
11.6
22
8.1
16.4
13.6
8.8
8.2
18.9
20.5
23.2
8.4
22.6
8.1
28.6
9.7
10
9.7
31.8
42
8.3
27.6
9.5
16.3
31
8.2
8.2
20
16.6
16
10.2
8.4
9.7
13.5
9.1
24.5
8.3
27
9.5
16.9
8.7
13.4
38.7
19.4
10.3
53.4
35.7
10.4
27.3
14.9
8
8.1
22.4
52.4
14.5
15.9
10.9
19.4
8.2
24.3
14.4
12.5
15.5
22.6
14.5
17.9
10
10.8
16.8
13.4
10.4
20.6
26.6
23
25
29.7
21.8
23.2
23.8
15.4
14.1
19.2
8.8
8.5
8.3
39.2
14.2
21.8
12.2
25.4
8.4
11.4
10.8
25.1
11.5
19.9
45.4
14.7
14.9
8.9
8.8
8.4
16.9
18.5
10.8
11.6
30.2
23.8
19.8
19.4
8.3
14.7
8.7
16.2
8.1
8.4
10.9
19.7
8
8.6
9.3
9.4
13.1
21.1
10
12.3
12.9
15.9
19.7
21.5
39.6
13.7
35.9
15.5
10.8
10.5
18.8
17.6
8.4
12.7
8.1
19.8
24.6
21.5
20.2
10.4
13.7
9.8
11.3
12.9
9
8
8.6
11.5
14.1
21.2
8.9
22.6
26.5
13.4
14.7
13.6
18
12.5
16.3
18.5
18.6
8.7
33.6
24
15.5
9.3
12.2
24
8.7
34.3
26.2
8.1
9.4
13.1
16.1
35.5
51.2
14.4
12.5
11.6
15.4
21.7
14
17.9
23.1
10.9
10.3
13.5
26.4
10.2
8.3
18.2
9.3
14.7
10.7
12.2
9.2
16.4
9.9
11.6
8
17.3
9.7
20.3
28.1
8.6
20.7
25.7
24.9
29.8
27.1
12.4
8.5
8
10.7
15
14.5
22.6
32.6
23.1
37.9
14.5
8.1
8.6
10.6
9.9
10
9.5
10.8
10.3
13.2
16
9
28.4
19.2
8.9
39.8
16.1
28.1
16
15.2
14
19.6
77.6
24.5
16.1
11.9
8.4
15.7
8
12.3
11.9
10.4
26
17.3
17.4
17.4
8.2
8
18.7
9.7
26.9
52.5
9.8
10.6
17.4
10
37
11.1
13.2
11.1
8.8
10.3
12.8
17.8
15.2
8.2
8.2
19.8
9.7
10.7
10.6
8.5
27.4
10
14.6
20.2
24
10.3
8.4
11.8
16.1
13.2
9.5
30.3
10.7
17.2
25.8
11
15.5
30.7
17.6
8.2
16.6
8.1
8.4
9.5
9.6
24.7
32.6
25.8
10.3
8
16.3
8.9
18.5
36.3
10
32.7
17
8.9
8.7
27.7
8.4
11.1
22.3
21.4
15.5
11.2
9.8
24.3
12
8.5
37.7
36.7
46
8
14.9
12.1
19.6
23.4
19.4
17.1
39.4
11.5
32.2
20.1
8.1
12.8
18.8
21.3
8.6
19
8.5
11.9
34
11.9
10.4
15.8
13.4
9.7
13.8
23.7
8.6
12
14.9
14.2
10
14.3
8.5
22.1
14
17.2
12.6
16.7
8.4
8.5
8
8.6
18.1
16.6
9.5
8.2
9.8
9
18.7
20.7
12.9
9.3
20
19.8
9.2
12.4
16
24
8.7
8.1
12.3
8.2
17.8
8.1
11.2
24
8.1
31.7
22.1
8.3
13.8
22.5
8.5
14.7
14.7
9.4
20.6
9.2
33.6
16.2
12.1
15.7
22.6
8.2
24.5
16.2
26.8
8.5
43.1
42.5
31
43.6
11.8
8
9
13
8.9
11.4
18.3
10
8.5
8.7
11.5
8
11.6
22.2
8.6
8.4
14.3
22.8
26.8
26.8
34.2
12.3
11
11
25.3
12.9
20.2
14.9
16.2
11.2
28.7
9.6
9.8
13.3
8
8
8.5
13.7
17.3
8.1
20.1
24.3
10.3
19.7
12.8
21.2
13.4
32.2
10.9
12
20.3
24.8
44.7
8.2
12.1
10.8
46.7
23
16.4
20.3
14.8
10
14.8
15.2
15.7
23
52.2
11
51.8
14.8
12.7
9.6
8.5
12.3
20.9
14.4
11.1
26.4
8
15.6
9.9
25.3
27.2
11.9
15.1
9
20.5
14
9.9
11.3
8.1
14.2
8.1
12.6
9.7
14.8
9.1
8.1
8.1
10.4
23.5
17.3
10.6
11.2
12.2
10
13.5
21.1
22.2
8.5
8.3
16.7
28.9
20.5
20.1
19.3
12
13.6
12.5
15.4
15.1
12
12.9
22.8
8.8
8.5
16.2
8.1
14.2
28.7
36.2
29
17.6
15
26.1
24.3
8.5
8
21.8
8.1
19.6
10.4
18.9
21.5
17.2
24
11
8.1
33.9
15.1
10.7
8.6
9.9
8.4
9.3
15.6
22.8
17.9
57.9
10.1
15.7
17.3
40.2
11
22.5
18.9
10.7
18.3
13.4
23.5
13
8
10.2
39.8
14.3
17.3
16.4
22.4
14.2
10
11.2
13.8
9
26.8
25.1
13
17.4
16.9
10.4
13.1
8.6
15.3
56.2
12
8.5
18.1
17.3
16.4
9.7
25.7
20
29.2
14.1
36.4
14.2
11.5
17.5
10.6
14.4
34
12.5
8.8
13.5
12.9
22.5
22.6
10.5
8.8
10.8
8.3
16.9
11
24.3
10.4
18.5
8.4
29.4
10.1
8.2
8
17.9
8.1
17.7
8.2
11.9
12.8
16.4
14.5
10.1
18.5
11.9
14.9
17.2
29.6
8.8
28.7
13.4
8.4
11.2
27.7
51.6
15.6
38.5
15.7
39.2
11.4
12.7
9.2
8
8.3
19.9
26.1
9.3
18.7
8
8
19.5
12.4
10.2
28
9.6
8.6
15.6
18.7
8.2
12.6
15.3
9.3
12
10.5
20.5
11.3
9.4
9.1
8.7
10.8
16.9
13.9
14.8
31.4
17.5
12.9
10.9
10.7
36.7
15.3
17
11.5
16.2
29.4
15.8
8.3
10.3
8.7
17.9
8
32.9
40.6
8.3
23.3
8.5
16.8
8.5
8.2
14.5
55.8
23.9
13.5
8.1
13.7
14.1
8
21.3
17.6
12
10.8
10.3
18
10.5
31.7
16.6
11.7
8.2
9.4
8.2
9.8
8.3
10.7
21
21.7
10
9.1
9.5
15.4
11.2
8.1
10.5
10
9.4
9.4
10.4
8.4
9.1
20
15.8
8.4
10.9
14.8
14.7
8
8.1
16.6
9.8
19.6
15.5
23.4
11.4
16
22.2
34.6
8.7
11.2
30.8
13.6
25.7
27.1
14.5
16.1
18.1
18
8.3
11.6
14.4
11.1
8.1
15.1
11.6
26.8
20.7
13.1
27.2
24.6
30.1
12.1
21.8
17.8
14.7
10.5
16.6
16.4
14.3
12.7
19.7
15.2
14.7
11.1
10.7
28.9
8.4
9.6
8.5
8.2
20
24.4
22.6
14.8
8.1
17.6
8
45.6
27.7
18.5
30.7
10.1
18.2
11.8
11.3
18
16.4
8.2
9
11.4
18
13.1
27.1
25.3
8.4
8
8
29.7
10.2
16.7
8.2
11.8
17.8
13.3
22.5
9.8
29.8
15.4
19.5
9.6
40.9
18.2
14.4
17.3
18.4
14.9
9.7
11.6
10.2
13.4
18.4
16.4
16.7
34.2
8.4
10.4
16.1
8.8
12.3
12.4
8.2
13.2
9.3
8.6
12.4
8.4
12.1
8
27.7
11.2
8.3
23.9
8
15
9.2
13.7
13
31.5
16.7
8.9
10.3
17.1
15.9
12.1
15.1
24.4
8.4
13.5
18.3
19.1
9.8
8
22.4
13.9
8.5
20.8
24.5
14
13.1
12.2
11.8
12.7
8.2
17.4
23.8
20
19.3
13.6
8.9
13.4
8.2
22.2
9.2
19.7
10.2
11.7
17.6
16.8
9.8
16.3
21.4
8.2
12.7
11.3
26.6
24.7
14.8
10
20
10.2
16.2
8.3
11.6
10.8
9.8
9
18.2
22.3
28.1
13.8
33
10
10.4
8.2
14.5
24.2
33.4
17.7
22.2
24.1
27.8
10.4
14.5
12.4
18.1
13.8
8.1
10.5
15.3
33
12.3
19.5
11.5
9.2
18.8
9.8
8.5
15.3
28.6
11.6
40.2
8.7
9.6
23.5
14.2
8.1
23.2
11.9
70.1
25.3
13.8
39.6
15.3
14.4
13.5
10.9
52.9
8.1
20.6
8.5
15.7
12.5
24.4
15.6
26.7
11.9
8
10.7
8.3
22.4
51.8
9
33.6
8.4
9.5
59.1
13.2
15.4
27.5
8.2
9.4
16
10.7
11.2
13.4
12.5
12.6
11.4
16.3
8.4
9.3
8.2
10.1
11.8
20.7
13.3
13.2
11.2
8
8.1
8.3
10.5
8.2
14.3
29.3
27.8
8.3
13.9
11.6
22.3
10.9
10
24.4
8.3
34.5
91.4
17.2
14.2
8.2
8
8.3
8
18.3
44.9
15.5
32.8
11.2
43.6
42.2
19.2
19.1
23
10.4
17.8
8.1
24.9
16.9
13.7
15.6
11.9
8
23.7
16.3
8.1
12.6
8
9.2
13.7
10.8
21.5
8.2
24.4
19
8.5
23.5
18.2
11.7
8.6
10.5
15
14
12.5
8.6
26.2
10.9
18.9
32.9
50.9
10.4
16.3
12.1
48.8
16.8
12.1
19.8
8
11.6
16.4
12.6
12.7
10.7
52.2
14.4
8
8.2
11.6
12.7
34
8.7
15.7
8.3
11
21.9
9.4
18.2
8.1
30.7
19.8
8.2
10.4
10.2
24.1
8.1
13.9
10.9
9.5
13.9
26.9
17.5
10.8
12.2
8.1
8.2
8.1
8.7
29
13
11.7
23.7
11.3
11
15.9
14.5
8.9
10.4
21.2
11.4
8.2
12.5
17.6
14.2
13.7
8.8
9.8
14
8.2
13.4
13.2
8.6
15.1
13.7
29.3
8.3
9.8
9.5
8
17.6
22.8
17.7
8.9
8.2
18.7
11.2
9.5
8.1
11
14.3
16.7
9.8
19.9
18.6
14.1
12
8.2
29.2
8.1
15.8
15.1
26.7
16.1
13.1
11.6
15.2
10.7
21.8
22.4
33.4
10.9
16.4
13.5
19.7
37.9
9.2
22.7
23.9
10.7
15.8
10.9
8.1
21.1
8.4
27.8
12.8
9.9
12.6
13.7
17.3
8.6
25
8
8.1
11.6
15.8
28.9
8
14.7
14
27.6
34.3
8.1
8.3
19.7
12.1
15
9.9
9.1
14.6
24.2
21.9
15.5
14.1
21.4
10.9
11.4
14.4
15.7
9.6
17.9
10.6
12
16.6
9.5
8.2
9.3
8.1
8
24.7
14.1
26.5
13.8
10
19.4
15.8
7.3
8.4
19.8
29.8
12.5
9.7
19.5
10.6
10.6
7.6
9.6
22
21.7
9.5
8.7
8.3
15.5
7.1
16.3
7.1
8.1
7.2
12.6
17.1
9.3
20.7
9.5
11
23.8
10.6
10.3
7
8.3
9.2
24.5
8.4
15.7
10.8
9.6
10.2
16
7.2
10.1
21
22.8
43
13.5
11.2
9.2
7.8
17.6
13.9
7.8
14.9
10.9
7.5
7.1
8.7
14.5
12.2
7.3
8.9
16.3
16.7
7.3
30.4
24.8
7.3
7.7
7.1
35.7
20.7
11.6
26.6
14.2
13
13.3
19.7
18.1
20.4
15.1
17.9
34.4
19.2
11.3
13.1
7
7
10
8
10.8
7.7
7.1
7.1
23.6
13
7.1
10.7
9.8
11.6
25.8
12.5
10.6
7
14.2
23.4
7.4
9.1
13.5
37.7
17.6
7.1
14.3
10
37.4
7.1
7
9.3
7.8
9.1
11.9
13.2
10.8
8.9
13.8
7.3
12.6
8
10.4
11.5
18.6
12
7.3
14.7
12.8
9.8
7.6
7.1
7.7
8.3
9.6
7.3
26.6
13.4
24.5
7
13.9
7
24.2
7.2
7
8.4
11.9
7.6
21.1
10.7
10.6
9.5
26.6
13.5
7.1
7.4
7.5
15.7
12.5
10.9
8.8
9.8
11.6
17.2
10
14.7
7.1
31.8
26.6
8
8.4
25.2
11.1
16.1
8.8
12.7
8.2
14.3
7.6
11.6
7.3
7
7.5
14.9
7.4
9.3
12.1
7
13.6
87.4
10.2
7.6
7.2
13.9
7.5
13.8
7.1
19.7
7.1
22.5
11.2
17.6
27.5
10.2
12.2
12.4
9.7
8
10.8
17.5
13.4
8.8
32.2
15.6
7
18.2
8.8
13.2
8
7.1
11.8
10.4
14.8
7.3
9.7
19.9
14.9
9.6
10.3
10.9
15.8
11.8
16.2
31.3
7.2
7
19.5
15.9
11.1
7.9
19.5
8.8
10.9
7.3
35
7.7
21.4
7.2
13.8
11.5
19.1
7.4
8.4
7
8.9
15.7
37.3
7.8
7
30.8
10.4
10.8
22.1
13
11.2
13.8
14.3
12.7
9.1
19.1
24.7
19
13.7
32.3
7.4
7.1
18
9.5
18.1
15.6
7.1
7
7
7
22.7
8.3
15.6
7.7
10.5
17
39.2
9.4
14.6
31.4
12.7
7
16.4
14.5
12.3
8.2
7.3
10.3
16.3
21
16.6
7
20.1
7.4
7.3
9.9
7.2
7.2
46
7.1
7.1
7
7
8
7.1
12.2
7.1
7
7.1
7
7.8
12.1
11.1
7.1
9.6
18.9
9.1
16.8
22.6
8.8
20.4
7.6
19.2
9.2
7.3
18.1
8.1
8.1
11.5
7.3
11.2
13.4
15.1
15.8
10.4
13.5
23.9
7.4
28.8
8.5
29.2
23.3
26.9
12.2
9
11.3
7.1
7.1
7.1
10.2
18.4
7.1
11.9
7.1
29.1
12.6
27.4
15.1
25.2
23.1
7
12.4
7.1
11.1
17.1
40.9
8.2
16.6
7
10.4
8.9
9.2
37.1
27.2
15.4
11.6
104.7
24.1
18.4
7.6
7.2
7.4
10.2
15.9
12.7
16.7
21.4
29.9
7.2
33.6
7.5
7
7.6
7.1
32
7.6
47.3
10.2
16.7
11.3
23.5
12.2
9.5
23.1
8.7
7.1
15.1
30.3
41.9
8.4
7.2
9.7
9.3
27
8.9
10.8
10.8
21
21.9
8.1
7.3
9.9
11.6
7.3
25.1
7.1
27.2
16.3
9.4
7.3
16.3
7.4
10.2
11.5
7.5
12.5
18.5
11
11.1
28.5
12.6
18.1
7.1
16.5
16.5
15.8
11.3
25.9
14
7.2
10.1
7.1
33.6
8
18.2
7.9
10.3
10.8
11.8
7
12.7
7.5
12.4
10.9
10.1
23
27.3
7.8
8
10.2
13.2
13.9
7.2
13.3
10.6
7.1
8
7
7.1
18.3
36.1
8.7
13.1
13.5
35.5
7
13.8
12.7
11.5
20
10.8
9.1
9.9
9.5
8.5
7.1
56.3
26.2
10.5
13.3
16.5
13.5
20.6
9.9
12.2
27.5
9.8
42.6
26.9
13.6
11.7
22.7
7.3
7.2
14.1
7.2
7
7.2
27.7
8.2
14.8
11.3
8.3
11.5
7.1
13.2
9.1
7.2
10.1
19.4
7
8.8
9.8
16.3
7.2
15.7
10
22.5
7.1
7
7.2
8.9
7.7
7.3
9
7
7.1
7.4
22
19.9
12.9
10.7
13.8
12.2
11.3
10
8.7
13.3
10.3
7
8
7
11.1
9.8
8.8
17
21.4
10.3
7
22.3
12.5
9.3
7.6
7.1
7
7
13
12
17.7
7.2
17.1
16.1
22.1
12.2
22.8
12.5
29.1
24.6
8
8.8
7.3
10.9
11.3
10.2
10.5
25.8
18.2
7.1
9.6
10.9
7.1
7.4
10.4
14.2
7
25.3
10
15
15.9
15.8
18
7.4
16.2
8
7
7.5
11.1
22.9
7.2
11.3
13.2
7.6
7.1
8.5
11.8
14.1
14.9
9
18.6
7.1
10
8.1
11.7
19
12.8
9.6
11.4
12.2
20.1
7.2
7.4
10.1
7.2
11
9.8
7
18.6
12.4
16.5
7.1
11.3
7.3
14.4
17
7.1
7
7.2
7.1
10.6
10.8
10
7.4
19.1
9.4
19.5
7
9.7
7.2
8.2
8.8
14.3
8.8
8.4
16.2
19.9
10.1
7.7
9.2
16.7
8.6
7.5
10.6
23
7.9
7.8
7.3
13.3
17.7
13.7
20.6
7.1
22.7
7.5
8.4
31.7
7.1
18
7
12.4
10.9
7.1
15.7
7
31.3
13.5
7.1
13.7
7.3
28.7
34.3
9.9
7.2
18.1
7.2
17.8
12
16.9
7.3
7.2
11
7.1
7.2
25
7.1
34.9
7.7
38.6
7.3
18.1
11.2
12.9
7
7.2
7
22
23.4
9.9
11.9
7.1
10
19.6
7.1
17.7
22.8
7
18.4
7.1
10.9
21.9
12
8
9.4
16.5
14.5
29.9
12.6
9.7
7.8
7.1
7
8.1
12
16
7.1
8
9.5
7
7.4
9.2
22.4
7.3
10.6
13.5
7.4
35
19.3
17.3
17.8
8.7
7.2
9.3
7
19.9
13.9
10.8
7
10.5
11.9
7.1
7
7.2
14.5
13.5
7.3
18
7
39.3
12.6
7
7.2
10
21.5
15.8
12.7
11.1
10.8
7.1
13.1
14.6
10.9
8
20.9
13.5
7
8.5
10
9.5
7.4
7.5
17.2
39.9
7
7.2
22.8
17.4
17.4
15.7
28.4
13.6
15.8
10.7
21
12.8
7.6
7.4
7.2
7.1
13.3
7
7.1
7.1
17.7
17.3
9.2
18.8
14.1
16.6
17.1
8.8
8.4
12.2
7
9.9
8.6
11.9
15.5
10.9
20.9
26.4
9.2
18.4
58.2
7.1
11.7
14.7
7
20.4
16.7
22.6
10
16.6
7.3
12.7
12.2
21.5
11.4
11.7
8.2
7
9.5
21.4
21.7
7.3
9.3
10
8.6
18
21.2
28.5
17.9
20.5
24.4
10.1
26.9
17.4
7
12.8
22.4
7.5
17.9
26.6
18.2
9.2
9.8
7.2
31
24.7
23.6
7
10.9
8.1
7
15.8
14.5
7
8.3
20.9
26.4
20.8
7.1
7.1
7
12.4
8.8
7
13.6
8.2
7.5
7.7
10
10.6
15.8
19.3
30.7
21.9
9.7
25.2
7.4
8.5
14.1
7
7
7.1
17.5
8.5
9.5
7.1
9.2
7.3
7.4
8.4
8.7
9.3
7.1
9.3
9.2
9.9
7
10
8
14.3
10.3
12.4
15.9
12.2
19.4
12.7
9.8
7
11.7
7
7.3
9.5
17.5
9.8
7
7
7.5
10.8
13.7
7.6
26.1
17.5
22.8
38.4
8.1
14.4
9
11.7
10.6
16.6
17.4
8.6
7
25.1
7.1
12.7
20.8
9.3
18.6
17.2
19.1
22.2
7.2
10.8
10.1
10.6
7
11
14.1
24.3
15.4
7.1
49.6
7.2
7.2
7.3
7
7.3
15.7
10.9
10.7
12.4
8.1
15.5
14.1
16.5
17.3
7.9
7
7.2
9.4
16.4
18.3
10.7
8.7
10.3
7.2
18.6
12.6
17.1
7.3
20.6
15.7
10.4
9.6
12.6
18.5
7.9
7.1
25.7
14.3
11.8
16.6
22.1
7.1
10.2
29.8
7.2
27.3
7.3
7
10.3
24.1
16.4
9.2
19.2
9.8
14.5
26.5
15
7.4
7.1
7.3
18
7.9
13.2
9.2
23.1
7.5
13.7
12.1
10.6
7
19.4
36.2
27.3
14.9
21.4
17.8
11.5
13
22.6
16
14.6
16.8
23.1
14.8
12.5
15.6
18.7
12.1
22.9
7
11.2
20.7
13.1
20.7
16
13.8
14.2
35.4
16.7
7.4
19.4
20.2
7.5
16.5
11.7
28.5
14.1
9.4
26.9
7.3
9.4
7.1
25.3
14.7
7.7
7.1
16
10
25.7
9.4
32.4
21.2
11.6
7.3
13.8
14.1
7
15.4
13.3
7.1
8.6
15.1
7.1
14.2
10.2
9.6
8.9
7.1
21.5
19.7
17.1
30
7
7.3
10.6
27.2
9
15.4
7.1
7.4
26.1
7.6
7.3
60.2
21.4
12
23.4
20.6
13.6
9.6
20
13.3
23.4
10
8
11.4
15.9
17.4
7
8.9
22.2
18.8
7
8.4
10.7
7.6
26
7.2
17.4
28
25.5
24.2
12.6
7
12.3
11
9.5
10.6
22.6
11.4
9
7.4
7.2
8.2
7.2
10.9
17.9
12.4
7.7
12.2
7.1
12.7
8.5
7.5
7.4
9.6
14.1
12.7
10.8
7.2
12.1
7.3
12.3
7.1
20.3
32.7
8
7.4
39.4
17.5
7.6
7.2
10.4
23.8
22.4
7.4
10.2
7.2
65.2
10.2
14.7
12.5
16.2
7
7.2
15.6
7
11.9
18.3
24.2
15.3
11.9
29.5
23.8
8.5
7
31.9
10.8
7.4
19.5
16.4
7
7.3
8.9
13.7
7
17.6
31.1
7.2
10
13.2
17.7
10.8
27.6
11
9.7
8.2
20.6
14.4
8.7
16.5
7.5
25.8
16
10.4
12
7.9
17.4
9.4
7.3
12
24.5
14.7
7.1
9.5
7
38.1
7.4
11.9
13.5
13
7.3
15.5
7.1
21.2
7.2
34.8
39.5
7
7.2
11.4
7
13.6
45.9
17.7
7.1
7
13.2
10.1
14.3
7.3
13.9
7.4
9.4
23.8
16.5
20.2
15.5
9.4
8.5
9.4
17.8
7.3
9.8
7
7.3
23.8
11.3
7.6
8.9
7.1
22.9
7
12.8
15.5
10.6
9.6
11.1
17.3
8.8
11.7
13.2
7
7
7
9.3
11
14.4
7
14.2
23.2
7.6
7.1
9.5
7
7
7.1
18.6
13.6
10.8
8.4
41.2
15.8
10.7
7
16.6
16.4
7.5
7.1
13.6
12.4
7
7.8
21.9
7
7.2
7.5
24.5
7.2
7.1
21.7
7
7.9
12.2
9.7
11.2
9.1
11.3
18.4
15
14.4
13.2
20.3
21.3
18.8
11.1
15.4
15.1
10.7
11.4
7.1
7.2
11.2
11.3
15.7
7.5
7.1
12
20.4
14.2
8.2
8.3
11.3
9.4
13.3
7
7.6
31.7
20.4
20
17.5
8.4
35.5
13.9
7.1
7.2
12.3
12.2
8.5
7
17.1
36.9
20.6
16.3
36.9
20.8
10.5
7.9
7
7.3
9.8
13.2
12.1
7
8.9
18.9
25.1
13
20.6
11.6
7
7.1
17.7
13.3
54
23.7
12.6
17.6
40.7
9.7
29.3
18.6
7
7
7.5
10.2
10.4
7.8
7.1
25.6
13.3
19.2
15
8.9
16.9
7.2
25.7
17.2
10.8
14.9
26.6
14.2
7.3
9.9
16.6
29.7
7
12
7.1
12
7.2
7
11.3
8.6
11.8
10.9
14.6
28
7.6
7.2
7
10.6
12.2
16.3
8.6
7.2
7.9
9.4
7.9
15
24.3
8.6
23.1
18.2
7.1
24.2
12.4
14.4
8
15.4
19.3
8.7
12.7
16.5
7.9
11.7
31.2
7.4
12.2
14.5
23.2
29
16
7.1
25.3
23.3
7.5
23.3
7.2
8.6
17.2
11.5
13.1
7.3
11.1
15.6
21.4
25.8
21.1
18.6
9.8
7.2
16.2
7.6
7.2
8.5
9.2
20.7
7.8
26.6
7.1
13.2
11.6
9.1
7.9
14.7
9.2
17.1
13.7
10.1
7
18.7
29
7
16
13.7
7.2
38.3
20.7
16.2
19.9
8.7
22.8
7
11.8
27.7
10.6
7.2
15.5
55.2
21.7
15.1
12.7
8.7
18
7.4
10.7
7.5
9.8
7
20.4
7.3
12.4
7.6
7.1
7
12.6
13.3
10.8
33.4
8.4
31.2
10.3
28.9
13.3
9.2
14.1
26.7
11
7
8.5
23.9
7.7
18.3
11.3
7
10
22.8
25.3
9.7
12.7
7.1
12.2
16.4
10.2
7.2
30.6
7.5
7
8.8
7.5
19.3
14
7.3
7
15.4
18.7
16.8
10.7
13
43.2
7.7
7.4
7.4
7.8
13.8
7.1
15.4
9.8
7.1
7.1
7
22
8
9.4
8
7
18
14
7.3
11.5
7.1
7.2
18.1
7.3
17.1
8.9
18.3
58.4
11.4
10.1
17.7
34.6
17
7
9.6
7.1
26.9
11.1
11.4
13
16.6
7.2
48.3
10.1
15.2
7.1
10.2
7
14.5
49.8
19.2
26.7
15.7
8.9
10.1
7
43.4
20.6
7.2
7.4
8.9
9.5
13.5
35.5
16.9
38.4
17.3
8.3
18.9
22.5
9.8
16.2
19.2
16.7
18.1
7.1
9.7
10.7
13.7
9.4
26.5
8.4
12.3
17.4
7.8
7.2
26.4
16.1
7
20.5
7.3
13.6
12.5
15
12.9
21.8
15.9
14.7
14.6
17.2
7.7
13.5
27.6
13.5
32.7
10.2
17.7
14.3
7.2
16.2
17.7
40
7.6
7.1
8.8
24.3
9.7
12.5
17.9
11.7
7.4
8.6
11.3
9.9
17.3
7.9
23.3
16.9
10.7
24.8
12.6
7.1
7.4
9.2
7.1
15.2
7
22
12.8
7
7
7.3
9.3
7
12.6
31.5
24
9.5
32.8
14.8
11.5
10.8
29.5
17.8
23.6
15.5
17.7
16.3
7.3
9
9.3
12.2
12
7.3
7
17.8
12.4
12.1
7
7
28.8
7
16.5
7.1
14.3
7
14.3
7.2
10.5
19.4
10.1
8.4
14.4
11.3
9.4
20.6
38.4
21.5
13.9
14.3
13.8
7
10.2
9.4
9.6
7.6
16.1
10.4
8.4
7
19.1
15.2
19.1
11.7
13.7
18.1
28.3
10.1
14.7
11
17.5
23.4
12.6
7.1
7
40.7
10.9
7.1
8.4
28.6
16.1
13.7
8.8
7
13.6
7
9.8
16.7
17.7
12.5
12.8
8
25.9
10.6
9.8
22.1
9.1
22
7.9
16.5
7.1
17.9
7.2
12.7
14.6
20.7
7.3
32.5
7.9
12
7.4
54.1
11.8
7.3
9.2
14.8
29
7.7
7.3
20.2
7.3
11.5
9.5
9.2
7
9.2
18.7
7.9
17.1
7.7
9.7
7.3
19.2
8.9
13.3
25.6
15.3
16.5
7.2
11.8
7.2
14.9
7.4
7.2
27
7.2
7.7
12.8
13.4
7.5
7.8
7.4
14.7
7.3
7.4
36.7
10
13.8
8.4
11.5
7.8
7
10.6
8.6
11.6
14.8
9.7
9.4
8.1
9.7
7.8
18.8
22.2
12.6
10.3
7.1
7.4
7.1
11.5
7.1
77.9
7.4
16.9
33
9.1
7.1
16.1
7.6
18.6
7
21.6
13.1
14.7
7.7
8.3
7.2
7.1
12.6
13.3
7.6
16.7
7.1
8
7
9.7
17.7
18.2
12.8
14
12.3
7.4
16.5
15.5
8.2
14.3
11.2
11.8
33.2
13.5
16.6
13.6
7.5
10
11.2
20.7
15.6
20.7
11
8.1
21.4
38
7
7.8
15.6
7.3
10.2
7.2
7
13.5
16.6
8.5
21.6
26.2
11.5
9.2
44.7
7.2
9.4
10
16
7
19.8
10.9
13.8
9
11.5
12.9
16.9
8.4
11.3
7.3
33
24.5
10.6
18.9
14.1
16.2
7
7.5
15
19.5
16.6
11.6
11.3
11
9.6
11.9
7.6
7
13.5
21.6
7.3
7.4
7
7.3
7
16.2
7.2
15.9
23.8
27.7
13.5
9.9
8.5
20.3
14
7
7.6
9.3
8.1
7.2
19.3
12.1
28.3
7.1
7.9
10.6
7.2
11.1
7.2
15.4
7.3
26.6
17.4
22.6
24.5
10.3
8.1
12.2
7.3
14.1
27.5
15.7
15
8.3
24.3
20.4
7.3
7
7.1
11.8
11.3
9.1
7
14.2
12.3
24.1
11.8
9.7
7.8
8.7
15.1
19.4
9
22.9
13.8
23.1
25.1
13.8
8.4
19
33.7
22.1
11.5
17.6
33
12.5
12.5
11.1
15
13.4
13.9
11
12.2
32.5
21.8
14
8.8
11.4
12.3
12.2
7.9
11.2
9.5
8.9
31.6
39.2
8.2
8.6
9.8
12.9
31.2
10.6
17.7
17.1
8.7
12.6
10.1
10.3
29.2
9.4
9.1
7.1
7
7
18
9.2
7.3
13.7
7.1
9.9
19.9
16.8
18.5
9.3
8.4
15.6
7.1
14.4
12.6
11.5
27.5
10.5
11.2
9.2
7
13.7
7
7.7
7
23.9
13.8
21.8
7.2
7
7.3
7.1
7
7
7
13
7.8
42.6
13.2
12
11.4
20.3
15.8
26
14.4
27.6
36
7.5
15.2
18.3
8.4
16
7.9
18
19.9
23.4
7
13.2
7
26.2
16.6
7
23
7.8
21.8
10.2
14.3
29
14.6
12.8
15.6
7.6
7.2
11.2
10.6
15.5
10.4
7.2
29.4
9.7
28.5
21.6
7.2
15.2
19.9
14.8
9.3
8.7
11
31.7
13.1
7.3
8.5
21
15.4
18.7
18.5
21.6
18.9
16.1
11.9
13.2
16.7
9.1
7.5
8.7
7.6
21.1
11.8
10.1
13.5
15.6
7
8.2
7.2
15.4
16.3
10.9
7.1
7.1
7.2
18.6
8.1
31.3
21.2
8.6
7.7
12.3
18.6
33
14.5
8.8
7.1
7.1
10.5
12.6
7.3
7.3
7.2
10.1
7.5
7.4
8.8
29.6
11.2
11.3
9.9
7
10.5
7.6
10.2
33.5
18.3
13.7
10.8
7.4
7.9
10.4
8.9
47.4
25.8
7.9
14.7
19.7
20.9
12.7
14.2
10.4
8.1
22.7
38.2
7.2
18.5
7.6
7.2
20.3
18.1
7.7
7
21.3
16
8.1
14.9
7.2
9.1
7.1
13.8
32.3
29
7.4
15.4
10.5
9.8
18.3
13.9
14.5
20.2
6
28.4
14.1
7.8
6
6.1
6
8.4
6.2
6.1
9.4
9.9
6
13.3
6
21.6
6.1
10.2
19.9
6.2
7.9
13.1
9.5
6.3
6.9
9.9
31
6
23.5
7.1
6
6.1
6.4
9.2
6.4
6
8
6
6.5
6
10.6
6
6
8.2
7.6
6.8
12.3
27.5
7.6
10.9
6
6
18.9
6
10.6
6.1
9.2
6.8
6.1
6
8.7
6.1
6
42.8
7.1
18.9
54
9.8
19.1
9.1
7.5
6.1
15
22.3
6.6
6.7
6.1
6.1
7.4
7.4
6
6
14.4
6.2
6.7
6.7
8.7
6
29.4
25.9
16.9
14.1
10.1
6
12.3
6
11.8
7.8
20.7
17.1
6
14.9
6
8.9
7
6.4
7.5
17.3
6
6.2
9.2
11
6
6
6
6
6.1
7.3
28.4
9.6
6.1
6.2
17.3
15.6
23.7
6.4
6.7
18.3
16.6
5.3
14.8
5
12.9
30.2
5
9.6
11
5.1
5
5.4
11.2
9.7
5.2
7.4
5
7.2
5
5
35.3
6.6
5.1
5
11.2
8.9
5.2
18.4
5
5
5
5
5
5
5.3
24.1
5.1
5
5.3
5
14.6
5.5
20.5
17.1
8.1
5
5.2
19
5
5
5
5
23.9
10.7
5.1
5
18.8
5
5
5.5
9.8
15.2
16.5
7.3
5
5.1
5.1
5
12
10
5.2
12.4
7.8
5
5.3
5.3
5
6.6
5
7.4
5
5
17.4
5
5
5
5
5
5
5
15.4
5
5.6
8.1
21
8.9
27.9
5
11.7
5
5
13.9
17.6
5
5.2
18
5
5.8
12
5
5
5
5
15.7
10.7
5
11.9
5
5.4
19.9
5
23.5
5.2
5
5.1
23.1
5.5
9
57.9
5.2
5
5.1
5.1
8
5.5
5
6.9
5
5
10.9
5
15.6
5
7.7
5.1
6.2
5.6
42.5
7.2
5.7
5.2
27.9
31.3
16.4
7.1
5
6.4
5.2
5
5
5.1
5.1
5.7
8.1
16.7
5
5.2
5.2
10.9
25.6
5.2
5
5.4
9.9
8.3
10.4
5
9
5.2
5
5.1
5
5.7
5
5
5
12.6
16.2
10.5
5
5.5
5
5
8
10
11.5
5
15.9
5.1
12.7
48.4
5
5.4
5
7
5
5.1
26.4
17.8
5
5
5
5.1
11.3
5.8
15.2
5
7.4
14.1
5
5
5
5
9.1
5
5.2
5
5.9
5.7
5.1
5.8
5.2
7.4
5
5
5
8.9
8.6
5
5
5.8
5
5
11.7
5
5.9
5.3
5
5
5
5.2
14.4
5
5.1
5
5.2
5
5
5.8
5
5
5
5
5
5
5.1
19.7
5.2
5.1
5.1
11
50.7
5
5.4
5.1
26.1
5
13.4
31.5
5
9.9
5.1
5
5
5.1
24.9
13.4
5.1
5.1
5
11.3
5
7.3
5
12.8
37.9
24.7
11.5
30.4
8.5
27.2
5.2
5
5.8
8.1
5
5
5.1
5
5
5
9.8
10.7
5
5.1
35.2
8.2
5.1
5
12.7
5
5
5
18.5
5
5
12.3
27.8
5
16.2
10.8
5
10.5
10.8
5.1
25.9
33.6
9.6
6.1
5.3
5
5
9.6
5
5.4
7.1
5
5.1
5.7
5
5
5
8.5
8.2
17.9
5
14.4
10.3
5
5
5.1
5
5
5
6.4
5.3
7.8
12.9
26
8.1
5
5
5.2
13.3
9.2
5.3
5.1
22.7
5
7.2
16.3
13.3
20.7
5.1
12.2
5
24
6.4
5
10.4
8.3
24
8.1
5.3
5
23.7
5
5.1
5.2
18.8
19.7
5.2
5
5
5
5.5
12.7
24.3
15.6
5
5
5
5
17
7
7.8
26.8
5
5.1
15.3
5
5.2
5.1
5
5
21.5
10.4
17.4
5.1
13.9
5
14.3
6.5
5.8
22.8
41
22.7
5
5
5
5
5.2
5
5.1
27.8
5.1
5
10.4
5.2
6.2
5
5.3
5
17.2
5
5.1
5.2
5
5
13.2
5
6
18.6
28.7
5.1
5
7.9
5
5
14.7
7.4
13.9
5.2
5
13
5.7
5
26.4
21.9
5.2
25.7
5.6
5
5
5.2
5.1
5.8
8.9
5
5
24.7
5
5.1
14.3
5
9.4
5
5
5
5.1
5
8.1
5.7
6.8
18.2
13.9
5
5.2
9.9
5
5.1
19.3
16.6
5.1
5.5
13.2
7.9
5.1
8.4
12.5
5
30.2
5
5.4
5
5
5
5
5.7
5
5.8
5.2
5.3
5.1
8.2
17
5
5
5
5.1
5.3
5
20.6
5.2
5
5
5.1
12.5
14.4
19.6
27.9
5
5
20.6
5
7.4
5.2
18.2
40.1
32.3
5.1
9.9
5
5
5.1
5
6
10.1
6.9
5
5
51.8
5
5.4
5.2
5.2
16.3
5
9.8
5
5
5
15.7
5
5
5
5
5.4
5.1
11.2
5.1
11.6
5.1
54.1
5.1
8.9
5.9
7.5
8.3
19.4
5
5
10.4
10.5
5.2
5
5
5.3
5.2
5
20.6
5.1
5.1
5.1
5
7.7
5.2
25.3
5
5
5.4
5
5
39.1
6.6
5.3
5
5
5
17
5.2
8.8
19.6
5
13
5
5
5.4
9.2
5
5.1
5
5
5
23.8
5.4
11.7
5.3
22.6
5
5.1
5
5.5
5
9.2
11.7
5.3
5
5
5
13.5
9.9
5
5
10.1
5.3
5
5
5
5
5
15.5
5.1
11.1
7.4
12.2
5.1
5.1
26.3
5
30.2
5.2
5
13.3
5
5.1
5
9.9
14.2
5
5.1
16.2
42.4
5.1
5
5
5
27.4
5.2
18.8
6.7
5
5
5
11.8
5.2
5.1
45.3
5.2
5.1
21.8
5.1
50.3
6.6
5.1
5.2
5
12.1
5
9.1
9
13.8
26.1
8.8
5
5.1
5
5
26.8
5
5
13.7
5
12.3
10.1
5.8
5
5.3
5
5
6.7
5
18.6
8.7
5
5.2
22.7
9.8
9.1
5
5
6.8
5
5.1
5
9.2
5
34
5
17.3
5.5
5.2
7.9
16.3
5
5.2
5
5
15.8
5.6
5.1
5
5
5
5.1
5
5.3
13.2
5.2
13.4
5.2
10.2
5.2
5.1
5.4
8
5
5.3
5
5.1
9.9
5.1
5
5
7.3
12.5
8.4
5
10.4
6.4
5
5.3
5.6
27.5
5
5.1
5.1
5
28.9
5
8.3
5.1
5
5
5
27.8
7.8
5.1
5.1
5
5.7
6.3
5
5.1
38.2
6.1
5
5
5
12.2
5
5
5
8
5.1
6.4
8.7
5.2
5.2
5.1
5
5.1
8.7
13.4
5
5
5
11.8
5
19.2
5
5.2
8.6
5
5.1
5.3
5.2
5
5.1
5.8
5
11.4
14.3
8.6
10.2
23.4
5
5
5.2
5
7
40
5
5
6.9
5.1
5
7
5.2
5.4
24.5
5.2
5
5.1
5
5
5.4
16.2
22.2
5.5
5.1
5
5.1
15.5
5
8.1
19.2
11.1
5
5
6.6
5
12.5
8.9
5
5
33.1
8.6
5.3
5.3
5
5.2
5
10.3
5
5
5.1
5.1
12.2
6.6
51.4
37.3
5.4
5.3
12.6
5.1
12.4
5
7.3
5
5
16.9
5
5
5.1
5.1
5
5
16.6
15.3
7.1
6.1
12.7
5
5
5
5
13.5
5.5
56.9
5
9.2
11.1
8
5.3
5
12.7
5
16.5
5.1
5
5
5
16.8
5.2
5
23.5
5.1
6.5
8.9
5
5
6.3
5
22
46.5
9
5
5
5
5.5
10.9
6.5
13
5.1
5.1
9
5.7
5.1
5
5.1
9.5
10.2
14.2
5.3
5.3
15.4
5.2
9.7
5
5
5.1
5
5
19.3
5
11.4
5
13.6
5.9
15.2
20.6
5.3
5.3
5.3
5
10.2
12.4
9.1
25
5
5.1
5.3
8.4
20.3
5.1
24.4
5
5.1
5
8
5.2
5
19.1
33.9
19.7
5
11.4
5
17.2
5.1
5
5.5
5
7.1
5.2
20.8
5
8.3
5
5
11
5.1
5
17.6
9.9
15.4
5.5
5.4
5
5
5.5
5.1
5.2
13.4
14.5
5
5
5.1
5.1
5.9
5
10.1
5
8.4
14.7
5
35.7
5.1
5
5
5
5.1
5
5.9
5
5
5
6.3
5
5
5.2
7.1
16.5
13.5
6
5
5
5
5.3
5.2
5.2
5.3
5.3
5.1
5
5
5
5
11.6
25.3
5.4
12.3
5
7.9
34.9
5
5.1
5
5.3
5
6.4
5
5
5.3
5
5.2
5.1
5
5
5
12.4
8.8
5.4
5
5
5.2
11
8.6
5.1
6.1
5
11.2
19.3
5
15.5
5
11
9
10.4
5
10.8
5
5
8.6
5.1
15.1
5.2
11.6
5.8
5
19.8
14.1
5
21.5
5.1
5
5
12.6
25
7.3
11.1
5.8
25.1
15.9
10.8
5
6.3
7.6
5.1
5
5.1
12.1
5.2
12.1
22.4
9.4
6.7
5
18.8
11.4
5
5
17.7
5.2
5.1
5
5
6.4
9.2
5
5
8.7
5
30.2
14.3
5
5.1
12
5.1
5.1
5.8
15.3
5
6.1
24.7
28
5
5
5.1
5
21.6
5.1
10.9
5
5.1
32.2
5
5
5.1
8.7
10
20.4
8.1
5
16.1
5
5
5
16.6
5
6
5
32.4
10.3
14.8
5
5.6
7.3
5
5
5
5.2
36.2
5
7.4
5.2
5
10.5
5
5
11.8
5.7
5
5
5
5
20
5
5
5
5
24.4
5
5
17.7
7
5
5
5.2
5.2
31
23.3
7.9
5.2
5.1
8.9
7.5
5.6
5
6.3
5
9.6
7.9
5.2
6.1
6.9
14.6
23.9
6.9
12.3
22.3
5.2
20.1
5
5
30.5
15.6
14
5
21.7
5.3
5
5.4
13.8
5
5
5.4
9.8
5
5.5
5
5.1
40.3
18.9
6.3
11.8
5.2
10.8
5.3
5
5.1
12.3
8.5
13.2
13.1
21
5
5.1
20.6
10.5
9.8
5.4
9.8
5
5
5
5
5
5
5
8.3
5
5
5
5
5
5
5
5
5
5.3
5
5
40.5
5
5
5.1
16.3
5
5
5
17.9
18.9
6.1
5
6.8
6.2
7.7
5
5
9
5
5
5.7
5
14.7
46.6
12.1
5
7.5
5
11.1
5
20.4
14.1
8.8
10.3
10.9
10.9
5
14.8
7.5
28.8
5
9
5.1
5
5.3
5
7.2
5.1
8
6.4
5
5.6
5.9
5.8
5
12.6
5.5
5.2
5
6.3
15.4
5
5.2
19
5
5.2
20.1
8.3
5.1
5.6
5
5
7.2
10.8
11.3
10.9
5
5.4
12.3
5
5.9
23.9
5
26.5
16.1
5.2
5.1
5
8.8
23.1
5
5
5.3
11.5
5.1
13.4
5
5
5.1
5
5
5.7
5.1
5.2
5
5
5
5
6.6
5
8.5
16.4
5.1
5.2
5
5.2
5
41.1
5.1
5
16.1
5
22.5
5
9.1
6.4
5
5
5
5
9.7
5.2
5.4
14.8
5.1
5
5
5
5
5
5
18
14.9
8
5
5
5
11.8
13.8
7.3
5
9.4
20.1
5.2
5
5
14.4
5
5.2
5.2
5.6
5.3
5
11.7
5
5.9
14.2
5
5
6.5
5
5.2
5
7.3
5
5
12.7
5
5
5
24.9
12.7
5.2
5
7.7
5
5.2
8
5.1
5
26.3
5.4
18.2
24.4
9.9
7.9
6.1
5.3
5
5
9.6
5.2
5
5
8.5
5
5.1
5
13.3
5.1
5
5.2
5
5
5.1
11.5
15
5.1
5.3
19.2
8.2
5.9
10.5
5.3
5.6
12.7
12.8
5.1
5.7
21.7
8
5
25.4
10.7
5
19.8
5
11.6
5
26.5
5
5.3
7.4
5.5
14.1
27.9
5
5.1
5
5.1
5
5
5.2
5
9.6
12.6
17.9
18.9
5
5
5.8
24.5
15.4
5
5
5.3
5
5.8
5
5.2
5
5
7.2
5
6.8
5.4
13.7
25.8
5.2
5.2
12.5
24.4
5
25.1
5
5
7.3
25.9
14.2
21.6
5.2
5
5
5
7
11.3
14.2
5
8.3
9.3
5.1
5.1
9.8
18.6
5
22.8
5
5.8
13.8
25.2
5
5
5.1
24
5
5.1
10.5
5
12.8
5
12.8
5.2
5.2
6.2
6.7
18.5
5.2
5.3
5.1
5.1
20.5
5
5
5.3
9
14.8
15.9
5
5.1
5.4
6.6
16
5.1
5.2
30.7
21.4
8.6
5
20.2
5.2
5
29.5
5.2
5
8.2
5.1
5
5
5.3
6.9
14.3
5
5.3
5
5.5
6.8
9.8
56.1
12.8
5.2
5
5
18.8
13.4
8.2
7.7
5.1
9.2
5
15.7
20.2
18.1
5.2
17.5
5
5
5
33.7
5.1
5
5
5.1
5
23.8
5.4
5
7.3
25.3
11.9
26.6
5
5
5.1
5.3
5.9
19.5
13.7
5
12.8
6
5
21.4
10.8
5.4
5
14.1
28.2
5.6
12.5
5.3
5
5
5
5
5.1
5
5.1
5.1
5
5
9
29.9
5.3
5.1
5.3
14.6
5
5
6.4
10.4
5.1
5.1
5
15.4
5
5.2
7.8
5.1
5.2
5
5
5.1
5
25.7
5
5
5.3
11.9
21.9
5.2
5
5.2
14.9
10.8
5
27.1
6.9
5.1
5.1
5
19.3
15.5
5
13.9
5
5.4
5.2
5
9.7
6.4
5.3
5
13.9
5
25.5
28.2
5
9.2
5.2
5
5
5.3
5
5.2
5
48
5
5
5.1
5
5
40.7
5
5
14.4
24.8
5
10
5
13.1
5
8.9
11.9
5.2
6.7
5
16.3
5
5.1
5.3
8.5
5
7.7
5.1
8
12.1
5
15.2
5
5.1
14
5.3
13.6
13.7
5
5
8.9
5.1
5.2
23.2
5.1
5.6
13.9
28.7
5.1
5
12.7
12.9
10.5
14.5
5.1
26.7
5.1
10
5
5
32.5
16.3
5.2
5
15.1
5.1
5
5.3
26.8
5
13.9
5
9.5
5
8.2
5.1
7.9
5
12.5
5
5
5.3
5.2
6.2
5.1
18.4
17.5
5
9.9
5.2
5
5
5.2
5.6
18.5
8.5
17.9
5.1
5
5
5.7
5.1
5
25.2
5
10
5
5.1
8.5
7
5.1
5.1
10
5
5.1
17.9
5
5
5
5
5
5
31.3
5
5.9
13.1
5
5.3
5
16.7
5.7
14.8
8.9
6.7
5
9.3
7.8
9.4
21.8
9.3
5
14.7
7.8
36.8
5.1
9.4
7.5
5
5.1
5.3
5
5.2
16.2
5.1
5
5.1
5.4
5
5
5
5.1
5.1
5
5
5
5
5
12.8
5
5
