10876 34740
11.5905
8.68571
4.27619
8.54286
5.37143
5.88571
8.08571
5.39048
8.65714
9.35238
11.0476
5.59048
8.0381
6.35238
10.819
7.13333
4.19048
9.05714
5.57143
11.3143
9.48571
6.93333
4.40952
7.98095
4.42857
10.219
8.8
4.18095
4.26667
4.88571
4.73333
5.49524
7.13333
6.13333
5.84762
5.1619
7.62857
8.13333
10.1143
7.01905
4.44762
8.39048
12.3429
8.95238
5.05714
6.09524
9.75238
8.46667
4.27619
8.82857
5.29524
7.14286
9.11429
5.64762
6.8381
10.5619
4.24762
7.45714
7.26667
6.73333
10.6476
10.219
12.019
7.8381
5.38095
8.84762
5.86667
4.37143
10.9905
4.47619
12.6857
6.26667
7.35238
6.65714
8.08571
6.67619
6.28571
6.1619
7.04762
6.82857
7.32381
5.77143
5.17143
8.41905
6.19048
6.81905
11.819
9.86667
6.42857
6.28571
5.60952
6.55238
4.51429
8.02857
5.7619
5.71429
7.97143
10.2762
5.60952
8.54286
10.4952
9.09524
6.91429
4.12381
6.34286
9.12381
7.77143
4.31429
4.50476
10.4095
7.06667
6.33333
7.48571
5.86667
6.32381
7.69524
5.62857
7.8
9.40952
6.79048
12.2286
6.21905
5.95238
5.74286
4.34286
10.6476
8.28571
11.2476
11.4381
9.99048
6.31429
8.59048
7.11429
4.78095
10.3429
8.2381
9.98095
7.78095
8.59048
4.8381
8.88571
13.619
8.48571
7.78095
5.4381
10.1619
7.93333
8.78095
7.15238
8.87619
6.58095
11.4
9.68571
8.01905
8.19048
9.21905
9.2
7.33333
5.1619
6.67619
6.31429
11.219
6.2381
6.82857
10.8762
7.15238
7.2
6.5619
8.31429
5.74286
6.62857
7.8381
6.73333
6.14286
4.24762
4.4381
7.95238
7.91429
9.70476
9.28571
9.48571
10.2286
5.30476
10.2571
8.46667
8
7.09524
5.99048
7.71429
13.2095
9.34286
9.53333
7.74286
6.47619
9.10476
6.5619
5.21905
6.59048
5.41905
9.92381
6.90476
6.38095
6.5619
8.51429
4.6381
4.24762
7.27619
5.65714
7.77143
9.57143
6.48571
7.95238
4.48571
8.95238
8.70476
7.13333
6.7619
4.30476
9.12381
4.4381
6.41905
5.34286
7.97143
12.5619
6.92381
5.27619
7.65714
4.18095
6.05714
5.60952
8.0381
6.53333
6.97143
6.50476
5.70476
5.4
8.29524
5.61905
4.55238
6.40952
4.50476
5.78095
4.24762
6.27619
9.70476
10.181
9.45714
10.1333
9.25714
6.95238
7.11429
6.33333
6.84762
4.67619
6.73333
6.44762
8.1619
7.2381
7.22857
6.13333
7.80952
8.20952
9.54286
4.90476
6.8
4.41905
9.0381
9.97143
9
8.86667
10.6286
10.7905
12.9619
7.81905
5.09524
7.84762
8.07619
4.39048
9.4381
9.31429
9.91429
7.82857
4.45714
6.62857
8.73333
9.6381
6.00952
9
8.37143
10.2476
8.48571
9.4381
9.11429
9.52381
8.53333
9.77143
6.48571
10.3429
8.97143
5.69524
5.24762
8.35238
7.04762
10.2095
7.98095
7.41905
7.8
5.80952
4.25714
9.14286
10.1143
11.0857
7.8381
9.85714
8.02857
5.5619
4.21905
8.2381
12.0095
9.4
4.72381
4.31429
7.42857
8.68571
8.06667
6.55238
6.90476
8.74286
9.5619
8.02857
4.35238
14.0476
4.42857
4.45714
6.20952
6.35238
4.59048
4.66667
8.19048
7.78095
7.92381
4.80952
5
6.98095
5.0381
7.06667
12.3238
4.80952
6.12381
6.08571
8.78095
8.34286
8.79048
4.57143
8.09524
6.78095
7.8381
5.1619
6.8
4.28571
4.3619
8.27619
4.58095
6.86667
6.81905
7.67619
7.57143
7.79048
6.6
7.5619
7.58095
6.04762
5.25714
6.93333
4.11429
4.42857
5.28571
6.08571
8.11429
9.58095
6.4
5.4
10.6952
10.0952
4.8381
13.9143
9.66667
11.7714
9.04762
7.91429
6.80952
9.08571
11.0095
8.08571
9.91429
11.0286
9.87619
8.65714
6.85714
8.00952
5.08571
9.73333
6.78095
9.53333
4.40952
5.70476
9.29524
9.52381
8.79048
9.35238
4.68571
5.93333
7.81905
6.60952
7.52381
7.64762
5.58095
7.74286
8.38095
5.01905
13.0476
6.4
6.53333
4.26667
8.75238
6.88571
7.32381
4.41905
4.32381
5.91429
6.81905
6.13333
7.60952
4.49524
8.14286
7.0381
8.92381
6.12381
7.77143
7.41905
8.57143
5.99048
7.32381
7.19048
7.50476
8.41905
7.89524
6.62857
5.51429
6.6381
9.09524
7.50476
11.4667
5.5619
7.40952
7.73333
9.28571
7.07619
9.71429
6.69524
8.2381
7.22857
10.3905
8.54286
6.21905
5.61905
6.06667
4.58095
4.27619
6.29524
8.32381
6.62857
4.35238
7.66667
6.86667
7.39048
8.70476
7.61905
7.70476
8.46667
6.25714
7.70476
8.41905
4.6
9.95238
6.65714
10.4667
7.04762
7.66667
8.67619
12.4476
6.85714
9.00952
9.79048
8.1619
7.00952
5.92381
8.47619
7.70476
4.9619
7.88571
11.2
9.2
4.5619
7.18095
6.66667
10.5524
8.27619
10.8476
12.1143
7.58095
4.55238
5.92381
5.90476
9.3619
5.05714
11.4476
7.66667
4.17143
7.2
4.47619
8.97143
8
6.60952
5.18095
9.70476
6.79048
6.20952
9.42857
8.30476
8.82857
4.18095
4.79048
4.4
6.51429
4.31429
6.84762
11.0667
9.74286
4.32381
6.34286
5.87619
9.79048
10.1238
8.37143
7.65714
9.05714
6.8381
6.11429
6.89524
8.13333
7.2381
5.01905
5.3619
7.53333
4.71429
10.1619
6.09524
4.3619
6.2
6.61905
9.06667
7.26667
4.89524
4.9619
11.6286
9.6381
9.18095
9.66667
6.79048
14.2095
7.75238
7.04762
8.25714
8.60952
8.10476
6.94286
9.91429
4.19048
11.6952
7.17143
6.04762
6.61905
7.93333
4.4
4.45714
6.41905
12.6762
7.97143
7.27619
10.0476
4.49524
10.781
7.1619
4.87619
10.8476
4.97143
7.4
6.64762
8.4381
8.94286
5.50476
8
7.44762
6.60952
4.5619
7.09524
11.7048
7.44762
7.54286
11.6286
10.981
4.32381
4.57143
5.81905
4.12381
8.25714
4.04762
9.21905
7.87619
5.35238
4.26667
7.31429
6.53333
8.58095
12.9619
5.28571
7.6
8.69524
6.91429
4.82857
6.54286
5.6
4.97143
4.18095
7.41905
5.55238
8.9619
8.97143
13.1714
5.29524
6.26667
11.3619
6.11429
4.15238
5.48571
4.77143
4.35238
7.41905
6.64762
6.33333
6.6
8.39048
5.54286
11.819
6.05714
7.78095
8.07619
9.17143
8.2381
6.05714
5.6
6.2381
8.20952
8.90476
5.93333
6.00952
12.219
8.34286
8.57143
7.49524
8.45714
4.38095
4.30476
7.6381
7.18095
8.0381
7.77143
7.82857
7.66667
7.10476
8.52381
7.99048
8.21905
8.87619
6.33333
9.2
9.70476
8.40952
5.91429
6.31429
5.90476
10.0095
7.30476
7.15238
6.73333
10.3143
5.65714
7.2381
5.44762
5.46667
8.81905
12.9238
6.78095
6.17143
6.78095
9.30476
4.67619
6.71429
5.67619
5.97143
9.6381
7.33333
7.17143
6.87619
4.4
7.4381
8.40952
7.00952
4.61905
8.84762
6.08571
9.6
10.5524
9.08571
6.52381
8.01905
8.29524
11.0857
5.92381
7.08571
11.4381
8.25714
8.64762
4.32381
4.49524
4.55238
7.38095
5.52381
11.8095
4.18095
4.60952
8.11429
6
4.31429
8.57143
5.9619
11.4476
7.06667
6.92381
8.8
11.6
5.32381
6.2381
4.44762
4.40952
7.22857
8.7619
4.4
9.84762
7.58095
7.00952
7.28571
7.88571
5.31429
11.6
5.2
9.6
7.4
9.13333
10.5333
4.33333
7.24762
12.4857
5.74286
9.25714
9.6381
8.22857
9.60952
6.4
9.47619
9.17143
8.40952
8.42857
8.44762
6.17143
8.26667
4.44762
7.94286
6.89524
5.6
10.9524
8.71429
11.6762
7.4
7.26667
11.5905
8.9619
7.94286
9.05714
4.68571
8.3619
10.5238
9.10476
6.1619
6.99048
8.31429
4.32381
4.74286
11.619
10.9619
7.54286
4.4381
6.79048
4.25714
7.95238
8.77143
5.32381
8.55238
9.40952
10.2476
8.11429
8.14286
13.5143
4.4381
7.01905
8.32381
8.3619
6.01905
7.0381
10.7905
9.48571
6.78095
7
6.55238
9.60952
7.2381
6.66667
5.97143
6.52381
9.58095
7.73333
5.18095
4.74286
4.31429
5.86667
7.19048
7.62857
6.71429
9.67619
6.11429
8.86667
5.13333
5.50476
7.52381
7.61905
4.61905
7.20952
4.84762
4.61905
4.90476
7.00952
6.49524
4.34286
4.45714
9.69524
9.09524
7.01905
6.25714
8.25714
7.78095
6.9619
10.2762
5.89524
6.68571
4.53333
6.54286
6.90476
8.7619
4.22857
9.48571
5.4
6.44762
5.64762
8.01905
7.60952
5.27619
5.8381
5.80952
4.45714
6.27619
4.27619
7.94286
10.6857
8.73333
8.44762
7.94286
4.39048
6.08571
6.15238
5.75238
8.38095
8.75238
4.69524
5.45714
6.18095
6.18095
6.55238
8.92381
6.45714
6.47619
8.99048
5.8
8.79048
6.11429
9.64762
6.8
8.98095
7.12381
9.52381
5.58095
6.86667
9.73333
7.8
7.38095
5.68571
5.82857
6.11429
4.82857
4.4
11.0667
7.13333
5.58095
8.77143
11.7524
7.32381
4.40952
7.58095
8.75238
8.10476
6.13333
8.26667
10.3238
11.5238
4.51429
11.981
11.019
9.7619
10.3619
6.7619
4.49524
10.7619
8.4
8.0381
7.46667
6.71429
4.10476
6.52381
8.65714
10.019
7.78095
8.93333
5.19048
9.82857
9.69524
5.19048
8.98095
8.73333
8.4
5.57143
9.58095
7.48571
8.57143
5.35238
6.00952
6.13333
9.8381
8.37143
10.7429
9.42857
11.0095
4.6
4.20952
4.47619
5.45714
6.85714
8.9619
8.51429
10.6857
6.7619
9.75238
5.39048
6.53333
8.81905
5.1619
8.07619
7.17143
8.74286
9.62857
5.15238
4.55238
9.72381
4.52381
6.79048
8.41905
7.2
4.41905
6.48571
4.8
6.1619
5.38095
5.8
8.89524
6.01905
9.2381
8.64762
10.1333
8.89524
9.22857
9.3619
9.45714
6.14286
7.41905
9.0381
5.31429
5.19048
9.48571
8.68571
4.47619
7.9619
10.3619
6.78095
11.5048
8.79048
7.69524
6.60952
6.15238
12.6571
6.20952
9.25714
13.4476
5.97143
6.13333
7.14286
6.66667
8.34286
5.32381
4.90476
4.26667
7.45714
8.77143
8.55238
6.24762
6.54286
8.85714
6.71429
9.73333
8.66667
10.5905
8.88571
6.13333
8.46667
7.35238
7.93333
11.6667
8.4381
7.90476
4.44762
8.62857
8.11429
5.28571
8.92381
4.48571
4.21905
6.8
8.21905
5.72381
8.50476
11.381
8.88571
7.49524
5.54286
5.49524
8.13333
10.0762
5.57143
5.57143
6.70476
5.30476
6.7619
8.93333
5.4
9.34286
6.49524
6.6
4.79048
4.53333
11.4952
5.69524
11.6476
4.29524
5.01905
6.4381
11.2381
9.15238
10.4381
9.24762
9.18095
7.25714
4.74286
7.66667
5.65714
5.14286
6.7619
5.11429
8.05714
4.72381
8.44762
6.02857
7.30476
7.46667
7.88571
9.09524
10.4571
6.60952
11.1048
9.48571
8.64762
7.19048
4.50476
10.9429
8.37143
8.05714
6.44762
9.08571
6.97143
8
4.28571
7.48571
5.68571
6.01905
7.19048
4.81905
8.11429
4.6
6.07619
10.4286
12.6095
8.42857
7.59048
6.80952
5.89524
5.04762
4.21905
7.08571
8.14286
7.67619
9.89524
4.46667
5.99048
5.98095
8.75238
10.2857
9.8
7.62857
7.28571
4.6381
8.48571
8.44762
5.59048
8.48571
7.71429
6.90476
10.9714
6.82857
5.7619
9.57143
5.13333
6.48571
8.92381
6.37143
9.65714
8.12381
8.19048
7.19048
4.35238
5.42857
4.74286
9.85714
5.75238
6.1619
6.02857
4.38095
10.3238
6.47619
8.52381
7.65714
7.79048
4.18095
8.30476
9.91429
7.32381
6.48571
4.22857
6.39048
12.0857
6.89524
9.75238
6.8381
4.66667
4.91429
7.26667
5.00952
5.87619
6.07619
8.94286
6.7619
5.62857
7.54286
11.4952
4.58095
8.13333
9.0381
5.02857
7.87619
6.48571
9.50476
7.68571
5.98095
7.17143
7.98095
7.6381
7.31429
4.42857
4.8
5.28571
7.09524
4.49524
5.2381
4.15238
8.99048
6.78095
7.21905
10.9238
8.3619
6.41905
5.10476
4.34286
8.6381
5.35238
10.4286
6.1619
10.6857
6.4
8.29524
7.92381
4.6
8.32381
5.10476
4.1619
6.94286
6.9619
11.0762
10.581
7.49524
7.67619
8.60952
7.07619
6.77143
7.08571
9.20952
6.4381
9.4381
6.4
9.84762
6.85714
6.20952
5.37143
8.04762
5.2
5.11429
6.10476
10.8667
7.31429
8.09524
6.98095
4.4
5.78095
6.04762
5.74286
7.34286
8.15238
4.87619
9.39048
8.19048
7.85714
4.25714
6.33333
4.59048
7.3619
6.29524
5.53333
8.31429
5.77143
8.00952
5.50476
9.77143
6.58095
12.8762
5.62857
10.9048
6.33333
7.74286
6.64762
7.71429
8.18095
8.02857
8.70476
6.12381
7.85714
9.19048
7.14286
11.0381
6.35238
10.4095
11.0952
5.29524
6.01905
5.58095
6.22857
6.66667
5.6381
7.11429
6.06667
5.8381
6.10476
10.1048
4.94286
5.00952
7.02857
7.91429
6.90476
6.37143
5.50476
5.32381
8.58095
8.13333
5.87619
8.10476
6.25714
7.98095
8.08571
4.42857
8.60952
5.14286
5.27619
7.0381
7.32381
8.59048
6.84762
7.34286
4.4
7.27619
7.58095
8.26667
8.25714
5.89524
6.86667
9.95238
4.52381
5.9619
7.26667
5.2
7.27619
10.0952
4.24762
4.34286
7.30476
6.88571
5.07619
9.8381
7.8
5.59048
8.33333
4.78095
5.51429
7.74286
8.73333
4.18095
6.7619
4.91429
6.46667
8.72381
6.06667
6.28571
5.54286
5.28571
4.13333
9.10476
8.47619
4.24762
8.72381
5.89524
5.67619
8.39048
6.64762
6
8.62857
9.58095
6.47619
9.09524
4.91429
6.73333
6.1619
10.219
7.85714
8.4
8.99048
9.66667
4.46667
8.2
6.85714
7.78095
8.8
7.2381
6.54286
7.15238
6.19048
6.12381
5.6
8.8381
5.58095
7.77143
4.59048
6.53333
6.75238
5.35238
9.46667
7.95238
11.7143
4.98095
4.42857
10.1619
9.55238
6.3619
12.419
5.88571
7.50476
13.9143
12.8571
4.74286
6.44762
6.59048
9.3619
8.22857
5.37143
8.14286
4.26667
5.51429
7.49524
5.49524
8.2
9.95238
9.57143
9.8381
5.06667
4.70476
8.31429
8.78095
9.10476
7.72381
10.181
6.86667
4.71429
9.42857
7.39048
11.8667
8.68571
9.20952
7.07619
9.04762
6.38095
7.51429
7.90476
6.14286
9.17143
8.15238
7.3619
9.07619
12.6857
9
4.44762
6.59048
7.55238
7.77143
8.6381
10.4381
8.46667
4.27619
7.17143
6.0381
10.4286
8.04762
10.0952
6.68571
7.12381
4.29524
4.8
6.66667
10.5143
4.82857
8.02857
7.6
11.4476
8.42857
8.02857
7.2381
10.8667
5.58095
6.64762
4.70476
10.3619
12.8952
5.51429
6.34286
6.19048
8.3619
8.18095
7.1619
6.49524
4.6
5.4381
6.81905
4.35238
5.28571
6.2
5.80952
8.18095
8.41905
8.90476
7.86667
4.6
5.90476
6.38095
8.6381
6.93333
12.6286
6.33333
4.08571
9.47619
7.5619
8.17143
7.57143
7.8
7.1619
5.95238
9.32381
7.85714
10.8667
4.13333
8.5619
7.24762
4.49524
8.67619
8.91429
12.0857
6.71429
6.42857
8.2
9.77143
9.52381
8.39048
4.90476
8.25714
6.54286
10.5048
7.85714
7.89524
8.69524
9.07619
10.7333
7.6
6.20952
6.60952
8.66667
7.79048
8.13333
6.29524
4.67619
6.00952
5.90476
9.4
11.1905
7.14286
7.17143
9.48571
6.69524
8.65714
4.27619
5.39048
5.86667
5.9619
6.4
4.3619
4.14286
4.30476
4.38095
5.6381
5.86667
4.10476
6.55238
5.86667
11.619
7.09524
9.30476
4.49524
7.9619
7.08571
7.3619
7.6381
11.6571
5.21905
4.87619
4.15238
8.08571
7.00952
7.08571
4.65714
9.64762
9.05714
6.94286
8.2
8.77143
6.70476
6.33333
9.75238
7.14286
4.29524
4.50476
7.26667
9.28571
8.73333
9.64762
7.22857
10.4476
8.12381
9.65714
6.0381
4.45714
6.49524
7.32381
6.40952
5.41905
4.54286
8.68571
8.4381
5.95238
6.44762
7.47619
6.2
7.00952
6.07619
4.09524
7.33333
7.34286
5.21905
7.57143
9.17143
8.94286
7.84762
4.33333
5
4.50476
11.6095
9.40952
4.19048
4.3619
7.4
5.80952
6.69524
5.4
8.55238
10.0381
8.52381
9.09524
7.55238
4.22857
9.12381
4.45714
6.84762
10.4667
6.73333
7.48571
8.97143
7.30476
4.41905
5.40952
5.25714
8.92381
5.24762
4.95238
5.99048
4.31429
4.3619
4.25714
13.6571
6.89524
7.84762
5.62857
7.22857
7.11429
4.93333
6.34286
5.28571
6.88571
5.59048
4.42857
6.5619
6.50476
11.4381
7.6381
7.54286
11.1429
4.40952
9.25714
10.4476
7.5619
8.81905
9.01905
4.92381
8.17143
9.88571
8.18095
4.52381
5.18095
7.62857
8.97143
4.51429
4.58095
6.61905
8.97143
4.50476
9.02857
11.2762
4.17143
5.73333
10.4
6.73333
7.38095
5.10476
7.68571
5.22857
5.2381
6.87619
4.40952
7.22857
9.67619
7.46667
8.19048
4.1619
9.06667
6.42857
7.84762
6.92381
4.4
7.15238
6.82857
4.98095
8.1619
9.17143
5.6
6.75238
9.30476
7.33333
6.59048
4.34286
4.62857
4.25714
6.19048
6.2
4.82857
5.4
7.85714
5.38095
4.39048
10.2857
5.53333
5.1619
6.88571
4.94286
6.99048
5.44762
7.30476
4.28571
6.72381
5.70476
7.17143
18.0952
9.10476
8.20952
9.64762
6.34286
9.6
5.9619
10.4667
9.50476
7.42857
6.55238
9.25714
9.1619
7.54286
8.29524
6.39048
5.72381
6.34286
4.24762
6.52381
11.9238
6.85714
8.44762
9.09524
5.49524
8.30476
4.52381
9.26667
4.44762
5.79048
7.42857
8.6
4.28571
6.82857
6.89524
4.79048
7.68571
7.47619
9.52381
8.65714
5.5619
6.82857
5.34286
7.12381
10.8095
12.0762
7.01905
8.5619
5.24762
5.98095
10.2
5.68571
6.22857
6.91429
7.26667
4.31429
9.42857
6
6.92381
6.95238
4.49524
7.74286
7.38095
8.49524
9.84762
7.91429
8.50476
8.54286
8.72381
6.20952
5.90476
9.51429
6.33333
6.22857
5.27619
9.10476
6.91429
4.25714
8.12381
7.78095
9.84762
6.85714
5.18095
10.1238
7.81905
10.4286
11.219
7.02857
9.19048
6.25714
7.55238
4.1619
9.27619
7.52381
9.70476
7.35238
5.25714
6.59048
6.7619
10.4667
5.5619
9.05714
5.11429
4.45714
5.49524
7.21905
9.3619
4.2381
7.24762
5.52381
9.18095
5.21905
7.40952
8.67619
7.81905
6.14286
5.52381
7.49524
9.65714
11.0952
7.68571
6.24762
8.19048
4.59048
4.4381
4.47619
8.20952
5.51429
4.4381
9.45714
8.41905
6.70476
7.30476
6.19048
5.62857
6.70476
4.21905
6.91429
4.2
6.51429
11.0952
7.53333
9.85714
7.95238
6.68571
7.00952
6.51429
4.24762
4.21905
6.79048
4.2381
7.7619
9.33333
10.8571
5.47619
7.7619
4.72381
6.39048
6.45714
10.0762
9.22857
7.72381
8.59048
5.26667
7.72381
7.04762
8.28571
8.02857
10.3333
5.5619
9.58095
5.44762
4.05714
9.0381
6.08571
6.75238
9.07619
5.6381
6.60952
7.21905
8.82857
8.87619
4.2381
9.55238
11.9714
6.59048
6.99048
13.7429
6.19048
7.07619
6.02857
7.05714
6.62857
8.91429
6.09524
8.91429
7.45714
9.21905
4.32381
5.8381
5.7619
7.42857
5.3619
7.75238
4.6
9.5619
5.4
10.6952
6.33333
7.12381
7.27619
4.33333
5.86667
7.05714
5.25714
5.46667
9.2381
5.37143
4.50476
7.4381
6.24762
6.81905
6.9619
7.04762
5.72381
8.84762
6.93333
5.41905
8.58095
4.4381
7.8381
6.49524
6.44762
6.39048
9.01905
8.17143
7.29524
6.2
4.38095
7.91429
7.77143
5.7619
6.38095
6.38095
6.10476
6.80952
11.3333
7.75238
5.32381
9.31429
12.1429
5.77143
4.47619
8.29524
4.0381
8.77143
11.6476
7.38095
8.65714
9.30476
6.62857
6.44762
6.46667
4.62857
9.46667
8.07619
7.6381
5.99048
8.29524
6.4
8.30476
4.94286
7.85714
9.06667
4.33333
9.10476
7.9619
6.2381
8.05714
5.39048
6.5619
6.57143
6.28571
5.32381
9.41905
5.94286
4.91429
8.22857
4.27619
10.5048
6.38095
9.33333
8.4
4.8381
7.92381
7.46667
4.74286
11.3905
5.48571
9.44762
8.06667
10.3905
4.32381
6.8381
7.15238
5.82857
5.67619
8.49524
9.99048
7.99048
4.55238
7.38095
5.84762
10.3714
10.7238
6.00952
9.98095
7.53333
5.60952
7.84762
9.26667
5.40952
7.53333
5.18095
6.47619
5.80952
7.19048
6.45714
4.49524
8.8
11.3429
8.85714
6.17143
5.41905
9.44762
7.50476
11.419
9.73333
5.98095
6.58095
6.74286
9.15238
7.73333
7.67619
4.51429
4.44762
4.14286
10.1048
4.65714
7.7619
8.50476
5.12381
6.39048
7.00952
8.28571
8.7619
6.08571
4.62857
10.2762
4.45714
4.67619
7.74286
9.0381
6.37143
6.65714
9.79048
8.79048
11.4286
8.14286
8.90476
7.49524
9.58095
10.3048
4.19048
7.61905
7.4381
5.29524
4.40952
5.54286
5.58095
6.06667
5.75238
5.3619
4.27619
9.85714
7.40952
8.41905
9.60952
7.78095
6.47619
4.58095
9.92381
9.41905
6.58095
5.0381
8.55238
6.99048
6.81905
7.0381
12.1238
7.20952
7.8
7.85714
4.31429
4.38095
9.08571
8.74286
7.17143
6.24762
4.37143
4.1619
10.4952
6.35238
5.62857
6.41905
11.7048
7.08571
5.59048
7.44762
4.28571
4.40952
10.3143
4.55238
4.80952
4.45714
7.6
4.5619
6.84762
4.19048
7.47619
8.40952
5.64762
4.42857
9.2
10.5714
7.9619
4.15238
7.54286
7.7619
6.87619
8.70476
7.89524
5.90476
4.55238
7.25714
8.60952
6.81905
6.6
7.18095
4.62857
5.6
4.37143
5.41905
4.61905
6.58095
6.49524
5.15238
7.29524
9.4381
8.25714
4.59048
12.6857
7.21905
6.50476
9.33333
7.77143
8.18095
7.06667
4.26667
6.82857
7.99048
8.13333
11
4.93333
8.2381
10.1714
4.82857
5.66667
10.7143
9.74286
4.54286
5.71429
7.82857
8.78095
6.31429
8.3619
8.46667
10.0667
9.93333
9.86667
6.80952
11.981
6.7619
6.44762
4.32381
6
10.0095
5.52381
5.31429
10.0857
7.42857
9.26667
5.78095
4.35238
11.9143
6.80952
9.75238
12.0857
5.81905
4.8381
4.12381
7.58095
8.65714
5.99048
10.4667
4.79048
7.25714
7.5619
7.69524
7.73333
11.3905
7.85714
7.62857
8.2381
7.57143
11.5429
6.52381
11.6095
5.73333
5.90476
5.67619
6.18095
7.86667
4.88571
6.0381
7.27619
5.5619
4.33333
9.9619
4.40952
4.57143
5.15238
6.40952
7.06667
11.1429
7.89524
7.50476
9.74286
7.62857
5.48571
4.2
8.74286
6.00952
5.44762
8.2
4.44762
5.97143
9.33333
7.37143
7
6.85714
6.72381
5.82857
4.4381
6.04762
5.13333
4.21905
9.44762
7.33333
5.71429
5.90476
10.819
10.0381
8.94286
7.53333
4.51429
6.74286
7.59048
7
8.25714
7.62857
8.3619
9.02857
5.92381
6.04762
10
8.47619
5.24762
6.77143
6.26667
6.39048
7.37143
5.74286
7.45714
7.55238
8.85714
9.32381
5.90476
10.981
4.34286
5.68571
8.14286
4.44762
7.51429
4.3619
9.89524
7.59048
6.49524
8.18095
5.61905
8.90476
7.29524
4.39048
5.78095
7.3619
5.50476
7.93333
10.4286
6.15238
7.07619
6.94286
6.66667
4.95238
4.8381
9.11429
5.68571
4.45714
5.58095
7.97143
7.4
5.11429
12.1048
8.55238
6.14286
9.42857
4.45714
6.42857
4.40952
10.0476
7.59048
10.9619
9.86667
7.89524
6.15238
4.75238
8.32381
9.31429
6.90476
7.97143
8.80952
6.89524
6.44762
9.28571
7.98095
6.2
9.61905
6.59048
5.90476
9.50476
7.70476
6.13333
11.2381
5.1619
5.95238
9.1619
7
7.21905
4.65714
8.82857
6.00952
8.97143
9.74286
8.6381
9.30476
5.22857
6.87619
6.11429
6.14286
4.41905
12.1048
7.62857
4.22857
5.04762
5.30476
5.30476
5.81905
5.92381
6.13333
7.09524
7.66667
4.95238
4.27619
6.26667
4.52381
7.3619
5.40952
8.86667
6.6
8.07619
7.32381
5.4381
6.91429
10.3714
5.2381
7.08571
6.66667
6.13333
6.47619
10.8857
8.18095
4.72381
8.5619
7.2
4.44762
4.89524
6.75238
8.44762
6.77143
5.8
5.20952
10.8
6.21905
4.4381
6.31429
9.26667
11.9143
5.77143
7.8
5.59048
10.7333
7.5619
8.9619
4.15238
9.12381
6.84762
9.59048
6.24762
4.84762
8.2
7.31429
11.3048
5.71429
5.2381
12.1524
6.49524
14.7143
6.67619
7.10476
7.64762
6.22857
5.32381
9.4381
8
4.95238
10.7619
4.6381
5.92381
8.4381
5.4381
4.48571
9.59048
8.45714
7.85714
6.82857
6.62857
10.6571
9.46667
5.42857
6.4
4.18095
4.2381
4.29524
7.97143
12.4667
5.95238
8.34286
8.54286
6.79048
5.30476
10.3143
5.2381
7.09524
8.04762
4.37143
8.13333
5.17143
7.0381
4.2
7.3619
8.2381
9.3619
7.28571
4.19048
4.8381
6.6381
6.49524
10.1905
9.62857
7.33333
10.3429
6.80952
5.51429
7.92381
7.51429
7.29524
8.49524
8.42857
5.93333
7.44762
7.82857
4.42857
11.0571
9.92381
10.4952
8.6
10.5048
6.32381
10.7333
7.72381
7.38095
7.44762
5.04762
4.92381
20.2381
6.02857
5.92381
10
6.12381
6.4
8.55238
10.2095
5.61905
10.9333
7.05714
4.69524
4.3619
8.10476
4.4381
4.65714
8.29524
8.97143
4.32381
6.93333
9.19048
7.55238
12.4476
9.37143
8.20952
4.26667
7.62857
5.40952
8.26667
5.62857
10.5333
7.4
4.25714
6.35238
5.88571
5.42857
4.02857
4.4
4.75238
5.75238
9.09524
7.66667
4.79048
8.44762
7.15238
6.50476
6.39048
9.99048
4.11429
6.95238
4.47619
9.42857
9.68571
9.89524
7.51429
6.2381
8.79048
8.95238
9.29524
5.28571
7.87619
7.37143
7.5619
4.40952
4.6
5.27619
6.31429
7.69524
9.06667
11.0857
7.3619
7.30476
6.6
4.57143
7.3619
8.6
6.31429
7.37143
8.97143
6.04762
8.34286
5.17143
4.20952
7.2381
7.22857
8.0381
4.02857
6.95238
8.25714
10.2667
7.29524
11.9524
8.2381
4.09524
6.31429
11.7524
10.9619
6.60952
8.61905
9.2
6.0381
6.89524
7.15238
6.82857
9.75238
7.51429
7.13333
7.45714
7.57143
11.0667
4.32381
6.11429
5.79048
7.02857
7.19048
6.77143
6.94286
6.4
5.6
7.78095
7.10476
6.51429
4.24762
5.3619
6.37143
6.13333
7.27619
4.51429
7.61905
6.97143
8.28571
6.6381
8.04762
7.6381
5.13333
6.5619
6.31429
4.80952
6.82857
9.01905
6.95238
6.10476
6.47619
5.01905
6.94286
5.84762
6.46667
8.08571
7.45714
6.51429
9.51429
7.40952
7.15238
6.87619
6.3619
4.52381
7.45714
4.75238
12.9429
5.84762
5.34286
4.90476
4.19048
8.33333
4.26667
10.1048
8.7619
6.12381
6.88571
4.20952
9.13333
5.01905
7.57143
4.72381
8.15238
6.27619
4.20952
8.50476
9.67619
7.01905
6.5619
5.44762
4.17143
4.80952
6.79048
5.94286
7.31429
6.51429
5.3619
9.69524
7.72381
9.80952
9.99048
11.619
8.17143
7.9619
6.84762
12.4286
5.58095
7.45714
9.47619
7.32381
6.17143
6.04762
4.74286
4.70476
7.86667
4.8381
7.11429
4.3619
5.89524
9.38095
7.07619
9.5619
7.85714
4.51429
6.11429
7.06667
4.39048
5.14286
6.41905
6.4
7.42857
6.57143
4.87619
6.2381
6.85714
4.49524
5.55238
6.00952
7.48571
10.2571
6.42857
9.49524
9.07619
6.4381
4.33333
6.20952
5.4381
4.38095
8.6381
4.57143
7.29524
10.0286
8.31429
10.8952
6.3619
4.5619
11.5619
4.32381
9.54286
9.3619
7.60952
5.71429
8.52381
8.97143
7.6
4.13333
5.33333
7.7619
4.04762
8.11429
4.84762
7.2381
7.40952
7.75238
10.2095
12.381
10.0762
4.3619
5.85714
6.59048
8.31429
4.49524
4.70476
9.34286
8.64762
4.5619
5.34286
4.44762
4.91429
8.85714
9.80952
5.45714
7.7619
4.47619
8.13333
8.24762
4.35238
4.50476
7.3619
7.08571
6.20952
12.6286
9.55238
4.86667
9.78095
12.8762
4.19048
6.78095
5.90476
6
8.20952
4.39048
14.6381
6.46667
8.57143
9.93333
4.30476
4.2381
11.0571
7.05714
6.10476
11.5048
7.84762
4.77143
7.27619
6.2
4.41905
8.15238
4.86667
6.48571
5.6381
7.35238
5.81905
5.32381
7.93333
8.49524
8.07619
8.8
11.1333
6.66667
7.41905
13.2095
6.98095
8.49524
7.8
5.88571
4.73333
4.46667
5.79048
7.51429
4.40952
9.49524
7.9619
6.60952
5.79048
4.19048
5.2
6.95238
7.32381
7.6
4.32381
5.58095
9.29524
11.1238
7.5619
7.27619
7.38095
11.5714
5.5619
5.69524
6.7619
9.27619
10.7905
9.14286
5.89524
8.9619
6.24762
7.73333
4.29524
4.2
7.25714
7.19048
8.80952
6.44762
10.981
7.88571
5.10476
6.30476
6.53333
4.4
6.59048
11.4667
9.54286
8.25714
6.01905
9.6381
8.09524
7.24762
6.12381
4.33333
8.12381
5.6381
5.87619
6.69524
7.8381
7.92381
4.98095
6.70476
7.93333
9.7619
6.94286
7.85714
6.1619
4.9619
7.34286
5.64762
6.8
4.47619
10.7333
4.28571
9.31429
9.06667
5.2
5.22857
4.88571
10.619
7.46667
9.37143
4.32381
6.45714
4.94286
8.47619
8.10476
7.39048
4.19048
8.0381
7.05714
8.35238
8.75238
6.97143
7.87619
8.42857
6.10476
7.93333
11.2667
4.80952
9.99048
9.61905
4.99048
12.0286
7.4
5.22857
4.70476
9.6381
5.55238
6.4
4.31429
8.57143
5.08571
6.02857
4.7619
10.4857
10.6286
11.3143
5.07619
4.33333
11.0381
13.9333
6.90476
7.2
6.73333
9.28571
7.48571
6.5619
6.29524
8.64762
4.34286
4.45714
8.1619
7.10476
10.0286
10.1238
11.6
4.04762
5.57143
10.4762
4.60952
9.54286
5.75238
7.98095
5.7619
11.019
6.8
9.4381
4.27619
5.91429
8.93333
5.91429
5.88571
8.89524
7.92381
5.98095
7.58095
10.1905
10.9619
5.65714
8.70476
6.21905
4.28571
8.25714
6.60952
10.219
5.11429
5.51429
7.5619
7.89524
7.73333
5.22857
4.2381
6.6381
5.53333
6.68571
5.34286
7.68571
6.71429
8.21905
5.50476
7.87619
6.42857
6.94286
7.95238
8.4381
8.07619
4.6381
11.9429
4.71429
7.25714
5.4381
5.69524
5.91429
6.2
7.90476
6.42857
6.02857
9.89524
6.71429
4.1619
7.69524
4.95238
4.40952
4.30476
6.6
6.00952
7.50476
4.46667
9.78095
5.89524
5.49524
4.12381
7.04762
6.62857
7.27619
7.29524
5.38095
8.15238
5.69524
4.2
5.4381
6.6381
6.71429
8.40952
4.3619
4.17143
4.2381
7.59048
6.2
7.35238
8.0381
6.55238
5.90476
7.02857
5.86667
6.8
9.78095
7.72381
4.2381
4.41905
5.13333
4.42857
5.61905
6.2381
6.1619
8.80952
9.79048
7.40952
7.1619
8.67619
5.75238
9.42857
6.10476
8.75238
4.99048
7.72381
4.33333
9.05714
4.24762
5.31429
6.78095
7.87619
4.39048
4.15238
7.00952
6.75238
6.52381
4.95238
12.8667
11.0286
8.7619
4.30476
5.85714
9.2
4.25714
6.07619
5.75238
9.10476
9.60952
5.26667
4.19048
6.19048
7.15238
7.60952
11.9048
8.08571
5.54286
8.2381
6.47619
9.57143
5.99048
5.46667
5.65714
5.85714
5.24762
5.45714
7.50476
4.21905
6.06667
6.18095
7.74286
7.17143
10.0286
8.01905
8.61905
7.42857
7.92381
7.2381
4.3619
4.28571
8.27619
9.20952
4.81905
8
9.54286
7.14286
6.69524
4.17143
7.14286
7.34286
7.06667
9.13333
4.29524
8.15238
9.67619
5.28571
5.19048
4.40952
8.14286
6.31429
5.28571
7.32381
7.31429
6.65714
4.4381
9.30476
13.8381
6.19048
7.98095
7.79048
4.07619
34.2762
5.1619
7.20952
6.66667
8.99048
10.1333
4.58095
5.35238
5.66667
4.57143
7.93333
4.19048
8.66667
4.92381
9.95238
11.3048
4.14286
8.45714
4.53333
7.59048
6.2
5.4
6.32381
7.33333
8.78095
4.46667
7.31429
11.4571
9.15238
9.34286
8.73333
12.1619
8.93333
8.85714
7.28571
6.55238
9.87619
8.30476
7.41905
6.90476
9.75238
9.72381
7.01905
9.59048
4.95238
7.1619
7.61905
8.2381
4.39048
5.85714
4.98095
8.30476
6.85714
4.80952
9.87619
6.9619
7.07619
8.74286
9.82857
7.08571
5.4381
6.61905
5.89524
4.58095
6.68571
8.72381
4.65714
5.8381
8.77143
7.70476
6.06667
4.2
5.6381
4.51429
6.0381
7.13333
7.48571
7.5619
5.24762
9.07619
8.32381
8.26667
4.60952
4.2
4.67619
6.82857
8.99048
6.51429
9.33333
11.5143
5.81905
6.14286
6.69524
6.54286
9.82857
11.1333
7.27619
6.97143
4.64762
8.64762
5.52381
5.31429
10.5238
8.48571
6.68571
4.60952
7.94286
8.22857
6.26667
6.78095
6.88571
6.98095
4.40952
7.18095
7.13333
5.2
6.30476
6.09524
9
4.29524
7.86667
4.26667
7.22857
7.18095
9.11429
8.72381
7.80952
7.32381
6.06667
10.2095
10.7619
5.53333
7.22857
4.31429
10.819
9.57143
6.09524
7.27619
9.10476
7.87619
6.1619
8.90476
9.51429
5.18095
6.94286
7.69524
7.86667
5.89524
4.73333
6.19048
4.4381
10.1524
4.47619
7
8.95238
5.08571
5.26667
9.34286
4.57143
7.45714
8.08571
5.13333
9.07619
6.35238
5.86667
5.42857
8.01905
5.40952
7.25714
7.6381
8.45714
6.84762
9.10476
11.9524
8.48571
4.55238
4.13333
9.34286
7.18095
5.64762
4.18095
5.45714
6.0381
8.25714
7.31429
7.62857
10.8667
4.80952
9.2381
5.25714
4.75238
6.20952
4.57143
6.13333
4.52381
10.981
5.88571
4.31429
8.42857
6
8.34286
5.5619
7.31429
7.24762
5.72381
6.8381
7.78095
6.3619
7.99048
4.19048
8.95238
4.51429
10.9905
4.81905
10.2
7.00952
11.5619
5.90476
8.77143
8.64762
5.48571
6.19048
5.59048
7.4
9.13333
4.71429
4.67619
5.11429
6.95238
9.0381
6.53333
6.71429
7.92381
4.1619
7.15238
9.41905
6.2
8.74286
6.0381
8.04762
6.55238
6.4
6.22857
8.84762
5.2
7.73333
4.69524
4.2381
6.4
4.35238
10.9429
4.82857
6.97143
9.66667
4.28571
7.52381
5.06667
4.4
4.14286
6.71429
5.59048
7.95238
4.2381
8.14286
5.25714
9.93333
9.7619
7.12381
8.29524
6.2
6.31429
8.32381
9.72381
10.6952
4.34286
7.1619
4.77143
8.31429
10.5429
6.71429
6.49524
5.31429
10.0476
9.89524
7.6
5.26667
6.98095
9.31429
6.19048
7.8
10.3524
6.88571
7.35238
8.18095
5.44762
7.59048
6.24762
7.2
8.77143
7.10476
8.4381
7.31429
8.29524
8.59048
6.14286
5.9619
4.82857
6.8
4.35238
7.98095
12.1238
6.00952
4.21905
6.17143
9.67619
6.91429
8.44762
6.48571
6.49524
4.49524
9.65714
11.9143
9.73333
10.6286
9.32381
7.62857
6.8
6.4381
8.5619
5.66667
8.6
6.6381
8.21905
12.3333
6.0381
6.71429
4.34286
8.07619
7.08571
4.85714
6.69524
7.71429
11.1429
6.20952
6.49524
7.2
12.6667
4.6381
7.77143
7.10476
5.67619
7.52381
8.93333
7.58095
13.1524
8.84762
5.93333
6.9619
6.02857
8.61905
7.55238
4.12381
6.94286
6.80952
8
4.46667
8.94286
8.39048
7.82857
8.8
8.44762
4.9619
9.14286
6.17143
6.84762
7.00952
7.61905
9.47619
6.93333
5.00952
8.0381
7.48571
5.12381
10.8762
5.57143
10.9048
5.46667
10.1048
7.28571
4.93333
5.91429
5.95238
5.40952
7.26667
4.55238
5.30476
4.0381
8.04762
5.12381
8.31429
8
7.29524
5.94286
4.34286
5.06667
13.2286
6.54286
5.10476
5.27619
9.2
5.01905
10.1143
6.78095
4.80952
6.51429
9.85714
6.11429
8.01905
12.1429
7.57143
10.3333
6.08571
5.87619
9.74286
6.21905
6.30476
9.14286
9.31429
6.15238
8.08571
4.58095
7.47619
11.1333
7.8381
5.74286
5.22857
6.35238
5.35238
5.1619
6.42857
4.32381
5.99048
10.9143
6.26667
5.82857
8.52381
5.52381
4.32381
9.05714
9.05714
6.14286
6.5619
8.59048
4.39048
8
5.07619
6.11429
8.60952
7.30476
8.37143
4.08571
6.65714
4.95238
4.27619
4.49524
9.58095
6.57143
5.77143
4.15238
7.52381
4.15238
6.98095
6.40952
4.49524
7.27619
8.18095
6.33333
7.40952
4.19048
5.29524
6.3619
4.39048
7.53333
6.30476
8.39048
6.2
6.92381
8.25714
6.0381
8.4
10.0095
16.2095
9.52381
7.72381
8.02857
8.97143
8.1619
7.94286
7.17143
12.9143
6.77143
4.80952
7.72381
6.06667
8.6
5.55238
6.29524
4.78095
7.70476
7.32381
4.46667
5.61905
7.53333
8.28571
9.59048
7.73333
10.6
6.06667
9.92381
4.31429
6.62857
4.80952
8.24762
6.88571
10.4095
8.87619
10.5429
8.81905
8.89524
4.69524
4.10476
5.11429
7.28571
6.19048
8.2381
6.44762
9.4381
7.09524
7.54286
9.74286
5.92381
9.81905
8.08571
8.98095
8.00952
6.44762
7.25714
7.3619
10.3905
6.88571
8.97143
4.69524
6.99048
4.20952
8.08571
11.1714
5.39048
6.77143
6.7619
4.57143
8.26667
5.40952
5.57143
5.32381
5.25714
10.2381
6.8381
7.41905
6.8381
5.94286
8.5619
4.6
4.25714
8.08571
6.31429
5.92381
7.12381
9.26667
11.1524
7.11429
7.37143
7.67619
6.14286
4.37143
4.45714
9.59048
8.22857
6.61905
4.50476
5.6
8.13333
9.60952
5.04762
6.08571
8.75238
7.89524
5.92381
7.62857
7.95238
8.35238
4.49524
4.30476
6.30476
7.19048
4.54286
4.30476
4.24762
6.00952
5.52381
7.73333
8.49524
5.6381
11.9905
7.27619
7.64762
4.49524
7.14286
7.20952
9.09524
10.4571
6.4381
9.10476
5.25714
7.45714
8.52381
5.40952
5.41905
8.62857
4.38095
6.62857
7.8
6
9.44762
10.2667
9.95238
7.0381
6.79048
4.53333
6.2
4.65714
6.26667
4.30476
10.0381
6.79048
4.39048
4.72381
6.44762
7.48571
6.3619
6.58095
4.20952
9.2381
7.30476
7.7619
7.67619
7.11429
4.48571
7.35238
9.13333
10.1619
4.54286
13.7905
5.61905
6.81905
7.65714
5.66667
6.52381
6.55238
4.58095
10.6762
7.06667
5.53333
6.44762
4.57143
7.34286
6.94286
8.46667
7.0381
7.34286
9.1619
8.97143
10.7143
8.75238
4.3619
7.14286
4.12381
4.73333
6.52381
8.13333
8.64762
5.70476
7.07619
4.89524
6.0381
9.10476
9.48571
4.34286
8.46667
8.69524
9.50476
7.31429
5.82857
8.18095
8.22857
5.14286
11.0952
5.13333
6.3619
6.0381
5.70476
9.13333
5.38095
7.70476
8.35238
4.72381
9.95238
5.94286
7.50476
10.2286
7.12381
4.40952
5.75238
6.20952
7.10476
5.55238
6.50476
6.12381
6.41905
4.84762
5.00952
7.31429
7.78095
6.14286
12.1429
5.74286
4.37143
9.07619
4.22857
5.33333
7.06667
7.21905
8.69524
4.20952
9.05714
5.21905
5.39048
10.8952
11.1905
5.46667
4.12381
8.6381
5.70476
6.77143
8.25714
4.53333
5.89524
4.38095
7.92381
6.33333
9.54286
5.66667
11.1905
4.28571
7.81905
6.78095
16.2095
8.39048
6.85714
5.39048
4.1619
5.75238
4.46667
11.3429
8.19048
10.3905
6.38095
7.05714
7.99048
7.64762
6.08571
6.54286
10.619
7.67619
4.70476
6.30476
6.72381
10.4762
7.21905
6.15238
6.6381
9.08571
9.79048
10.4857
10.0857
5.45714
7.66667
9.22857
7.09524
6.84762
4.55238
6.5619
4.57143
6.06667
4.51429
9.69524
4.09524
8.49524
10.7524
5.81905
10.6
5.31429
6.64762
4.06667
6.09524
8.55238
4.61905
5.90476
9.10476
11.019
5.7619
9.92381
9.07619
10.6667
9.24762
9.0381
4.26667
5.55238
7.90476
9.53333
7.97143
4.39048
5.74286
4.34286
5.35238
5.54286
4.53333
7.05714
6.12381
9.14286
4.4
9.71429
8.48571
8.18095
6.54286
9.3619
10.8952
6.25714
5.65714
7.77143
6.46667
8.2
4.21905
4.48571
6.9619
4.1619
6.85714
6.58095
10.0476
7.10476
6.91429
11.019
6.48571
7.94286
6.68571
8.19048
9.11429
9.02857
7.66667
14.1143
8.61905
4.87619
5.82857
6.9619
8.04762
6.8381
9.85714
7.67619
4.40952
10.0095
11.2286
8.67619
5.34286
9.41905
7.82857
8.01905
7.31429
7.79048
10.4
4.4381
9.80952
4.38095
8.47619
8.44762
6.05714
6.29524
8.7619
6.67619
9.88571
9.81905
4.32381
7.46667
8.8
8.53333
10.4286
8.00952
7.0381
4.31429
4.2381
9.13333
10.9714
4.32381
8.39048
14.6286
10.4857
10.6762
8.57143
5.98095
7.79048
6.94286
4.05714
5.73333
5.14286
6.41905
4.64762
4.41905
4.42857
6.5619
8.4
11.2095
7.1619
4.1619
5.18095
7.78095
7.35238
4.28571
4.48571
7.05714
8.11429
10.3429
7.53333
7.85714
8.28571
7.06667
7.89524
7.48571
8.29524
9.95238
8.52381
12.2857
7.01905
6.6381
4.5619
5.66667
6.85714
9.61905
6.45714
8.80952
7.46667
6.24762
7.00952
8.57143
5.21905
4.30476
5.62857
5.25714
4.4
6.89524
4.19048
4.40952
5.59048
10.0952
8.07619
5.37143
6.60952
4.1619
4.24762
6.24762
5.59048
6.4381
7.80952
4.40952
8.01905
5.74286
6.0381
5.02857
4.22857
12.9238
7.10476
9.99048
7.35238
7.79048
7.26667
6.91429
6.97143
8.0381
10.4857
6.29524
6.67619
4.57143
7.87619
8.6
4.52381
10.0857
8.08571
5.26667
5.67619
4.32381
4.15238
8.20952
8.84762
6.86667
6.9619
6.8
6.44762
10.7429
8.15238
6.84762
5.46667
10.7143
4.17143
6.90476
9.2
5.49524
4.41905
5.35238
7.87619
5.98095
7.8
5.50476
8.04762
6.35238
6.46667
5.7619
4.11429
8.48571
7.44762
7.46667
7.26667
6.68571
5.7619
5.90476
8.57143
6
4.58095
6.5619
9
4.74286
5.45714
8.27619
4.41905
4.0381
6.24762
6.77143
7.18095
7.97143
5.3619
8.39048
5.0381
8.84762
5.66667
10.4762
6.46667
4.11429
4.3619
4.27619
5.48571
5.48571
5.65714
6.34286
11.3619
7.18095
8.11429
13.2095
8.94286
5.25714
12.1143
7.89524
8.8381
9.95238
5.2
10.3143
7.93333
4.33333
8.33333
7.37143
10.0762
11.6381
5.8
6.2
7.57143
7.13333
7.3619
5.40952
5.06667
4.93333
11.9333
7.0381
4.25714
8.66667
6.22857
5.19048
6.4
7.8381
6.93333
9.52381
9.34286
4.61905
5.35238
5.67619
7.33333
5.61905
8.7619
7.15238
9.52381
10.1619
7.32381
6.67619
4.8
6.55238
7.21905
7.20952
8.3619
4.41905
6.0381
7.08571
8.33333
7.37143
4.61905
8.87619
6.49524
14.1714
7.21905
9.5619
7.14286
5.99048
7.3619
10.2476
4.47619
7.70476
8.81905
5.13333
6.34286
9.57143
8.18095
4.47619
4.50476
5.88571
4.5619
9.44762
7.24762
6.67619
10.7333
6.65714
10.0571
12.2952
8.00952
8.62857
4.7619
5.50476
8.57143
5.14286
6.61905
6.40952
7.02857
5.24762
4.50476
6.6381
7.89524
4.37143
5.49524
8.30476
7.81905
5.88571
8.10476
7.14286
9.95238
7.95238
4.24762
7.9619
7.78095
8.01905
6.15238
7.35238
7.27619
9.62857
8.80952
9.59048
8.38095
7.93333
5.8381
6.67619
11.3143
7.17143
6.52381
5.39048
4.6381
4.99048
6.38095
4.66667
5.75238
4.49524
6.59048
6.20952
5.10476
8.46667
8.13333
7.11429
6.88571
8.09524
8.50476
5.86667
6.67619
4.66667
5.25714
11.7143
6.60952
4.7619
6.18095
5.71429
9.5619
4.66667
5.71429
6.81905
6.80952
9.58095
5.48571
6.27619
4.01905
6.35238
4.42857
5.01905
8.12381
6.68571
7.60952
7.92381
5.05714
5.9619
9.59048
6.97143
9.48571
5.46667
8.28571
7.75238
7.94286
6.69524
6.33333
9.11429
6.2381
8.50476
8.46667
5.13333
8.2381
8.92381
7.13333
9.4381
6.78095
6.4381
5.74286
4.29524
5.93333
4.40952
7.8
11.2095
4.26667
7.33333
5.3619
8.6
8.88571
7.84762
7.6
9.54286
5.71429
4.71429
6.06667
7.2
9.26667
7.17143
9.12381
4.66667
8.54286
6.67619
4.77143
9.8
7.37143
4.47619
4.97143
4.2381
6.13333
5.74286
6.52381
8.01905
12.2476
5.70476
8.12381
6.6381
6.49524
6.60952
7.84762
8.73333
4.48571
8.86667
4.49524
8.30476
5.89524
10.381
10.1619
5.80952
7.57143
8.08571
8.6381
4.42857
4.65714
6.10476
7.29524
5.24762
7.7619
7.92381
5.89524
9.4381
5.62857
5.98095
4.1619
6.41905
4.89524
9.13333
6.80952
7.58095
9.1619
6.92381
6.28571
7.24762
7.06667
7.49524
8.98095
4.38095
7.2381
5.04762
7.04762
6.82857
4.45714
8.94286
4.99048
4.46667
6.61905
6.1619
4.5619
5.61905
7.68571
5.4381
8.37143
4.44762
8.15238
4.92381
8.48571
5.82857
8.30476
4.50476
7.05714
6.72381
6.57143
7.34286
7.54286
4.46667
6.34286
6.84762
4.75238
7.75238
10.1619
6.29524
4.72381
7.18095
6.35238
5.70476
7.93333
4.38095
4.34286
10.5905
13.7905
7.84762
8.61905
9.52381
5.60952
4.18095
5.41905
5.22857
8.31429
4.3619
10.6476
6.49524
7.95238
5.26667
4.42857
9.11429
4.30476
9.7619
5.27619
7.48571
6.05714
6.21905
9.6
6.33333
4.2
4.17143
4.24762
6.05714
7.12381
4.11429
5.99048
5.8381
10.7238
4.46667
7.75238
6.38095
4.4
4.78095
8.6381
11.219
5.3619
5.73333
6.54286
8.4
9.13333
4.50476
7.66667
7.45714
8.15238
5.80952
4.90476
7.28571
9.40952
11.1429
7.20952
8.71429
6.2381
5.46667
7.85714
6
8.19048
6.55238
6.05714
5.54286
9.00952
6.92381
4.21905
6.74286
4.4
7.75238
7.91429
6.35238
6.74286
12.8286
8.91429
7.29524
5.26667
6.32381
5.73333
6.0381
6.21905
9.57143
11.0952
6.06667
7.22857
10.3714
7.09524
6.8381
8.1619
5.48571
7.02857
6.75238
9.89524
4.4381
6.77143
6.18095
6.00952
6.86667
7.34286
6.90476
5.66667
4.21905
5.21905
6.69524
5.99048
4.35238
5.4381
4.68571
6.60952
5.65714
9.35238
7.64762
4.77143
9.35238
5.6381
8.33333
4.41905
7.65714
9.38095
7.65714
6.52381
4.22857
6.11429
7.01905
5.50476
5.80952
5.26667
5.29524
6.49524
9.73333
6.21905
5.4
5.7619
5.9619
6.95238
10.9333
5.0381
5.22857
6.6
8.21905
7.82857
6.48571
4.32381
4.05714
9.55238
5.8381
10.4095
5.84762
9.32381
6.2
6.34286
6.87619
7.4381
9.05714
8.94286
11.8095
6.92381
8.05714
6.32381
4.28571
4.14286
11.1524
7.8
7.13333
5.53333
8.29524
6.58095
7.6
8.93333
4.41905
6.77143
6.04762
6.1619
8.38095
7.8381
9.06667
8.9619
5.68571
6.32381
5.59048
4.19048
4.6
5.39048
8.69524
4.45714
7.94286
5.58095
5.06667
5.46667
4.37143
7.00952
12.981
5.34286
4.18095
5.6
6.35238
10.6381
10.781
9.2
5.71429
9.54286
5.75238
7.47619
4.34286
7.95238
5.94286
4.3619
5.81905
8.6
5.45714
6.8
8.09524
6.69524
6.68571
5.70476
9.30476
6.46667
6.4381
6.78095
6.84762
7.7619
6.62857
9.44762
7.18095
10.9048
6.21905
5.14286
8.66667
9.97143
8.31429
6.06667
5.19048
9.52381
5.49524
4.38095
10.2476
5.20952
7.46667
4.29524
9.33333
10.6095
6.91429
9.37143
6.40952
7.92381
6.98095
7.93333
8.97143
8.65714
5.77143
4.39048
5.24762
7.99048
7.40952
7.2381
4.62857
6.64762
8
8.77143
8.69524
7.84762
9.44762
10.1714
8.48571
8.69524
4.68571
6.80952
7.85714
7.32381
6.6
5.78095
4.9619
5.8
5.72381
4.67619
8.04762
4.34286
7.11429
5.4
5.34286
4.30476
5.86667
5.33333
5.40952
9.33333
11.381
6.40952
4.38095
10.1619
7.2
9.59048
6.28571
7.85714
4.6
6.8381
6.68571
6.07619
6.40952
6.69524
4.29524
5.5619
6.93333
5.37143
5.74286
7.67619
6.35238
6.86667
4.27619
10.4286
7.26667
5.08571
5.2
7.39048
7.07619
9.86667
4.2381
7.85714
4.55238
9.91429
6.09524
6.61905
5.52381
6.97143
9.26667
4.53333
10.7714
5.68571
7.82857
12.6857
4.4381
4.70476
8.1619
7.55238
7.24762
6.61905
4.47619
4.39048
7.65714
4.37143
7.87619
4.44762
9.9619
5.37143
8.5619
4.55238
7.22857
7.44762
8.88571
4.68571
10.0476
10.5048
5.45714
11.0095
6.67619
4.2
4.60952
8.8381
11.0952
7.04762
8.65714
6.82857
8.48571
4.46667
8.32381
5.61905
5.54286
7.49524
7.40952
7.74286
6.77143
5.7619
5.79048
7.91429
5.75238
5.75238
8.44762
9.34286
9.25714
10.4667
9.21905
10.5905
8.20952
11.3238
6.41905
5.97143
8.34286
4.39048
4.11429
4.33333
12.8762
6.45714
8.1619
6.73333
8.87619
4.51429
6.2
5.78095
6.61905
6.21905
9.90476
9.81905
5.84762
8.0381
4.45714
4.90476
4.53333
5.92381
7.00952
5.95238
6.70476
10.1143
9.71429
10.1429
4.99048
4.77143
7.34286
5.21905
8.02857
4.06667
4.52381
4.22857
7.53333
4.47619
4.35238
5.71429
5.4381
6.9619
7.57143
5.78095
6.57143
7.24762
9.17143
9.91429
8.86667
9.1619
5.90476
10.3619
6.26667
6.27619
5.75238
9.49524
6.5619
4.08571
6.42857
4.46667
8.62857
10.1905
10.2095
7.6
6.02857
5.65714
4.54286
5.58095
6.30476
4.6
4.5619
4.26667
5.90476
6.41905
9.86667
4.67619
6.52381
7.50476
7.15238
5.94286
6.72381
9.5619
5.41905
6.66667
8.4
8.02857
4.4
10.2381
7.19048
7.27619
6.07619
6.07619
7.08571
5.0381
11.3429
10.8952
4.21905
4.77143
6.09524
7.41905
10.3429
9.27619
7.0381
6.65714
6.86667
7.2
9
6.64762
10.0952
7.65714
5.19048
6.06667
6.27619
10.7429
5.86667
4.65714
6.85714
5.46667
6.49524
5.22857
6.79048
4.2
6.21905
5.2381
6.7619
4.45714
9.39048
6.40952
6.49524
8.38095
4.53333
8.33333
7.77143
10.2667
9.14286
9.72381
6.59048
4.26667
4.24762
5.39048
7.21905
6.81905
8.87619
9.25714
9.06667
9.55238
6.15238
4.32381
4.74286
6.4381
5.55238
5.32381
4.51429
5.74286
5.60952
7.06667
7
4.28571
8.01905
9.49524
5.13333
8.73333
6.50476
8.49524
7.46667
8.05714
8.0381
9.6381
12.3429
9.2381
6.9619
7.41905
5.01905
7.09524
4.20952
6.06667
4.84762
5.04762
7.2
8.04762
6.78095
6.70476
4.40952
4.07619
7.2381
5.65714
10.7333
8.88571
5.67619
6.3619
8.68571
5.59048
6.3619
5.85714
7.06667
5.80952
4.26667
5.61905
6.19048
7.87619
7.35238
4.58095
4.19048
6.66667
5.25714
6.34286
5.22857
4.35238
8.08571
5.87619
6.98095
7.79048
9
5.62857
4.29524
6.54286
8.87619
6.67619
4.62857
7.24762
7.09524
6.11429
8.00952
5.6
8.53333
7.54286
7.08571
4.3619
6.49524
4.10476
4.82857
6.8
5.25714
6.48571
7.77143
10.3238
5.54286
4.48571
9.1619
4.55238
9.19048
8.39048
5.49524
8.85714
8.2
5.10476
4.3619
9.25714
4.22857
5.45714
9.85714
9.33333
6.68571
5.29524
5.78095
6.7619
6.8381
4.46667
10.0095
10.8381
8.74286
4.34286
6.14286
6.33333
8.27619
5.05714
6.95238
10.1333
11.7048
6.10476
10.3238
9.09524
4.27619
6.98095
9.86667
8.64762
4.15238
8.35238
4.49524
7.10476
9.09524
6.07619
5.89524
7
5.74286
4.8381
8.3619
6.46667
5.29524
7.2
6.33333
6.02857
5.86667
7.98095
4.39048
10.2571
5.78095
8.18095
7.14286
7.7619
4.58095
4.27619
4.38095
4.38095
8.39048
7.14286
5.26667
4.53333
5.75238
4.75238
10.381
5.04762
6.64762
5.33333
12
8.25714
4.88571
5.35238
7.99048
9.65714
4.99048
4.25714
4.62857
4.54286
6.2381
4.28571
7.07619
10.419
4.42857
10.9143
11.6762
4.22857
6.8
6.77143
4.5619
6.58095
7.98095
4.99048
6.42857
5.6
9.7619
6.93333
7.41905
7.75238
9.68571
4.47619
10.3143
6.7619
11.8286
4.58095
13.0857
10.2
9.95238
12.181
6.6381
4.2381
5.28571
6.35238
5.27619
7.49524
6.99048
5.74286
4.24762
4.19048
6.18095
4.13333
6.40952
10.0286
4.57143
4.26667
8.91429
8.31429
9.93333
8.59048
10.1905
6.78095
5.29524
6.89524
8.50476
7.3619
8.47619
6.81905
8.26667
5.89524
10.7905
5.1619
4.12381
5.47619
4.59048
4.5619
4.64762
7.35238
6.58095
4.54286
10.4
8.74286
6.97143
7.11429
6.13333
6.39048
7.57143
10.9333
6.09524
6.41905
8
9.78095
8.72381
4.62857
7.29524
5.61905
9.90476
8.24762
7.2381
8.81905
7.65714
5.66667
7.51429
6.40952
7.18095
9.32381
9.85714
6.25714
9.57143
8.28571
6.30476
4.89524
4.40952
6.65714
8.30476
8.38095
5.90476
7.93333
4.40952
6.19048
5.95238
7.69524
7.31429
4.22857
8.88571
6.42857
8.32381
7.2
5.90476
4.99048
4.28571
6.86667
4.48571
5.98095
4.19048
7.09524
4.84762
4.25714
4.26667
5.11429
14.0381
9.51429
5.45714
5.8
6.02857
4.60952
7.28571
7.72381
8.20952
4.33333
4.61905
6.47619
10.4857
7.01905
7.6381
6.61905
7.7619
6.74286
7.30476
7.51429
7.11429
7.39048
7.06667
8.24762
4.18095
4.35238
6.99048
4.28571
6.66667
8.51429
10.6667
8.82857
8.05714
5.74286
9.0381
9.68571
4.69524
4.62857
7.25714
4.59048
9.11429
5.8381
8.78095
7.21905
7.66667
7.95238
6.07619
4.53333
10.5905
6.4381
5.6
5.00952
5.97143
4.57143
5.02857
6.31429
11.6571
7.37143
10.0857
5.75238
6.42857
5.58095
10.5238
5.61905
7.68571
9.01905
6.92381
8.91429
7.90476
10.5143
5.75238
4.32381
5.70476
16
7.73333
8.37143
9.58095
9.27619
5.14286
5.72381
6.69524
8.06667
4.69524
10.4381
11.019
7.62857
7.08571
7.94286
5.74286
7.10476
4.42857
8.50476
13.8952
6.32381
4.38095
10.0095
7.13333
8.18095
4.34286
7.27619
6.22857
10.9143
8.05714
11.2667
7.67619
7.8
7.00952
6.04762
7.58095
9.86667
6.3619
4.47619
6.77143
5.78095
8.97143
6.57143
5.6381
4.1619
4.52381
4.1619
5.81905
5.0381
7.26667
5.69524
7.1619
4.38095
6.98095
4.95238
4.35238
4.6
10.7143
4.19048
7.01905
4.32381
6.88571
8
5.78095
5.8381
5.18095
8.14286
5.50476
7.33333
4.27619
9.70476
4.27619
8.88571
6.08571
4.55238
6.88571
8.06667
10.0952
5.97143
8.95238
7.62857
13.9905
5.44762
7.30476
4.4
4.40952
4.94286
5.10476
8.65714
5.04762
8.65714
4.32381
4.30476
8.41905
7.11429
6.09524
9.12381
4.8381
4.49524
7.70476
8.30476
4.58095
5.95238
5.88571
5.13333
5.97143
6.80952
7.98095
6
5.15238
4.27619
4.37143
4.48571
7.42857
6.47619
6.78095
10.5143
7.42857
6.65714
5.01905
6.2
9.86667
6.15238
6.8381
5.72381
6
7.94286
7.4
4.46667
5.3619
5.07619
8.37143
4.28571
12.5714
8.82857
4.59048
7.46667
4.57143
7.48571
4.66667
4.48571
7.07619
8.42857
7.91429
7.06667
4.81905
5.91429
6.1619
5.07619
8.50476
8.51429
6.7619
5.95238
6.41905
8.05714
5.14286
6.8381
5.67619
5.65714
4.1619
4.82857
4.33333
5.73333
4.81905
6.60952
6.55238
10.6095
4.39048
5.55238
5.06667
7.00952
5.2
4.39048
7.29524
5.21905
5.73333
4.8
5.41905
4.07619
4.13333
9.00952
5.49524
4.53333
5.79048
6.06667
8.84762
4.5619
4.57143
8.58095
5.55238
10.1048
5.10476
8.35238
6.17143
9.15238
10.4
8.71429
5.42857
6.90476
10.4476
6.93333
6.25714
9.91429
8.10476
7.81905
9.00952
6.42857
4.37143
7.9619
7.71429
6.29524
4.21905
8.41905
6.48571
11.8762
9.67619
6.20952
9.4
7.66667
9.41905
5.99048
7.5619
8.51429
6.1619
6.12381
8.5619
9.57143
6.4
6.14286
8.48571
7
7.86667
5.97143
6.00952
10.3619
4.39048
6.14286
4.20952
4.72381
7.92381
9.10476
6.32381
6.72381
4.06667
7.93333
4.19048
10.5238
8.95238
9.8
9.25714
5.39048
8.65714
6.54286
7.11429
7.17143
7.68571
4.62857
5.31429
6.2
9.65714
8.10476
7.54286
8.88571
4.1619
4.48571
4.06667
9.67619
5.32381
7.3619
4.18095
6.4381
8.07619
5.71429
7.69524
5.25714
9.98095
6.77143
7.74286
4.41905
8.22857
8.0381
7.26667
7.8381
9.37143
6.4
5.12381
5.68571
5.89524
7.2381
8.7619
8.12381
7.73333
9.70476
4.25714
6.05714
9.6381
4.06667
6.14286
4.99048
4.31429
5.81905
5.28571
4.18095
7.19048
4.22857
7.09524
4.57143
8.77143
7.2
4.79048
8.24762
4.35238
6.64762
5.39048
7.91429
6.58095
7.13333
7.88571
4.35238
4.61905
4.24762
6.52381
6.65714
7.2
7.45714
4.24762
6.30476
6.62857
7.84762
5.51429
4.51429
7.18095
6.1619
4.58095
7.38095
7.18095
6.51429
7.54286
6.73333
7.48571
5.97143
4.2381
6.5619
10.219
7.62857
8.35238
7.10476
5.06667
7.51429
4.24762
6.90476
5.51429
7.91429
5.41905
6.42857
7.38095
7.41905
5.02857
5.91429
9.21905
4.26667
6.55238
5.67619
6.61905
8.54286
6.05714
6.37143
5.0381
5.97143
6.02857
4.19048
6.15238
4.88571
6.00952
4.29524
7.65714
11.3524
9.26667
7.42857
12.019
4.51429
5.51429
4.48571
5.72381
9.40952
6.10476
8.51429
8.6
8.49524
8.61905
7.05714
6.01905
6.59048
8.22857
7.68571
4.54286
5.37143
7.49524
15.3143
5.80952
7.46667
6.78095
4.91429
8.78095
6.00952
4.24762
7.2
9.0381
6.65714
10.2762
4.5619
5.46667
7.00952
7.61905
4.4
7.49524
6.49524
19.8667
8.46667
6.1619
9.61905
6.92381
7.09524
7.35238
5.73333
8.65714
4.2381
6.22857
4.66667
7.93333
6.66667
8.78095
9.45714
11.2095
5.80952
4.27619
5.57143
4.2
8.97143
9.7619
4.64762
8.72381
4.8
6.33333
9.41905
7.27619
6.48571
7.20952
4.39048
5.07619
5.21905
5.97143
6.75238
8.06667
6.10476
6.90476
5.70476
8.77143
5.19048
4.25714
4.34286
4.9619
7.14286
6.78095
5.72381
7.78095
5.85714
4.5619
4.57143
4.50476
4.40952
4.37143
6.26667
8.13333
11.2381
4.57143
5.65714
6.40952
9.89524
6.87619
5.68571
10.7905
4.64762
9.44762
12.0381
9.2
8.68571
4.42857
4.34286
4.51429
4.35238
10.6095
13.3238
8.05714
10.3905
5.85714
12.0095
9.10476
9.88571
7.15238
10
4.40952
10.2571
4.39048
6.95238
7.80952
7.31429
8.64762
6.46667
4.38095
7.05714
5.45714
4.85714
4.77143
4.20952
4.97143
7.59048
6.11429
9.85714
4.57143
7.94286
9.88571
4.53333
8.2
7.84762
7.42857
4.29524
5.98095
8
6.15238
5.34286
4.45714
9.00952
5.59048
8.81905
9.2381
12.1143
6.40952
6.10476
5.8381
10.4095
7.87619
6.27619
6.60952
5.44762
6.2381
8.2
5.8381
6.65714
6.50476
18.4762
6.85714
4.48571
4.55238
4.62857
7.80952
7.10476
4.5619
6.17143
4.64762
4.58095
7.1619
5.06667
7.67619
4.67619
9.68571
8.45714
4.21905
5.05714
5.53333
11.2095
4.27619
7.42857
6.62857
6.50476
6.31429
11.0952
7.89524
6
5.94286
4.37143
4.79048
4.15238
5.61905
9.65714
6.54286
6.69524
8.54286
5.26667
5.6
7.45714
7.6
5.65714
5.92381
9.78095
5.2
4.58095
5.97143
7.45714
6.89524
7.08571
4.54286
5.2
4.53333
4.59048
7.7619
6.79048
4.34286
7.60952
7
10.581
4.92381
4.67619
4.28571
4.2
10.2095
8.17143
6.01905
4.2
4.31429
7.49524
5.52381
5.95238
4.39048
4.2
6.10476
6.25714
4.42857
6.8381
6.24762
8.93333
6.39048
4.33333
8.61905
4.29524
9.0381
7.93333
8.86667
6.65714
6.86667
5.01905
7.15238
6.37143
7.10476
8.13333
7.65714
6.48571
6.02857
6.32381
10.1619
9.86667
4.13333
6.00952
7.9619
6.64762
7.02857
5.88571
4.22857
6.17143
4.46667
6.98095
6.7619
5.6
8.09524
6.2381
6.69524
4.51429
10.4857
4.20952
4.85714
6.41905
7.3619
8.31429
4.2
7.49524
8.95238
8.24762
11.4286
4.70476
4.11429
7.93333
5.93333
7.94286
5.8381
5.12381
6.79048
11.0667
6.98095
8.55238
5.91429
8.2381
6.06667
7.13333
8.1619
7.11429
4.68571
8.27619
5.40952
7.11429
8.08571
4.42857
4.31429
4.33333
4.17143
4.18095
9.24762
6.35238
6.54286
6.22857
5.88571
6.85714
7.6
3.32381
3.87619
6.44762
6.75238
4.82857
4.41905
5.91429
3.22857
4.82857
3.08571
5.81905
7.81905
7.14286
5.19048
3.71429
3.39048
5.91429
3.13333
5.52381
3.18095
3.51429
3.07619
6.44762
5.28571
3.78095
7.60952
5.05714
5.02857
9.01905
5.70476
5.11429
3.09524
3.41905
4.75238
7.50476
4.39048
6.25714
4.65714
4.85714
5.00952
5.98095
3.09524
4.89524
7.79048
6.82857
8.73333
5
4.4381
4.68571
4.17143
6.55238
8.13333
4.59048
6.6
5.01905
3.40952
3.15238
4.32381
5.84762
6.80952
3.24762
4.44762
6.87619
9.46667
3.41905
8.84762
7.4
3.10476
3.54286
3.35238
10.9714
5.66667
5.06667
8.55238
4.74286
5.41905
6.50476
6.69524
10.6286
8.8381
6.28571
7.31429
8.70476
4.79048
4.42857
5.73333
3.31429
3.19048
5.90476
4.10476
6.67619
3.1619
3.30476
3.28571
5.42857
5.69524
3.25714
4.86667
4.72381
3.1619
5.57143
6.0381
4.62857
3.10476
6.14286
8.50476
3.57143
3.53333
5.19048
8.25714
7.54286
3.04762
5.37143
5.04762
6.18095
3.17143
3.38095
4.62857
3.33333
4.3619
6.2
4.2381
5.78095
5
6.81905
3.26667
4.81905
4.52381
5.15238
5.00952
5.47619
4.70476
3.7619
6.70476
6.09524
5.64762
3.15238
3.14286
3.05714
4.3619
4.67619
3.48571
8.50476
6.09524
5.37143
3.20952
6.99048
3.13333
6.1619
3.46667
3.40952
4.5619
5.09524
3.11429
5.21905
4.52381
4.37143
4.35238
5.12381
5.29524
3.09524
3.69524
3.62857
8.32381
7.70476
4.81905
3.3619
4.89524
5.81905
7.66667
6.09524
7.52381
3.39048
8.62857
9.59048
3.6381
4.2
7.72381
3.51429
6.86667
4.59048
5.8381
3.77143
6.2
3.1619
5.08571
3.17143
3.55238
3.24762
5.75238
3.04762
4.89524
4.75238
3.19048
6.30476
17.5048
4.53333
4.42857
3.48571
6.6381
3.4
5.80952
3.18095
5.70476
3.46667
6.41905
6.31429
4.92381
9.61905
4.9619
4.68571
5.28571
4.77143
3.4381
5.97143
4.35238
7.01905
4.75238
8.52381
6
3.18095
7.9619
4.17143
6.5619
3.40952
3.18095
5.6381
5.62857
5.71429
3.32381
5.8381
6.47619
7.47619
5.01905
4.7619
4.33333
5.10476
6.29524
8.46667
5.75238
3.1619
3.4
7.82857
8.26667
6.74286
3.81905
7.04762
4.2381
4.5619
3.30476
11.7429
3.02857
7.7619
3.32381
5.90476
5.17143
12.2952
3.17143
4.47619
3.26667
4.69524
6.08571
8.46667
3.59048
3.12381
9.77143
4.61905
3.21905
7.12381
6.4381
5.94286
7.52381
5.15238
7.1619
4.90476
5.81905
7.86667
9.6
4.92381
6.00952
3.4
3.31429
5.38095
5.13333
7.77143
5.45714
3.33333
3.20952
3.30476
3.13333
5.17143
3.30476
6.82857
3.13333
5.22857
5.40952
7.81905
4.30476
7.11429
6.10476
5.02857
3.20952
6.41905
6.6381
4.84762
4.04762
3.66667
5.37143
5.55238
5.78095
6.98095
3.29524
8.4
3.32381
3.34286
5.25714
3.50476
3.33333
7.47619
3.35238
3.19048
3.6
3.0381
3.40952
3.09524
5.80952
3.11429
3.51429
3.2381
3.06667
3.59048
5.70476
5.30476
3.26667
4.62857
7.10476
3.84762
5.48571
7.6
4.37143
6.25714
3.37143
7.86667
5.14286
3.20952
6.79048
3.33333
4.51429
5.64762
3.25714
6.4381
4.80952
6.8
5.86667
5.38095
6.77143
8.78095
3.15238
7.82857
4.40952
5.8
10.0762
8.74286
5.04762
4.60952
4.99048
3.26667
3.30476
3.52381
5.12381
6.01905
3.24762
5.05714
3.37143
9.4
6.55238
7.58095
6.30476
7.5619
10.5238
3.34286
5.39048
3.10476
5.12381
5.85714
5.52381
3.87619
6.10476
3.18095
4.91429
4.81905
5.52381
10.3333
7.31429
6.11429
5.99048
27.3333
6.82857
5.81905
3.13333
3.21905
3.1619
4.77143
5.95238
6.93333
6.3619
5.40952
6.28571
3.24762
7.55238
3.22857
3.14286
3.42857
3.46667
9.49524
3.6
6.35238
5.44762
7.21905
4.77143
7.07619
4.51429
4.91429
5.12381
4.4
3.04762
6.17143
5.70476
9.0381
3.35238
3.30476
4.92381
4.77143
6.9619
4.47619
4.8
4.69524
7.06667
8.21905
4.02857
3.2381
5.18095
5.32381
3.47619
6.65714
3.07619
7.6381
7.0381
4.49524
3.09524
6.21905
3.26667
5.57143
4.57143
3.61905
6.51429
5.15238
4.62857
4.82857
6.17143
5.69524
5.21905
3.04762
5.06667
5.7619
6.82857
5.52381
10.4762
5.89524
3.44762
5.14286
3.22857
6.64762
4.26667
7.12381
3.33333
4.18095
4.88571
4.8
3.41905
3.46667
3.02857
4.97143
5.10476
4.18095
6.2
8.2
4.99048
4.57143
4.40952
5.07619
4.8381
3.35238
6.58095
4.74286
3.3619
4.86667
3.34286
3.41905
7.85714
7.8
4.8
5.18095
5.12381
9.54286
3.4
6.46667
4.88571
7.28571
5.64762
7.48571
4.39048
4.71429
5.33333
4.61905
3.32381
8.8
7.31429
6.73333
5.34286
5.49524
7.51429
8.67619
5.02857
7.22857
8.04762
4.34286
6.78095
6.69524
4.9619
4.77143
5.53333
3.15238
3.02857
7.98095
3.18095
3.2381
3.4381
7.18095
3.40952
5.41905
3.50476
4.82857
5.27619
3.06667
3.5619
4.90476
3.48571
5.32381
7.11429
3.15238
3.22857
4.80952
5.30476
3.13333
5.14286
4.73333
5.88571
3.17143
3.58095
3.30476
6.28571
3.09524
3.0381
3.72381
3.00952
3.66667
3.17143
4.91429
3.19048
6.0381
5.07619
7.25714
4.6
6.0381
5.05714
5.32381
8.32381
4.31429
3.28571
3.17143
3.1619
4.79048
4.27619
4.8
6.65714
8.7619
5.53333
3.27619
9.69524
5.4381
5.26667
3.81905
3.37143
3.37143
3.22857
5.0381
6.27619
7.6
3.33333
7.78095
7.28571
8.24762
4.9619
6.01905
5.39048
8.02857
8.27619
3.42857
4.02857
3.20952
5.48571
5.5619
4.25714
4.82857
7.04762
6.62857
3.30476
5.02857
5.72381
3.50476
3.79048
5.42857
7.47619
3.2
12.3524
4.84762
7.51429
7.10476
6.98095
6.79048
3.84762
5.51429
3.30476
3.41905
3.41905
5.12381
8.75238
3.26667
5.31429
7.2
3.54286
3.34286
3.12381
6
6.13333
6.2
4.4
6.98095
3.07619
3.98095
3.85714
5.48571
8.46667
5.28571
5.13333
4.45714
5.49524
5.66667
3.4381
3.00952
5.92381
3.45714
4.55238
4.79048
3.4
9.19048
4.99048
3.1619
3.22857
5.29524
3.46667
6.12381
6.99048
3.33333
3.06667
3.33333
3.22857
5.61905
4.91429
5.29524
3.3619
7.26667
4.6381
5.89524
3.28571
6.30476
3.4381
3.21905
4.15238
5.29524
3.3619
3.26667
5.00952
5.10476
5.08571
3.32381
4.25714
4.4381
3.47619
3.2381
4.28571
9.13333
4.04762
3.71429
3.27619
4.34286
8.09524
4.4381
6.04762
3.40952
7.67619
3.44762
4.04762
8.65714
3.33333
7.64762
3.25714
6.00952
4.71429
3.50476
6.41905
3.14286
5.80952
7.06667
3.20952
3.58095
3.1619
7.86667
7.45714
4.30476
3.37143
7.60952
3.15238
4.85714
5.6
6.48571
3.22857
3.09524
4.89524
3.12381
3.12381
9
3.45714
6.58095
3.54286
10.1619
3.52381
5.54286
6.47619
5.29524
3.13333
3.27619
3.20952
8.6381
6.26667
5.38095
5.06667
3.10476
5.15238
6.55238
3.21905
6.37143
8.95238
3.20952
7.30476
3.27619
5.50476
8.67619
6.13333
3.94286
5.40952
6.0381
5.71429
10.6476
6.81905
5.15238
3.07619
3.30476
3.01905
3.38095
4.85714
8.89524
3.44762
4.07619
3.32381
3.06667
3.39048
3.18095
6.99048
3.26667
3.29524
6.70476
3.33333
9.21905
6.85714
6.54286
8.26667
5.6
3.52381
4.84762
3.27619
7.73333
4.79048
4.98095
3.34286
4.84762
5.7619
3.11429
3.21905
3.13333
5.94286
7.06667
3.20952
7.38095
3.2381
7.2
5.62857
3.14286
3.5619
5.40952
5.02857
7.01905
5.28571
5.51429
4.8381
3.05714
5.72381
6.82857
4.67619
3.25714
7.55238
4.93333
3.12381
3.33333
4.60952
4.13333
3.54286
3.61905
5.64762
7.73333
3.09524
3.30476
7.61905
5.82857
4.99048
5.70476
8.45714
7.52381
5.8
4.92381
8.52381
4.5619
3.20952
3.1619
3.30476
3.20952
7.91429
3.18095
3.39048
3.1619
6.06667
6.7619
4.55238
7.94286
5.52381
4.68571
6.73333
4.65714
4.46667
5.78095
3.25714
4.81905
4.60952
5.24762
5.64762
4.42857
8.11429
5.87619
5.45714
5.6
7.38095
3.34286
4.78095
7.89524
3.2
6.8381
5.46667
8.18095
4.26667
7.7619
3.2381
4.73333
6.8
6.47619
4.89524
4.1619
3.34286
3.40952
4.94286
8.8381
7.52381
3.28571
5.12381
5.84762
3.9619
6.64762
5.98095
7.59048
8.14286
6.95238
8.64762
5.98095
6.80952
6.28571
3.60952
6.02857
5.67619
3.37143
7.04762
7.66667
6.54286
4.67619
4.34286
3.41905
7.82857
7.6381
6.77143
3.13333
5.5619
3.66667
3.18095
4.68571
6.75238
3.49524
3.72381
7.42857
7.59048
7.82857
3.34286
3.22857
3.37143
5.00952
4.44762
3.1619
4.94286
3.65714
3.12381
3.2
5.13333
4.80952
6.01905
6.52381
6.21905
6.85714
4.50476
11.1048
3.2381
4.45714
7.06667
3.08571
3.3619
3.42857
6.89524
4.8
3.57143
3.05714
4.30476
3.15238
3.20952
4.28571
5.20952
4.90476
3.11429
4.3619
4.77143
4.6
3.14286
5.32381
4.3619
6.20952
5.99048
5.59048
6.14286
4.87619
7.87619
4.40952
5.61905
3.25714
5.14286
3.33333
3.39048
5.02857
8.07619
4.34286
3.21905
3.31429
3.45714
5.12381
3.30476
3.58095
7.61905
7.11429
6.30476
4.85714
3.5619
5.40952
5.49524
5.39048
4.48571
6.74286
4.79048
4.77143
3.44762
7.59048
3.27619
4.65714
6.75238
5.89524
6.93333
5.12381
7.31429
7.81905
3.2381
4.70476
6.40952
5.64762
3.18095
5.57143
5.04762
8.60952
5.38095
3.48571
7.87619
3.29524
3.27619
3.66667
3.09524
3.40952
7.54286
4.5619
5.1619
4.78095
4.11429
6.64762
7.69524
6.90476
9.29524
3.20952
3.47619
3.14286
4.54286
5.29524
7.52381
4.6381
3.55238
5.92381
3.33333
7.13333
5.31429
5.88571
3.10476
8.55238
7.22857
5.73333
4.1619
4.26667
7.0381
3.41905
3.2
7
4.68571
5.13333
5.7619
6.86667
3.08571
4.90476
9.84762
3.27619
5.25714
3.4381
3.57143
5.79048
7.55238
4.46667
5.51429
7.78095
4.85714
8.30476
5.32381
7.54286
3.22857
3.87619
3.31429
7.06667
3.33333
5.3619
4.62857
8.4381
3.62857
5.86667
6.21905
5.25714
3.64762
7.41905
12.819
7.18095
5.82857
7.17143
6.68571
4.87619
7.40952
8.79048
5.39048
4.75238
7.93333
7.27619
8.3619
5.74286
7.24762
7.68571
4.55238
6.33333
3.29524
5.25714
7.97143
5.65714
9.0381
9.42857
5.31429
6.10476
10.1048
5.31429
3.13333
6.41905
8.29524
3.4
4.81905
6.40952
7.28571
5.72381
4.95238
9.68571
3.2
5.35238
3.13333
5.79048
5.40952
3.58095
3.25714
6.8
5.02857
5.25714
3.61905
10.1143
7.35238
4.95238
3.4381
5.07619
6.2381
3.41905
5.92381
5.28571
3.14286
4.89524
6.77143
3.0381
5.46667
5.45714
4.42857
4.91429
3.4
5.9619
6.72381
8.62857
8.80952
3.07619
3.5619
5.34286
8.08571
3.93333
6.45714
3.58095
3.66667
8.12381
3.58095
3.26667
9.47619
5.44762
5.7619
8.95238
8.59048
5.57143
4.59048
6.10476
6.25714
10.619
5.25714
4.19048
5.39048
7.4
7.87619
3.72381
4.59048
6.69524
6
3.12381
4.37143
4.74286
3.05714
8.31429
3.15238
5.92381
7.6
6.87619
7.67619
5.90476
3.1619
6.84762
4.82857
4.92381
4.92381
6.67619
6.11429
4.59048
3.54286
3.57143
3.34286
3.29524
5.39048
6.88571
5.21905
3.20952
6.4
3.25714
5.26667
3.66667
3.87619
3.80952
5.06667
6.14286
6.48571
5.04762
3.38095
6.74286
3.73333
5.60952
3.2381
7.48571
9.84762
4.54286
3.14286
8.72381
8.9619
3.54286
3.35238
5.67619
8.04762
7.0381
3.26667
4.95238
3.01905
9.1619
5.11429
7.67619
5.38095
7.20952
3.41905
3.57143
5.53333
3.19048
5.93333
7.1619
5.44762
6.9619
4.84762
6.48571
6.10476
4.21905
3.21905
7.69524
7.02857
3.29524
5.25714
7.27619
3.01905
3.40952
5.19048
5.60952
3.35238
8.11429
6.3619
3.20952
5.25714
8.04762
5.48571
5.26667
6.44762
5.72381
3
5.11429
6.66667
5.0381
4.44762
6.91429
3.01905
6.20952
6.06667
5.92381
4.97143
3.27619
5.52381
5.10476
3.28571
5.2381
7.53333
6.75238
3.37143
4.93333
3.1619
6.64762
3.41905
5.88571
4.75238
5.57143
3.07619
6.20952
3.10476
7.21905
3.24762
8.04762
5.98095
3.18095
3.15238
5.13333
3.32381
6.62857
8.4
5.2381
3.27619
3.14286
5.27619
5.5619
5.92381
3.44762
5.85714
3.39048
4.54286
11.2095
6.44762
6.62857
5.6381
4.80952
3.39048
4.8
9.29524
3.44762
5.19048
3.29524
3.41905
7.7619
5.49524
3.79048
4.50476
3.44762
6.40952
3.45714
5.42857
7.45714
4.81905
5.02857
5.22857
7.32381
4.57143
6.20952
6.7619
3.55238
3.06667
3.20952
5.62857
5
5.4381
3.08571
6.24762
5.97143
3.24762
3.27619
4.37143
3.20952
3.2381
3.2381
4.86667
5.7619
3.73333
3.21905
6.10476
6.00952
4.91429
3.4381
6.98095
7.06667
3.47619
3.07619
3.25714
5.17143
3
3.12381
6.91429
3.38095
3.51429
3.64762
8.99048
3.32381
3.51429
7.46667
3.10476
4.8381
4.65714
5.8
4.58095
4.27619
4.8
8.02857
4.90476
6.97143
5.7619
5.86667
8.95238
6.14286
4.4381
6.44762
6.21905
4.93333
4.57143
3.45714
4.22857
4.7619
5.33333
5.82857
3.55238
3.30476
4.71429
5.13333
5.59048
3.34286
4.58095
4.53333
4.81905
5.78095
3.40952
3.35238
9.18095
5.07619
6.31429
5.55238
4.28571
5.99048
5.62857
3.19048
3.6
6.24762
5.4
3.26667
3.44762
5.21905
10.6
6.34286
5.64762
9.29524
7.39048
4.91429
3.48571
3.3619
3.07619
5.0381
5.11429
5.27619
3.19048
4.49524
4.65714
8.84762
7.14286
7.65714
5.31429
3.4381
3.04762
6.87619
4.9619
7.81905
7.68571
5.8381
5.37143
7.02857
4.9619
5.79048
5.47619
3.21905
3.25714
3.6381
3.09524
4.0381
3.38095
3.37143
7.87619
6.77143
6.15238
6.93333
4.59048
6.75238
3.34286
7.22857
6.95238
5.27619
4.3619
8.24762
5.39048
3.05714
4.54286
7.02857
8.88571
3.38095
4.9619
3.2381
6.65714
3.20952
3.1619
5.18095
3.85714
5.10476
3.14286
5.13333
5.8
3.1619
3.54286
3.18095
5.59048
4.71429
5.2381
4.24762
3.37143
4.2381
4.6381
4.26667
6.41905
4.57143
3.46667
8.40952
5.6381
3.19048
9.42857
7.15238
4.8381
3.70476
7.53333
5.12381
4.84762
4.89524
7.37143
3.70476
4.53333
8.53333
3.28571
5.74286
4.9619
6.17143
5.72381
5.17143
3.24762
6.41905
7.75238
3.28571
7.53333
3.46667
4.05714
6.99048
4.73333
5.88571
3.98095
3.6381
6.00952
5.8
8.28571
7.28571
6.47619
3.72381
3.06667
6.07619
3.5619
3.21905
4.4
4.9619
8.51429
3.84762
9.06667
3.48571
4.22857
5.04762
5.25714
3.92381
5.86667
5.30476
6.88571
4.92381
4.70476
3.18095
5.6381
9.75238
3.12381
7.10476
6.30476
3.8381
6.15238
6.72381
5.70476
7.87619
4.09524
7.99048
3.1619
5.11429
7.65714
4.69524
3.48571
6.78095
9.69524
5.47619
6.98095
5.33333
4.48571
8.4381
3.4
4.35238
3.25714
4.51429
3.28571
9.05714
3.28571
5.6
3.55238
3.21905
3.07619
5.28571
5.21905
5.62857
7.82857
4.50476
5.02857
4.39048
6.85714
5.90476
4.53333
4.8381
7.1619
5.37143
3.20952
4.47619
8.04762
3.48571
5.24762
5.74286
3.0381
4.90476
6.25714
7.06667
3.72381
6.19048
3.38095
4.40952
8.90476
5.4381
3.6
7.49524
3.8381
3.32381
5.21905
3.25714
7.07619
4.49524
3.5619
3.48571
6.08571
7.21905
5.13333
4.94286
4.90476
7.33333
3.65714
3.70476
3.41905
3.48571
6.29524
3.24762
6.59048
4.91429
3.55238
3.31429
3.28571
8.95238
4.3619
4.82857
3.2381
3.06667
6.95238
4.39048
3.41905
4.9619
3.30476
3.45714
7.75238
3.51429
6.97143
4.27619
7.22857
7.61905
5.14286
5.67619
5.92381
9.86667
8.79048
3.25714
6.06667
3.57143
7
5.00952
3.46667
5.10476
8.40952
3.2381
8.72381
5.97143
5.01905
3.26667
4.61905
3.34286
4.51429
8.28571
5.73333
7.24762
7.17143
3.20952
4.58095
3.10476
7.54286
8.34286
3.46667
3.11429
3.6
4.93333
5.24762
9.47619
7.52381
9.53333
8.0381
3.52381
5.15238
7.34286
4.11429
8.18095
5.95238
8.90476
5.42857
3.40952
4.39048
4.85714
5.4
5.09524
6.1619
5.0381
5.01905
6.42857
3.27619
3.22857
5.9619
7.45714
3.67619
7.79048
3.32381
6.53333
3.70476
5.61905
4.89524
5.18095
5.6381
7.25714
5.2381
4.67619
3.35238
6
6.71429
6.92381
6.82857
6.2
6.82857
7.22857
3.07619
8.13333
5.52381
8.11429
3.92381
3.47619
4.65714
6.59048
4.80952
5.67619
4.72381
5.06667
3.55238
3.7619
4.98095
5.33333
6.4
3.30476
6.69524
6.0381
5.70476
7.25714
5.24762
3.2381
3.47619
4.90476
3.20952
5.71429
3.26667
7.40952
5.2381
3.12381
3.51429
3.37143
4.07619
3.12381
5.26667
9.99048
6.98095
5.40952
7.65714
5.5619
5.85714
4.25714
5.37143
5.01905
7.8
5.4
5.05714
6.25714
3.35238
5.22857
3.49524
6.02857
5.95238
3.33333
3.11429
8.12381
4.62857
3.47619
3.28571
3.06667
5.22857
3.3619
6.22857
3.45714
3.9619
3.33333
6.24762
3.21905
5.39048
7.34286
3.31429
4
5.35238
5.09524
4.60952
6.86667
7.48571
5.29524
5.28571
5.53333
6.30476
3.27619
4.86667
4.87619
3.90476
3.25714
7.8381
4.85714
4.41905
3.31429
7.42857
6.50476
7.05714
5.39048
6.27619
7.01905
8.67619
4.73333
5.02857
3.35238
6.57143
6.0381
6.93333
3.19048
3.31429
4.67619
5.92381
3.1619
3.41905
8.32381
7.2
7.26667
5.11429
3.3619
6.41905
3.21905
3.85714
4.46667
8.71429
6.02857
5.0381
3.82857
7.64762
4.98095
4.61905
7.62857
4.50476
6.54286
3.9619
8.64762
3.15238
6.29524
3.40952
5.06667
4.41905
5.75238
3.31429
7
3.99048
7.13333
3.33333
7.89524
5.4381
3.30476
5.46667
6.3619
6.77143
3.91429
3.15238
6.38095
3.4
5.26667
4.87619
4.94286
3.37143
4.0381
6.15238
5.27619
8.28571
3.53333
4.74286
3.29524
5.58095
4.86667
4.54286
10.8667
7.38095
6.87619
3.31429
4.08571
3.57143
7.08571
3.52381
3.24762
6.51429
3.17143
3.27619
6.04762
5.97143
3.35238
3.13333
3.14286
6.01905
3.48571
3.19048
5.98095
4.3619
5.8381
4.10476
5.69524
3.58095
3.22857
5.67619
4.49524
4.71429
8.33333
5.98095
4.8
4.37143
5.28571
3.69524
8.66667
7.18095
5.29524
5.2381
3.28571
3.35238
3.26667
6.84762
3.49524
15.3905
3.4
5.72381
6.70476
5.24762
3.21905
6.77143
3.3619
5.2381
3.1619
6
7.02857
4.72381
3.40952
4.2
3.30476
3.22857
4.55238
5.51429
3.46667
5.91429
3.00952
4.6
3.28571
4.84762
6.58095
7.54286
6.7619
5.77143
5.25714
3.10476
4.66667
4.91429
3.29524
5.12381
5.05714
6.12381
8.13333
4.73333
8.65714
7.34286
3.19048
4.92381
5.00952
6.98095
3.37143
7.08571
5.78095
3.86667
7.24762
6.4
3.20952
3.40952
4.65714
3.27619
5.55238
3.19048
3.31429
6.30476
5.81905
5.62857
4.87619
6.71429
7.06667
5.87619
7.90476
3.34286
4.65714
4.57143
7.27619
3.40952
6.31429
4.90476
4.18095
5.12381
4.00952
6.94286
7.15238
4.22857
6.48571
4.22857
7.78095
7.10476
5.0381
7.42857
8.05714
5.6381
3.41905
3.30476
7.94286
7.4
6.35238
4.86667
4.85714
5.32381
5.34286
4.17143
3.2
3.2
5.7619
9.00952
3.24762
3.40952
3.4381
3.1619
3.15238
6.68571
3.15238
5.65714
5.89524
6.31429
6.59048
5.60952
4.74286
6.4381
5.89524
3.08571
3.17143
5.91429
3.29524
3.01905
7.6
4.92381
6.0381
3.2
3.64762
5.17143
3.07619
4.64762
3.66667
7.61905
3.41905
8.91429
5.26667
5.74286
6.38095
5.42857
3.46667
5.66667
3.13333
5.81905
7.41905
6.68571
4.45714
3.33333
7.54286
7.53333
3.17143
3.21905
3.04762
5.66667
5.27619
4.15238
3.01905
4.02857
6.54286
7.05714
6.95238
4.73333
3.46667
4.59048
4.58095
7.13333
4.45714
6.40952
5.6381
6.30476
6.9619
6.73333
4.91429
7.14286
8.07619
5.2
4.74286
8.06667
7.72381
5.49524
6.11429
5.34286
5.71429
3.64762
5.42857
5.41905
4.78095
8.90476
7.80952
6.93333
5.11429
5.39048
5.18095
4.71429
4.75238
4.02857
4.4
4.24762
8.46667
6.80952
4.2381
3.80952
5
6.74286
9.27619
5.90476
6.24762
7.53333
4.27619
4.6381
5.19048
5.20952
6.77143
4.97143
4.19048
3.4
3.3619
3.10476
7.54286
4.97143
3.39048
5.34286
3.08571
5.31429
8.28571
7.67619
7.39048
4.44762
4.81905
4.0381
3.6
6.75238
5.06667
6.07619
7.99048
5.28571
5.9619
4.90476
3.06667
6.27619
3.13333
3.55238
3.2381
5.78095
3.57143
6.32381
3.30476
3.32381
3.52381
3.26667
3.27619
3.27619
3.19048
5.66667
3.40952
7.90476
6.85714
5.79048
6.02857
8.05714
6.95238
8.75238
6.2
8.41905
10.9619
3.80952
6.05714
6.61905
4.38095
5.2381
3.17143
5.77143
7.38095
10.4857
3.33333
7.15238
3.35238
7.66667
7.50476
3.34286
6.44762
3.2381
4.90476
4.54286
7.24762
7.53333
5.06667
5.02857
5.49524
3.28571
3.4
5.64762
5.52381
4.90476
4.25714
3.29524
9.17143
4.54286
9.8381
6.82857
3.12381
4.64762
8.09524
6.32381
4.62857
5.24762
4.84762
9.18095
5.25714
3.92381
4.73333
6.78095
6.81905
7.8381
6.02857
5.46667
5.79048
8.50476
4.62857
5.35238
5.67619
3.35238
3.38095
5.0381
3.2
5.78095
4.04762
4.48571
7.37143
5.29524
3.32381
4.59048
3.25714
7.15238
7.0381
5.41905
3.05714
3.13333
3.17143
7.40952
5.08571
9.2381
5.74286
3.37143
3.21905
5.4
6.40952
8.27619
5.42857
5.18095
3.65714
3.0381
5.2381
4.4
3.15238
3.20952
3.29524
4.71429
3.24762
3.84762
5.12381
7.89524
6.69524
5.55238
4.70476
3.19048
4.88571
3.27619
5.29524
7.99048
7.7619
4.65714
5.51429
3.38095
3.22857
5.41905
4.60952
9.77143
8.7619
3.20952
5.17143
8.0381
7.48571
4.86667
5.34286
5.07619
3.67619
6.18095
6.74286
3.12381
6.75238
3.13333
3.26667
5.9619
5.8381
3.82857
3.15238
6.11429
6.09524
3.19048
5.34286
3.6381
5.02857
3.20952
4.6381
10.3714
9.92381
3.69524
7.98095
5.24762
5.21905
5.08571
5.42857
7.45714
6.44762
2.33333
5.01905
4.46667
3.37143
2.28571
2.18095
2.42857
3.70476
2.17143
2.14286
4.28571
3.79048
2.08571
4.2
2.15238
3.71429
2.65714
3.68571
6.2381
2.07619
3.4381
2.49524
2.49524
2.29524
2.37143
4.33333
5.35238
2.4381
7.30476
2.70476
2.55238
2.15238
2.4381
3.95238
2.11429
2.05714
3.38095
2.67619
2.21905
2.52381
3.85714
2.1619
2
4.07619
2.4381
2.09524
3.8
5.69524
3.86667
3.55238
2.07619
2.57143
6.00952
2.39048
4.18095
2.09524
5.07619
2.52381
2.17143
2.46667
3.62857
2.13333
2.6
5.42857
3.14286
7.90476
18.8476
3.68571
6.44762
3.09524
3.52381
2.15238
5.7619
7.49524
2.29524
2.05714
2.04762
2.10476
2.09524
3.79048
2.14286
2.14286
4.75238
2.06667
2.22857
2.29524
3.5619
2.22857
4.37143
6.55238
6.13333
6.05714
5.24762
2.24762
4.64762
2.25714
3.79048
3.39048
4.84762
9.47619
2.3619
2.99048
2.25714
4.32381
3.75238
2.71429
2.5619
4.34286
2.13333
2.25714
3.38095
4.09524
2.01905
2.07619
2.07619
2.17143
2.13333
2.92381
4.30476
3.35238
2.13333
2.37143
4.27619
5.47619
4.58095
2.24762
2.68571
5.27619
4.47619
1.00952
3.04762
1
3.7619
4.05714
1.11429
2.6381
2.19048
1.05714
1.1619
1.15238
3.62857
3.29524
1.21905
3.27619
1
1.64762
1.00952
1.08571
4.20952
2.85714
1.08571
1.41905
2.68571
3.51429
1.41905
2.80952
1.04762
1.00952
1.08571
1.20952
1.2381
1.01905
1.98095
5.38095
1.18095
1.17143
1.35238
1
3.24762
1.24762
4.42857
4.70476
3.9619
1.17143
1.0381
4.81905
1.00952
1.1619
1
1.09524
4.5619
3.69524
1.01905
1.22857
3.57143
1.08571
1
1.10476
4.37143
2.1619
1.78095
2.69524
1.30476
1.0381
1.0381
1.00952
3.4
3.50476
1.01905
3.06667
3.08571
1.06667
1.13333
1.11429
1.25714
1.38095
1.01905
1.08571
1.06667
1.13333
3.47619
1.13333
1.02857
1.01905
1
1.09524
1.17143
1.01905
4.11429
1
1.06667
4.29524
4.53333
3.01905
4.24762
1.05714
3.73333
1.15238
1.32381
3.2381
4.27619
1.04762
1
3.61905
1
1.2
3.85714
1.02857
1.09524
1.19048
1
3.52381
4.48571
1.01905
3.34286
1.2381
1.01905
5.19048
1.0381
3.94286
1.1619
1.0381
1
3.8381
1.00952
2.8
4.6
1.01905
1.00952
1.09524
1
2.64762
1.2
1.14286
1.6381
1.1619
1.0381
3.8
1.15238
3.01905
1.06667
2.74286
1.12381
1.65714
1.21905
4.46667
3.13333
1.64762
1
3.57143
4.28571
4.07619
1.26667
1.06667
1.00952
1
1.04762
1.01905
1.6381
1.05714
1.2381
2.82857
3.79048
1.01905
1.38095
1.04762
2.7619
4.17143
1.05714
1.21905
1
3.99048
3.41905
2.67619
1.1619
4
1.0381
1
1
1.01905
1.06667
1.01905
1.20952
1
4.39048
3.06667
3.71429
1
1.27619
1.04762
1.09524
3.57143
3.97143
3.41905
1.15238
3.58095
1.35238
3.1619
3.77143
1.1619
1.25714
1.21905
2.27619
1.04762
1.01905
3.66667
4.42857
1.01905
1.01905
1
1.12381
1.41905
1.6381
3.40952
1.19048
2.8
3.55238
1.09524
1.07619
1.00952
1.00952
3.21905
1.00952
1.20952
1.11429
1.08571
1.33333
1
1.45714
1.08571
2.77143
1.01905
1.13333
1.22857
1.87619
1.92381
1.19048
1
1.78095
1.34286
1.1619
3.05714
1.04762
1.4
1.02857
1.04762
1.28571
1.02857
1
4.67619
1.18095
1.08571
1.21905
1.05714
1.25714
1.00952
1.22857
1.02857
1.20952
1.0381
1.02857
1.02857
1.18095
1.11429
4.15238
1
1.22857
1.13333
2.77143
4.9619
1.01905
1.35238
1.2381
3.29524
1.06667
4.08571
3.87619
1
2.81905
1
1
1.00952
1.05714
2.33333
2.93333
1.02857
1.00952
1.0381
2.90476
1.06667
2.65714
1.06667
4.06667
4.42857
3.14286
3.97143
4.52381
3.5619
4.38095
1.15238
1.02857
1.3619
3.01905
1.01905
1.08571
1.02857
1.11429
1.17143
1.05714
3.31429
3.08571
1.0381
1.15238
5.29524
4.66667
1.07619
1.10476
3.02857
1.02857
1.04762
1.05714
3.12381
1.01905
1.00952
3.54286
4.44762
1.2381
5.02857
4.39048
1
3.62857
3.97143
1.07619
4.40952
3.38095
3.38095
1.86667
1.13333
1.12381
1
4.24762
1.11429
1
2.3619
1
1.06667
1.45714
1.19048
1.10476
1
1.55238
4.17143
2.92381
1.04762
4.1619
3.14286
1.08571
1.07619
1.12381
1.09524
1.00952
1.18095
1.30476
1.25714
2.53333
4.4
2.87619
3.10476
1.04762
1.05714
1.07619
3.90476
1.30476
1
1.47619
3.77143
1
2.15238
2.85714
3.08571
3.92381
1.06667
3.8381
1
3.95238
2.02857
1.0381
1.81905
1.45714
3.44762
3.82857
1.01905
1.14286
4.57143
1
1.01905
1.25714
3.28571
4.52381
1.19048
1.13333
1.18095
1.06667
1.10476
3.8
5.33333
3.0381
1.01905
1
1.04762
1.09524
3.67619
2.4381
3.08571
3.50476
1.11429
1
4.1619
1.04762
1.01905
1.15238
1.38095
1
4.95238
3.34286
3.7619
1.11429
4.40952
1.00952
3.4
2.95238
1.00952
3.65714
5.24762
3.29524
1.01905
1.05714
1.00952
1.13333
1.05714
1.17143
1.01905
3.6
1.18095
1.00952
2.87619
1.25714
1.0381
1.11429
1.2
1.06667
3.61905
1
1.00952
1.09524
1.07619
1.11429
4.73333
1.17143
1.0381
3.53333
4.68571
1.13333
1.00952
1.00952
1.01905
1
3.21905
2.34286
4.89524
1.19048
1.06667
4.27619
1.79048
1.2381
3.59048
3.45714
1.0381
3.26667
1.12381
1.09524
1.02857
1.57143
1.10476
1.06667
3.2381
1.04762
1.00952
4.4
1.06667
1
4.28571
1.06667
3.4
1.1619
1.05714
1
1.18095
1
3.01905
1.60952
3.48571
4.29524
3.3619
1
1.1619
4.38095
1.14286
1.04762
4.42857
2.61905
1
1.02857
4.35238
3.04762
1.13333
2.82857
4.51429
1.09524
3.60952
1.21905
1.37143
1.02857
1
1.09524
1.17143
1.08571
1.00952
2.22857
1
1.29524
1.02857
2.68571
2.88571
1.02857
1
1.00952
1.1619
1.24762
1.12381
3.46667
1.12381
1.05714
1
1.1619
3.86667
4.30476
4.18095
2.87619
1
1.01905
4.90476
1.04762
2.93333
1.17143
4.2
2.99048
5.25714
1.0381
3.00952
1.20952
1.14286
1.45714
1.06667
1.25714
3.6
1.00952
1.18095
1.32381
4.22857
1.07619
1.1619
1.02857
1.17143
4.84762
1.02857
1.66667
1.08571
1.19048
1.11429
3.42857
1.14286
1.09524
1.08571
1.15238
1.07619
1.10476
3.21905
1.17143
3.08571
1.01905
2.24762
1.0381
3.31429
1.2381
2.72381
3.12381
4.05714
1.0381
1.06667
1.53333
3.29524
1.00952
1.08571
1.09524
1.13333
1.2
1.04762
4.8381
1.0381
1.05714
1.4
1.06667
3.21905
1.15238
3.77143
1.1619
1.18095
1.15238
1.02857
1.21905
3.51429
1.40952
1.28571
1.07619
1.07619
1.09524
4.35238
1.14286
3.21905
5.1619
1.08571
3.29524
1.0381
1.12381
1.8381
2.98095
1.0381
1.07619
1.07619
1.06667
1.11429
5.4
1.02857
4.79048
1
3.25714
1.17143
1.14286
1.12381
1.2381
1.04762
2.47619
3.44762
1.14286
1.22857
1.08571
1.0381
3.46667
4.6381
1.06667
1.75238
3.26667
1.11429
1.05714
1.2381
1.00952
1.02857
1.08571
4.60952
1
3.66667
3.33333
3.8381
1.09524
1.05714
4.00952
1
4.15238
1.01905
1.07619
5.37143
1
1.90476
1.06667
3.2381
5.78095
1.11429
1
3.2381
3.17143
1
1.02857
1.2
1.19048
4.59048
1.0381
4.34286
2.44762
1.22857
1
1.0381
3.70476
1.12381
1.24762
4.55238
1.09524
1.09524
4.30476
1.10476
4.04762
1.4381
1.0381
1.07619
1
4.04762
1.0381
3.48571
3.29524
3.09524
4.52381
2.00952
1.01905
1
1.10476
1.12381
2.48571
1.09524
1.14286
3.59048
1.11429
2.47619
2.70476
1.11429
1.14286
1.27619
1.08571
1
2.62857
1.4381
3.67619
3.2
1.00952
1.12381
4.4
3.81905
3.58095
1.18095
1
1.21905
1.24762
1
1.02857
3.02857
1.06667
4.88571
1.02857
1.52381
1.3619
1.24762
2.17143
3.02857
1.0381
1.09524
1.09524
1.07619
2.9619
1.12381
1.40952
1
1.07619
1.08571
1.00952
1.20952
1.01905
2.9619
1.13333
3.32381
1.12381
3.61905
1.02857
1.08571
1.01905
3.21905
1.13333
1.22857
1.57143
1
3.47619
1.07619
1
1
2.75238
3.10476
2.08571
1.01905
2.95238
3.22857
1.02857
1.21905
1.34286
4.7619
1.0381
1.07619
1
1.06667
3.52381
1.12381
2.91429
1.00952
1.04762
1.06667
1.10476
4.10476
2.60952
1.00952
1.18095
1
1.04762
1.47619
1.6
1.2
3.72381
1.17143
1.13333
1
1
3.88571
1.11429
1.2
1
3.13333
1.0381
1.7619
4.74286
1.10476
1.22857
1.20952
1.07619
1.02857
2.77143
2.98095
1.2381
1.07619
1.13333
4.17143
1.12381
4.4
1.22857
1.19048
3.33333
1.17143
1.07619
1.32381
1.02857
1
1.08571
1.73333
1.26667
2.61905
2.68571
3.64762
2.57143
3.2
1.14286
1.05714
1
1.14286
2.12381
3.80952
1.18095
1.13333
2.59048
1.07619
1.05714
2.33333
1.15238
1.4381
3.86667
1.08571
1.06667
1.05714
1.09524
1.1619
1.00952
4.2
3.58095
1.14286
1.24762
1.06667
1
2
1.05714
5.51429
4.5619
4.66667
1.08571
1
2.45714
1.14286
4.55238
1.28571
1.08571
1.37143
3.2
3.06667
1.19048
1.00952
1.58095
1.51429
1.2
3.90476
1
1.13333
1.01905
1.04762
5.31429
1.87619
4.24762
3.4
1.54286
1.27619
2.92381
1.04762
5.22857
1.01905
2.82857
1
1.15238
3.4
1
1.15238
1.04762
1.01905
1.01905
1.06667
3.10476
4.28571
2.94286
1.37143
4.20952
1.15238
1.08571
1.01905
1.30476
4.06667
1
5.68571
1.35238
2.70476
3.09524
3.44762
1.12381
1.07619
3.33333
1.17143
5.72381
1.2
1.0381
1.05714
1.1619
3.55238
1.04762
1.26667
4.15238
1.37143
1.02857
3.71429
1.0381
1.14286
1.30476
1.02857
3.34286
5
2.8381
1
1.01905
1.11429
1.14286
3.78095
1.6
3.9619
1.06667
1.64762
3.46667
1.48571
1.13333
1.01905
1.1619
3.19048
3.01905
3.9619
1.05714
1.02857
2.57143
1.34286
2.78095
1.07619
1.11429
1.2381
1.13333
1.06667
3.58095
1.13333
3.69524
1.05714
3.70476
1.37143
1.31429
2.4381
1.00952
1.10476
1
1
2.94286
4.02857
3.13333
4.65714
1.17143
1
1.72381
1.29524
4.0381
1.37143
4.11429
1.00952
1.18095
1.35238
4.42857
1.15238
1.17143
7.35238
5.33333
3.81905
1.09524
3.0381
1.0381
2.45714
1.08571
1.08571
1.04762
1.07619
2.45714
1.07619
4.35238
1.12381
3.38095
1.05714
1.01905
3.67619
1.08571
1.18095
3.70476
4.02857
4.1619
1.2
1.33333
1.21905
1.04762
1.35238
1
1.18095
2.77143
3.3619
1.05714
1.06667
1.25714
1.18095
1.13333
1.28571
2.60952
1
3.46667
2.88571
1.15238
4.30476
1.07619
1.0381
1
1.00952
1.1619
1.21905
1.20952
1.01905
1
1.07619
1.4381
1.01905
1.07619
1.09524
1
3.27619
4.71429
1.86667
1.04762
1.00952
1.01905
1
1.18095
1
1.25714
1.08571
1.12381
1.06667
1.05714
1.13333
1
3.28571
5.21905
1.1619
3.77143
1.01905
2.91429
3.22857
1
1.21905
1
1.14286
1.30476
1.30476
1.07619
1.0381
1.11429
1.15238
1.17143
1.00952
1.05714
1.0381
1
3.57143
3.21905
1.2
1
1.1619
1.00952
2.98095
3.20952
1.17143
1.99048
1.01905
2.99048
2.73333
1.08571
4.78095
1
3.10476
3.46667
4.38095
1.20952
3.84762
1
1.00952
3.53333
1.0381
5.87619
1.07619
4.86667
1.67619
1.12381
4.55238
4.34286
1.1619
3.1619
1.00952
1.25714
1.1619
3.49524
4.71429
1.86667
4.97143
1.65714
3.02857
4.12381
4.0381
1.0381
3.04762
1.50476
1.18095
1.08571
1.05714
3.85714
1.19048
3.81905
3.94286
3.18095
3.11429
1.04762
3.2381
3.11429
1
1.05714
3.39048
1.15238
1.01905
1.0381
1.13333
1.45714
3.95238
1.05714
1.22857
4.80952
1.10476
4.62857
4.21905
1
1.0381
3.29524
1
1.00952
1.26667
3.91429
1.18095
1.64762
4.54286
5.07619
1.18095
1
1
1.34286
3.71429
1.11429
3.84762
1.00952
1.0381
4.98095
1.08571
1.09524
1.00952
1.34286
4.06667
4.2381
3.95238
1
3.68571
1.1619
1.06667
1.15238
3.50476
1.09524
1.42857
1.00952
4.0381
4.27619
3.31429
1
1.17143
1.4
1.02857
1.02857
1.27619
1.15238
3.39048
1.17143
1.33333
1.14286
1.17143
3.8381
1
1.02857
3.2
1.47619
1.31429
1
1.17143
1.04762
4.37143
1.21905
1.38095
1.09524
1
2.67619
1.00952
1.00952
1.55238
1.35238
1
1
1.2381
1.05714
4.50476
2.85714
2.98095
1.09524
1.17143
2.97143
2.21905
1.04762
1
1.58095
1.11429
3.58095
2.52381
1.14286
1.74286
1.32381
3.13333
4.50476
1.47619
3.53333
4.52381
2.05714
4.4381
1.06667
1.50476
8.38095
1.7619
3.19048
1.25714
4.21905
1.06667
1.11429
1.01905
4.10476
1.20952
1.10476
1.45714
1.6
1.14286
1.30476
1.12381
1
3.58095
3.31429
2.64762
4.32381
1.07619
3.6
1.91429
1.17143
1.52381
2.59048
2.92381
4.82857
2.20952
4.84762
1
1.02857
3.69524
3.49524
3.70476
1.13333
3.65714
1
1.09524
1.10476
1.2
1.12381
1.15238
1.06667
1.6381
1.13333
1
1
1.15238
1.09524
1
1.06667
1.02857
1.12381
1.1619
1.05714
1.00952
4.84762
1.02857
1.01905
1.05714
3
1
1.02857
1.0381
3.35238
4
1.3619
1
4.02857
2.62857
2.66667
1.14286
1.21905
2.59048
1.17143
1.17143
1
1
5.0381
4.1619
3.8
1.09524
2.44762
1.01905
3.61905
1.06667
4.00952
3.53333
2.97143
4.26667
3.04762
1.4
1.0381
2.98095
4.92381
5.22857
1
2.02857
1.7619
1.18095
1.07619
1.01905
2.72381
1.19048
2.90476
2.88571
1.04762
1.3619
1.40952
1.28571
1
4.55238
1.02857
1.12381
1.06667
3.18095
3.75238
1.01905
1.17143
3.45714
1.24762
1.02857
4.01905
3.27619
1.05714
1.00952
1.06667
1.02857
3.46667
4.04762
3.07619
3.45714
1
1.49524
3.49524
1.10476
1.11429
2.97143
1.00952
3.69524
4.28571
1.06667
1.28571
1.17143
2.80952
3.73333
1.04762
1
1.07619
2.89524
1.18095
4.54286
1.05714
1.14286
1
1.06667
1.1619
1.12381
1.12381
1.07619
1.00952
1.02857
1.17143
1.06667
2.07619
1.0381
3.8381
1.3619
1.08571
1.04762
1.2
1.31429
1.00952
6.34286
1
1
2.98095
1
3.92381
1.00952
3.0381
1.75238
1.1619
1.10476
1.12381
1
1.9619
1.24762
1.2
3.48571
1.31429
1.06667
1.00952
1.04762
1.06667
1.22857
1.15238
3.57143
4.32381
3.29524
1.06667
1.02857
1.00952
2.24762
5.28571
3.01905
1.05714
3.47619
3.46667
1.35238
1.12381
1.10476
3.3619
1
1.45714
1
1.0381
1.20952
1.05714
4.44762
1.2381
1.40952
2.18095
1.2
1.08571
2.69524
1.09524
1.2
1.58095
2.48571
1.02857
1.06667
3.6381
1.14286
1.02857
1.24762
4.35238
2.93333
1.08571
1.00952
1.93333
1.05714
1.01905
4.14286
1.30476
1.11429
4.67619
1.33333
4.52381
4.13333
3.19048
1.20952
1.62857
1.27619
1
1.0381
3.33333
1.00952
1.08571
1.10476
2.71429
1.11429
1.14286
1.06667
3.42857
1.12381
1.05714
1.1619
1.04762
1.14286
1.31429
3.85714
2.95238
1.09524
1.18095
3.7619
3.67619
1.15238
2.95238
1.07619
1.00952
4.6381
3.70476
1.24762
1.41905
3.12381
1.5619
1
3.88571
2.92381
1.19048
3.95238
1.18095
4.19048
1.00952
3.51429
1.11429
1
2.91429
1.17143
4.39048
2.85714
1.75238
1.11429
1.08571
1
1
1.08571
1.00952
1.24762
2.87619
3.47619
3.93333
4.19048
1.12381
1.13333
2.81905
3.2381
4.37143
1.15238
1.02857
1.12381
1.00952
2.62857
1.01905
1.26667
1.05714
1
1.95238
1
3.92381
1.11429
4.00952
3.32381
1.00952
1.04762
3.34286
4.2381
1.25714
5.02857
1.01905
1.27619
2.54286
3.86667
3
4.39048
1.20952
1.11429
1
1.00952
3.10476
3.37143
4.67619
1.00952
3.51429
3.62857
1.02857
1
4.8381
4.84762
1
1.77143
1.06667
1.81905
3.08571
3.59048
1.0381
1
1.01905
3.55238
1.42857
1
4.15238
1.09524
3.40952
1.08571
3.59048
1.18095
1.00952
1.14286
3.02857
4.64762
1.05714
1.00952
1.0381
1.00952
3.70476
1.09524
1.04762
1.27619
3.60952
3.3619
3.01905
1.04762
1
1.22857
3.58095
4.60952
1
1.2
5.4381
5.37143
2.57143
1.0381
3.41905
1.1619
1.02857
3.93333
1.0381
1.2
2.38095
1.2
1
1.27619
1.02857
2.41905
3.68571
1.47619
1
1.07619
1.22857
1.61905
3.82857
5.22857
2.86667
1.44762
1.07619
1.17143
4.37143
5.4381
4.2381
2.49524
1
2.59048
1.11429
2.5619
4.75238
4.01905
1.21905
3.50476
1.22857
1.06667
1
3.24762
1.08571
1
1.13333
1.00952
1.09524
5.13333
1.25714
1.04762
3.58095
4.30476
4.00952
5.47619
1.10476
1.00952
1.01905
1.10476
1.38095
3.00952
1.27619
1.20952
3.75238
1.02857
1.06667
4.66667
2.39048
1.20952
1.01905
4.02857
3.32381
1.8
3.30476
1.27619
1.05714
1.0381
1.01905
1.21905
1.27619
1.30476
1.00952
1.19048
1.11429
1.55238
2.07619
3.44762
1.27619
1.17143
1.08571
4.13333
1.15238
1.0381
2.37143
2.62857
1.6
1.20952
1.08571
4.7619
1
1
4.31429
1
1.14286
1.07619
1.09524
1.10476
1.13333
4.2
1
1.11429
1.09524
3.33333
4.31429
1.07619
1.11429
1.07619
3.49524
3.8
1.10476
3.57143
2.20952
1.17143
1
1.14286
3.99048
3.48571
1.14286
3.75238
1.12381
1.01905
1.31429
1.10476
4.91429
3.1619
1.1619
1.15238
3.00952
1.24762
5.69524
4.4381
1.09524
3.30476
1.47619
1.06667
1.20952
1.2
1.20952
1.04762
1.08571
4.08571
1.0381
1
1.00952
1.02857
1.08571
5.00952
1.07619
1.09524
3.32381
5.11429
1.17143
3
1.00952
2.72381
1.10476
2.84762
3.66667
1.31429
2.30476
1
4.22857
1
1.00952
1.26667
3.84762
1.20952
3.27619
1.02857
2.95238
3.12381
1.08571
3.09524
1.14286
1.2
3.14286
1.0381
2.8381
4.39048
1.2381
1.12381
3.65714
1.10476
1.2
2.94286
1.31429
1
3.47619
2.69524
1.07619
1.40952
3.74286
4.4
3.25714
2.71429
1.3619
3.9619
1.00952
3.65714
1.0381
1.2381
5.33333
3.4
1.3619
1.01905
2.71429
1.00952
1.01905
1.2381
2.80952
1.20952
5.72381
1
2.79048
1
4.08571
1.07619
2.12381
1.1619
2.6
1.08571
1.02857
1.2
1.14286
2.47619
1.17143
5.13333
4.6381
1.06667
3.74286
1
1.07619
1.20952
1.10476
1.0381
4
3.39048
3.98095
1.05714
1.12381
1.07619
1.18095
1.35238
1.04762
4.65714
1.04762
3.28571
1.00952
1.18095
3.60952
2.95238
1.02857
1.09524
2.95238
1.20952
1.0381
4.21905
1.27619
1.12381
1.0381
1.21905
1.0381
1.10476
4.68571
1.07619
2.4381
2.79048
1.01905
1.00952
1.04762
3.29524
1.87619
5.17143
3.57143
2.78095
1.02857
3.10476
1.2381
3.34286
4.46667
3.18095
1.04762
3.42857
2.30476
4.46667
1.13333
3.44762
1.45714
1.0381
1.19048
1.08571
1.08571
1.07619
3.08571
1.29524
1.04762
1.28571
2.10476
1.02857
1
1.09524
1
1.32381
1.00952
1.12381
1.02857
1.09524
1.02857
3.39048
1
1.24762
