4377 13131
3.13333
3.07619
3
3
3.0381
3.22857
3.05714
3.07619
3.08571
3.14286
3.09524
3.09524
3.0381
3.81905
3.04762
3.0381
3.13333
3.01905
3.10476
3.12381
3.05714
3.01905
3.05714
3.41905
3.13333
5.12381
3.27619
3.47619
3.21905
3.08571
3.22857
3.07619
3.0381
3.08571
3.02857
3.0381
3.06667
3.10476
3.01905
3.07619
3.10476
3.04762
3
3.0381
3.05714
3.07619
3.04762
3.01905
3.13333
3.09524
3.01905
3.02857
3.09524
3.08571
3.05714
3.09524
3.05714
3.00952
3.04762
3.0381
3.08571
3.38095
3.04762
3.17143
3.05714
3.0381
3.07619
3.19048
3.04762
3.20952
3.0381
3
3.67619
3.04762
3.06667
3.26667
3.10476
3.04762
3.1619
3.07619
3.07619
3.07619
3.04762
3.35238
3
3.0381
3.0381
3.04762
3
3.0381
3.0381
3.17143
3.17143
3.01905
3.10476
3.1619
3.10476
3.05714
3.06667
3.05714
3.07619
3.05714
3.13333
3.20952
3
3.01905
3.02857
3.07619
3.34286
3
3.04762
3.81905
3.45714
3.31429
3.04762
3.27619
3.2
3.12381
3.0381
3.13333
3.04762
3.04762
3.14286
3.06667
3.0381
3.40952
3.17143
3
3.29524
3.26667
3.02857
3.04762
3.01905
3.09524
3.54286
3.24762
3.15238
3.01905
3.22857
3.0381
3
3.05714
3.04762
3
3
3.08571
3.34286
3.14286
3.02857
3.05714
3.10476
3.08571
3.02857
3.04762
3.01905
3.20952
3.02857
3.0381
4.10476
3.0381
3.02857
3.15238
3.02857
3
3.10476
3.08571
3.06667
3.01905
3.05714
3.12381
3.22857
3.0381
3.07619
3.02857
3.08571
3.01905
3.00952
3.2
3.0381
3.33333
3.10476
3.01905
3.11429
3.09524
3.07619
3.00952
3
3.02857
3.11429
3
3.06667
3.10476
3.07619
3.05714
3.0381
3.00952
3.1619
3.6
3.0381
3.02857
3
4.01905
3
3.05714
3.18095
3.06667
3.01905
3.72381
3.00952
3.08571
3.30476
3.02857
3.0381
3.07619
3.14286
3.17143
3.11429
3.06667
3.08571
3.00952
3
3.45714
3.10476
3.02857
3.10476
3.09524
3.05714
3.14286
3.10476
3.05714
3.87619
3.07619
3
3.04762
3.04762
3.19048
3.2381
3.04762
3
3.10476
3.2
3.05714
3.0381
3.06667
3
3.06667
3
3.12381
3.05714
3.14286
3.0381
3.13333
3.02857
3.04762
3
3.28571
3.0381
3.00952
3.05714
3
3.00952
3.08571
3.00952
3.54286
3.28571
3.06667
3.19048
3.00952
3.00952
3.05714
3.05714
3.0381
3.17143
3.02857
3.04762
3.0381
3.08571
3.0381
3.06667
3.07619
3.01905
3.06667
3.01905
3.05714
3.07619
3.0381
3.0381
3.00952
3.01905
3.04762
3.05714
3.0381
3.0381
3.05714
3.11429
3.00952
3.33333
3.18095
3.09524
3.01905
3.00952
3.0381
3.06667
3.55238
3.01905
3.22857
3.08571
3.07619
3.09524
3.0381
3.13333
3
3.01905
3.02857
4.65714
3.07619
3.01905
3.08571
3.07619
3
3.01905
3
3.21905
3.19048
3.00952
3.05714
3.2381
3.0381
3.17143
3.11429
3.04762
3.04762
3.12381
3.13333
3.09524
3.07619
3.10476
3.13333
3.11429
3.00952
3.07619
3.08571
3.0381
3.06667
3.00952
3.02857
3.0381
3.08571
3.00952
3.04762
3.22857
3.09524
3.0381
3.09524
3.09524
3.12381
3.02857
3.01905
3.00952
3.04762
3.04762
3.05714
3.02857
3.04762
3
3.05714
3.01905
3.12381
3.04762
3.04762
3.06667
3.04762
3.10476
3
3.19048
3.1619
3.04762
3.01905
3.04762
3.02857
3.14286
3.05714
3.14286
3.08571
3.70476
3
3.01905
3.0381
3.0381
3.22857
3.05714
3.0381
3.04762
3.35238
3.10476
3.06667
3.25714
3.04762
3.02857
3.12381
3.27619
3.52381
3.07619
3.05714
3.04762
3.09524
3.02857
3.07619
3.06667
3.32381
3.07619
3.01905
3.09524
3.18095
3.13333
3.09524
3.02857
3.01905
3.05714
3.12381
3.04762
3.11429
3.04762
3.15238
3.10476
3.02857
3.02857
3.02857
3.00952
3.13333
3.11429
3.01905
3.1619
3.00952
3.05714
3.2
3.12381
3.04762
3.01905
3.06667
3.05714
3.10476
3.18095
3.05714
3.05714
3.00952
3.04762
3.07619
3.59048
3.06667
3
3.02857
3.29524
3.08571
3.0381
3.00952
3.07619
3.07619
3.60952
3.08571
3.05714
3.02857
3.0381
3
3.2
4.22857
3.07619
3.12381
3.10476
3.10476
3.18095
3.10476
3.22857
3.04762
3.09524
3.07619
3.2
3.05714
3.15238
3.04762
3.02857
3.0381
3.01905
3.01905
3.05714
3.06667
3.11429
3.00952
3.04762
3.17143
3.00952
3.06667
3.01905
3.07619
3.06667
3.05714
3.05714
3.08571
3.14286
3.04762
3.13333
3.0381
3.14286
3.02857
3.01905
3
3.13333
3.05714
3.02857
3
3.08571
3.06667
3
3.02857
3.17143
3.18095
3.02857
3
3.02857
3.06667
3.05714
3.01905
3.0381
3.09524
3.08571
3.04762
3.12381
3.1619
3.12381
3.02857
3.09524
3.13333
3.17143
3
3.0381
3.04762
3.06667
3.05714
3.06667
3.09524
3.01905
3.50476
3.09524
3.05714
3.10476
3.38095
3
3.10476
3.01905
3.06667
3.06667
3.10476
3.05714
3.0381
3.00952
3.07619
3.04762
3.06667
3.0381
3.70476
3.09524
3.05714
3.0381
3.02857
3.06667
3.6
3.19048
3.0381
3
3.12381
3.00952
3.77143
3.04762
3.00952
3.01905
3.10476
3
3.02857
3.17143
3.01905
3.34286
3.04762
3.0381
3.17143
3.09524
3.00952
3.04762
3.19048
3.0381
3.0381
3.05714
3.44762
3.04762
3.04762
3.10476
3.05714
3.34286
3.05714
3
3.08571
3.1619
3.08571
3.01905
3.08571
3.35238
3.12381
3
3.01905
3.06667
3.28571
3.13333
3.1619
3.17143
3.02857
3.00952
3.02857
3.07619
3.02857
3.07619
3.02857
3.00952
3.0381
3.17143
3.0381
3.09524
3.0381
3.04762
3.09524
3.05714
3.0381
3.0381
3.15238
3.0381
3.10476
3.4
3.08571
3.0381
3.00952
3.13333
3.00952
3.10476
3.08571
3.01905
3.05714
3.14286
3.02857
3.06667
3.01905
3.02857
3.01905
3.04762
3.15238
3.08571
3.09524
3.08571
3.05714
3.11429
3.04762
3.02857
3
3.09524
3.4
3.04762
3.05714
3.0381
3.13333
3.3619
3.15238
3.15238
3.64762
3.02857
3.07619
3.00952
3.40952
3.15238
3.04762
3.02857
3.0381
3.07619
3.04762
3.11429
3
3.19048
3.0381
3.0381
3.14286
3.27619
3.02857
3.02857
3.37143
3.09524
3.04762
3.13333
3.12381
3.09524
3.09524
3
3.0381
3.09524
3.09524
3.0381
3.12381
3.24762
3.07619
3.2381
3.06667
3.06667
3.02857
3.35238
3.08571
3.05714
3
3.04762
3.02857
3.0381
3.08571
3.01905
3.09524
3
3.0381
3.04762
3.02857
3.18095
3.53333
3.10476
3.05714
3.00952
3.19048
3.00952
3.09524
3.11429
3.07619
3.05714
3.2
3.01905
3
3.24762
3.14286
3.0381
3.0381
3.24762
3.04762
3.2381
3.1619
3.0381
3.0381
3.04762
3.46667
3.05714
3.01905
3.02857
3.14286
3.06667
3.32381
3.08571
3.02857
3.07619
3.08571
3.07619
3.09524
3.08571
3
3.12381
3.05714
3.15238
3.04762
3.06667
3.02857
3.0381
3.07619
3.12381
3.10476
3.02857
3.06667
3.33333
3.31429
3.0381
3.05714
3.02857
3.08571
3.07619
3.27619
3.04762
3.06667
3.05714
3.54286
3.01905
3.04762
3.06667
3.14286
3.06667
3.01905
3.00952
3.02857
3.10476
3.01905
3
3.28571
4.2381
3.7619
3.02857
3.01905
3.05714
3.33333
3.01905
3.6381
3.14286
3
3.04762
3.44762
3.02857
3.0381
3.05714
3.01905
3.04762
3.18095
3
3.09524
3.01905
3.09524
3.00952
3.02857
3.0381
3
3.08571
3.04762
3.05714
3.17143
3.0381
3.3619
3
3.00952
3.02857
3.41905
3.08571
3.02857
3.02857
3
3.19048
3.02857
3.07619
3.12381
3.11429
3.05714
3.07619
3.04762
3.12381
3.12381
3.06667
3.04762
3.00952
3.09524
3.00952
3.05714
3.14286
3.15238
3.01905
3.05714
3.38095
3.06667
3.17143
3.09524
3.44762
3.01905
3.08571
3.04762
3.21905
3.05714
3.13333
3.04762
3.14286
3.01905
3.08571
3.08571
3.17143
3.45714
3.06667
3.04762
3.05714
3.44762
3.05714
3.57143
3.01905
3.0381
3.07619
3.17143
3.07619
3
3.04762
3
3.02857
3.07619
3.33333
3.04762
3.02857
3.2381
3.77143
3.0381
3.01905
3.00952
3.00952
3.08571
3.25714
3.00952
3.05714
3.04762
3.0381
3.14286
3.00952
3.01905
3.08571
3.13333
3.08571
3.07619
3.12381
3.02857
3.11429
3.00952
3.10476
3.02857
3.08571
3.15238
3.46667
3.05714
3.31429
3.00952
3.01905
3.02857
3.00952
3
3.08571
3.14286
3.27619
3.04762
3.02857
3
3.11429
3.11429
3.32381
3.12381
3
3.11429
3.01905
3.12381
3.1619
3.06667
3.07619
3.4381
3.0381
3.00952
3.05714
3.02857
3.02857
3.06667
3.01905
3.06667
3.25714
3
3.10476
3.04762
3.02857
3.04762
3.11429
3.05714
3.18095
3
3.0381
3.0381
3.30476
3.02857
3.00952
3.15238
3.07619
3.09524
3.20952
3.09524
3.08571
3.04762
3.06667
3.04762
3.01905
3.07619
3.0381
3.09524
3.02857
3.08571
3.0381
3.04762
3.09524
3.15238
3.00952
3.01905
3.07619
3.05714
3.10476
3.02857
3.27619
3.05714
3.07619
3.02857
3.05714
3.07619
3.11429
3.0381
3.05714
3.06667
3.11429
3.02857
3.00952
3.2381
3.26667
3.05714
3.02857
3
3.10476
3.00952
3.13333
3.05714
3.0381
3.02857
3.17143
3.0381
3.28571
3.0381
3.09524
3.0381
3
3.02857
3.11429
3
3.22857
3.11429
3.06667
3.11429
3.01905
3.11429
3
3.27619
3.11429
3.07619
3.08571
3.14286
3.13333
3.05714
3.04762
3.24762
3
3.0381
3.02857
3.09524
3
3.07619
3
3.04762
3.12381
3.06667
3.04762
3.04762
3.07619
3.04762
3.05714
3
3.08571
3.01905
3.10476
3.02857
3.00952
3
3.09524
3.02857
3.06667
3.18095
3.00952
3.0381
3.05714
3.0381
3.04762
3.06667
3.02857
3.11429
3.02857
3.01905
3.07619
3.0381
3.05714
3.06667
3.2
3.05714
3.12381
3.08571
3.12381
3.02857
3.01905
3.0381
3.02857
3.05714
3.06667
3.17143
3.06667
3.09524
3.05714
3.0381
3.02857
3.07619
3.05714
3.07619
3.06667
3.06667
3.07619
3.11429
3.01905
3.10476
3.0381
3.01905
3.05714
3.12381
3.04762
3.02857
3.05714
3.02857
3.00952
3.04762
3.02857
3.00952
3.04762
3.19048
3.09524
3
3.20952
3.19048
3.10476
3.06667
3.11429
3.34286
3.00952
3.09524
3.12381
3.29524
3.11429
3.02857
3.05714
3.00952
3.05714
3.05714
3.02857
3.12381
3.02857
3.02857
3
3.07619
3.10476
3.08571
3.02857
3.02857
3.02857
3.01905
3
3.12381
3.04762
3.00952
3.0381
3.06667
3.06667
3.10476
3.18095
3.13333
3.74286
3.0381
3.0381
3.04762
3.10476
3.01905
3.0381
3.00952
3.04762
3.12381
3.05714
3.10476
3.05714
3.13333
3.01905
3.50476
3.01905
3.05714
3.15238
3
3.0381
3.04762
3.4381
3.12381
3
3.09524
3.02857
3.0381
3
3.01905
3.06667
3
3.0381
3
3.07619
3.0381
3.04762
3.33333
3.09524
3.04762
3.04762
3.05714
3.06667
3.02857
3.05714
3.06667
4.08571
3.11429
3.5619
3.18095
3.08571
3.06667
3
3.0381
3.26667
3.04762
3.05714
3.24762
3.0381
3.19048
3.13333
3.17143
3.22857
3.28571
3.02857
3.0381
3.04762
3.34286
3.32381
3.09524
3.12381
3.02857
3.11429
3.05714
3.71429
3.01905
3.04762
3.05714
3.1619
3.05714
3.04762
3.02857
3.14286
3.06667
3.02857
3.04762
3.00952
3
3.0381
3.10476
3.07619
3.05714
3.15238
3.01905
3.20952
3.00952
3.09524
3.22857
3.01905
3.04762
3
3.04762
3.04762
3.02857
3.02857
3.0381
3.28571
3.00952
3.07619
3.2381
3.02857
3.04762
3.02857
3.06667
3.10476
3.04762
3.05714
3.07619
3.15238
3.06667
3.11429
3.11429
3.04762
3.06667
3.04762
3.04762
3.19048
3.0381
3.05714
3.01905
3.02857
3.02857
3.0381
3.0381
3
3.17143
3.26667
3.12381
3.01905
3.11429
3.05714
3.12381
3.00952
3.14286
3.0381
3.06667
3.39048
3.17143
3.1619
3.00952
3.05714
3.04762
3.02857
3.06667
3.05714
3.09524
3.12381
3.01905
3.13333
3.01905
3.06667
3.22857
3.01905
3.01905
3.02857
3.06667
3.06667
3
3.12381
3.01905
3.40952
3.06667
3.00952
3.01905
3.10476
3.05714
3.15238
3.2
3.17143
3.0381
3.10476
3.21905
3.00952
3.01905
3.11429
3.0381
3.2
3
3.01905
3.04762
3.02857
3.06667
3.0381
3.0381
3.21905
3.04762
3.08571
3.20952
3.04762
3.05714
3.02857
3.06667
3.05714
3.10476
3.21905
3.04762
3
3.01905
3.0381
3.0381
3.31429
3.07619
3.11429
3.01905
3.04762
3.08571
3.14286
3.06667
3.04762
3.06667
3.05714
3.00952
3.09524
3.04762
3.07619
3.22857
3.39048
3.17143
3.02857
3.0381
3.11429
3.01905
3.05714
3.08571
3.00952
3.15238
3.0381
3.08571
3.05714
3.06667
3.09524
3.00952
3.01905
3.06667
3.31429
3.08571
3.06667
3.07619
3.00952
3.10476
3.22857
3.04762
3.05714
3.04762
3.02857
3.00952
3.17143
3.45714
3.08571
3.02857
3.01905
3.01905
3.06667
3.08571
3.09524
3.10476
3.04762
3.07619
3.14286
3.09524
3.04762
3.13333
3.05714
3.04762
3.02857
3.10476
3.04762
3.19048
3.20952
3.01905
3.14286
3.05714
3.11429
3.01905
3.01905
3.10476
3.04762
3.37143
3.04762
3.21905
3.0381
3.00952
3.04762
3.10476
3.05714
3.10476
3.10476
3.08571
3.07619
3.09524
3.12381
3.01905
3.05714
3.12381
3.05714
3.05714
3.09524
3.02857
3.00952
3.24762
3.29524
3.05714
3.01905
3.10476
3
3.14286
3.05714
3.1619
3.04762
3.0381
3.04762
3.10476
3.07619
3.0381
3.0381
3.09524
3.15238
3.04762
3.0381
3.08571
3.02857
3.04762
3.08571
3.04762
3.02857
3.09524
3.07619
3.08571
3.10476
3.12381
3.19048
3.04762
3.0381
3.04762
3.05714
3
3.04762
3.06667
3.12381
3.00952
3.10476
3.0381
3.04762
3.01905
3.00952
3.64762
3.04762
3.07619
3.0381
3.07619
3.25714
3
3.1619
3.05714
3.00952
3.04762
3.0381
3.05714
3.01905
3.08571
3.06667
3.01905
3.28571
3.0381
3.1619
3.01905
3.01905
3.19048
3.04762
3.06667
3.02857
3.10476
3.05714
3.08571
3.18095
3.00952
3.13333
3.00952
3.05714
3
3.05714
3.12381
3.39048
3.01905
3.02857
3.08571
3.31429
3.0381
3.07619
3.41905
3.00952
3.02857
3.06667
3.44762
3.06667
3.09524
3.81905
3.17143
3.0381
3.00952
3.10476
3.1619
3.02857
4.19048
3.27619
3.05714
3.06667
3.05714
3.00952
3.01905
3.02857
3.07619
3
3.07619
3.10476
3.05714
3.0381
3.07619
3.00952
3.13333
3.06667
3.0381
3.05714
3.06667
3.10476
3
3.10476
3.12381
3.12381
3.0381
3.0381
3.02857
3.00952
3.05714
3.30476
3.06667
3.00952
3.07619
3
3
3.04762
3.05714
3.13333
3.07619
3.05714
3.12381
3.08571
3.29524
3.06667
3.11429
3.04762
3.05714
3.01905
3.01905
3.14286
3.0381
3.14286
3.06667
3.08571
3.01905
3.05714
3.02857
3.12381
3.01905
3.01905
3.13333
3.04762
3.0381
3.00952
3.01905
3.00952
3.08571
3.05714
3.05714
3.0381
3.12381
3.13333
3.18095
3.0381
3.02857
3.02857
3.12381
3.06667
3.12381
3
3.06667
3.06667
3
3.04762
3.08571
3.06667
3.01905
3
3
3.0381
3
3.06667
3.00952
3.11429
3.05714
3.04762
3.00952
3.06667
3.0381
3
3.0381
3.00952
3.13333
3.15238
3.06667
3.06667
3.0381
3
3.10476
3.15238
3.08571
3.0381
3.08571
3.09524
3.05714
3
3.05714
3.04762
3.13333
3.00952
3.01905
3.13333
3.07619
3.14286
3.08571
3.08571
3.04762
3.11429
3.13333
3.00952
3.24762
3.01905
3.06667
3.11429
3.06667
3.04762
3.31429
3.12381
3.02857
3.05714
3.0381
3.00952
3.02857
3.07619
3.07619
3.00952
3.00952
3.07619
3.29524
3.07619
3.05714
3.05714
3.02857
3.02857
3.11429
3.09524
3.05714
3.12381
3.04762
3.02857
3.02857
3.04762
3.02857
3
3.11429
3.07619
3.00952
3.06667
3.04762
3.78095
3.05714
3.04762
3.07619
3.01905
3.04762
3.00952
3.07619
3.05714
3.05714
3.0381
3.0381
3.02857
3.13333
3.04762
3.04762
3.05714
3.20952
3.06667
3.05714
3.2381
3.12381
3.09524
3.13333
3
3.02857
3.00952
3.02857
3.02857
3.05714
3.01905
3.04762
3.09524
3.04762
3.06667
3.02857
3.00952
3.07619
3.02857
3.06667
3.02857
3.04762
3.00952
3.01905
3.01905
3.02857
3.04762
3.05714
3.2
3.21905
3.19048
3.02857
3
3
3
3.31429
3.05714
3.20952
3.04762
3.10476
3.04762
3.0381
3.27619
3.10476
3
3.02857
3.2381
3.04762
3.10476
3.12381
3.04762
3.09524
3.0381
3.02857
3.0381
3.06667
3.08571
3.05714
3.11429
3.01905
3.01905
3.15238
3.51429
3.06667
3.18095
3.00952
3.0381
3.17143
3.13333
3.04762
3.05714
3.10476
3.44762
3.05714
3
3.06667
3.06667
3.12381
3.30476
3.0381
3.04762
3.06667
3.00952
3.01905
3.14286
3.04762
3.04762
3.01905
3.05714
3
3.05714
3.12381
3.08571
3.04762
3.04762
3.2
3.2
3.12381
3.06667
3.02857
3.2381
3.0381
3.02857
3.05714
3.14286
3.10476
3.12381
3.06667
3.25714
3.04762
3.05714
3.0381
3.22857
3.18095
3.02857
3.04762
3.21905
3.08571
3.05714
3.19048
3.01905
3.09524
3.05714
3.06667
3.05714
3.04762
3.08571
3.12381
3.05714
3.05714
3.13333
3.02857
3.00952
3.02857
3.01905
3.10476
3.0381
3
3.04762
3
3.19048
3.07619
3.0381
3.11429
3.04762
3.06667
3.0381
3.04762
3.12381
3.07619
3.05714
3.00952
3.11429
3.01905
3.02857
3.14286
3.04762
3.06667
3.01905
3.07619
3.11429
3.07619
3.05714
3.12381
3.08571
3.08571
3.04762
3.07619
3.11429
3.0381
3.1619
3.08571
3.18095
3.06667
3.01905
3.12381
3.02857
3.05714
3.00952
3.04762
3.04762
3.06667
3.10476
3.08571
3.0381
3.08571
3.20952
3
3.11429
3.0381
3.06667
3.04762
3.06667
3.04762
3.09524
3.02857
3.07619
3.05714
3.06667
3.02857
3.05714
3.05714
3.20952
3.02857
3.0381
3.06667
3
3.45714
3.14286
3.02857
3.18095
3.17143
3.12381
3.00952
3.01905
3
3.04762
3.06667
3.21905
3.19048
3.05714
3.07619
3.11429
3.08571
3.18095
3.00952
3.15238
3.05714
3.12381
3.08571
3.04762
3.02857
3.04762
3.04762
3.07619
3.39048
3.0381
3.00952
3
3.0381
3.35238
3.17143
3.02857
3.0381
3.13333
3.08571
3.0381
3.01905
3.07619
3.05714
3.01905
3.05714
3.02857
3.02857
3.00952
3.29524
3.08571
3.06667
3.31429
3.0381
3.0381
3.08571
3.05714
3.02857
3.04762
3.04762
3.0381
3.13333
3.02857
3.0381
3.01905
3.05714
3
3.2381
3.01905
3.08571
3.07619
3.05714
3.10476
3.09524
3.09524
3.06667
3.19048
3.12381
3.0381
3.30476
3.04762
3
3.01905
3.0381
3.05714
3.00952
3.06667
3.04762
3.01905
3.08571
3.01905
3.06667
3.04762
3.18095
3.12381
3.05714
3.06667
3.10476
3.00952
3.0381
3.1619
3.06667
3.00952
3.22857
3.22857
3.01905
3.00952
3.09524
3.22857
3.01905
3.02857
3.01905
3.17143
3.0381
3.09524
3.08571
3.10476
3.12381
3.14286
3.02857
3.06667
3.04762
3.04762
3.04762
3.07619
3.04762
3
3.0381
3.09524
3.04762
3.04762
3.11429
3.05714
3.00952
3.0381
3.08571
3.06667
3.00952
3.14286
3.0381
3.00952
3.17143
3
3.07619
3.11429
3.06667
3.11429
3.0381
3
3.29524
3.0381
3.06667
3.07619
3.02857
3.06667
3
3.33333
3.11429
3.00952
3.06667
3.0381
3.18095
3.07619
3.00952
3
3.14286
3.2
3.02857
3.04762
3.06667
3.02857
3.10476
3.05714
3.04762
3.28571
3
3.12381
3.00952
3.04762
3.04762
3.07619
3.10476
3.10476
3.05714
3.0381
3.07619
3.01905
3.04762
3.00952
3
3.06667
3.10476
3.08571
3.05714
3.07619
3.00952
3.02857
3.01905
3.07619
3
3.05714
3.04762
3.08571
3.21905
3.00952
3.01905
3.08571
3.04762
3.06667
3.18095
3.02857
3.6
3.02857
3.0381
3.05714
3.18095
3.2
3.07619
3.06667
3.07619
3.04762
3
3
3.0381
3
3.09524
3.05714
3.09524
3.17143
3.35238
3.0381
3.05714
3.0381
3.19048
3.01905
3.01905
3.04762
3.08571
3.17143
3.01905
3.0381
3.11429
3
3.04762
3.04762
3.04762
3.01905
3.05714
3.02857
3.15238
3.00952
3.04762
3.09524
3.02857
3.06667
3.02857
3
3.07619
3.00952
3.00952
3.0381
3.12381
3.07619
3.05714
3.05714
3.0381
3.08571
3.0381
3.02857
3.13333
3.09524
3.08571
3.26667
3.11429
3.13333
3.06667
3.14286
3.13333
3.09524
3.00952
3
3.01905
3.19048
3.04762
3.0381
3.00952
3.07619
3.02857
3
3.08571
3.0381
3.0381
3.06667
3
3
3.04762
3.14286
3.0381
3.05714
3.10476
3.04762
3.02857
3.00952
3.14286
3.04762
3.0381
3.0381
3.0381
3.02857
3.11429
3.02857
3
3.01905
3.00952
3.00952
3.12381
3.01905
3.02857
3.05714
3.04762
3.02857
3.05714
3
3.05714
3.04762
3.09524
3.09524
3.05714
3.07619
3.04762
3.05714
3.2
3.06667
3
3.24762
3.17143
3.06667
3.0381
3.12381
3.09524
3.12381
3.01905
3.0381
3.06667
3.05714
3.00952
3.00952
3.04762
3.05714
3.06667
3.04762
3.0381
3.06667
3.0381
3.09524
3
3.00952
3.11429
3.1619
3.2
3.04762
3.02857
3.05714
3.00952
3.04762
3
3.00952
3.0381
3.01905
3.05714
3.0381
3.05714
3.06667
3.01905
3.2
3.12381
3.06667
3.06667
3.04762
3.12381
3.0381
3.18095
3.05714
3
3.19048
3.0381
3.05714
3
3.00952
3.04762
3.14286
3.00952
3.11429
3.01905
3
3.02857
3.02857
3.01905
3.0381
3.20952
3.0381
3.26667
3.0381
3.06667
3.10476
3.01905
3.05714
3.01905
3.32381
3.04762
3.05714
3.02857
3.20952
3.00952
3.00952
3.02857
3.08571
3.14286
3.02857
3.09524
3.05714
3.26667
3.04762
3.18095
3.10476
3.07619
3.07619
3.01905
3.02857
3.0381
3.04762
3.15238
3.00952
3.06667
3.04762
3.12381
3.02857
3.06667
3.05714
3.10476
3.01905
3.04762
3.0381
3.10476
3.02857
3.10476
3.0381
3.0381
3.01905
3.0381
3.02857
3.0381
3.00952
3.04762
3.11429
3.04762
3.10476
3.00952
3.0381
3.01905
3.04762
3.02857
3.01905
3.02857
3.05714
3.07619
3.00952
3.12381
3.04762
3.08571
3.0381
3.07619
3.02857
3.01905
3
3.05714
3.17143
3.14286
3.0381
3.14286
3.1619
3
3.04762
3
3.22857
3.0381
3.04762
3.02857
3.02857
3.0381
3.15238
3.05714
3.07619
3.06667
3.05714
3.04762
3.09524
3.02857
3.07619
3.05714
3.15238
3.07619
3.07619
3.02857
3.02857
3.08571
3.00952
3.0381
3
3.04762
3.06667
3.0381
3.10476
3.02857
3.08571
3.04762
3.18095
3.10476
3.29524
3.13333
3.02857
3.04762
3.0381
3.02857
3.0381
3.04762
3
3.17143
3.04762
3.02857
3.04762
3
3.04762
3.2
3.06667
3.04762
3.01905
3.04762
3.00952
3.05714
3.01905
3.01905
3.15238
3.02857
3.14286
3.01905
3.09524
3.07619
3.14286
3.35238
3.18095
3.09524
3.0381
3.00952
3.01905
3.02857
3.02857
3.04762
3.02857
3.02857
3.0381
3.0381
3.00952
3.00952
3.07619
3.04762
3.10476
3.46667
3.12381
3.0381
3.01905
3.0381
3.01905
3.09524
3.20952
3.09524
3.10476
3.0381
3.0381
3.02857
3.04762
3.0381
3.01905
3.04762
3.07619
3.04762
3.12381
3.08571
3.19048
3.06667
3.04762
3.04762
3.00952
3.0381
3
3.04762
3.01905
3.07619
3.04762
3.10476
3.05714
3.05714
3.04762
3.04762
3.08571
3.07619
3.02857
3.01905
3.04762
3.0381
3.06667
3.0381
3.10476
3.35238
3.40952
3.06667
3.02857
3.06667
3.02857
3.02857
3.12381
3.04762
3.02857
3.09524
3.05714
3.09524
3.01905
3.07619
3.05714
3.11429
3
5.66667
3.02857
3.04762
3.19048
3
3.13333
3.05714
3.04762
3.02857
3.04762
3.07619
3.0381
3.0381
3.02857
3.06667
3.13333
3.00952
3.09524
3.02857
3.0381
3.04762
3.06667
3.09524
3.00952
3.05714
3.27619
3.07619
3.01905
3.06667
3.06667
3.08571
3.00952
3.04762
3.17143
3.00952
3.0381
3.07619
3.08571
3.07619
3.11429
3.07619
3.15238
3
3.04762
3.08571
3.00952
3.01905
3.06667
3.10476
3.11429
3.00952
3
3.10476
3.12381
3.07619
3.15238
3.01905
3.04762
3.11429
3.09524
3.05714
3.00952
3.02857
3.01905
3.0381
3.18095
3.08571
3.0381
3.02857
3.04762
3.02857
3.09524
3.12381
3.06667
3.19048
3.06667
3.04762
3.14286
3.0381
3.10476
3.01905
3.00952
3.00952
3.0381
3.18095
3.2381
3.02857
3.07619
3.1619
3.15238
3.10476
3.02857
3.11429
3.08571
3.0381
3.19048
3.12381
3
3.0381
3.04762
3.08571
3.07619
3
3
3.06667
3.08571
3.13333
3.05714
3.04762
3.01905
3.01905
3.0381
3.12381
3.01905
3.13333
3.01905
3.02857
3.12381
3.01905
3
3.0381
3
3.07619
3.07619
3.00952
3.09524
3.02857
3.01905
3.07619
3.27619
3.00952
3.00952
3.08571
3.08571
3.04762
3.01905
3.09524
3.05714
3.02857
3.09524
3.00952
3.11429
3.0381
3.02857
3.02857
3.05714
3.06667
3.02857
3.0381
3.18095
3
3.14286
3.01905
3.07619
3.08571
3
3.05714
3.04762
3.09524
3.01905
3
3.05714
3.06667
3.05714
3.06667
3.00952
3.04762
3.05714
3.18095
3.00952
3.06667
3.12381
3
3.01905
3.0381
3.04762
3.0381
3.20952
3.07619
3.04762
3.01905
3.11429
3.00952
3.00952
3
3.02857
3.08571
3.06667
3.32381
3.05714
3.10476
3.12381
3.10476
3.00952
3.08571
3.05714
3.01905
3.08571
3.0381
3.06667
3.04762
3.06667
3.08571
3.14286
3.01905
3.11429
3.05714
3.06667
3.02857
3.0381
3.04762
3.38095
3.00952
3.13333
3.00952
3.0381
3.05714
3.10476
3.0381
3.0381
3.02857
3.0381
3.18095
3.06667
3.05714
3.02857
3.10476
3.02857
3
3.0381
3.05714
3.04762
3.08571
3.05714
3.17143
3.07619
3.0381
3.06667
3.59048
3.21905
3.10476
3.05714
3.05714
3.00952
3.02857
3.05714
3.04762
3
3.00952
3.06667
3.09524
3.01905
3.11429
3.11429
3.27619
3.11429
3.0381
3.02857
3.0381
3.02857
3.01905
3.06667
3.02857
3.22857
3.2
3.05714
3.00952
3.01905
3.05714
3.01905
3.19048
3
3.25714
3.00952
3.09524
3.31429
3.05714
3.00952
3.11429
3.08571
3.3619
3.08571
3.18095
3.45714
3.0381
3.01905
3.17143
3.0381
3.12381
3.01905
3.08571
3.01905
3.00952
3.08571
3.01905
3.02857
3.00952
3.09524
3.04762
3.15238
3.2
3
3.07619
3.09524
3.01905
3.24762
3.00952
3.06667
3.02857
3.01905
3.02857
3.04762
3.04762
3.08571
3.01905
3.09524
3.18095
3.14286
3.01905
3
3.04762
3.00952
3.01905
3.0381
3.05714
3.00952
3.2381
3.09524
3.05714
3.1619
3.05714
3.02857
3.15238
3.15238
3.08571
3.17143
3.05714
3.06667
3.18095
3.06667
3.01905
3.2
3.3619
3.28571
3.06667
3.01905
3.06667
3.07619
3.04762
3.04762
3.05714
3.11429
3
3.0381
3.05714
3.12381
3.11429
3.01905
3.20952
3.01905
3.06667
3.09524
3.02857
3.12381
3.1619
3.12381
3.04762
3.12381
3.07619
3.01905
3.0381
3.0381
3.00952
3.0381
3.01905
3.15238
3.02857
3.12381
3.08571
3.11429
3.0381
3.04762
3.11429
3.05714
3.02857
3.01905
3.04762
3.1619
3.05714
3.09524
3.11429
3.04762
3.08571
3.18095
3.05714
3.00952
3.04762
3.08571
3.07619
3.02857
3.20952
3.00952
3.04762
3.01905
3.05714
3.11429
3.04762
3.05714
3.15238
3.02857
3.0381
3.08571
3.07619
3.04762
3.05714
3.1619
3.02857
3.0381
3.04762
3.06667
3.04762
3
3.0381
3.10476
3.0381
3.0381
3
3.01905
3.0381
3.0381
3.00952
3.01905
3.0381
3.06667
3.08571
3.07619
3.07619
3.06667
3.00952
3.07619
3.0381
3.0381
3.10476
3.0381
3.00952
3.05714
3.13333
3.10476
3.04762
3.0381
3.05714
3.0381
3.01905
3.0381
3.06667
3
3.06667
3.01905
3.04762
3.04762
3.01905
3.06667
3.12381
3.0381
3.06667
3.01905
3.07619
3.01905
3.04762
3.01905
3.11429
3
3.02857
3
3.29524
3.08571
3.05714
3.09524
3.04762
3.01905
3.12381
3.06667
3.06667
3.31429
3.14286
3.07619
3.00952
3.11429
3.04762
3.05714
3.0381
3
3.09524
3.22857
3.02857
3.10476
3.00952
3.09524
3.11429
3.07619
3.01905
3.09524
3.04762
3.07619
3.02857
3.00952
3.0381
3.06667
3.05714
3
3.06667
3.04762
3.0381
3.05714
3.08571
3.04762
3.07619
3.10476
3.19048
3.42857
3.0381
3.12381
3.05714
3.08571
3.05714
3.00952
3.12381
3.0381
3.04762
3.11429
3.0381
3.0381
3.0381
3.12381
3.01905
3.12381
3.02857
3.0381
3.0381
3.00952
3.0381
3.04762
3.0381
3.06667
3.02857
3.04762
3.11429
3.06667
3.10476
3.06667
3.08571
3.0381
3.04762
3.06667
3.09524
3.07619
3.07619
3.0381
3.01905
3.01905
3.04762
3.00952
3.07619
3.04762
3.07619
3
3.01905
3.01905
3.06667
3.04762
3.06667
3.04762
3.01905
3.02857
3.38095
3.05714
3.09524
3.02857
3.07619
3.0381
3.09524
3.00952
3.01905
3.67619
3.08571
3.15238
3.11429
3.01905
3.02857
3.00952
3.20952
3.06667
3.01905
3.06667
3.05714
3.00952
3.05714
3.05714
3.04762
3.02857
3.04762
3.04762
3.09524
3.01905
3.13333
3.10476
3.05714
3.05714
3.00952
3.0381
3.1619
3.01905
3.02857
3.0381
3.02857
3.00952
3.08571
3.17143
3.04762
3.06667
3.4
3.0381
3
3.04762
3.14286
3.13333
3.0381
3.39048
3.00952
3.00952
3.34286
3.01905
3.02857
3.05714
3.07619
3.02857
3.0381
3.05714
3.06667
3.09524
3.00952
3.2381
3.00952
3.05714
3.01905
3.09524
3.02857
3.04762
3.06667
3.20952
3.25714
3.02857
3.29524
3.09524
3
3.05714
3.11429
3.04762
3.02857
3.08571
3.0381
3.07619
3.22857
3.04762
3.09524
3.28571
3.02857
3.0381
3.07619
3.4381
3.05714
3.20952
3.06667
3.08571
3.14286
3.10476
3.00952
3.05714
3
3.08571
3.04762
3
3.0381
3.10476
3.10476
3.06667
3.1619
3.02857
3.21905
3.0381
3.09524
3.24762
3.04762
3.00952
3.08571
3.02857
3.0381
3.07619
3.10476
3
3.05714
3.04762
3.05714
3
3.00952
3.27619
3.13333
3.08571
3
3
3.06667
3.20952
3.04762
3.05714
3.0381
3.01905
3.02857
3.09524
3.07619
3.13333
3.12381
3.05714
3.15238
3.08571
3.04762
3.06667
3
3.09524
3.09524
3.67619
3.05714
3.02857
3.05714
3
3.10476
3
3.07619
3.15238
3.02857
3.02857
3.0381
3.06667
3.13333
3.0381
3.05714
3.00952
3.0381
3.02857
3.11429
3.08571
3.06667
3.37143
3
3.08571
3.08571
3.06667
3.6
3.06667
3.14286
3.18095
3.00952
3.05714
3.37143
3.0381
3.05714
3
3.06667
3.00952
3.07619
3.00952
3.04762
3.02857
3.04762
3.02857
3
3.11429
3.04762
3.05714
3.00952
3.04762
3.06667
3.0381
3.09524
3.10476
3.10476
3.05714
3.08571
3
3.09524
3.07619
3.00952
3.00952
3.07619
3
3.10476
3.04762
3.09524
3.08571
3.25714
3.0381
3.11429
3.05714
3.06667
3.0381
3.0381
3
3
3.07619
3.1619
3.0381
3.05714
3.2
3.0381
3.1619
3.00952
3.06667
3.01905
3.05714
3.00952
3.0381
3.07619
3.13333
3.0381
3.07619
3.04762
3.17143
3.04762
3.02857
3.05714
3.11429
3.09524
3.06667
3.04762
3.06667
3.0381
3
3.12381
3.11429
3.04762
3.20952
3.13333
3.12381
3.0381
3.05714
3.0381
3.01905
3.22857
3.04762
3.01905
3.0381
3.07619
3.01905
3.0381
3.06667
3.05714
3.01905
3.12381
3.06667
3.14286
3.06667
3.02857
3.00952
3.15238
3.04762
3.12381
3.07619
3.0381
3.10476
3.11429
3.02857
3
3.08571
3.0381
3.0381
3.04762
3
3.1619
3.10476
3.11429
3.05714
3.06667
3.12381
3.0381
3.06667
3.22857
3.2381
3.0381
3.05714
3.01905
3.05714
3.01905
3.00952
3.08571
3
3.01905
3.07619
3.12381
3.00952
3.0381
3.05714
3.12381
3.05714
3.40952
3.10476
3.00952
3.05714
3.02857
3.05714
3.09524
3.00952
3.07619
3.06667
3
3.13333
3.01905
3.0381
3.13333
3.08571
3.08571
3.08571
3.09524
3.12381
3.02857
3.0381
3.01905
3.04762
3.1619
3.06667
3.02857
3.04762
3
3.0381
3.0381
3.05714
3.07619
3.21905
3.02857
3.08571
3.13333
3.06667
3.11429
3.10476
3.00952
3.04762
3.06667
3.10476
3.01905
3.04762
3.19048
3.04762
3.06667
3.08571
3.08571
3.05714
3.02857
3.08571
3.06667
3.10476
3.02857
3.08571
3.10476
3.2
3.04762
3
3.05714
3.01905
3.06667
3.04762
3.17143
3.02857
3.06667
3.14286
3.13333
3.00952
3.07619
3.07619
3.04762
3.01905
3.18095
3.00952
3.02857
3.05714
3.02857
3.04762
3.06667
3.00952
3.05714
3.08571
3.0381
3.17143
3.05714
3.0381
3.02857
3.1619
3.02857
3.05714
3.07619
3.22857
3.4
3.0381
3.04762
3.05714
3.10476
3.04762
3.01905
3.07619
3.0381
3.00952
3.00952
3.10476
3.02857
3.13333
3.54286
3.02857
3.8
3.0381
3.02857
3.09524
3.1619
3.01905
3.10476
3.08571
3.02857
3
3.05714
3.07619
3.00952
3.08571
3.09524
3.00952
3.07619
3.0381
3.01905
3.41905
3.07619
3.10476
3.10476
3.07619
3.06667
3.0381
3.06667
3.09524
3.05714
3.15238
3.01905
3.0381
3.02857
3.10476
3.13333
3.05714
3.07619
3.06667
3.09524
3.02857
3.04762
3.06667
3
3
3.2
3.12381
3.0381
3.14286
3.04762
3.24762
3.02857
3.24762
3.05714
3.15238
3.09524
3.11429
3.09524
3.08571
3.01905
3.01905
3.02857
3.06667
3.08571
3.00952
3.13333
3.01905
3.25714
3.01905
3
3.08571
3.05714
3
3
3.05714
3.01905
3.04762
3.04762
3.12381
3.05714
3.0381
3.08571
3.06667
3.04762
3.02857
3.05714
3.04762
3.05714
3.14286
3.14286
3
3.00952
3.0381
3.0381
3.06667
3.06667
3.13333
3.07619
3.10476
3.49524
3.0381
3.01905
3.07619
3.00952
3.15238
3.00952
3.05714
3.17143
3.19048
3.04762
3.01905
3.0381
3.17143
3.05714
3
3.09524
3.05714
3.02857
3.04762
3.08571
3.01905
3
3.09524
3.04762
3.05714
3.00952
3.06667
3.18095
3.04762
3.09524
3.07619
3.04762
3.08571
3.0381
3.04762
3.00952
3.27619
3.15238
3.04762
3.02857
3
3.09524
3
3.02857
3.02857
3.00952
3.05714
3.00952
3.06667
3.14286
3.02857
3.02857
3.00952
3.02857
3.05714
3
3.14286
3.11429
3.02857
3.01905
3.02857
3.00952
3.08571
3.05714
3.0381
3.12381
3.0381
3.0381
3.17143
3.04762
3.14286
3.05714
3.0381
3.02857
3.0381
3.01905
3.04762
3.02857
3.00952
3.05714
3.01905
3
3.04762
3.05714
3.04762
3.00952
3
3.05714
3.07619
3.00952
3.01905
3.02857
3.01905
3.08571
3.06667
3.10476
3.05714
3
3.12381
3.13333
3.0381
3.05714
3.22857
3.02857
3.06667
3.13333
3.02857
3
3.05714
3.12381
3.04762
3.01905
3
3.04762
3
3.17143
3.01905
3.0381
3.06667
3.11429
3.08571
3.06667
3.09524
3.01905
3.06667
3.05714
3.05714
3.04762
3.02857
3.01905
3
3.12381
3
3.04762
3
3.02857
3.06667
3.04762
3.12381
3.02857
3.05714
3.01905
3.05714
3.06667
3.08571
3.08571
3
3.04762
3.01905
3.05714
3.04762
3.01905
3.01905
3.01905
3.04762
3.11429
3.04762
3.04762
3.00952
3
3.07619
3.0381
3.0381
3.13333
3.04762
3.13333
3.01905
3.10476
3.08571
3.08571
3.05714
3
3.07619
3.09524
3.05714
3.13333
3.00952
3.18095
3.0381
3.01905
3.01905
3.06667
3.02857
3.00952
3.1619
3.15238
3.0381
3.2
3.1619
3.0381
3.0381
3.02857
3.02857
3.0381
3.0381
3.13333
3.1619
3.12381
3.0381
3.04762
3.10476
3.06667
3.0381
3.04762
3.00952
3.04762
3.2
3
3.01905
3.07619
3.0381
3.06667
3.19048
3.0381
3.01905
3.0381
3.06667
3.06667
3.04762
3.01905
3
3
3.01905
3.0381
3.0381
3.0381
3.09524
3.10476
3.12381
3.15238
3.00952
3.2381
3.20952
3.07619
3.01905
3.05714
3.0381
3
3.12381
3.02857
3.0381
3.04762
3.0381
3.06667
3.04762
3.06667
3.20952
3.09524
3.14286
3.01905
3.14286
3.2
3.06667
3.00952
3.2
3.02857
3.04762
3.0381
3.04762
3.06667
3.02857
3.10476
3.07619
3.06667
3.01905
3.06667
3.06667
3.06667
3.10476
3.04762
3.02857
3.02857
3.35238
3.08571
3.04762
3.05714
3.18095
3.08571
3.0381
3.04762
3.06667
3.01905
3.01905
3.00952
3.01905
3.02857
3.05714
3.02857
3.05714
3.06667
3.10476
3.00952
3.00952
3.11429
3.02857
3.02857
4.1619
3
3.09524
3.00952
3.02857
3.07619
3.02857
3.07619
3
3.13333
3.04762
3.09524
3.08571
3.14286
3.06667
3.07619
3.02857
3.07619
3.00952
3.01905
3.01905
3.0381
3.12381
3.01905
3.19048
3.00952
3.07619
3.00952
3.07619
3.00952
3.0381
3.10476
3.1619
3.01905
3.12381
3
3.30476
3.05714
3.07619
3.0381
3.17143
3.05714
3.04762
3
3.11429
3.07619
3.19048
3.21905
3.04762
3.04762
3.0381
3.14286
3.02857
3.01905
3.04762
3.01905
3.00952
3.00952
3.05714
3.00952
3.06667
3.61905
3.01905
3.02857
3.14286
3.04762
3.06667
3.01905
3.04762
3.0381
3.11429
3.17143
3.0381
3.00952
3.07619
3.01905
3.06667
3.00952
3.06667
3.09524
3.04762
3.15238
3.02857
3.06667
3.04762
3.4381
3.00952
3.12381
3.15238
3.05714
3.02857
3.04762
3.05714
3.19048
3.11429
3.06667
3.10476
3.02857
3
3.02857
3
3.09524
3.06667
3.0381
3.01905
3.02857
3.04762
3.06667
3.07619
3.06667
3.06667
3.05714
3.02857
3.0381
3.04762
3.02857
3.08571
3.06667
3.02857
3.04762
3.01905
3.11429
3.0381
3.04762
3.04762
3.18095
3
3.01905
3.19048
3.09524
3.02857
3.02857
3.13333
3.02857
3.10476
3.14286
3.05714
3.0381
3
3.0381
3.06667
3.01905
3.12381
3.21905
3.19048
3
3.14286
3.0381
3.08571
3.07619
3.01905
3.04762
3.10476
3.08571
3
3.05714
3.05714
3.04762
3
3.13333
3.2
3.05714
3.45714
3.01905
3.02857
3.05714
3.07619
3.02857
3.0381
3.0381
3.06667
3.02857
3.06667
3.02857
3.0381
3.11429
3
3.09524
3.04762
3.02857
3.11429
3.06667
3.13333
3.01905
3.02857
3.04762
3.06667
3
3.01905
3.01905
3
3.20952
3.08571
3.00952
3.08571
3.10476
3.06667
3
3.01905
3.06667
3.0381
3.05714
3
3.02857
3.13333
3.04762
3.08571
3.02857
3
3.06667
3.06667
3.05714
3.00952
3.06667
3.05714
3.09524
3.06667
3.00952
3.04762
3.00952
3.14286
3.05714
3.2
3.0381
3.02857
3.02857
3.15238
3.13333
3.04762
3.11429
3.04762
3
3.00952
3.01905
3.05714
3.13333
3.04762
3.00952
3.01905
3.07619
3.08571
3.06667
3.08571
3.0381
3.0381
3.02857
3.04762
3.14286
3.07619
3.11429
3.0381
3.21905
3.66667
3.00952
3.07619
3.04762
3.04762
3.06667
3.01905
3.06667
3.14286
3.0381
3.4
3.02857
3.00952
3.05714
3.04762
3.1619
3.02857
3.14286
3.02857
3
3.00952
3.02857
3.12381
3.0381
3.11429
3.09524
3.09524
3.12381
3.12381
3.08571
3.01905
3.04762
3.01905
3.00952
3.02857
3.00952
3.10476
3.01905
3.05714
3.02857
3.04762
3.06667
3.01905
3.0381
3.09524
3.07619
3.0381
3.04762
3.04762
3.02857
3
3.01905
3.06667
3.0381
3.05714
3.07619
3.01905
3.08571
3.02857
3.07619
3.10476
3.0381
3.02857
3.10476
3.01905
3.00952
3.0381
3.14286
3.02857
3.07619
3.00952
3.04762
3.0381
3
3.1619
3.02857
3.06667
3.06667
3.05714
3.00952
3.12381
3.04762
3.07619
3.07619
3.10476
3.05714
3.0381
3.18095
3.04762
3.04762
3.09524
3.02857
3.02857
3.02857
3.00952
3.07619
3.09524
3.02857
3.18095
3.0381
3.00952
3
3.05714
3.05714
3.11429
3.01905
3.07619
3.05714
3.05714
