10876 34740
11.8762
8.55238
4.67619
9.09524
5.4
6.26667
9.08571
5.40952
9.52381
8.6
12.4667
5.21905
9.12381
6.26667
10.5524
6.72381
4.53333
9.26667
5.89524
11.6381
10.5333
7.31429
4.39048
8.8
4.01905
9.48571
9.84762
4.54286
4.69524
4.84762
4.64762
6.05714
7.02857
6.67619
5.68571
5.29524
7.65714
7.51429
9.91429
7.07619
4.3619
9.00952
14.5714
8.70476
5.60952
6.55238
10.2952
8.6
4.27619
8.91429
6.05714
7.52381
9.12381
6.04762
8.09524
11.3048
4.6
7.02857
7.12381
6.21905
10.9238
10.7619
12.4381
7.34286
5.33333
10
5.77143
4.62857
9.92381
4.84762
12.1238
6.8
6.97143
6.3619
7.07619
7.32381
6.04762
6.28571
6.48571
7.6
7.13333
5.77143
5.5619
8.35238
6.47619
6.48571
11.2095
10.8095
6.73333
6.06667
5.85714
7.08571
4.85714
7.89524
6.52381
5.88571
7.8
10.6095
5.7619
8.08571
10.7238
7.95238
7.38095
4.67619
6.38095
9.2381
9.55238
4.30476
4.17143
10.7429
7.22857
6.82857
8.55238
5.74286
7.4381
7.4381
5.59048
8.62857
9.67619
7.88571
11.9048
5.90476
5.93333
5.51429
5.06667
12.2381
9.98095
11.0667
12.0571
10.8952
6.49524
8.53333
7.48571
5.34286
9.5619
9.46667
10.019
8.04762
7.65714
4.89524
9.66667
13.0095
8.30476
7.87619
5.26667
11.619
8.17143
8.8381
8.0381
8.01905
6.27619
11.4
9.21905
7.2381
7.09524
9.87619
10.0762
7.10476
5.12381
6.00952
6.34286
10.7905
8.04762
7.38095
9.75238
7.21905
6.91429
6.40952
8.41905
5.57143
7.07619
7.31429
7.10476
6.8
4.3619
4.28571
9.18095
8.54286
10.0095
8.80952
8.90476
12.9524
5.62857
11.1619
7.89524
7.91429
6.93333
6.53333
7.93333
13.8667
9.45714
8.58095
9.29524
7.31429
11.7238
6.4
5.30476
6.64762
5.79048
11.0952
7.99048
6.32381
7.02857
8.24762
4.27619
4.79048
10.3714
6.35238
9.89524
9.67619
6.97143
9.2381
4.68571
9.8381
8.1619
7.17143
7.19048
4.31429
8.13333
4.33333
6.67619
5.65714
7.38095
11.2952
6.75238
5.0381
7.02857
4.33333
5.44762
5.47619
7.34286
7.25714
7.06667
6.62857
6.08571
5.22857
8.28571
5.88571
4.33333
6.19048
4.77143
5.68571
4.4
7.18095
10.0571
10.1905
8.6381
9.57143
8.70476
7.25714
7.53333
6.6
7.97143
4.9619
6.54286
6.84762
7.81905
7.22857
7.18095
6.94286
8.33333
8.80952
9.95238
4.61905
6.02857
4.27619
9.21905
11.381
11.0857
9.0381
11.7429
11.019
13.6762
7.95238
5.34286
7.95238
8.60952
4.77143
9.26667
10.7619
9.5619
8.00952
4.82857
6.64762
9.05714
9.8
5.38095
10.4381
8.26667
10.6095
8.12381
10.3333
8.58095
8.48571
8.6381
8.97143
6.58095
10.6476
8.4381
5.86667
5.07619
9.09524
7.12381
10.5429
7.42857
6.54286
8.0381
6.45714
4.38095
10.2667
10.619
9.87619
8.64762
11.5619
7.8381
5.69524
4.21905
8.50476
13.1524
8.79048
4.60952
4.34286
7.57143
7.94286
8.54286
6.68571
6.71429
9.51429
9.52381
7.85714
5.01905
15.3524
4.42857
4.78095
6.13333
5.77143
4.95238
4.4
8.60952
8.53333
8.6
4.79048
4.69524
7.10476
4.5619
7.3619
12.2762
4.8
6.20952
7.13333
8.66667
8.8381
9.93333
4.46667
7.21905
7.01905
7.29524
5.44762
6.41905
4.4
4.2381
9.05714
4.39048
7.66667
7.10476
8.89524
7.07619
7.95238
5.9619
7.97143
7.40952
5.79048
5.6
6.28571
4.2381
4.57143
5.84762
5.95238
7.33333
9.20952
6.29524
6.1619
10.219
10.1905
5.84762
12.7143
10.9238
10.9619
9.04762
8.46667
6.7619
8.89524
11.0667
8.86667
11.5524
9.98095
10.0381
8.40952
6.8
8.30476
4.46667
9.13333
6.9619
9.84762
4.5619
5.85714
8.70476
11.7619
8.59048
9.11429
4.42857
5.70476
9.58095
7.71429
8.4
7.6381
5.50476
9.30476
7.38095
6
12.7905
6.91429
6.59048
4.46667
8.73333
7.48571
7.35238
5.10476
4.58095
5.72381
5.70476
6.01905
7.12381
4.37143
8.24762
7.3619
8.31429
6.17143
7.3619
7.13333
8.46667
6.6
7.60952
7.15238
8.02857
8.54286
8.14286
6.84762
5.42857
8.15238
9.07619
8.00952
11.7429
5.59048
8.64762
8.19048
8.99048
7.38095
11.3905
6.54286
8.20952
6.54286
9.58095
7.72381
5.94286
5.75238
5.93333
4.95238
4.42857
7.40952
8.93333
5.94286
4.2381
6.86667
7.60952
8.05714
9.11429
7.87619
7.46667
8.94286
6.22857
7.37143
8.74286
4.67619
10.0095
6.62857
11.7905
7.02857
8.12381
9.75238
13.6381
6.6
8.93333
9.32381
8.15238
7.85714
6.21905
8.6
7.8381
5.38095
8.4
10.7905
9.31429
5.41905
7.80952
6.95238
10.5048
8.05714
11.381
10.4476
8.02857
4.47619
6.1619
6.62857
8.13333
5.85714
11.3429
7.53333
4.68571
7.8381
4.4
9.31429
8.72381
7.25714
5.45714
10.5048
7.67619
6.77143
10.419
8.52381
8.89524
4.26667
4.48571
4.34286
6.95238
4.57143
7.39048
10.1048
10.2381
4.24762
6.59048
6.12381
10.7905
12.0571
9.14286
7.38095
8.8
7.15238
6.5619
6.73333
7.94286
9.40952
5.4381
5.78095
7.33333
5.44762
10.4857
6.00952
4.2381
6.29524
6.80952
9.04762
8.13333
4.62857
5.4381
11.8476
9.41905
9.8381
8.71429
7.89524
15.8571
8.87619
7.02857
9.17143
7.60952
7.90476
6.99048
11.0286
4.55238
11.1619
7.52381
7.05714
7.78095
7.58095
4.32381
4.84762
6.58095
13.0952
8.35238
6.59048
10.8
4.37143
11.2952
7.35238
5.39048
9.86667
5.49524
6.70476
7.19048
9.01905
8.54286
6.0381
8.8
7.13333
7.20952
4.50476
7.66667
10.6
8.04762
7.53333
11.8
11.1143
4.55238
4.6381
6.30476
4.62857
8.60952
4.20952
9.91429
8.17143
5.46667
4.4
7.87619
7.39048
10.0476
13.2857
5.12381
7.2381
8.45714
7.01905
5.02857
6.46667
6.68571
4.87619
4.58095
7.00952
6.45714
9.32381
8.84762
12.5333
6.08571
5.74286
12.619
6.45714
4.32381
6
4.75238
4.27619
7.10476
6.88571
6.1619
6.94286
8.25714
6.09524
11.6
6.3619
7.29524
9.26667
9.14286
7.68571
5.64762
5.58095
6.8
8.26667
10.9905
6.1619
6.18095
11.8
8.25714
9.52381
8.55238
8.18095
4.10476
4.89524
7.12381
7.86667
8.60952
8.10476
7.8
7.4
7.13333
9.42857
8.30476
8.72381
8.88571
5.87619
9.40952
11.4952
9.14286
5.77143
6.80952
5.98095
9.32381
7.69524
7.5619
7.50476
9.18095
5.33333
8.24762
5.79048
5.55238
9.55238
12.0381
6.99048
5.80952
6.8
10.1714
4.55238
6.32381
6.05714
5.5619
9.27619
7.26667
7.72381
7.14286
4.5619
6.74286
9.66667
7.70476
4.27619
9.35238
6.01905
9.34286
8.98095
8.79048
7.57143
8.37143
8.80952
10.6667
5.60952
7.13333
10.3238
8.09524
9.17143
4.35238
4.4
4.75238
6.90476
6.44762
11.2762
4.49524
4.33333
8.27619
6.62857
4.66667
8.41905
6.18095
11.4667
6.79048
7.87619
7.87619
11.6286
6.21905
6.71429
4.25714
4.82857
6.59048
8.78095
4.55238
11
7
6.92381
6.84762
7.22857
5.67619
9.66667
5.4
9.42857
6.81905
8.92381
9.57143
4.34286
6.45714
12.4286
5.89524
9.89524
8.8
8.22857
10.4095
6.41905
11.381
9.04762
7.78095
8.4381
8.62857
6.40952
7.9619
4.21905
7.55238
6.46667
5.89524
12.0857
8.10476
11.6571
8.91429
6.55238
12.7429
9.0381
8.80952
8.10476
4.51429
8.4381
10.8
8.8
7.81905
6.92381
7.99048
4.42857
4.9619
10.9048
11.6
7.1619
4.1619
7.59048
4.1619
8.61905
8.79048
5.91429
8.47619
8.51429
9.66667
8.53333
8.64762
15.1905
4.54286
7.70476
8.15238
8.47619
5.80952
7.15238
11.2
8.91429
7.58095
6.50476
6.81905
9.91429
6.27619
5.79048
6.55238
6.32381
8.32381
8.12381
5.3619
4.9619
4.34286
6.4381
7.50476
6.99048
7.69524
9.94286
6.48571
9.1619
5.17143
6.4381
8.52381
7.75238
4.32381
8.21905
4.45714
4.57143
4.3619
7.19048
6.57143
4.17143
4.32381
9.94286
7.37143
7.45714
6.25714
8.70476
7.97143
7.11429
11.3619
6.30476
7.09524
4.35238
5.85714
7.27619
8.71429
4.45714
7.67619
5.32381
6.73333
6.09524
8.93333
7.42857
5
5.99048
5.93333
4.52381
6.69524
4.80952
7.86667
11.5238
7.9619
8.75238
8.33333
4.69524
6.2381
6.17143
5.93333
7.6
9.5619
4.49524
5.80952
6.62857
6.4381
6.2381
8.58095
6.42857
6.71429
9.30476
6.5619
9.50476
6.6
9.4
7.11429
9.01905
8
9.77143
5.46667
6.30476
10.2952
7.47619
6.58095
5.49524
5.26667
6.65714
5.19048
4.2
10.7714
8.39048
6.0381
8.1619
11.4667
8.09524
4.38095
7.59048
8.86667
7.77143
6.79048
7.40952
11.5524
10.181
4.28571
11.4095
10.4381
10.5048
9.13333
6.4381
4.6381
10.2952
8.48571
7.84762
6.15238
7.62857
4.14286
6.34286
9.02857
11.2857
7.88571
10.2667
5.64762
10.3238
9.93333
5.60952
9.41905
9.26667
8.19048
5.39048
9.82857
8.44762
9.31429
5.40952
5.84762
7
9.13333
8.3619
10.1429
9.31429
10.7714
4.37143
4.25714
4.4
5.39048
7.53333
9.2
8.78095
11.2286
6.33333
8.6381
5.73333
5.92381
9.91429
5.64762
8.42857
8.01905
8.47619
9.21905
5.34286
5.21905
9.59048
4.73333
7.2
8.46667
8.34286
4.79048
6.70476
4.53333
6.40952
5.72381
5.49524
11.1619
6.17143
9.34286
8.29524
10.5524
9.08571
10.4762
8.69524
8.93333
6.55238
6.89524
9.19048
5.26667
6.02857
10.6571
8.78095
4.79048
8.15238
11.819
6.90476
11.6762
8.72381
7.62857
6.84762
6.89524
12.4857
6.81905
9.67619
14.9143
5.57143
6.4
7.00952
7.04762
7.94286
6.2
5.22857
4.33333
7.39048
9.24762
8.44762
7.00952
6.82857
10.3333
6.44762
9.68571
8.12381
11.4952
7.5619
6.71429
8.21905
7.65714
8.41905
11.0857
9.2381
8.2
4.69524
8.54286
7.9619
5.05714
9.8
4.22857
4.61905
7.19048
8.46667
5.22857
8.75238
11.2381
8.88571
8.28571
5.19048
5.1619
7.82857
10.6952
5
5.30476
5.91429
5.4381
6.29524
9.82857
5.5619
10.6667
6.33333
6.70476
4.84762
4.70476
13.3714
5.37143
13.019
4.42857
5.39048
6.18095
11.9905
9.04762
8.88571
9.00952
8.72381
6.89524
4.73333
7.77143
6.25714
5.20952
6.37143
4.58095
8.13333
4.40952
8.54286
5.45714
6.71429
7.82857
7.62857
9.08571
10.6095
6.86667
12.0476
9.67619
9.2
7.08571
4.6
11.1143
10.219
9.04762
5.85714
8.44762
7.02857
8.90476
4.92381
7.87619
5.59048
6.58095
7.90476
4.53333
9.01905
4.32381
5.35238
10.0381
12.3714
8.05714
7.3619
7.06667
5.29524
5.24762
4.24762
7.01905
7.3619
7.71429
9.37143
4.54286
5.28571
5.4381
9.33333
12.1619
8.32381
7.48571
7.97143
4.60952
9.04762
8.30476
5.67619
8.09524
9.6
8.00952
12.6571
6.6381
5.69524
9.62857
5.2
6.77143
9.6381
6.09524
8.84762
8.55238
7.88571
6.86667
4.68571
5.74286
4.86667
8.61905
5.92381
6.81905
7.20952
4.41905
8.11429
6.47619
8.38095
8.30476
9.3619
4.79048
8.14286
9.9619
7.27619
7.2
4.49524
7.13333
11.1048
6.62857
10.5333
7.04762
4.6
5.81905
7.33333
5.65714
5.84762
6.17143
11.2
6.26667
5.88571
8.06667
10.8476
5.07619
8.99048
8.73333
4.79048
7.80952
6.87619
10.781
7.5619
6.08571
7.21905
8.48571
8.11429
6.78095
4.22857
4.68571
5.54286
7.78095
4.69524
5.17143
4.4
9.53333
7.45714
7.59048
10.9905
7.39048
6.87619
5.0381
4.31429
9.39048
5.32381
11.381
5.65714
10.1333
6.9619
7.89524
7.97143
4.2381
8.39048
4.70476
4.49524
6.71429
7.5619
12.6
12.0857
7.32381
9.12381
7.97143
7.54286
6.9619
6.19048
8.82857
6.92381
9.89524
6.87619
9.8
6.64762
6.7619
5.55238
8.66667
4.88571
5.72381
6.54286
10.4286
6.42857
9.17143
7.30476
4.3619
6.4381
6.00952
5.99048
6.85714
8.48571
5.50476
10.8381
8.24762
7.44762
4.3619
5.71429
4.58095
6.21905
6.8
6.42857
7.42857
5.62857
7.8381
5.44762
8.7619
6.91429
13.219
5.44762
11.0952
6.9619
7.05714
6.46667
8.4381
9.00952
7.47619
8.69524
6.6
9.07619
9.30476
7.13333
11.3333
7.13333
10.1905
11.0667
6.25714
6.18095
5.24762
5.77143
6.39048
5.34286
7.97143
7.33333
6.70476
6.50476
9.58095
4.97143
4.80952
7.95238
8.00952
7.42857
6.38095
5.35238
5.66667
9.17143
9.33333
7.19048
8.09524
6.46667
8.05714
8.90476
4.67619
8.27619
5.00952
5.8
7.77143
7.70476
9.67619
7.4
7.0381
4.57143
6.42857
7.71429
9.54286
8.22857
5.25714
6.95238
10.1429
4.24762
5.46667
7.05714
5.5619
6.6381
10.8286
4.35238
4.46667
7.99048
7.44762
5.80952
10.1143
7.93333
5.25714
8.72381
4.37143
5.7619
8.6381
8.71429
4.40952
6.79048
5.2
7.00952
9.41905
6.31429
7.20952
6.06667
5.62857
4.49524
10.2381
7.40952
4.41905
8.4
6.47619
5.49524
8.80952
6.45714
6.6
9.08571
8.74286
6.31429
8.9619
4.85714
6.90476
6.79048
11.1905
6.91429
9.33333
9.05714
9.39048
4.4
7
8.29524
7.9619
9.47619
7.04762
6.5619
6.40952
6.41905
5.89524
5.65714
8.42857
5.20952
8.28571
4.73333
6.72381
6.08571
5.5619
8.97143
7.46667
13.3429
5.33333
4.2381
12.181
8.64762
6.70476
12.4381
6.24762
7.14286
13.2286
12.6857
5.27619
7.61905
6.78095
10.3333
8.38095
6.30476
8.53333
4.75238
5.94286
7.64762
5.50476
7.55238
9.20952
9.13333
9.2381
5.00952
4.50476
8.26667
8.60952
8.79048
7.87619
10.5714
7.6
5.06667
9.54286
7.12381
10.3238
9.08571
8.8
8.58095
9.8381
6.11429
8.4
8.47619
6.81905
9.97143
7.90476
7.11429
9.50476
12.6095
8.89524
4.31429
6.85714
6.09524
8.29524
7.7619
10.3143
9.67619
4.62857
7.4381
5.54286
9.97143
9.10476
11.8476
7.61905
6.45714
4.37143
4.22857
6.95238
9.78095
4.78095
8.04762
8.71429
12.6667
8.92381
8.50476
7.22857
10.3429
5.07619
6.61905
5.19048
10.7619
12.9714
7.01905
6.86667
5.8381
9.33333
8.26667
6.95238
6.93333
4.29524
5.10476
6.42857
4.59048
5.28571
6.59048
5.98095
10.3238
8.01905
9.78095
7.38095
4.37143
5.73333
6.28571
9.05714
6.82857
13.1048
5.64762
4.46667
9.07619
7.74286
9.25714
7.62857
8.89524
7.60952
6.25714
8.26667
7.84762
11.0095
4.62857
8.45714
6.82857
4.50476
10.4
8.89524
10.7333
6.14286
5.99048
8.02857
8.99048
9.3619
8.74286
4.3619
9.34286
6.52381
10.3048
7.99048
7.25714
9.46667
8.86667
11.3429
7.24762
5.41905
7
9.30476
7.05714
8.69524
6.84762
4.54286
5.86667
6.58095
9.13333
10.3143
7.87619
8.4381
9.8381
7.01905
8.25714
4.68571
6.12381
6.65714
6.30476
6.28571
4.39048
4.57143
4.4381
4.53333
6.01905
6.80952
4.29524
7.58095
6.11429
10.4
7.40952
9.89524
4.41905
8.19048
7.24762
7.3619
9.25714
11.0095
4.9619
5.5619
4.50476
8.77143
7.72381
6.9619
4.53333
8.68571
10.6095
6.45714
8.50476
9
6.78095
6.73333
10.3619
7.28571
4.5619
4.59048
7.62857
10.1429
8.50476
9.09524
7.34286
10.2667
8
9.9619
6
4.58095
7.47619
7.0381
6.7619
6.00952
4.18095
8.78095
8.42857
6.14286
6.24762
7.08571
6.68571
6.39048
6.2381
4.2
7.66667
7.18095
4.94286
8.62857
9.34286
9.75238
7.87619
4.75238
5.39048
4.4
11.5238
8.90476
4.7619
4.52381
7.46667
5.93333
6.81905
5.69524
8.51429
8.37143
8.24762
9.87619
7.08571
4.33333
8.92381
4.32381
6.8
11.581
7.52381
7.88571
8.72381
8.4
4.50476
5.0381
4.69524
9.41905
5.00952
5.01905
6.75238
4.52381
4.59048
4.49524
13.0095
7.13333
7.90476
5.31429
7.55238
7.0381
4.88571
5.64762
5.55238
7.75238
5.4381
4.48571
6.07619
5.65714
11.4095
8.2381
8.29524
12.4667
4.41905
9.27619
10.8286
7.88571
7.89524
9.54286
4.62857
8.10476
10.2
8.24762
4.75238
5.06667
7.39048
9.67619
4.33333
4.89524
6.87619
9.6381
4.11429
9
10.619
4.11429
5.91429
10.6857
7.87619
7.20952
6.21905
7.73333
5.30476
5.58095
8.04762
4.59048
6.69524
9.28571
8.48571
7.72381
4.4381
8.53333
6.26667
7.18095
6.26667
4.60952
7.3619
6.4
5.13333
8.64762
10.8286
5.32381
6.97143
10.2952
7.28571
7.05714
4.62857
4.4
4.6
6.49524
6.71429
5.39048
5.20952
7.8381
6.94286
4.50476
9.73333
5.15238
5.72381
7.2
4.75238
7.18095
5.46667
7.25714
4.33333
6.27619
6.0381
7.3619
17.5143
9.06667
7.68571
8.88571
6.49524
8.46667
6.60952
10.6952
8.58095
6.74286
7.28571
10.3905
9.67619
7.85714
8.2
6.74286
6.39048
6.32381
4.37143
6.72381
11.2
6.61905
10.6095
9.64762
5.35238
8.65714
4.50476
8.04762
4.50476
6.01905
8.29524
7.55238
4.2381
6.07619
7.62857
5.21905
7.7619
7.77143
9.8
8.08571
5.58095
7.64762
5.46667
6.57143
11.9905
10.6762
7.30476
8.6381
5.2381
6.08571
10.7619
5.9619
5.69524
6.74286
7
4.3619
9.92381
5.58095
7.26667
6.5619
4.94286
8.20952
7.38095
8.05714
10.3333
8.27619
7.91429
7.14286
9.44762
6.61905
6.87619
10.581
6.55238
6.41905
5.88571
8.41905
8.60952
4.85714
7.9619
7.93333
10.1905
6.82857
5.5619
11.019
8.20952
11.3905
10.8381
8.01905
10.0571
6.84762
7.49524
4.65714
8.22857
8.02857
8.89524
8.87619
5.14286
6.74286
7.1619
11.4
5.21905
7.90476
5.2
4.46667
5.81905
7.70476
10.8857
4.57143
7.86667
6.22857
7.3619
5.54286
7.94286
8.20952
7.41905
6.30476
6.11429
6.59048
10.1524
12.0476
9.07619
5.64762
7.28571
4.42857
4.48571
4.46667
8.68571
5.29524
4.66667
9.88571
8.49524
7.41905
7.17143
5.80952
5.95238
6.50476
4.42857
6.94286
4.30476
7.32381
10.0762
7.89524
11.8381
8.29524
7.11429
6.02857
6.1619
4.44762
4.54286
7.69524
4.71429
8.65714
9.15238
9.66667
7.35238
8.30476
4.30476
5.82857
7.02857
9.46667
8.52381
8
8.1619
6.17143
7.8
6.64762
8.57143
7.42857
10.0667
6.14286
9.38095
5.4381
4.40952
8.71429
7.25714
6.49524
8.41905
5.47619
6.04762
7.33333
8.99048
9.09524
4.3619
9.95238
13.8286
6.54286
7.73333
13.0667
6.90476
7.06667
6.00952
6.55238
6.48571
8.9619
6.1619
9.4381
7.65714
9.61905
4.39048
6.26667
5.5619
8.19048
5.78095
7.10476
4.11429
8.3619
5.64762
10.6952
6.89524
7.64762
7.46667
4.38095
5.81905
6.85714
5.77143
5.86667
8.48571
5.4381
4.30476
7.01905
7.02857
6.73333
7.54286
7.49524
5.33333
9.15238
6.75238
5.40952
8.17143
4.66667
8.31429
6.47619
6.57143
6.44762
8.6
7.95238
7.68571
6.88571
5.10476
8.02857
8.13333
5.78095
5.9619
5.92381
5.98095
6.74286
11
7.59048
5.27619
10.4762
12.3143
5.81905
4.6
8.70476
4.47619
10.8857
12.1524
7.41905
10.1714
9.4
6.57143
6.50476
6.5619
4.95238
8.88571
9.41905
8.8
6.12381
8.84762
6.24762
9.26667
5.55238
7.79048
9.07619
5.07619
9.31429
8
5.7619
8.79048
5.15238
6.86667
6.53333
6.34286
5.33333
10.6857
6.05714
4.94286
6.67619
4.59048
10.7905
7.02857
9.15238
8.37143
5.05714
8.06667
7.19048
4.4
10.7238
5.40952
11.0857
7.12381
10.9143
4.70476
6.37143
6.68571
6.68571
6.09524
8.39048
10.6667
7.72381
4.6
8.09524
5.67619
10.1048
11.3048
7.10476
11.4857
7.54286
6.5619
7.25714
9.24762
5.50476
8.29524
5.75238
7.1619
5.78095
7.48571
6.40952
4.27619
9.33333
10.819
7.37143
5.82857
6.25714
10.3429
8.11429
11.6
11.419
6.42857
6.51429
7.27619
8.15238
7.72381
7.44762
4.73333
4.33333
4.48571
11.0381
4.82857
8.3619
7.15238
5.44762
6.75238
6.55238
7.82857
9.35238
5.8381
4.4
12.0571
4.51429
4.47619
7.95238
9.73333
6.58095
6.98095
10.2
9.40952
12.8667
8.13333
8.27619
8.4
8.72381
10.019
4.28571
7.24762
7.59048
5.44762
4.39048
5.89524
5.81905
6.40952
5.92381
5.86667
4.41905
9.97143
7.41905
7.81905
10.1619
7.60952
6.32381
4.24762
9.88571
10.2476
7.2381
5.24762
9.19048
6.92381
7.0381
7.04762
10.7048
6
8.14286
7.62857
5.15238
4.53333
9.6
7.39048
8.30476
6.3619
4.29524
4.35238
12.1619
7.3619
5.69524
6.27619
11.7333
6.4
5.88571
8.08571
4.13333
4.72381
10.5333
4.40952
4.48571
4.4
7.92381
4.74286
6.81905
4.40952
7.93333
7.88571
6.31429
4.93333
9.41905
8.94286
7.6381
4.11429
8.26667
7.92381
7.49524
8.44762
8.48571
6.25714
4.51429
8.07619
7.81905
7.20952
6.98095
6.81905
4.62857
5.9619
4.47619
5.19048
4.9619
6.92381
7.5619
5.19048
6.70476
8.64762
7.89524
4.80952
11.0286
8.49524
6.5619
9.02857
7.90476
7.72381
6.71429
4.2
6.90476
8.19048
8.53333
10.9524
4.27619
8.97143
9.97143
4.59048
5.4
11.0286
10.4762
4.24762
5.66667
8.35238
9.53333
6.35238
8
9.44762
10.1143
9.54286
10.4857
6.94286
11.4857
6.8381
5.98095
4.78095
5.68571
9.48571
5.75238
5.6381
10.3238
6.99048
9.6381
5.47619
4.31429
12.0381
6.68571
10.2381
11.2381
6.34286
5.07619
4.57143
8.73333
8.12381
6.20952
10.5714
4.26667
7.59048
8.67619
7.81905
8.11429
10.4667
8.66667
7.5619
7.80952
7.15238
10.3048
6.09524
9.33333
5.82857
6.32381
6.14286
6.35238
8.14286
5.29524
6.9619
7.00952
5.27619
4.64762
11.7238
4.1619
4.38095
5.29524
7.06667
8.15238
10.5333
8.55238
7.54286
9.29524
6.65714
5.81905
4.22857
9.17143
5.95238
5.41905
10.7905
4.7619
6.42857
9.74286
8.14286
7.87619
6.86667
7.53333
6.73333
4.45714
6.57143
5.39048
4.28571
8.80952
8.5619
5.95238
6.55238
10.9524
10.2667
9.46667
8.18095
4.48571
6.48571
7
7.24762
8.4
7.18095
8.80952
9.34286
6.0381
5.69524
8.79048
9.09524
6.32381
6.51429
6.70476
6.30476
7.51429
5.49524
8.10476
7.89524
9.54286
9.24762
5.99048
11.0952
4.2381
5.49524
8.19048
4.66667
7.54286
4.50476
11.1429
8.17143
6.99048
8.22857
5.30476
9.34286
7.42857
4.41905
5.69524
6.69524
5.59048
7.68571
11.2667
6.71429
6.60952
6.35238
6.39048
4.85714
5.26667
8.91429
5.88571
4.66667
5.81905
7.81905
7.97143
5.37143
12.1143
9.04762
6.93333
10.5143
4.6
7.6
4.67619
10.6571
9.22857
10.6667
11.0571
8.93333
6.06667
5.11429
9.02857
8.75238
6.4
8.95238
9.5619
7.22857
6.2
9.73333
8.55238
5.82857
10.3619
7.4
6.17143
10.1143
8.8381
6.13333
11.5619
5.46667
5.71429
8.73333
6.79048
7.1619
4.61905
11.5429
6.82857
8.93333
10.3429
9.8381
9.10476
5.47619
6.87619
5.41905
5.9619
5.05714
12.6
7.37143
4.44762
5.1619
5.78095
5.69524
6.60952
5.21905
5.67619
7.53333
7.4381
4.89524
4.44762
7.69524
4.61905
7.65714
5.60952
9.3619
7.13333
9.14286
8.00952
5.38095
7.51429
10.5619
5.27619
6.97143
7.38095
7.50476
7.31429
10.3714
7.99048
4.82857
10.4571
7.94286
4.55238
5.09524
6.32381
7.58095
6.66667
6.01905
5.04762
11.2952
6.40952
4.75238
6.19048
9.85714
12.1429
6.06667
7.91429
6.7619
10.5429
7.68571
8.02857
4.62857
8.85714
6.92381
11.0762
6.25714
5.08571
8.39048
6.95238
10.781
5.8381
5.89524
12.0857
6.93333
14.2762
7.07619
6.50476
8.53333
6.80952
6.00952
8.81905
7.7619
5.82857
10.1333
4.47619
5.85714
8.49524
6.07619
4.75238
9.2
8.17143
7.6381
7.45714
6.95238
10.7238
9.90476
5.42857
6.07619
4.20952
4.48571
4.54286
7.38095
11.7905
6.5619
7.64762
8.35238
6.67619
5.85714
9.13333
5.01905
8.48571
7.62857
4.50476
7.90476
5.72381
7.59048
4.39048
6.71429
7.97143
10.0667
7.57143
4.7619
4.99048
6.4381
6.46667
9.62857
9.68571
7.77143
11.1905
7.72381
5.72381
8.29524
6.93333
8.86667
9.20952
8.99048
6.29524
6.13333
9.14286
4.61905
10.5238
10.1714
10.0857
7.94286
11.4762
6.53333
10.2952
9.57143
8.31429
7.26667
5.51429
4.81905
22.2
6.00952
5.50476
10.1429
6.28571
7.10476
8.47619
9.97143
5.6
9.8381
8.0381
4.78095
4.50476
9.81905
4.2
4.53333
8.0381
9.74286
4.47619
6.64762
9.51429
8.29524
12.0762
8.9619
7.40952
4.35238
7.13333
5.32381
9.53333
5.89524
8.86667
7.10476
4.41905
5.77143
5.40952
5.57143
4.47619
4.18095
5.2
6.25714
8.78095
8.08571
4.69524
7.40952
6.98095
6.51429
7.06667
8.62857
4.5619
6.55238
4.39048
8.81905
10.1333
10.0952
7.04762
6.81905
10.3048
9.87619
10.5333
5.35238
7.94286
8.11429
7.87619
4.59048
4.75238
5.33333
7.26667
8.35238
9.4
10.7238
7.66667
7.93333
7.1619
4.32381
7.30476
8.91429
5.59048
7.42857
8.86667
6.27619
7.95238
4.41905
4.14286
7.85714
7.49524
9.14286
4.47619
8.30476
8.97143
9.64762
7.40952
11.0952
8.97143
4.52381
6.45714
12.9333
11.4571
6.79048
7.68571
9.89524
6.64762
7.33333
7.94286
7.12381
11.5238
7.66667
7.99048
7.79048
7.15238
10.981
4.1619
6.4
5.75238
7.18095
6.87619
7.88571
7.38095
6.74286
5.58095
7.67619
6.7619
6.13333
5.06667
5.2
7.11429
6.58095
7.20952
4.52381
8.02857
7.81905
7.93333
6.6
7.71429
7.28571
4.81905
7.19048
7.08571
4.68571
7.0381
10.4381
8.44762
6.06667
6.12381
5.40952
7.06667
6.22857
6.28571
8.48571
7.55238
6.77143
8.7619
7.88571
6.17143
7.90476
6.41905
4.47619
7.92381
5.59048
12.4667
6.61905
6.48571
4.99048
4.42857
8.89524
4.15238
8.75238
9.19048
6.37143
7.44762
5.13333
9.20952
5.53333
7.92381
5.40952
8.95238
6.87619
4.37143
8.39048
9.62857
7.68571
6.89524
5.73333
4.50476
5.01905
6.73333
6.17143
6.50476
6.42857
5.53333
9.8381
7.39048
9.42857
9.26667
10.3619
8.6
8.46667
7.04762
13.2857
5.71429
8.62857
9.67619
7.75238
7.66667
6.17143
4.68571
4.45714
9.55238
4.86667
6.8381
4.6
6.00952
10.4381
7.20952
9.20952
7.89524
4.32381
6.08571
7.32381
4.39048
5.61905
6.4381
6.84762
7.27619
7.24762
4.27619
6.69524
8.24762
4.7619
5.44762
6.14286
7.77143
11.1238
7.11429
10.4095
8.6
6.8381
4.47619
6.94286
5.91429
4.24762
8.3619
4.75238
7.09524
10.9143
8.21905
8.93333
6.58095
4.87619
11.9714
4.46667
9.58095
10.2952
7.8
6.32381
7.9619
9.88571
8.10476
4.2381
5.13333
8.12381
4.55238
8.2381
4.46667
7.62857
7.44762
8.2
11.1619
11.019
9.82857
4.4
6.49524
6.02857
8.58095
4.18095
5.10476
8.24762
8.72381
4.4
5.81905
4.39048
5.22857
9.29524
10.781
5.39048
9.08571
4.62857
8.82857
8.01905
5
4.52381
6.8
7.54286
7.10476
11.5429
9.71429
4.38095
9.69524
10.381
4.20952
8.2381
5.86667
6.38095
7.94286
4.58095
12.0952
6.29524
8.78095
9.2381
4.47619
4.35238
12.6476
7.42857
6.5619
11.3333
7.62857
4.35238
7.46667
5.53333
4.26667
8.8
5.49524
6.20952
6.70476
8.21905
6.55238
5.40952
7.3619
8.2
8.4
8.77143
10.1714
6.8381
7.4
12.9714
6.61905
9.5619
7.6
6.26667
4.58095
4.65714
5.28571
6.98095
4.26667
8.34286
8.64762
6.78095
5.78095
4.09524
5.69524
7.07619
7.09524
9.28571
4.68571
6.21905
8.79048
9.75238
6.72381
7.38095
7.12381
11.0857
5.8381
5.89524
6.73333
9.12381
9.8381
8.65714
5.62857
9.4
6.39048
7.91429
4.53333
4.28571
7.6381
6.6381
9.49524
7.11429
11.2667
7.86667
5.94286
6.18095
6.99048
4.41905
7.07619
12.1714
9.32381
8.06667
6.94286
9.00952
7.9619
8.22857
6.08571
4.47619
7.97143
5.40952
5.8381
7.21905
8.40952
7.91429
5.1619
6.45714
8.11429
8.80952
7.29524
8.69524
6.5619
5.15238
8.11429
5.41905
5.88571
4.52381
11.019
4.34286
10.2952
10.8381
5.30476
5.1619
5.15238
11.1524
7.05714
10.2857
4.15238
6.89524
4.92381
8.12381
7.75238
7.30476
4.19048
9.19048
7.77143
8.84762
9.66667
7.80952
8.2
7.26667
6.07619
6.88571
10.9524
4.6381
10.7905
9.10476
5.38095
12.3429
7.28571
5.88571
4.2
9.59048
6.51429
6.66667
4.35238
8.33333
6.02857
5.75238
4.37143
10.9905
8.75238
10.8
5.27619
4.24762
10.1524
14.1333
6.4
7.7619
7.11429
9.14286
6.80952
6.60952
5.64762
9.50476
4.59048
4.66667
8.66667
6.82857
10.6476
9.31429
10.5905
4.60952
5.98095
11.181
4.54286
10.0571
6.2381
8.9619
5.46667
10.9524
7.08571
9.74286
4.74286
5.6
9.10476
5.61905
5.58095
8.18095
8.15238
6.20952
6.93333
11.5048
12.7238
5.61905
7.81905
6.88571
4.34286
7.47619
6.73333
10.2762
5.37143
5.87619
7.92381
8.65714
7.24762
5.24762
4.33333
6.72381
5.82857
7.2
5.91429
7.02857
6.61905
8.74286
5.84762
7.2381
6.39048
7.49524
8.6381
7.95238
8.08571
4.31429
11.381
5.09524
6.66667
5.2381
5.52381
6.47619
7.15238
8.12381
7.34286
6.32381
10.3048
5.98095
4.44762
7.69524
5.2
4.60952
4.87619
7.88571
5.7619
7.44762
4.72381
10.3143
5.54286
6.62857
4.49524
8.09524
6.51429
8.47619
7.40952
5.4
8.50476
6.06667
4.45714
5.44762
7.45714
6.82857
8.77143
4.10476
4.28571
4.14286
7.4381
5.35238
6.79048
9.00952
7.06667
6.88571
8.15238
6.30476
6.88571
9.7619
7.29524
4.24762
4.34286
5.30476
4.64762
6.48571
7.0381
6.26667
8.12381
9.2
7.71429
7.68571
9.77143
5.77143
7.50476
6.24762
7.14286
5.32381
7.86667
4.41905
9.1619
4.19048
6.26667
6.52381
8.25714
4.34286
5.02857
7.98095
6.52381
7.0381
5.04762
12.3619
10.3619
9.55238
4.41905
5.97143
8.50476
4.26667
5.86667
5.34286
8.60952
10.019
5.8
4.29524
5.98095
6.31429
6.89524
10.8952
6.81905
5.81905
8.17143
6.97143
9.17143
5.92381
5.78095
6.12381
5.94286
5.10476
5.31429
7.45714
4.24762
6.32381
7.8
7.99048
6.80952
10.0857
7.62857
8.6381
7.45714
7.14286
7.64762
4.68571
4.62857
8.11429
11.3238
5.06667
7.97143
10.5143
7.78095
7.61905
4.42857
6.77143
7.39048
7.45714
8.98095
4.35238
8.26667
9.50476
5.4381
5.74286
4.37143
7.59048
6.92381
5.64762
7.24762
7.93333
7.2
5.07619
9.17143
11.7619
6.65714
8.7619
8.77143
4.44762
33.3143
5.05714
8.28571
6.2381
7.95238
9.42857
5.17143
5.44762
5.9619
4.11429
9.09524
4.37143
9.52381
5.62857
9.09524
11.9905
4.39048
9.00952
5.04762
8.19048
6.04762
5.37143
6.30476
7.66667
7.61905
4.51429
8.81905
12.3905
8.82857
9.57143
10.0667
13.9429
8.97143
8.13333
7.34286
6.86667
10.6857
7.55238
7.30476
7.47619
9.86667
10.6857
7.34286
9.70476
4.81905
7.05714
8.38095
9.65714
4.53333
6.51429
5.1619
8.52381
6.99048
5.4381
9.12381
6.15238
7.55238
8.46667
9.29524
7.85714
5.93333
6.78095
5.84762
4.6381
6.57143
9.12381
4.50476
5.77143
9.2381
7.31429
6.28571
4.59048
5.49524
4.27619
6.91429
8.38095
8.61905
7.06667
5.2381
9.60952
6.73333
7.9619
5.04762
4.44762
4.67619
7.6
8.46667
6.91429
8.27619
11.6571
6.81905
5.90476
6.10476
7.5619
8.87619
12.0571
8.09524
6.90476
4.94286
8.20952
5.27619
5.42857
10.4571
8.06667
6.17143
4.48571
8.12381
7.32381
6.26667
6.95238
7.50476
7.38095
4.37143
7.25714
5.8381
4.85714
7.6381
6.67619
8.78095
4.35238
7.40952
4.58095
8.27619
7.04762
9.44762
9.00952
8.95238
7.75238
6.59048
10.8667
10.7143
5.52381
7.24762
4.24762
10.6286
8.61905
6.68571
7.58095
9.13333
7.70476
5.91429
10.1905
10.9143
6.54286
7.05714
8.61905
8.06667
6.34286
4.37143
5.84762
4.39048
10.7429
4.2381
7.11429
9.25714
5.62857
5.3619
8.44762
4.55238
7.66667
8.87619
4.93333
8.33333
6.48571
5.34286
4.91429
8.24762
5.82857
7.38095
8.17143
8.35238
6.67619
8.61905
11.7143
7.7619
4.67619
4.31429
9.4
8.28571
6.08571
4.91429
5.85714
5.80952
8.20952
6.82857
7.09524
10.2
4.59048
9.90476
4.5619
4.61905
7.00952
4.85714
5.28571
4.67619
12.0857
6.15238
4.55238
8.42857
7.49524
8.45714
5.21905
8.54286
7.82857
6.1619
6.61905
7.01905
6.71429
8.75238
4.4
9.40952
4.84762
10.981
4.78095
8.33333
7.08571
12.4667
6.89524
9.12381
9.45714
6.09524
6.45714
5.71429
8.26667
10.0857
4.58095
5.10476
6.04762
7.30476
8.33333
6.67619
7.06667
8.21905
4.38095
7.51429
8.80952
6.4381
8.06667
5.74286
8.06667
7.04762
6.46667
6.65714
9.15238
5.20952
8.62857
4.44762
4.26667
6.00952
4.50476
12.3333
5.4
6.49524
9.7619
4.44762
7.3619
5.18095
4.47619
4.49524
8.31429
5.77143
7.65714
4.45714
9.31429
6.14286
11.1238
10.9048
8.07619
8.39048
6.50476
6.48571
8.08571
8.75238
9.66667
4.34286
8.30476
4.98095
9.14286
9.2381
6.4
6.01905
5.08571
9.93333
9.94286
7.50476
5.51429
7
9.25714
6.52381
7.27619
10.6381
6.58095
6.80952
8.49524
5.33333
7.4
6.80952
6.6381
9.8381
7.7619
7.87619
7.92381
8.19048
9.41905
6.53333
6.57143
4.28571
6.05714
4.57143
8.24762
13.1143
6.05714
4.54286
6.39048
9.34286
7.14286
8.4
6.73333
7.18095
4.54286
8.98095
9.93333
12.1333
10.2095
9.08571
7.62857
6.72381
7.54286
9.26667
5.44762
9.0381
6.42857
7.89524
12.1048
6.05714
6.98095
4.06667
9.24762
6.54286
5.00952
6.77143
6.82857
10.7619
6.3619
6.70476
7.8
12.3048
4.26667
8.14286
7.06667
5.46667
7.80952
8.73333
8.92381
13.1905
9.65714
7.30476
7.33333
6.02857
7.71429
8.31429
4.31429
5.89524
6.53333
7.85714
5.06667
8.81905
8.11429
6.90476
9.54286
9.32381
4.3619
9.18095
7.09524
6.94286
6.7619
8.17143
8.07619
7.07619
5.47619
7.99048
7.11429
5.66667
12.0286
5.84762
10.8476
6.02857
9.64762
6.80952
6.44762
6.37143
5.8381
5.0381
7.37143
4.49524
5.68571
4.19048
7.58095
6.41905
8.50476
7.66667
7.75238
5.5619
4.94286
5.06667
13.1143
5.93333
4.59048
5.86667
8.68571
5.00952
9.90476
5.22857
4.15238
6.74286
9.0381
5.37143
8.19048
13.6381
7.69524
10.4571
5.99048
6.54286
9.84762
6.67619
6.21905
8.58095
7.71429
6.66667
7.05714
4.82857
8.12381
11.0952
9.19048
6.46667
5
6.39048
5.54286
5.77143
6.8
4.60952
7.02857
11.019
6.98095
6.07619
8.49524
5.58095
4.40952
9.45714
9.64762
5.91429
6.17143
8.75238
4.19048
7.66667
4.7619
6.74286
9.73333
7.65714
8.71429
4.50476
6.85714
5.12381
4.40952
4.79048
9.25714
6.45714
6.4381
4.65714
7.48571
4.30476
7.15238
6.54286
4.2381
7.77143
8.91429
6.99048
7.94286
4.59048
5.67619
6.12381
4.58095
7.35238
6.31429
8.04762
5.91429
8.39048
7.89524
6.0381
8.8381
8.95238
16.5048
7.68571
7.48571
8.67619
9.97143
8.27619
8.38095
7.31429
14.0857
6.65714
5.51429
6.65714
6.32381
8.48571
5.11429
6.04762
5.05714
8.34286
7.10476
4.46667
6.26667
8.09524
7.28571
9.79048
7.78095
11.5238
7.01905
9.88571
4.41905
6.85714
4.67619
7.39048
7.60952
10.6667
9.68571
9.69524
8.45714
9.7619
5.13333
4.69524
5.13333
8.12381
6.44762
8.39048
6.1619
8.81905
7.8381
8.44762
10.4
6.21905
10.1143
8.24762
9.57143
9.1619
7.02857
8.10476
8
11.0476
6.52381
8.3619
4.94286
7.55238
4.4381
7.9619
12.4952
6.75238
7.06667
6.44762
4.6381
8.84762
5.7619
5.44762
5.61905
6.46667
10.8571
7.46667
8.5619
6.85714
6.2
9.64762
4.38095
4.30476
7.55238
6.35238
6.14286
6.82857
8.88571
11.619
7.31429
7.41905
7.61905
6.48571
4.51429
4.80952
10.3619
8.41905
6.61905
4.48571
5.51429
8.68571
9.41905
4.68571
5.41905
7.8
8.68571
5.91429
7.62857
6.8381
8.42857
5.13333
4.80952
6.71429
7.5619
4.48571
4.4
4.45714
6.33333
5.26667
6.95238
8.80952
5.0381
13.3429
7.4381
7.11429
4.42857
6.42857
7.72381
8.40952
10.0095
6.4
9.15238
6.01905
7.4381
9.77143
5.81905
5.45714
8.01905
4.64762
7.27619
7.11429
5.64762
10.5048
9.42857
9.82857
7.13333
7.28571
4.29524
6.6
4.66667
6.24762
4.42857
10.781
6.85714
4.99048
4.58095
6.4
7.29524
7.35238
7.12381
4.07619
8.10476
7.5619
7.29524
7.79048
6.70476
5.24762
7.13333
8.94286
10.4571
4.4381
15.7333
5.07619
5.6
6.87619
5.97143
6.09524
6.90476
5.10476
9.93333
6.48571
5.69524
6.62857
4.46667
7.66667
7.2
8.39048
6.91429
7.11429
9.24762
9.07619
8.21905
7.25714
4.27619
7.00952
4.69524
4.38095
7.40952
7.31429
8.61905
6.01905
8.11429
4.81905
5.40952
10.6381
9.37143
4.4
9.48571
8.47619
9.39048
7.4
5.60952
8.67619
7.93333
5.01905
10.3333
5.33333
6.41905
6.77143
5.72381
9.75238
5.0381
8.57143
9.19048
4.70476
9.49524
6.01905
7.78095
11.6
6.88571
4.54286
5.50476
5.60952
7.24762
5.39048
6.5619
6.25714
6.14286
4.8
5.48571
8.41905
8.48571
6.20952
12.1143
5.75238
4.59048
10.0476
4.26667
5.50476
6.91429
7.13333
8.46667
4.30476
8.52381
5.73333
5.71429
11.3238
11.6667
5.34286
4.53333
8.01905
6.13333
7.5619
9.22857
4.60952
5.67619
4.54286
8.02857
7.48571
9.67619
6.61905
10.8381
4.30476
6.22857
6.90476
16.2857
9.66667
6.45714
5.70476
4.46667
6.52381
4.38095
10.8667
7.42857
10.8571
7.64762
6.61905
9.46667
8.21905
6.51429
7.18095
10.8095
8.0381
4.8381
7.25714
7.10476
10.3048
7.1619
6.40952
7.11429
9.85714
9.74286
9.28571
10.1714
5.55238
8.04762
10.8286
7.1619
7.13333
4.4
7.05714
4.57143
5.53333
4.25714
10.6286
4.79048
9.42857
12.5714
5.86667
10.5714
5.37143
6.26667
4.71429
5.8381
9
4.37143
5.27619
9.82857
12.5429
5.89524
9.42857
8.17143
11.0857
8.09524
8.80952
4.75238
6.18095
7.75238
10.7714
8.20952
4.98095
5.79048
4.62857
5.93333
5.14286
4.35238
6.79048
6.06667
9.68571
4.6381
8.81905
7.69524
8.4
7.2381
9.71429
10.4571
6.2
6.60952
7.5619
5.86667
9.37143
4.74286
4.2
6.6
4.4381
6.6381
7.04762
9.42857
7.14286
7.31429
10.4476
6.72381
8.82857
6.69524
8.0381
9.44762
8.60952
8.67619
12.3333
8.21905
5.26667
5.49524
7.51429
8.57143
7.08571
9.54286
6.92381
4.24762
8.69524
12.5524
9.41905
5.82857
9.54286
8.98095
8.44762
7.55238
7.5619
9.61905
4.29524
8.5619
4.60952
8.40952
8.38095
6.81905
6.13333
8.53333
7.01905
9.62857
10.8667
4.71429
6.95238
10.1429
8.57143
11.819
7.88571
7.0381
4.81905
4.61905
9.52381
9.64762
4.60952
9.6381
13.7619
11.1238
11.9524
8.55238
6.32381
7.99048
6.9619
4.49524
5.99048
5.01905
6.93333
5.07619
4.28571
4.47619
7.34286
7.9619
11.3333
7.78095
4.39048
5.68571
7.66667
7.05714
4.27619
4.49524
8.45714
7.77143
10.5714
8.50476
7.30476
7.98095
8.50476
8.52381
7.97143
8.33333
11.7143
9.1619
12.819
6.7619
6.94286
4.48571
5.19048
8.11429
10.3714
6.7619
9.47619
6.97143
6.89524
7.19048
7.73333
5.37143
4.40952
5.46667
5.38095
4.19048
8.10476
4.71429
4.74286
5.64762
10.8095
9.68571
5.94286
6.07619
4.4381
4.37143
6.09524
5.53333
6.40952
8.68571
4.0381
7.90476
6.41905
6.79048
5.79048
4.53333
11.0286
7.27619
9.73333
7.80952
8.04762
7.61905
6.58095
7.08571
7.97143
11.0857
6.48571
7.54286
4.6381
7.68571
8.14286
4.53333
9.75238
8.08571
5.44762
5.85714
4.38095
4.71429
7.47619
9.19048
7.02857
7.08571
6.09524
6.69524
10.2476
8.62857
7.44762
5.69524
10.3048
4.48571
6.61905
9.99048
5.39048
4.62857
5.8381
8.37143
5.73333
7.42857
6.6381
8.53333
6.93333
6.73333
5.25714
4.72381
9.2
7.9619
8.38095
7.50476
6.29524
5.8
5.00952
8.8381
6.58095
5.01905
6.15238
8.35238
4.80952
5.74286
8.85714
4.42857
4.19048
6.9619
6.62857
7.68571
9.24762
6.27619
8.99048
5.01905
9.1619
5.6381
9.39048
7.17143
4.65714
4.11429
4.47619
5.62857
5.42857
5.26667
6.09524
11.6286
7.22857
8.10476
13.6095
10.1143
5.54286
12.2762
7.98095
8.29524
10.8095
5.88571
11.0762
8.71429
4.54286
8.93333
7.59048
10.7238
10.6667
6.24762
6.2381
7.17143
6.85714
8.60952
5.42857
5.49524
5.51429
12.3619
6.12381
4.1619
8.85714
7.14286
4.50476
6.15238
6.97143
6.5619
9.69524
9.08571
4.5619
5.33333
6.13333
6.80952
6.17143
9.28571
7.52381
8.84762
8.57143
7.38095
7.29524
4.4
7.5619
8.05714
7.50476
9.7619
4.22857
6.28571
7.37143
9.27619
7.29524
4.60952
9.71429
6.24762
13.2286
8.44762
9.95238
7.37143
6.20952
7.6381
10.4
4.30476
8.04762
7.88571
4.41905
6.33333
11.0857
9
4.39048
4.77143
5.3619
4.10476
9.89524
7.6381
7.07619
14.4095
7.28571
11.5048
12.3714
8.87619
8.75238
4.72381
6.31429
8.70476
5.42857
6.19048
7.2
7.6381
5.45714
4.74286
7.4381
7.77143
4.69524
5.54286
8.18095
6.81905
6.15238
8.81905
7.1619
9.64762
7.2
4.51429
8.34286
6.93333
7.8
6.07619
6.5619
6.62857
10.4
8.79048
10.1048
8.27619
8.50476
7.24762
6.26667
13.5905
7.02857
7.2
5.49524
4.74286
5.12381
6.25714
5.28571
5.80952
4.11429
6.04762
5.93333
4.92381
7.08571
7.91429
8.20952
7.20952
7.65714
8.78095
6.8
6.82857
4.4
5.41905
12.2952
5.29524
4.73333
5.54286
5.53333
10.3905
4.49524
6.14286
7.2381
6.77143
9.58095
6.13333
6.38095
4.26667
6.22857
4.64762
5.57143
7.41905
6.79048
8.45714
7.4381
5.69524
5.64762
9.20952
6.88571
10.3714
5.67619
8.91429
7.78095
7.98095
6.79048
6.29524
8.33333
6.41905
7.89524
9.55238
5.75238
7.65714
9.07619
7.5619
9.26667
6.71429
6.39048
6.31429
4.62857
5.8
4.86667
7.21905
12.8667
4.4381
6.99048
5.60952
9.06667
8.04762
8.21905
7.4381
10.4857
6.78095
4.41905
6.08571
7.14286
9.78095
7.18095
10.419
4.8
8.89524
7.35238
4.60952
9.89524
7.11429
4.46667
5.07619
4.80952
7.21905
6.58095
6.79048
7.58095
11.3714
6.35238
8.8
7.38095
6.21905
6.51429
8.49524
8.41905
4.95238
9.12381
4.2
9.27619
5.91429
11
10.0476
6.08571
7.75238
7.17143
9.59048
4.35238
4.29524
5.8381
7.10476
5.27619
7.61905
7.34286
5.60952
9.82857
6.05714
5.40952
4.73333
6.86667
5.08571
7.97143
7.37143
6.65714
8.22857
7.20952
6.33333
6.85714
7.50476
7.82857
8.97143
4.21905
6.84762
5.18095
7.47619
6.27619
4.4
10.5143
5.1619
4.67619
6.19048
6.70476
4.2381
6.14286
7.44762
4.95238
8.86667
4.26667
8.1619
5.07619
8.34286
6.9619
8.99048
4.18095
7.61905
7.08571
7.57143
8.5619
8.08571
4.99048
6.50476
5.78095
4.26667
8.24762
10.0762
6.74286
4.6
7.05714
6.34286
5.40952
8.05714
4.29524
4.60952
11.4857
13.0762
8.14286
9.24762
9.72381
5.9619
4.65714
5.6
5.51429
8.55238
4.22857
11.1905
6.46667
8.69524
5.61905
4.80952
10.9714
4.74286
9.91429
5.19048
7.71429
6.19048
5.69524
8.68571
7.05714
4.40952
4.68571
4.31429
6.77143
7.2
4.53333
7.06667
5.93333
10.3333
5.06667
7.79048
6.24762
4.48571
4.61905
8.45714
11.7619
5.12381
6.8381
6.5619
8.67619
8.72381
4.66667
7.94286
8.27619
8.75238
5.90476
4.82857
7.75238
10.1905
11.4
6.6381
9.27619
6.87619
6.18095
7.81905
5.44762
7.69524
7.05714
6.20952
5.24762
8.27619
6.77143
4.7619
7.12381
4.35238
7.4
8.33333
6.77143
6.80952
13.6857
9.07619
7.61905
5.25714
5.94286
5.89524
6.50476
6.1619
9.18095
10.0476
5.69524
7.12381
9.85714
6.33333
7.46667
8.0381
6.4381
6.74286
5.82857
10.8857
4.45714
6.87619
5.97143
6.29524
6.92381
7.3619
6.60952
5.91429
4.87619
5.78095
7.62857
5.82857
4.42857
5.3619
4.71429
6.39048
5.46667
9.24762
8.2
4.42857
9.17143
5.6381
7.90476
4.8
7.50476
9.45714
7.78095
6.06667
4.88571
6.62857
7.69524
5.71429
5.88571
5.19048
5
7.31429
9.06667
6.07619
5.88571
5.80952
5.70476
7.2
12.4381
5.68571
5.02857
6.55238
7.98095
8.02857
6.9619
4.34286
4.27619
9.62857
5.59048
11.3619
6.06667
9.0381
5.4381
6.48571
5.81905
7.81905
9.15238
7.9619
13.4762
6.95238
8.19048
6.11429
4.3619
4.14286
9.79048
8.14286
7.20952
5.27619
7.99048
6.93333
7.92381
9.09524
4.54286
6.57143
6.07619
6.45714
7.78095
7.26667
8.09524
9.75238
5.58095
6.20952
4.70476
4.22857
4.6
5.25714
10.3048
4.46667
7.48571
5.81905
5.27619
6.11429
4.62857
6.80952
12.419
5.60952
4.34286
6.01905
6.90476
9.8381
11.5524
9.21905
6.44762
9.87619
5.93333
7.13333
4.50476
6.48571
5.67619
4.74286
6.27619
8.06667
6
8.18095
8.5619
7.2381
7.2
5.75238
8.74286
7.44762
7.90476
6.54286
7.71429
7.45714
5.97143
9.29524
6.99048
11.4571
5.82857
5.48571
8.2
10.6571
8.09524
5.93333
5.42857
9.35238
5.46667
4.29524
10.5714
5.1619
7.55238
4.65714
9.21905
9.71429
7.84762
9.6381
5.93333
9.6
6.61905
8.33333
9.62857
10.1333
6.38095
4.34286
5.25714
9.06667
7.80952
7.15238
4.60952
6.98095
7.79048
9.12381
9.57143
7.67619
9.7619
11
9.01905
7.89524
5.02857
6.42857
7.75238
6.7619
5.46667
6.19048
4.91429
5.91429
6.33333
4.30476
8.39048
4.70476
7.7619
5.51429
5.15238
4.55238
6.21905
5.21905
5.91429
8.60952
10.7429
6.95238
4.47619
11.3619
8.4381
9.39048
5.97143
9
5.2
6.89524
6.99048
5.93333
7.42857
7.00952
4.89524
5.51429
7.27619
5.65714
6.35238
7.87619
7.53333
6.80952
4.37143
9.82857
8.38095
5.47619
4.59048
7.81905
7.2
10.2381
4.42857
7.68571
4.3619
10.5429
6.10476
6.49524
5.74286
7.47619
9.15238
4.60952
10.6381
5.62857
6.91429
12.4286
4.26667
4.87619
8.64762
7.61905
8.21905
6.62857
4.90476
4.65714
8.11429
4.5619
8.66667
4.37143
9.60952
5.22857
8.61905
4.74286
7.8
7.45714
8.99048
4.8381
9.51429
10.8762
5.87619
11.581
5.86667
4.18095
4.1619
9.49524
11.3048
6.61905
7.72381
6.81905
7.82857
4.39048
9.31429
5.52381
6.42857
7.67619
7.26667
8.18095
7.06667
5.62857
5.94286
8.67619
6.4381
5.47619
9.29524
8.30476
9.14286
9.64762
9.1619
11.8667
8.68571
12.0095
6.19048
6.34286
8.37143
5.07619
4.4381
4.69524
13.0667
6.26667
8.88571
6.89524
9.32381
4.4
5.70476
5.48571
6.35238
6.18095
8.94286
10.6095
6.26667
7.53333
4.69524
5.00952
4.73333
5.91429
7.61905
5.92381
6.52381
10.0571
9.11429
9.88571
5.00952
4.28571
8.07619
4.80952
7.82857
4.48571
4.4
4.53333
7.45714
4.20952
4.57143
5.49524
5.61905
6.5619
6.61905
5.99048
7.04762
7.94286
8.52381
10.2095
9.05714
8.59048
7.14286
10.1619
6.49524
6.6381
6.50476
10.4762
6.52381
4.8
6.35238
4.15238
8.1619
10.2857
11.1905
8.25714
6.13333
5.91429
4.52381
5.99048
6.12381
4.55238
4.12381
4.8381
6.18095
6.94286
9.18095
4.5619
6.87619
8.45714
6.95238
6.02857
6.28571
8.53333
5.75238
6.31429
9.25714
8.04762
4.49524
11.0381
8
7.48571
5.33333
6.92381
6.81905
5.62857
10.6857
10.5905
4.31429
4.97143
6.12381
8.28571
10.1905
9.60952
6.61905
6.27619
7.1619
6.44762
9.1619
6.13333
9.82857
9.02857
5.54286
5.8
6.70476
10.1429
5.68571
4.45714
7.62857
5.45714
6.70476
5.80952
7.21905
4.75238
6.09524
5.06667
6.59048
4.22857
9.09524
6.87619
7.79048
8.06667
4.48571
9.15238
8.67619
10.0476
9.57143
9.41905
6.84762
4.44762
4.32381
5.27619
7.4
6.61905
8.57143
9.65714
9.14286
9.20952
6.35238
4.59048
4.8381
6.24762
6.17143
5.50476
5
6.26667
5.67619
8.88571
7.48571
4.73333
8.25714
9.46667
5.10476
10.619
6.81905
8.64762
7.21905
7.39048
7.5619
10.3333
11.9524
10.3238
6.79048
7.64762
4.67619
7.88571
4.49524
5.6381
5.73333
5.15238
6.51429
8.21905
6.33333
7.85714
4.47619
4.30476
7.5619
5.37143
9.84762
11.8476
5.2381
6.06667
7.85714
5.1619
7.87619
5.49524
6.67619
6.45714
4.54286
5.60952
5.80952
7.13333
7.79048
5.24762
4.71429
7.17143
4.9619
6.2
5.05714
4.49524
7.51429
5.95238
8.68571
7.98095
8.99048
5.07619
4.32381
6.34286
8.71429
6.77143
4.66667
6.80952
7.50476
6.74286
7.49524
5.69524
7.9619
7.53333
7.0381
4.46667
7.06667
4.55238
4.68571
6.26667
5.33333
7.45714
8.21905
9.52381
5.3619
4.77143
9.5619
4.71429
8.67619
10.2667
5.82857
7.89524
7.51429
4.85714
4.3619
8.4
4.94286
5.34286
10.3714
10.0857
7.8
5.77143
6.01905
6.52381
6.07619
4.49524
10.2476
11.5524
9.22857
4.40952
6.64762
6.8
8.85714
5.18095
7.04762
10.8857
11.0952
6.19048
10.1714
9.66667
5.10476
6.88571
8.78095
8.77143
4.65714
7.81905
4.89524
6.79048
10.4952
6.3619
6.46667
7.07619
5.80952
5.05714
8.7619
6.97143
5.58095
6.46667
6.1619
6.18095
5.68571
7.82857
4.54286
9.10476
5.87619
6.97143
6.1619
6.94286
4.91429
4.54286
4.1619
4.95238
9.59048
7.26667
5.88571
4.49524
5.4
4.59048
11.3048
5.20952
6.57143
5.25714
12.1619
9.30476
4.94286
6.57143
7.9619
8.95238
5.32381
4.30476
4.35238
4.93333
6.31429
4.5619
8.35238
11.1619
4.32381
10.9429
11.5714
4.7619
6.39048
6.62857
4.91429
6.77143
7.89524
5.68571
7.31429
5.70476
8.61905
7.58095
6.72381
7.57143
9.67619
4.75238
10.3429
7.70476
12.9048
4.41905
12.9619
11.6952
11.5524
10.7524
6.87619
4.42857
5.42857
6.70476
5.82857
7.32381
7.66667
5.69524
4.50476
4.30476
6.29524
4.78095
6.70476
10.7048
4.68571
4.33333
7.95238
8.25714
10.1238
9.14286
11.1714
6.75238
5.2381
7.57143
8.66667
7.00952
7.50476
6.65714
8.95238
5.84762
10.0476
5.89524
4.87619
6.18095
4.20952
4.1619
4.64762
7.78095
6.4381
4.2
9.66667
9.90476
7.13333
7.58095
6.00952
7.31429
7.51429
10.4857
5.72381
7.35238
8.40952
9.58095
9
4.67619
7.3619
6.61905
9.78095
8.55238
7.55238
9.17143
7.34286
5.81905
6.90476
5.70476
8.26667
8.30476
10.7429
6.94286
9.60952
8.42857
5.88571
5.17143
4.51429
7.40952
9.10476
8.32381
7.02857
8.40952
4.42857
6.34286
6.10476
8.50476
9.19048
4.74286
8.93333
6.81905
8.22857
8
5.6381
4.98095
4.5619
6.67619
4.44762
6.34286
4.85714
7.40952
4.51429
4.6
4.85714
5.62857
14.9905
8.88571
6.48571
6.29524
6.10476
4.6381
6.62857
7.9619
9.02857
4.41905
4.40952
6.11429
9.9619
6.4381
7.39048
6.69524
7.41905
6.65714
6.49524
7.81905
7.34286
7.41905
7.60952
9.04762
4.59048
4.6
7.81905
4.32381
7.1619
9.25714
13.0095
10.8762
8.89524
5.8
9.35238
9.99048
4.81905
4.32381
7.24762
4.68571
8.90476
5.95238
9.91429
8.37143
7.51429
8.45714
6.44762
4.28571
10.019
7.26667
5.35238
4.45714
6.01905
4.34286
5.40952
6.82857
11.1143
7.92381
9.24762
6.51429
5.90476
5.81905
10.6762
5.31429
8.44762
9.31429
7.2
9.81905
7.4381
11.1048
6.18095
4.2
6.00952
14.1905
7.74286
9.60952
10.8667
8.42857
5.57143
5.58095
6.92381
9.11429
4.57143
11.8286
11.381
8.24762
7.52381
8.3619
6.24762
7.12381
4.72381
8.89524
13.8762
5.74286
4.54286
10.6952
7.07619
8.27619
4.52381
6.29524
7.79048
11.3143
8.8
11.3524
7.08571
7.54286
6.50476
5.58095
8.85714
11.3905
6.32381
4.60952
6.98095
6.35238
9.45714
7.11429
5.2
4.47619
5.32381
4.3619
5.84762
5.65714
6.30476
5.33333
8.65714
4.59048
6.9619
5.31429
4.48571
4.65714
10.5429
4.28571
6.52381
4.73333
6.75238
7.81905
5.79048
6.28571
5.72381
9.60952
6.08571
7.39048
4.45714
10
5.0381
8.04762
7.20952
4.32381
6.37143
8.0381
9.79048
6.89524
8.52381
7.82857
12.2571
6.2
7.22857
4.45714
4.19048
4.57143
5.58095
8.92381
4.78095
7.75238
4.17143
4.71429
9.99048
8
5.86667
10.7048
5.24762
4.73333
6.97143
9.22857
4.77143
5.75238
5.80952
5.31429
6.27619
6.13333
8.22857
5.70476
5.18095
4.26667
4.25714
4.55238
7.52381
6.8381
7.25714
10.1619
7.1619
6.45714
5.41905
5.82857
10.6286
5.99048
6.70476
5.73333
6.25714
8.53333
8.68571
4.74286
6.57143
4.89524
7.80952
4.28571
12.7714
9.62857
4.47619
7.6
4.7619
8.33333
4.80952
4.25714
7.47619
8.78095
8.45714
6.64762
4.37143
6.45714
5.66667
5.05714
9.40952
8.53333
7.20952
5.6
6.27619
7.70476
5.33333
8.51429
6.10476
5.73333
4.2381
4.68571
4.22857
5.48571
4.85714
5.45714
7.82857
11.0667
4.37143
5.18095
4.88571
8.19048
5.90476
4.4381
6.85714
6.21905
5.94286
4.89524
5.8
4.22857
4.41905
7.71429
6.08571
4.74286
6.4381
6.07619
7.74286
4.08571
4.97143
9.11429
6.6
9.88571
5.97143
8.59048
5.8381
9.3619
9.45714
9.14286
5.54286
6.37143
10.4952
6.9619
6.85714
11.2571
7.58095
8.01905
11.7143
6.62857
4.65714
8.0381
8.69524
5.77143
4.60952
8.8381
6.85714
12.2095
10.219
6.2381
9.58095
7.06667
9.71429
5.98095
7.22857
8.60952
7.84762
6.00952
8.28571
9.33333
6.72381
6.66667
8.37143
8.14286
7.8
6.55238
6.00952
11.4476
4.27619
5.5619
4.35238
4.61905
8.24762
9.11429
7.21905
7.50476
4.7619
7.02857
4.26667
11.1524
9.8381
10.0095
11.5143
6.26667
9.09524
6.89524
6.34286
7.64762
7.93333
4.47619
5.14286
6.4
10.6476
7.91429
8.6
8.2381
4.37143
4.19048
4.34286
7.74286
5.8
6.84762
4.68571
7.14286
8.65714
6.2381
7.26667
5.59048
10.019
7.4
7.92381
4.62857
9.42857
8.37143
7.6
7.60952
9.30476
6.47619
4.67619
6.30476
7.3619
6.75238
8.67619
7.6
7.67619
10.4
4.87619
5.69524
9.31429
4.4
5.81905
4.6381
4.18095
6.0381
5.7619
4.88571
7.02857
4.52381
7.54286
4.17143
8.30476
7.1619
4.55238
8.28571
4.4381
6.47619
5.34286
7.49524
6.54286
6.51429
7.59048
4.69524
4.27619
4.2
7.1619
6.66667
7.27619
7.10476
4.48571
6.68571
7.5619
8.18095
5.28571
4.22857
7.41905
5.85714
4.4
7.60952
7.33333
7.05714
7.07619
6.97143
7.9619
6.52381
4.3619
6.41905
11.019
7.32381
7.90476
7.57143
5.79048
6.55238
4.38095
8.1619
5.11429
8.30476
5.64762
6.44762
8.57143
7.01905
5.11429
5.41905
9.25714
4.5619
7.21905
5.88571
6.78095
9.2
6.81905
6.50476
4.88571
6.01905
6.25714
4.46667
6.2
5.4381
5.40952
4.47619
8.10476
11.1238
8.8381
7.09524
11.3619
4.75238
5.84762
4.27619
6.71429
10.2667
7.1619
9.27619
9.20952
8.62857
8.4381
6.8
7.21905
6.85714
8.79048
8.77143
4.26667
5.33333
7.70476
16.1714
6.8
6.95238
6.6
5.20952
8.53333
6.2381
4.4381
8.02857
9.41905
6.97143
10.5905
4.51429
5.7619
7.28571
7.66667
5.02857
7.50476
6.66667
20.6952
7.70476
6.17143
10.4762
7.65714
7.28571
7.4
5.3619
8.26667
4.77143
7.00952
4.80952
8.44762
7.86667
9.2381
8.21905
11.0381
6.12381
4.13333
5.72381
4.40952
8.37143
9.92381
5
9.10476
4.42857
6.28571
8.49524
7.19048
6.58095
7.5619
4.55238
4.98095
5.71429
6.18095
6.69524
8.2381
6.22857
7.13333
5.29524
8.8
4.85714
4.51429
4.55238
5.22857
6.10476
6.44762
5.8381
7.69524
6.25714
4.45714
4.53333
4.4381
4.68571
4.51429
6.21905
7.97143
10.0857
4.95238
6.79048
6.15238
9.28571
7.25714
6.0381
12.2
4.94286
10.419
11.5714
9.66667
8.93333
4.57143
4.3619
4.24762
4.18095
9.39048
12.181
8.93333
11.781
5.66667
11.6
8.67619
9.19048
8.2
9.7619
4.79048
10.9429
4.42857
8.67619
8.02857
7.20952
8.39048
6.53333
4.2381
7.57143
5.31429
4.15238
5.10476
4.87619
5.26667
7.79048
5.64762
8.95238
4.55238
8.0381
10.2286
4.75238
8.42857
7.95238
7.27619
4.59048
5.6
7.85714
6.64762
5.95238
5.01905
7.81905
6.46667
8.33333
9.39048
11.8952
5.80952
6.61905
6.0381
10.619
8.18095
6.72381
6.4381
4.49524
7.12381
8.74286
5.71429
6.65714
6.59048
16.3714
8
4.46667
4.72381
4.57143
7.3619
7.08571
4.46667
5.91429
4.49524
4.58095
7.1619
5.71429
7.71429
4.22857
10.5524
9.10476
4.2
5.30476
6.13333
11.3619
4.47619
7.26667
6.85714
6.22857
6.89524
11.0952
8.95238
6.14286
6.39048
4.22857
4.53333
4.66667
5.04762
8.35238
7.47619
6.42857
8.84762
5.04762
5.71429
7.94286
7.38095
5.31429
6.6381
10.819
6.00952
4.4
6.87619
8.01905
7.69524
6.98095
4.51429
5.74286
4.07619
4.62857
7.33333
6.95238
4.80952
8.39048
6.8381
10.0381
4.50476
4.67619
4.49524
4.1619
10.5714
7.33333
6.07619
4.88571
4.18095
7.41905
5.44762
5.46667
4.2381
4.72381
6.54286
5.82857
4.3619
7.21905
6.27619
8.74286
6.53333
4.87619
9.15238
4.33333
8.86667
7.73333
10.1333
7.55238
6.65714
4.67619
8.39048
6.53333
8.1619
7.73333
7.48571
6.4
7.50476
7.55238
10.6286
11.7143
4.58095
7.31429
9.26667
5.77143
7.71429
6.61905
4.14286
6.10476
4.62857
8.00952
7.07619
5.35238
8
6.90476
6.52381
4.41905
11.5333
4.47619
4.29524
6.2
8.22857
8.46667
4.38095
7.45714
7.34286
8.02857
10.9619
4.53333
4.30476
8.58095
6.00952
8.4
5.6381
5.06667
7.00952
10.6857
7.1619
7.71429
5.8
9.61905
6.84762
7.92381
7.70476
6.9619
4.2381
8.90476
5.14286
7.17143
8.14286
4.11429
4.42857
4.86667
4.87619
4.09524
9.14286
6.69524
6.67619
6.60952
6.25714
6.88571
7.4381
3.30476
3.80952
6.70476
6.53333
5.53333
5.24762
6.3619
3.17143
5.31429
3.18095
6.18095
8
7.67619
5.12381
3.90476
3.49524
5.70476
3.34286
5.30476
3.8
3.62857
3.18095
5.79048
5.99048
3.99048
7.8
4.47619
5.73333
8.78095
6.75238
4.51429
3.02857
4.05714
4.94286
7.61905
4.35238
7.31429
4.60952
5.15238
5.85714
5.44762
3.44762
4.74286
7.2381
6.48571
8.84762
5.18095
5.07619
4.8381
4.59048
7.17143
7.82857
5.02857
7.25714
5.41905
3.85714
3.26667
4.67619
5.9619
7.02857
3.46667
4.32381
7.60952
8.87619
3.31429
8.37143
7.79048
3.37143
3.18095
3.46667
10.9429
5.14286
5.90476
8.62857
4.31429
5.8
5.98095
6.94286
9.71429
9.2381
6
6.94286
9.67619
4.70476
5.58095
5.6381
3.08571
3.50476
5.60952
3.90476
5.97143
3.52381
3.18095
3
5.67619
5.40952
3.26667
4.68571
4.62857
3.38095
6.55238
6.2381
4.99048
3.12381
5.84762
8.66667
3.70476
3.82857
6.69524
8.40952
8.30476
3.38095
4.9619
4.66667
6.39048
3.29524
3.50476
5.27619
3.13333
4.4
6.19048
4.57143
5.82857
5.10476
6.88571
3.57143
5.15238
4.18095
4.95238
4.75238
6.04762
5.15238
3.67619
6.17143
5.28571
5.06667
3.69524
3.19048
3.6381
5.01905
4.6
3.38095
8.29524
6.47619
5.94286
3.7619
7.26667
3.28571
6.85714
3.59048
3.46667
4.78095
5.06667
3.53333
5.4
5.10476
4.35238
4.44762
5.08571
5.21905
3.35238
3.81905
3.34286
9.75238
6.72381
4.8
3.54286
4.87619
6.4381
7.41905
5.99048
7.30476
3.40952
8.47619
10.2762
3.55238
4.94286
7.26667
4.18095
7
5.33333
7.20952
3.84762
5.77143
3.67619
5.39048
3.40952
3.13333
3.38095
6.67619
3.14286
5.02857
5.02857
3.53333
5.81905
16.6857
4.5619
4.97143
3.71429
6.88571
3.44762
6.34286
3.46667
6.2
3.47619
6.95238
8.18095
4.60952
8.5619
5.70476
4.59048
5.73333
4.91429
3.30476
5.79048
5
6
4.67619
10.0381
6.42857
3.44762
8.95238
4.08571
5.51429
3.4
3.31429
5.4
4.7619
6.19048
3.18095
5.78095
6.6
7.54286
5.59048
4.7619
4.79048
5.84762
5.90476
7.20952
6.90476
3.89524
3.2381
8.51429
8.8381
5.6
3.64762
7.47619
4.25714
5.40952
3.47619
11.8476
3.24762
9.35238
3.33333
6.07619
5
12.3429
3.28571
5.19048
3.17143
4.78095
5.88571
8.89524
4.00952
3.25714
10.381
5.13333
3.31429
6.98095
7.4381
6.00952
7.20952
5.88571
7.27619
4.99048
5.78095
7.88571
9.84762
5.55238
6.38095
3.49524
3.17143
5.97143
5.37143
8.22857
6.02857
3.34286
3.19048
3.50476
3.0381
6.60952
3.47619
7.46667
3.2
5.60952
5.28571
6.6381
4.35238
7.89524
5.90476
5.67619
3.62857
6.27619
6.52381
4.34286
4.45714
3.10476
5.59048
5.84762
5.33333
6.98095
3.24762
7.21905
3.53333
3.19048
5.33333
3.70476
3.31429
8.61905
3.39048
3.15238
3.12381
3.12381
3.70476
3.28571
5.69524
3.40952
3.47619
3.2
3.4
3.78095
5.82857
5.13333
3.47619
5.31429
7.7619
3.73333
6.01905
7.5619
4.32381
5.9619
3.32381
8.90476
4.80952
3.19048
6.47619
3.61905
5.0381
6.14286
3.4381
4.99048
4.6
6.84762
4.86667
5.66667
8.68571
8.22857
3.72381
7.92381
4.4
5.89524
10.7429
8.51429
4.97143
4.3619
6.07619
3.27619
3.35238
3.4381
5.17143
5.93333
3.31429
6.02857
3.01905
10.1714
5.54286
8.79048
6.24762
8.4
10.6762
3.33333
5.1619
3.38095
5.44762
6.32381
6.26667
3.29524
6.12381
3.25714
5.28571
4.98095
5.8381
11.2381
9.01905
6.40952
6.1619
28.0857
6.87619
5.11429
4.04762
3.11429
3.39048
4.31429
6.91429
6.99048
6.8
5.38095
7.42857
3.30476
6.04762
3.6
3.26667
3.31429
3.32381
9.4
3.78095
6.95238
5.26667
6.93333
5.65714
6.45714
5.47619
4.84762
5.05714
4.30476
3.26667
6.55238
6.32381
10.419
3.35238
3.20952
5.69524
4.98095
7.25714
4.81905
5.51429
5.85714
7.74286
8.50476
4.07619
3.52381
4.77143
5.15238
3.5619
7.20952
3.29524
8.90476
6.77143
5.18095
3.37143
6.28571
3.40952
5.8
3.73333
3.35238
5.75238
5.42857
4.65714
5.17143
6.02857
6.2381
5.21905
3.33333
5.80952
6.30476
6.34286
6.37143
9.0381
6.68571
3.18095
5.49524
3.28571
6.33333
5.02857
7.10476
3.45714
4.06667
4.59048
5
3.30476
3.87619
3.1619
5.01905
5.29524
4.50476
5.92381
8
4.94286
4.32381
4.75238
6.20952
4.53333
3.17143
6.5619
4.54286
3.46667
4.82857
3.09524
3.12381
7.53333
8.20952
4.94286
4.79048
4.4
8.74286
3.12381
6.33333
5.39048
7.50476
6.65714
7.28571
4.52381
4.99048
5.65714
4.98095
3.48571
8.72381
8.49524
8
5.61905
5.57143
8.20952
8.87619
4.79048
7.53333
10.2571
4.41905
7.31429
6.97143
5.30476
4.50476
5.79048
3.20952
3.21905
8.59048
3.19048
3.31429
3.54286
6.90476
3.80952
5.4381
3.64762
4.40952
4.87619
3.45714
3.54286
5.58095
3.45714
4.8381
6.84762
3.2381
3.37143
4.15238
6.33333
3.29524
4.98095
5.04762
5.91429
3.2381
3.1619
3.41905
6
3.22857
3.6381
4.00952
3.4
3.59048
3.24762
5.18095
3.34286
6.84762
5
8.34286
5.2381
5.99048
5.12381
5.11429
8.75238
4.57143
3.34286
3.47619
3.46667
5.08571
5.02857
4.86667
7.20952
9.61905
5.18095
3.07619
9.79048
5.1619
5.14286
3.26667
3.53333
3.60952
3.2
4.62857
5.6
9.50476
3.32381
7.64762
7.61905
8.46667
4.84762
6.86667
5.99048
7.4
8.19048
3.38095
4.20952
3.35238
6.31429
6.18095
4.66667
5.0381
6.97143
8.22857
3.1619
4.99048
5.93333
3.28571
3.79048
5.70476
7.11429
3.41905
9.88571
5.02857
8.07619
6.86667
6.14286
7.31429
3.24762
5.40952
3.86667
3.0381
3.4
5.40952
9.20952
3.44762
5.14286
6.86667
3.53333
3.78095
3.35238
5.49524
6.02857
6.19048
4.5619
7.1619
3.49524
4.77143
3.98095
5.21905
8.49524
5.3619
4.69524
5.13333
5.70476
6.5619
3.2381
3.3619
5.05714
3.8381
5.25714
4.72381
3.08571
7.19048
4.59048
3.15238
3.21905
5.67619
3.51429
6.25714
7.65714
3.21905
3.07619
3.1619
3.58095
5.92381
4.42857
5.39048
3.53333
8.06667
4.51429
5.85714
3.51429
5.85714
3.59048
3.26667
4.10476
5.97143
3.27619
3.22857
5.34286
6.88571
4.90476
3.30476
4.42857
5.17143
3.27619
3.35238
4.11429
8.19048
4.3619
3.69524
3.29524
4.4
5.95238
4.99048
6.79048
3.49524
8.37143
3.4
4.12381
8.02857
3.39048
7.41905
3.24762
6.1619
4.99048
3.05714
6.73333
3.40952
8.2
6.86667
3.14286
4.11429
3.40952
8.64762
6.46667
4.29524
3.20952
7.29524
3.39048
4.40952
5.80952
6.52381
3.6
3.24762
5.09524
3.34286
3.4381
9.5619
3.09524
6.62857
3.62857
10.4476
3.94286
5.4
6.51429
4.64762
3.22857
3.55238
3.51429
9.5619
6.61905
5.77143
5.28571
3.20952
4.69524
5.98095
3.38095
7.08571
10.181
3.39048
7.19048
3.1619
5.69524
9.13333
5.75238
3.84762
5.46667
6.86667
5.27619
10.2
7.01905
4.69524
3.44762
3.1619
3.55238
3.39048
4.9619
9.99048
3.4381
3.62857
3.39048
3.13333
3.29524
3.57143
6.59048
3.37143
3.39048
6.68571
3.37143
9.35238
8.90476
6.55238
8.8381
5.28571
3.34286
5.37143
3.15238
8.37143
5.27619
4.61905
3.06667
5.45714
5.55238
3.21905
3.05714
3.49524
5.97143
6.88571
3.42857
7.0381
3.13333
6.95238
5.15238
3.25714
3.59048
5.61905
5.15238
6.12381
6.07619
6.20952
4.99048
3.19048
4.88571
7.11429
5.62857
3.30476
7.3619
4.92381
3.06667
3.29524
4.82857
4.29524
3.34286
3.51429
5.99048
7.33333
3.15238
3.22857
8.29524
5.80952
5.88571
5.61905
7.6
8.57143
5.65714
4.79048
8.5619
4.99048
3.37143
3.49524
3.11429
3.45714
7.00952
3.2381
3.29524
3.60952
6.60952
7.28571
4.15238
8.15238
5.95238
4.50476
7.87619
4.67619
4.95238
5.33333
3.20952
4.70476
4.62857
4.92381
5.64762
4.85714
8.54286
5.8381
5.15238
5.73333
7.00952
3.44762
5
6.60952
3.2381
6.38095
6.55238
9.4381
4.50476
8.62857
3.38095
5.14286
6.65714
5.9619
4.89524
4.44762
3.18095
3.49524
4.52381
9.51429
7.99048
3.60952
4.8
5.62857
4.15238
7.95238
6.01905
7.4381
8.12381
6.6381
10.2
5.88571
7.66667
6.51429
3.09524
6.05714
5.58095
3.1619
8
7.5619
6.47619
4.91429
4.48571
3.40952
7.92381
8.29524
7.66667
3.18095
5.40952
3.80952
3.18095
4.79048
7.20952
3.60952
3.37143
7.93333
7.38095
9.2
3.40952
3.57143
3.2
4.81905
4.71429
3
5.0381
3.99048
3.26667
3.61905
4.58095
5.41905
5.75238
6.91429
5.40952
6.51429
5.04762
12.5143
3.51429
4.7619
7.82857
3.33333
3.08571
3.05714
6.34286
5.19048
3.8
3.3619
4.13333
3.2
3.57143
4.17143
5.19048
5.39048
3.20952
4.78095
4.91429
5.18095
3.19048
5.39048
5.28571
6.24762
6.47619
5.92381
5.38095
4.86667
8.50476
5.4381
5.21905
3.70476
5.6381
3.18095
3.31429
5.08571
8.98095
4.79048
3.15238
3.33333
3.51429
4.6381
3.44762
3.28571
7.60952
8.39048
6.27619
5.92381
3.60952
5.25714
4.85714
5.46667
4.1619
7.71429
4.77143
4.72381
3.38095
8.12381
3.62857
4.52381
6.69524
6.71429
7.2
6.15238
6.4381
7.39048
3.38095
5.10476
7.24762
5.82857
3.27619
5.04762
5.4
7.3619
5.77143
3.4381
8.01905
3.04762
3.19048
3.3619
3.24762
3.47619
6.94286
4.8381
4.90476
4.62857
4.14286
7.34286
8.15238
6.8381
8.0381
3.50476
3.4381
3.27619
5.24762
5.72381
7.17143
4.73333
3.6381
5.44762
3.6
7.19048
5.10476
5.84762
3.44762
8.05714
8.08571
4.91429
4.52381
5.02857
7.68571
3.48571
3.65714
6.66667
4.3619
5.08571
5.40952
8.8
3.15238
5.05714
9.78095
3.5619
5.60952
3.61905
3.31429
5.98095
8.66667
4.88571
4.79048
8.42857
4.69524
6.66667
5.24762
7.52381
3.31429
3.22857
3.7619
6.60952
3.71429
5.06667
4.82857
8.58095
3.31429
6.35238
5.61905
5.41905
3.45714
8.10476
12.981
6.62857
6.25714
7.2
7.9619
4.39048
7.12381
9.71429
5.81905
6.07619
7.18095
7.34286
6.9619
5.39048
7.51429
7.2
5.34286
6.34286
3.14286
5.2
7.73333
6.33333
7.88571
7.88571
4.98095
6.46667
10.6762
5.65714
3.51429
6.37143
7.82857
3.41905
5.10476
5.91429
7.88571
6.01905
5.07619
9.26667
3.21905
4.48571
3.4381
6.49524
5.8
3.49524
3.17143
7.09524
5.06667
5.81905
3.25714
9.80952
9.12381
5.39048
3.94286
5.9619
6.90476
3.2381
6.04762
5.87619
3.18095
4.85714
7.68571
3.25714
5.84762
4.66667
5.18095
4.82857
3.26667
5.88571
6.55238
8.84762
8.98095
3.13333
3.54286
5.04762
7.85714
3.85714
6.98095
3.62857
3.50476
7.06667
3.58095
3.13333
11.1429
5.67619
5.3619
9.68571
7.71429
5.19048
4.57143
6.60952
5.77143
10.781
4.97143
4.50476
5.3619
7.99048
6.37143
3.2381
4.66667
7.35238
5.41905
3.50476
4.60952
5.11429
3.37143
9.17143
3.54286
5.62857
8.4
6.25714
8.26667
6.27619
3.2
7.19048
5.34286
4.1619
4.87619
7.44762
6.62857
4.98095
3.98095
3.35238
3.44762
3.32381
5.60952
6.09524
5
3.32381
6.47619
3.45714
5.81905
3.48571
3.92381
3.6
5.44762
6.08571
6.28571
4.79048
3.34286
6.93333
3.45714
5.79048
3.50476
7.7619
10.6381
5.07619
3.37143
9.48571
7.54286
3.25714
3.2
6.02857
7.6
6.85714
3.29524
6.25714
3.30476
10.4857
4.91429
7.81905
5.45714
7.57143
3.29524
3.89524
5.84762
3.27619
6.71429
7.26667
5.93333
7.0381
5.27619
7.61905
6.57143
4.52381
3.00952
8.71429
7
3.53333
5.2381
8.55238
3.17143
3.19048
5
5.6381
3.46667
9.34286
7
3.46667
4.90476
7.31429
5.60952
4.60952
5.42857
5.67619
3.65714
4.44762
5.82857
5.19048
4.44762
6.81905
3.25714
6.25714
5.72381
6.05714
5.24762
3.39048
6.72381
6.08571
3.27619
5.81905
8.09524
6.68571
3.13333
4.97143
3.10476
6.69524
3.46667
6.2
5.65714
5.2
3.60952
6.10476
3.30476
8.26667
3.66667
7.73333
5.86667
3.54286
3.44762
5.45714
3.29524
6.8381
9.5619
5.06667
3.38095
3.46667
5.21905
4.85714
6.12381
3.53333
6.02857
3.3619
4.77143
13.419
6.5619
7.72381
6.20952
5.27619
3.15238
4.87619
8.3619
3.41905
4.68571
3.18095
3.3619
9.81905
4.87619
3.50476
4.11429
3.27619
6.28571
3
6.62857
6.99048
4.84762
4.65714
5.12381
7.54286
5
5.42857
5.40952
3.25714
3.20952
3.25714
4.91429
5
4.58095
3.27619
6.19048
6.26667
3.34286
3.09524
4.84762
3
3.37143
3.33333
5.85714
5.80952
3.4381
3.7619
5.47619
5.55238
4.70476
3.07619
7.58095
7.17143
3.53333
3.5619
3.41905
5.85714
3.14286
3.32381
8.07619
3.15238
3.37143
3.2
8.87619
3.07619
3.27619
7.93333
3.32381
4.90476
5.78095
6.19048
4.5619
4.10476
4.70476
8.08571
5.58095
6.95238
5.98095
6.6
9.8381
6.37143
5.55238
6.32381
6.66667
5.12381
5.58095
3.70476
3.35238
4.88571
5.38095
5.11429
3.54286
3.6381
4.48571
5.60952
5.99048
4.12381
4.46667
4.4381
4.55238
6.07619
3.11429
3.32381
8.95238
5.72381
6.37143
5.71429
4.02857
6.45714
6.27619
3.18095
3.68571
6.30476
5.8
3.12381
3.13333
4.79048
10.8952
5.58095
4.86667
10.2381
8.45714
4.86667
3.22857
3.09524
3.61905
5.52381
5.25714
5.71429
3.09524
4.50476
4.2
9.84762
6.60952
6.53333
5.84762
3.37143
3.0381
8.17143
5.04762
7.93333
10.181
6.08571
5.26667
7.9619
5.67619
5.38095
5.24762
3.24762
3.11429
3.47619
3.49524
3.98095
3.40952
3.32381
7.85714
6.44762
6.22857
8.25714
4.52381
6.90476
3.2381
7.02857
7.79048
5.33333
4.94286
7.85714
5.5619
3.55238
4.5619
8.44762
10.2762
3.07619
5.13333
3.25714
6.46667
3.48571
3.39048
5.71429
3.9619
5.0381
3.52381
6.08571
6.08571
3.42857
3.79048
3.32381
5.66667
5
5.35238
3.6
3.27619
3.3619
5.07619
3.9619
7.52381
5.25714
3.46667
9.1619
5.79048
3.35238
8.67619
7.29524
5.4
3.75238
6.4
5.42857
5.67619
5.06667
8.08571
4.05714
4.48571
8.08571
3.30476
5.08571
5.10476
5.62857
5.58095
5.38095
3.4
6.80952
7
3.41905
7.68571
3.05714
3.89524
8.18095
5.32381
6.64762
3.44762
3.50476
7
6.89524
7.90476
7.78095
7.10476
3.60952
3.26667
5.99048
3.48571
3.34286
5.2
5.27619
8.94286
4.05714
8.88571
3.44762
4.09524
6.00952
4.44762
3.80952
6.44762
4.97143
6.7619
5.32381
4.85714
3.07619
5.69524
10.1524
3.48571
7.90476
6.62857
3.38095
7.37143
5.8381
5.65714
6.46667
4.02857
8.07619
3.33333
4.90476
7.20952
4.93333
3.5619
6.20952
10.1238
5.6
7.00952
5.8381
4.75238
7.75238
3.44762
4.64762
3.4
4.93333
3.19048
9.8
3.65714
5.1619
4.02857
3.24762
3.31429
5.80952
5.45714
5.19048
7.49524
4.28571
5.31429
4.8381
7.04762
5.07619
5.04762
4.65714
7.34286
5.20952
3.04762
4.58095
8.57143
3.4381
5.17143
6.55238
3.47619
5.4381
6.13333
7.85714
4.10476
6.06667
3.38095
5.11429
8.59048
4.64762
3.18095
6.68571
3.42857
3.68571
5.60952
3.42857
6.60952
4.70476
3.39048
3.15238
6.20952
7.7619
4.6381
5.81905
4.52381
8.3619
3.95238
3.5619
3.59048
3.64762
5.47619
3.29524
6.91429
4.6
3.47619
3.28571
3.17143
7.44762
4.44762
4.5619
3.2381
3.19048
7.20952
3.86667
3.31429
5.37143
3.37143
3.14286
7.54286
3.47619
7.37143
4.54286
7.53333
7.12381
5.25714
5.51429
5.18095
10.219
8.52381
3.33333
6.57143
3.33333
8.32381
5.8
4.30476
5.4
9.45714
3.3619
9.40952
5.90476
4.97143
3.2381
4.89524
3.51429
4.68571
7.57143
6.11429
6.32381
7.55238
3.44762
4.94286
3.31429
7.80952
7.60952
3.44762
3.33333
3.77143
4.92381
5.77143
8.98095
6.7619
8.91429
6.90476
3.79048
5.6
6.91429
4.86667
8.18095
6.28571
8.90476
6.69524
3.25714
4.8
5.14286
5.09524
4.85714
6.57143
5.18095
5.0381
6.67619
3.81905
3.49524
7.72381
7.90476
3.14286
7.46667
3.2
7.60952
4.02857
4.90476
5.1619
5.74286
5.66667
6.81905
5.61905
4.80952
3.62857
5.57143
6.15238
7.22857
6.6381
6.88571
7.33333
8.10476
3.28571
7.68571
4.67619
8.67619
3.8
3.25714
4.5619
6.04762
4.9619
6.86667
5.82857
5.51429
3.1619
3.91429
4.9619
5.27619
6.86667
3.29524
6.47619
5.69524
5.91429
7.5619
6.04762
3.47619
3.48571
5.04762
3.58095
5.46667
3.17143
7.28571
6.15238
3.49524
3.48571
3.28571
4.6381
3.24762
6.13333
9.52381
7.75238
5.05714
8.60952
5.44762
5.66667
4.78095
5.60952
5.71429
7.30476
5.60952
6.24762
7.5619
3.51429
5.21905
3.85714
7.1619
6.92381
3.44762
3.2
8.38095
4.94286
3.82857
3.1619
3.25714
5.85714
3.07619
5.99048
3.41905
4.13333
3.27619
5.88571
3.42857
4.7619
7.31429
4.21905
4.02857
6.15238
5.48571
4.50476
6.40952
8.34286
5.27619
5.2381
6.0381
6.06667
4
5.06667
4.85714
3.91429
3.24762
7.89524
5.52381
4.47619
3.15238
7.65714
6.06667
7.06667
6.04762
5.82857
7.89524
8.91429
5.35238
4.97143
3.4
5.45714
6.47619
6.01905
3.37143
3.13333
4.77143
5.6
3.10476
3.31429
9.20952
7.6381
6.29524
4.94286
3.28571
7.45714
3.28571
4.4
4.78095
8.50476
6.42857
5.01905
3.46667
6.9619
4.77143
4.91429
7.54286
4.57143
7.10476
4.04762
9.15238
3.32381
6.71429
3.2381
5.24762
3.77143
6.22857
3.40952
7.60952
3.4
7.06667
3.51429
8.9619
5.22857
3.50476
5.47619
6.45714
6.73333
3.54286
3.24762
8.70476
3.48571
4.71429
4.84762
4.97143
3.34286
3.72381
5.87619
5.75238
7.72381
3.72381
4.61905
3.04762
5.75238
5.07619
5.11429
11.7429
7.74286
6.80952
3.32381
4.20952
3.5619
7.34286
3.92381
3.53333
6.46667
3.19048
3.8
5.86667
5.95238
3.77143
3.2
3.28571
5.87619
3.35238
3.33333
6.08571
4.6
5.42857
4.60952
4.89524
3.4381
3.29524
5.40952
4.57143
4.4381
7.78095
5.65714
4.38095
4.95238
5.05714
3.67619
7.6
6.90476
5.90476
5.74286
3.57143
3.4
3.18095
7.25714
3.07619
16.819
3.74286
5.26667
6.80952
5.15238
3.46667
5.45714
3.28571
6.0381
3.08571
5.48571
7.25714
5.04762
3.4
4.31429
3.24762
3.37143
4.55238
5.61905
3.47619
6.24762
3.29524
4.86667
3.13333
5.06667
6.82857
7.75238
6.66667
5.05714
5.45714
3.27619
4.5619
5.67619
3.38095
5.79048
5.01905
6.58095
9.04762
5.47619
8.88571
6.82857
3.24762
4.60952
4.68571
7.77143
3.26667
7.07619
5.15238
3.93333
7.45714
6.54286
3.27619
3.38095
5.28571
3.39048
6.65714
3.1619
3.35238
5.69524
5.30476
5.49524
5.09524
5.6381
6.4
5.47619
9.55238
3.2
5.61905
4.69524
7.13333
3.1619
5.86667
4.7619
5.8
4.74286
4.94286
6.60952
8.55238
4.05714
5.75238
3.80952
8.30476
7.79048
5.31429
7.50476
7.80952
4.79048
3.4
3.5619
7.70476
7.47619
6.2381
4.97143
4.74286
5.4381
5.1619
4.59048
3.35238
3.32381
6.09524
10.419
3.71429
3.35238
3.3619
3.69524
3.54286
6.35238
3.27619
5.8381
7.00952
6.07619
6.49524
6.26667
4.64762
7.95238
6.13333
3.33333
3.32381
5.22857
3.29524
3.52381
7.19048
4.8381
6.92381
3.11429
3.49524
5.0381
3.0381
5.29524
3.30476
7.4381
3.30476
7.53333
5.4381
6.04762
7.4381
5.1619
3.60952
5.80952
3.39048
6.05714
8.14286
6.64762
4.44762
3.37143
9.21905
7.55238
3.26667
3.51429
3.10476
5.74286
4.8
4.60952
3.04762
4.22857
6.77143
6.85714
7.46667
4.87619
3.26667
4.70476
5.45714
6.33333
4.02857
6.35238
5.86667
7.21905
7.3619
7.19048
5.08571
7.00952
7.98095
5.44762
4.84762
8.54286
7.92381
5.97143
5.97143
5.71429
6.15238
3.86667
5.6381
5.47619
5
8.44762
7.27619
7.13333
5.13333
6.14286
5.73333
4.88571
4.47619
4.44762
4.94286
5.13333
8.42857
8.19048
4.57143
3.71429
5.70476
7.6381
9.37143
4.8
5.38095
7.41905
4.2
5.05714
5.18095
5.44762
8.62857
5.26667
4.5619
3.40952
3.25714
3.25714
7.99048
4.82857
3.05714
5.95238
3.2
4.98095
7.86667
7.79048
6.68571
5.09524
4.93333
4.10476
3.20952
7.17143
4.75238
6.62857
8.95238
4.92381
5.34286
5.12381
3.29524
6.14286
3.27619
3.75238
3.26667
5.68571
3.6
6.88571
3.32381
3.46667
3.45714
3.2
3.02857
3.71429
3.13333
6.02857
3.61905
6.59048
6.65714
6.31429
6.35238
7.87619
6.84762
8.52381
6.4
8.26667
9.11429
3.97143
5.78095
7.14286
4.34286
4.95238
3.29524
5.35238
7.7619
10.9143
3.49524
7.2
3.15238
8.28571
7.00952
3.1619
7.13333
3.51429
5.78095
5.02857
6.46667
8.29524
5.77143
4.7619
6.8
3.6381
3.34286
5.55238
5.93333
5.60952
4.8
3.13333
9.87619
4.53333
9.81905
7
3.29524
4.77143
8.37143
5.90476
4.67619
4.4
5.44762
8.07619
5.70476
3.31429
4.74286
8.51429
7.6381
8.98095
6.33333
5.91429
6.58095
9.6
4.91429
5.2381
5.57143
3.55238
3.24762
5.06667
3.44762
6.04762
3.71429
4.99048
6.82857
5.82857
3.41905
4.75238
3.1619
6.32381
7.25714
5.53333
3.42857
3.06667
3.30476
7.38095
5.30476
9.47619
6.29524
3.17143
3.38095
6.26667
7.44762
6.06667
5.85714
5.44762
3.61905
3.14286
5.25714
4.81905
3.37143
3.54286
3.27619
4.99048
3.35238
3.66667
5.54286
7
7.57143
5.3619
5.05714
3.35238
4.65714
3.50476
5.13333
7.99048
7.86667
4.91429
5.88571
3.1619
3.40952
5.40952
5.50476
9.60952
9.30476
3.4381
5.57143
7.38095
8.10476
5.59048
4.67619
5.46667
4.00952
6.21905
7.04762
3.31429
6.60952
4.12381
3.92381
6.58095
5.40952
3.8381
3.27619
5.05714
6.8381
3.11429
4.95238
3.39048
4.8
3.6
5.09524
10.9429
9.34286
3.9619
7.01905
4.54286
5.55238
5.17143
5.01905
6.53333
6.06667
2.13333
5.67619
3.9619
3.11429
2.13333
2.21905
2.04762
3.94286
2.19048
2.29524
3.87619
3.62857
2.06667
5.11429
2.3619
4.40952
2.11429
3.46667
5.37143
2.53333
3.5619
2.66667
2.59048
2.99048
2.39048
4.07619
4.59048
2.13333
7.60952
2.48571
2.17143
2.30476
2.45714
4.00952
2.00952
2.15238
3.61905
2.18095
2.58095
2.51429
4.13333
2.07619
2.07619
3.87619
2.75238
2.77143
3.59048
5.27619
3.44762
4.22857
2.05714
2.10476
6.5619
2.4
4.12381
2.22857
4.80952
2.6
2.14286
2.2381
4.06667
2.42857
2.08571
5.3619
2.66667
7.14286
20.2952
3.64762
5.90476
3.30476
3.99048
2.11429
5.10476
7.42857
2.57143
2.58095
2.2381
2.33333
2.22857
3.72381
2.24762
2.35238
4.21905
2.33333
2.13333
2.30476
3.53333
2
6.2381
6.88571
5.4381
5.89524
5.3619
2.39048
4.34286
2.17143
3.84762
4.14286
5.00952
9.62857
2.2381
2.91429
2.13333
4.67619
2.97143
2.60952
2.51429
4.92381
2.30476
2.46667
3.4
4.08571
2.49524
2.09524
2.2
2.13333
2.06667
2.99048
4.95238
3.2
2.19048
2.14286
4.64762
4.6381
4.61905
2.30476
2.4381
5.42857
4.24762
1.11429
3.34286
1
3.73333
4.67619
1.14286
3.0381
1.67619
1.10476
1.00952
1.2381
3.61905
3.4
1.33333
2.91429
1.24762
1.73333
1.04762
1.27619
3.81905
3.00952
1.37143
1
2.24762
3.5619
1.45714
3.17143
1
1.00952
1.0381
1.06667
1.08571
1
1.71429
5.32381
1.12381
1.01905
1.15238
1.31429
3.04762
1.30476
4
4.18095
3.58095
1.13333
1.0381
4.47619
1.19048
1.11429
1.15238
1.05714
4.62857
3.77143
1.05714
1.26667
3.50476
1.1619
1.09524
1.13333
3.8
2.28571
2.10476
3.04762
1.00952
1.18095
1.19048
1.04762
3.3619
4
1.20952
3.01905
2.67619
1.00952
1.22857
1.33333
1.04762
1.65714
1.00952
1.19048
1.31429
1.13333
4.10476
1
1.18095
1.08571
1.06667
1.04762
1.25714
1.14286
5.32381
1.00952
1.32381
4.06667
5.62857
3.29524
3.97143
1.18095
4.87619
1
1.0381
3.28571
4.27619
1.04762
1.13333
4.67619
1
1.24762
4.17143
1.00952
1.02857
1.04762
1.08571
3.30476
3.77143
1.07619
3.61905
1
1.35238
4.94286
1.1619
4.67619
1.11429
1.08571
1.28571
3.19048
1.11429
2.79048
3.87619
1.0381
1.06667
1.00952
1.01905
3.14286
1.35238
1.15238
1.60952
1.08571
1
4.32381
1.45714
3.09524
1.2381
2.6381
1.15238
1.94286
1.32381
3.78095
3.44762
1.61905
1.14286
4.07619
4.97143
3.99048
1.39048
1.20952
1.15238
1.13333
1.01905
1.10476
1.52381
1.07619
1.28571
3
3.20952
1.04762
1.41905
1.06667
3.60952
5.27619
1.15238
1.00952
1.12381
3.69524
3.89524
3.11429
1.22857
3.47619
1.02857
1.13333
1.25714
1.00952
1.2
1.08571
1.28571
1.01905
4.00952
3.27619
3.41905
1.05714
1.24762
1.06667
1.04762
3.79048
3.60952
2.70476
1.00952
3.59048
1.13333
3.45714
3.79048
1.12381
1.41905
1
2.42857
1
1.30476
4.09524
4.71429
1.14286
1.13333
1.0381
1.20952
1.61905
1.61905
3.55238
1.1619
2.65714
3.70476
1.00952
1.02857
1
1.01905
3.06667
1.00952
1.25714
1.01905
1.02857
1.40952
1.19048
1.4
1.19048
2.84762
1.00952
1.04762
1.11429
1.11429
2.30476
1
1.11429
1.81905
1.67619
1.05714
2.99048
1.00952
1.34286
1.24762
1.00952
1.00952
1.13333
1.46667
3.86667
1.20952
1.01905
1.20952
1.14286
1.01905
1
1.22857
1
1.00952
1.18095
1.07619
1
1
1.2381
4.19048
1.20952
1.10476
1.07619
3.05714
4.75238
1.04762
1.01905
1.19048
3.91429
1.09524
4.24762
4.22857
1
4.58095
1.34286
1.21905
1.07619
1.17143
1.7619
3.1619
1.06667
1.14286
1.02857
3.59048
1.06667
2.64762
1.06667
3.07619
4.70476
2.81905
3.92381
4.65714
3.33333
4.86667
1.10476
1.07619
1.30476
2.95238
1.07619
1.14286
1.06667
1
1
1.07619
3.9619
3.11429
1.00952
1.07619
4.12381
3.24762
1.26667
1.07619
4.18095
1.19048
1.01905
1.04762
3.25714
1.02857
1.06667
4.05714
4.72381
1.0381
3.86667
5
1.19048
5.20952
3.85714
1.08571
4.91429
3.14286
3.48571
2.0381
1.12381
1.10476
1.01905
3.89524
1.31429
1.05714
3.09524
1.04762
1.25714
1.52381
1.22857
1.01905
1.12381
1.27619
3.29524
3.50476
1.10476
4.17143
2.58095
1.15238
1.12381
1.21905
1.27619
1.13333
1.12381
1.3619
1.41905
2.92381
3.90476
3.62857
3.79048
1
1.08571
1.26667
3.91429
1.41905
1.25714
1.51429
4.21905
1.15238
1.77143
3.37143
3.19048
3.60952
1.32381
3.20952
1.01905
3.5619
2.01905
1.12381
2.04762
1.57143
3.5619
3.34286
1.15238
1.11429
3.74286
1.07619
1.04762
1.2381
3.4381
3.25714
1.15238
1
1
1.11429
1.38095
3.73333
4.44762
3.57143
1.02857
1.06667
1.09524
1.28571
4.08571
2.55238
3.46667
3.93333
1
1.04762
4.42857
1.05714
1.2381
1.11429
1.02857
1.33333
4.51429
3.67619
3.52381
1.18095
3.54286
1.0381
3.92381
3.82857
1.14286
3.38095
3.8
2.91429
1
1.0381
1.00952
1.14286
1.37143
1.17143
1.0381
3.2
1.41905
1.09524
3.4381
1.1619
1.26667
1
1.28571
1.04762
3.88571
1.00952
1.1619
1.24762
1.00952
1.38095
5.61905
1.09524
1.09524
3.82857
5.92381
1.24762
1.00952
1.06667
1.14286
1.0381
3.86667
2.37143
4.72381
1.28571
1.25714
4.4
1.7619
1.18095
4.71429
3.49524
1.24762
3.61905
1.05714
1
1.12381
1.35238
1.11429
1.06667
2.93333
1
1.01905
3.78095
1
1.17143
3.91429
1.04762
3.57143
1.01905
1.00952
1.0381
1.1619
1.02857
3.00952
1.85714
3.45714
4.44762
2.65714
1.06667
1.18095
4.26667
1.06667
1.2
4.48571
2.66667
1.3619
1.09524
4.70476
3.04762
1.08571
3.15238
3.00952
1
3.4381
1.11429
1.54286
1.11429
1.08571
1.13333
1.05714
1.07619
1.02857
2.19048
1
1.35238
1.20952
3.12381
3.17143
1.05714
1.2
1
1.19048
1.13333
1.01905
4
1.39048
1.08571
1.01905
1.18095
3.71429
3.89524
4.32381
3.98095
1.0381
1.08571
4.88571
1.05714
2.3619
1.13333
4.08571
3.6381
4.8381
1.64762
2.95238
1.01905
1
1.40952
1
1.6381
3.78095
1.29524
1.22857
1.05714
5.59048
1.2
1.14286
1.24762
1.13333
4.32381
1
1.37143
1.20952
1.01905
1.17143
4.4381
1.06667
1.06667
1.4381
1.01905
1.50476
1.08571
3.91429
1.11429
3.52381
1.04762
1.61905
1.01905
2.82857
1.02857
2.64762
3.07619
5.15238
1.0381
1
1.66667
3.40952
1.2
1.05714
1.07619
1.1619
1.10476
1.17143
5.08571
1.05714
1.35238
1.1619
1
2.74286
1.2381
3.86667
1
1.14286
1.20952
1.06667
1.05714
3.11429
1.42857
1.17143
1.18095
1.0381
1.10476
5.40952
1.09524
3.37143
4.81905
1.45714
4.49524
1.22857
1.17143
2.02857
2.97143
1.01905
1.14286
1.01905
1
1.0381
4.52381
1.07619
4.31429
1.14286
3.98095
1
1.25714
1.15238
1.14286
1.05714
2.49524
3.74286
1.12381
1.13333
1.11429
1.13333
3.65714
4.31429
1
1.22857
3.4
1.1619
1.07619
1.12381
1
1.10476
1.01905
4.4381
1.10476
3.07619
3.0381
4.04762
1.04762
1.39048
3.86667
1.17143
4.89524
1.2381
1.00952
4.78095
1.00952
1.8
1
2.94286
3.85714
1.17143
1.04762
3.62857
4.17143
1
1.13333
1
1.14286
4.13333
1.14286
4.4
2.38095
1.11429
1.19048
1.14286
3.35238
1.09524
1.41905
5.39048
1.09524
1.07619
4.40952
1.1619
3.85714
1.47619
1.15238
1.12381
1.06667
3.38095
1
3.33333
3.01905
3.57143
4.67619
2.67619
1.02857
1
1.02857
1
2.27619
1.05714
1.05714
2.7619
1.21905
3.00952
3.59048
1.28571
1.2
1.09524
1
1.13333
3.2
1.00952
3.62857
2.69524
1.01905
1.09524
5.39048
3.2
3.5619
1.07619
1.06667
1.62857
1.07619
1.17143
1.25714
2.65714
1
4.3619
1.10476
1.6381
1.62857
1.09524
2.80952
3.30476
1.01905
1.18095
1.04762
1.19048
2.6
1.2
1.11429
1.10476
1.0381
1.0381
1.19048
1.12381
1.10476
4
1.21905
3.09524
1.33333
3.65714
1.3619
1.31429
1.17143
4.07619
1.01905
1.19048
1.50476
1.21905
3.1619
1.04762
1.05714
1.30476
2.95238
3.3619
2.18095
1.14286
3.26667
2.2381
1
1.11429
1.70476
5.92381
1.11429
1.11429
1.13333
1.05714
3.77143
1.00952
3.09524
1.25714
1.01905
1.01905
1
4.4
3.11429
1.2381
1.02857
1.18095
1.08571
1.85714
1.20952
1.13333
4.6381
1.17143
1.22857
1.04762
1
3.30476
1.20952
1.11429
1.12381
3.52381
1.10476
1.87619
4.88571
1.09524
1.15238
1.20952
1.06667
1.2
2.51429
3.55238
1.05714
1.00952
1.21905
3.28571
1.15238
4.13333
1.18095
1.24762
3.07619
1.1619
1.17143
1.15238
1.17143
1.04762
1.19048
1.49524
1
2.25714
2.41905
3.8
2.69524
3.65714
1.52381
1.11429
1.25714
1
1.98095
3.89524
1.06667
1
2.71429
1.06667
1.14286
2.35238
1.21905
1.57143
4.58095
1.18095
1
1.4
1
1.17143
1.12381
5.06667
4.18095
1.02857
1.12381
1.10476
1.01905
2.2
1.22857
5.68571
5.68571
4.57143
1
1.13333
2.37143
1.02857
3.26667
1.10476
1.02857
1.07619
3.15238
3.30476
1.2381
1.08571
1.34286
1.67619
1.12381
3.0381
1.19048
1.01905
1.12381
1.08571
4.32381
2.09524
4.59048
3.5619
1.12381
1.27619
4.01905
1.13333
4.5619
1
3.4
1.00952
1.11429
3.0381
1
1
1.24762
1.0381
1.12381
1.08571
3.51429
5.34286
3.26667
1.28571
4.41905
1.11429
1.12381
1.09524
1.01905
4.58095
1.04762
5.33333
1.38095
3.72381
3.32381
2.8381
1.07619
1.06667
3.51429
1
5.53333
1.4
1.08571
1.07619
1
4.6
1.07619
1.14286
4.4
1.44762
1.02857
3.86667
1
1.19048
1.22857
1.14286
4.08571
5.06667
3.51429
1.01905
1.00952
1.00952
1.17143
4.26667
1.6
4.51429
1.04762
1.50476
3.53333
1.57143
1.14286
1.01905
1.22857
3.18095
3.62857
3.91429
1.35238
1.2381
3.82857
1.07619
3.46667
1.08571
1.2
1.21905
1.05714
1.04762
3.27619
1.06667
3.08571
1.15238
4.29524
1.94286
1.28571
2.73333
1.2
1.2
1.0381
1.04762
2.4
4.22857
2.68571
4.55238
1.06667
1.12381
2.00952
1.18095
3.60952
1.09524
3.51429
1.11429
1.05714
1
3.48571
1.06667
1
6.1619
4.69524
3.35238
1.19048
2.64762
1.34286
3.18095
1.17143
1
1.14286
1.01905
2.52381
1.2381
4.38095
1.1619
3.15238
1.00952
1.00952
4.11429
1.37143
1.24762
3.84762
3.69524
4.27619
1.21905
1.48571
1.22857
1.09524
1.2381
1.11429
1.11429
2.72381
2.81905
1
1.00952
1.19048
1.39048
1.18095
1.02857
2.62857
1.05714
2.84762
3.37143
1.15238
4.60952
1.05714
1.18095
1.01905
1
1.12381
1.01905
1.3619
1
1.00952
1.2
1.49524
1
1.06667
1.14286
1.08571
4.52381
4.86667
2.02857
1
1.05714
1
1.14286
1.1619
1.09524
1.18095
1.33333
1.06667
1.00952
1.08571
1.20952
1.07619
3.45714
5.39048
1.1619
3.19048
1
4.1619
3.51429
1
1.18095
1.24762
1.18095
1.14286
1.18095
1.19048
1.0381
1.06667
1.02857
1.21905
1.3619
1.2
1.2
1.20952
3.11429
3.29524
1.25714
1.08571
1.04762
1.09524
3.11429
3.75238
1.2381
1.57143
1
2.70476
3.05714
1
5.24762
1.33333
3.90476
2.52381
3.59048
1.10476
3.42857
1.41905
1.00952
2.70476
1.0381
4.8
1.29524
5.06667
1.6381
1.08571
4.28571
4.80952
1.0381
3.85714
1.1619
1.18095
1.06667
2.81905
5.3619
1.24762
3.26667
1.44762
3.04762
3.77143
3.66667
1.02857
3.21905
1.55238
1.25714
1.04762
1.0381
5.02857
1.08571
4.29524
4.44762
3.70476
2.95238
1.10476
3.27619
4.2381
1.08571
1.12381
4.00952
1.09524
1.11429
1.12381
1.00952
1.32381
4.31429
1.13333
1.11429
4.48571
1.17143
3.99048
3.85714
1.05714
1.05714
4.26667
1.28571
1.19048
1.20952
4.44762
1.12381
1.62857
3.78095
4.10476
1
1
1.13333
1
3.50476
1.39048
4.12381
1.02857
1.0381
4.19048
1.00952
1
1.05714
1.60952
4.12381
3.86667
3.94286
1.01905
3.5619
1.11429
1
1.07619
4.34286
1.30476
1.29524
1.2381
5.99048
5.11429
3.77143
1
1.30476
2.06667
1.06667
1
1
1.1619
3.49524
1
1.31429
1.14286
1.04762
4.54286
1.05714
1.01905
3.08571
1.44762
1.02857
1.13333
1.06667
1.41905
5.3619
1
1.04762
1.1619
1.05714
2.99048
1.01905
1.13333
1.67619
1.59048
1.02857
1.08571
1.18095
1.13333
3.52381
4.25714
3.1619
1.35238
1.35238
2.95238
2.47619
1.30476
1.08571
1.5619
1
4.04762
2.54286
1.15238
2.0381
1.27619
3.2381
3.97143
1.60952
3.97143
4.34286
1.62857
4.97143
1.0381
1.42857
8.90476
1.60952
3.91429
1.1619
5.47619
1.33333
1.09524
1.09524
4.54286
1.01905
1.10476
1.39048
1.57143
1.14286
1.30476
1
1.20952
3.1619
3.8
2.33333
3.92381
1.32381
3.66667
1.27619
1.2
1.22857
2.95238
2.8
4.31429
2.37143
3.7619
1.01905
1.26667
3.8381
3.52381
3.09524
1.25714
3.06667
1
1.11429
1.21905
1.15238
1.05714
1.18095
1.02857
1.37143
1.01905
1.55238
1.12381
1.12381
1.35238
1.29524
1.11429
1.01905
1.09524
1.0381
1.09524
1.06667
4.35238
1.00952
1.0381
1.07619
3.5619
1.00952
1.05714
1.00952
4.01905
3.66667
1.2
1.00952
3.9619
2.48571
2.17143
1.17143
1.11429
2.7619
1.00952
1.10476
1.21905
1.02857
6.09524
3.65714
3.11429
1.04762
2.98095
1.2
4.4381
1.04762
4.2381
3.91429
3.14286
3.79048
2.22857
1.40952
1.13333
3.04762
4.41905
4.31429
1.20952
2.40952
1.72381
1.20952
1.18095
1.11429
2.82857
1.01905
3.08571
3.19048
1.02857
1.29524
1.47619
1.61905
1.08571
4.42857
1.18095
1.40952
1.18095
2.61905
2.95238
1.02857
1.20952
4.52381
1
1.22857
4.7619
2.79048
1.19048
1.11429
1.00952
1
3.24762
3.5619
3.35238
3.22857
1.10476
1.24762
3.52381
1.15238
1.17143
3.0381
1.07619
4.59048
3.59048
1.11429
1.0381
1
2.8
3.67619
1.04762
1.07619
1.18095
3.2
1.09524
3.92381
1.00952
1
1.12381
1
1.05714
1.2381
1.17143
1.07619
1.08571
1.02857
1
1.11429
2.68571
1.09524
3.15238
1.51429
1.14286
1.00952
1
1.27619
1.00952
6.75238
1.22857
1
3.30476
1.12381
4.17143
1.12381
3.32381
2.11429
1
1.09524
1.18095
1.09524
3.50476
1.2
1.51429
3.57143
1.11429
1.21905
1
1.07619
1
1.14286
1.12381
4.09524
3.73333
2.74286
1.06667
1.01905
1
1.84762
4.99048
3.60952
1.01905
3.09524
4.72381
1.47619
1.04762
1.02857
3.42857
1
1.4
1.15238
1.17143
1.09524
1
4.3619
1.01905
1.57143
3.08571
1.01905
1.13333
2.20952
1.01905
1.14286
1.10476
2.90476
1.02857
1.17143
4.31429
1.0381
1.24762
1
4.8381
3.31429
1.29524
1.10476
2.02857
1
1.15238
3.45714
1.10476
1.12381
4.85714
1.19048
4.30476
3.99048
2.72381
1.19048
1.69524
1.28571
1.2
1.20952
3.35238
1.30476
1.0381
1.00952
3.79048
1.17143
1.09524
1.05714
3.66667
1.05714
1.01905
1.27619
1.0381
1.02857
1.10476
3.26667
3.88571
1.45714
1.10476
4.22857
3.29524
1.19048
3.27619
1.22857
1.07619
4.48571
3
1.10476
1.5619
3.58095
1.30476
1.00952
3.54286
2.72381
1.3619
3.7619
1
4.3619
1.0381
4.80952
1.06667
1.2381
3.66667
1.18095
4.14286
2.9619
1.81905
1.02857
1.18095
1.18095
1.11429
1.08571
1.15238
1.00952
2.93333
4.10476
4.68571
4.05714
1.06667
1.0381
2.2381
4.27619
4.4
1
1.0381
1.1619
1.01905
1.7619
1.02857
1.30476
1
1.07619
2.04762
1
2.81905
1.0381
3.78095
3.92381
1.19048
1.22857
3.2
4.30476
1.10476
5.00952
1
1.1619
2.64762
3.62857
2.6
4.99048
1.12381
1.05714
1.2
1.07619
2.84762
3.3619
4.77143
1
3.00952
4.18095
1.08571
1.08571
3.84762
5.5619
1.18095
1.95238
1.00952
2.00952
3.6
3.11429
1
1.2
1.28571
3.98095
1.65714
1.27619
3.67619
1.02857
3.29524
1.08571
3.91429
1.09524
1.26667
1.08571
3.22857
5.4381
1.17143
1.2
1.25714
1.07619
3.9619
1.07619
1.28571
1.1619
3.47619
3.44762
3.52381
1.01905
1.19048
1.33333
3.18095
5.54286
1.11429
1.47619
4.95238
5.08571
2.44762
1.02857
3.27619
1.11429
1
4.05714
1.38095
1.32381
2.20952
1.1619
1.01905
1
1.12381
2.59048
4.38095
1.39048
1.15238
1.09524
1.25714
1.35238
3.54286
5.30476
2.86667
1.59048
1.12381
1
4.33333
4.75238
3.54286
2.9619
1.21905
2.91429
1.2
2.77143
3.90476
3.6
1.3619
2.93333
1.02857
1.14286
1.00952
3.67619
1.11429
1.08571
1.06667
1.18095
1
3.67619
1.2
1
3.52381
3.87619
3.47619
3.81905
1
1.01905
1.19048
1.19048
1.45714
4.22857
1.51429
1.12381
3.59048
1.11429
1
5.0381
2.75238
1.11429
1.01905
4.28571
4.34286
1.75238
2.77143
1.26667
1
1.12381
1
1.01905
1.04762
1.13333
1.21905
1.2
1.21905
1.2
2.26667
3.58095
1.15238
1.21905
1.29524
3.99048
1.08571
1
2.45714
3.14286
1.4
1.10476
1.01905
5.54286
1.20952
1.1619
3.8
1.15238
1.2
1.07619
1
1.22857
1.02857
4.32381
1
1.06667
1.34286
4.33333
3.60952
1.2
1.09524
1.1619
3.81905
3.15238
1.00952
4.28571
2.06667
1.30476
1.28571
1
4.62857
3.12381
1.06667
3.97143
1.07619
1.09524
1.06667
1.00952
4.80952
3.13333
1.08571
1.2
3.70476
1.01905
5.47619
4.87619
1.46667
3.3619
1.15238
1.01905
1
1.13333
1
1.17143
1
4.01905
1.27619
1.00952
1.04762
1.05714
1.06667
4.79048
1.01905
1.14286
4.38095
4.20952
1
3.09524
1
2.62857
1.00952
2.71429
3.08571
1.02857
1.65714
1.05714
3.97143
1.06667
1.0381
1.17143
3.37143
1.01905
3.71429
1.11429
3.27619
3.70476
1.07619
3.47619
1.00952
1.20952
3.85714
1.24762
3.29524
3.90476
1.17143
1.04762
3.89524
1.15238
1.21905
4.18095
1.12381
1.17143
3.90476
3.14286
1.12381
1.30476
3.70476
4.47619
3.35238
3.13333
1.31429
3.42857
1.12381
4.06667
1.00952
1.00952
5.06667
4.4
1.10476
1.05714
3.57143
1.06667
1
1.25714
3.00952
1.15238
4.5619
1.05714
3.19048
1
3.31429
1.2
1.45714
1.19048
3.39048
1.00952
1.04762
1.33333
1.34286
3.0381
1.07619
4.87619
4.80952
1.05714
3.8381
1.18095
1.10476
1.02857
1.0381
1.15238
3.31429
3.59048
4.42857
1.00952
1.05714
1.04762
1.17143
1.92381
1.02857
3.68571
1.15238
3.24762
1
1.53333
3.98095
2.92381
1.00952
1.19048
3.08571
1
1.07619
4.10476
1.11429
1
1
1.22857
1.27619
1.3619
4.51429
1
2.47619
3.09524
1
1.10476
1.11429
3.21905
2.74286
4.73333
3.6381
2.9619
1.05714
2.84762
1.60952
3.47619
4.15238
3.68571
1.02857
4.06667
2.20952
4.26667
1.10476
3.61905
1.60952
1.21905
1.34286
1.2381
1.10476
1.05714
3.26667
1.13333
1
1.31429
1.88571
1.09524
1
1.08571
1.10476
1.40952
1.07619
1.08571
1.21905
1.3619
1
3.51429
1.24762
1.22857
