10876 34740
32.0571
22.2857
5.97143
25.9905
7.75238
14.4762
25.0095
10.381
17.8857
20.7048
30.6
9.39048
17.6286
9.93333
35.381
17.4286
4.81905
23.7905
8.41905
28.581
36.019
14.7619
5.2
19.381
4.4381
21.3333
22.5333
7.4
7.62857
5.95238
6.70476
10.0381
13.5048
11.7524
8.94286
6.73333
19.8095
17.5524
18.4762
17.4857
4.4
27.5524
42.5905
18.3524
7.68571
10.2762
20.2381
22.4762
5.25714
17.381
8.42857
15.8762
18.4952
10.8
14.4095
26.8952
4.98095
12.7333
14.5143
12.1048
23.6762
24.9714
29.5333
21.7333
6.99048
23.0571
10.8095
5.40952
28.6
8.59048
34.181
14.3238
16.2952
19.619
28.5238
13.1905
13.2857
14.2
15.9143
16.781
18.4952
9.32381
9.13333
23.419
12.419
11.8667
33.4571
21.6
11.1238
11.1333
10.5143
12.6381
8.26667
23.4286
8.42857
11.7048
25.6952
24.8952
10.5238
22.4095
33.6857
17.4381
14.7048
7.22857
15.2762
22.0762
17.0667
5.75238
5.86667
23.0952
16.7619
11.4571
18.7143
10.0095
13.1143
15.1714
11.0857
19.2762
21.0762
18.3905
35.8476
11.2
7.40952
9.95238
5.87619
35.8286
24.8286
30.0095
28.1619
27.6952
12.1048
17.9429
11.2286
7.0381
31
22.7619
18.3524
19.2095
21.9333
7.9619
22.5333
36.819
17.9905
13.1714
6.55238
29.4857
24.2476
25.4667
15.7619
19.8381
15.4381
28.3238
27.2762
15.9905
17.2952
23.3143
26.9524
13.6286
8.00952
15.4286
16.2762
29.6857
12.5714
15.181
25.5238
19.581
13.6762
9.66667
21.2857
9.60952
12.3238
14.9524
13.1524
12.2667
11.8476
5.46667
18.219
22.2381
26.9905
22.7905
21.2857
23.5524
7.93333
31.9524
18.3238
12.3333
13.2
12.6476
17.019
35.8476
23.5333
19.4762
19.0476
16.3714
28.3143
11.9524
8.70476
12.7619
9.47619
26.8952
15.1429
11.219
15.1333
17.019
6.59048
6.87619
18.2762
8.34286
21.7143
22.1524
12.1333
27.2857
8.28571
22.4381
21.6381
11.6095
13.1429
7.04762
19.9238
6.75238
10.9143
8.53333
19.7429
30.8
16.6095
9.14286
12.3429
7.77143
7.86667
7.34286
19.9714
13.4381
13.5429
11.8476
14.2
11.2667
20.0381
9.37143
6.06667
13.019
8.8
9.02857
5.45714
14.5429
25.7333
31.8571
26
24.4571
18.6952
17.5333
12.1619
18.1714
15.4667
10.581
16.1524
15.5619
21.0857
15.4095
15.3524
11.981
19.9714
18.7333
19.4286
6.10476
14.219
5.61905
21.1714
28.4857
36.7048
22.7905
26.6667
28.7905
37.5429
13.0952
8.6
19.3048
24.9714
11.6
23.5333
25.2381
24.0762
17.8857
7.8381
9.2
21.8667
24.3714
9.04762
23.581
17.1143
26.9143
26.1714
21
20.9429
21.1714
16.2095
23.7143
16.219
25.1905
22.4381
11.1905
10.781
23.4571
19.5619
25.6857
25.0476
14.6476
17.6095
12.8667
8.01905
19.6476
27.3619
25.9143
19.4476
28.1619
19.2857
10.9333
8.18095
23.1429
28.3619
17.5238
8.92381
5.53333
18.0381
15.9905
17.9143
14.6667
18.4762
24.4286
24.7333
16.5619
5.11429
38.7429
5.73333
6.62857
9.84762
10.6095
7.10476
6.14286
16.619
18.419
20.0762
8.5619
6.14286
10.0857
7.06667
16.7143
37.3048
8
11.6952
11.3714
16.3238
23.7333
23.1524
6.66667
13.2095
12.4476
20.1429
10.7333
16.581
7.30476
4.2
22.0286
8.69524
14.5333
15.3619
18.381
13.1048
18.7048
13.5714
17.7619
15.2
13.0286
10.9238
10.8667
7.15238
6.4
9.97143
9.41905
23.381
19.3048
11.0952
9.30476
32.0381
31.5143
11.0762
43.3619
30.8286
33.8952
19.0667
17.2095
13.4571
21.7238
29.4762
21.4381
28.5333
21.6476
23.9048
20.9238
17.581
14.8952
5.92381
18.0286
10.2857
24.6286
10.2
9.51429
24.1714
28.0952
22.2476
23.6381
5.78095
11.3619
21.4
15.6286
15.1524
19.1238
9.85714
19.3333
21.7143
10.4476
29.419
15.4857
14.1619
11.0667
22.219
12.9714
13.6857
7.99048
5.05714
9.77143
15.2857
10.4762
18.5905
5.86667
21.1238
15.2667
20.9048
13.1048
18.3048
13.9333
19.0667
14.5333
17.3524
12.4476
15.1905
26.2857
22.2381
11.9905
7.6
13.7619
25.7048
15.3619
31.3048
16.3619
21.5524
14.4286
27.7429
14.6762
24.3048
14.6571
18.0095
14.5333
24.2381
18.8095
13.1524
11.1714
11.0952
6.08571
8.2
11.8857
27.0286
13.019
4.38095
14.7619
13.2286
18.1333
26.1619
27.0476
17.4667
21
12.6667
19.4381
20.5333
5.64762
22.6571
11.9429
21.8762
17.0286
14.5429
24.2857
40.4952
13.1714
22.5143
24.3238
16.5048
16.4857
11.2476
14.4381
20.4095
9.59048
23.8381
28.1619
23.7143
6.14286
22.5429
16.8571
30.3333
19.0952
31.5143
28.6571
17.9429
7.74286
13.1714
12.8571
19.1333
8.68571
29.3333
13.5143
5.95238
14.1429
5.6381
19.8476
22.7619
16.5905
7.37143
26.4667
18.6857
9.73333
25.581
16.6952
23.5619
6.15238
5.54286
8.48571
14.9905
6.45714
13.6762
34.4857
18.4381
4.42857
12.1524
11.5333
21.4857
23.2095
22.4857
22.3143
19.1333
15.3905
10.2667
14.6667
16.0381
20.0667
13.0286
9.6381
15.8857
9.94286
20.1238
14.781
9.91429
15.9714
11.1524
28.2667
18.0762
6.06667
10.4667
38.2952
24.4
25.181
22.0476
16.3048
43.1333
19.1429
14.3429
21.6857
18.5333
20.7905
15.7048
33.019
6.74286
28.8952
17.8667
11.1524
16.9238
13.6857
5.4381
7.91429
18.1619
39.4952
23.1714
9.95238
27.8762
5.73333
21.3714
12.0857
8.40952
24.1619
9.86667
16.0381
9.47619
26.9429
17.1143
8.04762
19.9333
15.2762
12.419
7.90476
16.0095
31.419
16.2667
22.6286
33.1333
27.3905
6.80952
4.5619
9.86667
5.46667
22.381
7.78095
32.6095
16.8476
11.3429
9.4381
13.381
13.0286
24.5714
27.4
7.90476
16.6095
19.8667
17.4857
12.3619
16.1714
7.77143
7.24762
4.97143
12.7048
14.581
19.819
13.6476
36.5905
8.09524
12.4381
31.8095
9.99048
4.77143
9.94286
7.55238
6.20952
18.5524
15.5619
10.2762
11.1238
14.581
12.0476
36.2571
11.1905
17.6476
21.4667
23.3143
21.6095
7.8381
10.8952
15.4286
20.0286
24.7619
9.25714
15.981
26.4
19.6095
21.3619
13.4762
20.6
6.68571
5.61905
19.4
19.4286
18.9333
18.8571
17.9619
17.8381
13.5524
27.2857
20.9429
14.8667
16.1143
11.9429
23.9714
29.7143
23.8952
12.381
11.7714
10.3905
29.1714
14.1619
17.981
15.0762
22.019
7.49524
18.5048
8.01905
7.87619
24.4381
33.3714
17.819
9.67619
13.2571
32.5905
6.25714
15.7905
14.4
10.8762
21.0667
15.2476
13.9429
10.4952
9.70476
11.6476
24.9333
21.0286
4.09524
27.781
8.89524
26.6952
26.619
19.619
15.4952
20.0095
25.2095
30.4381
9.94286
14.3143
35.0857
25.1619
27.5619
5.52381
5.6
6.08571
16.0952
12.9524
30.1333
4.09524
9.18095
23.9714
10.0476
6.14286
23.6952
13.9905
28.1714
16.2
16.3905
20.619
25.019
8.32381
13.1238
11.181
7.38095
12.5333
25.2476
7.65714
33.9238
17.8667
12.8762
14.6
20.419
12.7238
33.4095
7.53333
22.781
17.1619
19.2095
23.2857
4.40952
12.9429
41.819
11.2
24.5905
24.3905
18.0095
27.1905
18.2857
22.1238
20.781
23.9429
23.2667
17.6381
14.3429
15.8286
6.0381
19.0476
13.5048
9.50476
32.619
22.7619
40.7333
18.7619
14.0667
32.2667
24.0381
20
20.1714
7.07619
21.0667
35.3238
18.981
18.9429
11.9238
22.2952
8.53333
9.33333
25.4095
26.1143
14.2667
5.30476
16.9333
5.69524
18.5429
18.7619
9.95238
17.4381
20.8857
25.7524
24.9143
18.7333
47.9714
9.93333
14.1524
17.6095
15.5524
9.60952
17.4
24.2857
24.5429
16.0095
18.8857
14.1048
23.3048
14.5238
12.2476
14
12.4857
18.6
13.6095
6.77143
6.27619
9.94286
13.2952
15.0381
14.9333
13.3524
22.1143
13.6286
19.2857
10.581
18.4667
19.7143
20.2
5.04762
15.2476
8.14286
4.26667
7.29524
14.5048
10.3905
6.67619
5.68571
23.5048
18.1333
15.8952
9.12381
18.0571
17.181
12.0381
28.3143
7.71429
17.2762
4.45714
12.219
14.0286
22.3619
9.3619
20.5524
6.68571
12.1048
8.77143
27.6
14.6667
9.39048
11.2
9.34286
6.72381
10.9238
4.24762
20.8952
28.4571
21.7333
31.1714
17.9714
5.26667
13.381
9.24762
11.7524
21.8667
19.0476
5.39048
8.97143
15.1143
8.45714
10.0952
20.8381
12.9905
14.6857
24.5333
12.5333
16.581
12.4571
21.2762
14.7143
26.9143
17.0857
22.1143
10.3238
12.6762
22.7048
17.1333
14.981
7.99048
11.9524
10.4667
8.70476
5.64762
31.8476
18.1048
12.6
22.9714
35.381
23.3905
6.37143
14.7333
19.0476
17.8667
11.3905
17.3143
23.8
27.2381
6.29524
27.0762
31.1333
27.2476
29.2095
12.2952
8.17143
29.8857
17.5429
24.0762
13.6095
18.981
7.7619
13.1143
21.9429
25.4667
15.3524
26.6952
10.7143
28.5333
29.3238
14
24.5238
20.4286
23.4286
10.9143
22.8476
19.8571
27.4762
10.5048
10.4857
17
21.9238
22.5905
30.5048
25.1714
29.4
8.00952
7.37143
4.75238
9.81905
16.1333
22.0286
23.581
30.6476
12.9619
23.8571
12.2762
13.6952
27.3048
8.31429
19.1905
20.2952
26.1714
25
10.4762
4.84762
27.2476
5.64762
15
21.9905
23.7905
9.28571
11.381
8.24762
12.6095
11.3048
10.181
25.1905
11.2095
15.4095
21.3143
25.8571
19.7238
23.5905
19.9333
27.6667
12.3429
12.4381
19.0952
10.2476
8.33333
31.4
21.2857
5.60952
17.8667
24.2571
17.5333
37.3905
23.0286
21.4286
11.3619
11.1619
38.1143
11.6762
24.3429
40.6571
8.38095
13.3048
16.4381
11.2571
15.781
7.53333
8.31429
4.26667
13.9238
23.7238
21.7333
18.9905
15.4762
25.3429
16.6667
24.1333
24.0952
20.9714
15.6667
14.4667
21.1524
13.8476
25.5333
30.7048
19.8857
20.2095
10.3524
28.6095
17.7238
5.50476
18.9619
6.64762
7.53333
12.4381
14.0381
12.981
21.1238
31.6286
23.7429
18.4095
9.47619
7.80952
16.5048
23.0571
15.2762
9.98095
15.8571
7.4381
12.8857
23.4095
12.4762
33.3714
14.4381
15.2762
10.8952
6.9619
27.7143
10.5714
29.7143
6.32381
7.78095
18.4
38.5905
29.1524
24.8095
20.0667
19.9905
13.981
8.2381
17.8
12.819
9.86667
12.1238
9.13333
17.3238
6.75238
20.5619
9.48571
16.2095
19.5619
20.2952
28.9048
27.4952
12.9333
28.5143
25.581
19.8762
16.2286
4.26667
37.2952
22.8
18.181
10.4667
18.9048
11.8571
20.2571
7.86667
13.1714
8.69524
13.381
21.9524
6.46667
16.3048
9.22857
11.3048
29.8286
40.019
19.819
22.6095
15.4952
9.62857
5.84762
6.62857
12.5714
17.7333
17.1524
24.2286
7.37143
9.79048
10.8095
18.8762
34.2952
31.1238
18.2286
17.3714
7.42857
24.1714
20.8667
12.5714
21.3048
21.9048
16.2286
28.619
15.019
11.1619
27.581
8.04762
13.1048
22.0095
11.219
22.1905
22.1429
14.5905
16.4286
5.44762
8.02857
7.57143
17.1429
11.781
14.8667
16.2095
6.68571
22.7238
16.2381
22.8476
23.8286
21.3714
4.47619
17.0667
19.6476
17.1619
16.6286
7.68571
10.7524
30.4381
15.4095
26.0952
17.181
8.88571
6.62857
19.5143
9.54286
10.4286
16.0857
23.7429
9.85714
11.0667
13.5714
26.981
6.10476
17.2952
24.8095
9.41905
18.8952
10.2
22.2095
18.9048
12.9333
18.3238
22.7333
15.3238
14.1143
8.39048
5.5619
10.2095
17.5429
4.97143
10.1619
5.24762
25.2952
13.419
14.8
31.3905
19.4095
17.7429
8.24762
5.99048
19.0857
11.2286
37.619
8.06667
27.1333
10.6667
16.9238
15.1905
4.90476
25.1238
6.67619
7.09524
14.7619
15.0095
42.1333
29.219
15.7524
22.0476
18.1333
21.3524
13.5429
10.6857
19.581
14.2381
33.4095
14
33.019
11.4095
14.1429
10.819
19.2762
5.69524
8.90476
14.019
24.0857
11.2476
20.819
17.8286
5.07619
13.8
12.3524
11.1714
16.5429
18.4952
6.93333
26.6857
22.4095
18.2571
9.3619
11
6.2
13.6286
11.5619
9
19.2381
10.0857
19.5524
8.95238
29.2381
14.8952
33.4476
10.5048
28.7238
16.3619
13.4381
13.7238
14.5524
22.3524
24.0667
13.7905
15.4762
21.3333
21.6667
17.8095
28.1905
11.4667
23.5429
31.5048
9.87619
10.5048
8.59048
13.2
17.4952
13.3143
15.7429
11.8
15.3524
8.24762
24.5143
11.2667
5.99048
15.2095
19.0571
20.6857
11.3333
8.53333
8.69524
26.6762
17.8095
18.1619
17.6667
10.2286
14.6762
21.7143
5.53333
18.9238
8.50476
7.97143
20.0476
17.7619
20.8381
14.1143
12.0762
4.8381
13.0381
11.9143
22.2667
22.0857
12.4571
13.419
23.9048
7.51429
8.91429
12.8762
8.79048
12.5619
34.3429
6.10476
5.40952
20.2381
14.0952
13.3619
22.0476
20.2952
6.74286
20.4952
6.14286
10.0476
22.2286
17.3429
6.77143
17.8476
11.6381
14.1143
23.5714
11.7333
20.5524
10.4762
9.69524
6.80952
26.8952
15.3714
7.59048
20.1524
12.6667
10.0667
25.5714
11.7714
10.0952
20.7238
21.7905
11.9619
22.3048
6.66667
16.6952
12.3143
30.019
21.019
19.7524
23.4667
24.7619
4.68571
23.8381
12.1048
14.1238
13.8667
14.8381
14.0952
16.4286
10.4857
15.6667
11.3714
23.0762
7.53333
18.7714
7.88571
9.20952
10.6286
8.01905
27.5619
13.6952
48.219
10.5714
5.44762
26.0762
21.3524
13.219
28.6762
12.8857
14.7143
39.419
36.7429
9.69524
12.9429
14.0286
21.2857
20.4762
14.6952
22.5905
6.12381
12.581
20.781
8.58095
14.7714
24.781
26.4286
25.7429
6.72381
9.61905
13.2
17.819
28.2381
19.9333
23.3905
14.981
9.2381
26.6095
13.1048
32.1905
24.7333
15.181
19.6857
25.9524
14.8286
20.5238
25.3905
18.7143
21.3619
20.9714
15.4095
33.1238
40.9238
22.6571
5.66667
11.4381
17.1714
17.619
24.4381
25.6476
22.3143
7.08571
19.581
10.4286
29.1905
20.7238
29.2286
15.0381
12.8571
9.02857
9.08571
14.6571
21.6286
8.77143
16.181
15.7048
32.7143
13.8476
22.4667
12
29.4952
8.28571
15.5048
9.89524
30.5524
31.981
15.5143
16.4381
9.34286
17.7619
15.2571
14.6286
16.019
5.87619
6.57143
12.3524
5.53333
6.65714
14.3714
14.981
20.4571
25.3429
18.9524
12.4286
6.45714
9.61905
10.019
22.3333
15.0095
34.2
10.181
4.9619
22.8286
14.9619
16.1238
14.7905
18.2857
16.3048
12.5714
19.2571
17.6571
32.0286
4.60952
16.0667
16.0857
4.42857
20.3524
18
34.9333
13.8095
10.1619
17.3619
26.4381
18.1905
17.7429
6.15238
24.6286
11.4476
29.3048
12.2857
16.2667
25.819
27.0952
29.7333
20.0381
14.8857
15.7905
25.2952
16.5048
19.3619
12.5619
7.06667
9.9619
12.5143
26.0857
27.5048
22.5048
18.9429
27.7333
14.1333
19.6095
9.25714
11.2286
14.0952
13.0571
13.7714
5.75238
6.86667
6.81905
6.99048
7.20952
9.11429
5.32381
13.3619
11.4381
33.9714
12.581
26.781
5.07619
19.3048
11.619
17.3238
18.8857
39.0095
8.37143
7.3619
5.19048
19.6
14.6381
13.4
7.4
27.6857
39.4095
11.1333
16.4857
21.9048
12.781
13.2762
26.5905
13.3714
5.1619
5.51429
18.4381
17.6762
31.5714
19.9714
17.0952
25.9619
16.9143
21.8857
8.93333
7.49524
14.3048
14.7429
12.1905
11.4952
4.80952
25.5048
21.6667
9.79048
10.419
17.9333
14.5714
20.381
12.5619
6.79048
14.7429
16.3429
6.69524
23.2286
22.981
22.3238
13.1524
6.32381
8.14286
10.1143
37.6095
27.2095
6.97143
8.58095
19.581
8.45714
12.9238
10.1048
21.1524
22.7143
27.0952
22.0667
22.381
6.81905
31.1048
4.10476
11.6762
30.5619
10.7429
13.8476
22.1619
21.2571
6.35238
7.81905
7.75238
19.5238
11.1238
9.20952
15.2952
5.55238
6.4
8.57143
34.5143
17.581
19.4571
9.33333
12.8762
15.8571
8.84762
11.2476
13.9714
15.9333
11.6476
5.55238
11.0381
13.5429
34.5048
23.5714
20.8286
37.9143
5.37143
21.3238
25.5619
19.6286
20.6571
15.4381
12.0571
17.0857
23.2762
17.9238
5.5619
9.88571
13.0476
19.8286
6.1619
8.50476
15.4286
26.9143
4.73333
23.3333
24.2857
5.92381
7.69524
32
17.5048
11.4857
7.19048
14.5524
10.4
10.4762
14.7524
5.82857
15.8476
26.0667
19.3333
15.8571
5.3619
17.3714
12.5714
12.8476
13.9429
4.40952
12.3238
10.4095
10.8667
22.781
24.8762
13.8952
13.0762
18.6286
14.0762
12.381
7.98095
6.40952
5.90476
10.2381
23.6571
5.86667
8.14286
20.9905
11.4095
6.42857
21.0952
11.3333
9.85714
21.3714
8.25714
20.3905
12.8952
13.581
7.57143
14.6667
9.97143
12.6381
61.9048
24.0571
21.6381
19.0952
12
22.8952
10.0571
30.1429
23.9524
13.3333
18.8762
34.0095
21.9619
18.2286
19.8762
18.1333
7.4
13.4381
5.17143
12.3714
35.619
9.8381
23.7524
21.4
10.0952
20.3524
5.24762
24.5333
6.48571
10.5048
20.1714
16.6476
7.81905
11.981
22.3333
8.2
14.6667
18.381
21.419
24.8286
9.41905
15.9429
8.81905
16.6571
29.3429
31.9333
11.2667
20.6952
7.82857
8.70476
31.0381
8.19048
11.6571
23.419
16.4667
6.88571
30
8.71429
11.181
15.6667
6.93333
23.0095
18.181
20.4095
25.8762
26.7524
14.9619
17.381
24.2952
18.4952
13.1238
28.0857
10.7238
9.39048
12.8476
22.1619
15
5.80952
15.5524
17.7238
23.1429
18.8857
9.31429
25.5429
16.6571
27.8095
28.3429
19.2952
27.0667
18.6571
15.4667
9.30476
27.3524
23.0286
23
18.9714
7.57143
20.4952
12.8476
26.4762
11.4952
21.0857
6.80952
5.60952
12.219
17.8667
23.2381
6.53333
15.9429
8.18095
24.2857
6.8381
15.6
17.0095
15.3429
11.5333
9.91429
21.8667
19.2762
32.581
23.9619
10.7905
16.4286
5.66667
7.34286
8.68571
18.7048
7.68571
5.75238
18.8571
21.6667
16.4571
19.3714
10.5048
11.981
13.181
8
19.4857
5.57143
13.6095
31.8476
18.7905
29.0762
21.0857
12.3905
11.3714
12.5238
4.79048
5.64762
13.1048
5.39048
19.9905
21.0667
17.0381
10.7333
19.181
5.59048
8.69524
12.2952
24.1619
18.8667
17.4857
21.8857
9.6381
16.2476
8.17143
22.3905
19.9238
26.981
12.8476
22.9238
12.1048
7.64762
28.6286
15.0095
17.0667
19.8476
9.00952
9.37143
19.4762
24.5714
23.9143
8.4
24.5714
36.9524
12.1524
22.581
40.3524
17.5619
19.3048
9.78095
14.2476
13.619
21.1429
11.4095
20.219
17.3143
21.5714
6.17143
10.4381
9.44762
19.8571
10.3905
20.4571
7.67619
23.6571
8.49524
31.9143
14.5143
20.8857
13.981
4.8381
7.05714
13.7333
11
9.49524
19.8762
8.41905
7.37143
15.3714
9.48571
10.4571
13.619
10.9048
9.51429
27.3238
14.019
11.8667
18.7619
4.77143
17.6286
13.7333
12.1048
10.6381
25.9429
19.2095
19.8762
10.3238
5.66667
19.2095
20.781
11.5714
14.381
9.58095
11.4381
18.5429
31.1524
20.819
11.8286
27.219
33.8
13.2762
6.48571
22
5.51429
23.7238
29.5048
21.2095
23.981
19.3143
9.48571
13.3524
12.7619
8.8
18.8667
22.4857
15.9048
9.55238
22.5714
11.3238
14.9524
13.8476
21.5048
21.4952
4.95238
17.1714
18.3524
9.65714
17.4381
7.27619
10.4476
19.5524
15.219
7.41905
23.819
8.9619
8.44762
15.8667
5.49524
25.4
18.2381
24.7429
21.4286
8.62857
11.8381
13.981
4.53333
22.4
8.33333
27.4952
14.0381
32.9524
8.37143
17.4857
10.3048
11.4857
9.50476
16.6381
32.181
21.4095
10.7714
17.1524
11.4667
27.1238
27.581
13.0381
28.3333
15.7905
14.3333
20.7429
26.4571
10.3619
18.3524
12
11.219
10.3905
19.781
11.8571
7.50476
26.9143
26.4762
19.8476
8.66667
12.2381
23.0476
17.8857
28.4
21.4667
14.7714
18.2
14.6571
21.4286
20.6286
16.781
5
7.05714
5.22857
29.6381
9.46667
18.9714
16.0857
9.04762
12.8857
14.3143
19.5238
24.0381
16.0857
4.5619
28.581
5.06667
5.44762
17.3238
21.2571
12.5524
17.2381
22.6381
21.5524
39.0095
15.7333
23.2476
14.381
28.5619
23
6.92381
22.7238
20.5333
10.0762
6.27619
10.9333
10.8857
15.7619
11.9524
8.42857
5.95238
25.2857
17.6
16.0095
28.1714
19.4667
14.5619
6.19048
25.819
20.4857
13.7333
6.78095
22.1143
16.6667
13.5429
19.2
27.0952
10.0952
19.7619
19.1143
5.37143
5.54286
21.4381
18.2762
17.019
14.4476
6.35238
5.77143
37
14.5619
10.5238
11.2667
32.5143
12.581
7.08571
18.4381
5.88571
7.54286
24.4952
4.50476
10.0095
5.38095
13.3714
5.65714
16.2381
4.42857
25.2952
18.5333
9.97143
4.62857
20.1619
23.7429
18.3143
5.73333
18.7714
17.2857
14.5429
20.4952
19.2857
11.3429
8.8
16.7048
24.2762
13.5333
10.2762
12.8095
8.4381
11.4952
6.22857
7.48571
5.42857
19.381
14.0762
6.53333
12.8667
25.2762
21.2857
8.60952
29.4476
21.1714
12.7524
19.019
18.5714
26.3333
20.4857
4.4
16.6286
17.1619
19.7524
35.0476
6.68571
22.5429
21.9048
6.51429
9.48571
26.6476
27.2095
9.27619
13.6
18.1905
20.0381
8.62857
19.6952
19.1429
26.1048
21.9619
24.9143
10.3524
29.2
11.3238
14.5429
6.12381
8.98095
26.4286
10.2571
10.1905
30.3524
12.981
21.781
9.64762
4.70476
34.4381
16.9143
25.2857
46.5714
11.381
7.99048
5.4
14.8
20.2476
7.90476
27.5048
13.381
15.2476
17.7905
17.3238
15.5143
31.1905
23.8476
17.6286
15.5238
14.4286
24.4286
12.6286
34.019
16.3048
12.219
11.2571
11.6381
18.981
8.19048
17.6762
15.6381
8.85714
6.20952
31.6095
6.8381
5.7619
12.4
11.7143
15.1619
25.7619
15.3238
15.9905
25.8667
13.6286
8.66667
10.0476
20.4762
11.9048
9.17143
28.6286
6.41905
13.6381
27.419
21.981
14.6857
10.6857
17.2762
13.4857
6.22857
13.8095
8.37143
5.25714
21.219
22.8762
11.7048
12.1524
30.7524
25.819
25.5429
18.3048
6.0381
10.8762
12.5238
11.181
21.9905
25.8095
21.3143
18.5048
10.5333
8.70476
24.6476
19.819
11.781
10.7714
15.3048
10.4
15.7619
10.7619
15.619
15.4381
20.2
18.8762
11
40.3238
7.18095
11.9524
15.6476
5.2
14.9048
4.74286
28.2571
16.3524
13.5714
19.8286
12.0286
23.8286
14.9238
7.88571
9.62857
15.9429
12.819
15.6
28.0286
11.7333
16.5429
15.1905
10.419
6.00952
8.40952
23.2381
11.4
7.87619
6.97143
14.6095
18.2667
8.38095
35.1714
17.9238
11.0476
23.4095
8.42857
10.6286
7.71429
25.5619
20.9048
26.7619
30.6095
21.8095
9.40952
7.35238
18.3429
23.2095
13.8857
24.2
19.9619
16.4571
12
22.6476
16.1714
12.2667
23.0571
14.5619
7.4381
23.4667
22.9905
10.0381
26.3333
6.50476
11.6286
17.2667
10.9524
11.981
10.5333
28.3238
17.6476
23.2952
23.8476
22.8762
21.8381
8.75238
11.0286
10.6571
12.2952
7.42857
28.5143
16.1905
7.61905
12.9143
14.3143
10.8952
14.5333
12.7619
11.0667
21.4
19.3333
7.07619
5.77143
16.219
8.09524
13.5714
8.5619
22.6762
12.0476
18.9714
13.6286
10.781
18.7905
31.781
9.00952
18.3524
17.2095
15.8381
14.9619
41.5238
14.1714
5.80952
34
18.0571
11.4381
7.09524
15.5714
18.0952
13.5333
12.7429
12.7048
32.7429
10.981
5.01905
12.6571
29.0095
30.1524
12.5429
19.3429
14.3238
32.9048
19.7524
14.2381
4.35238
23.1905
20.1333
26.1429
9.5619
8.24762
18.2952
13.9429
34.2571
8.4381
11.6286
39.0476
11.3238
33.6952
11.3143
16.7333
20.1714
12.8
8.58095
21.8571
24.981
7.50476
25.0571
6.80952
9.15238
22.3619
11.4286
4.70476
16.8381
18.6
15.5429
15.0571
10.4667
33.4476
31.4
9.2
19.7429
4.8381
6.24762
4.41905
11.9143
40.1429
13.9905
20.3429
19.8667
13.4762
9.74286
22.4571
8.30476
14.5905
23.5333
7.52381
16.9429
7.6381
15.3714
5.7619
15.1048
18.7524
25.619
21.3524
6.06667
10.2571
14.8095
19.7619
20.3524
23.7905
17.1333
28.2952
21.3429
9.60952
21.4952
15.6952
27.8476
18.5714
22.4667
11.619
14.5905
19.7619
8.65714
23.5333
20.5524
26.581
16.1333
31.7143
13.581
35.6667
25.4762
19.0762
15.4762
8.40952
6.53333
73.5429
12.5048
11.4762
25.419
12.2857
10.0476
17.5905
28.3714
11.9524
25.2476
16.5429
4.62857
8.34286
24.4571
4.88571
6.25714
14.0381
22.1429
6.92381
10.9048
19.0381
21.5143
29.3048
26.181
19.8571
7.17143
17.6667
8.01905
20.9429
8.58095
24.7333
14.2952
8.39048
9.78095
10.0667
8.22857
9.4381
5.06667
7.20952
14.8476
20.1048
19.8857
7.25714
22.7905
14.3524
15.3524
13.0476
19.8571
7.44762
13.1905
5.9619
21.819
23.1429
23.8667
15.1333
16.7714
23.7429
21.6286
25.0476
13.9333
14.5333
18.2381
16.6381
4.61905
9.12381
11.2952
13.1905
15.181
23.7714
28.1143
20.7238
13.7143
20.0952
5.22857
16.5905
18.0762
10.8857
18.1143
23.5619
14.781
17.2952
9.91429
5.91429
15.6
15.3714
27.8
6.86667
17.5714
27.1714
24.1524
10.7524
30.1238
19.0095
6.8381
10.2
30.8571
28.2381
12.5048
16.0476
26.219
10.7143
14.5143
15.781
13.5429
29.0381
12.6667
15.2
23.0857
14.5714
27.3333
6.70476
10.5238
12.419
18.1905
14.4762
14.2286
16.781
14.1619
8.8
16.0571
17.7714
14.781
6.41905
9.69524
9.64762
11.581
18.0857
5.72381
22.3429
20.2762
15.9524
12.8381
18.0762
15.9905
6.59048
10.1905
15.5619
5.12381
16.0381
33.4095
24.5238
10.0857
10.9714
9.31429
11.3429
12.9619
13.381
17.7333
14
15.3524
24.2667
20.2762
12.6381
14.9143
13.0571
6.04762
16.8857
12.1905
38.3048
15.8857
9.54286
7.80952
7.48571
17.7143
5.07619
22.1048
25.2762
17.4952
13.2
5.77143
26.8762
9.95238
18.0857
8.72381
16.9238
13.6952
6.24762
19.8476
18.7429
16.2095
13.4095
6.24762
5.4
8.38095
16
7.65714
14.7429
12.7905
7.84762
23.9333
19.2286
21.6667
25.3619
23.4
18.5429
16.7429
14.3429
36.0762
11.6476
16.819
24.5619
16.5429
14.7238
13.0667
5.57143
9.59048
20.3048
7.6381
11.4952
8.65714
10.2
21.2762
13.7048
25.181
14.7619
5.7619
9.78095
18.4571
8.8
9.8381
11.2571
13.1333
14.1143
12.7048
9.71429
13.1429
13.7524
9.59048
10.2476
16.0286
18.7524
27.4762
15.6095
35.7714
15.9714
12.2381
4.7619
13.1619
8.75238
6.58095
22.3333
6.12381
13.8
27.9905
20.581
26.4095
13.8952
11.4571
27
6.86667
29.219
18.8952
11.381
9.75238
16.619
17.1429
13.8667
8.70476
8.37143
19.181
6.20952
19.9619
5.49524
19.0667
15.6857
18.6
24.6286
37.1619
22.781
4.39048
10.3905
13.5619
17.7429
8.14286
5.30476
16.7524
19.0857
5.34286
8.21905
12.1714
13.5238
25.0095
26.381
10.4476
19.8095
5.30476
16.6
18.6286
6.8
6.12381
17
16.5905
14.781
36.9048
21.9333
7.2381
25.0762
31.8476
6.60952
17.419
10.1333
13.1714
19.2286
5.7619
39.6476
14.6381
29.581
16.3905
7.93333
6.22857
30.4476
12.6381
10.7905
33.7619
15.0571
5.85714
16.4667
11.5619
7.40952
21.781
8.13333
12.4571
17.6667
17.4381
12
6.54286
13.181
20.7429
19.0857
19.6857
27.219
16.6
11.4857
41.1905
16.6
20.3048
18.181
11.3143
8.01905
5.35238
9.51429
14.1714
9.17143
31.1143
25.5238
10.1714
7.33333
5.77143
10.0667
13.3048
16.9429
23.3143
5.10476
8.07619
18.9619
31.1429
19.3905
15.0476
19.1143
32.6667
8.34286
12.2095
14.1524
20.2381
26.0571
21.4
10.4476
17.1714
10.9333
28.0286
5.5619
5
21.3238
14.0667
22.4857
16.6952
22.9238
15.8667
9.45714
15.1905
17.0952
5.09524
17
28.5238
27.1429
18.6095
11.419
26.1238
26.6571
20.6
12.0476
7.29524
17.3905
7.4381
9.2381
15.1524
21.1048
18.5429
8.91429
10.0857
19.9905
21.3905
13.4762
16.5238
10.8476
7.81905
18.3905
10.181
10.5905
5.06667
23.9429
5.45714
25.8571
23.2571
11.4476
6.54286
7.3619
28.3048
14.0857
23.7905
4.60952
12.9905
9.42857
15.6952
20.0476
14.4667
6.7619
18.381
12.1619
17.0857
22.581
21.2857
31.2857
15.1714
8.59048
23.9143
31.4952
4.26667
29.2381
21.0952
8.08571
25.4667
23.4667
10.0762
6.01905
28.2286
10.9238
18.1333
5.41905
25.5048
7.54286
9.21905
5.27619
27.2
30.6762
31.9238
11.2476
5.99048
26.9524
41.8952
13.4762
16.3333
16.4571
31.2762
17.1714
13.3714
11.9619
23.2571
4.5619
6.47619
16.1905
15.0762
27.7619
26.1905
29.2571
6.72381
8.68571
25.4571
6.69524
24.6667
12.3048
16.7905
8.68571
28.7333
15.5524
19.8286
7.21905
11.3429
16.5619
13.8571
11.9238
20.6
19.6762
10.819
15.2857
26.7714
37.9905
13.5905
21.9905
12.0952
4.18095
14.5524
15.7714
29.3048
11.5048
8.72381
18.0381
18.6476
17.8762
7.2381
6.41905
11.9619
8.73333
15.981
9.45714
16.1524
12.7429
18.0381
7.19048
14.7143
15.6667
13.419
20.8952
18.5429
19.6095
7.21905
29.6857
8.68571
16.7238
13.4952
9.52381
12.8095
11.3143
14.5619
11.6857
12.3238
24.5619
11.2476
5.66667
14.0095
8.40952
6.54286
5.49524
15.0476
13.8381
15.4952
5.13333
27.9333
15.3048
9.30476
4.97143
16.6571
12.8571
22.0762
18.6476
7.17143
21.3524
9.52381
8.01905
9.71429
14.6
14.181
22.1238
8.29524
5.4
8.97143
16.7905
9.51429
15.8095
17.1333
12.381
14.2571
16.1048
11.4476
17.7143
29.5238
15.1238
7.9619
8.12381
7.3619
10.2
13.1238
15.7429
15.019
17.7714
28.3619
18.6952
12.7143
22.7048
16.3238
19.5429
11.6
14.1333
6.80952
23.6286
7.34286
25.3238
6.54286
12.381
14.8
20.3619
13.0571
7.13333
18.019
17.7905
17.3238
6.79048
31.3429
30.419
23.8
7.20952
11.0952
23.6476
5.17143
12.1143
11.5429
16.6857
30.1238
7.7619
7.28571
9.37143
11.181
15.4667
38.5524
15.1524
11.2381
21.5524
16.6095
22.5905
9.19048
10.1238
14.8857
14.9905
10.3619
9.07619
13.581
7.07619
7.95238
18
21.8381
19.4762
24.4286
15.1524
30.2381
18.1619
16.2381
16.6857
9.1619
5.59048
15.9429
28.9429
5.09524
20.2762
21.7333
19.0381
16.6381
5.26667
10.8952
12.6476
18.3048
18.7714
6.27619
27.181
23.5714
7.09524
10.8857
6.01905
12.1429
13.8857
9.22857
15.9333
15.0381
15.9333
5.61905
23.3905
45.9143
14.0571
28.8857
20.3238
6.22857
120.8
5.7619
17.619
13.6667
20.1429
31.3714
8.93333
10.619
11.3429
6.4
16.3048
5.55238
26.0095
6.82857
25.2095
34.0095
5.2381
21.8286
10.7714
16.8381
14.3429
9.7619
15.7619
14.8095
25.8476
5.58095
23.5905
32.6286
19.0762
27.819
20.1238
37.419
19.8381
19.8381
17.3333
13.0381
23.4952
20.019
17.3238
17.5619
21.1143
23.6667
14.9429
18.9714
5.00952
17.1143
16.7048
25.3143
6.01905
10.1619
8.06667
23.1905
14.2286
9.2
34.619
13.1238
15.0762
20.7714
28.9143
15.1714
11.0952
13.2381
8.8381
5.00952
14.1238
20.2571
6.12381
10.819
22.5238
14.1524
9.60952
6.85714
7.59048
6.18095
12.5429
16.2952
21.2952
13.781
10.3143
29.2381
20.1714
19.2286
6.69524
5.88571
5.30476
16.2095
26.4857
13.3143
22.6
30.1333
11.8571
9.32381
9.45714
14.9143
21.9905
36.5619
14.9333
12.4857
6.89524
21.9619
8.82857
6.5619
21.7333
16.4476
13.3714
6.82857
16.1143
22.7333
10.7238
12.2762
14.5619
13.8762
5.1619
12.0857
12.7333
7.87619
16.819
11.3714
18.181
7.95238
16.381
6.04762
20.4762
16.5429
22.4571
26.4952
22.3905
18.2857
13.3333
27.1143
27.3238
10.5524
20.2762
6.71429
26.6667
19.1429
9.4381
13.0762
22.1905
18.5429
12.0952
28.1429
29.1524
10.7238
15.0762
19.7524
18.5905
11.8286
6.17143
8.73333
6.1619
26.6095
7.17143
13.3333
16.8857
7.9619
7.79048
15.2952
7.2381
20.7333
23.0857
9.59048
22.2571
14.0381
8.6
8.75238
13.4667
9.30476
18.8
14.219
20.0952
12.619
18.819
26.1333
16.9619
5.99048
8.93333
20.2476
19.7905
8.5619
5.70476
7.48571
12.4
21.5619
15.819
17.1333
23.4476
4.80952
27.0571
7.78095
6.57143
17.2857
8.40952
11.2095
4.91429
31.581
14.7524
5.12381
15
13.6762
20.5714
8.92381
15.6952
14.1524
10.1143
18.3905
14.9714
12.7905
16.0095
7.14286
16.4286
10.0571
30.2381
6.78095
18.3524
15.381
29.4095
8.2
25.9619
27.5429
12.5143
11.581
12.4
15.3714
24.2381
7.24762
12
8.93333
14.7333
17.7714
16.1429
14.3524
19.3143
6.15238
16.4952
25.5524
11.0381
28.1619
11.4286
20.8857
11.8952
11.7048
13.1238
26.2571
9.52381
15.981
5.8
6.00952
11.5905
5.82857
32.5429
7.64762
12.7619
20.9048
8.38095
13.5524
7.41905
5.75238
5.22857
12.3905
8.61905
17.7238
5.94286
19.0095
9.8
28.2
28.2762
20.9429
19.1905
11.0667
17.1429
24.3524
25.1429
32.2
4.50476
14.7619
7.97143
18.6952
26.819
10.9905
9.37143
9.28571
25.2857
25.7714
12.6095
6.07619
17.0286
24.619
8.25714
15.2476
26.9905
12.181
17.1524
17.5619
11.581
26.019
13.9619
10.9429
22.5333
12.9048
18.4762
13.4667
21.2381
29.4381
10.9333
12.3619
7.22857
11.7143
4.92381
17.2857
41.8286
16.0571
6.95238
8.42857
26.9048
10.5333
22.1524
14.9714
12.6476
5.6
21.7333
30.8762
26.6857
30.2952
20.6381
18.4952
14.9429
15.9905
22.2476
7.82857
20.1429
14.3714
18.9048
28.2095
11.4857
15.0381
4.33333
20.6762
15.8
5.15238
13.7714
14.9048
30.219
13.8095
15.1429
19.381
40.6952
5.27619
16.9905
16.419
7.70476
15.5238
23.6857
20.2571
29.7333
21.0571
12.5714
13.6571
11.3714
15.4667
16.5048
6.5619
11.2286
12.1333
20.419
6.94286
22.6571
27.019
18.4857
28.5143
22
6.35238
22.9524
15.219
17.7238
14.7714
18.1048
26.2095
13.8857
8.44762
16.2571
15.8286
10.2857
28.4571
12.6286
27.8571
10.6476
24.4571
13.8095
8.61905
9.91429
7.68571
7.73333
19.2762
6.34286
13.6667
7.92381
17.5143
9.99048
17.4476
18.6381
18.2095
15.4571
5.42857
10.5905
42.581
14.4857
5.85714
9.52381
26.8381
7.47619
27.2857
15.0286
4.61905
11.4571
19.1333
11.4095
19.981
44.9619
14.0381
24.1429
13.0952
11.3714
17.5714
15.2667
11.419
29.4857
21.6857
13.4381
18.7429
5.48571
25.6476
30.219
17.381
15.6286
8.0381
12.2095
11.4286
9.84762
18.4095
7.37143
16.9143
30.6857
15.6762
14.1619
21.7429
9.29524
6.27619
25.8095
28.6286
14.1905
17.781
17.5714
5.6381
19.0286
8.38095
19.3714
22.1714
22.9524
20.1333
6.99048
16.8095
6.61905
5.18095
4.44762
20.8571
14.0571
14.2476
10.5714
17.3143
6
13.6857
14.0762
5.12381
15.781
24.5619
12.1238
14.781
8.18095
8.33333
12.3048
8.7619
17.181
14.0762
23.219
16.2476
13.2762
18.5714
11.9429
23.5333
18.381
50.4667
28.0571
12.8762
21.5905
19.5143
25.9048
14.8476
19.0286
42.3238
17.4952
14.0667
13.0381
15.8286
20.4286
10.581
8.80952
7.77143
15.8
24.5905
12.4952
8.38095
18.0095
18.6667
26.5048
24.6857
28.7048
12.6762
25.3524
7.2
14.1429
7.50476
14.9905
14.7905
25.9333
22.3048
29.4667
18.4476
21.219
6.9619
7.41905
6.30476
15.5524
11.1143
15.8381
10.9619
20.0571
18.8571
22.5905
26.819
14.6286
24.8286
17.1333
34.419
21.3714
16.7619
16.7619
21.4
25.3524
12.2667
30.781
8.2381
15.4286
9.94286
20.4381
34.7048
11.4762
15.8762
10.0286
7.21905
14.8
9.80952
9.06667
7.64762
14.3429
32.9429
11.181
14.3619
11.6857
12.1048
23.1143
6.93333
7.49524
18.2571
8.66667
13.0857
15.3429
25.8095
35.5524
17.2286
16.0571
21.7333
16.3429
9.38095
5.98095
28.2381
17.2476
13.8381
9.91429
8.14286
16.1619
21.7714
6.4
10.4
15.4095
27.5238
8.19048
15.9619
17.0381
15.5905
6.4381
4.97143
14.381
13.6095
6.94286
5.06667
9.78095
13.7429
7.6
16.5048
17.5238
12.0667
40.2857
15.4667
22.3714
4.38095
11.5143
18.2286
20.6667
25.1048
13.3905
22.4381
12.4095
17.6286
21.8762
10.5238
8.52381
16.981
6.74286
12
18.0286
14.4286
35.2286
23.781
19.3238
17.7524
20.1238
4.65714
8.28571
7.88571
14.1429
6.08571
28.4952
13.9429
4.88571
7.1619
11.5619
20.181
14.4571
12.5619
8.81905
21.3619
22.8381
19.8286
17.3333
13.2286
7.39048
13.3048
20.619
22.8857
4.93333
39.6381
8.94286
11.3714
15.4381
12.8476
12.3238
10.9429
6.44762
23.6095
9.79048
13.0571
18.3524
6.32381
15.5619
15.5619
17.2571
15.5143
11.1048
25.5048
21.419
26.2476
19.0571
5.93333
21.7429
7.69524
7.77143
15.781
14.0952
21.9143
9.6
14.9714
7.17143
13.9905
24.9143
24.9619
6.71429
20.1238
23.3429
22.5143
18.3429
10.3333
15.8952
26.2476
8.57143
21.819
6.73333
10.8857
14.0762
11.0952
24.8286
8.00952
15.9143
19.5238
7.69524
20.6762
12.9905
19.7429
20.7714
11.7143
6.58095
9.8
9.94286
14.9238
8.75238
19.1619
12.2571
11.5143
5.49524
5.85714
16.4952
18.4476
9.22857
34.2286
13.2476
4
22.819
8.05714
7.64762
14.5619
14.5905
22.2286
5.84762
20.9524
7.99048
8.6381
26.2381
35.0952
7.22857
6.65714
21.0952
13.4381
16.5048
20.2571
7.75238
11.1905
6.27619
17.0476
15.3333
19
11.0762
29.1143
6.94286
11.3714
18.8095
47.2952
20.3714
14.6857
10.1143
5.54286
11.9524
7.39048
28.5619
14.619
28.9238
14.4476
14.8571
23.0857
18.9238
16.2286
16.1905
25.3524
18.8
6.58095
14.3524
15.6857
28.819
12.3429
13.0381
12.419
27.0095
21.2571
20.9238
32.5238
7.70476
16.0095
22.0476
16.3429
14.3048
6.46667
15.6762
7.00952
12.4571
5.8381
20.3905
4.8381
28.5048
31.9429
8.22857
26.9238
6.8
12.1048
6.87619
10.7429
23.3048
8.07619
10.6476
22.3238
28.2476
10.4571
23.1714
21.7524
29.3429
15.1429
26.0571
6.90476
14.0286
20.6857
23.3619
18.3143
7.49524
11.0667
5.35238
7.60952
9.26667
4.7619
17.8476
7.87619
16.0286
5.67619
24.019
14.3524
22.8476
13.5524
21.5429
23.5619
11.2857
8.82857
13.6762
12.0476
19.9429
4.97143
9.22857
12.1619
6.27619
15.3143
16.7333
26.5333
16.2095
14.6857
22.3714
14.781
27.4857
12.0095
20.1429
24.4095
20.2095
16.5143
45.4
18.7619
8.57143
10.2095
17.0667
16.2286
14.9714
25.8571
12.8
6.89524
20.4857
31.7524
24.6857
13.2
28.1429
23.3524
19.6286
12.3619
16.9619
25.9524
6.8
20.5524
6.09524
25.0381
15.4857
12.4286
12.4476
17.8952
12.2952
23.2476
25.4
4.64762
14.0095
26.6762
21.0476
27.8952
19.9714
11.7238
8.17143
4.57143
21.1238
25.2762
5.78095
25.2286
50.6857
34.3429
33.619
17.1048
9.8381
15.0667
16.9524
5.44762
14.0381
11.1333
12.1905
9.58095
8.22857
9.24762
14.6286
17.5714
34.5619
20.819
9.97143
9.5619
19.1143
18.4095
7.62857
7.27619
17.6476
16.7238
25.419
21.1048
18.3143
17.5048
14.6
17.9333
19.4762
17.8095
19.4286
15.5714
29.3333
14.381
13.2286
6.68571
9.55238
14.2952
24.981
13.3143
28.9619
17.8381
13.8667
11.5429
23.381
10.181
6.27619
13.4857
10.3714
4.12381
15.1524
7.18095
7.02857
11.5619
25.4476
21.0476
9.38095
15.7619
5.53333
5.51429
13.3143
8.7619
12.1619
19.7429
4.11429
14.9143
10.2476
8.2381
9.8
4.8381
23.2571
14.0571
23.5238
14.4762
17.5905
17.1333
13.8381
19.4
15.2095
31.2381
10.3524
16.8095
5.3619
24.3524
23.9143
4.52381
27.9143
22.3714
11.8381
10.9048
6.22857
4.32381
20.3714
19.5429
13
17.1429
11.5905
13.3524
27.1619
15.7619
15.5619
10.781
28.7905
4.78095
12.0286
18.9333
8.6381
6.75238
11.2762
17.9143
9.31429
23.1429
12.0286
17.4667
14.3143
9.66667
12.2952
9.98095
26.2952
19.2286
16.8952
16
8.09524
14.4952
11.1333
29.6762
10.9619
6.25714
12.4476
23.4762
10.4381
8.60952
15.9524
6.84762
5.45714
11.3048
13.3905
16.1524
19.4762
10.0286
18.4095
6.64762
24.6857
10.5619
22.2476
13.9619
9.97143
4.06667
5.57143
12.9905
10.3524
7.77143
10.0667
29.5714
22.5429
17.1714
37.1333
26.0571
7.8
28.9524
18.2095
20.3619
32.5143
9.87619
23.4857
29.1048
6.15238
18.0571
15.8762
29.7048
33.4381
13.5429
12.1238
17.8286
15.3048
17.419
9.30476
8.12381
11.5524
29.3429
9.26667
6.53333
16.1048
12.5714
8.06667
12.4286
14
17.4095
21.0667
25.7524
9.85714
13.0476
8.75238
14.5238
17.5429
22.1714
19.1048
28.2476
23.8
12.4
13.5714
4.91429
17.3714
16.5238
15.3143
13.981
5.67619
13.0476
18.619
16.8381
17.3619
5.22857
24.181
16.5714
40.1429
16.8476
28.5714
15.0762
11.5143
16.8952
28.1714
4.6
18.0476
20.3333
7.99048
12.4762
28.7524
16
9.92381
5.65714
6.91429
4.89524
28.2667
16.7429
17.6381
39.8952
12.0476
24.4762
38.3333
16.6286
22.7143
9.52381
11.0857
24.2095
7.11429
11.9143
9
17.2571
7.04762
6.59048
14.781
20.7238
8.26667
8.4381
24.1524
12.5619
9.30476
32.6476
13.3048
26.9333
14.3429
5.6
20.5048
17.4952
18.7333
9.8381
14.0476
14.2
24.7048
20
27.7619
18.9619
22.2
11.9238
12.4476
32.0381
14.619
13.4476
10.0476
8.7619
6.73333
12.3238
7.73333
10.3143
5.97143
11.9048
8.75238
9.49524
27.0286
15.419
12.7905
14.4286
23.1238
23.3714
16.4
13.4667
7.38095
11.0571
33.8762
10.2952
7.18095
10.581
10.5333
31.5524
7.38095
11.8095
15.4571
14.6667
26.6571
13.4381
14.9619
5.89524
10.6476
5.78095
12.219
19.3143
14.8286
21.0762
18.581
8.30476
8.4
23.3905
14.1048
26.019
14.219
20.4667
20.4476
15.3429
15.6952
12.2
25.3714
19.1143
20.9333
16.9429
6.93333
16.9524
16.6476
17.7905
22.1238
13.1429
10.6
10.7048
4.87619
11.0095
8.70476
17.6952
31.3143
4.20952
16.8095
9.5619
25.2667
20.5333
16.219
15.0286
28.181
12.4857
7.4
10.6381
17.6667
21.1714
20.7238
23.6857
7.82857
17.781
14.6667
7.70476
20.1905
16.3429
7.35238
8.37143
8.37143
19.781
11.9333
16.3143
18.0571
31.6571
14.6762
19.1619
10.8952
9.47619
16.5238
19.9238
17.2381
6.14286
21.1143
6.08571
16.581
11.8476
26.0095
22.2571
12.4095
20.0476
17.3619
23.5619
5.75238
5.59048
9.2381
14.0667
7.05714
23.3143
18.6
10.1048
24.2952
8.46667
9.73333
8.47619
9.05714
11.8667
20.4762
11.3333
11.6095
23.7048
19.1143
11.0667
15.1143
14
17.5524
18.4667
7.41905
10.4381
7.4
11.7048
14.5714
6.74286
21.9333
10.1524
5.20952
15.3143
16.3905
8.87619
8.6
19.2476
6.37143
18.1238
8.68571
18.0095
6.00952
19.6286
15.219
23.1714
5.08571
20.6667
13.8
16.7905
22.4381
15.8952
5.68571
12.9048
10.2095
8.71429
17.019
23.3143
10.4571
5.89524
14.3238
15.7524
7.71429
17.5714
6.35238
6.06667
34.1905
29.6286
16.7238
23.0571
23
11.9714
4.54286
8.20952
11.7143
21.8381
7.4381
32.2952
16.3048
20.4476
11.9048
5.28571
28.781
5.60952
29.2
9.71429
14.9619
16.2
10.981
20.9714
14.2381
5.78095
6.35238
4.38095
11.781
17.2667
4.71429
15.7714
8.94286
22.5714
6.53333
17.4381
9.8381
5.11429
6.01905
25.8762
37.9238
7.85714
16.5143
11.5714
17.5333
22.5524
6.84762
27.6952
14.8762
15.2095
8.44762
5.46667
14.3714
23.4952
28.5238
10.5619
27.3143
9.6381
12.2857
16.1333
10.8
14.5333
10.9429
10.9905
10.0286
20.8857
14.5048
7.00952
12.3143
5.79048
17.5714
20.3048
15.1714
13.4
29.6381
21.7429
17.1714
5.72381
14.8571
7.99048
17.5143
9.6381
23.9048
30.7714
11.5905
12.3905
25.9048
10.6952
12.1048
16.2762
9.0381
14.6095
13.6762
25.381
6.87619
14.9714
12.8667
12.5905
16.2952
13.6476
13.7619
9.86667
6.91429
9.87619
10.0381
7.61905
4.81905
11.7619
9.59048
12.0857
9.6381
21.1143
24.019
9.8381
20.3905
9.53333
18.0857
7.09524
15.2762
22.981
14.4381
11.7714
5.82857
13.7048
17.5238
8.05714
9.00952
10.1238
8.08571
14.2667
21.581
12.1905
7.84762
11.6667
9.54286
14.5905
25.3524
7.62857
5.89524
12.6857
19.4476
19.4381
10.1429
8.4381
8.09524
23.5619
9.82857
35.1143
12.9619
23.5905
11.8952
11.9429
11.1048
13.4381
18.4667
18.981
49.3429
11.6476
18.2667
11.9714
5.34286
5.7619
26.6286
17.7143
11.8762
7.06667
19.5714
18.9619
12.8571
16.4286
6.95238
10.619
14.7905
11.981
17.7524
16.9048
18.7905
23.1238
8.31429
14.7048
14.1905
9.0381
6.99048
10.2952
25.0286
6.35238
16.7143
7.6381
9.84762
10.2286
5.05714
16.3714
35.2476
7.48571
4.8381
9.31429
14.5619
31.8667
31.5238
19.0762
9.2381
20.6476
12.181
16.1238
6.72381
18.0476
8.7619
7.08571
10.2571
16.8381
12.6571
17.1524
15.5905
16.5143
18.1333
11.8571
24.8952
12.1524
14.7048
15.381
15.1143
19.6381
11.2857
25.2
14.1429
25.5905
14.6
12.6286
19.0571
29.619
14.2952
12.9429
7.44762
27.6476
12.0095
6.26667
24.4762
8.7619
14.2571
4.30476
28.3238
28.0381
19.0476
19.0762
11.619
21.0667
15.819
19.1714
20.5905
28.4667
10.4857
6.87619
8.49524
18.0476
22.181
14.0381
5.25714
14.8381
16.181
22.8762
16.9714
24.5524
18.6381
25.9048
20.0857
15.9429
5.82857
13.9619
22.8952
14.2857
7.9619
13.4762
8.73333
9.05714
10.0381
6.74286
19.6476
7.67619
16.0762
9.44762
10.1238
6.19048
10.4286
13.9714
10.0762
19.9429
33.0095
20.9238
4.94286
32.6
18.9905
23.4667
10.6667
20.8952
4.97143
20.3238
14.1143
10.1048
20.0476
13.6381
6.6
7.30476
17.4476
9.27619
11.2762
19.4762
11.8095
15.8762
7.04762
25.619
16.5714
7.89524
8.07619
14.6286
13.8476
22.2667
7.68571
21.7714
7.62857
28.2762
9.71429
15.2571
14.7238
22.5619
16.5714
7.64762
28.4381
8.0381
19.0476
37.8667
5.66667
6.2381
16.4
19.6381
18.1429
11.1524
6.34286
5.07619
14.5905
9.00952
22.2
6.08571
22.3524
11.9333
14.8667
5.59048
21.2476
18.9333
27.4381
5.78095
33.2095
21.1048
14.3714
30.4667
13.9905
7.29524
6.12381
23.6476
26.1429
16.8095
13.8571
15.9048
17.0476
5.86667
22.1143
9.06667
12.2476
17.2667
18.3905
20.6286
13.6381
10.3048
12.2571
24.1524
14.1238
8.09524
22.3429
29.4381
21.019
23.1143
21.581
26.2476
25.3429
25.2286
16.1048
9.18095
24.0571
8.3619
7.28571
4.89524
39.5333
15.2857
21.4857
13.1048
25.9905
7.9619
8.54286
8.77143
16.2095
11.419
24.2
30.619
11.4095
17.7429
8.88571
6.46667
6.44762
9.21905
16.7429
12.2095
12.9524
22.019
20.7143
22.4952
11.8095
7.6
17.9619
8.11429
16.581
5.9619
6.38095
5.5619
19.4286
7.26667
6.86667
12.181
7.82857
16.4381
12.3143
11.1238
14.0095
16.0095
24.9524
26.381
24.781
21.9905
10.1333
26.2476
18.819
16.7143
10.8286
18.5238
13.7905
6.66667
9.99048
5
20.219
26.3524
28.6095
19.7714
10.6476
12.0381
8.15238
10.8286
9.8381
4.48571
9.10476
4.29524
16.4286
17.7143
19.0381
9.11429
14.9905
19.1714
15.9714
10.4762
12.7333
19.6952
7.3619
14.2286
20.1238
20.6762
4.86667
22.0667
15.5048
12.9048
11.3048
14.6571
18.2571
7.92381
25.7143
26.2381
7.09524
6.80952
14.8095
19
19.4381
26.6952
17.9143
11.8762
11.1333
15.0667
21.7333
16.6762
23.1905
18.6476
9.62857
11.3714
11.8571
27.1333
8.49524
6.0381
15.7143
12.6857
18.6857
8.85714
12.6762
6.50476
12.1714
10.4286
12.3905
6.01905
20.4857
12.619
18.8095
21.8381
5.09524
26.8095
18.3048
23.8095
19.7905
25.5143
18.019
6.54286
4.94286
8.02857
13.8095
11.6381
17.0095
25.3048
21.8857
21.6667
12.1619
6.34286
4.27619
16.6381
12.0667
9.98095
5.07619
8.30476
9.13333
21.8286
16.2667
4.24762
22.9238
21.2095
7.62857
26.0286
11.6
23.419
12.0762
17.8
15.9905
24.9714
34.4571
29.8381
15.4
13.4476
5.22857
10.7429
9.21905
10.1143
9.48571
9.47619
11.8286
19.4762
13.0952
16.7238
4.99048
10.2
18.8286
10.0286
19.3905
27.5714
9.37143
11.5429
22.0571
9.65714
19.0381
10.1143
14.2571
9.78095
5.8381
10.3048
13.4857
14.7238
16.9048
6.1619
5.8
12.3333
7.4381
11.9238
8.89524
5.81905
19.9333
14.0857
19.8095
20.9619
20.8476
9.15238
6.12381
10.619
19.3429
16.6952
9.78095
14.181
13.5238
15.6762
14.5429
6.53333
18.0381
13.7905
11.781
6.4381
18.8952
4.1619
6.4381
16.3714
10.2286
19.2952
20.5524
23.2476
11.6381
8.1619
20.9524
6.35238
20.2571
21.0571
7.97143
28.6
21.419
6.71429
4.71429
20.5048
4.8
8.82857
26.3048
29.6952
15.1143
10.1048
13.5524
20.6476
15.2762
8.01905
21.5048
23.3714
24.5524
6.45714
13.019
12.4571
19.8667
5.53333
13.6
29.019
38.3524
13.1714
29.0286
19.7714
4.82857
10.781
21.981
20.9619
5.01905
14.819
7.45714
11.4857
25.6762
9.58095
11.6667
14.2571
13.9143
13.0952
22.5905
15.781
7.9619
16.6952
12.8667
10.6
10.181
20.7048
5.44762
20.8571
8.65714
14.2667
15.0952
16.7524
8.34286
8.11429
6.39048
7.59048
31.7048
15.3333
11.8381
5.42857
9.85714
7.15238
31.4571
8.13333
13.6667
11.1714
43.8667
19.019
6.60952
13.781
17.1429
19.2381
9.49524
6.38095
6.85714
4.57143
11.1714
6.85714
14.0762
30.9714
4.78095
30.8
37.8857
5.99048
17.0762
12.019
8.93333
20.5048
20.2476
7.64762
16.6
9.64762
18.3714
17.0571
16.0095
16.381
21.9429
6.04762
25.1714
18.8476
30.3619
7.59048
36.9048
30.7524
26.0762
42.2952
14.0667
6.9619
10.2762
10.8857
10.6762
17.3238
17.0762
8.61905
7.4381
6.92381
13.6476
5.44762
12.8
29.8952
4.21905
6.71429
15.7619
26.5619
26.8952
21.6
29.8381
15.9905
10.9143
13.5619
15.6
16.8381
25.2
16.7238
18.9238
7.69524
24.1429
9.41905
9.44762
9.02857
5.38095
6.9619
5.31429
12.5238
12.9143
5.87619
25.9524
29.1143
13.1143
12.4952
10.5048
20.8762
16.8667
27.4667
8.7619
18.7714
19.5524
22.781
28.7238
6.31429
12.9524
8.49524
24.9714
20.1333
12.4667
24.4667
20.9143
13.2476
13.9429
11.7429
22.5524
19.8
30.181
10.7619
27.0667
18.4762
11.0762
8.32381
5.50476
15.3048
27.3619
17.1905
13.5429
21.9524
5.32381
9.91429
9.6381
15.2571
20.0857
6.92381
19.8667
16.4476
23.1524
16.0381
12.2857
5.88571
7.89524
10.4857
9.24762
16.219
7.73333
18.4857
4.22857
10.1619
7.2
10.5619
34.4095
18.0571
12.6381
13.6286
11.3619
7.47619
16.3333
22.3905
26.1333
6.30476
5.41905
12.6095
15.7048
12.9905
17.9048
13.0667
13.6381
13.5619
14.6571
18.9905
14.1238
11.8095
12.4667
23.5524
6.58095
7.98095
16.6952
4.93333
13.7619
18.3048
41.5619
17.4952
24.2667
12.6857
15.7429
24.9333
7.89524
5.87619
15.8286
4.69524
19.6762
9.66667
22.9429
15.3619
12.4667
20.0095
10.5333
7.58095
25.9714
13.8952
7.84762
6.1619
10.6476
5.75238
6.55238
10.2571
36.8571
19.3905
22.0762
9.8
9.75238
10.3619
30.5143
10.5619
17.9238
27.7048
15.4095
29.619
19.4286
34.581
7.31429
4.95238
9.69524
42.9619
18.5714
16.2952
22.1714
17.4381
8.82857
12.3429
14.9333
26.5429
7.69524
32.5143
33.8857
25.7048
16.4381
21.5238
7.92381
14.4857
4.78095
21.1619
38.5429
10.0857
8.2
32.9524
13.6095
20.1905
5.38095
14.0762
15.6857
25.8762
21.619
30.6667
16.7333
25.2
19.9429
9.88571
23.5333
27.1714
12
5.45714
17.6571
10.0286
19.6
12.7143
6.94286
4.62857
8.92381
4.86667
8.95238
7.26667
15.9333
7.00952
16.5714
4.34286
23.4
9.24762
6.40952
4.40952
22.8571
5.01905
20.2857
5.22857
9.90476
14.8762
8.02857
8.80952
6.44762
29.8667
13.2571
16.9714
6.81905
28.6857
6.58095
21.6571
9.44762
6.35238
15.7143
18.7333
25.2476
11.0571
21.0952
17.8286
41.2762
12.4667
17.2571
5.67619
6.98095
5.70476
7.11429
24.4095
12.1143
20.7905
5.06667
5.41905
25.9143
11.7333
11.3905
30.5238
7.35238
6.45714
15.2667
19.0952
10.6
11.9619
11.8571
10.381
8.81905
10.3048
19.819
10.1714
9.54286
7.60952
6.97143
5.92381
20.3429
13.4381
17.1429
26.2
13.8762
12.2476
9.01905
11
29.9048
10.5524
12.6762
12.2667
9.39048
17.6857
16.2571
6.09524
8.5619
8.92381
24.3238
5.86667
37.6857
27.2667
6.4
16.1238
7.67619
19.1905
5.79048
7.3619
14.0762
28.3714
17.5524
14.1048
6.2
11.8762
11.2095
9.20952
16.6667
17.8476
14.6762
8.57143
9.0381
16.8571
8.95238
16.2667
9.48571
9.29524
6.38095
5.95238
7.61905
9.07619
5.6381
10.7524
15.3619
33.4095
5.44762
9.84762
5.59048
12.5619
9.8381
6.71429
14.5143
10.9429
6.89524
10.8095
7.22857
8.13333
8.04762
22.9524
12.0286
6.15238
12.7524
13.9048
21
5.07619
6.01905
19.581
17.4381
24.7619
10.2095
19.7905
16.2667
21.0095
23.3714
21.1524
11.8381
15.3143
27.6476
12.5714
17.5905
27.3714
17.0667
18.3524
26.9333
11.0571
5.21905
20.6571
14.9143
12.5048
5.66667
16.819
15.2
44.5524
29.4667
19.4
27.1333
23.2571
33.3238
9.74286
19.6286
21.5143
13.0381
11.2095
23.7429
21.4667
17.8762
11.9238
19.6476
17.5048
16.6286
9.70476
12.2095
24.7714
6.90476
9.4
7.00952
7.44762
13.8667
22.6286
15.819
11.5905
11.1619
15.7714
5.71429
30.8857
23.4952
25.8952
39.2
11.9905
18.8857
14.8286
14.1143
14.9429
12.9238
9.31429
12.9048
10.8571
26.7048
17.9048
22.3714
28.9238
6.01905
6.64762
6.95238
22.7238
9.58095
16.7524
7.24762
16.6
16.0571
9.2
17.8857
8.66667
24.6857
19.1714
21.381
4.8
19.6
21.4571
13.5619
22.8952
18.2381
11.3905
8.11429
9.88571
13.2762
15.1429
22.3143
20.1524
14.8667
23.1333
7.4381
9.94286
23.8286
6.40952
10.5143
8.90476
6.81905
10.0476
6.05714
5.41905
11.6857
6.53333
12.9524
4.33333
18.8095
15.6286
6.42857
18.4476
7.04762
13.981
9.24762
21.1905
11.9143
16.5619
18.8095
4.84762
5.01905
7.47619
12.8762
13.0476
12.7333
11.7619
4.88571
11.6857
12.3333
17.2286
8.57143
5.25714
15.7143
11.0952
7.69524
15.0952
18.5524
12.5143
12.2857
8.67619
14.7333
9.12381
9.6
13.7238
23.7619
17.0095
21.3429
13.219
9.12381
15.0762
8.54286
17.1048
6.8
14.3524
10.5524
13.181
19.6762
16.8
6.61905
11.219
28
5.8
12.2857
9.04762
18.819
20.2667
13.7333
9.52381
9.21905
6.6
11.981
4.82857
14.4476
10.0095
9.66667
6.67619
17.781
37.2095
31.181
17.6476
29.1048
7.91429
16.8381
6.98095
10.6
21.8
18.6095
27.8476
21.6667
21.6857
18.6952
13.8571
11.8
13.5905
21.6095
16.2762
4.17143
6.77143
18.2
47.3238
12.6857
16.019
11.2952
6.8381
20.6286
9.8
4.85714
17.0095
30.9048
13.3048
25.3143
5.74286
8.58095
14.6476
11.7143
8.66667
20.419
9.9619
62.2571
16.6952
10.5619
24.5524
11.9619
13.0667
15.9905
7.28571
23.2
6.79048
17.1048
4.77143
20.1524
12.7238
19.4571
21.219
27.5524
11.5333
8.46667
12.419
5.27619
22.419
18.8476
7.06667
21.8762
5.05714
10.9714
29.8476
18.0762
14.1714
12.9429
9.5619
11.019
9.47619
14.8381
10.5048
17.1333
9.54286
15.819
9.67619
17.2476
5.88571
7.02857
9.13333
8.07619
13.1333
18.819
9.42857
14.0952
9.70476
9.26667
6.80952
6.64762
7.91429
4.19048
11.2095
20.9905
33.8286
6.68571
12.7619
17.3524
27.4857
10.7619
16.6857
22.6857
5.33333
26.7333
29
20.3333
28.7619
5.0381
4.40952
6.22857
6.62857
33.6571
40.9619
16.7429
25.5905
10.0476
33.8
25.2667
28.581
16.1524
34.6
5.71429
26.4762
5.33333
23.2476
21
15.6762
17.6381
10.8762
7.10476
16.9429
10.5524
7.6
12.1429
6.13333
6.25714
15.2952
10.781
27.6857
9.00952
15.3714
22.4381
6.2
22.8952
16.9524
20.1905
8.1619
10.3619
22.1143
10.4952
10.5238
8.80952
16.1714
14.1048
21.2381
28.0667
33.5333
11.6476
13.6857
10.8857
30.7238
20.4286
11.8476
15.0762
9.46667
12.5619
17.5238
10.9524
9.12381
15.1143
54.9619
16.4095
5.04762
6.0381
8.90476
22.3524
18.4476
6.14286
15.8571
9.73333
6.22857
17.3429
7.81905
15.4762
6.32381
25.6762
20.6667
5.52381
9.30476
10.7524
25.4476
5.22857
14.8286
15.4095
15.7714
16.9238
31.5333
21.6286
13.1333
11.4952
4.47619
6.89524
4.8381
10.1714
23.4286
13.2381
14.8762
21.5048
12.4762
11.0952
12.7143
13.9905
9.53333
10.1524
23.381
8.84762
6.25714
13.7143
21.219
16.2476
11.2
5.89524
7.79048
5.55238
5.77143
16.4381
14.8857
5.1619
15.7143
11.6667
25.7905
6.14286
4.77143
8.55238
5.65714
28.6667
19.419
8.2381
6.81905
5.26667
13.7714
10.0095
7.58095
7.48571
8.27619
18.3524
8.78095
6.60952
20.0667
12.9714
21.2286
13.3714
7.33333
21.7238
5.42857
19.019
20.2381
25.6381
11.5905
21.4095
9.28571
22.7429
13.5238
27.419
16.3048
21.7429
13.3048
17.1524
14.5619
32.8667
22.2476
5.31429
17.0952
17.9143
9.99048
15.2857
9.81905
4.28571
12.8571
7.92381
15.4571
12.9238
9.84762
17.9429
12.8667
17.4762
6.92381
28.0571
5.29524
5.62857
12.2857
16.2
27.3333
5.33333
18.8667
16.0286
23.7524
27.4381
6.46667
10.0571
17.1619
9.19048
16.8476
8.87619
8.85714
16.0762
24.6667
14.1714
23.5524
10.3524
24.4762
12.3238
17.1238
15.7714
13.6
6.97143
19.9429
7.50476
15.3238
23.8095
9.22857
4.84762
8.39048
6.2381
4.86667
29.7524
17.1429
9.57143
13.8857
8.82857
14.819
25.5429
4.07619
6.95238
20.2
16.5333
11.1333
10.0286
15.1429
5.32381
7.66667
4.78095
11.2476
21.0667
18.0762
10.0095
5.10476
3.51429
11.6952
5.42857
11.3429
3.20952
6.24762
3.82857
13.5429
15.6762
7.85714
16.619
8.78095
12.2952
28
18.7714
9.09524
4.98095
7.4381
14.4952
26.0952
10.0571
17.0667
7.79048
7.89524
8.01905
12.5143
5.2
10.5524
21.2
14.6857
35.4667
14.8762
8.79048
8.19048
6.5619
14.6571
20.9048
8.05714
17.2095
8.48571
4.42857
4.88571
7.13333
13.5619
15.5905
4.50476
6.73333
12.9619
26.3048
6.07619
15.981
15.5714
4.58095
8.15238
3.81905
38.4476
9.06667
12.8095
24.1143
8.04762
12.0762
14.6762
18.6095
24.6476
25.2476
16.981
23.5429
26.1333
8.84762
8.72381
16.4476
3.54286
4.91429
13.5048
5.64762
12.5333
3.70476
4.8381
4.00952
10.619
12.7524
5.73333
7.87619
6.54286
4.8381
13.5524
16.9238
9.35238
3.34286
12.8667
22.2095
4.6
4.11429
15.4952
22.9143
19.1619
3.50476
8.45714
13.419
16.4667
4.49524
4.60952
7.58095
5.00952
8.6
12.1714
9.72381
11.3905
11.0286
14.219
3.80952
12.0667
6.9619
7.8381
8.8381
12
7.26667
7.07619
17.0095
13.4095
7.4
4.30476
3.92381
6.34286
8.22857
12.2952
4.6381
20.2857
14.8762
12.7048
4.26667
20.3333
3.41905
17.7429
5.9619
9.08571
7.84762
7.93333
4.89524
10.4095
11.019
10.4952
5.60952
12.4762
8.51429
5.68571
7.54286
3.88571
24.2
24.8667
8.8381
4.71429
8.08571
12
14.4667
10.2476
15.4476
3.81905
23.4857
32.7714
6.48571
9.4381
27.6381
6.70476
19.4571
9.84762
13.819
4.10476
15.1333
5.27619
11.3905
4.38095
5.08571
6.05714
13.9333
5.69524
9.61905
12.7333
5.1619
11.4762
48.219
9.89524
10.219
4.87619
12.4476
3.47619
15.9143
3.54286
13.019
4.01905
15.5333
14.4667
10.9429
29.1238
14.819
7.02857
12.1238
8.40952
5.87619
16.1238
7.60952
14.9238
8.11429
22.2476
12.5333
4.52381
22.4667
5.49524
17.5048
5.29524
4.47619
9.82857
11.0667
16.7714
5.5619
9.95238
14.1238
13.9143
6.6381
9
5.88571
14.1905
11.8476
16.2762
17.6667
5.44762
3.47619
21.7619
20.8
12.6095
4.66667
25.1143
7.0381
8.04762
6.37143
35.6
4.0381
20.9429
5.67619
14.5143
14.1619
29.3905
3.81905
8.49524
4.77143
9.57143
16.5333
30.3048
4.67619
3.3619
31.2857
9.89524
5.79048
15.9048
14.581
13.4667
12.9333
15.181
18.5714
12.2762
11.5238
20.8667
26.219
10.4476
14.5333
5.85714
6.73333
10.8857
7.80952
20.6
11.1429
4.81905
5.57143
4.2381
8.4381
15.8095
4.75238
17.0095
4.18095
12.7048
12.8286
18.1429
5.49524
17.2476
16.3048
13.2286
5.41905
14.5714
17.9333
8.57143
7.99048
3.74286
13.8286
11.8
13.1048
18.1429
7.11429
20.019
4.30476
5.17143
12.9333
4
7.69524
22
5.70476
6.25714
7.9619
3.3619
7.64762
4.75238
11.2667
4.0381
4.53333
3.74286
5.90476
5.50476
12
11.9905
5.29524
12.7905
21.1524
7.47619
19.2
20.4
8.84762
8.25714
4.1619
22.3048
13.4
3.4
17.4
5.55238
7.77143
20.1619
3.37143
13.3429
8.90476
16.019
13.4571
11.2857
20.4
28.819
3.49524
21.5333
8.73333
17.5238
29.0381
26.0667
9.2381
6.78095
13.7524
4.33333
5
4.33333
11.0667
10.9714
4.22857
14.2857
4.54286
28.8952
15.3333
24.2381
15.9905
19.2476
31.5238
3.46667
9.59048
6.74286
12.419
13.6667
11.4667
6.17143
13.5714
6.35238
8.42857
11.6667
13.1238
30.2762
19.3048
14.7048
12.9524
86.6095
19.381
11.9429
4.08571
6.0381
5.3619
7.86667
18.9714
22.7714
15.7048
10.3429
19.4952
4.29524
17.6857
4.35238
4.26667
4.64762
4.1619
25.5238
4.85714
17.5143
15.4476
13.7619
9.4
16.5048
8.18095
9.44762
13.3619
8.4381
5.01905
15.2095
16.6286
25.6952
5.80952
3.82857
12.8476
6.38095
15.6762
5.99048
11.7333
13.9619
16.4571
20.1619
5.27619
3.59048
10.4095
9.9619
7.98095
19.219
11.2095
30.4381
18.3333
8.32381
3.66667
11.7524
4.80952
14.9048
8.00952
4.39048
16.0095
9.85714
8.80952
7.62857
19.0952
14.3714
14.4095
3.97143
11.7714
11.9238
13.4286
10.0762
27.6952
14.6381
6.91429
10.2762
5.4
17.6571
10.0571
15.381
3.35238
8.6
8.71429
10.2857
3.82857
5.64762
4.41905
8
13.0857
6.8381
12.6857
18.7048
7.72381
10.2857
8.79048
12.1048
7.45714
4.00952
12.9619
11.419
5.77143
10.1905
3.79048
3.00952
17.1905
23.7048
9.46667
8.53333
11.9714
19.7238
4.66667
15.0762
9.69524
25.2381
17.181
16.4095
7.04762
7.49524
10
10.2286
7.3619
31.2571
23.1048
17.7048
15.1524
12.6476
20.4095
21.619
9.28571
13.9714
25.419
7.29524
18.3714
20.3143
11.6286
14.6571
11.581
4.21905
4.6381
21.9333
5.27619
7.13333
6.78095
19.9905
6.38095
12.419
7.93333
6.54286
8.91429
3.44762
5.13333
9.00952
5.45714
10.7905
23.419
5.09524
4.81905
6.29524
12.9238
4.53333
8.98095
9.41905
19.0857
6.35238
4.05714
7
13.019
4.69524
5.37143
6.30476
4.28571
6.10476
3.32381
17.6095
7.12381
11.8857
8.73333
21.9333
6.6
13.7048
9.88571
11.6857
26.3238
9.45714
6.8
4
4.41905
10.7143
9.0381
12.3524
16.9333
29.5238
10.1524
5.99048
19.9714
11.3524
14.9524
4.5619
6.17143
6.34286
4.42857
10.4476
12.6952
17.5143
5.75238
14.4571
24.6286
20.1905
7.14286
12.981
14.5429
18.7619
24.8667
3.97143
6.42857
4.20952
10.8095
13.0476
10.0476
7.93333
17.5619
19.0762
3.32381
14.5143
19.1905
3.55238
5.4381
11.581
17.5238
4.85714
43.8571
8.32381
17.4381
18.9905
15.0095
18.5619
7.57143
12.8
4.38095
5.4381
7.29524
12.5429
19.5524
3.85714
11.3333
19.9714
6.0381
4.62857
3
16.3429
11.1333
13.0476
8.72381
17.5905
4.74286
9.12381
6.50476
10.8286
23.5429
9.7619
9.49524
9.34286
13.3905
15.619
7.72381
6.47619
9.95238
4.69524
10.4
8.66667
6.40952
22.0857
9.15238
5.5619
5.85714
9.82857
4.93333
16.0857
22.2286
5.31429
3.29524
6.81905
5.02857
14.7429
7.45714
9.55238
5.38095
18.0857
7.24762
13.9429
3.85714
11.7714
3.9619
4.4
8.74286
12.0952
4.26667
3.12381
8.6
19.8571
10.6571
6.37143
8.49524
11.981
5.55238
3.73333
5.72381
25.381
9.80952
5.0381
5.04762
8.70476
19.8
8.01905
14.7429
5.20952
19.419
5.18095
5.7619
21.9143
3.2
21.9333
4.84762
8.90476
12.5143
4.41905
13.5333
3.8
15.1429
12.4
4.14286
4.82857
4.32381
25.1143
14.4
7.51429
3.09524
21.8
6.35238
9.95238
9.49524
18.7619
3.11429
3
8.62857
4.15238
6.48571
28.5333
4.4381
18.3714
4.99048
30.2762
6.06667
20.6381
11.4476
10.2286
3.21905
4.7619
3.0381
27.6286
16.381
13.2286
11.8381
5.29524
6.80952
20.819
4.05714
13.4381
19.5714
5.49524
15.2857
4.30476
11.2571
21.9048
12.0286
5.98095
10.019
14.1619
11.6952
36.7143
16.9333
10.8952
8.26667
3.40952
3.01905
3.55238
7.48571
26.5238
4.01905
4.3619
5
3.14286
4.18095
3.31429
16.0286
3.09524
5.34286
14.819
4.09524
30.419
23.9143
14.3429
29.0762
13.6095
3.58095
8.5619
3.11429
23.7429
8.11429
8.27619
5.12381
9.64762
9.88571
3.92381
4.80952
4.67619
15.0571
13.4476
4.77143
15.9238
4.90476
23.6
16.6571
3.08571
5.8381
14.5238
14.581
14.5238
10.1429
11.2476
9.65714
3.72381
10.8952
16.9714
10.981
4.33333
22.3333
15.019
6.09524
3.14286
8.49524
5.90476
7
6.61905
10.8571
18.4952
6.28571
4.25714
19
14.6476
9.78095
15.1238
14.0095
22.5238
19.381
13.7048
22.2286
8.15238
5.93333
4.0381
3.3619
3.25714
20.0762
5.04762
3.88571
3.39048
15.781
21.6762
9.39048
20.4381
13.8571
9.51429
17.4952
10.5429
9.44762
10.9429
5.53333
8.4381
10.8095
12.9238
12.0857
8.4
25.8857
17.5905
6.67619
9.24762
14.8381
5.66667
7.8
13.4286
5.6381
20.2762
25.3619
21.7429
6.34286
21.7143
3.88571
10.6476
17.419
11.6381
9.91429
10.0952
8.8
6.72381
12.1333
23.4571
17.8095
3.77143
9.10476
11.9429
6.19048
12.2762
16.9429
13.3524
18.8095
20.0476
18.1714
13.0286
17.9905
16.2381
5.10476
20.3333
13.6952
4.65714
18.3238
18.4095
16.0762
5.93333
7.72381
3.8381
17.4762
25.0571
15.9429
4.58095
13.8476
5.05714
4.44762
8.75238
13.4476
5.24762
6.93333
21.1714
20.4857
24.4476
3.72381
3.59048
4.18095
8.90476
5.44762
5.54286
9.45714
8.12381
5.21905
3.66667
7.64762
11.1143
12.8667
13.6286
12.019
13.2
6.22857
42.019
5.01905
7.22857
18.5714
6.2
4.18095
5.75238
22
7.28571
10.4095
3.58095
9.20952
3.55238
7.32381
5.4381
9.84762
10.8571
4.86667
8.79048
10.0857
6.58095
4
8.32381
9.31429
16.1333
13.5524
14.1905
9.73333
9.8
21.3333
8.60952
10.981
5.69524
13.0667
6.30476
3.8381
11.1524
26.9333
6.66667
4.22857
3.10476
4.91429
10.7714
7.01905
4.41905
16.9714
19.0381
12.8381
14.5048
4.19048
13.2857
9.92381
9.9619
10.8952
15.3429
12.4286
10.4667
4.26667
19.5238
4.55238
8.15238
19.0476
11.819
16.9714
13.8286
15.9619
21.781
3.33333
8.55238
18.0952
14.6857
3.80952
10.4095
9.9619
16.2762
15.6476
5.32381
21.381
4.62857
3.79048
4.2381
3.70476
6.01905
12.1524
10.6762
8.59048
9.45714
6.48571
16.7524
21.6571
15.6952
23.2762
4.99048
4.72381
3.48571
9.71429
11.1714
17.1429
8.97143
9
10.9619
4.99048
24.581
12.1143
15.0857
4.08571
21.8762
17.3714
12.581
7
10.4667
14.4667
4.85714
4.35238
14.8
8.1619
9.39048
13.9238
17.1333
4.00952
9.70476
29.6
4.34286
11.4095
5.6381
5.92381
11.6571
25.1143
12.8
9.61905
23.3905
9.10476
17.5048
14.5048
20.5619
4.11429
5.47619
4.17143
12.9429
3.93333
8.3619
13.2381
20.7143
4.80952
16.8857
15.3333
11.3048
4.6
21.1048
35.5143
15.7238
13.6476
13.7905
22.3714
8.34286
18.019
23.981
15.8667
14.8857
17.8952
18.0476
22.419
10.7714
16.5048
22.1524
11
16.4095
4.8381
8.72381
32.5619
11.5143
26.3619
19.8381
9.92381
15.9524
33.4952
11.3619
5.71429
13.2
15.4095
5.91429
13.1143
12.5905
23.8381
11.2762
9.04762
32.2
4.30476
14.7238
3.60952
19.3905
6.25714
4.46667
5.8381
20.2095
9.68571
17.219
5.51429
30.4571
23.5714
9.9619
5.44762
10.5238
14.3429
6.30476
16.7619
10.4286
4.31429
8.37143
12.3905
6.92381
18.181
12.8381
7.40952
9.10476
6.67619
17.1429
17.2762
23.9714
16.9619
3.18095
5.11429
11.5333
20.7238
7.4
17.7714
6.79048
7.97143
19.8095
5.40952
3.91429
31.6762
12.4381
11.4571
28.3619
18.3619
11.1238
6.98095
13.0571
17.0381
31.5429
14.4
8.39048
10.0857
21.6762
20.0571
9.19048
11.8952
14.9905
16.581
3.50476
9.31429
10.1333
6.6
19.8381
4.91429
10.9524
21.4667
16.781
21.4
13.4952
3.20952
14.2857
11.2571
8.89524
8.39048
21.1238
16.4667
10.2
4.06667
4.38095
6.64762
3.68571
10.4667
16.2952
10.1714
4.95238
12.1333
3.55238
14.6
7.44762
6.05714
7.51429
11.3143
14.2381
16.6381
7.74286
4.53333
15.2
3.4
17.1905
6.0381
22.0762
31.7333
9.09524
4.41905
32.8857
17.5238
4.15238
3.42857
12.4476
24.9143
23.781
3.34286
17.8476
6.49524
27.5429
14.5524
23.0571
11.0762
15.3524
7.86667
3.10476
6.92381
6.07619
9.99048
18.4952
14.019
17.1524
13.0095
16.0857
12.181
9.89524
4.28571
27.8095
18.3524
4.29524
10.1048
21.6571
4.6381
4.28571
8.8
14.2095
3.4381
22.3048
15.8095
3.41905
7.40952
19.7714
9.9619
8.6381
16.8571
12.981
3.66667
8.46667
18.4667
12.781
6.66667
17.6381
7.49524
21.419
11.9048
11.6952
13.1619
6.85714
19.019
11.5714
6.22857
13.4857
21.2952
17.2952
6.04762
8.13333
3.72381
17.6095
7.21905
14.981
11.8
13.181
3.2381
10.5238
4.90476
20.8952
10.0286
19.1619
19.5238
4
4.13333
11.6571
5.01905
16.2952
21.5238
11.8476
4.72381
3.74286
14.9429
10.2
12.2095
4.40952
12.419
3.72381
8.80952
32.4476
14.3238
19.4381
14.9238
9.64762
3.65714
10.8476
19.4095
4.01905
7.58095
5.67619
4.77143
25.7714
7.86667
4.9619
7.27619
3.97143
17.4095
3.1619
12.4857
16.7048
8.54286
8.98095
9.73333
15.9333
7.14286
14.7238
17.0095
5.53333
3.94286
3
7.55238
8.82857
9.81905
4.62857
11.0857
12.7905
4.27619
4.61905
8.66667
4.93333
3.9619
5.19048
10.5429
12.2571
9.73333
4.34286
14.7143
11.5524
14.3048
3.51429
17.3619
20.8857
4.27619
3.61905
5.01905
14.0667
3.74286
5.22857
22.1714
4.39048
4.32381
9.61905
25.7524
5.05714
9.88571
16.6381
6.27619
13.0476
9.54286
10.8762
6.3619
4.93333
9.54286
21.3905
15.2667
17.2571
15.2857
13.1238
29.0381
12.6095
8.15238
18.2095
14.2095
10.781
10.2476
4.15238
5.28571
6.74286
11.819
11.8952
7.91429
4.27619
9.92381
9.30476
10.5333
4.73333
6.4
7.4381
9
9.65714
5.0381
3.93333
28.2667
17.8381
18.7429
21.2286
7.72381
13.6857
16.2095
3.30476
5.72381
14.7524
12.9905
5.94286
4.04762
9.90476
35.6571
14.2571
13.219
33.181
18.8381
7.51429
3.2
3.8381
3.51429
15.6476
8.52381
9.90476
5.04762
9.5619
8.28571
28.4286
14.0381
18.0857
13.3048
6.34286
3.12381
18.9714
7.18095
22.3619
21.9238
12.9714
9.32381
22.7048
15.6667
14.4667
12.581
6.39048
3.0381
4.47619
5.24762
5.40952
5.80952
3.27619
20.8952
17.7429
12.181
24.6857
9.90476
14.4
5.29524
14.9238
20.1143
8.46667
11.1714
23.4571
14.8
8.18095
7.21905
19.6
33.2571
4.10476
9.52381
6.10476
14.819
4
3.24762
12.7619
7.44762
11.6571
4.25714
14.2857
16.181
4.08571
7.79048
4.01905
15.8095
10.6667
12.7524
7.47619
9.64762
5.15238
9.07619
8.33333
17.4762
7.29524
5.8
19.9714
11.8476
6.04762
21.381
19.019
16.8762
5.8
12.7524
15.5714
13.6476
10.3333
15.4667
8.44762
8.7619
18.7714
3.60952
13.5524
10.019
15.4857
13.419
10.019
4.72381
18.2095
22.5714
3.4
22.0667
7.55238
6.12381
17.4667
12.2667
11.1524
5.93333
7.19048
17.7714
19.581
17.8571
20.1238
15.4857
3.55238
6.31429
15.0857
5.12381
5.21905
7.04762
9.1619
21.2
6.09524
26.7905
5.7619
7.67619
10.4571
5.86667
6.02857
13.581
9.99048
11.8381
10.019
8.82857
5.0381
12.581
26.6381
3.11429
17.2
16.7619
5.44762
21.5524
19.3524
19.2476
15.6667
6.41905
20.5714
4.55238
12.5905
20.7429
10.619
4.57143
12.8762
34.6286
13.0095
17.5619
13.2381
7.52381
17.5238
4.99048
7.51429
5.4381
10.8667
4.90476
27.8095
4.88571
12.9524
3.8381
3
3.87619
10.9905
10.8952
9.69524
21.0667
9.20952
13.7714
9.22857
14.8381
9.60952
7.65714
10.5429
27.1143
16.419
8.92381
8.38095
20.9429
3.37143
12.6857
13.4857
3.86667
12.8095
13.4762
22.1238
6.0381
13.0095
9.10476
6.59048
23.419
9.40952
4
21.181
4.8381
7.06667
12.2381
3.77143
21.4095
9.17143
8.66667
4.28571
15.5143
17.9048
11.7524
12.7048
9.69524
24.8476
5.85714
5.33333
3.59048
7.17143
9.07619
4.46667
16.4762
8.84762
3.78095
3.68571
6.70476
18.8762
6.79048
7.64762
3.32381
4.12381
13.7238
8.1619
3.5619
8.81905
3.44762
4.85714
18.981
4.55238
16.8381
6.5619
15.1333
21.1619
10.3048
13.2
8.79048
25.8571
15.0381
3.13333
16.0952
3.89524
19.4095
11.9524
7.72381
14.8667
22.9333
3.57143
31.5048
13.5429
8.39048
4.06667
6.86667
3.32381
11.4762
19.9238
11.1524
12.419
17.5524
5.21905
8.94286
3.61905
17.8
21.2286
9.28571
3.53333
4.2
9.67619
11.8095
28.7429
17.7048
29.2381
15.6095
5.67619
11.3905
16.4667
7.8381
23.1238
13.7048
21.8381
14.6571
6.21905
12.3714
7.88571
14.5429
10.9333
12.0857
11.4952
9.80952
19.5048
4.67619
6.89524
20.6667
24.3524
3.2
17.4
4.12381
22.1905
8.17143
11.5143
13.2381
9.18095
13.9524
15.3714
10.0381
12.3143
4.94286
13.4286
17.2381
18.219
15.619
18.9905
21.581
19.0095
3.58095
14.6
7.89524
23.981
8.4381
5.72381
6.65714
14.2095
9.68571
9.2381
8.01905
11.419
6.27619
6.86667
8.32381
14.3714
14.4
6.99048
22.2762
18.6571
15.2952
17.2857
12.619
5.66667
6.37143
9.4381
5.95238
11.7905
3.77143
16.0667
11.419
4.99048
6.11429
5.88571
7.13333
7.04762
15.3143
30.6381
18.2286
11.0095
27.0476
10.8571
11.381
7.48571
11.4571
12.8762
19.8571
12.0095
15.5429
22.781
3.4381
11.6095
6.62857
16.7143
17.9524
4.94286
3.15238
19.0952
10.4857
4.02857
3.49524
3.52381
16.5524
4.58095
12.6476
3.98095
8.72381
5.2
10.5333
6.60952
9.51429
21.8476
9.47619
7.48571
14.3238
8.73333
7.40952
16.1143
18.6381
9.49524
8.87619
11.019
15.8952
4.19048
10.6095
9.20952
4.78095
6.44762
15.8952
11.8
7.44762
4.07619
18.4857
11.9714
15.9714
10.419
13.1905
19.619
19.1619
8.62857
7.82857
3.66667
15.8476
12.7048
12.1143
4.1619
3.74286
9.66667
9.2381
3.87619
4.07619
29.2571
14.4381
17.3524
13.9524
5.66667
14.7143
3.17143
5.92381
11.0476
23.6571
13.981
9.06667
3.75238
19.5714
9.54286
9.99048
16.019
7.05714
14.3333
6.02857
22.5238
9.74286
16.019
4.55238
10.8
8
13.1333
6.55238
14.7714
4.77143
15.3333
4.11429
25.5333
9.8
4.74286
10.5714
21.6571
13.8667
6.98095
4.68571
26.8095
3.4
10.3905
7.25714
9.49524
5.50476
5.58095
10.3143
18.7238
20.6381
3.90476
8.74286
3.7619
11.8381
8.08571
8.87619
34.2286
19.9143
17.8095
5.84762
8.65714
4.28571
16.5238
3.40952
4.92381
23.3333
5.05714
5.37143
9
19.3524
9.0381
4.42857
6.60952
12.4286
4.22857
4.21905
16.8476
10.6857
13.7048
5.97143
9.87619
7.35238
3.26667
10.0857
5.81905
8.85714
20.6476
9.94286
6.12381
7.29524
9.3619
3.88571
22.8381
17.4857
9.2381
16.6095
3.38095
4.07619
4.75238
18.9238
3.13333
48.8476
5.55238
8.8
21.5333
9.31429
5.77143
21.4952
5.06667
9.59048
3.1619
13.4381
17.2857
7.90476
6.8
7.79048
4.79048
4.86667
8.67619
13.3048
4.72381
12.8667
4.61905
11.9048
3.84762
8.99048
16.3619
18.5905
16.581
11.5619
10.3048
4.4
7.29524
9.00952
3.00952
8.25714
9.8
14.3238
20.8857
8.24762
23.4857
14.819
3.4381
11.9524
9.28571
16.9429
5.79048
18.2762
9.72381
6.8381
21.5238
17.4952
8.21905
3.28571
13.1524
6.24762
11.3143
6.69524
5.10476
9.15238
13.8762
11.2571
8.06667
18.9048
18.3333
10.1714
28.0476
5.69524
8.81905
8.49524
16.3238
7
19.3714
11.819
10.6762
9.21905
11.2571
15.7714
21.2381
7.49524
14.1048
5.62857
22.3619
17.2571
13.2381
19.9429
16.8286
11.6667
3.48571
4.4381
24.0286
22.3238
16.4286
9.35238
9.69524
12.0286
8.99048
12.5619
5.6381
4.02857
11.1048
27.3714
5.13333
4.84762
5.0381
3.71429
4.74286
21.2952
4.25714
14.9524
20.3143
16.781
18.2857
9.38095
7.77143
21.981
10.3619
5.46667
4.15238
11.0381
4.68571
3.87619
17.0476
10.419
22.1619
4.51429
7.8
9.80952
5.95238
10.3524
6.05714
21.181
3.89524
29.0571
9.21905
14.8857
24.4857
12.2286
6.15238
11.1619
3.68571
9.26667
22.581
16.4381
8.17143
5.2381
25.0857
19.1333
3.22857
4.81905
5.08571
8.44762
14.6
6.94286
6.17143
7.7619
19.8
18.9524
15.4952
9.84762
3.74286
5.91429
8.33333
18.6667
6.2381
16.5143
9.91429
14.3333
19.2286
15.4095
11.0381
15.5619
18.4762
8.08571
7.8381
29.1143
23.019
12.5238
20.0381
11.5524
13.0571
5.99048
9.55238
8.74286
10.6
22.1905
22.1619
13.5333
9.94286
12.419
9.27619
13.9905
9.07619
9.42857
6.85714
11.5714
25.7048
15.2762
7.46667
6.42857
12.1429
11.8286
24.2095
17.381
12.5524
19.4095
7
6.71429
7.12381
7.60952
17.819
11.219
7.33333
3.46667
3.5619
5.78095
22.6095
9.46667
7.50476
12.9524
4.09524
7.42857
16.419
14.0762
21
8.71429
7.24762
6.10476
4.29524
15.2381
16.4952
15.1524
20.219
9.26667
12.181
7.91429
4.52381
12.2
3.02857
4.27619
6.02857
13.4762
5.75238
15.7429
5.29524
6.95238
5.99048
4.4381
3.54286
3
3.90476
9.17143
5.85714
23.2476
14.8762
17.8952
12.0286
22.5429
17.6286
25.4571
18.1238
20.6381
29.6667
7.8
11.7905
15.0095
5.80952
11.6571
3.78095
11.8095
17.1238
24.3429
4.27619
17.181
6.92381
16.7143
15.8857
3.21905
16.4952
4.26667
8.28571
6.95238
14.4095
19.4381
11.6476
9.22857
16.9429
3.51429
5.24762
10.6762
12.1143
10.7429
7.60952
4.58095
25.981
8.81905
28.3714
15.5714
5.2381
8.87619
28.7714
11.6095
9.06667
7.92381
11.819
31.8667
12.0476
4.66667
9.1619
22.2667
17.2476
30
12.6571
16.019
17.6
23.4857
6.49524
7.8
16.1905
4.8
3.57143
11.219
3.82857
19.9714
4.95238
10.6381
15.981
12.5048
3.49524
7.40952
6.69524
16.8095
20.8571
12.2095
4.92381
3.14286
6.20952
19.4857
10.381
22.7048
11.1524
6.7619
3.26667
11.7524
16.6762
17.1524
12.781
7.41905
7.90476
3.67619
11.7333
9.12381
4.8
3.55238
4.10476
9.49524
5.7619
6.99048
12.4381
22.8571
19.6571
9.52381
11.3238
4.07619
6.98095
5.15238
8.29524
17.1524
19.019
8.62857
10.3714
5.66667
5.27619
6.40952
12.5333
24.9619
18.1238
5.52381
9.2381
21.4952
18.3238
12.2
9.41905
17.619
7.60952
22.2381
20.3905
4.89524
18.4952
3.29524
4.60952
15.6381
11.0381
5.15238
3.95238
8.79048
10.5524
5.66667
14.4952
3.8
11.2952
5.5619
9.15238
29.8095
23.5333
7.08571
19.0762
7.29524
10.181
14.0095
13.3048
18.2095
21.4
2.74286
14.8476
8.14286
6.67619
5.89524
2.0381
3.05714
7.52381
3.02857
3.37143
8.6381
7.90476
3.47619
11.1429
4.35238
6.99048
4.84762
5.68571
18.1524
2.26667
8.13333
2.9619
2.61905
2.62857
5.4
8.14286
11.4381
4.32381
32.2762
3.89524
2.81905
3.87619
2.93333
6.78095
2.05714
3.25714
7.53333
2.32381
3.11429
3.01905
6.84762
2.66667
2.8
9.44762
4.40952
2.02857
5.74286
14.1429
8.99048
6.8
6.19048
2.55238
18.8952
2.84762
11.9048
2.65714
10.0381
2.44762
4.15238
3.69524
11.0476
2.02857
2.4
17.5048
4.17143
33.4
66.4857
5.17143
18.6857
6.57143
6.93333
2.33333
13.019
22.9238
2.77143
2.80952
2.81905
3.4
7.27619
7.93333
2.46667
3.32381
11.1714
2.37143
3.32381
4.50476
8.09524
2.33333
19.1238
19.381
17.8762
19.7333
11.0762
2.44762
12.3333
3.35238
7.49524
8.8
8.86667
22.4095
5.30476
8.46667
3.82857
13.8095
5.87619
3.88571
6.07619
12.2952
6.22857
3.0381
7.66667
10.0667
2.11429
3.44762
3.33333
2.02857
3.67619
4.57143
19.1238
6.17143
5.95238
4.47619
9.18095
11.4762
9.29524
5.17143
3.29524
16.019
14.0286
1.87619
10.5714
1.59048
11.5333
19.4381
2.09524
6.07619
3.5619
3.10476
1.6381
1.18095
7.73333
6.24762
1.46667
7.09524
1.11429
3.25714
1
1.2381
13.4286
3.6
1.67619
1.79048
3.92381
8.29524
3.47619
9.45714
1.29524
1.01905
1.75238
1.72381
1
1
1.62857
16.0095
1.15238
1.2
2.06667
1
7.5619
1.78095
11.4
16.1905
10.6286
1.28571
1
16.619
1
1
1.1619
1
14.3905
11.4095
1.45714
1.33333
7.52381
3.38095
2.35238
1.05714
11.5905
5.19048
4.5619
5.95238
1
1.92381
3.47619
1
9.05714
11.5048
1.20952
7
8.46667
1.01905
1.64762
1.2381
1
4.19048
1.22857
1.48571
1.34286
2.18095
11.7714
2.04762
1.5619
2.34286
1.12381
1.99048
1.84762
2.20952
16.3905
2.7619
1.00952
17.9143
16.181
7.82857
14.3333
1.0381
12.5905
1
1.34286
9.74286
12.8
2.42857
1.71429
16.4667
2.6381
1.2
13.8
1.09524
2.02857
1
1
8.94286
11.6571
1
8.15238
1
2.06667
8.00952
2.12381
10.1619
1
1.12381
1.60952
12.181
1
5.10476
17.6571
1
1.06667
2.10476
1.7619
7.48571
1.8381
1.6381
7.85714
1.07619
1
15
1
11.9905
2.87619
8.74286
2.25714
3.33333
1.42857
14.9238
6.49524
3.01905
1.01905
13.819
15.9714
9.51429
1.77143
1.7619
2.10476
1.09524
1.4
2.53333
2.6381
1.77143
2.21905
5.86667
12.1619
1.01905
1.49524
2.81905
16.9048
17.0095
1.85714
1.01905
1.01905
13.2667
10.0476
3.84762
2.86667
12.3143
2.52381
1.17143
1.04762
1.07619
1
1.86667
2.53333
1.00952
11.4857
7.68571
14
2.38095
1.97143
1.54286
2.12381
8.54286
13.0381
10.6095
2.31429
12.6952
2.2
9.44762
12.581
1.51429
1.22857
1.00952
3.9619
1.27619
1.02857
12.8
13.181
1
3.0381
1.89524
2.0381
2.2381
2.08571
9.18095
1
7.12381
9.15238
1
1
3.20952
1.0381
12.3238
1.89524
1.48571
1.14286
1.30476
2.38095
1
2.01905
1.05714
6.88571
1.2381
1.7619
4.08571
1.46667
5.47619
2.06667
1
5.05714
4.29524
1
6.47619
2.04762
2
1.01905
1.04762
3.10476
1.06667
1.30476
13.9048
1.05714
1.05714
2.2
2.67619
1.8
1
1
1.69524
1.37143
1.06667
1.24762
1.53333
3.4
1.0381
13.9905
1.10476
2.61905
1.04762
7.61905
15.1238
1.29524
2.39048
1.07619
8.77143
1.39048
15.2857
16.7524
1.60952
10.3524
1.66667
1.75238
2.78095
1
5.66667
9.4381
1.34286
2
1.79048
9.72381
1.41905
7.78095
2.35238
8.38095
13.4476
7.87619
12.7905
14.1524
9.40952
18.1714
1.45714
1
3.28571
6.02857
1
1.74286
1.84762
1
1.78095
2.29524
10.3238
7.59048
1
1
13.9619
14.4857
1.02857
4.2
8.91429
1.08571
1
1.42857
7.48571
1.6381
1.98095
9.90476
15.1333
1.18095
13.8667
12.2381
1.32381
10.219
10.381
2.2
23.1238
10.3524
13.4952
2.53333
2.46667
1.47619
1
15.0571
1
1
4.8381
4.29524
1.01905
2.5619
1.34286
1
1.85714
1.94286
11.4476
8.73333
1.08571
15.3238
7.54286
2.46667
1.10476
1.00952
1
1.14286
1
2.42857
1.27619
8.84762
15.381
10.5714
13.7429
3.32381
1.5619
1.08571
13.5429
3.94286
3.85714
2
13.2286
1.08571
5.95238
8.77143
6.99048
8.93333
1.06667
8.19048
1.80952
14.1429
5.79048
1.98095
5.2381
2.29524
11.5905
8.58095
1.38095
1.90476
13.2952
1.18095
3.07619
1.27619
20.8476
15.0286
2.33333
2.84762
1
1
1.15238
7.93333
13.8
12.0667
2.74286
1.74286
1.0381
1
9.61905
6.46667
6.82857
11.7714
1
2.37143
10.6571
1.60952
2.2
1.18095
1
1
18.6095
10.781
9.5619
1.31429
13.8381
2.38095
12.4095
6.27619
1
12.181
22.5048
5.04762
2.46667
1.65714
1
1.09524
1.81905
1.05714
1.11429
15.3333
2.8
1.20952
9.22857
1.2381
1.22857
1.6
2.0381
1.98095
12.0952
1.07619
1
1.68571
1.66667
1
12.4952
1.05714
2.24762
12.6857
17.4
1.8381
1
1.15238
1
1.14286
16.5429
3.59048
10.2571
1.68571
1.5619
14.2095
3.32381
1
11.9429
10.4667
2.00952
11.8381
1.27619
2.20952
1.20952
4.26667
2.70476
2.38095
5.22857
1
1
16.9524
1.13333
3.6381
12.4952
2.13333
7.39048
2.98095
1.98095
1
1.08571
1.01905
10.5619
2.01905
9.71429
23
9.57143
3.54286
1.2
15.5238
1
1.01905
19.219
9.91429
1.08571
1.04762
12.0286
7.09524
1
6.11429
9.58095
1.11429
10.8286
1.3619
1.90476
2.45714
2.71429
1
1.02857
1.04762
1.38095
2.86667
3.2381
1.26667
1
9.70476
7.21905
1.46667
1.60952
1.07619
1.21905
3.82857
1.27619
14.3524
2.30476
1.02857
1.07619
1.39048
10.9429
12.2571
17.7905
6.17143
1.31429
2.9619
21.4762
1
6.21905
1.3619
10.5619
8.70476
19.419
1.3619
5.54286
1.42857
1
1.5619
1.95238
3.14286
13.6
1.75238
1.44762
1.02857
18.1714
1.27619
1.22857
1.17143
1
18.4762
1.12381
3.74286
1.00952
4.70476
1.4
14.6667
1.20952
3.58095
3.2
1.64762
1.00952
2.08571
11.3619
1.08571
11.5905
2.26667
5.05714
1.8381
8.0381
1.07619
7.10476
8.51429
20.0857
1
1.44762
4.58095
15.2476
1.09524
1.53333
1.09524
1.52381
1.19048
1
16.1143
1
1.04762
1.35238
2.06667
6.07619
3.2381
17.3143
1
1.01905
1.52381
1
2.35238
12.1333
2.88571
3
1.48571
1.65714
1.04762
15.0762
1.3619
9.6
15.1238
2.28571
12.3619
1.27619
1
3.44762
7.84762
1
1.39048
1.97143
1.68571
1.11429
16.0952
1.06667
15.5048
1
9.45714
1.4
1.81905
1.12381
1.71429
1
6.93333
9.90476
1.44762
1
2.21905
3.6
13.9143
16.5238
1
3.32381
9.59048
2.12381
1.15238
2.8381
1
1
1
10.0571
1.06667
14
6.92381
14.5048
2.52381
1
12.5714
1.90476
13.8762
1.48571
3.55238
20.419
1.74286
3.67619
1
9.61905
12.7714
1.20952
1
15.6
16.6762
1
1.22857
3.73333
1.01905
15.1333
1.2381
10.3333
4.9619
1.00952
1.52381
2.12381
16.7905
1.90476
1.32381
13.2857
1.1619
1.27619
13.4095
1.48571
17.2857
2.62857
3.81905
1.66667
1.00952
8.40952
3.07619
9.92381
6.02857
6.38095
15.7714
7.82857
1.29524
1
1.25714
1
3.14286
1.6381
5.05714
8.59048
3.29524
8.52381
8.55238
1.09524
1.26667
1.1619
1.85714
1
4.64762
1.88571
9.6381
10.0857
1
2.22857
18.2476
8.55238
8.62857
1
2.82857
1.4381
1.01905
1
1.39048
6.28571
1
11
1
3.87619
1.28571
1.18095
6.94286
6.51429
1.74286
1.27619
1.6
3.5619
9.73333
1.29524
1.22857
1.8381
2.11429
1
2.72381
1.09524
2.73333
7.89524
1.2
11.6381
1.13333
10.419
1.2381
1.09524
1
9.94286
1.85714
1.39048
3.08571
3
6
1.09524
1.0381
1.00952
6.48571
13.7524
8.1619
1.80952
7.24762
8.39048
3.44762
1.13333
2.98095
13.7048
1.2
1
1.32381
1.24762
16.981
1.10476
7.35238
1.74286
1
1.72381
1.12381
12.181
5.92381
1.07619
2.2381
1.6
1.58095
3.27619
1.00952
1.15238
12.5905
1.41905
1.67619
1
1.74286
7.47619
1.08571
1
1.15238
9.07619
1.30476
3.02857
14.4286
1
1.07619
1.52381
4.59048
1.02857
7.88571
9.01905
1.4
2.52381
1
15.6
1.9619
12.7524
1.62857
1
6.21905
2.11429
1
2.95238
1.0381
1.84762
1
2.5619
2.04762
3.54286
6.28571
10.7143
6.3619
10.7524
2.51429
1.10476
1.21905
1
3.67619
7.42857
1.02857
1.28571
7.38095
1
1.10476
4.14286
1.37143
1.32381
15.581
1.65714
1.49524
1.6381
1.13333
1.27619
1.22857
12.181
11.2952
1
1.70476
1.01905
1.38095
4.72381
1
19.0762
17.1333
10.3524
1.58095
1.34286
5.8381
1
12.0571
1.91429
1.70476
1.01905
12.1429
13.0571
2.71429
1.3619
2.4381
2.51429
1.08571
11.9429
1.27619
1.35238
1
1.94286
12.6857
4.13333
18.0286
11.3333
1.57143
4.04762
9.49524
1.20952
16.3333
2.48571
9.30476
1.97143
1.46667
10.2
1
1.31429
1
1
2.68571
1.71429
13.3048
16.9714
8.41905
3.24762
9.97143
1.28571
1
1
1.40952
7.5619
1.09524
25.3905
2.26667
10.0857
11.4952
9.25714
1.0381
1.54286
7.6381
1.0381
15.0381
2.25714
1.06667
2.31429
1.42857
13.6857
1.08571
1.35238
10.6952
2.06667
2.34286
9.37143
1
1
4.20952
1.55238
11.3429
20.4571
8.27619
1.2381
1.19048
1.50476
2.60952
8.75238
2.52381
12.9905
1.57143
2.35238
8.6
2.67619
1.92381
1.29524
1.51429
9.41905
14.8381
10.0095
1.08571
1.4
8.51429
1.39048
5.99048
1.02857
1.14286
1.07619
2.05714
1
10.4762
1.61905
9.92381
3.07619
10.3429
3.37143
2.17143
5.38095
1.53333
1.20952
2.38095
1
6.19048
10.2857
9.06667
17.0857
1.87619
1.02857
4.89524
2.92381
11.219
1.08571
14.6286
1
1.58095
1
10.981
1.9619
1
20.9429
14.181
14.7143
2.57143
5.46667
1.73333
7.0381
1.3619
1.08571
1
1
3.80952
1
16.4952
1.1619
6.81905
1.10476
1.40952
10.2
1.91429
1.42857
12.8857
16.5429
10.4762
1.35238
1.82857
2.17143
1.31429
1.2381
1.06667
1
8.55238
9.41905
1.10476
1.61905
1.04762
2.79048
1
2.1619
6.7619
2.71429
8.81905
8.3619
1.01905
14.9714
1.01905
1.04762
2.45714
1
1.21905
1.44762
1.50476
1.04762
1
1.20952
1.8
1
2.06667
1.11429
1.26667
9.81905
12.9714
2.82857
1.14286
1
1
2.88571
1.1619
2.50476
1.12381
1.27619
1.00952
1
1.34286
1.2
1.04762
10.4762
20.1143
3.55238
8.59048
1.12381
8.97143
7.85714
1.09524
1.21905
1.1619
3.04762
1.05714
1
2.81905
1.10476
1.44762
1
1.60952
1
1.3619
1.72381
1
8.38095
7.21905
1.41905
1.21905
2.7619
1.02857
8.66667
10.1619
1.07619
3.12381
1.53333
4.57143
7.71429
1.00952
17.5524
1.65714
9.2
9.68571
10.3714
1.84762
13.7619
2.08571
1
8.46667
1.21905
17.0571
1
16.4286
3.47619
1.71429
20.7238
14.1333
1
13.1619
1.10476
1.17143
1.40952
11.0857
17.419
1.75238
15.7429
3.26667
13.1238
12.2095
11.381
1.0381
7.25714
3.66667
1.37143
1
2.08571
13.6095
2.22857
11.1524
20.4
6.24762
9.15238
1.02857
10.9524
11.3143
1.0381
1.54286
8.34286
2.31429
1.67619
1.95238
1.0381
1.27619
11.6762
1.04762
1.00952
17.981
1.73333
14.9524
8.29524
1
2.6
11.3905
1.05714
1
1.4
14.0095
2.39048
5.9619
11.1524
12.9143
2.22857
1.95238
1.34286
1.74286
12.1524
1.61905
12.4
1
1.68571
16.2095
1
1.30476
1
3.44762
11.6857
12.619
12.181
1.21905
9.72381
2.11429
1.92381
1
11.9048
1.05714
3.85714
1.81905
16.7619
15.219
11.4286
1.86667
2.07619
7.39048
1.05714
1.8
1
2.05714
8.69524
1.68571
3.18095
1.67619
1.00952
10.1143
1.05714
1.00952
9.62857
2.06667
1.17143
2.22857
1.07619
2.60952
22.0381
1.31429
1
1
1.49524
7.75238
1
1
2.77143
1.53333
3.28571
2.94286
1.95238
1
12.981
6.44762
9.17143
1.34286
1.4
6.86667
2.88571
1
1.04762
3.17143
1.69524
9.8
6.61905
2.29524
2.07619
2.47619
9.8381
13.2952
2.4381
10.5714
17.6571
5.88571
15.0286
2.87619
3.8381
30.419
5.51429
11.0381
1.01905
14.6095
1.86667
1.4381
1.44762
13.5429
2.88571
1
3.97143
4.45714
1
2.46667
3.00952
1.01905
9.65714
8.35238
2.99048
9.01905
2.04762
10.6
2.37143
1.87619
1.47619
8.13333
7.81905
13.9143
3.8381
16.1905
1.0381
1.22857
13.1429
9.44762
6.6
1.2381
7.98095
1
1.06667
1.79048
1.98095
1.4381
1.91429
1
2.53333
1.6
1.20952
1
2.84762
1
1.6
1.15238
1.17143
2.41905
1.05714
1
1.13333
13.6381
1.07619
1.14286
1
8.33333
1.02857
2.25714
1.6
10.7143
14.4381
1.77143
1.51429
8.72381
7.66667
5.8381
1.18095
1
5.7619
1.8381
1.1619
1.9619
1
17.1238
13.4381
9.81905
1
5.77143
1.35238
14.7714
1.62857
12.8476
6.1619
9.04762
13.5429
7.35238
2.58095
1
8.66667
15.9143
15.381
1.88571
7.11429
4.31429
3.3619
1.13333
1
8.4
1.17143
5.0381
9.10476
1
1.85714
2.99048
2.04762
1.35238
17.3524
1.35238
1.19048
1.25714
6.54286
8.05714
1
1.05714
13.4095
1.04762
2.78095
15.3238
8.6381
1.69524
1.15238
2.95238
1.11429
11.2571
9.47619
8.9619
10.6571
1.3619
1.52381
7.65714
1.29524
3.81905
8.51429
1.61905
17.3619
8.44762
3.5619
2.0381
1
6.88571
11.8762
1
1.72381
1.89524
8.05714
2.98095
13.6571
2.21905
1.4
2.35238
1.11429
1.07619
1.10476
1
1.75238
1.00952
2.70476
2.12381
1.99048
6.31429
1.24762
12.0095
4.46667
1
1.01905
1.11429
1.29524
1
27.2571
1.35238
1.30476
11.3333
1.22857
12.4381
1
6.3619
2.92381
1.12381
1.07619
1.57143
1.30476
4.4
4.06667
2.31429
8.67619
1.01905
3.52381
1.20952
2.09524
1.40952
1.21905
1.27619
12.5524
16.1048
9.17143
1
1.91429
1.4
3.05714
17.3524
8.24762
1.53333
12.7714
9.65714
1.86667
1.40952
1.8
11.4476
1
3.62857
2.00952
1.00952
1.27619
1.01905
15.1905
1.01905
3.9619
3.98095
1.57143
1
8.57143
1.25714
2.55238
1
6.08571
1.2
1.26667
12.8571
1.75238
1.89524
2.89524
20.4667
12.7048
1.41905
2.4
6.8
1
1.10476
8.45714
1.65714
2.00952
15.9905
1.99048
18.8286
17.6
7.21905
1.91429
1.81905
1.34286
1.38095
3.0381
8.55238
1.25714
1.60952
1
7.55238
1.30476
1.01905
3.08571
18.8476
1
1.78095
1.17143
1.38095
2.13333
1.14286
15.7143
10.0571
1.28571
1.39048
14.0857
9.29524
1.6381
7.45714
1.12381
1
12.2286
13.8762
2.2
1.62857
6.91429
5.19048
1.73333
13.5238
5.89524
2.6
12.3048
1
10.0667
1.01905
13.2095
1.45714
1.06667
7.09524
1.11429
13.1143
7.70476
5.49524
1.18095
1.92381
1.4381
1
1.52381
1.68571
1.05714
6.77143
11.819
13.8762
9.4381
1.61905
1.02857
4.87619
15.7905
11.819
1
1.05714
2.42857
4.00952
8.81905
1.91429
1.45714
1.08571
1
2.35238
1.33333
9.99048
1.12381
12.6762
12.5619
1.01905
1.32381
8.82857
14.7238
1.98095
18
2.0381
1.38095
7.34286
12.3429
7.12381
19.219
1.10476
1.75238
1
1.07619
7.38095
10.8381
17.2095
1.26667
10.4667
14.1905
1.68571
3.65714
9.86667
15.1714
1.2
4.70476
1.19048
4.17143
7.6381
8.72381
1
1.61905
1.95238
11.6762
5.71429
1.41905
10.7429
1.27619
9.97143
1.08571
14.3333
2.24762
1
1.91429
10.5619
16.9429
2.49524
1.6381
1.22857
1
11.1714
1.1619
1.06667
1.89524
8.61905
9.86667
9.55238
1.00952
2.62857
1.12381
10.0762
15.3143
2.98095
1.3619
21.3714
21
9.5619
1.47619
10.819
1.92381
1.08571
13
2.53333
2.32381
4.21905
2.14286
1.27619
3.40952
1.78095
4.24762
14.5714
2.13333
1.7619
1.73333
2.82857
3.58095
13.3048
21.9143
8.07619
1.85714
1.59048
1.07619
17.0095
15.4667
12.4857
4.64762
1.10476
6.17143
1
8.8381
12.9048
16.2571
4.08571
6.78095
1.71429
1.67619
1.25714
10.6952
1.12381
2
4.42857
1.8381
2.26667
14.4667
1.22857
1.01905
9.94286
12.8286
7.31429
15.4667
1.15238
1
1.02857
1.93333
1.93333
9.6381
2.81905
1.0381
7.1619
1.00952
2.69524
22.2095
4.21905
1.18095
3.51429
11.6857
15.4095
5.51429
6.54286
1.20952
1.09524
1.0381
1.00952
1.0381
2.21905
2.09524
1.58095
2.14286
1.01905
2.66667
3.25714
8.86667
1.38095
1.00952
1.0381
10.181
1.78095
1
6.25714
8.91429
1.98095
1.08571
2.46667
14.8476
1.60952
1
15.2667
1.38095
1.19048
1.20952
1.50476
1.01905
1.08571
14.8381
1.10476
1.78095
1.45714
15.1429
11.019
1
2.45714
3.06667
10.0667
12.1524
1.58095
8
5.0381
1.4381
1.01905
1
16.4381
12.619
1.04762
8
1
2.32381
1.44762
1
11.7429
11.0095
1.42857
3.28571
9.79048
1.6381
19.6381
20.6857
1.08571
5.95238
1.2381
1.51429
1
1.35238
2.44762
1.12381
1.18095
16.2095
1.38095
1
1.4
2.69524
1.0381
16.8476
1
1.72381
10.4476
9.41905
1.72381
8.86667
1
9.45714
1.4
5.35238
9.20952
1.66667
5.2
1.2
13.7238
1.00952
1.79048
1.27619
9.15238
1.73333
8.8381
1.30476
7.47619
8.84762
1.46667
14.9333
1.98095
1.69524
9.53333
1.19048
6.97143
13.9905
2.22857
2.02857
9.41905
1
3.91429
9.77143
1.2381
1.06667
11.219
15.181
3.10476
1.66667
12.1905
18.2952
12.9429
6.7619
1.58095
10.5714
1.09524
11.619
4.15238
1.0381
23.5524
14.6286
1.22857
3.2
10.0571
1.32381
1
1.3619
3.91429
3.29524
18.4762
1.74286
7.88571
1.1619
8.99048
1.79048
3.81905
1.20952
10.3905
1
1.34286
1.13333
2.66667
8.33333
1.01905
20.2286
15.6
1.95238
10.619
1.8
1.01905
1.51429
1.47619
1
7.08571
8.89524
8.84762
1
2.73333
1.37143
1.17143
2.80952
1.08571
18.9333
1.05714
12.1238
1
2.84762
9.08571
9.02857
1.06667
1.21905
7.11429
1.95238
1.78095
13.581
1.02857
1.00952
1.02857
1
1.27619
1.15238
13.9143
2.67619
5.55238
8.95238
1.22857
1.18095
1.01905
8.54286
4.46667
14.2667
10.8667
6.08571
1.4
9.17143
2.8
12.5048
15.8095
9.13333
3.37143
16.2381
5.60952
12.9524
1.11429
10.781
4.29524
1.8381
2.06667
1.25714
1.34286
1.78095
9.25714
2.4381
1.17143
1.17143
4.97143
2.20952
1.60952
1.44762
2.05714
1.60952
1.74286
1
4.06667
1.14286
1.9619
9.58095
1.00952
1
