10876 34740
32.7
18.4
12.5
31.9
9.8
24.9
17.2
18.8
16.8
30.9
25.2
20.6
38
13.2
38.4
18.2
15
25.5
16.5
47.9
20.4
20.4
9.3
25.4
14.9
24.1
14.8
11.8
18.4
21.8
10.3
10.9
13.7
14.7
17.5
9.9
19.1
12.3
30.5
16.1
16.1
32.9
32.2
24.1
10.4
27.2
30.8
22.6
9.5
20.8
20.2
17.4
24.6
15.4
18.9
42
13.4
17
24.6
10.6
24.4
39
30.5
19.6
25.2
28.6
13.8
12.7
28.3
16.6
31.6
13.1
16.7
17
32.5
14.2
15.6
17.7
20.6
15.3
15.9
13.8
12.4
16.2
17.4
14.4
33.8
26.6
18.6
15.1
13.3
15.7
15.9
21.1
14.5
13.7
20.1
30.2
13.7
14.3
30.5
20.7
27.8
10.6
16.2
27.4
20.2
10.6
14.1
26
18.5
13.9
21.9
10.9
26.3
17
25.5
26.8
35.9
16.4
29.1
13.6
25.4
12.4
18.5
24.3
25
39.4
43.6
30.7
16.9
36.4
22.1
17
43.1
40.2
24.2
18
16.9
17.7
31.7
32.8
16.1
18.4
17.3
32.2
16.7
31.5
20.9
17.3
25
29.7
22.1
31
37.7
36.8
22.8
12.8
13.5
26.9
20.6
30.9
15.6
19.1
20.6
19.5
19.4
15.8
21.8
13.9
25.5
21.9
19
10.2
18.1
9.9
13.3
19.5
18
16.7
21.5
27.8
18
34.1
21.3
20.9
22.8
23.8
17.7
27.7
30.5
33.4
22.1
18.5
39.2
25.9
15.3
17.8
27.5
25.7
20.8
19.5
17.9
18.4
11.1
12.2
16.8
13.3
30.8
15.9
15.2
38.7
11.5
23.1
23.5
16.8
20.3
9.4
22.7
8.3
15.7
20.3
14.9
59.2
23.6
18
14.5
10.8
14.7
15.8
30.5
17.9
21.5
18.1
15.5
20.3
24.2
11.5
12
21.2
10.6
12.5
15.8
13.9
21.2
22.5
16.7
41.4
20.1
15.4
19.4
14.5
27.3
12.6
21.6
20.7
26.6
18.5
19.2
12.3
20.4
15.5
17.3
8.9
60.6
9.9
18.9
23.8
23.2
20.5
35.5
38.3
41.2
20.6
26.6
31.1
25.9
12.5
33.3
22.3
26
23.3
14.9
13.9
27.8
27.6
20.2
37.5
17.6
37.4
27.6
39.8
16.9
34.8
25
30
12.3
27.7
20.8
13.2
11.6
31.5
31.9
38.6
40
18.6
20.5
37.1
12.9
17.1
31.8
22.3
20.6
18.2
24.4
12.7
12.5
33.2
28.7
45.7
15.9
12.6
17.6
19.1
15.6
23.6
16.5
36.2
32.4
29.1
8.2
20.9
14.5
11.4
17.6
18.1
14
16
26.1
19.2
42.4
10.9
15.1
17.9
12.2
16.6
21
20
25.9
18.2
17.1
31.1
18.4
9.2
19.3
19.7
14.6
25.5
17.1
15.3
15.5
33
9.1
23.8
36.7
34.8
27.3
20.5
22.5
25.6
12.4
21.5
11.1
13.3
16.8
9
12.9
15
25.6
21.7
19.4
14.7
24.5
36.5
16.7
36.6
26.2
31.5
26.5
14.6
20
18.3
30.3
24.7
23.6
25.4
26.6
25.2
15.3
18.1
9.8
26.4
25.1
30.4
8.7
27.8
31.9
25.6
27.6
17.3
9
24.5
21.2
43
16.2
15.1
14
19.8
16.6
20.9
32.5
16.2
29.3
12.2
13.4
37.5
17.5
12.7
18.3
10
15
19.1
23.5
17.2
16.6
17.6
23.9
11.5
28.7
13.9
19.7
11.7
17.5
22.1
23.6
22.9
21.6
12.4
13.8
15.7
23.2
10.4
25.5
24.7
29.5
22.5
24.3
15
34.5
29.2
20.9
14.1
25.4
21.4
11.5
18.7
10
8.6
16.8
18.3
28.3
14
23.3
12.4
20.5
21.7
23
26.7
24.4
31
14
15.8
48.7
10.4
17.6
15
24.3
15.4
31.7
25.4
37.5
13.1
21.5
19
16.9
15.7
17.6
16.4
19.4
20
16.7
20.1
40.2
10
21.2
20.9
26.2
25.6
23.7
49.7
30.3
10.9
14.6
15.1
29.8
9.4
29.6
17
13.2
26
10.5
21
24.9
15.4
12.7
22.1
14.3
17.1
18.5
23.5
19.1
9.9
15.7
9.8
24.9
10
22.1
22.6
38.4
12.3
10.1
17.4
18.1
31.7
29.7
20.8
15.7
16.9
22
11.7
19.7
21.8
17.1
15.7
16.5
10.4
26.6
18.6
9.6
27.3
19.1
21.3
24.6
10.7
13.3
30.6
23.2
25.3
49.6
12.9
38.4
31.7
27.1
19.4
19.2
30.2
20.5
21.6
11.8
25.8
14.9
18.7
30.1
17.7
10.5
11.4
18.9
61.9
15.6
24.3
27.9
11.2
30
24.8
10.4
29.9
10.5
15.3
21.4
23.2
34.7
26.1
32.9
20.2
19.3
9.3
15.9
27.1
16
20.2
22.3
29.2
12.4
10.1
17.5
10.1
18.6
11.5
21.7
16
9.7
9.5
17.7
16.7
18.7
51.8
13.6
26.3
28.9
32.8
14.4
15.8
22.7
19.8
11.8
20.2
14.6
21.5
24.5
40.6
13.1
15.7
28.4
16
10.5
26.3
11.5
8.4
13.8
30.7
14.9
13.8
28.1
16.1
22.6
19.6
17.7
39.8
25.4
32.6
17.8
18.7
35.1
18.5
36.6
15.1
18.2
24.3
27
22
16.1
17.9
13.4
11
31
26.8
14.8
16.1
25.9
29.8
19.7
17.4
23.6
23.7
25.6
14.4
18.8
39.2
19.4
18.7
12.7
10.6
35.6
17.8
14
18.1
44.4
16.6
19.8
11
16.1
38.1
56.9
32
14.1
25.2
37.5
11.6
17.3
10
12.1
21.2
20.1
17.3
12.3
17.6
26.6
19.5
17.4
11.8
32.4
13.1
51.1
17.6
19.6
25
14.9
17.4
34.9
15.4
16.4
31.6
31.1
22
9.5
11.6
12
24
19.7
36.8
9.3
14.3
27
19.1
8.9
22.3
21.6
31
20.8
25
18.2
40.6
17.1
21.8
11.8
11.1
13.9
25.3
12
49.1
16.9
36.2
22.8
28.5
14.1
22.6
14.8
25.4
21.8
21.3
19.8
19.5
14.2
34.3
21.2
22
29.2
15.4
25.2
13.7
29.9
40.2
19.2
53.4
15.1
13.3
20.4
8.9
34
15.2
19.1
34.7
17.6
45.3
27.9
24.3
28.9
32.3
24.5
27.5
16.1
30.2
18.1
19.6
17.5
21
22.8
10.1
18.6
35.2
25.6
19.8
10.7
17.6
15.1
26
19.8
18.1
19
18.2
33.3
17.5
27.2
59.8
10.9
19.3
21
17.1
17.6
24
18.7
18.7
16.4
16.1
23.1
22.9
11.6
15.6
24.6
20.9
21.8
16.5
16
20
12.3
13.2
15.3
17.9
24.1
28.2
19.7
25.2
11.6
14.7
18.9
44.6
10.5
37.7
20.5
9.8
12.6
21.3
12.7
10.1
13.5
22.4
22.3
15.6
14.9
32.4
20.5
17.4
21.5
13.1
15
9.7
17.6
28.1
12.9
14.6
15.6
10.6
35.5
24.2
27
16.7
13.4
16.7
12.3
13.8
20.3
14.4
32.2
19.1
18.1
34.6
19.2
9.6
11.9
14.6
11.8
26.7
23.4
17.8
15.6
18.2
20.7
24.1
23.6
12.1
13.6
15.2
24
27.3
13.8
26
26.1
25.2
31.9
18.6
16.1
15.6
20.5
21.5
13.2
11.2
23
20.8
11.2
9.2
43.9
19.6
25.9
27
29.7
21.5
9.2
25.2
23.1
14.1
14.1
23.6
25
37.7
26.9
34.1
30.5
28.1
22.4
13.1
11.2
33.9
30
28.7
19.8
16.1
9.5
18.1
35.9
23.4
19
22.5
27.1
28.2
21.8
22.7
27.1
35.9
27.8
10.1
31.4
24.7
48.5
15
16.5
16.8
22.2
25.3
38.4
18.6
26.9
12.2
10
15.8
17.2
22.3
40.1
20.6
21.8
19.5
19
15
19.5
17.8
11.4
22.6
21
17.5
28.6
18.7
16.9
19.9
8.5
17.3
27.9
17.6
17.5
22.4
13
13
13.3
21.1
25.3
13.6
33.9
27.1
30.6
32.4
27.5
16.1
26.5
22.7
17.3
23.1
17.9
36.5
25.1
17.6
11
28.2
35.8
16.9
39.1
36.3
16.1
23.7
18.8
27.6
25.1
33.9
31.6
13.1
17.4
24.7
22.1
28.6
21.8
21.4
9.3
48
31.5
25.5
19.8
16.7
28.8
22.8
28.3
23.5
29.4
28
25.6
28.3
21.1
16.8
29.4
23.7
22.8
17.1
23.7
15
15.9
29.4
10
11.6
13.9
37.4
16.8
21.5
27.8
15.8
18.3
11.2
11.3
27.6
18.9
12
11.2
11.8
14.6
19.1
21.7
19.6
27.5
11.3
18.7
17.8
14.2
20.5
20.2
21.4
21.2
11.5
31.2
43.2
22.6
22.7
21.7
35.2
18.9
12.4
18.8
45.8
9.8
21.4
13.1
16.7
8.5
20.2
11.8
22
19
21.7
31.6
33.1
16.7
21.7
34.8
20.6
12.5
10.8
44.1
27.4
28.7
14.6
19.8
27.5
16.9
8.9
17.1
13.7
19.6
14.1
9.2
28.4
11.5
15.3
33.2
42.9
18.6
17.7
15.5
20.1
11.1
8.3
14.5
16.7
20.5
15.1
10.7
17.7
14.3
22.8
33.9
40.6
22.9
10.8
11.8
14.5
35.8
13.7
26.6
28.1
16.2
27.8
39.7
15.8
30
13.6
13.3
20.8
19.9
22.7
18.7
37.3
19
10.5
17.6
13.9
26.1
12.4
22.7
13.9
10.8
20.2
18.9
19.9
20.7
12.8
12.3
28.2
20.8
23.6
18.7
10.3
18.2
33.7
18.2
23.9
19
18.4
10.1
15.4
15.6
16.2
21.2
30.1
22.8
14.1
16.3
24
14.2
20.9
20
15.8
15.9
13.8
20
15.9
15
20.1
15.3
19.4
19.5
12
9.9
14.5
25.7
12.3
13.9
9.6
20.3
13
25.2
31.4
14
10
13.8
9.4
26.1
11.5
29.5
24.5
25.6
19.8
19.4
18.7
10.5
27.7
22.5
12.8
16.1
17.2
50.9
25.5
17.6
29.5
20.7
13.4
22.4
16.9
20.2
16.3
26.3
11.3
27.9
17.3
19.8
20.3
23.8
15
14.3
14.5
25.7
22.5
25.3
16.1
9.2
16.9
15.1
14
16
15.7
13.2
35.4
22.3
13.9
10.4
11
11
22.1
13.3
15.6
25.2
19.9
25.6
20.2
33.1
21.6
37.1
26
16.3
17.7
20.4
16.6
22.7
23.1
21.5
15.7
14.3
37.8
44.8
20.5
27.8
10.9
21.9
30.3
16.1
15.4
12.4
11.5
30
18.9
13.2
14.1
18.8
14.7
23.1
13.4
12.1
19.3
22.1
23.4
31.5
11.1
13.6
33.9
27
24.6
23.7
10.6
18.6
32.1
11.2
19.1
31.1
11.8
38.6
15
23.3
29.1
24.9
12.3
20.2
12.7
25.4
21
24
14.4
15.9
10.1
13.2
22.6
12.1
17.8
21.7
11.3
9.6
26.3
18.4
14.1
44.5
21.6
17.2
41.9
9.3
14.7
25.1
31.6
10.4
11.3
20.3
12.2
16.2
16.3
17.9
10.7
16.8
10.6
44.9
16.4
16.4
37.2
13.4
12.9
28.3
24.7
17
17
38.3
10.7
21.6
13.3
18.3
24.3
46.1
22
16.9
17.9
26.1
10.1
20.7
13.4
16.4
36.2
27.5
11.5
14.9
21.4
13
12.8
34.9
18.3
17.5
13
14.3
18.4
22.3
41.1
18.1
33.9
25
12
36.8
22.3
21.4
23.1
12.2
17
33.5
33.3
18.6
22.1
20.3
32.5
14.5
16.1
27.4
9
14.5
33.6
10.7
20.9
39.7
31.7
41.1
16.4
10.3
19.6
23.7
32.6
19.6
22.1
23.6
10.6
22.7
13.8
22.7
20.1
16.4
18.9
19.4
13.9
21.4
26.3
13.7
31.4
29.8
17.4
50.1
40.6
18.9
14.1
22.7
16.5
32.7
26.1
24.6
36.9
8.7
25.4
11.9
30.6
29.5
31.1
27.8
18.9
11.8
16.4
25.5
24.4
22.7
25.6
24
29.8
24.4
23
23.2
25.9
12
20.4
11.9
29.9
28.8
12.7
20.2
27.6
41
17.1
17.8
18
9.1
11
17.1
10
11.3
16.6
14.9
26.3
24.6
17.1
28.3
9.7
22.3
24.1
26.1
26.4
47.9
14.5
10.2
19.3
25.6
19.8
13.9
20.5
14.1
19.8
16.8
22.5
26.5
9.9
27.8
14.6
9.6
28.3
27.5
28.4
23.6
18.9
12.7
20.2
27.9
30.1
30
18.1
15.9
28.8
24.3
15.9
30.6
17
18.1
13.6
15.5
11.8
43.1
28.9
25.8
12.3
14.7
12.2
19.3
21.4
31.9
19.7
24.4
23
19.8
34.1
13.5
12.7
14.6
16.7
19.4
9.2
13
11.7
11.4
10.2
14.4
16.2
23.5
10.6
20.8
16.6
28.9
8.8
16.7
14.4
23.9
18.9
20.7
12.9
12.5
11.6
29.8
21.9
16.2
11.3
41.1
26.4
11.6
24.9
34.9
27.4
10.2
18.1
24.7
11.8
10.3
25.3
27.6
20.4
35.7
21.1
26.4
20.4
17.3
14.2
16.1
20.8
19
12.9
8.7
17.3
17.6
27.8
14.7
31
11.9
20.5
16.1
16.4
14
29.8
18.2
21
20.9
34.3
19.4
19
12.7
13.2
19.8
57.6
19.5
12.7
26
16.8
10.4
18.5
11.6
20.6
22.6
17.7
23.7
11.4
9.1
24.2
12.6
23.3
22.8
14.1
30.1
30
22.4
13.2
9.2
10.2
20.3
12.8
14.8
35.9
11.6
15.4
22.7
42.8
19.1
19.7
15.7
17.3
18.7
10.6
19.3
18
12.9
15.3
17.7
18.4
11
15.5
14.1
20.5
34.9
13
27.8
32.8
27
17.8
20
17.7
19.1
15.5
17.5
10
14.4
36.6
26.6
9.6
8.9
14.2
41.7
13.7
37.9
29.3
9.1
13
24.4
21.7
29.4
15.2
18.9
16.8
16.7
24.1
13.2
19.2
25.4
19.8
25.8
14.1
22.5
12.4
22.6
19.3
12.5
20.4
16.6
17.1
23.6
42.2
23.4
21.6
21.1
14.3
25.6
19.9
11.3
17.2
13.1
31.4
10.4
27.3
32
17.5
18.2
20.6
37.7
14.4
14.8
11.4
21.3
19.6
16.5
12.9
23.9
11.8
18.6
62.5
26.8
36.4
18.6
13.2
24.5
22.3
32.4
20.4
19.2
18.6
19
26
14.3
14.2
21.6
27.7
15.6
18.8
16.6
33.8
23.5
35.2
23.3
18.8
26.4
21.3
24.8
12.1
12.2
16.9
23.2
10.2
12.7
22.1
12.9
19.8
19.4
32.9
27.2
18.4
19.4
14.9
25.2
23.5
26.3
17.7
25.5
9.9
17
27.8
12.2
12.3
24.5
37.8
9.5
24.7
12.6
19.7
12.8
13.4
24.8
22.5
16.9
34.2
28.2
32.2
26
16.4
27.2
20.2
16.1
16.6
21.9
12.5
27.9
20.1
16.3
19.1
23.9
30.4
23.4
11.2
32.9
14.7
28
26.5
27.2
30.4
11.2
17.1
11.9
25.6
19.1
23.8
24.6
20.7
10.8
13.6
33.1
36.7
20.8
11.6
15.6
11.4
12.8
17.8
13.5
35.8
12.2
45.3
11.3
15.2
23.3
23.2
14
15.7
17
25.8
39.9
28.4
9.6
25.2
9.2
8.7
9.6
18.9
12.1
11
15.6
14.3
20.7
22.8
11.9
24.4
13.6
9.8
28.2
9.1
20.7
33
17.7
31.2
13.2
22.2
25.2
40.7
15
11.6
19.6
9.3
18.6
36.6
26.3
31.7
16.4
8.8
31
21.9
27.1
26.1
11.9
21.3
21.2
20.5
22.2
25.7
20.1
29
15.1
36.6
14
15.4
41.9
22
18.7
28
13.7
13.5
24.7
20.8
21.9
21.5
26.2
34.7
25.1
20.5
53.6
14.9
37.1
10.3
17.8
26.2
30
13.9
25.6
15.3
28.9
11.6
13.7
12.1
28.8
16.6
13.9
18.3
36.9
16.3
38
15.8
17.7
14.6
9.9
16.2
19.5
20
17.8
26.3
20.9
10.7
19.9
16.5
16.3
15.2
16
13.4
24.7
17
10.7
24.3
9.3
22.3
13.4
16.7
19.7
37.2
27.1
17.3
16.4
9.5
39.1
31.2
17.7
14
15
14.7
13.8
26.7
13.9
13.8
18
28.8
12.3
8.4
30.8
11.5
20.6
27.1
18.5
33.1
17.1
24
18.6
20.7
13
17.6
38.4
26.4
12
20.5
17.3
32.2
11.7
17.8
31.6
9.4
18.5
22.3
12.2
26.2
14.5
15.1
24.9
19.1
12.7
17
22.2
11.9
13.5
14.1
31.8
15.2
20.9
27.9
15.7
19.2
18
10.9
33.8
16.6
21.6
25.1
35.3
11.3
14.6
10.9
16.2
21.5
19.4
23.3
20.7
10.1
17.5
12.3
27.9
25.5
20.7
21.1
19.5
14
29
29
23.5
29.8
23.7
14.2
16.3
18.2
11.7
13.7
27
25.2
19
14.8
18.4
18.7
22.1
29.3
23.4
20.9
22
18.2
26.6
15.2
20
11.3
13.1
12.2
29.4
11.5
20
17.6
16.4
13.2
26.2
23.5
11.6
10.9
10.5
24.3
11.7
12
27.3
22.4
21.5
19.2
26.6
25.9
29.8
27.2
18.1
29.9
18.4
31.2
23.8
21.5
27.3
11.3
11.2
20.2
10.1
26.4
18
14.8
11.5
47.2
20.8
41.3
33.6
20
17
11.8
19
36.1
14.1
20.5
18.6
16.9
16.9
26.3
15.5
33.4
13.6
17.5
12
12.3
28.3
22
22.6
9.7
15.3
9.5
28.1
28.5
21.1
28
33.3
16.3
14.7
18
11.1
16.8
32.3
8.8
15.5
9.7
16.5
12.1
21.3
10.1
16.9
14.3
21
18.8
24.1
14.1
23.3
10.7
17.6
22.8
19.1
20.2
19.6
20.2
10.5
23.5
34.5
39.7
17.6
29.9
11.7
13.9
9.7
15.7
12.7
26.1
13.1
16
23.7
13.9
25.1
15.8
21.5
11.4
22.2
15.8
21.4
19.6
15.6
13.4
15.3
18.9
13.9
27.4
9.3
19
41.2
11.1
13.5
22.2
16.4
9.1
19.8
23.7
14.8
17.9
22.8
22.3
34.2
32.8
36
18.2
49.3
17.1
27.9
8.9
17.9
25.8
20
22.2
34.7
26.6
17.3
20.2
12.5
32.2
19.4
22.3
27.8
26.4
14.4
11
24.4
14.2
18.5
28.8
11.4
20.7
20.3
24.1
22.7
40
19.1
17.9
19.5
11.3
21.9
19.2
25.1
12.8
21.6
17.5
19.3
19.4
10.6
12.4
16.3
16.8
11.9
34.9
17
11.4
19.9
20.8
18.7
29.9
30.2
28.7
21.1
12.8
10.7
10.1
32.5
16.1
12.3
20.1
21.3
24
65.7
14.5
20.3
19.4
20.9
16.1
14.1
18
15.1
15.5
31.1
25.9
20.5
19.3
42.1
17.8
26
29.2
9.4
27.2
18.7
16
20.1
36.9
26.1
36
12.5
10.1
24.3
18.1
12.7
26.3
18.1
11.8
25.4
13.4
17.9
13.6
17.7
21
17.3
36.1
11.7
12.3
19.1
14.3
13.4
13.4
30.9
14.7
20.5
27.9
21.5
22.7
23.5
14
16.6
22.3
11.2
19.8
33.8
18.6
14.4
20.3
16.7
12.5
10.5
19.2
10.4
8.9
9
27
25
16.5
27.8
31.5
11.9
20.8
10.4
17.3
11.8
22.7
15.9
30
31.1
20.1
27.1
13.9
19.9
33.6
15.1
18.4
25.9
35.3
14.5
22.5
25.4
28.2
30.1
16.6
11
35.6
18.8
19.3
28.9
9.2
23.1
29.5
15.7
16
10.5
26.3
15.7
22
23.5
37.3
24.5
13.9
15.5
12.9
21
10.8
20.8
19.5
9
19
19.6
10
17.6
13.1
9.5
14.3
16.1
26.7
10.2
13.8
11.2
14.5
24.8
33
18
20.2
33.6
12.1
21.1
40.8
11.7
20.7
15.3
14.1
18.2
34.5
32.5
10.7
26.1
15.7
11.8
29.7
18.3
22
18.2
14.5
24.3
44.5
19.9
9.1
16.9
27.3
21.5
39.7
20
15.7
28.2
26.3
17
9.4
33.5
12.5
24.8
11
12.8
18.9
16.2
18.9
11.8
12.8
54.9
20.2
33.3
32.5
15.2
21.5
14.8
27.1
29.8
19.9
25.9
24.8
8.4
14.4
20
21.4
21.7
14.4
16
19.6
36.1
19.5
24.8
28.7
13.2
13.9
14.5
8.5
12.7
24.9
32.8
18
16.4
17.2
12.5
20.7
34.5
12.2
19.2
22.7
8.1
34.2
10.9
17.7
11.7
17.6
15.7
31.5
22.8
12.6
11.8
17.2
24.8
27.1
31.6
38.7
36.4
19.1
18.9
17.2
18.9
20.1
30.6
20.5
19
14.6
28.1
13.9
34
21.1
25.2
26.8
35.5
20.4
37.4
19.1
20
17.8
13.5
8.7
69.2
15.5
15.5
20.5
23
24.2
23.9
43
12.7
16.1
15.1
10.4
17.2
24.4
9.4
12.2
20.4
19.9
14.1
14.1
31.5
26.5
39.5
21.5
20.7
12.6
21.4
12.2
26.1
13.8
38.6
24.7
13.8
17.8
12.2
18.9
8.9
10.4
23
14.4
19.7
18.6
12.1
19.5
16.2
20.3
21.9
20.5
9.1
21.5
12
22.9
28.8
25.5
17.1
16.2
29.6
21.2
21.5
12.2
14.8
20.3
21.8
12.8
22.6
17.3
10.4
17.4
54.9
21.9
26.1
17.9
15.2
11.9
17.9
44.6
17.8
21.7
19.1
26.5
23.7
18.6
18.5
23.1
18.8
27.7
10.6
24.3
22.9
24.6
21.9
38.5
17.4
15
20
28.1
20.2
15.6
17.2
19
12.4
16.3
16.2
17
36.4
15.7
18
31.2
16.1
32.2
11
18.8
11.7
21.6
21.2
15.5
23.8
14
15.1
17
15.8
22.7
13.5
13.2
17.8
12.1
24.8
9.7
19.3
16
28.6
21.2
21.4
21.4
11.2
16
14.3
10.4
12.3
29.5
17.8
14
10
16.1
20.5
17
14
35.3
17.6
16.3
17.3
24.1
27.6
22.3
15.4
16.3
18.1
16.9
30.3
13.9
14.7
17.5
19.3
21.3
16.6
29.4
36.1
19.8
20.6
13.5
20.1
14.4
21.1
12.9
14.9
13
15.3
29.8
38.4
31.3
32.1
42.9
12.1
15.2
17.2
27.2
11
23
15.4
24.8
17.1
32.2
36.5
24.5
17.3
20.6
13.9
30.3
15.2
23.7
25.3
17.3
16.6
14.7
12.4
11.2
19
11
34.3
14.7
14.2
25.9
22.2
22.8
14.2
11.9
22.5
24
8.3
13.5
24.4
18.9
16.9
28.2
13.8
16.9
11.3
14.5
18.1
13.6
11.4
30.1
15.5
26.3
21.5
17.6
9.9
19.1
13.5
11.7
21
11
25.5
27.2
23.9
28.4
15.9
11.4
27.1
19.5
25.7
22.5
12.1
15.4
19.6
33
34.7
17.9
11.7
20.6
15.2
30.4
12.7
19.9
26.5
25.5
19.2
32.8
29.2
11.5
18.5
14.8
24.4
10.6
12.5
18.8
20.3
11
12.9
13.7
16
21.3
29
11.5
21.8
8.2
18.5
28.5
19
14.2
19.9
23.5
22
36
36.5
9.3
30.6
32.8
27.4
12.9
15.6
23.7
19.9
11
32.2
18.3
24.4
33.5
8.8
9.5
44.2
16.8
13.6
20.4
21.2
10.6
14.6
11.8
19.8
23.2
12.1
25.9
24.7
21.1
15.5
12.5
20.8
13.5
21.4
19.6
33.3
20.9
20.5
38
28.7
29
14.8
14.3
14.2
9
15.6
30.1
8.9
25.2
32.7
19.6
16
8.3
16.8
12.8
23.4
18.6
12.5
21.4
25.4
21.5
14
17.7
32.3
36.7
12
17.3
15.8
24.6
16
30.3
14.7
25.8
20.1
20.5
13.7
12.3
18.7
23.6
20.3
19.5
33.2
18.5
14
18.5
19
9.1
15.9
32.7
25.5
17.5
22.9
34
25.3
17.8
14.8
8.9
23
14.3
12.7
20.5
24.1
26.3
9
22.4
32.8
15
25.3
19.6
16.8
16.1
37.3
18.3
15
14.7
27.1
10.5
22.2
29.9
14.9
12.3
24.4
38.8
18.4
16.8
19.1
15.8
11.9
21.6
16
26.5
14.3
20.7
12.8
28.9
30.5
21.1
19.4
44.6
13.1
18.2
33.1
13
21.7
15
15.3
27.9
28.2
12.8
12
25.9
15
23.9
9.5
27.2
10.7
18.7
10.7
48.4
38.1
24.6
12.6
12.1
26
32.8
14.7
16.1
14
16.4
23.5
23.6
12.3
28.5
9
19.4
21
21.1
38.9
28.4
29.8
9.5
19.4
25.4
15.8
20.9
24.6
14.1
18.8
21.9
19.2
27.8
11.1
20.9
15.4
17.2
17.6
25
23
13.4
14
46.7
38.2
11.6
20
20.4
18.8
33.6
25.9
29.6
12.1
15.9
14.5
12.9
17.8
19.2
11.6
17.7
22.3
20.5
10.1
23.8
21.9
19
13.7
30.3
26.7
17.8
20.4
27.6
14.3
17.3
26.5
15.4
25.7
13.1
14.1
14.2
10.7
17.4
17
32.3
17.7
25.6
12.1
16.6
10.3
10.3
9.7
15.9
18.6
17.6
16.5
19.3
15.2
16.7
23.1
15.6
16.2
24.1
28.6
15.1
22.5
13
10.9
11.3
14.6
23.8
15.1
17
10
13.4
14.6
10.7
20.2
13.7
19.3
12.5
13.2
15.5
16.1
31
12.7
8.7
11.5
22.1
8.6
14.7
18.3
13.3
17.7
26.2
20
21.1
16.7
10.8
23.6
21.2
14.7
13.4
24.7
13.1
20.9
8.3
22.1
11.6
24
17.4
9.4
17.6
14.8
19.5
19.9
35.3
26.8
17.1
17.8
14.7
17.5
8.3
30.3
18.1
46.9
21.9
15.1
13.4
10.8
26.8
25.4
32.8
23.2
11.1
20.7
18.9
28.6
22.3
11.8
14.2
15.3
11.9
9.6
17.7
34.4
18.7
15.9
17.8
13.4
22.2
16.7
30.2
21.5
13.6
18.4
9.1
15
14.5
29.9
10.1
20.6
30.8
15.7
12.2
15.4
15.4
13.7
28.7
24.3
9.7
18.1
22
14.7
14
14.3
19.3
13.2
19.4
16.6
30.8
28.8
11.8
24.6
55
14.9
30.4
20.8
15.2
96.2
11.6
19.8
20.1
29.9
22.9
11.1
13
13.7
12.3
25.8
10.3
15.5
12.5
20.1
32.7
13.6
28.4
14.8
20.6
14.1
10.4
12.8
19
22.9
14.4
24.7
27.8
29.6
28.4
28.9
33.1
17.6
14.9
22.9
11.8
32.6
31.7
20.1
17.9
16.8
47.1
16.7
15.3
21.4
17.7
23
18.6
11
12.2
18.6
18.2
21
12.5
16.5
17.5
24.2
25.2
24.8
22.4
12.3
15.6
19.1
17.8
14.1
15.8
16.1
25.4
31
15.6
17.3
13.2
17.4
13.6
33.6
16.7
45.7
20.4
13.3
33.8
19.3
13.3
10.9
14.4
12.7
27.2
27
18.3
16.6
34.2
24.3
18.6
12.3
12.2
17.6
32.9
13.6
16.3
19.7
34.1
21.3
21.8
31.2
23.7
12.4
10.4
22.4
15.4
21
17.1
19.1
20.8
12.3
17.2
12.4
15.1
18.1
21.6
33.7
18.6
19.6
8.4
24.8
27.5
25.9
15.3
32.2
29.5
16.6
35.3
30
15.8
19.4
11.9
32.2
14.1
16.9
25.8
23.8
26.7
14.8
27.2
19.9
18.2
23.6
24.6
19.3
11.3
11.3
14.9
8.9
31.6
20.2
13.8
20.4
10.3
14.1
25.4
10.9
25
22.5
13.4
29.6
24.9
12.5
10.9
16
14.7
28.2
15.6
16.1
16.3
30.4
22.3
18.5
8.6
26.9
19.6
48.9
12
14.6
12.8
16.4
20.2
20.3
44.7
22.3
9
18.2
14.2
12.1
13.1
15.8
11.3
8.5
32.3
20.9
10.1
28.3
10.5
24.7
14.3
29.9
22.7
13.9
14.3
15.1
26.8
18.7
10.9
29.2
14.4
28.8
9.6
44.2
24.9
27.8
18.6
20.6
19.9
24.4
23.1
15.4
23.6
25.9
9.1
14.5
13.8
16.4
33.5
19.5
20.5
25.5
10.9
26.1
22.7
17.3
16.4
15.5
18.5
14
25
20.1
18.5
13
21.5
18.8
21.9
15.8
16.5
26.8
9.9
16.1
36.7
19.8
23.6
19.6
11.9
12.5
16.1
21.1
20.4
10.4
18.1
9.7
35.9
26.2
24.7
16.6
11.7
16.8
20.4
29.1
28.2
11.2
25.8
12.6
16.5
35.3
16.3
17.2
22.5
24.4
37.9
32.1
24.7
28.2
31.8
16.1
17.2
25.6
17.9
20.3
24.3
10.1
13.7
19.3
14.2
27.4
17
25.7
23.5
21.4
23.4
17.2
20
19.7
29.4
10
16.7
42.3
19.5
12.5
10.6
28.7
15.4
20
11.2
14.5
18.8
35.7
33
27.6
35
42.4
24.9
13.3
12.4
29.5
16.2
27.7
14.2
27.3
36.5
21.2
17.5
13.1
21.8
14.8
13.9
11.8
15.7
27.9
20.3
23.7
17.2
22.4
11.6
18.5
17.8
15.8
17
25.8
23.3
31.3
18.3
15.3
14.7
22.6
24.1
18
10.6
15
14.9
24.5
11.4
32.2
25.1
31.7
26.1
17.4
8.6
25.3
14
18.7
25.8
26.3
22.2
19
24.8
22
18.3
9.9
18.6
18.5
27.4
12
18
19.4
15.2
14.1
21.4
12.8
14.1
8.6
18.3
11.8
19.8
10.9
24.4
23
22.7
16.3
11.1
13.4
42.3
16.4
12.5
17.4
24.7
10.9
21
18.1
10.1
23.7
26.7
19.2
34.5
22.3
22.6
40.9
18.4
16.6
19.9
10.4
13.6
29
33.8
15.9
17.1
20.2
28.5
35.3
24.4
15.2
10.6
26.4
11.9
12.5
32.9
11.1
29.5
24
20.1
20.1
12.2
11.9
17.6
26.5
26.1
27
15.2
21.5
10.2
34.2
9.8
21.1
17.7
21
40.1
9
12.4
12.3
16.3
12.8
25.5
21.3
12.5
14.9
26
13.8
16.6
20.6
10.6
13.4
20.1
16.3
14.8
14.1
10.2
19.7
15.6
18.4
15.6
43.4
16.3
27.3
21.6
15.1
21.3
20.9
51.8
17.1
25.6
16.4
26.2
21.9
17.2
17.6
32.7
12.7
17.9
16
16.8
18.8
11
17.3
13.9
14.7
37.5
9
18.3
24.4
13.1
27.3
45.1
25.6
27.2
29.9
11
27.7
9.5
26.1
17.5
34.8
12.7
15.7
15.4
23.5
21.2
9.6
26.1
13.3
13.1
21.8
37.5
18.6
15.2
19.9
18.1
11
33.2
21.6
34.3
20
15.7
28.8
25.4
25.8
18.2
19.2
13.7
19.6
10.3
33.3
18.7
21.9
20.4
32.9
9.6
19
15.8
13.3
10.6
12.3
35
20.8
14.8
13.1
13.7
25.7
13.7
12.4
27.3
17.4
19.6
11.7
31.2
39.3
22.8
18
18.6
22.3
11.8
9.2
30.4
18.4
16.7
10.1
17.9
19.9
27.5
12.2
14.9
19.8
40.2
17.4
14
15.8
28.5
16.3
11
19
11.7
15.4
17.3
11
15.1
11.2
28.2
39.3
14.3
29.2
11.7
22.8
16.1
16
19.5
27.9
26.9
15.6
25
16.1
11.8
13.2
23.4
12.2
24.1
9.9
17.2
25.8
11.1
29
26.8
27.7
16.1
14.7
11.4
16.8
11.3
13.2
9.6
39.8
17.2
26.7
8.7
14.9
14.4
27.5
14.1
8.5
24.3
33.9
27.8
23.2
31.4
28
16.1
23.5
26.7
10.9
64.1
12.3
10.8
21.1
20.9
38.9
13.2
14.1
18.6
13.9
22.6
25.1
12.7
23.7
18
27
18.7
22.2
24.3
28.4
47.1
29.3
12.4
29.8
11.9
11.4
10.1
21.3
37.5
11.4
22.3
17.7
21.1
30.4
27.5
14.6
46.6
16.4
25.6
16.6
14.2
19.6
28.8
11
18
13.4
23.1
15.5
15.7
26.5
15
19.1
21.9
13.2
26.2
11.4
19.2
22.6
11.2
10.2
26
15.5
11.7
15.5
18.2
14.9
17.8
9.9
10.2
14.8
14.5
17.9
31.6
13.7
9.6
23.4
9.5
11.4
29.2
21.3
19.8
17
20
14.4
16.9
33
23.7
11.9
12.5
24
16.5
20.1
24.8
11
11.2
12.6
24.6
21.6
22.4
14.6
23.6
12.8
19.4
16.6
40.5
19.8
14.8
10.9
9.1
14.8
13.7
43.2
22.7
22.2
11.6
16
28.2
17.9
24
19.8
18.8
30.4
9.9
12.4
17.9
21.5
18.2
29.2
11.8
39.7
21.8
39.8
33.7
18.9
14.8
26.3
24.5
30.7
9.8
30.9
16.9
9.9
11.4
27.3
12.2
28.3
26.9
21.2
30.3
13.5
35.4
9.6
21.3
25.1
11.2
11.3
21.6
42
16.7
36.3
25.5
27.9
33.9
23
15.4
17.9
17.5
31.4
27.2
10.6
11.3
12.8
20.6
46
11.8
21.1
10.4
26.2
10.3
54.3
17.1
20.1
22.5
21.8
41
13.2
17.5
15.4
14.9
16.5
14.7
11.1
31.7
12.3
21.1
23
20.2
16.3
19
24.1
15.7
25.8
20.4
28.3
28.5
28.9
17.3
35.9
27.3
20
12.9
17.3
18.7
20.6
26.6
24.7
11.7
18.7
46.4
49.4
19.3
28.6
14.4
37
21.5
19
34.7
13.7
29.6
9.1
28.2
24.2
29.1
10.9
25.2
14.1
29.8
21.6
9.2
21.4
16.8
20.4
38
24.3
12.5
12.9
10
32.2
30.3
10.8
34.5
50.9
30.4
37.2
19.9
38.9
20.2
11.7
16.3
17.8
14
12.8
13.2
12.5
10.2
13.4
33.6
41.8
40.1
11.1
13.5
25.3
15.6
8.9
10.5
17.5
19.6
27.8
15.1
21.6
18.1
23.8
20.3
17.7
14.4
36.4
21.6
54.9
24.1
15.4
14.5
9
17.5
30.9
9.7
20
14.8
23.1
16.9
24.4
21
10.9
22.2
29
8.1
24.3
17.3
11
14.2
29.8
22.9
17.7
17.3
12.3
11
32.8
14.5
27.6
30.9
9.3
15.9
26.9
24.2
15.6
13.3
27.7
18.3
27.7
14.6
34
17.6
25.7
12.4
34.7
28.3
15.2
15.9
10.8
24
16.7
8.4
18.9
24
9.8
18.6
11.9
11.5
13.2
21.7
22
20.7
22.1
16.4
16.9
18.6
15.8
15.5
38.8
10
16.9
26.4
13.3
9.2
15.4
26.7
22
21.3
15.4
19.1
16
23.5
9.1
14.2
21.4
27.3
33.3
16.7
15.1
24.4
13.8
14.1
15.7
11.4
19.8
35.2
9.4
14.9
22.2
15.3
12.9
17.6
21.4
21.7
18.5
13.6
22.8
11.8
27.8
20.2
32.9
25.9
14.2
9.3
13.6
14.7
11.7
12.2
13.2
23.4
18.1
20
49.2
20.9
14.2
25
17.7
37.6
37.3
28.5
21.8
28.4
12.8
19.3
29.9
26.4
35.4
12.4
12.2
24.3
14.8
43.3
12.8
10.6
15.2
24.5
22
11.4
29
16.6
14
17.3
19.8
11.8
40.4
33.6
11
13.6
13.9
19
13
31.2
39.6
25.4
33.6
26.9
39.8
15.7
13.6
18.5
16.4
15.2
14
15.2
18.3
36.2
14
18.3
21.3
30.1
42.2
30
23.9
20.2
22.4
14.3
32.6
22.2
27.3
17
13.4
27.2
23
16.4
9.6
15.4
12.1
9.2
18
15.9
16.2
22.8
21.8
37.7
37.9
45
17.9
8.8
26.1
15.9
10.5
15.1
13
18.7
13.3
15.8
14.8
13.6
12.1
29.6
19.9
15.7
12.7
24.7
24.6
32.8
25.4
13.1
29.5
20
11.6
16.3
10.8
31.5
49
30.9
36.3
32.2
17.5
14.5
21.2
45.7
12.5
14.6
19.9
10.3
11.5
22.5
19
22.5
11.4
28
12
8.7
29.5
20.9
30.4
51.3
25.5
23.4
25.4
14.6
12.4
15.9
27.1
15.3
10.1
15.6
15.3
23.2
8.6
19.4
12.5
18.3
23.2
24.4
14
9.4
16.3
9.5
14.5
34.3
20.4
15.8
16.1
13.7
15.3
32.4
27.4
24.8
20
16.2
22.8
14.3
15.6
12.9
24
13.9
27.5
27
15.2
13.1
25.9
16.8
16.1
20.5
19
17.8
12.5
18.8
12.8
18.4
53.6
11.7
15.5
10.8
23.6
35.1
21.2
40.3
45.4
10
11.9
29.5
28.6
33.5
14.1
35.3
9.1
19
12.9
13.5
17.5
15.4
13.4
17
21.3
17.8
26.7
21.8
26.5
22.3
22.9
20.5
12.3
20.3
34.5
38.2
24.9
9.9
35.9
10.8
14.7
13.1
17.8
23
16.1
27.2
15.3
27
12.3
14.1
17.4
28.8
13
21.9
20.3
15.8
42.7
18.1
11.7
10.9
35.4
12.1
22.8
24.9
25.7
22.2
27.1
14.7
18.5
16
16.3
22.8
19.3
18.6
8.9
17.3
12.6
20.2
45.1
14.8
14
16.9
14.6
17.4
18
34.1
20.6
26.4
9.8
14.9
15.3
17.5
22.9
14.3
22.7
18.7
13.4
21
24.5
21.9
9.1
26
16.9
10.7
52.5
17.8
20.4
9.9
15.5
16.9
19.1
17.8
15.3
13.8
47.6
23
24.2
26.3
28.8
14.1
14.2
14.7
12.8
27.1
10.4
36.2
12.8
32.9
15.1
18.7
54.9
14.2
19.5
9.1
13.3
34.4
15.6
16.8
28.1
8.2
12
18.6
18.7
20.6
9.9
13.3
13.8
27.7
9.5
19
17.8
12.1
9.9
17
33.4
14.2
11.5
16.9
23.9
26.2
8.8
14.6
17
29.2
22.3
9.5
15
22.2
27.9
27.7
42.3
28.1
17.8
17.5
18.6
42.7
33.1
38.3
10.8
25.8
17.3
10.8
21.9
9.9
21.9
19.5
13.1
18.9
46.8
20.1
24.3
24
12.6
19.5
21.4
24.2
34.8
34.1
9.4
23.2
27.7
22.3
29.3
22.7
20.3
14.3
13.5
26.9
18
10.4
10.4
24.4
20.1
24
18.9
19.5
11.9
15.5
19.6
14.7
12.2
12.8
13.2
15.5
12.1
25.5
20.1
11.3
24.5
17.2
24.5
12.1
22.2
40.2
22.5
17.4
8.6
14.3
19.6
14.7
19.8
12.9
12.8
24
23.5
15.1
11
17.5
15.3
22.5
24.4
11.7
16.4
13.8
17.6
17.4
15.1
8.3
8.9
28.8
13.6
32.6
17.2
44.6
9.1
14.6
21.3
17.8
32.7
23.6
51.4
12.2
29.8
12.6
14
17.5
36.1
25.6
14.7
14.3
23.4
28.9
18
24
8.9
25.4
12.8
19.9
25.9
15.2
29.6
18.9
15.9
16.3
17.3
13
10.4
14.5
29.6
19.6
25
10.4
9.7
18.7
12.7
18.1
25.2
15.2
10.3
13.1
26.8
26.6
15.1
18.3
15
29.2
18.2
17.4
13.6
24.3
22.8
8.7
24.7
19.9
13.8
20.6
30.8
12.6
26.9
12.7
23.6
23.7
17.4
19.6
20.9
22
13.6
26.1
34.1
22.8
16.4
17.4
32.2
27.2
28.5
18.3
15.8
23
18.9
9.5
19.6
15
18
29.1
19.7
51.7
19.2
19.8
19
26.7
16.6
15.4
35.4
16.4
32.3
13
10.5
25.3
27.4
21.4
15.9
26.7
21.1
20.7
22.3
15.2
33.9
40.1
43.8
19.4
11.6
14
18.6
15.1
10.5
11.4
9.5
12.6
14.9
11.8
31.7
10.3
27.5
13.3
10.1
14.6
10.2
18.3
12.9
15.1
26.3
38.2
17.1
36.9
25.7
23.6
13.8
21.2
10.1
28.5
23.1
18.7
18.4
14.3
11.4
9
34.9
19.9
13.8
23.3
28.1
16.3
10.7
27.4
20.8
12.1
11
13.4
17.1
36.7
12.1
26.3
8.8
21.5
24.4
27
12.3
18.4
26
13.4
21.5
15.2
31.9
23.3
11.4
20.4
14.8
20.6
13.6
11.2
11.2
9.7
30
11.1
12.7
10.9
53.9
12.4
22.2
10.4
17.1
28.7
15
10.4
34.7
15.6
14.2
23.8
22.4
12.4
15.3
26.7
32.8
16
15.2
14.4
20.7
9
27.9
12
18.4
20.6
17.2
21.7
35.9
13.8
14.6
21.9
14.8
11.8
19.7
30.6
26.3
38
18.6
24.7
26.8
41.7
22.3
10
20.6
9.6
14
13.4
35.3
28.4
22.2
14.1
35.2
26.3
16.8
21.6
12.3
27
33.8
22
13.2
15.8
8.9
9.3
13.1
18.4
30.4
15.4
28.3
48.3
15.6
18
11.6
11.2
23.9
16
41.8
16.1
9.6
12.1
21
10.7
17.5
17.8
14.5
18.3
17.1
18.6
21.7
22.6
14.6
16.5
28.5
30
15.2
26.3
50.3
27.4
15.2
24.3
22.5
9.5
21.3
11.6
14
25.9
27.4
16.1
20.9
10.7
12.4
11.6
14.2
15.2
10.5
9.5
13.9
15.1
20.8
16.7
36.2
21.2
15.4
11.6
13
33
15.4
18.4
22.5
17.7
12.3
26.4
19.6
15.5
11.8
12.5
18.7
13.2
26.1
29.1
9.8
14.1
14.6
17.8
24
24
15.7
25.6
12.3
20.6
20.4
19.1
26
20.4
16.8
18.6
19.6
25.6
11.9
13
21.5
15.7
18.6
14.9
14
10.4
18.4
15
21.9
20.7
47.1
16.8
19.3
21.7
12.7
30.9
21
31.3
26.6
37.8
22.4
11.7
16.3
16.1
21.2
11.5
26.3
19.2
25.3
22.5
15.3
9.5
10.8
12.3
13.7
15.3
10.6
12.9
10.8
23.6
17.1
9.9
20.8
26.8
14.8
30.7
23.3
17.1
17.2
17.2
28.4
23.6
30.6
25.7
22.2
17.3
18.4
14.9
13.8
25.6
16.5
23.6
20.9
32.6
15.1
19.8
14.5
11.8
23.5
14.7
23.5
29.7
13.3
16.7
19.7
18
17.4
11.2
23.6
18.5
10.5
14.5
12.7
18.2
17.6
13.2
16.6
11.3
18
17.8
20.4
13.6
18.1
12.4
15.4
15.8
22.2
18.4
15.8
12
19.3
28.7
13.7
28.2
22.5
20.4
13.2
13.4
19.1
21.7
31.5
15.7
20
16.3
14
25.6
22.2
30
17.5
33.5
17
9.7
26.6
8.8
19
27.3
16
50.7
34.7
9.1
9.8
23.4
16.9
15.5
24.5
41.4
16.8
9.4
33.8
15
16.9
15.4
22
35.1
27.5
8.8
13.1
16.5
24.1
13.1
19.5
26.1
15
19.5
31.7
23.3
12
16.2
21.7
29
18.2
17.9
24.4
17.1
27
9.9
15.9
21.9
15.1
15.4
19.5
28
14.8
18.9
17.8
18.1
13.6
22.6
10.8
17.7
27.9
13.7
14.1
31.9
12.2
8.6
8.1
11.8
23.7
26.6
18.3
13.9
15.3
15.4
22.2
12.6
18
11.2
23.6
31.2
12.1
15.2
18.9
30.6
14.4
16.2
35.4
9.7
12.8
25.1
12.8
31.8
13
27.4
51.6
13.5
12.6
11.7
17
15.4
18.3
14
21.6
21.5
21.3
18.5
21.8
20.3
21.2
22
26.5
22.7
24.3
11.1
44.1
39.5
15.8
33.8
19.1
11.5
14.2
28.1
17.4
20.9
14.9
13.6
11.6
8.7
21.2
12.8
17.7
33
10.5
11.1
21.3
17.6
36.4
28.5
27.2
15.7
12.4
20.9
22.3
22.1
21.3
13.5
25.2
15.7
22.8
12.2
14.5
15.1
15.9
14
16.9
15.1
14.1
16.5
19.6
21.1
12.4
25.3
21.4
13.3
23.4
42.8
16.2
12.3
24.9
43.4
20.3
10.5
17.2
12.5
23.6
22.6
22.7
27.2
21.5
12.6
20.9
16.3
18.7
16.8
27.3
17.7
31.5
25.7
18.9
15.9
14.7
22.9
19.3
12.9
26.9
21.4
11.4
13
12.1
14.3
17.8
8.4
15.4
10.5
15.3
24.1
35
13.6
11.1
14.9
8.2
69.5
9.2
18.9
11.7
8.8
9.5
17.4
63.8
17.6
24.7
11.4
15.1
11.6
18.5
20.7
23.2
8.5
9.4
25.3
22.8
14.1
20.2
13.6
19.4
12.9
14.3
20.2
22.3
31.3
16.6
19.6
9.5
20.7
25.2
19.7
12.1
14.9
42.7
20.9
16.6
15.7
29.3
27.9
18.3
14.2
24.6
10.3
21.3
19.1
21.9
17.4
22.2
20.4
23.3
10
25.9
18
12.9
12.3
16.7
10.3
14.2
21.4
22.2
18.8
18.9
20.5
14.4
9.4
20.8
11.3
29.4
25.2
11.8
13.2
21.7
44.9
15.4
22.4
15.6
46.3
13.3
24.2
32.6
26.1
9.8
15.9
15.1
39
17.3
21.8
38.8
27.2
14.9
26
13.4
15.9
11.4
24.5
24.1
14.9
9.6
22.5
20.9
25.4
12.9
22.3
23.7
27.3
25.8
56.5
24.6
39.7
18.5
13.4
16.7
17.3
20.5
11.9
19.4
12.4
35.6
14.8
13.8
21.7
11.9
9.9
15.7
16.9
28.3
10.3
19
13.9
16.8
18.3
13
10.5
37.9
11.2
26.5
10.4
14.6
21.6
16.8
13
12.4
35.9
12.9
15.8
20.7
29.5
11
22.4
17.9
12.6
15.5
21
18.7
29.2
26.7
26.8
43.5
12.2
27.1
34.2
9.9
17.5
23.1
24
12.8
20.6
11.5
10.5
21
26.4
17
18.9
12
9.9
15.2
23.6
10.4
16.4
14.2
22.9
14.6
14
13.8
15.1
15.6
8.8
17.5
9.6
18.3
17.7
22
27.9
20.9
13.2
14.7
22.2
37
14.6
19
23.3
9.9
47.7
14.1
9.7
13.7
12
19.8
12.1
44.7
17.8
20.2
18.3
16.7
20.9
10.4
10.2
25.6
25.1
48.6
15.9
16.7
15.1
13.9
13.9
23.6
26.3
20.3
16.8
13
20.9
19.4
17.9
20.9
12.7
12.3
9.7
9.9
11.2
13.2
23.6
11
33.9
13.8
15.6
16.7
31.9
18.6
14.8
21.9
16.2
26.7
9.8
20.1
8.9
15.6
16.9
15.1
9.9
14.4
29
19.6
8.9
20.5
25.7
20.6
19.8
12.4
13.1
14.4
46.8
21.9
30
10.8
20.9
27.5
18.6
16.7
25.1
19.8
22
26.9
12.5
13.6
16.2
19
23.5
18.9
33.3
15.6
33.2
35.5
31.3
25.3
14
31
15
25.9
21.5
14.2
20.6
32.7
29.9
25
18.7
18.9
20.8
27.2
16.8
17.5
21.3
8.9
22.5
8.8
29.7
14.7
28.6
13.7
12.8
12.2
32.5
11.3
26.8
33.2
23.5
29.4
13.9
17.1
14
14.7
21.9
16.1
13.2
12
18.8
29.9
27.8
19.6
28.3
15.1
8.8
9
15.5
20.3
22.2
9.1
28.5
18.9
12.5
15.4
22.4
26
20.7
24
8.8
19.5
21
28.2
18.1
19.6
22.7
13
13.1
14.8
20.6
16.8
17.9
19.4
30.8
9.6
12.8
22
14.2
27.5
14.5
9.2
10.8
25
13.6
26.2
12.7
13.2
12.3
22.1
14.4
15.4
13.1
12.1
19.4
14.9
24.4
15.4
14
18.3
9.1
11.2
12.1
13.9
18
11.1
28
14.3
37.8
13.8
26.7
17
11.5
13.1
22.2
12.3
21
15.4
17
16.8
31.3
21
16.2
14.3
17.5
40.7
23.4
24
22.7
11.5
19.4
10.1
21.1
13.4
25.9
10.9
16.8
26.8
15
16.2
15
42.5
13.9
22.4
30.4
14.3
31.3
11.9
18.7
10.9
18.5
18.4
10.2
32
15.9
15.2
20.1
21.5
31.6
35.1
15.8
27.9
11.3
20.6
9.7
11.5
16.2
13.3
19.8
27.2
18.4
15.1
20.3
16.7
14.8
23.9
25.7
17.6
17.5
30.6
34.9
20.9
10.5
26.3
13.9
21.8
15
13.3
14.6
22.8
20.6
19.9
8.3
19.7
23.3
18.4
10.4
21.7
13.9
43.2
15.5
25.5
36
17.6
15.6
23.6
9.8
22.2
9.3
20.4
35.9
18.7
47.9
18.9
22.4
25.2
19
21.3
13.4
15.6
27.1
32.8
24.6
31
9.6
17.4
12.7
12.8
14.5
21.9
10
19.4
12.9
13.7
12.1
20.3
12.4
27.2
10.1
18.2
13.3
12.6
8.3
12.8
11.5
11.5
20.7
28.5
16.8
12.1
10.1
12.7
11.1
10.6
12
15
37.6
11
13.8
13.1
23
14.6
13.9
26.7
13.1
25.6
24.2
39.9
21.2
12.2
9.6
12.7
10.2
29.4
27.2
18.3
34.8
19.8
36.8
34.6
28.6
22
35
12
15.2
9.2
23
14.4
16.7
16.2
17.6
11.2
27
13.4
9.7
24.9
8.9
13
26.5
14.8
41.3
9
27.1
37.6
12.4
28.7
18.5
15.6
9.4
12.7
12.2
11.7
11.3
10.4
16.1
23.5
34.5
30.9
28.5
23
12.7
20.5
33.1
11.4
20.8
25.1
10.3
17.1
17.3
12.8
19
23.3
65.7
19.5
18.5
12
12.8
16.9
18.6
15.5
17.6
13.2
10.8
19.7
17.9
15.4
17.7
19.3
33
9.3
11.9
12.2
19.6
20.9
15.9
11.6
18
16
34.7
21.9
13.1
11.6
8.7
10.2
10.3
24.2
20.2
29.5
14.6
28.4
16.7
11.7
22.6
20.8
17
17
34.8
15
11.4
30.9
27.1
16.9
17.7
11.9
20.8
16
10
18.3
15
11.7
36.8
19.7
43.4
23
9.9
14.4
16.7
20.6
20.1
11.8
8.9
10.3
14.8
22.6
17
8.9
11.8
31
12.2
9.6
21.5
17.7
32.2
32.5
11.4
26.5
12
23.1
21.2
15.4
13.3
19.9
9.4
23.2
15.3
31.4
12.1
29.9
14
11.9
17.4
30.2
20
9.1
16
28.6
12.7
27.5
17.9
17.9
13.6
10.4
13.8
17.6
11.7
28.5
11.7
14.5
11.5
23.5
12.5
13.1
20.6
22.3
17.9
11
20.1
23.6
26.1
22.7
9.5
9.4
32.4
25.9
54.1
14.3
10.2
21.7
21.2
28.9
20.2
12.7
23.5
28.9
19.1
12.2
16.9
9.5
50.9
16.6
17.5
22.8
13.9
10
11.2
8.3
9.1
21.6
11.6
26.8
18.9
22
15.6
17
9.4
12.8
20
11.9
15.4
14
13.5
10.2
11.8
13.8
17.7
31.1
29
11.6
12.1
11.5
9.2
11.5
10
9.1
8.3
8.7
25.4
19.5
11
26.3
13.1
17
27.2
10.8
9.8
7.4
8.2
14.4
16.8
9.9
18.1
14.1
14.6
17.3
31.4
11.4
10
22.2
14.8
16.3
11.6
10.8
16.8
7.7
22.5
12.4
17.4
14.8
10.8
9.2
8.5
21.3
21.1
22.4
17
12.8
15.4
30.9
9.6
28.4
18.8
7.8
8.9
7.8
27.9
12
15.1
34
12.9
20
13.9
15
28.4
30.7
14.5
18.2
33.8
10.7
11.4
21.3
10.1
10
13.1
12.3
16.3
8.3
13.2
9.6
17.3
23
8.8
10.7
18.5
12.2
23
19.8
16
9.8
16.7
30.1
9
9.7
16.5
21
23.9
7.4
22.4
13.6
10.3
9.3
9.7
16.5
8.8
13.8
9.1
10.6
12.9
27.2
19.2
9
10.6
13.8
17.9
12.2
20.8
14.7
8
27.4
14.9
10.3
10.2
10.7
9.1
14.5
21.1
10.9
20.2
33.9
16
10.7
18.8
10.2
26.7
9.5
9.1
22.8
10.5
18
35.3
15.5
11.2
11.6
22.7
15.6
10.2
16.7
8.6
44.1
13.4
17
9.3
14.3
17.2
11.9
16.8
33.4
8.8
35.7
32.3
12.2
9.9
24.1
8.3
13.6
20.4
21.4
11
16.7
12.5
18.3
10.5
8
15
12.3
9.2
20.5
9.8
14.3
8.3
98.6
12
13.1
9.1
20.1
12.2
28.8
26.5
31.1
7
17.5
26.3
18.4
41.8
11.7
13.3
15.1
23.1
7.4
15.1
15.8
26.6
15.3
36.6
10.6
12
31.9
9.7
14.7
7.1
10.7
9.9
18
14
7.4
12.1
16.4
25.8
11.3
10.4
24.1
28
17
31.1
18.1
14.4
10.3
28.6
24.6
12
14.8
20.5
10.8
14.7
7.1
34.1
8.4
18.5
9.3
19.6
10.4
37.8
8
9.8
8.9
12.2
18.8
28.5
20
9.2
24.6
22.3
7.9
27.5
19.4
17.5
13
14.9
18.5
18.4
15
24.8
54.4
10.2
18.1
9.2
9
11.8
12.6
15.8
18.2
11.2
8
8.7
21.2
11.1
9.4
57.7
7.6
20.2
22.8
15.7
14.4
31
22.2
12.5
7.2
20.8
40.8
11.4
8.7
7.4
13.8
14.8
19.6
23.3
11.9
25.9
13
7.3
21.2
11.6
18
27.3
7.3
9.1
8.7
8.2
10
11.7
15
19.9
7.7
9.3
10
13
30.9
14.3
7.9
12.5
21.1
8.9
12.1
19.3
9.6
22.1
7.5
19.9
10.8
12.9
15.4
11.2
19
13.2
7.6
15.8
11.9
23.3
24.9
24
19.8
27.7
9.9
12.8
17.4
15.5
24
19
12.2
10.7
10.7
7.2
7.8
11.2
14.5
15.3
8.7
10.8
9.4
40.3
12.8
15.9
17.5
20.9
42.8
7.7
15.7
9.4
21.7
14.4
21.6
11.6
19.9
10.5
12.4
11.6
11.7
31
29.8
37
13.4
67
21
14.5
14.9
8.8
9.3
12.4
19.4
23.2
17.4
19.6
29.2
7.2
12.7
10.7
13.1
8
11.9
25.5
11.6
16.8
13.6
20
11.2
30.1
9.2
13.5
19.2
7.9
8.3
19.8
26.1
26.1
9.7
10.4
13.8
20.3
21.4
9.6
24.6
12
17.6
15.7
9.8
7.3
14.7
13.1
8.3
22.2
10.1
19.4
15.4
12.1
11.5
17.1
13.4
23.7
15.4
8.6
33.8
12.5
14.6
12.4
20.1
23.5
11.9
9.5
14.8
20.1
17.4
15.9
28.8
19.9
12.8
15.5
7.7
17.5
10.7
18
7.4
9.1
17.4
10.7
7.5
7.5
9.5
16.6
19.6
10.4
13.9
19.5
27.7
14.5
8
11.5
15.1
7.6
15.7
16.7
7.5
10.7
21.3
7.6
15.1
19.4
11.1
18.3
11.8
25.7
12.7
14.7
19.4
17.9
15.5
26.9
19.1
13.6
11.8
18
7.9
22.9
29.7
15.8
11.8
30.5
23
26.3
21.5
26.6
18.3
8.9
22.9
20.4
20.7
12.5
28.7
7
8
25.6
8.9
10.8
8.5
14.7
19.4
19.8
12.3
11.1
29.6
16.8
11
10.1
9.4
14.1
15
7.5
8.4
16.8
24.6
16.5
12.8
8.7
22.3
10.6
8.6
7.5
13.6
8.2
10.2
13.2
8
12.1
15.1
11.6
10.2
13.5
11.1
22.9
11.2
13.1
14.9
9.5
21.5
11.9
10.2
13
9.1
13.3
9.4
20.1
14.2
26.2
12.2
7.9
16
11.1
10.7
19
12.6
11
10.5
13.7
14.2
25.4
7.4
29.9
24.4
26
20.9
20
19
16.7
30.2
9.4
9.8
15.2
21.2
19.9
9.7
29.1
19.5
40
7.9
33.2
16.7
9.5
8.8
15.2
26.9
10.5
35.7
10
25.5
18.3
14.6
24.3
9.5
17.3
11.7
13.5
9.2
9.6
15.7
8.4
17.3
19.7
8.3
10.5
10.6
19.9
11.5
13.4
14
28.6
25.3
12.6
12.6
17.5
37
14.2
11.1
15.7
17.3
14
8.2
11.8
19.6
13.8
17.5
13.3
8.5
21.2
12.5
21
10.1
27.3
9.1
19.7
29.9
9.2
8.2
10.3
10.8
14.3
10.8
9.9
8.9
18.2
14.4
16
10.5
14.5
11.2
13.7
10.8
14.9
10.1
9.8
24.7
19.5
13.3
11.7
9.4
15
7.4
17.7
14
23.9
11.7
22.3
9.1
16.1
22.3
12.4
15.9
8.7
25.8
16.8
10.2
18.4
12.4
9.6
8
10.4
17.5
14.6
14.2
9.5
17.8
22
12.4
11.3
13.2
22
19.2
10.7
8.2
20
8.5
9.3
23.5
22.9
9.8
9.3
23.6
14.3
15.1
28.4
11.7
10.2
8.3
50.4
9.9
29.5
17.3
12.5
9.9
7
13.5
16.4
15.1
10.2
14.3
7.5
14.2
15.4
9.2
23.9
14.5
8.2
18.7
15
9.4
26.2
14.1
11.5
15.2
25.2
15.3
35.6
20.4
14.5
8.1
14.7
7.1
8.1
28.1
28.2
13.7
10.2
18.5
10
7.9
8.9
14.4
8.9
9.4
31.7
8.8
29.1
14.1
11.6
30.3
15.2
23.3
16.4
13.8
16.3
14.8
9.1
9.1
27.9
11.7
7.9
13.9
7.8
15.4
16.7
18.1
23.5
20
31.8
50.9
9.1
8.8
14.1
17
20.8
13.5
14.1
21.5
10.3
20.1
37.1
15.4
12.2
16.9
10
8.9
12.6
15.3
10.1
7.1
9.3
30.1
17.1
8.7
7.6
17.5
34.5
17.8
16.6
23.8
22.6
12.9
16.2
13.9
11.2
10.3
7.5
7.8
8.1
19
8.8
8.2
8.1
34.7
25.5
15.4
23.9
15.9
19.4
46.6
10.8
9.6
20.6
12.4
15.8
12.8
17.3
9.2
26
37.1
15
13.1
12.2
28.3
7.2
14.7
28.1
10.7
12.7
13.9
20.8
28.2
26.1
14.6
12.3
13.4
13.2
11.6
11.2
8.4
23.4
16.9
24.7
25.3
11
11.7
15.2
20.6
17.8
26.8
14.2
28.7
14.3
24.6
12
16
22.5
13
16
13.4
10.2
18.6
35.5
10.3
13.7
17.9
8.7
32.4
45.9
19.8
7.4
23.5
9.2
8.8
14.2
17.5
7.4
15.3
25.3
25.6
30.6
16.7
10.2
11.3
10.9
29.2
9.8
14.5
7.2
11.9
11.4
8.9
13.6
15.1
20.1
9.5
19.1
14
26.7
18.3
10.2
18.8
8.7
16.4
7.1
28.8
15.6
9.5
9.4
9
10.7
20.3
20.3
15.3
10.7
11.4
16
13.6
12.9
9.6
28.4
22.7
20.6
18
23.8
15
14
16.2
12.9
13
10.2
28.1
8.6
7.4
17.9
22.5
12.2
7
7.9
8.7
13.6
13.1
10.4
19
31.4
11
8.1
10.4
10.5
14.5
16.1
11.1
27.9
21
10.7
11.6
34.4
8.6
14.6
24.9
20.6
16.5
20.2
24.2
23.6
12.6
20.1
17.3
8.8
7.7
12.8
14.3
16.8
22
15.6
34.3
9.9
9
11.5
18.2
13.1
29.1
15.2
9.2
33.9
10.1
51.5
32.4
27.3
18.5
9.5
13.1
7.9
29.4
16.4
26.4
17.9
7.2
16.6
12.4
20.2
16.1
23.7
8.3
26.1
31.1
17
10.5
17.6
25.8
19.4
8.3
20.7
18.6
17.8
14.1
26.7
8.7
12.2
44.7
10.1
13.8
10
7.7
13.7
17.5
7.7
17.7
22.5
9.3
26.8
13.9
25.7
9.7
14.6
10.8
13.8
8.2
10.3
19.3
23.6
11.2
16.4
12.4
14.1
10
22.5
40
17.4
11.7
15.5
20.9
8.2
16.4
24
15.6
13.4
18.1
22.3
27.1
16.4
34.7
27.3
12.8
10.2
19.2
10.9
26.9
17.6
20.4
22.7
12.9
16.4
22
15
11.5
26.5
21.7
13.1
23
34.1
25.9
11.1
10.3
28.4
7.4
18.8
10.4
16
15
14.3
8.1
21.4
26.8
11.8
15.8
28.4
18.4
13.7
8.9
12.3
15.9
8.9
17.1
21
10.1
12.9
19.8
7.3
18
12
14.4
13.4
8
15.9
21.8
26.8
14.9
8.3
7.4
9.8
23.7
12.8
10.9
12
13.3
20.1
10
8.6
45.3
11.7
22.4
26.4
27.2
11.6
18.4
13.9
18.4
24.1
21.1
9.2
12.6
14.8
19.9
13
13.1
14.1
15.4
8.9
8.5
13
9.9
40.2
15.7
12.9
20.3
22
44
19.3
9.8
15.6
19.3
13.9
13.2
25.1
21.4
10.4
14.4
10.8
9.8
9.6
13.3
27.1
17.9
8.7
15.5
9.5
25.5
8.5
8.6
20.4
15.6
11.1
23.2
13.8
9.9
25.2
9.3
25.4
8.5
19.8
22.7
12.1
9.6
23.9
31.2
7.9
9.4
15.9
30.4
20.9
14.4
16.4
7.1
38.9
14
20.5
25.1
38.4
13.5
12.7
12.1
9.8
19.6
17.7
26.1
19.7
14.7
20.6
19.4
16.8
7.2
33.8
14.7
10.5
11.1
15.3
9.1
7.7
16.6
11.6
9
35.7
13
8.8
20.8
20.2
19.6
9.7
16.9
9.6
11.9
15
34.1
17.3
12.6
25.1
8.1
12.7
13
12.1
15.6
8.7
23.6
20.1
8.5
9.2
20.7
14.8
14.3
20.1
10.2
22.5
9.9
9.9
20.8
12.6
9.5
20.7
12
20.9
7
40
13.9
9.5
12.1
25.9
8.9
18
19.7
9.3
10.2
8.5
21.1
14.1
15.3
9.7
8.8
8.6
8.4
33.6
18.4
13.3
18.7
9.4
8.9
10.2
24.6
13.3
10.9
16.6
8
31.1
8.4
10.8
9
8.1
28.6
20.2
19.5
21.3
15.9
10.1
12.3
20.7
15.1
13
10.4
10.1
11.2
8.4
12.7
21.9
13.3
8.2
30.9
11.6
10.8
12.9
24.5
11.5
8.8
10
12.8
28.4
8.6
8.7
11.6
13
11
11.2
35.8
15
11.4
7.7
9.6
28.9
12.8
10
23.9
7.3
8.3
9.3
21.6
8.3
15.1
16.9
9.8
21.9
11.4
22.9
13
9.7
12.7
33.8
11.5
15.5
22.6
17.7
27.1
26
14
21.2
23.4
36.2
24.9
11.6
7.6
16.7
12.4
13.9
9.1
11.3
14.3
19.5
11.1
12.1
16.5
14.1
9.2
14.4
11.6
8.3
29.4
11.6
12.3
12.9
13.1
14.7
25.4
9.2
12.2
13.2
13.3
9.4
8.3
12.1
25.7
11.6
15.9
27.8
18.1
18.9
9.8
8.9
8
11.8
11.3
11.4
10.4
12.1
8.9
36.7
25.9
22.7
15.5
15.6
10.4
21.7
19.7
13.5
17.8
21.9
10.5
20
13.4
16.7
16.6
9.6
7.3
8.1
8.8
9.8
9
14
19.3
17.5
14.2
21.6
10.1
21.7
7.8
17.4
21.8
25.2
29.1
18.2
19.7
8.5
11
13
70.2
10.8
14.6
9.7
20.6
7.2
7.9
19
9.9
19.8
10.2
12.4
11.8
9.9
8.1
11.2
13.3
17.5
20
11.2
7.8
11.3
19.8
10.1
14.3
11.4
7.9
37.3
22.4
11.1
31.5
23
13.3
10.9
23
11.5
22.5
15.6
13
11.4
27.6
13.3
7.5
26.5
9.6
11.2
20.9
13.5
14
33.4
15.7
8
24
14.1
11.2
11.5
20.3
17.7
7.3
11.3
15.3
17.4
13.7
18.6
27.4
11.2
9.3
20.1
8.2
8
14
9.1
28.3
7.5
16.3
7.2
9.7
16.4
10.2
9.7
19.9
26.2
16.6
11.7
17.4
15.2
14.3
35
9.7
25.8
21.9
12.1
14.2
17.6
13.1
35.8
8.7
25.8
9.2
16.3
18.4
13.5
9.7
11.4
27.4
13.7
37.5
15.4
14.3
18.7
8.8
19.3
9.4
13.5
12
23.4
19
14.1
7.8
7
8.4
11.3
17.9
14
14.9
17
12.8
12.6
14.6
13.4
19
21.3
35.2
12.4
12.1
9.2
20.1
10.3
13
20.9
9.4
11.4
32.6
18.2
15.2
14.1
12
9.2
22.6
21.9
7.8
22.1
8.2
8.6
11.5
9.2
32.5
14.4
10
7.6
23.7
30.2
20
13
15.4
29.6
12.4
11.2
7.9
10.3
9.8
11.2
14.8
12.3
7
8.9
9
20.9
12.6
15.8
8.5
15.6
23.3
7.9
14.1
27
7.4
9.1
47.7
7.3
18.9
11
15.2
19.8
24.7
10
15.7
50.6
18.6
8.3
20
7.8
19.1
13.5
11.6
22.6
21.6
15.5
46.1
19
9.7
10.5
12.7
7.1
18
33
19.1
22.5
13.4
9.8
12.5
9.8
23.6
17.2
7.4
10.3
9.3
10.2
15.6
37.3
17.1
24.7
30.2
10.4
13.2
18.1
10
27.9
23.3
31.4
16.5
16.7
10.5
20.6
17.1
21.5
16.6
16
19.5
21.6
14
14.5
13.9
21.4
9.4
19.4
11.6
14
19.4
13.3
16.7
12.9
12.7
23.3
14.1
18.1
7.8
19.4
19.1
26
14.2
22.6
14.5
14.6
7.9
18.5
9.1
17.8
15.3
9
9.2
15.7
14.4
12
12.5
17.1
9.3
8.1
12.9
15.5
12.9
8.2
34
10.3
27
15.5
15.4
15.4
12.9
8.7
8.5
27
10.3
17.2
16.5
13.2
8.4
9.6
13.1
7.5
28.8
29.4
21.8
16.2
34.1
17.1
15.8
13.6
17.7
16.1
34.2
10.5
14.3
14.4
10
17.6
9
14.5
11.5
15
8.3
20.3
10.3
7.5
10.4
12.3
24.4
12.9
15
10.3
11.5
11.2
16.4
7.9
11.9
23.4
12.5
12.1
21.1
21.3
10.2
11.2
33.5
12.6
14.8
16
20.1
12.4
23.1
21.9
9
7.6
16.4
14.9
13.1
7.6
21.6
22.2
19.9
16.1
19.4
21.5
24.7
29.9
10.6
12.2
16.8
25.2
14.6
13.3
14.8
25.6
11
18.2
13.1
19
35.1
16.7
13
7.1
26.9
10.6
11.4
12.5
22.6
21
17.6
24.2
17.3
18.5
14.6
15.1
19.1
17.3
12.5
27.4
7.6
14.8
9.9
9.6
11.7
15.1
11.2
15.4
15.9
27.1
12.9
20.9
27.7
7.6
15.4
22
18.3
12.1
7.4
20.3
8.6
19.1
9.3
8.8
13
16.1
17
13.2
23.2
8.7
25.9
11.5
21.2
18.2
11.2
25.1
21.7
20.6
10.7
9.5
8.8
26.8
7.8
7.9
20
18.5
12.3
33.3
14.9
12.4
7.7
7.2
24.2
15.2
8.9
18.9
10.5
16.1
11.4
15.7
8.6
20.6
21.1
9.7
12.2
54.7
11.7
14.8
9.5
16.4
7.7
16
27.3
10.6
11.6
11.4
14.3
7.8
12
10.5
67.2
13.3
12.3
21.9
14.4
7.9
18.1
14
14.2
7.3
22.6
14.8
15.6
8.2
13.3
7.7
9
15.9
22.1
11.8
12.8
14.2
9
9.2
15
24.2
28.8
10.1
15.1
13.7
8.3
13.4
11.7
8.6
27
15.7
22.3
22
11.4
27.2
22.4
7.4
10.8
16.9
18.6
10.8
19.5
17.4
15.1
16.8
16.5
8
16.4
25.5
14.1
13.5
7.7
10.2
28.9
19.1
19.3
13.3
35.8
20.3
17.7
26.7
8.9
12.8
10.1
19.3
12.6
13.3
14.1
23
9.6
19.6
27.2
28
10.6
10.8
12.2
22.3
17.8
17.2
15.2
22.6
14.5
10.9
8
14.9
16.1
19.5
16.8
11.7
14.3
18.3
10.4
8.3
7.5
20.8
20.1
10
8.2
9.1
7.5
16
20.5
12.2
14.9
11.2
17.1
12.6
15.5
15.6
22.6
15.7
7
18.9
15
7.6
11.3
22.7
11
26.6
18.2
9.6
11.7
8.4
17.2
11.5
20.6
8.4
19.8
14.4
15.1
21.9
10
11.2
11.4
7.2
21.9
25.5
23.2
11.2
9.6
23.2
18.4
8.7
9.6
7
9.7
12.4
13.8
12.1
16.2
25.6
29.3
15.3
12.5
7.5
10.2
13.9
18
10.4
18.4
33.8
18.5
28.8
12.1
12.3
22.9
32.4
18.8
10.5
32
20.4
18
24.2
10.5
18.5
11
13.5
17.6
15
29
11.6
30.5
10.6
20
11.5
13.8
10.5
13.2
19.6
16.9
19.9
20
10.3
11.1
9.1
15.3
39.6
15.6
11.4
15
12.3
17.1
13.5
16.9
16
18.3
11.5
9.4
7
7.7
14.6
29.8
8.2
15.9
10.7
20.4
37.2
21.7
25.3
19.6
13.2
9.2
7.7
18.1
13
20.5
18.7
10.7
12.3
18.4
12.7
15.9
9.6
7.8
8.9
29.1
11.2
13.1
7.9
11.8
9.2
7.4
8.6
9.9
18.3
11.8
10.6
17.7
13.4
28.2
18.1
31.8
25.7
25.4
23.3
18.4
31.9
14.3
22.4
13.3
8.7
15.1
10.8
17.6
23.7
27.3
12.3
16.5
9.4
20
15.8
8.8
25.7
10.1
12.5
17.5
17
18.3
10.5
17.2
17.8
17.7
8.8
16.7
19.8
11.3
8.3
10.4
24.3
9.6
33.2
14.8
11.5
10.4
22
16
21.3
12.4
10.6
26.4
14.9
7.4
14.2
16.9
18.2
32.3
13.9
25.4
18.2
24
11.6
12.9
13.2
7.3
12.1
11.8
8.5
10.3
10.7
10.4
20.2
13
7.8
12.3
9.2
15.7
28.1
20.9
11.9
10
7.9
16.8
10.7
27.1
18.6
15.7
10.4
26.5
13.5
15.4
15.4
27.9
10
9.8
15.4
9.5
8
14.2
9.1
14.1
11
9.1
9.7
36.6
27.9
13.9
12.9
9.4
10.5
15.5
18.8
27.8
31.3
13.1
11.9
8.8
7.9
9.8
11.2
25.2
16.4
11.5
23.3
13.3
12.8
15.8
20.6
12.9
17.7
11.3
35.9
9
12.9
9.6
9.8
12.6
14.4
9.4
8.4
18.1
15.1
8.9
14.5
13.4
13.3
18.7
13.7
22.1
24.8
14
19.9
12.2
13.5
10.9
24
11.6
13.8
6.7
14.8
24.6
8.6
7.8
14.2
7.1
11.7
6
7.5
13.5
8
6.6
10.6
6.9
10.9
8.6
17.4
18.9
6.8
7.8
10.6
8.3
7.1
7.3
12.7
10.7
11.1
28.3
7.5
6.5
7.9
14.1
17
6.5
11
12.9
6.7
6.6
7.1
10.2
6.5
8.4
8
6.4
9
14.1
16.4
22.2
12.6
6.3
6
20
8.9
16
10.6
11.9
10.4
6.3
7.1
10.4
7.7
7.4
28.2
7.3
17.9
71
10.1
10.8
7.5
16.1
11.8
10.4
29.8
7.3
7.1
6.1
8.2
6.6
25.7
6
8.3
10.9
9.4
6
6.1
11.8
9
17.4
18.7
12.3
11.4
17.4
7.1
9.8
6.2
10.2
15.6
9.3
22.3
6.6
7.6
7.8
16.7
12.8
7.7
24.4
9.7
6.7
7.3
12.3
9.2
11.2
6.9
7.5
7.3
6.1
7.1
20.4
12.7
6.4
6.3
9.9
19.8
9.2
6.4
13
8.7
8.6
6.5
9.9
8.5
15
12.1
5.4
11.8
6.5
5.1
8.1
5.9
14.3
9.6
5.7
25.8
5.9
6.3
5.1
5
10.3
7
5.3
9.2
6.9
12.6
6.4
13.7
6.6
6.9
5.7
6.4
5
5
10.3
28.2
5.2
7.2
9.1
5.2
13.7
5.1
14.4
17.8
9.2
5.1
14.3
13.8
5.6
5.3
8.6
5
10
23.6
6.1
5.1
10.4
9.6
5.2
6.3
20.7
24.9
7.2
17.9
5.4
5
9.2
6.9
11.9
13.8
6.5
7.9
7.7
5
5.6
5
5.2
5.9
5
6.2
5
5.9
8.2
5.5
6.3
5
6.8
5.4
5.6
12.9
21.3
7
7.2
17.3
14.1
9
10.1
5.7
21.5
5.1
5
13.5
14.7
5.7
14
20.5
12.8
6.2
9.7
5.3
5
6
5.3
20.2
7.8
5.2
17.3
5.9
5.1
14.9
7
17
5.5
5.2
5.6
7.8
6.8
8.9
10.9
6.6
6
5
5.1
7.6
11.8
5
11
7.6
6.1
9
5.2
13.8
7
7.9
5.7
6.3
5.7
7.9
9.9
6.8
5.1
12.5
13.9
22.7
5.8
6.9
5
12.1
5.6
6.4
6.7
5
6.2
9.5
6.5
5.1
5.4
5.1
12.4
34.6
5.2
5
5.6
8
18.8
6.5
5.6
10.2
5.4
5.2
7.6
6.8
5.8
5.9
5.1
5
9.4
9.4
9.3
5
6.5
5.3
5.7
9.8
7.1
19.9
5.1
13.1
5.7
12.2
12.1
6.1
5.7
5
8.9
5
5.8
17.6
8.5
5
5.3
6.4
12.2
11.3
6.9
20.5
5.1
15.1
20.5
5
5
5.5
5
10.7
6.6
5.1
5.7
5
5.3
5.6
10.4
5
24.5
10.2
5.3
5
6.1
9.4
5.8
5.7
6.3
8.1
5
14.6
5.3
7.8
5.4
5.1
5.4
6.9
5.6
11.2
5.2
7.8
5.7
6
5.2
8
5
5
5
5.2
8.1
5.1
5
5
10.3
6.2
7.4
6.2
9.9
15
5
8.3
5.4
12.9
5.2
9.6
13.5
7.2
8.5
7.7
5.7
9.3
10.5
7.6
7.6
7.6
5.1
6.9
8.8
5
7.6
8.5
25
13
8.2
13.5
12.1
9.5
23.5
13.4
5
5.4
17.9
5
5.6
5.3
9
5
8.7
14.9
7.8
5.7
6.9
29.1
22.7
5.6
7
21
5.6
5
17.8
6.7
6.1
5
19.7
11.1
5.1
11.6
15.9
5
8.9
29.7
5
17.5
12.4
8.6
6.2
7.4
5
6.1
9
5
8.9
8.7
5.4
5.1
5.5
5.3
5.3
5.1
5
9.4
11.3
5.4
12.7
8
7.9
6.3
9.1
5
5.8
5.1
6.1
6.3
10.9
14.9
13.5
13.2
5.8
6.8
9.3
15.5
5
5.8
7
18
5.2
10
10.3
9.8
15.1
9.8
15.8
5
7.4
8.5
5.9
5.5
6.1
16.8
19.4
5
6.8
19.6
5.9
7
6.8
10.1
17.9
5.7
6.3
5.6
5.7
5
7.6
15.1
13.4
5
5.3
5.4
5.3
14.5
8.4
7.5
11
5
5
19.3
7.1
8.6
6
9.4
6
24.4
9.8
20.1
5.3
28
5.7
14.8
12.9
6.4
11.7
35
10.5
6.1
5
5.1
5.2
5.2
5.3
6.2
9.2
5.3
5
9.1
6.2
5
6.6
5.6
5.3
15.3
5.1
6.2
5.1
5.5
9.7
13.7
5.1
5.1
11.2
11.9
5.5
6.6
6.3
5
9.3
8.4
7.9
13.5
5
5
12.7
5.1
9.7
12.2
9.4
7.6
9.1
5.1
5.8
6.6
5.5
9.7
7.8
9.4
5
6.3
17.5
5.1
5.7
7.2
7.7
10.3
5
6
5.4
5.8
5.4
7.8
5.5
9.5
45.6
13.2
5
5.1
12.1
5
6.3
10.7
7.6
5
5.1
11.6
15
7.8
13.1
9.8
5.8
10.9
6.9
7
5.5
6.8
5.2
5
5.5
14.4
6.5
8.9
5.3
5.5
9.5
11.4
5
5
5.9
5
5.1
5.1
19.9
5.2
5.4
6.9
8.2
11.9
9.9
19.4
11.2
5
5.5
11.8
5.2
15.6
7.9
17.4
11.4
12
5.1
17.2
6.3
8.3
6.1
5
5.7
13.9
5.6
5
7.5
17.5
5
5.2
5.7
5.8
13.1
5.1
5.3
5.5
5.3
5.7
12.4
5.1
5.4
5.7
5.7
5
5
9.6
5
8.6
5
7
5
13.4
5.7
6.9
10
16.7
5
6.8
5.3
23.3
5
5.1
6.1
5.5
5.4
5.2
17.4
6.1
5.1
5.4
6.1
20
5
14.8
5.1
5.9
5.5
7
5
7.9
5.8
6.2
5
8.7
5.5
30.1
7.8
16.1
17.2
5
16.9
6.1
9.5
8.1
16.9
6.9
5
6.3
5.2
5.9
17.3
5.4
13.3
6.7
8
5
5.5
5.1
7.3
5
6.6
8
10.9
5.2
6.4
5.5
12.2
9.2
5.2
6.3
8.2
5
5.6
6
5.3
9
5
26.9
5
19.9
10.7
14.2
6.4
5.1
14.4
5.2
21
5.2
5.5
28.6
6.5
5
6.7
18.3
18
5.7
5
7.9
8.7
5.4
5.3
5.1
5
11.6
7.8
6.8
17.2
5.5
8.7
5.1
11.9
6
8.9
16.8
5.2
5
23.3
5.2
13.5
6
5
7.1
9.2
12.5
6.2
7.6
13.4
13.4
14.3
9.2
8
5.7
5.4
11.5
11.9
5.7
5.3
11.1
5
7.9
8.3
7.9
5.1
8.7
6.7
5.3
17.5
5
13.9
9.8
5.2
6.8
10.7
9.1
7.4
5.3
5.2
5.4
7.7
5.3
5.9
9.6
6.6
24.3
5.1
5.6
5.3
6.5
6.6
24.1
5.5
5
6.1
6.9
17
5.6
5.8
5.1
5.1
5
8.1
6
5.2
12.1
5.3
37.2
5.5
17.8
5
6.9
5.2
11
5.2
5.1
8.4
5
9.1
6.4
5.4
5
11.7
15.4
9.3
5.5
9.2
16
7.7
5
6.5
17.1
5.7
6.2
6.2
5
11.7
5
7.1
5.1
7.8
5.8
6.8
12.1
21.1
5.5
6.5
5.5
6.2
6.7
5
5
11.5
6
5
8.6
5
7.7
5
5
6.7
8.6
5.3
7.5
7.1
5.3
5
5.1
5.1
5.1
8.9
12.4
5.1
6.4
5
9.2
5.1
15.9
6.4
5.8
21.4
6.5
5.4
9
5.7
6.2
5
5.1
5
9.2
9.1
13.9
7.5
21.2
5.3
5
5
5
6.4
13.2
8.5
5
6.2
5
5.8
9.7
5.3
8.7
18.3
5.5
9.5
6.4
5
5.9
11.3
24.2
9.6
5.3
6.7
5
5.8
11.6
5.7
26.3
10
9.6
5
6.7
6.7
5.8
21.3
5
5.1
5
10.3
9.1
5.5
6.7
5.4
5.2
8.4
12.9
5.3
5
6.7
5.6
10.2
7.9
14.6
13.1
5.5
7.8
14.8
5
18.8
6.6
15.5
6
5
15.9
5
6.7
6.3
7
5.5
6.6
7.2
15.1
12.5
5.6
18.5
5
5.3
5.9
5.2
10
9.2
15.3
10.1
20.8
8.6
14.2
5.3
5
10.4
5.2
19.2
5.7
6.1
5.8
5.7
17.8
5
5.5
22.1
5.4
5.2
18.3
5.4
5.5
5.5
5.1
9.1
14.1
9.6
5
7
5.4
6.2
13.7
5.6
12.5
7
11.2
8.4
5
10.7
5.2
7.3
10.9
6.6
18.2
5.9
6
11.5
10.6
9.2
6.1
7.1
5.5
5.4
5.2
10.8
5.1
10.3
6.1
8.4
5.5
5.1
12.6
5.4
8.3
5.1
8.9
6.5
20.9
10
17.2
6.1
5.3
7.9
12.8
23.2
5.6
11.2
5.4
5
7.1
15.8
5.9
5
12.7
13.4
12.8
5
10.2
6.2
8.4
5.1
10.1
5
5.2
7.9
6.4
23.1
6.8
8.2
5.1
7.6
16.4
6.5
5.7
8.9
16.4
15.1
8.5
5.2
9.5
5.1
5.2
6
8.5
23.7
21.8
5.3
5.2
5.9
5
8
5.6
9.8
6.8
12.4
8.5
5.4
29.2
5.2
5.1
5.4
5
5.8
5
6.8
6
5.9
5
5.9
5
5
5
6.4
12.6
9.7
11.5
10.2
8
5
5.6
6.6
6.4
6
5.2
5.4
5
5.2
5.6
11.8
8.5
9.9
6.1
7.9
5
13.4
7.6
6.2
5
5
16.2
6.4
5
5
7.3
5
5
11.1
6.4
6.8
6.7
7.7
9.2
7.7
5.4
5
5.4
13.2
10.5
11.8
9.2
7.8
6.7
10.3
9.8
5
15.3
5
18.5
10.5
9.5
6.3
13.8
5.2
5.4
20.2
5.2
14.8
5
11
8
5.2
32.1
14.9
11.9
9.5
5
5.7
5
9.6
17.5
6.2
17.5
6.4
10.9
22.8
10
5.5
12.6
9.2
5
5.2
5.1
11.1
5.3
11.6
20.5
8.2
8
5.7
14.3
9.3
5.7
5.3
12
6.9
5.8
5.1
5
8.9
9.8
5.4
7.4
11.2
5.1
8.4
15.9
5.3
5
8.9
5.6
6.2
5.6
9.7
5.5
7.9
15.5
23.8
9.4
6.9
5.4
5
22.3
5.5
12.7
5.3
5
14.7
5.2
6.1
7.9
6.1
8.3
9.6
8.3
6.1
9
5.1
5
5
11.7
5
5.4
12.7
20.8
24.3
18.3
7
6
8.2
5.2
7
5.1
5.4
13.6
5
6.4
5.4
6.9
20.7
5
10.2
10
13.9
5.3
5.1
7.9
5.1
16.7
13.1
5
7.7
5.6
7.1
5.9
5.4
7.6
5.7
8.9
7.2
9
5.1
7.5
10.3
7.1
5
5.9
9.6
9
8.1
8.2
6.2
5.5
9.7
12.4
10.9
5.3
6.1
12.8
14.9
5.4
13.8
10.9
8.8
13.5
5.1
7.2
13.7
17.6
10.1
5.7
7.5
8.1
9.9
5.3
23.3
5
5.3
8.5
5.5
6.5
7.6
5.2
6.2
10.9
10.5
9.4
24.5
6.5
22.2
5
5.2
5.4
10
7.3
15.7
7.7
13
5.8
5.1
13.6
16.9
6.9
7.9
13.1
5.1
6.4
5.5
5
6.9
5.1
5.6
11
6.4
5
5.5
5
5.9
6.5
5.2
5.4
5.7
5
5.2
5.2
8.3
5.4
5.3
5.3
9.8
5.2
6.5
5
9.9
20
5
6.5
12.6
6.6
6.8
5.4
6.7
11.1
12.7
5.5
5.9
8.5
11.8
13.3
8.3
5.8
9.6
5.4
19.2
7.6
15.2
11.6
10.7
9.7
8.2
5.6
6.1
12.4
7.3
18.6
5.1
12.1
8.5
5.3
5.2
5
11.5
21.6
11.6
11.8
5.4
5.7
5.5
6.2
5.6
8.3
6.2
5.7
5
10.8
11.4
5
5.3
9.4
6.9
5
19.9
8.1
5
8.1
5
6.1
8.2
9.5
16.9
11.9
6.1
5.1
14.4
5.2
7
7.8
7.9
15.6
13.7
5
7.9
5.1
10.5
15.5
5.7
5
5.8
12.2
5
10.4
5.1
9.2
5.9
5.1
5.3
5
5.1
6.8
5
5
5.5
5.1
7.5
5.4
10
18.1
6.2
5.3
5
5
5
24.5
5.2
5.3
12.6
7.4
12.1
5
7.6
5.6
5.2
5.7
5.3
5
9.2
5
7.1
13.8
6.5
5
5.3
6.2
5.6
5.9
5
16.8
17
20
5
5.1
5.1
8.2
11.8
11.8
10.7
13.3
7.4
6
5.2
7.9
9.1
6.3
9.3
8.6
5.3
5.6
5.4
16.1
15.7
9.3
6.7
5.7
6.5
7.7
7.1
5
5.6
10.3
5
8.9
9
5
5.1
6.4
14.5
11.7
13.1
5
9.1
6.2
5
14.2
5.8
5.3
21.2
6.2
16
17
10.3
5.4
5.5
6.8
5.5
5.6
9.5
5.4
5.1
6.3
13
5
5.4
6
11.7
5.3
8.8
5
5.2
5.6
6
15.3
10
5.1
5.3
8.1
11.2
6
17.9
5
6.2
10.8
16.5
5.2
5.1
10.9
5.2
5.3
15.6
9.7
5.4
10.6
5.7
7.8
5.5
13.8
8.7
5.6
8.8
5
28.6
10.7
20.9
7.8
6.2
5.1
6.3
5.3
7.3
5.4
14.8
14.6
18.2
10.8
5.1
5
9.7
13.2
10.7
5.6
6.3
5.4
5
7.9
5.2
5.4
6
17.1
6.4
5
11.2
6.1
9.6
14
5.3
5.3
8.7
33.8
6
15.9
5
5.2
7.9
11.9
8.4
9.1
5.1
5
5.3
5
10.7
17
27.8
5
7.4
24.9
5.9
5.5
19.1
13.2
5.1
5.9
7.1
5.6
19.5
12
6.7
5
5
13
6.2
5.6
18.6
5
8.8
5
13.6
5.3
5
7.2
14.7
7.6
5.2
5
5.2
5.7
11.7
5.1
5.4
6.4
18.6
10.7
14.8
5
7.1
6.4
9.5
15.4
5.3
5.4
13.5
11.4
10.7
5.2
6.8
6.4
5
11.4
5.2
10
7.2
5.9
6.8
5
5.4
5.8
14
6.9
5
5.8
6.3
8.2
18.4
21.2
11
6.3
5
8.1
14.2
26.3
15.9
13.4
5
12.6
6.1
8.5
8.3
12.1
5
8.6
5.9
5
5.1
5.8
5.5
5.3
9
10.7
5
10.3
9.3
5.5
12
15.2
12.6
13.4
10.3
5
6
6.3
5
12.7
6.3
5
25.6
5
5.6
23.6
7.9
7
5.4
20.2
7.5
5.6
23.4
5.2
5.3
5.1
5
6.2
6
6.4
7.3
5.5
6.2
9.6
13.5
17.4
5.1
9.9
5.8
11.2
5
5.2
10.2
9.5
8.6
5
5.7
18.1
8.4
6.4
11.4
5.6
8.4
5.7
7.2
5
6
25.2
5.4
5.1
6
11.8
8.7
5.1
5.1
6.5
18.6
14.2
6.5
13.6
12.3
5.1
5
6.8
9.7
7.4
5.5
10.8
7.2
5.2
6.7
6.5
9.8
7.5
5.4
7.9
7.9
5
32.7
17.3
5.4
9.9
8.9
5
5.4
5.9
5
5.3
8
9.8
8.9
10.2
5
8
5
13.8
8.4
8.2
13
10.7
6.4
26.2
5.7
7.8
6.3
7.1
17.2
5.5
6.7
5
11.3
5
7.1
5.6
12.6
6.4
11.5
5.9
21.8
23.3
5.1
14.7
5
6.6
7.1
5.7
6.7
14
5
5
18.2
7.7
5.8
8
10.6
5
11.3
11.4
12.8
5.5
9.9
27.8
8.4
15.8
6
6
5.2
13.5
7.1
6.7
11.4
9.3
7.1
5.3
16.9
5
5.8
5
7.7
5.6
9.9
5.7
8.5
12.2
10.6
5
9.2
5.3
6.8
12.7
5
8.2
6.4
10
6.6
10.3
16.1
5
9.6
7.8
17.6
5.2
9.8
21.8
17.9
13.1
10.7
6.2
6.3
5.3
10.3
5.6
12.3
14.4
7.5
9.8
5.1
5.8
14.5
12.6
6
5.3
7.9
5
5
9.8
5.4
6.2
6.8
5
5.1
5.5
22.3
7.4
11.3
22
6.7
5
5
15.1
9.6
10.2
12.6
8.2
5
10.7
5
9.8
13.1
7.2
5.1
18
6
7.4
5.2
12.5
6
5.3
7.7
7.5
7
5.2
11
5.1
5
5.2
7.1
5
5.3
6.9
7.6
5.3
5
5
5.3
5
6.1
6.9
5
5.4
