10876 34740
29.1
29.8
8.1
26.5
10.4
11.5
23
10.5
25.6
18.3
41.6
61.3
61.5
10.8
111.1
48.1
8.2
23.3
14.5
140.3
33.4
22.2
8.4
22.6
8.2
26
35.6
8.1
9.2
8.9
8.5
10.3
16.8
12
12.7
10
16.2
43.4
110.6
46.6
9.9
51.4
60.1
38.6
10.1
42.8
42.9
26.4
8.1
72.3
10.8
15.2
28.4
15.9
14.8
57
8.6
31
23.1
15.8
35.3
54.1
180.3
17.5
14.3
29.3
13.2
8.2
44.3
10.1
111.6
44
18.4
18
83.8
29
11.8
84.1
35
20.6
15.7
13.1
9.1
37.7
25.2
12.7
35.8
52.5
12.4
10.5
13
16.5
9.6
39.4
9.4
12.8
22.7
71.3
11.1
34.5
41.6
63.2
33.5
8
13.2
42.7
26.3
8.4
8.6
28
14.2
13.2
36.7
29.5
16.9
18.1
11.4
17.8
22.8
13.7
90.5
19.3
9.7
18.7
8.5
99.6
46.1
63.9
49.7
85.1
23.5
139.5
41.8
8.4
56
94
79.6
19
46
9.6
23.2
31.8
46.1
55.6
9.5
72.4
28.4
60.4
54.9
23.2
12
80.9
77.7
16.9
20.8
26.5
27.2
59
9.2
15.9
28.6
90.4
17.4
16.2
37.7
56.1
15.2
19.8
30.5
11.6
30.6
19.3
11.7
15
8.3
8
22.2
33.6
73.5
27.5
24
72.6
14.4
68
69.3
19.4
13.5
13.4
29.9
79.3
74.8
25.8
28.4
23.1
60.3
18.5
9.3
10.1
15.4
47.8
19.2
11.8
30.2
28.5
8.4
8.1
55.3
9.6
56.2
25.9
25.3
72.3
8.4
24.2
55.3
18.9
28.1
8.4
15.1
8.1
58.4
10.5
24.7
84.9
61.3
9.8
19.5
36
9.9
10
17.1
14
13.7
15
15.8
35.5
23.7
14.9
8
11.6
8.6
9.4
8
20.9
20.4
45
50.8
58.5
57.2
38.1
63.1
48.8
32.7
8.2
14.3
28.8
18.5
71.8
47.5
17.4
24.3
21.8
28.7
8.5
32.7
8.2
30.5
42.6
28.3
67.1
23.2
50.5
73.7
21.2
9.6
31.5
30.3
8.3
42.3
28
43.3
41.7
8.7
11.3
38.7
18
9.7
33.2
56.9
14.8
22.4
23.5
33
43.2
33.3
30.4
11.8
66.8
65.7
10
10.9
24.7
77.1
26.7
28.2
55.7
27.5
13.9
8.2
38.4
37.1
89.3
71.1
34.1
34.4
10.2
8.3
31.6
86.7
28.5
10.2
8.3
29.8
142.7
24.9
13.4
28.7
102.8
43.1
57.1
8.8
82.9
8.2
9.3
15.9
14.7
16.8
8.3
47.6
62.8
31.6
10.4
8.8
12.6
10.5
12.4
30.3
10.6
24.3
26.6
26.6
22.8
26.4
8.4
14
19.2
49.7
12.3
24.1
8.4
8
28.9
8.4
20.2
18.4
34.7
55
56.1
13.9
18.1
15.2
11.6
10.1
23.4
8.1
9
8.7
12.9
14.6
24.1
11.9
10.9
57.8
31.2
12
127.4
35.9
29.3
22.2
23.6
42.3
59.4
40.2
15.7
31.1
36
33.3
19.6
15.7
34
8.7
21.2
16.8
35.7
8.4
15.1
41.5
149.6
20.8
26.7
9
13.1
31.9
25.7
24.2
15.4
10.2
22.6
35.4
14.9
109.6
10.4
67.2
8.5
44.1
16.9
25.4
19.8
8
10.1
15.2
18.6
18.9
8.5
19
22.1
15.7
14.7
11.8
17.3
41
24.8
14.4
18.1
20.5
30.1
26.5
14.6
11.4
13.4
37.1
13.1
112
9.8
29.3
14.5
18.5
16.1
36.5
12.9
19
15.4
16.5
23.4
14.1
10.6
15.2
8.1
8.2
24.5
55.6
18.3
8.4
24.7
18.7
41.1
39.4
48.8
21.7
23.6
11.2
32.2
47.4
8.3
59.4
42.1
93.1
16.1
96.2
58
50.5
80.6
17.1
30.4
18.2
13.9
25.3
35.3
63
12.8
15.3
50.6
31.5
8.2
14.6
16.3
35.8
35.2
25.6
88.9
14.5
8.4
19.5
13.9
22.8
12.6
46.3
38
8.1
27.3
8.1
56.7
108.8
30.1
9.9
65.4
27.3
10.3
39.5
60.2
20.2
8
9.3
8.4
16.5
8.3
36.3
71.4
35.6
8.5
15.6
21.4
23.2
60.4
49.8
28.1
67.2
23.9
13.4
26.6
76.9
57.9
10.4
10.6
21.4
10.4
67.8
24.4
8.6
30.2
22.9
27.9
34.7
12.2
9.8
99.1
57.3
100.5
31.8
22.1
47.8
21.4
47.9
15.3
18.2
52.5
64.1
34.8
8
55.3
72.9
12.9
16.7
15.3
8.2
20.5
15.6
114.2
41.9
19.1
101.1
8.2
32.9
30.9
9.7
39.8
18.3
15.8
17.5
22.9
70.2
9.6
23.6
31.2
14.6
13
21.6
38.3
34.3
19.9
31.5
43.5
8.3
8.2
20.1
8.2
50
8.2
39.1
40.5
20.5
8.2
20.9
11.7
36.5
76.5
27.3
31.2
90
19.3
15.1
16.7
11.9
9.9
9.6
16.6
12.4
21.5
60.9
123.7
13.2
12.5
61.1
25.4
8
12.6
8.9
8.7
18.6
21
12
13.2
19.6
10.9
160.9
13.7
75.8
23.1
17
15.2
13.3
10.8
13.1
27.9
40
24.4
39.7
40
33.9
26.8
42.3
27.7
8
8.1
30.3
48.9
52.9
16.7
28.3
17.2
15.6
64.4
22.4
21.5
29
13.8
40.9
49.7
36.1
13.4
13.5
18.3
59.7
21.1
14.9
17.9
21.8
10.3
18.5
12.1
12.6
21.7
47.8
40.1
17.7
15.3
55.6
8.6
30.6
9.8
21.4
16.8
12.1
15.8
11.7
8.1
17.8
44
14.7
8.5
46
20.9
26
74.3
22.9
26.8
13.3
33.3
65.8
11.1
33.1
80.9
29.5
31.6
8.1
8.1
8.4
31.6
22.4
54.6
8
8.6
35.6
13.5
8.3
80.1
11.4
108.1
17.5
24.6
28.7
38.3
14.5
12.7
10.8
13.2
14.5
29.6
8.1
35.9
42.2
18.1
11.7
17.5
9.3
23.1
10.7
88.6
22.3
37.5
51.5
8.1
18.5
226.2
15.8
84.5
81.1
18.5
38.8
15.7
84.7
65
21.2
37.7
26.8
12.3
68.1
9.4
20.8
15.8
15.2
54.9
38.3
67.4
18.6
27.6
80.6
23
45.2
20.6
8.6
30.7
100.6
65.2
17.2
32.1
64.1
8.2
9.6
95.8
89.8
15.7
9.9
52.4
8.1
26.4
21.9
11.5
25
18.8
61.1
45.6
82.5
57.8
8.1
22.2
24.9
27.1
11.6
13.2
30
45.6
29.7
18
31.2
51.1
13.8
11.8
15.9
11.5
22
16.9
10.4
10
8
12.4
16.1
13.6
19.2
27.7
33
23.9
9.9
29.1
42.4
59.1
8.4
19.2
10.4
8.8
8.5
24.4
12.1
8.3
8.2
25.9
48.5
17.1
19.9
13.6
45.4
16.4
95.1
39.5
32.6
8.4
22
20.5
35.6
8.1
41.2
31.4
17.3
14.9
28.8
15.9
9.2
13.6
11.3
8.8
11.1
8.7
49.6
97
58.5
98.4
31.8
8
66.2
13.2
14.4
32
55.1
8
15
12
16.7
15.8
45
15.4
43
50.8
11.4
47.9
20.1
28.1
15.3
32.3
30.8
25.5
10.1
23.1
50.3
19.3
17.5
15
13.6
20.1
10.1
9
41.4
41.6
11
61.5
95.9
29.3
8.2
22.2
28.3
44.7
17.7
16
54
46.2
8
44.8
36
45.3
33.3
11.9
8
91.3
15
54
17.7
19.9
8
12.1
27.7
60.4
50
48
8.6
74.4
59.5
11.8
45.7
48.3
22.1
15.6
39.8
35.2
38.6
9.2
15.4
35.9
19
33
55.3
44.2
47.9
8.1
10.3
9.4
9.7
29.4
23.8
30.8
42.6
28.7
17.5
9.8
13.7
57.2
11.6
17.8
18.2
24.2
89.7
9.6
8.2
38.4
8.6
15.4
32.8
46.4
8.1
25.5
8.2
12.6
9.4
11.5
40.3
25.6
21.8
15.9
34.6
58.9
41.1
23.9
36.4
24.3
41.9
24
10
11
74
28.1
8.4
17.8
63.1
15.8
75.1
23.2
20.2
14.3
19.1
46.4
13.3
26
66.2
11.2
10.2
33.8
20.1
34.4
9.7
24
8.3
23.4
17.6
49.4
18.3
44.7
31.3
13.4
55.1
34.6
45.6
56.5
26.9
17.9
13.5
21
42.5
41.4
21.6
8.1
45.8
129.5
10.9
20.5
39.4
9.1
15.8
131.6
16.1
22.4
60.3
34.9
31
12
11.8
25
55.5
11.3
10.1
10.1
10.6
14
44.5
9.8
122.5
16.2
29.6
9.3
8.6
66.4
10
39.7
8.2
10.3
14
65.8
127.5
34.7
29.2
34
23.9
9.6
22.1
10.9
9.4
19.5
12.2
23.5
10.5
27.7
14
22.4
17.6
24.3
31
108.2
16.1
41.2
26.1
32.3
46.1
8.2
69
23.2
15.8
18.4
30.1
18.2
28.6
8.4
21.5
12.6
13.7
25.7
8.5
18.7
8
18.7
38.4
73.9
19.6
18.1
26
10.6
8.8
8.1
21.6
15.9
24.4
56.2
8.3
9.3
10.5
23.2
55.1
47.8
20.5
24.7
8.4
40.2
52.9
11
77.2
25
44
75.4
12.1
9.8
38.9
13.5
15.3
59.8
14.7
61.6
40.6
36.3
15.6
8.6
23.5
9.5
23.6
18.8
12
15.8
8.9
40.7
50.5
18.6
42.3
21
8.7
19
28.2
15
19.6
8.1
16.4
30.7
54.7
46.8
45.9
9.9
9.2
24.6
18.6
13.8
57.6
96.1
11.7
9.8
14.3
23.9
9
26.7
57.6
10.6
41.9
16.5
67.5
30.3
10.9
19.6
49.8
31.9
23
8.2
10
10.2
19.7
8.7
10.8
8.2
40.3
20.2
22.7
34.9
20.7
12.3
9.1
9
23.5
12.9
61.5
17.7
43.2
16.2
28.3
15.9
8.8
40.9
8.7
8.9
17.5
16.2
39.3
49.6
16.4
42
21.9
14.4
38.5
24.7
30.6
22.2
70.8
17
75.4
30
29.3
9.8
33.4
9.4
13.4
47.8
47.4
35.3
40.8
21.2
8.5
19
23
11.6
17.8
73
9.6
82.5
22.8
19.5
8.2
15.2
9.1
57.1
19.7
13.9
16.9
10.5
16.5
12.3
47.7
14.2
104.7
11.1
60.1
14.8
11.8
12.7
15.6
77.6
50.2
32.9
15.4
51.7
29.9
19.6
86.7
23
39.1
47.3
10.2
13.6
10.8
22.5
20
10.6
17.9
34.7
11.4
9.9
76.1
9.6
10.4
16.8
15.1
23.3
13.8
9.5
9.7
67.4
19.8
26.3
19.7
11
23.1
26.6
8.1
29
10.1
9.1
84.6
23
61.8
15.6
13.9
8.1
15.2
32.7
36.5
28.2
10.4
19.9
49.7
8
12.7
25.1
11
13.6
47.1
8
8.3
21.3
12.5
13.8
63.4
17.4
10.2
23.8
9.3
10.9
22.6
25.1
8.1
28.8
9.4
21.7
24.9
15.1
21.8
10.7
9.5
8.5
28.6
24.4
8.4
43.9
48.3
10.3
23
15.9
16.1
26.3
24.7
12
45.8
11.1
25.1
40.9
47.8
52.8
70.9
42.6
18.3
8.6
55.8
19.5
15.3
23.4
19.4
12.3
15.8
10.3
11.3
9.8
41
11.2
36.4
8.5
10.5
10.1
11.2
48.3
16.5
45
10.9
8.7
52.4
27
11.8
31.1
18.6
42.7
44.1
75.2
11.9
18.1
12.8
32.9
19.7
19
20.2
8.2
21.6
35.3
22.3
22.5
87.1
44.6
62.7
9.2
9.6
16
24.4
41.3
23.6
32.1
36.4
14.8
26.9
29.1
60
53.8
24.6
64.2
37.7
18.3
37.9
65.9
30.1
23.5
21.4
15.8
48.4
57.7
103.2
8.9
21.8
48.2
25.9
113.9
104.1
36.5
9.5
13.5
12
42.5
33.1
84.7
17.6
17.2
8.2
14.3
17.8
45.6
8.7
19.9
63.9
98.2
39.2
30.3
17
33.2
9.7
14.5
8.9
45.8
45.1
12.2
14.5
11.3
41.8
14.8
13.8
12.2
8.3
10
18.1
9
10
46
11.6
32.4
27.4
56.4
14.3
8.6
14
14
29.2
20.2
48.6
11.8
8
26.2
35.2
23.3
13
23.8
20.4
19.1
36.4
24
62.2
8.5
18.4
12.8
9.4
76.5
40.4
45.8
16.7
29.8
16.4
32.3
31.6
110.5
8.6
16.4
12.3
73.9
40.5
60.5
40.1
46.3
40.9
57.8
10.5
35.7
40.7
13.2
21.4
21.4
8.1
10.5
15.3
24.3
70.2
59.5
15.6
104.6
17.8
23.1
8
17.3
17.9
17.9
20.2
8
8
8.6
9
10.2
32.2
8.4
14.8
16.6
58.4
21.9
77.8
8.1
32
19.3
24.8
61
45.6
10
9
8.2
23.5
17
32.8
8
29.6
42.9
25.2
15
45.9
20.5
14.3
68.6
13.8
8
8.5
24.1
25.8
59.5
27
23.9
99.5
20.9
51.5
10.3
8
60.7
24.4
11.5
10.9
9
39.1
89.9
15.9
13.4
41.2
33
25.3
10.4
8
10.6
17.8
9.9
78
68.3
24.4
34.8
8.2
11.1
9.1
80.6
30.6
9.4
8
16.3
10.8
13.9
12.7
59.2
40.9
26.1
157.5
13.3
8.1
32.9
11.7
24.3
77.4
13.1
35.3
45.3
13.6
12.7
13.2
9.4
97.6
11
9.6
15.7
8.1
8.1
8.3
100.4
19.6
15
10.1
13.7
15.9
8.5
19
11.4
46
21.5
8.3
14.2
12.8
28.2
33.4
31.7
119.5
8.2
30.2
36.8
65.8
71.7
29.4
8.9
36.9
20.2
61
8.6
10.1
23.2
18.8
8
8.2
21.3
53.6
8.6
81.5
101
8.6
10
41.3
19.4
12.1
43.7
74.3
9.8
12.2
40.2
8.1
125.5
48.1
21.1
22
8.2
30.7
11.4
20
26.9
10.1
25.1
15.9
8.5
27.8
73.3
10.4
12.9
42.3
18.4
12.4
8.2
8.3
9.5
17.4
14.6
12.2
12.2
51.5
17.8
8.1
28
12.2
17.1
62.6
9.4
16.4
9.2
21.4
8.6
32
11.3
15.3
89.7
47.7
35.9
23.2
10.7
43.7
15.3
60.3
26
26.2
16.2
37.6
63.4
35.2
44.1
26.6
13.2
10.5
8.1
17.3
97.2
14.5
19.9
36.5
10.6
82.5
9.7
26.4
9.2
14.6
26.1
39.4
8.1
19.9
16.6
9.1
17.8
17.9
37.1
47.7
9.2
20.8
10.7
14.6
59.2
55.2
13.8
24.5
10.5
12.5
40
13.4
13.3
21.2
23.7
8.2
79
11.2
17.8
44.2
25.7
51.4
20.8
31
70.8
43.7
29
26.7
33.8
32.4
11.5
47.8
15.9
12.6
10.2
21.1
32.2
8.4
28.2
15.4
42.3
16.7
9.1
41.5
40.4
42
31.9
72.7
114.4
13.8
38.6
8
30
35.9
50.1
45.7
9.4
27.7
13.4
74.2
9.9
29.7
17.8
8.3
11.7
59.8
65.8
8.6
32.6
9.7
118.7
9.1
72
28.1
17
12.9
14.6
26.1
23
77.2
59.8
14.4
51.4
8.9
8.7
8.3
28.4
9.1
9.8
16.9
21.6
13
66.5
10.9
14.3
18
8.3
37
8.9
16.4
30.2
42.5
49.6
23.4
28
18.5
14.6
8
8.1
13.6
8.3
27.5
19.5
39.6
11.9
22.5
8.2
19.4
14
39.5
19.7
26.4
23.8
13.7
16.7
13.7
22.5
52.8
40
11
45.1
11.4
8
40.7
14.3
17.8
25.1
14.6
13.2
18.4
35.4
27.9
8.2
39.6
46.7
10
14.1
87.4
17.1
19.5
27.6
21.8
12.8
26.1
12
49.4
90.6
27.7
8.1
11.5
11.1
17.9
9.3
14.7
9.3
39.2
10.7
132.8
17.9
18.4
27.9
8.7
10.3
13.5
11.1
13
30.6
10.2
8
17.9
11.6
15.6
15
13.2
9.8
34.5
49.9
14.1
37.5
8.1
17.7
14.8
17.6
12.5
47.8
25.6
47.6
14.2
10.3
16.2
21.9
10.6
19.1
13.5
41.6
31.6
78.7
60
9
34.8
60.9
16.1
8.5
80.1
8.1
29.5
94.2
78.4
29.8
66.9
13.6
10.8
14.9
9.3
25.7
14
21.7
10.3
20.6
18.3
25.9
10.5
76.9
24.8
8.3
18.4
25
15.2
18.8
9.1
72.9
57.9
44.4
13.1
26
10.6
8.3
25
19.1
62.8
20.6
55.1
38.6
9.9
19
21.6
8.7
36.1
16.2
73
14
91.8
8.3
12.8
18.3
12.2
11.4
49
35.7
19.7
8.2
30.4
17.7
92.6
35.9
15.8
38.3
17.4
21.1
21.4
27.1
9.7
23.2
14
18.3
11.1
56.8
11
8
52
117.7
35.5
12.4
17.7
40
22.5
49.6
39.7
21.4
61.3
23.4
27.7
18.5
28.3
8.9
8.3
8
81.7
8.4
24
26.1
11
14.1
21.3
15.7
84.2
15.1
8.3
46
8
8.4
13.5
21.4
27.1
38.7
37.2
64.8
68.1
25.8
36.6
20.3
26.9
35.1
8.2
58
52.5
11
8.3
11.7
11.7
18.5
12.2
12.9
8.5
34.1
25.7
26.7
41.6
17.6
11.6
8.1
45.7
24
15.8
10
47.1
29.4
30.8
41
93.2
26.8
20.4
21
8
8.3
17.2
17.1
15.1
18.6
8.2
8.3
64.2
36
58.2
21.4
50.3
12.8
10.6
40
32.4
8.3
43.3
8.4
9.8
8.3
30.7
8.4
24.6
17.5
32
77
33.9
8.1
33.3
152.5
51.9
8.1
43.9
21.3
31.1
23.8
26.5
15.9
10.4
24.1
42.6
13.7
16.1
14.6
8.2
10.2
8.1
9.7
8.5
27.1
87.7
9.7
31.2
22.3
15.7
8.4
62.6
17.9
34.1
74
29.3
147.7
58.9
8.9
25.1
14.7
18.2
54.4
8.3
22.8
71.3
8.6
8
36.9
68.4
9.1
12.4
18.4
31.7
19
88.4
50
107.7
44.7
52.8
13.9
42.3
15.2
12.6
8.2
20.3
41.5
14.3
31.2
32.5
65.7
37.6
10.7
8.1
55.1
29.5
43.1
51.4
15.7
10.1
8
17.1
29.9
84.9
24.9
8.4
25.1
25.9
15.9
49.7
31.5
56.9
55.4
28.8
15.5
39.8
16.5
47.6
16.7
12.5
14.5
40.5
18.1
8.9
17.4
45.8
33.6
8.2
50.4
8.1
8.3
25.2
23
29.4
68.9
22
18.3
33.8
18.2
10.7
8.8
29.8
23.8
9.8
75.7
8.9
17.1
123.9
56
11.5
14.1
19.1
24.1
8.3
15.1
11.5
8.5
48.5
83.2
11.8
11.7
59.4
42.6
47.5
24.6
8
18.4
18.4
35.6
26
61.7
27.5
18.9
20.8
14.2
38.3
26.1
12.8
12.6
19.9
12.6
24.4
12.5
15.6
12.5
18
24.2
11.7
67.5
8.2
10.6
17.3
8.3
27.9
8.4
122.5
42.3
21.2
46.9
9.8
25.1
30.2
8.1
10.4
26.4
10.8
39.9
46.3
14.3
13.3
13.8
11.3
10.7
13.3
18.4
13.8
9.5
10.5
45.3
34.5
10.3
33.8
35.5
23.4
18.8
8.1
37
8.2
23.9
33.3
83.2
97.8
44.5
13.7
8.9
19.9
24.6
24
56.3
62.5
30.6
16.1
60.3
22.5
29.1
58.6
16.7
11.1
22.3
50.4
11.8
31.6
10.4
14.9
33.3
23.8
40.9
9.2
35.9
9.7
33.4
51.9
61.6
49.2
8.7
12.8
11.4
19.4
8
66
17.7
8.7
9.4
13.2
9.8
14.8
10.1
16.6
34.6
18
14.3
8.2
14.4
8.6
19.5
11.3
46.5
10.5
21.6
19.6
11.9
11.1
24.2
9.7
15.8
16.7
51.1
24.6
119.9
30.3
8.5
51
30.9
8.9
9.5
21.1
26.4
27.7
11
10.5
66.7
10.6
20.8
19
65.4
45.9
12.6
22.6
28
91.8
50.3
28.2
8.2
18.7
18.9
28.2
10
11.3
27.1
16.4
69.7
11.3
15.6
64.1
14.1
22
23.8
20.2
16
12.9
16.2
19.8
72.9
11.1
78.7
8.2
15
36.9
11.3
8.1
19.4
29.3
62.3
17.4
13.4
39.7
100.8
9
17.5
8
8
8.6
21.1
79.7
27.4
24
23.7
29.3
9.8
24
10.2
18
64.7
8.1
43.7
11.1
38.1
8.5
34.8
71.4
40.4
83.9
8.1
10
24.7
13.6
32.2
50.4
19.4
37.9
24.2
9.7
36.6
20.5
60.1
17.3
26.8
19.4
15.3
27.4
8.3
27
24.2
33
40.2
29
13
40.8
44.3
17.4
27.5
10
8.5
157.2
11.2
11
66.4
31.9
17.7
21.9
38.8
13.3
64.4
20.6
8
8.5
26.1
8.5
8.6
21.5
31.2
10
16
43.5
25.5
139.1
73.4
45.8
8.7
16.7
11.5
58.1
10.4
42
20.6
8.3
17.1
10
9.9
8
8.3
8.8
13.7
49.8
62.9
9.2
35.3
19
14.5
15.3
15.5
8.2
45.6
8.1
75.7
34.8
43.4
14.7
12
31.9
24.4
143.9
11.1
32.9
39.6
32.7
8.1
8.2
11.7
12.9
16.7
64.3
25.4
70.9
19.5
20
8.9
12.8
29.3
16.1
26.5
23.5
11
20.7
8.9
8
15.4
15.6
19.3
8
21.4
29.3
18.3
18.1
61.4
19.6
8
11.6
93.1
31.8
10.9
20.6
25.7
23.7
23.3
29.2
13.1
36
16.2
45.6
16.8
68.4
31.4
8.4
18.4
12.9
48.4
17.7
74.9
47
12
12.7
21.5
15
20.5
8.8
10.6
31.6
13.8
40.7
9.1
19.5
18.1
30.4
17.2
18.2
14.8
9.6
16
14
33.1
21.7
33.3
38.5
24.5
34.4
9.6
14.7
13.5
17.4
55.6
31.1
26.6
30.2
46.8
17.2
16.4
13.2
8.4
30.5
9.2
81.5
17.4
14.1
9.2
8.3
30.3
8.2
35.9
24.2
15.3
31.7
9.4
81.8
9.2
22.2
10.3
32.9
22.9
8.2
57.7
21
20.5
14.1
10.7
8
10.5
28.8
11.4
13.8
17.9
10.9
32.8
26.1
36.6
26.3
28.6
31.2
27.7
17.7
56.1
21.1
14
29.3
15.6
34.2
17.6
9.6
8.1
53
9.8
19.7
11
11.2
29.5
82.2
26.4
17.2
8.1
25.5
42.1
9.2
12
14.4
17.3
30.7
13.3
9.1
35.8
17.7
8.3
10.8
18.8
13.3
32.8
13.7
120.6
18.6
13
8.1
15.7
14
8.5
23.7
8.2
45.6
110.5
27.1
42
25
13.2
83
8.1
45.4
30.3
17.5
17.2
46.9
18.8
22.8
8
8.9
14.9
8.2
48.9
9.9
26.2
26.4
24.6
37.8
46
64.9
30.4
10.6
19.4
46
8.3
8.3
13.6
35.9
8.3
11
8.9
14.8
83.7
31.6
9.3
22.5
8.7
26.7
35.4
8.3
8.6
22
48.2
70.1
55.6
20.2
8.3
66.6
54.3
8.1
16.4
14.2
15.9
32.6
8.8
123.1
11.9
50.1
25.8
8
8.1
58
12.7
12.7
50.6
16.5
8.2
81.1
9.5
8.3
77
9.1
37.4
19.3
21
34.3
10.2
19.2
18.6
29.6
72.2
142.6
12.4
19.2
54.1
12.5
27.9
26.5
12
8.4
8.7
12.5
25.5
8.1
30.2
23.4
21.8
10.1
8
11.2
25.3
43.9
21.7
8.2
12.3
44.8
34.8
20.4
15.8
26.1
49.8
11.6
16.1
36.3
22.2
112.1
97.4
16.8
17.8
27.5
45.1
8.4
8.2
13.4
19.7
45.2
26.8
99.3
27.6
12.3
13.8
111.5
8.1
32.8
41.4
33.5
16.6
14.2
34.4
38
30.4
27.9
8
30.1
11.9
10.8
42.7
18.1
47.6
10.1
66.9
20.8
33.9
18.7
23.9
11.9
14
36.2
12.5
28.9
8.4
38.2
8.5
26.9
54
12.1
10.2
14
23.5
15.3
55
8.2
14.3
19.1
25.8
49.9
14.6
8.1
22.1
16.3
16.1
17.4
112.9
17
18.6
13.8
42.1
99.3
8.3
30
33.1
11.1
26.5
16.6
10.7
8.1
62.4
22.4
19.8
9
28.7
10.1
16.2
8.8
39.7
28.6
33.7
11.6
8
51.6
106.5
25.9
21.5
20.1
33.2
25.1
15
13.7
28.4
8.2
8.4
55.3
23.9
116.6
68.2
59.3
8
11
37
8.3
97.3
17.4
27
11.1
65.4
49.9
17.9
8.7
14
16.1
11.1
12.7
26.6
43.2
13.2
16.1
30.5
83.1
12.6
49.2
13.5
8.1
25.3
49.2
31.8
10.7
16.1
24.1
28.5
27.4
10
8.3
16.7
12.8
23.3
10.1
14.4
33.1
26.5
12.3
32.1
10.1
15.4
24.7
17.9
18.1
8.7
53.4
10.3
14
10.1
15.7
9.7
16.2
24.3
17.9
15.6
20.7
26.6
18.4
14.3
8.8
8
8
11.5
10.7
32.8
8.4
37.8
10.3
16.7
8
19.3
15.9
34.5
33.6
11
22.6
19.5
8.6
30.7
24.6
16.9
45.4
8.1
8
8
42.9
10.9
16.5
27.7
15
13.5
16.5
16.5
24.7
82.6
14.6
8
8.2
8.5
8.6
50.4
22.8
11.3
32.8
79.3
32.7
14.7
132.3
17.9
21.2
20.8
31.9
13.7
18.9
8.2
38.8
8
15.8
24.2
43.5
8.2
8.2
19.9
30.5
22.7
12.2
40.8
64
63.8
9
14.8
47.5
8.1
13.5
14.9
25.8
15.7
10.8
8.1
12.6
19.8
14.4
82.2
18.8
14.5
52.1
50.9
27.5
11.1
11.2
10.7
31.6
9.7
10.4
23.6
8
32.6
86.1
80.6
65.8
31.8
17.5
42.1
98.3
17.5
19.8
8.3
8.4
15
24.4
9.2
29.2
37.1
35.9
16.3
8
11.4
24.7
86.2
28.1
9.7
57
87.4
10.3
10.2
8
16.5
26.2
10.6
19.1
19.2
17.9
8.8
22
89.7
15.6
28.4
24.1
8.1
242.1
9.4
33.1
15.1
21.8
52.7
9
13.6
11.9
8.2
15.6
8
59
9.2
18.9
74.3
8
68.8
15.4
64.8
48
10.9
11.8
46.8
31
8.6
55.2
31.3
70.2
50.1
30.1
103.1
65.9
84.3
26.2
13.5
27.4
34.8
19.7
11.3
37.9
29.1
18.2
45.3
8.2
16
23.4
68.5
8.4
19.7
9.1
54.2
45
39.8
36.3
16.1
30.4
38.2
63.1
32.2
12.1
14
10.3
9.2
16.2
28.3
8.1
12.8
41.7
13.2
10.6
10
12.8
8.3
14.7
35.3
22.7
18.6
11.1
62.8
18.1
25.6
8
8.2
8.5
15.3
53.9
12.5
115.5
65.8
33.8
16.4
15.6
26.3
32.7
36
13.7
12.3
15.6
27
11.3
9.2
45.1
48
15.7
28.8
13.9
76.9
11.5
19.4
17.2
19.2
8.2
13.8
29.5
9
21.3
10.7
38
8.1
16.7
21.1
77.3
28.1
41.8
37.6
16.2
30
12.6
25.3
34.6
11.8
28.4
8.5
17.4
27.9
12.8
29.5
69.1
20.1
13.1
42
31.8
15.1
54.1
49.2
27.2
12.1
8.7
10.6
8.4
144
8.7
16.7
31.3
11.5
9.8
24.8
8.1
17.9
25.3
9
45.6
14.1
10
9.2
23.9
11.2
29.6
24.1
17.9
11.8
20.3
28.7
19.7
10.5
8
29.5
39.6
12.2
8.1
10.7
22.9
36.6
28.9
46.3
42.3
9.6
25.3
8.5
9.3
14.3
8.9
18.5
9
114.3
26.2
8.4
28.7
17.5
42.6
9.6
38.5
29.1
11.3
12.1
35.2
14
18.9
8.1
87.2
8.5
216.8
8.9
51.1
48.5
45.2
12.5
25.7
63.5
11.2
11.5
9.5
13.2
33.1
9.5
8.5
15.4
35.8
24.8
21.8
33.1
24.1
8.2
32.8
46.3
14.9
57.8
19.3
47.3
18.1
12.7
15.7
64.6
9.3
18
13.6
8.1
14.3
8.1
79.9
9.2
16.4
34.3
8.3
20.7
9.3
8.1
8.9
25.5
10.6
82.2
8.2
36.8
12.2
46.4
21.2
46.5
45.6
17.1
17.7
18.7
34.6
76.3
8.3
16.1
9.5
24.3
101.7
14.9
11.1
11.2
58.8
48.8
53.9
12
18.7
20.1
20.5
12.9
27.1
15.1
56.5
37.5
10
15.8
18.6
17.4
20
15.9
39.6
16.8
28.1
31.8
15.3
11
8.1
12.8
8.2
18.6
34.9
17.5
8.5
11.2
35.4
12.8
49.3
47.7
21.5
8.1
21
34.3
33.6
46.7
22.7
29.1
10.9
12.8
19.1
10.9
65.2
15.5
40.4
57.5
11.7
17.6
8
45.1
17.5
27.1
41.1
31.3
45.9
19.7
15
30.4
86.2
11.9
23.7
31.2
12.6
14.3
25.3
42
46.6
23.1
13
13
34
86.1
16.2
8.2
11.7
35.1
15.6
8
48.2
13.3
19.8
28.3
30.8
8.2
39.6
12
25
31.3
27.5
43
19.4
10.6
38.4
30.8
9.9
96
9.8
68.4
9.8
36.6
26.5
10.3
14.5
12.9
10.3
21
8.3
11.7
8.4
18.3
9.7
42.7
15.7
17.6
11.2
8.8
9.1
51.7
28.7
11.4
11.3
29.5
9.4
96.9
18.6
8.2
10.8
50.3
16.9
18.1
133.1
26.3
75.6
11.7
16.6
21
14.3
14.1
34.9
85.6
13.7
54.3
9.5
40.9
67.7
25
22.6
12.5
14
10.5
9.4
34
8.2
39.7
91.4
12.5
13.2
90.1
12.2
8.1
91.2
33.1
16.8
13.4
19.8
8.3
25.1
13.6
13.1
18.1
27.2
24.6
8
17.1
9
8.3
8.7
37.2
32.1
20.3
8
30.5
8.2
12.6
11.5
8
50.2
40.2
13.1
15.3
8.2
17.5
32.5
8.1
24.2
72.7
19.4
22
15
18.3
14.6
33.1
25.8
115.7
18.5
32.5
32.8
37.9
59.8
15
21.6
54.8
11.3
57.6
15.7
13.6
24
9.9
51.2
10.2
42.7
23
9.3
12.4
39.4
13.1
48.9
87.2
31.1
13
54.8
8
17.1
8.3
31.5
37.4
55.8
37.5
58.3
24.7
26.5
8.9
8
9.3
22.5
19.4
18.9
19
41.5
32.8
38.2
66.9
20.5
45.7
17.6
44.3
37
34.1
20
38
74.9
26.7
22.7
25.9
30.7
8.1
43.1
47.6
11.8
41.5
11.7
8.4
15.3
11.3
9.5
9.5
14.5
47.2
28.3
39.9
32.7
15.3
36.4
9.1
9
19.3
14.4
11.8
17.7
32.2
100.4
48.2
26.2
18.3
19.3
8.3
8.3
85.7
21
13.2
8.8
14.3
30.9
73.2
84.2
11.4
44.1
34.2
11
17.4
16.4
35.2
17.7
8.4
34.7
59.6
9.4
9.6
8.1
11.5
10.1
21.8
17.5
20.2
45.8
14.9
32.8
8.6
28.3
22.8
66.6
17.6
25.3
40.3
15.8
34.2
47.6
11.5
8.9
15.4
8.2
45.8
28.9
10.4
82.8
37.7
18.2
16.1
30.3
8.5
12.2
8.1
22.7
8.2
26.8
18.7
11.5
8.9
15.7
65.1
11.5
46
8.4
24.5
24.8
25
24.7
20.3
8
22
33.1
69
8.7
96.2
9.6
18.2
26.3
11.3
34
12.8
10.2
51.5
15.7
11.3
28
16
20.4
26.3
20.6
17.8
12.1
21.7
34.1
29.5
32.8
8.1
19.9
8.1
8.3
15.6
22.8
59.6
20.9
50.1
44
12.6
30.5
38.2
8.1
31.9
15.6
76
21.4
12
23.3
109
10.3
75.8
9.8
16.8
10.9
14.7
17.3
9.8
33.3
36.2
8.2
22.2
9.9
18.9
38.2
13.3
8.2
13.9
12.2
13.5
10.3
12.1
37.9
19.3
12.1
9
49.1
27
12.3
81.7
17.6
9.5
50.4
8.2
13
87.3
17.1
30.9
8
29.6
9.5
17.4
38.2
119.7
9.5
8
31.3
12.6
26.5
15.2
8.4
31.9
9.4
32.1
16.4
33.3
23.6
52.7
8
26.4
16.3
104.1
22.5
18.2
10
8.4
12.7
8.5
196.2
16.3
37.4
22.4
30.2
35.7
35.8
18.9
15
36.4
28
25.7
17.9
23.5
43.1
12.8
22.3
27.3
30.3
73.4
35.9
47.5
14.2
18.5
25.4
30.1
16
8.2
24.4
9.9
15.6
8.2
44.4
8
52
84.2
11.2
84.6
10.1
16.2
8.1
20.1
25.2
8.2
9.9
36.8
87.3
15.2
51.9
20.4
76.6
20
93.3
9.6
11.7
27.7
44.5
32
8
32.3
8.1
10.9
10.5
9.7
19.7
13.5
29.9
8.2
43.1
16.4
33.1
11.5
116.8
30.4
15.5
10
46.5
25.4
14.6
8.1
8.2
17
8.1
17.7
19
53.5
48
17.1
47.7
24.7
94.2
15.3
16.3
33.5
20.3
16.8
188.7
75
9.3
13.5
16.5
54.3
20.6
26.7
23.3
8.1
79.3
50.9
20.9
11.2
24.4
17.6
32
15.4
15.5
46.4
9.2
25.9
8
36.6
56.7
24.3
17.6
24.6
13.2
40.7
27.5
8.3
23.1
60.3
44.8
48.1
58.2
26.7
8.7
12.8
29.3
20.6
8.1
35.7
182.5
91.8
36.4
30
13.6
111.9
17.8
8.1
10.7
9.6
13.4
9.4
8.5
8.3
23.7
31.8
48.9
104.6
8.1
10.7
56.1
75.9
8.7
8.2
26.3
32.2
60.2
47.5
15.4
22.4
41.2
19.5
15.8
22.3
40.1
61.2
93.7
13.7
10.7
8
10.4
30.7
39.6
22.1
117.5
27.6
11.7
18.5
57.2
10.2
8
10.5
11
8.2
22.5
8.1
11.6
12.8
117.6
90.5
13.6
26.6
8.1
8.1
11.9
9.7
16.3
28.1
8.2
58.7
11.1
18.1
11.8
8.5
36.9
16.4
68.9
13.3
42.7
81.2
24.3
14.4
29.3
40.8
21.3
15.6
8.4
27.7
76.3
8.2
63.6
25.9
10.6
20.5
22
8.1
53.6
28.2
13.8
33.9
16.9
28.4
42.8
21.5
12
15.4
30.7
9
16.3
19.6
13.4
10
8.9
24.2
16.4
23.3
10.7
32.7
18.8
16
9
8.1
32.6
22.5
85.8
35.2
12.8
11.1
13.8
33.6
13
8.4
12
46.8
9.3
10.5
23.2
8
8.3
10.3
16.6
96.9
65.6
11
42.2
11.9
48
20
32.1
18.7
8
8.4
8.3
13.4
10.8
14.9
11.6
41.2
35.3
23.2
140.7
46.4
9.5
59
15.3
17.7
26.9
10
32.4
60.7
8.7
20.8
30.7
106.5
130.3
18.2
30.6
18.6
22.2
27.4
9.5
15
9.1
84.4
16.1
8.1
32.9
25.8
8.3
25.3
26.8
16.2
53.4
51.5
8.2
10.9
14.7
22.9
17.2
31.3
41.8
89.6
82
27.2
40.6
8.4
11.9
13.6
14.3
22.8
8.5
14.8
38.2
25.8
20.7
8.3
87.1
16.5
87.3
29.3
61.4
14
11.5
26.1
43.5
9.5
22.8
41.6
9.1
11.7
70
53.1
8.1
8
11.7
9.6
55
24.8
45.6
96.9
34.3
32.1
25.3
46.4
41.2
8
10.7
75.9
10.5
13.9
15.4
12.1
9.9
8.7
25.2
27.7
8
10.5
20.1
29
11.1
37.1
66.1
31.6
17.9
8.2
33.3
105.5
29.5
19.9
18.5
27.7
59
119.2
93.8
22.7
63.5
13.9
12.1
63.7
13.8
13.7
11
8.1
9
22.8
11.1
14.9
8
12.9
15.1
11.1
26.7
20.8
18.7
13.3
40.6
23.2
15.8
23.3
8.3
14.2
63.3
15.7
9.7
14.9
14.9
29.4
8.3
13.3
37.7
69.2
29
20.6
40.2
8
13.3
8
11.9
42.4
19.8
26.3
24.1
9.8
12
41.6
13.4
36.7
11.6
12.8
43.3
16.5
12
12.6
22.5
41.1
19.7
32.4
10.9
49.9
61.1
115.5
32.7
14.2
11.1
19
8.6
11.5
8
27
75
8
50.2
10.1
27.8
27.1
20.9
18.8
108.8
9.5
8.5
18.2
18.8
27.9
16.5
48.5
8.8
33.9
32.1
10.8
24
16.2
8.1
9.7
12.8
19.9
18.1
19.4
26.3
49.3
14.3
19.9
14.9
12.8
11.3
59.5
24.5
8.2
34.7
8.4
44.2
11.2
55
35.6
12.4
35.1
15.4
54.3
8.4
8
12.1
35.1
10.3
23.2
48
60.2
28
16.2
14.7
8
24.9
10.1
39.3
12.7
19.2
18.3
29.9
10.8
27.5
39.2
19
31.7
8.2
15
8.8
18.8
15.6
8
54.6
10.4
8.1
37.7
12.7
8.3
11.4
18.8
9.4
28.9
8.3
29.9
14.7
19.4
19.1
25.6
25.5
24.9
23.1
20.8
16.9
13.8
8.3
14.9
14.5
8.5
22.5
63.9
21
8.1
18.1
16.8
54.4
16.4
9
8.8
69.8
60.3
39.7
16.8
35.5
18.3
8.1
10.5
19.8
22.9
9
39.8
15.7
17.6
10.6
8.2
39.1
8.4
56
11.9
17.4
18.8
9.4
31.2
15
12.1
8.1
8.3
23
29.3
8
33.9
10.1
42.6
8.1
32.2
21.7
8.1
8.5
19
73.6
9.3
17.5
14
57.5
31.8
8
89.7
19.1
38.1
13
9.9
31.7
29.5
71
21.7
32.9
11.2
9.3
21.8
9.7
13.8
13.4
20.6
10
32
48.2
8.7
31.8
8.8
17.8
22.2
14
18.2
32.6
34.3
15.3
11.3
18.8
9.4
14.1
22.5
64.5
35.4
20.3
12.3
65.3
11.8
28.6
18.8
29.4
14.6
71.4
159.5
15.4
14.8
15.5
20.6
15.8
20.6
24
14.9
8.6
10.7
28
37.2
8.6
9.5
9.1
12.7
10.4
21.4
29.4
9.1
28.5
11.5
27.2
8.7
15.1
91.2
30.4
19.1
8.2
35.5
19.1
13.3
13.4
12.1
8.6
16.8
52.7
15.5
10.5
11
10.4
11.8
40.4
8.7
13.8
23.8
35.4
24.1
16.8
8.6
8.2
67.9
11.9
40.8
15.6
24.9
14.5
20.1
16.6
35.2
61.7
17.5
62.7
21.3
36.5
13.3
8.5
8
55.7
32.9
31.7
17
79.1
35.4
13.8
16.2
8.1
16.1
13.7
15.4
21.3
16.3
66.3
40.1
13.4
21
30.9
8.1
8.1
10.1
43.8
8
17.1
12.5
9.4
12.3
10.9
15.7
37.9
10.5
8
13.8
16.2
32.2
39.5
28
11.8
28.3
25.3
16.7
8.2
28.6
9.5
8.4
20.9
27.8
14.1
35.3
37.7
54.6
19.7
16.2
31.9
25.7
14.4
12.8
12.9
30.5
13.6
41
14.7
23
16.8
9.4
25.7
41.5
17.8
12.4
11.9
31.8
12.3
8.3
38.1
12.8
25.6
8.8
68.1
106.3
19.7
39.3
11.1
80.9
16.4
12.2
31.9
43.7
22.2
8.1
12.1
74.1
107.3
68
8.4
15.6
24.5
26.9
30.3
56.8
25
78.3
57.4
74
10.9
56.3
60.3
34.9
10.6
10.1
10.7
12.8
13.8
9.3
17.7
8.2
34.1
9.3
11.9
8.1
14.3
24.3
9.3
52.5
56.8
30.5
8.4
68.5
21.6
64.4
12.5
25.4
8.4
18.2
59.3
22.7
41.1
13.4
8.4
10.1
19.2
11
21.1
24.3
14.5
21.4
10
23.5
16
10
12.5
20.1
20.3
38.4
8.4
17.3
8.1
25.1
14
23.5
14.5
66.7
34.2
8.7
61.8
10.7
25.1
106.3
8.9
8.9
46.1
14.8
19.1
14.3
8.4
8.3
13.8
8
49.8
8.9
36.7
9.2
21.7
11.2
23.2
21.7
56.9
21.6
92.6
96.2
10.5
34.8
11.5
8.1
8.3
69.3
53.1
51.8
20.9
13.4
19.8
8.4
69.6
10.9
13.1
47.3
59.5
21
30.7
13.8
12.2
30.1
11.9
12.4
47.7
15
27.4
55.2
64.2
68.9
31.8
82.1
13.2
13.1
30.2
8
8.1
8.1
99.9
14.7
19
18.8
22.9
8.2
14.3
10.8
13.9
12.9
39.1
60.4
21
22.9
8
9.9
8.2
10.2
63.3
11.3
19.3
34.3
24.9
35.3
10.9
8.4
23.6
8.6
15.8
8.1
8.7
8.1
59.3
15
8.1
13.4
15
13
29.7
60.7
14.8
38.2
18.3
64.5
28.4
68.2
18.2
67.1
21.1
11.4
10.6
36.9
32.1
8
12.7
8.8
48.7
67.1
39.7
22.4
12.3
19.7
8.2
11.6
15
9.3
14.8
8.5
34.1
12.4
26.1
11
24.2
25.1
21.2
30.9
19.9
32.6
11.3
32.3
37.8
108.8
8
42.8
22.8
28.3
18.9
43.4
14.6
9.1
44.7
59.2
8.2
8.8
21
15.2
25.1
62.4
22.3
29.2
32.1
9.5
58.1
27.9
112.3
82.5
24
12.5
18
57.7
11.1
8.5
16.1
11.2
32.1
10.8
12.1
8.3
17.4
24.7
11.7
8.6
48.7
28.1
21.2
62.5
9.6
24.5
72.1
61.3
30
45.7
17.6
13.3
8
9.3
53.2
13.4
37.6
48.8
30.7
33.8
16.9
8.2
9.4
22.4
16.4
11.2
8.4
15
17.9
26.6
46.9
8
21.5
35.4
9.1
30.3
18.3
72.2
14.4
20
38
57.5
64.5
24.9
12.9
15.5
8.5
77.7
8.1
16.5
9.9
10.5
19.9
29.8
12.1
24.2
8.4
8
25
11.2
29.5
55.7
11.7
11.4
50.9
11.8
29.2
9.3
20.2
11.6
8
12.4
29.2
18.6
33.8
8.3
8.3
16.5
10.7
18.2
11.3
9.3
82.9
10.3
19.6
17.8
46.1
10.6
8.8
17
22.4
24.1
8.1
29.1
31.3
19.3
43
9.8
77.2
35.3
72.2
8.3
12.2
8
8.3
17.9
9.7
30.5
29.1
23.5
20.4
8
38.8
8.6
59.4
41.9
11.1
77.1
16.5
8.9
8.1
43.6
8
14.6
19
53.5
21.7
15.7
16.9
79.6
18.5
8.3
62.4
49.6
37.5
8.3
21.8
13.7
36.8
10.2
41
50.1
64.9
23.1
26.1
37
9.6
17.8
32.5
16.1
8.7
15.8
11.3
11.7
30.3
11
46.5
15.8
10.1
9.3
20.4
38.3
10.1
19.3
12.1
16.9
11
28.4
8.2
23.7
11.8
32.3
16.4
29.2
8.4
8.4
9
9.3
30.1
30
11.4
8.2
13.4
40
36.8
17.2
19.7
9.5
84.8
61
25.4
14.5
19.7
34.4
38.6
8.1
9.3
8.1
12.2
8
62.2
65.8
8.1
37.4
58
8.7
16.3
18.5
9.3
12.3
38.6
12
18.1
15.2
52.4
12.9
29.1
16.5
24.7
8.2
41.7
43
64.2
8.1
147.6
81.3
19.5
62.3
18.5
8.1
11
11.8
12.3
21.5
35.2
13.4
8
8
12
8.1
13.8
77.5
8.3
8.1
17.2
31.2
41
37.3
46.2
16.3
10.7
12
21.2
16.4
78.2
28
64.6
11
26
9.9
9.1
10
8.2
8.3
9.1
16
11.3
8.6
63.1
74.1
19.6
35.3
15
13.6
18.2
80.5
10.5
10.8
83.4
37.9
41.3
8
14.6
16.6
89.8
29.2
25.5
38.9
15.3
10.9
117.9
14.7
31
22.9
56.5
20
39.8
66.9
10.9
12.4
8.9
12.8
23.4
19.1
19.5
30.5
8
15.4
11.4
27.5
50.5
8.2
17.2
23.8
39.9
19.3
10.3
19.3
8.4
46.8
8
9.7
8
27.8
23.3
8.1
8
10.3
29.2
47.6
12.9
16.9
24.2
9.2
15.4
26.8
58.9
9.4
10.8
22.7
37.3
24.6
18.9
18.7
18.1
24.6
13.8
36.1
12.8
16
18.2
114.5
8
8.2
30
8.1
14.9
30.2
65.3
54.5
23.9
11
36.9
58.9
9
12.6
51
8.6
22.5
15.5
30.9
19.7
14.4
57.3
12
10
45.5
16.2
13.3
8.2
13.3
8.7
9.9
14.5
60.8
19.2
96.6
11.5
18.1
73.7
91.3
9.6
27.8
19.9
17.8
50.3
13.9
40.9
11.6
8.2
11.6
77.9
34.5
26.4
29.9
22
9.2
14.4
12.5
35
8.4
72.7
55.5
53.6
14
14.4
10.1
18.4
8.1
46.4
70.9
12.1
12.1
48
14.3
33.1
8.1
37.1
16.7
33.5
93
32
16.2
43.9
21.6
9.8
41.9
86.1
11.9
8
12.4
11.3
51.8
16.5
12.1
8.3
15.8
9.2
10.1
10.1
65.3
10.3
37.4
8.1
22.1
17.4
8.5
8.3
80.2
8.9
22
8.2
19.4
20.5
14.7
14
9.7
41.6
10.7
33.9
8
60.1
8
43.9
17.4
8.2
17.7
14.7
25.6
55.3
20.8
14.9
70.6
19
29.2
8.1
8
9.2
12.6
44.9
10.1
48
9.9
8.1
22.8
16
13.2
80.2
9.8
8.7
17.6
48.6
26.8
10.5
49.6
10.4
11.7
14.1
29.6
11.3
10.3
8.1
8.8
8.1
148.5
58.8
14.2
52.7
18.8
13.6
12.4
10.5
81.3
19.7
11
29.8
15
89
17
8.3
11.3
16.3
30
8.3
79.5
44.5
9.9
37.6
8.7
17
8.4
8.2
29.5
28.4
37.2
15.2
8.2
16.1
15
23.7
30.7
35.1
14.8
11.6
11.4
23.1
9.4
26.8
12.7
11.6
8
8.4
8.2
13.9
8.9
10.5
13.1
45.4
8.1
11.2
9.6
20
11.2
8.1
18.9
16.1
14.4
10.9
15.8
8
8.8
58.7
14.3
8.3
14.7
22.2
23
8.6
14.1
20.6
15.8
71.8
10.3
25.4
15.8
21.3
57.1
27.5
11
27.8
79.6
18.8
26.1
99.9
18.3
21.2
31.7
11.6
8.1
23.5
25.7
24
8.1
16.2
11
91.6
47.8
17.6
37.7
37.4
63.1
16.2
33.1
36.5
18.9
20.2
26.2
44.3
11.4
18
28.1
16.4
25.6
14.7
14
32
8.2
11.4
8.1
8.7
17.7
102.5
64.8
47.5
8.1
28.8
8.1
51.4
26.6
49.1
73.6
16.3
59.6
18.8
12.9
18
13.9
16.6
9.6
13.2
68.6
14.6
18.5
47.1
8.6
8.7
8
33
9.2
32.4
9.7
40.9
41.6
18
18.4
9.9
53.7
13.1
26.2
9.9
39.1
88.9
16.1
16.3
21
23.7
10.4
13.6
16.6
16.8
22.3
25.7
40.8
36.3
8.4
10.2
23.2
8
13
9.3
9
10.2
10.4
8.2
13.9
8.2
24.5
8.6
29.6
20.4
12
21.2
8.8
27.6
11.9
19.9
17.8
12.6
22.7
8.2
8.2
8.1
18.6
15.7
26.2
26.4
9.2
14.8
40.4
18.3
10.1
9
21.4
14.1
9
34
16.6
43
17.4
14.2
22.8
12.8
8.3
29.8
31.2
44.1
36.7
43.8
15
24.6
11.1
30.7
9.3
34.6
9.5
17.3
32.4
15.1
10.7
14.4
26.6
8.3
15.2
16.3
54.5
65.3
58.5
11
9.9
10.5
12.9
8.2
20
10.6
17.7
8.1
16.7
51
31.1
25.5
38.8
8.1
24.4
8.2
21.8
20.9
53.3
61.3
42.1
84
37.7
16.5
20.5
33
55.7
28.2
8.4
11
40.3
60
16.9
16.6
23.4
13.7
35.3
11.9
8
61.7
20.1
14.9
32.9
8.2
9.4
30.4
18.5
9.1
18.8
11.5
84.3
74.2
10.9
39
36.9
22.8
22.3
10.3
27.6
8.3
14.2
9.4
42.4
12.2
82.6
18.6
52.5
9.8
8.7
17.3
8.4
61.1
45.2
9
67.7
8.6
13.1
15.2
13.5
12.2
32.6
8.6
10
15.8
23.3
10.7
19.5
23.7
34
9.5
25.4
8.3
8.2
8
9.8
33.8
62.6
10.5
34.9
58
8.1
8.2
8.8
24
9.2
15.1
18.7
99.8
14.1
19.3
15.3
14.5
15.5
14.4
34.9
8.1
20.5
49.9
25.3
65.2
17.9
8.2
8.7
8.1
29.6
49.5
20.8
63.4
15
71.4
34.5
23.9
33.6
158.1
8.4
58.1
8.4
47.1
45.4
20.9
32
13.8
8.2
20.8
22.6
8.7
17
8.2
9.3
16.3
11.7
17.3
8.8
93.3
53
8.6
26.6
38.1
34.9
8.6
12.7
31.8
13.5
11.1
8.6
26.5
16.7
47
28.2
43.3
28.3
18.5
11.6
63.6
24.4
13.1
17.6
8.6
36.4
38.5
13.4
12.7
26.5
110.3
35.1
9.3
8.5
8.6
28.1
39.4
9.6
11.3
8.2
8.3
14.4
9.6
55.5
8.7
33.6
49.3
8
11.4
13.3
31.6
8
27.6
27.7
12.9
19.2
60.2
45
23.3
13.5
11.9
9.7
8
11.7
52
22
17.9
21.4
19.5
9.9
10.6
18
9.3
13.7
28.5
11.6
8.2
30
24.2
16.9
11.7
8.1
9.2
8.4
8.3
25.1
15.3
8.4
13.9
13.7
92.7
8.7
8.8
8.1
15.1
27.9
18.5
42.1
8
8
22.1
13.8
10.5
8.2
8.3
23.4
15.9
8.3
38.9
18.6
44
13.7
8.4
76.9
21
55.2
29.7
31
13
35.4
12.9
60.1
22.7
21.7
32.4
32.4
17.3
12.7
15
22
48.2
8.6
16.2
18.1
16.6
17.7
14.9
8.1
10.9
8.4
38.3
19.3
11.2
23.3
12.3
21.9
8.9
60.9
9
8
13.1
14.1
47.8
8.1
36
21.2
34.9
41.7
9.3
8
40.5
10.4
19.4
11.8
9.6
44
70.5
24.5
62.4
12.4
30.3
42.2
27.5
19.7
12.7
8
29.8
9.8
30.3
31.8
9
9.8
8
8.2
8
22.7
19.6
11.5
12.6
9.6
21.9
21.8
7.1
15.6
39
49.1
27.1
11.7
60.1
7.3
18.1
7.3
23
34.5
88.1
10.9
9.6
7.3
10.1
7
18.4
7
7.3
25.9
22.1
51.3
12.6
28.8
14.5
10.8
65.8
38.5
16.6
7.1
7.2
34.6
43.5
10.4
28.3
15.6
12.2
25.2
25.7
7
23.8
27.1
72.6
70.4
16.2
9.9
11.6
10.4
30.2
19.4
10.1
37
10.2
7.5
7
8.9
29.6
36.1
7.1
10.6
23
52.4
7.2
57.9
17.9
7.3
42.9
7.1
66.9
21.8
17.5
35.4
10.5
10.8
32.5
13.7
113.8
19.8
29.4
28.3
33.7
8.9
11.4
18.6
7.2
7
15.3
10.3
12.8
7.4
7.1
7.2
28.9
12.2
7.1
16.5
10
7.1
29.6
18.3
20.6
7
26.2
29.9
7.6
7.1
28.3
36.8
97.1
7.2
25.5
13.6
38.4
7.1
7
19.5
7.5
9
16
15.2
27.4
13.9
20.9
7.2
16.8
10.2
15.8
49
15.1
9.3
7.9
25.6
12.7
14.5
7.1
8
7.1
34.9
10.7
7.8
44.2
21
36.5
7
37
7.3
24.4
7.3
8.6
20
18.9
7
17.5
9.4
16
7.8
19.5
12.5
7
8
7.8
58.2
37.6
14.1
8
18.8
31.3
25.9
26.3
23.6
7
68.2
49.9
7.9
8.6
53.2
13.7
20.2
15.8
35.2
9.1
51.7
7.7
12.5
7
17
7.2
22.5
7
9.8
31.6
7.5
14.2
135.1
10.6
10.5
7
18.7
7.2
85.5
7
22.8
7.4
17.4
16.4
11.8
70.5
13.6
9.7
56.7
8.8
7.6
21.4
17.6
53.7
22.9
50.4
16
28.2
32.5
23.6
14.2
9
7
14.5
12.9
35.5
7.5
20.5
37.4
12.8
9.3
13.4
10.2
11.1
13.1
26.7
21.6
7.2
7.5
87.8
68.9
73.3
7.9
56.8
9.1
19.3
8
73.7
7.1
28.5
8.1
21
16.1
38.5
7.9
15.1
7
8.4
39.4
48.3
7.5
7.3
56
41.8
7.1
21.5
51.2
12.7
17.7
10.7
43.6
18.2
26.6
20.3
27.1
13
22.9
7.4
7.2
11.1
14.9
59.7
29.7
7.5
8
10.9
7
18.6
7
28.1
7.9
21.3
26.3
69.2
10
112.7
58.5
15.7
7.3
49.5
14.6
9.4
10.7
7.2
50
99.2
14.6
14.5
7.1
34.8
7.3
7
12.3
17.7
7.3
110.7
7.6
7
7.2
7
7.7
7.1
37.1
7
11.7
7
15.4
8.4
33.1
14
7.5
19.6
13.4
7.4
15
42.7
9.3
17.7
7.4
36.2
12.4
7.2
27.7
7.3
11.1
22.9
7.8
20.7
11.6
20.1
41.2
20.2
24
55.9
7.2
32.5
9.4
18
61.8
43.3
23.4
13.4
27.8
7.2
7.9
7.1
15.2
27.8
7.2
33.1
7.1
42.7
20
47
18.9
27.1
66.1
7.1
24.7
7
11.5
15.4
14.2
7.5
24.6
7
12.8
44
10
82.6
22.4
17
59.8
159.2
13.5
15.7
7.3
7.2
7
48.1
18.1
38.7
13.5
24.4
22.4
8.7
57.5
7.1
7
10.3
8.5
29.2
7.5
56.7
10.6
16.8
15.4
35.2
14.9
15
10.4
8.8
7.1
18.4
140.6
56.6
7.1
7.4
46.3
9.3
40.9
9.3
10.2
18.9
32.2
27.9
8
7.1
22.4
17.4
8.2
37.1
7
45
26.2
15.7
7.1
13
9.7
11.7
9.1
7.3
21.3
14.3
20
11.6
24.7
13.7
16.4
7.2
12.7
44.8
29
14.1
36.9
33.6
7.5
9.9
7.2
32.6
17.7
24.4
7
8.1
11.3
10.3
7
11.6
7
11.8
23.1
8.4
27.8
35.9
19.5
9
10.2
24.2
12.9
15.3
18.7
13
7.7
10.2
7.1
7.1
15
37.7
23.8
9.3
10.6
46.9
7.1
30.4
11.8
20.6
42.5
27.6
8.4
25.1
29.9
9.3
7.2
54.5
87.1
109.6
17.8
34.8
20.2
21.5
11.3
28.8
98.5
9.1
60.6
72.3
13.6
23.4
30.8
7.1
7
43.9
7
7.1
7
101
7.4
29.7
7.6
11.1
9
7
30.3
14.1
7.3
12
75.1
7.2
7.5
9.9
110.1
7.7
13.2
9.2
40.9
7.1
7
7.1
16.2
7
7
9.1
7
7.8
7
35.9
9.7
11
17.4
54.3
10.3
19.3
10.3
13.5
106.2
12.3
7
7
7
11.4
11.9
10.2
42.2
75.4
11.2
7.3
24.5
10.5
14.1
7.4
14.4
7.1
7.3
13.7
17.3
65.9
7.2
25.7
21.9
20.4
10.4
24.5
17.9
57.7
49
7.1
8
7
42.6
9.3
11.1
11.7
51.8
58.8
7.8
10.9
40.5
7.4
7.5
14.2
41.5
7.1
51
12.2
20.8
29.9
17
22.8
7.2
20
8.3
23.8
7.5
21.2
28.1
7
24.1
17.3
7.3
10.7
7.1
19.7
64
38.1
8.7
27.7
7
14.7
8.8
11.7
65.1
18.5
15.7
20.2
12.4
22
7.6
7
21.9
8.2
14.5
9.1
7.1
32
10.5
7
7.1
12.4
7.2
27.1
57.5
7
7.2
10.5
7.7
28.7
10.5
11.5
7.3
72.9
7.9
67.9
7.4
19.9
8.2
7.2
32.6
33.6
7.1
7
12
44.6
27.3
8.2
11.1
13
14.3
8.8
9.1
21.5
9
8
7.1
27.8
16.7
10.2
17.5
7.2
62
8.6
14.4
55.3
7.1
51.4
7.8
23
9.5
7.1
14.7
7.1
35.4
20.3
7.5
8.1
7.1
18.3
16.7
9.8
7.8
41.4
7
27.2
19.7
20.9
7.2
7
12.8
8
7
47.4
18.9
58.5
7.6
45.2
8
56.8
15.2
13.2
7.1
7.3
7.3
64.8
16.6
14
14
7.8
19
128.9
7
53.6
44.9
7
18.2
7.4
23.3
53.6
17.5
21.6
12.9
18.7
28.7
34
45.2
15.1
7
7.2
7
7.1
9.1
68.6
7.2
7.8
7.3
7.2
7.1
7.1
24.9
7.1
7
25
7.5
32.4
53.4
29.4
29.6
15
7.2
11.9
7.2
24.8
18.5
11
7.1
28.4
10.4
7
7.9
7.3
95.8
22.5
8
13.9
9.4
69.6
23.5
7
12.3
12.9
42.1
18.9
12.2
34
14.8
7
12.2
12.5
25.7
7.1
34.8
65.2
7.1
7
11.8
9
9.8
7.1
13.4
51.2
7
7
59.4
10.5
22.9
12.8
12.5
48.2
37.8
10.7
29.4
13.2
7.4
7.2
7.2
7
26.9
7
9.4
7.3
25.4
22.3
14.7
47.5
16
40.1
35.3
9.2
8.2
21.9
7.1
14.4
9.6
16.5
26.6
10.4
22
26.5
19.7
16.4
22.7
7.3
14.6
11.3
7.2
53.6
51.9
18
8.8
26.9
7
16
27.6
86.1
14.9
14.7
7
7.3
41.9
101.6
72.3
7.4
12.2
15.7
8.8
19.4
23.1
21.8
48.2
67
70.3
18.9
32.5
55.5
7.2
30.1
43.2
7.1
17.3
52.4
57.7
11.6
14.2
7.4
30.6
34
42.2
7.1
11.2
13.7
7.1
10
26.7
7.9
7.1
37.1
37.2
28.7
7.8
7.1
7.1
14.2
13
7.3
21.4
24.3
7
7.2
8.3
11.7
15.8
61.4
17.4
30.8
38.4
49.9
7.3
11.5
61.4
7.1
7.2
7.2
33.7
18.2
8.5
7
9.1
7
7.7
8.7
13.3
10.2
7.1
9.4
11.4
9.3
7
10.6
13.2
33.1
10.6
16.1
17.6
17.9
61.5
12.2
21.7
7
12.1
8.1
7.1
14.2
18.4
14.8
7.1
8.2
7.6
8.2
7.1
7.4
32.7
42.4
55.8
15.8
7.4
28
23.3
44.2
9.5
59.3
12.1
21
7.1
24.6
7.2
11.7
18.6
19.4
37.5
19.5
44.3
23.4
7
9.4
60.8
11.2
8
20
11
32.7
16.7
7.1
55
7.1
7.3
18.8
7.1
7.5
12.9
17.9
13.1
11
11.3
11.7
30.1
22.6
43.2
7
8.2
7.2
11.3
54.6
52.4
9
7
26.2
7.3
48.6
10.9
13.5
7.2
39.9
17.2
19.5
11.1
13.4
31.6
11
7
27.5
38.9
17
10.9
34.2
7.4
11.7
36.4
7.1
15.1
7.4
7.1
58.4
14.6
10.5
21.9
23.1
12.9
60.7
37.6
66.5
7.7
8.5
7
14.1
7
10.2
9.1
99.9
7.2
21.3
20.4
16.9
7.1
47.1
81.1
18.9
12.6
34.4
103.4
8.1
18.7
39.7
17.7
10.2
15.6
36
125.7
26.4
48.9
23.8
8.6
29.9
7.3
30.6
80.7
13.5
25.9
15.9
13.5
39.7
46.9
60.4
7.8
39.9
18.5
7.7
18.8
20.3
29.7
16.1
11.1
60.4
7.4
14.2
7
17.4
13.3
7.3
7.2
24
18.6
30.8
9
72.1
73.3
10.1
9.5
13.3
15.3
7.8
36.6
39.3
7.7
11.6
12.5
7
23.5
12.3
9.2
12.7
7.6
56.6
38.6
35.9
29.9
7
7.4
13.6
29.9
8.5
46.7
7.9
7.4
43.9
34.6
7.1
25.2
12.4
12.8
23.6
50.5
13.6
9.3
18.8
37
60.7
13.7
13
11.2
24.1
43.9
7.2
9.3
12.2
33.1
7.1
8.8
9.5
7
83.5
7.2
23.2
32.3
82.8
90.9
41.2
7.3
27.6
14.8
9.7
8.7
22.9
16.2
12.3
7.1
7.1
9.4
7.2
29.8
46.5
16.8
7.2
17.8
7
15.7
8.5
17.6
7.6
25.1
17.2
46.8
9.5
7.2
26.8
7.4
45.2
7.4
22
76.2
27
7
45.2
20
7.7
8.2
13.2
25.3
33.1
7.3
19.8
7
28.5
12.6
51.9
10.2
22.1
7.1
7.2
21.8
7
33.2
94.4
18.8
34.3
11.7
39.5
28.6
9.7
7.4
33.6
43.4
7.4
99.1
31.1
7
13.4
10.4
15.4
7.1
25
16.5
7.9
9.5
90
23.4
15
93.5
11.4
7
13
41.6
23.2
21.5
27
7
70
20
88.7
11.4
7.1
26.7
29.4
7.2
38.7
15.5
43.6
7.1
14.6
7.2
14.5
7.5
41
34.9
11.1
7
16.3
7.1
24.5
7.2
52.6
9.7
9.6
7
63.2
7
18.5
54.3
9.9
7.1
7
18.8
36.1
16.6
7.3
68.1
7
11.3
57.2
19.1
27.1
21.6
11.3
7
11
45.1
7.2
22.1
7
7
45.4
42.9
7.4
11.9
7
20.3
7.3
26.3
18.5
8.9
12.5
10.7
59.5
33.2
83.1
51.8
7.5
7
8
14.1
10.4
12.8
7.1
13.8
10.8
7
7
14.2
7.1
7
7
14.8
19.9
13.7
9.2
49
16.3
9.8
7.6
34.1
26.6
7.1
7.1
8.1
16.8
7
7
74.4
7.1
7.1
8.9
45.8
7.1
7.3
44.1
7.7
10.2
12.3
55.6
9.4
8.6
10
63.4
30.4
16.1
13.7
20.9
42.7
21.9
10.7
11.2
47.3
12
12.7
7.4
8.8
13.8
17.5
13.4
7.5
7.1
11.1
17.3
21.8
8.7
10.6
11.1
9.4
62.8
7
7.8
49.1
39.9
16.4
14.2
9.8
29.2
37.2
7.3
7.1
16.7
25.2
7
7
65.3
60.2
23.1
18.9
56.1
40.2
12.9
7
7.2
7
15.4
13.4
12.2
8
20.7
11.6
52.6
15.2
14.1
19.5
12.5
7
20.5
24.9
94.7
33.7
18
13.1
50.3
60.5
14.4
20.4
7
7
7.2
7
8.5
7.4
7
76.8
37.5
68.3
34
11.3
21.9
7.4
33.9
16.2
20.6
13.7
108.3
17
7
14
19
35.7
23.3
10.4
7.3
16.8
15.3
7.2
18
8.7
27.8
7.2
13.9
26.9
9
7.3
7.8
12.9
9.4
14.6
7.8
7.1
9.1
34.4
8.3
54.5
9.1
21.8
47.3
18.3
7.2
24.4
29.4
14.4
8.7
45.5
14
12.5
25.8
32
9.4
8.6
35.4
7.1
27.9
31
18
47.1
19.5
7
20.1
80.7
7.1
24.3
7.8
10.1
33.8
15.7
25.4
14.9
8.3
64.1
34.6
29.1
25.1
12.6
8.1
7.1
40.7
7.3
7.4
16.8
12.7
79.1
7.8
81
7.2
9.1
11.1
12.1
8.2
13.3
15.7
9.9
12.3
9.5
7.5
10.5
105.9
7.7
33.8
19.2
8.6
45
16.7
9.8
22
8.4
19.5
7.1
17.1
29.7
12.3
10.3
17.2
113.4
30.7
85.6
10.7
10.3
73.8
7.6
14
7.3
13.1
15.6
36.5
7
15.1
7.8
7.1
7.2
18.2
14.2
17.2
31
9.3
65.8
9.6
31.1
12
9.9
14.5
28.2
13.7
7
9.5
53.5
7
18.1
14.5
7
11.1
12.6
44.7
7.1
12.5
7
13.5
47.8
8.3
7.6
21
39.2
7.1
12.1
7.1
40
9.8
8.2
7.1
20.5
34.2
15.5
65.3
12.2
76.5
8.1
7.3
7.1
7.1
17.5
7.2
14.9
9.8
7.1
7.1
7.1
39.9
8.2
9.6
7.4
7
43.4
10.9
7.8
34.9
7.6
7.8
46.6
7.1
26
11.7
86.2
13.3
16.7
14.4
14
46.2
25.2
7
26.4
7.1
61.3
13.6
9.6
76.7
104
11.9
93.1
38.3
17.9
7
11.1
7.1
13.9
51.9
18.1
41
34.6
7
11.4
7
32.8
40.1
8.3
7
10.1
11.5
13.3
103.8
22.1
53.1
38.5
7
14.6
26.1
11.4
40.3
13.5
60.2
13.7
7.1
9.4
12.3
13.5
9.9
13.4
12
12.9
26.9
7
7.6
47
25.6
7
40.8
7.1
38.1
14.5
83
15.2
31.3
34.5
20.8
16.3
14
7.1
27.9
17.1
22.6
43
35.6
15.7
26.4
7
41.2
16.1
110.1
7.8
7.4
9.2
17
11.4
23.9
28.2
11.8
7.4
10
9.5
94.6
77.1
7.3
24.5
22.3
24.5
29.6
42.9
7.4
11.7
16.5
7.5
27.9
7
11.8
12.3
7.1
7.2
7.9
16.8
7.3
33.8
56.6
22
17.8
101.7
12.2
11.7
10
32.5
16.1
42.1
12.1
29.1
37.8
7.1
15.1
11.8
27.4
33.1
7.3
7.2
18
22.6
7
17.5
7.3
133.3
7.2
14.8
7.2
10.2
7.3
18.4
7.1
23.9
18.3
17.1
19.1
19.6
14.1
8.5
20.2
44.5
43.3
18.2
16.9
22
7.1
9.8
9.5
8.8
7.2
19.4
43
9.1
7.7
21.6
14.9
36.1
25.8
15.5
32.5
42.4
10.1
25.4
7.5
55.3
63.4
26.7
7.2
7.1
28.1
34.2
7
7.5
67.4
18.8
33.1
11
7
43.4
7.2
8.9
26.2
94
19.2
10.7
8.4
53.1
13.4
8.1
16.1
12.3
21.8
8.3
63.8
7.1
25.9
7.1
11.6
16.1
26.3
7.2
34.3
7.5
16.8
7.7
19.1
15.2
7.2
19.8
32.4
63.2
23.1
7
43
7.2
14.7
15.9
9.8
7.1
7.9
35.7
65.3
43.8
8.7
30.5
7.1
12.9
12.1
15.2
42.7
28
50.7
7.1
12.4
7.2
87.2
7.5
20
37.9
7.2
7.4
21.8
41.5
77.8
7
8.4
20.8
7.8
7.1
46.6
11.3
27.8
8.5
11.9
11.5
7.1
30.7
7.5
9.8
42.1
18.6
13.4
11
12.9
7.3
43.4
38.9
13.7
17.4
7.2
7.3
7
32.9
8.6
77.4
7.5
20.1
18
11.3
7
53.9
8
22.3
7.1
21.4
37.2
15.7
8
15
7.1
7
12
13.6
7.8
12.6
7
55.2
8.6
9.4
18.9
29.3
18.7
12.1
10
7
15.4
17.5
7.1
11.5
71.3
25.2
53.6
10
27.2
17
7.6
11.4
10.7
18.4
9.1
25.3
35.5
9
40
29.1
7.1
7.1
15.5
7.4
25.6
7
7.1
14.1
9.5
11.9
12.1
49.9
42.2
20.2
51.7
7.2
52.1
16.9
31.5
8
15.5
26.9
15.9
11.7
10.7
14.3
47.6
7.8
71.6
9.5
70.2
51.7
14.3
63.1
25.9
17.2
11.1
7.7
27
33.6
19.1
13.2
36.8
13
11.8
10.2
7.2
7.1
22.1
112.7
7.6
7.2
7.5
7
7.2
108.8
7.2
12.4
32.5
38
36.8
9.5
9.4
43.7
12.7
7.1
7
36
7.1
7
31.6
33.8
107.1
7
10
12.2
7
13.3
7.3
13.8
7.2
71.4
39.6
22.2
18.8
37.9
7.3
14.5
7.1
19.3
105.7
13.8
16.8
7.8
54.8
97.2
7
7.6
7
10.4
14.3
8.8
7
14.4
40.6
42.1
46.5
12.8
8.1
9.3
20.2
33.3
9.1
33.2
18.8
50.1
55.9
15.9
13.9
39.2
33.8
9.6
8.1
32.4
73.5
17.2
61.7
64.6
15
47.8
18.1
15.5
17.1
37.8
58.5
25
18.4
32.5
17.1
35.1
10.3
9.7
9.3
10.3
42.2
77.2
11
7.2
41.2
30.6
48.7
15.6
38.3
89.8
11.8
9.9
14.7
26.2
42.5
10.5
10.4
7
7.4
7
55.1
19.5
10.1
16
7.2
13.6
24.2
19.6
46.8
11
8.8
9.3
7.7
32
13.8
12.2
75.5
9.7
15
19.4
7
13.9
7
9.4
7
16.8
7.2
37.3
7
7
7.7
7
9.2
7.2
7
16.7
10.2
104.2
27.2
30.2
19.6
16
47.2
47.9
21.7
24.3
34
9.1
32.5
17.9
9.3
22.4
7
15.6
40.6
67.9
7.1
17.4
13.3
41.3
112.2
7.4
49.5
8.1
9.3
12.2
58.3
23.9
16.5
10.9
35.1
7.1
7
18.3
21.2
12.5
10.4
7.3
61.2
9.9
61.5
23.2
7
45.7
64.5
12
11.5
8.5
21.3
72.3
15
7
16.6
14.7
27.3
38.6
36.6
30.8
136.5
59.6
19.2
14.1
28.8
7.2
8
18.2
7.2
24.2
9.7
10.7
27.9
48.9
7.2
9.9
7
16.6
73.3
14.5
7.6
7.1
7.2
67
8.9
76.8
30.8
21.4
10.3
31.5
48.8
24.1
19.6
9.3
7.2
7
18.2
10.9
7.1
7.1
7.2
12.5
7.2
9.1
24.6
13.7
22.1
9.3
10.6
7
9.8
7.3
12.1
15.5
35.8
13
12.5
7.9
7.2
8.8
42
134.4
33.4
7.2
17.8
81.1
20.4
13.2
22.9
25.2
8
73.4
58.3
7
69
7.3
7
12.6
21.3
7.7
7.2
19.3
15.3
7.1
8.8
8.2
19.7
7
14
75.2
49.5
8.5
38.2
11.8
11.9
32.5
21.1
30.2
43.3
6.1
94.1
15.5
9
6.1
6.2
6
8.7
6.5
6.1
17.7
8.7
6.1
16.6
6.2
8.5
6.7
10
59.6
6.1
8.1
10.2
6.6
6.1
6.1
18.1
29.3
6.6
80
8.5
7.2
6.2
6.2
15.4
6.2
6
14.3
6.5
6.5
15.7
12.7
6.1
6.3
7.7
6
7.5
12.6
13.2
9.2
7.5
6.9
6.2
19.5
6.1
8.4
6.2
22.6
6.4
6.3
6
11.8
6
6.4
50.5
6.9
115.7
103.2
27.5
45.4
10.6
8.2
6
42.5
32.1
6.1
6
6
6
6.1
13.7
6.8
6
10.7
6
6.8
6.2
8.2
6.4
83.8
24
52.9
21.4
17
6.3
23.6
6.4
16.7
16.1
7.7
20.6
6.1
11.1
6
37.2
9.9
6
7
9.7
6.9
6.4
9.7
9
6
6.2
6.3
6
6.7
8.9
22.6
11.4
6.1
6.8
31.3
12.5
14.8
6.1
7
82.2
32.3
5
11.1
5.1
30.1
23.7
6.1
9.4
20.5
5
5
5.6
79.6
83.6
10.2
40.6
5
5.4
5
5
22
6.9
5
6.4
27.5
7
68.8
37.9
5
5
5
22.1
5.1
5
6.6
49.6
5.2
5.1
5.3
5
9.6
5.2
21.8
50.9
9
5
5
30.2
5.2
5
5
5
89
11.8
5
5.1
19.8
6.1
5
5
70.5
15.4
24.8
7.4
5
5
5.6
5
62.1
71.7
5
11.4
8.7
5
5.2
5.5
5.4
52.5
5
5
5
5.2
17.6
5.1
5
5
5
5.1
5
5
46
5
5
50.4
94.3
8.1
75.8
5
14
9
5.3
26.1
30
5
5
54.4
5
5
18
5
5
5.3
5
19.4
140.4
5
47.3
5.1
5
29.2
5
15.6
6.1
5
5
33.9
5
25.4
23.5
5
5
5.2
5
37.4
5.3
5.1
10.6
5
5
12.9
5
24
5
64.6
5
62.3
5.7
49.3
14.5
6.5
5
20.5
30.8
15.4
6.5
5
5
5
5
5
9.6
5.1
5.5
8.5
20.2
5
7.6
5
26.3
79.2
5
5.1
5
17.1
33.2
27.5
5
16.5
5
5
5
5
5.2
5
5.3
5
55.4
9.9
30.5
5
5.2
5
5.1
11
28.5
22.3
5
20.3
5
26.4
86.5
5
5.4
5
6.9
5.1
5
29.6
59.2
5
5
5
5
5.3
5
19.3
5.2
22.6
29.5
5
13
5
5
33.5
5
5.2
5
5
5.5
5
7
5
9.3
5.1
6.9
5.3
9.3
28.9
5
5
18.3
6.1
5.1
18
5
5.4
5
5
5.1
5
5
45.8
5
5
5.1
5.1
5
5
5
5
5.1
5
5
5
5
5.1
27
5
5.4
5
10.3
116.8
5
5
5
41.9
5
33.5
81.2
5
15.1
5
5
5
5
6
11.6
5
5
5
8.5
5.1
7.6
5
13.8
46.4
6.8
23.5
60.3
62.8
107.1
5.3
5
5.6
17.6
5
5
5
5
5
5.1
68.1
12.5
5
5
80.5
29
5
5.1
45.6
5
5.4
5
21.2
5
5
19.7
51
5.1
37.3
18.5
5
33.4
13.8
5.1
25.9
9.9
66.6
6.3
5.2
5.1
5
10.1
5
5
54.3
5
5.5
9.6
5.1
5
5
14.9
69.8
13.5
5
57.5
17.5
5.2
5
5.2
5.1
5
5.2
9.5
5.4
6.8
76.5
11.2
13
5
5
5.1
55.3
24.1
5
5.2
14.7
5
63.3
34.5
8.4
21.6
5
10.8
5
68.6
11
5
5.8
9
15.1
22.3
5
5
29.8
5
5
5.4
81.5
29.3
5
5
5.1
5
5.7
18
36.5
32
5
5
5
5.3
11.4
6.3
69.8
27.8
5
5
28.1
5
5
5.2
5.5
5
94.4
12.5
35.5
5.1
30.8
5.2
23.5
42
5
18.9
74.9
14.7
5
5.1
5
5
5
5
5
10.5
5
5
25.3
5.2
5
5
5.4
5
38
5
5
5.1
5
6.1
19
5.8
5
24.2
42.1
5
5
5
5.1
5
14.1
7.5
36.7
5.4
5.5
44.5
10.5
5.2
19.8
18.5
5
12.5
5
5.5
5
11.4
5
5
14.1
5.3
5
68.2
5
5
18
5
12
5.4
5
5
13.5
5
9.8
5.7
75.1
70.5
27.5
5
5.2
31.2
5
5
39.9
17
5
5
12
20.7
5.1
11.1
42.3
5
8.6
5.1
5.4
5.1
5
5
5.7
5.1
5
7.6
5
5.4
5
35
14.8
5.3
5
5
5.1
5.2
5.1
27.3
5.4
5
5
5.1
29
24.7
89.5
31.2
5
5.1
42
5
42.7
5
17.7
82.2
39.3
5
26
5
5.2
6.1
5
18.1
99.4
5
5.6
5.1
22.4
12.8
5
5
7.5
68.5
5
5.6
5
5.1
5
77.8
5
5
5
5
5
5
9.8
5
25.5
5.1
5.2
6.9
11
5.1
48.2
14.7
96.1
5
5.3
5.1
12.5
5
5
5
5
5.5
5
88.3
5
5
5.2
5.2
9.3
5.3
37.2
5.2
5.2
5.1
5
5.2
33.4
10.7
5.6
5.1
5
5.1
142.5
5.5
24.2
41.8
5.1
26.7
5
5
22.8
9.9
5.2
5.7
5.2
5
5.1
23.3
5
32
5
52.9
5.1
5
5
5.2
5
7.4
14.2
5.6
5
5
5
10.2
15.9
5
5.3
9.7
5
6.4
5.3
5
5.1
5
29.9
5
14.7
13.9
30.4
5.1
5
18
5
40.1
5
5.1
28.6
5
14.2
5
28
28.5
5
5
27.9
26.8
5.1
5.1
5
5
36
5
54.3
17.4
5.1
5
6
11.2
5
5.4
113.1
5
5
36.2
5
32.7
6.4
5
5
5
43.5
5
33.2
10.6
13
85
8.3
5
5
5.1
5
11
5
5.1
8.8
5
13.5
10
5.1
5
5.3
5.1
5
18.6
5.1
8.8
29.6
5.7
5.4
109.3
18.1
26.6
5.6
5
5.9
5.8
5
5
24.3
5
58.5
5
20.6
5.3
5
22.7
13.2
5
5
5.1
5.1
48.6
5.2
5.3
5
5
5
5.1
5
5
18
5.8
65.8
5.1
73.9
5
5.2
5
35.4
5.5
5
7.1
5
14.9
5
5
5
14.9
14.9
5.5
5
16.6
6.2
5
5
5
32.3
5.1
5
5
5
23.9
5
15.9
5
5.5
5
5
68.5
7.5
5
5.1
5
5
5.2
6.4
5
20.9
6
5.1
5
5
7.8
5
5
5
19.1
5
6.4
12.3
5.7
5.1
5.1
5
5
10.9
20.9
5
5.3
5
22.9
5
30.8
5
5.1
62.4
5
5
5.5
5
5
5.1
6.5
5.1
7
15.8
43.3
13.5
17.9
5.1
5
5
5
9.3
19.3
5.1
5
9.7
5
5.1
6.8
5.3
44.2
57.1
5
5
5.3
5.6
5.3
5
43.7
37.7
5.1
5.4
5
5
10.6
5
20.7
89.3
32.6
5
5
6.1
5
35.3
5
5.1
5
37.5
17.2
5.1
5
5.3
13.5
5.1
61.2
5
5
5.1
5
14.9
9.9
23.1
10.3
5
5.5
38.1
6
77.1
5
7.7
5
5.3
30.3
5
5
5
5
5
5
60.2
23.5
15.6
5.3
14
5.4
5
5
5
41.6
5
68.7
6.3
10.9
9
17.3
5.9
5
35.9
5
34.1
5.4
5
5
5
29.3
5
5
47.9
5.4
5
109.7
5
15.6
5.4
5
41.1
76.9
11.3
5
5
5.1
5
40.3
5.1
13.7
5
8.7
14.2
5.1
5.2
5
5.2
15.3
44.1
26.2
5.1
5
26.4
5.5
8.7
5
5
5.2
5
5
52.1
5
10.9
5
36.7
5.7
28.2
9
5
5
5
5
8.4
14.4
59.6
60.2
5.1
5.3
6
5
17
5.1
60.7
5.2
24
5
23.3
5
5.1
56.6
25.6
19.2
5
7.7
5
12.9
5
5.1
5
5.4
7.4
5
69.5
5
7
5
5
53.5
5
5
49.5
32.1
29.9
5.5
5.4
5
5
5.6
5
5.1
32.2
21.8
10.1
5
5.8
5
5
5
20.4
5
30.6
8.4
5.1
44.4
5
5
5
5
5.6
5.1
5.3
6.3
5
5
5.4
5
5
5
5
66.8
30.1
7.2
5
5
5
5
5
5
5.1
5.1
5
5.2
5.3
5.1
5
19.3
43.9
5.4
55.2
5
20
45.5
5
5.2
5
5.3
5
5.2
5.3
5
5.4
5
5.1
5
5
5
5
45.7
7.3
5
5
5.1
5
10.7
25.5
5.1
6.1
5
8
61.5
5
26.3
5
19.8
10
48.9
18.4
25.7
5
5.5
89.1
5
38.6
5.1
24.7
6.8
5.9
56.2
24.7
5
69.8
5
5
5.1
34
32.8
5.1
15.4
6.1
20
25
22.1
5.1
26.4
11.3
5.1
5
5
87.8
10.2
41
84.6
27.8
10.8
5
11.7
18.3
5
5
29.1
5.1
5
5.1
5.3
8.5
15.3
5
5.1
17.2
5.1
31.8
26.5
5
5.1
99.3
5
5
5.6
35.2
5
6.4
17.9
68.1
5
5
5
5.2
15.9
5.5
22
5
5.1
30.1
5
5
5
5.5
44
13.6
13.3
5
28.8
5.1
5
5.7
55.8
5
7
5
48.5
13.8
42.4
5
5.5
18.6
5
5.1
5
5.1
31.6
5
17.5
5
5.2
33.8
5
5
10.4
9.6
5.1
5
5
5
20.2
5.1
5
5.6
5
10.3
5
5
18.5
7.3
5
5
5.5
5.1
32.9
6.5
76.5
5
5.3
52.3
7.3
5.2
5.1
6.1
5.2
14.8
20.6
5.2
6.7
5.5
18.3
45.8
6.5
49.5
34.5
6.4
81.7
5.6
7.6
74.6
13
11.3
5
33.6
5
5.1
5
39.9
8.4
5.2
5.1
101
5
5.5
5.1
5
18.9
25.5
7.8
36.4
6.5
38
5
5.2
5.1
27.2
10.4
28.9
33.8
182.3
5
5
66.7
38.6
7.8
5.2
15.6
5.1
5
5.1
5.3
5.2
5
5
5.1
5
5
5
5
5.1
5
5
5.2
5
5
5
5
92.4
5
5
5.3
40.4
5
5
5.2
14.8
45.4
8.2
5
9
7.4
7.6
5
5
11.6
5.3
5.4
5
5
31
57.9
53.2
6.9
6.9
5
71.3
5.2
139.1
35.4
13.6
126.3
32.7
5.6
5.1
10
17.2
22.3
5
32.4
5.3
7.6
5
5
10.1
5
10.4
13.5
5.1
5.4
5.7
5.6
5
53.9
5
5.2
5
9.7
26.9
5
5
21.2
5
5
26.9
15.4
5
5
5
5
61
17.2
22.5
33.6
5
5.9
12.4
5.2
5
25.9
5
47.9
9.2
5.1
5.1
5.2
9
17
5.1
5
5.1
14.1
5
21.9
5.1
5.1
5
5
5
5
5.4
5.1
5
5
5
5
6.3
5
81.8
5.1
5
5
5.1
5
5.1
119
5
5
19.5
5
43.2
5
9.8
73.6
5
5.9
5.2
5
15.9
6.1
6
23.9
5.1
5
5
5
5
7.2
5
19.9
63.3
11.1
5.1
5
5.1
6.8
42.5
25.8
5.1
13.8
14
6.2
5.3
5
38.1
5
8.7
5
5
5.2
5.1
24.3
7.4
17.3
9.1
5.2
5
6.2
5.2
5.2
5
11
5.4
5.3
25.5
5
5.2
5.2
70
50.3
5
5
15.5
5
5
48.9
5.2
5.1
59.9
5.1
39.5
19.2
15.1
5
5.9
5.3
5
5.2
28.2
5
5
5
17.3
5
5.2
5.1
24.7
5.1
5
5
5
5.2
5.2
23.4
10.3
5
5.3
58.9
29.1
5.4
8.2
5
5
66.2
24.5
5
5.6
13.9
8.4
5
22.3
24.3
5.5
74.5
5
26.6
5
41.1
5.2
5
11.9
5
36.1
9
6.4
5
5.6
5
5
5
5.4
5
7.5
14.9
59.2
83.5
5.2
5
12.8
27.6
18.5
5
5
5.5
5
15.1
5
5.8
5
5
6
5
8.1
5
63.3
114.2
5
5
12
50.6
5
21.8
5
5.3
8
19.1
30.8
73.8
5
5.3
5
5
12.9
15.5
9.7
5
18.5
115.4
5
5
74.3
43.2
5
17.3
5.1
5.1
62.6
8.4
5
5
5
125.5
19.5
5
12.6
5
22.2
5
32.1
6.3
5
5.1
19.2
72.4
5.5
5
5.1
5
24.1
5
5
5.5
9.2
32.4
11.4
5
5
5.3
28
201.6
5
5.3
45.6
33.5
10.2
5
15.9
5.2
5
25.6
5.2
5
7.8
5.5
5
5.2
5
7.8
26
5.3
5
5
5.4
16.2
17.1
61.8
13.1
5.5
5
5.3
18.1
70
19
6.8
5
7.6
5.2
13.7
18.1
16.7
5.1
15.1
5.2
5
5
39.4
5.2
5
5.7
5
5
34
5.1
5.1
27.2
43.5
15.5
156.4
5
5
5
5.3
5
9.2
5
5.2
15.9
5
5
70.5
8
5
5
10.5
51.2
9
12.8
5.2
5
5.1
5
5
8.3
5.1
5
5
5.1
5
7
49.6
5
5
5
29.2
5.1
5
7.9
66.8
8.7
5
5
28.1
5
5
17.1
5
5.2
5
5
5.4
5
54.3
5.1
5
5.2
47.8
91.5
5.2
5.1
5.4
15.4
10
5
74.2
10.9
5.1
5
5
22.6
25.8
5
44.3
5
5
5.3
7
73.9
12.6
5
5
12.4
5
49.1
29.6
5
9
6.3
5
5
5.1
5
5
5
28.2
5
5
5
5
5.1
20.1
5
5
26.7
26.5
5.2
56.7
5
61.1
5
14.6
21.7
5.4
6.4
5
52
5
5
5.8
63.9
5
50.9
5
13.2
18.6
5
85.3
5.3
5.1
24.9
5.4
9.7
68.8
5
5.3
31
5
5.2
20.5
5.3
5
25
13.1
5.1
5
28.8
82.2
20.3
19.2
6.1
13.1
5
8.7
5.2
5
17.2
23.6
5.1
5
39.2
5.5
5
5.6
10
5.1
29.9
5
20.9
5
16.6
5
5.9
5.6
34.1
5.1
5
5.1
5.2
22.3
5
66.2
61.6
5
34
5
5.1
5
5
5.1
24.8
9.8
49.9
5.1
5
5
5.1
5.4
5.2
68.2
5
8.1
5
5.2
9.7
20.5
5
5
19.9
5.4
5
26.7
5.3
5.2
5
5.3
5
5.2
30.8
5
11.1
11
5
5
5
24.8
6
32.1
25.2
18.6
5
30.5
9.3
42.1
30.7
24.8
5
24.6
7.9
24.9
5
11.5
5.9
5
6.8
5.2
5
5
11.2
5
5.1
5.6
6.5
5
5
5.6
5
5
5
5
5
5.4
5.1
25.4
5
5.6
