10876 34740
17.11
13.5
8.05
12.08
8.74
10.33
13.26
9.74
14.71
13.37
15.29
9.6
13.18
10.37
15.23
10.8
8.79
13.38
9.67
16.76
14.73
11.47
8.7
13.2
8.47
14.36
14.95
8.27
8.26
8.53
9.26
10.46
10.86
11.7
10.92
9.17
11.79
12.74
14.34
11.77
8.38
14.52
20.78
13.74
9.17
11.4
13.79
13.11
8.37
13.49
9.66
11.76
13.62
9.45
11.79
16.09
8.36
12.17
10.95
11.34
15.29
14.67
16.98
12.95
9.22
14.7
10.52
8.64
16.91
8.6
17.47
10.71
11.5
13.69
14.34
11.56
10.41
10.66
11.41
11.44
10.93
10.09
9.3
12.98
10.12
11.15
16.88
15.86
10.79
10.85
9.88
11.63
8.03
12.87
9.99
9.62
12.83
15.97
10.46
14.32
16.06
14.04
11.7
8.78
11.49
15.25
13.65
8.53
8.43
15.31
10.73
11.22
13.52
10.4
11.03
12.21
9.14
12.95
15.41
12.02
17.46
11.11
9.96
10.23
8.04
18.03
14.4
15.71
17.45
15.68
10.81
13.57
11.94
8.92
15.64
14.01
14.92
12.61
12.01
8.95
14.24
16.85
12.88
13.23
8.78
17.64
13.25
13.18
11.97
12.89
10.19
16.56
17.27
11.76
12.5
14.7
13.89
12.47
9.25
10.49
10.88
15.4
11.39
12.19
15.82
12.05
11.57
10.27
12.42
10.53
11.96
11.87
11.48
10.44
8.09
8.07
13.27
13.78
16.38
13.31
15.8
16.31
9.96
16.86
12.66
12.3
10.91
10.34
13.59
19
14.15
14.94
13.22
11.28
17.15
11.13
9.18
10.45
9.09
16.7
12.34
11.14
11.95
13.39
8.3
8.3
12.93
9.61
12.91
15.05
10.52
13.47
8.4
14.29
12.75
10.62
11.46
8.34
13.17
8.39
11.66
10.04
11.42
17.8
11.6
9.95
11.87
8.12
9.31
9.86
12.27
11.03
12.41
11.26
10.75
9.07
14.08
9.84
8.27
10.3
8.2
9.26
8.27
10.86
14.27
15.67
14.12
15.73
13.43
12.2
11.96
12.24
12.19
8
11.7
11.64
12.25
11.42
12.87
10.86
12.77
13.28
15.37
8.32
11.49
8.08
14.06
15.85
14.81
11.89
15.46
15.84
18.95
12.24
9.47
12.21
12.64
8.08
14.81
15.44
14.79
11.92
8.22
10.15
14.71
13.73
9.17
15.83
13.37
15.12
13.04
14.41
13.91
14.16
13.41
14.7
10.08
16.53
13.23
9.86
9.18
13.27
13.15
15
11.45
12.24
11.84
10.18
8.17
15.46
16.5
15.02
12.8
13.92
13.17
9.6
8.4
13.17
18.51
12.95
8.64
8.12
12.3
12.67
12.59
9.94
11.51
12.12
15.24
12.76
8.11
21.29
8.54
8.42
10
10.33
9.43
8.17
12.52
11.45
12.78
9.12
8.95
11.59
8.39
11.46
18.49
9.53
11.22
11.19
13.74
13.54
14.24
8.27
11.19
11.88
12.32
9.79
11.01
8.22
8.21
13.8
8.59
11.96
11.08
12.25
11.82
13.03
9.97
12.82
11.61
10.93
9.11
10.56
8.62
8.19
9.17
9.77
12.71
14.17
11.02
9.48
15.89
15.1
9.24
20.21
16.21
16.84
14.65
11.8
12.16
14.61
15.73
13.23
14.65
14.78
16.94
12.7
10.71
12.52
8.32
14.51
10.97
14.31
8.99
9.89
13.97
16.23
13.95
14.28
8.01
10.71
12.72
11.08
12.85
11.83
9.93
11.77
13.26
9.46
18.31
10.74
11.53
8.12
13.05
11.45
11.72
8.8
8.05
10.04
11.13
11.06
12.11
8.18
13.45
11.31
13.65
10.56
12.35
12
12.61
10.26
11.81
11.04
11.98
13.23
14.09
11.12
9.65
11.2
14.12
12.35
17.47
10.16
12.29
12.81
14.17
11.34
15.75
11.22
12.93
10.91
15.15
12.63
10.83
9.52
10.71
8.34
8.17
11.72
13.55
10.77
8.14
11.19
11.74
12.55
14.27
13.47
11.43
13.52
10.45
11.23
13.42
8.32
15.31
10.34
15.68
12.21
12.87
15.16
19.39
11.07
13.14
14.41
13.27
11.81
10.56
11.97
12.28
9.39
13.5
15.99
14.4
8.29
11.54
11.84
16.37
12.34
15.54
18.3
13.07
8.3
9.81
10.43
13.6
9.49
17.31
11.27
8.44
12.34
8.39
13.18
14.1
10.13
9.49
15.21
13.24
10.33
14.53
12.8
13.57
8.1
8.27
8.8
12.05
8.9
10.65
16.88
14.16
8.46
10.95
9.89
15.05
14.43
12.23
13.75
13.68
11.62
10.5
11.06
12.37
13.49
10.22
9.32
12.37
9.28
14.77
11.42
8.52
10.49
10.85
14.76
12.65
8.86
9.43
16.63
15.55
14.17
15.48
12.81
20.77
13.42
12.24
12.83
11.77
14.03
10.95
15.92
8.13
17.54
12.35
10.77
11.62
12.65
8.35
8.89
11.27
18.4
12.29
11.41
15.41
8.18
16.32
11.2
9.14
14.85
9.08
12.02
10.1
13.94
13
10.14
13.49
12.21
11.89
9.04
12.02
15.26
11.44
12.41
16.48
14.61
8.14
8.77
10.07
8.18
14.05
8.24
16.12
13.43
9.9
8.19
11.86
10.91
14.81
16.81
9.49
12.14
14.43
10.97
9.4
10.6
10.4
8.93
8.44
12.26
9.72
13.58
13.18
19.99
9.98
9.96
16.7
10.6
8.14
10.39
9.04
8.34
12.04
11.51
10.11
11.13
13.4
10.35
19.69
11.08
11.85
14.34
13.58
12.58
9.55
10.16
10.91
12.83
14.53
10.9
9.41
16.51
13.01
13.68
12.77
12.73
8.49
8.18
11.46
13.5
11.61
11.31
12.29
11.91
11.18
13.79
14.79
12.28
13.29
10.44
14.95
16.65
14.25
9.82
11.08
10.37
15.45
11.95
11.32
12.45
14.9
10.4
12.59
10.11
9.27
15.58
16.54
12.5
10.26
10.94
15.76
8.39
10.8
9.3
11.08
14.45
11.73
11.84
11.27
8.36
11.13
13.88
12.52
8.07
14.85
9.89
15.4
14.82
12.92
12.71
13.69
13.79
15.66
9.8
11.67
17.9
12.34
14.91
8.18
8.26
8.2
10.61
11.36
17.75
8.47
8.19
13.57
10.07
8.46
13.87
9.51
15.68
11.39
11.64
12.38
17.38
9.61
10.59
8.33
8.22
11.93
13.53
8.46
15.42
12.52
11.43
11.35
13.18
9.95
15.97
9.43
15.07
11.16
13.59
16.23
8.4
11.55
17.76
9.45
15.15
13.76
13.99
14.65
10.61
17.04
15.26
13.23
12.96
12.46
10.27
13.67
8.39
13.17
11.7
9.82
17.2
12.63
15.84
12.6
11.88
18.22
14.12
14.72
12.77
8.56
11.56
16.09
14.14
12.45
10.61
13.77
8.5
8.65
17.12
14.86
11.31
8.48
10.65
8.16
13.57
13.16
9.98
12.91
13.43
15.28
13.11
12.56
22.29
8.39
11.88
11.41
13.47
10.29
11.3
16.08
14.39
10.97
11.39
10.42
16.5
11.54
10
10.5
11.26
13.06
12.68
9.29
8.93
8.08
10.48
11.41
11.6
12.75
14.48
10.97
14.45
9.18
10.98
13.64
11.61
8.62
13.48
8.73
8.11
8.36
11.92
10.45
8.28
8.27
13.77
13.89
12.16
11.55
12.92
12.8
11.97
16.43
9.96
11.38
8.25
10.55
10.76
13.58
8.46
12.45
9.26
11.45
10.35
14.09
11.11
8.98
9.99
10.36
8.21
11.59
8.69
12.86
18.23
12.13
13.2
13.73
8.17
11.16
9.54
11.31
12.86
12.36
8.37
10.11
10.93
11.18
10.36
13.24
10.78
10.53
14.55
10.5
14.79
10.21
13.76
10.83
14.16
12.93
14.12
9.45
12.18
14.87
12.94
12.26
9.76
9.21
11.4
9.26
8.22
16.38
11.78
10.16
15.57
16.85
13.29
8.43
11.5
14.14
13.08
10.39
11.88
16.64
15.91
8.28
18.07
15.92
15.97
15.35
10.16
8.3
15.49
12.39
13.16
11.91
11.87
8.26
9.95
12.25
16.12
12.67
13.83
9.58
15.85
14.95
9.65
15.35
14.93
13.63
9.26
15.04
12.81
12.39
9.08
10.24
11.9
13.69
12.91
16.16
15.02
16.09
8.21
8.52
8.24
9.25
11.65
13.93
14
17.78
11.29
15.14
9.19
10.91
14.75
9.95
14.49
13.67
14.08
13.92
9.29
8.18
14.67
8.66
11.36
13.36
13.38
8.49
10.61
9.03
9.76
9.34
9.57
14.18
11.03
13.32
14.99
16.58
13.93
15.98
13.4
14.33
9.91
10.15
13.55
9.43
10.29
14.57
13.69
8.28
12.94
16.25
11.44
18.15
12.14
12.8
11.07
11.24
19.36
10.79
14.53
20.04
9.91
10.75
11.99
11.21
13.15
9.43
9.45
8.15
11.65
13.99
12.95
10.92
11.25
14.04
10.91
13.98
12.26
13.82
13.32
10.51
11.37
12.25
12.58
16.89
13.45
12.28
8.39
13.37
13.47
8.83
13.36
8.14
8.19
10.47
12.4
10
12.48
17.66
13.94
12.21
9.36
9.25
12.55
14.87
9.24
10.1
10.21
9.07
10.97
13.26
9.98
17.74
10.43
11.45
8.81
8.37
16.48
10.46
17.07
8.22
9.46
11.02
16.17
13.62
13.18
14.24
13.66
12.55
8.99
12.19
10.02
9.38
11.05
8.43
11.96
8.61
14.26
9.92
11.2
12.54
11.69
13.68
14.7
10.61
17.86
14.89
12.67
12.21
8.42
17.56
13.54
12.66
10.17
12.64
10.77
13.24
8.21
11.99
9.26
11.08
13.27
8.24
12.65
8.15
9.9
15.2
18.57
13.49
13.43
10.87
9.57
8.98
8.04
10.7
12.61
11.37
14.32
8.28
9.41
10.26
14.11
17.17
15.13
12.55
11.79
8.31
13.9
13.34
9.64
13.5
12.81
11.99
14.95
10.45
9.27
14.51
9.83
10.79
13.07
10.88
12.83
12.95
13.54
11.28
8.08
9.48
8.44
13.8
9.58
11.31
11.19
8.8
15.08
10.6
13.57
15.37
13.86
8.6
11.31
14.66
11.25
10.6
8.33
10.97
16.08
11.02
15.01
10.99
8.67
8.88
11.9
9.37
9.75
10.35
14.43
10
10.1
12.76
14.73
8.92
13.15
13.22
9.04
12.71
10.55
15.13
12.27
10.69
12.12
12.64
12.21
11.87
8.05
8.45
9.64
12.72
8.09
9.06
8.03
15.06
11.06
11.06
16.06
12.4
12.55
9.55
8.24
12.67
10.3
16.69
10.25
15.03
10.86
13.21
12.44
8.1
13.8
8.66
8.22
10.79
11.59
17.27
16.56
11.48
13.06
12.8
13.49
11.88
11.28
13.26
11.86
13.98
10.42
15.23
10.7
11.08
11.05
12.83
9.32
9.1
11.17
14.94
10.36
13.52
11.36
8.26
10.48
9.88
10.1
11.07
14.14
9.34
16
12.59
12.2
8.11
9.99
9.15
10.57
11.69
10.16
12.09
9.6
12.15
9.9
15.27
11.37
20.58
9.79
14.91
11.97
12.44
10.29
13.22
13.84
12.41
11.94
10.59
12.9
16
12.05
17.48
10.41
15.58
15.93
10.53
10.09
9.97
9.93
11.63
10.33
12.13
10.79
10.04
9.97
15.46
8.95
8.72
12.64
12.84
11.8
10.57
9.61
9.37
12.9
12.72
10.32
11.68
10.7
11.68
12.95
8.3
13.55
9.24
9.1
12.57
12.82
14.71
11.73
11.41
8.52
10.54
11.52
14.58
15.03
9.49
12.01
14.51
8.54
9.69
12.75
9.73
11.5
17.09
8.24
8.53
12.63
10.76
9.38
15.91
11.62
9.41
12.76
8.24
9.92
14.17
13.62
8.24
11.29
8.98
11.76
14.28
10.51
11.38
9.98
9.08
8.26
14.8
12.14
8.17
13.1
10.53
9.18
13.16
10.93
10.32
13.14
15.24
10.51
14.42
8.29
12.06
11.03
17.86
11.23
13.64
14.79
14.65
8.23
12.69
11.82
11.88
13.25
11.16
11.6
11.66
11.36
10.35
9.53
14.45
9.31
12.26
8.31
10.51
11.67
10.23
14.7
12.25
17.74
9.56
8.28
16.56
14.33
10.51
15.95
10.33
12.59
18.28
19.66
9.15
10.71
10.93
14.87
12.78
11.39
12.46
8.04
10.95
11.5
9.78
11.44
13.75
16.15
14.2
8.9
8.27
12.44
14.71
15.39
13.48
15.32
12.04
8.8
15.4
11.99
16.83
14.16
13.96
13.64
14.25
10.58
12.55
13.46
11.48
15.87
13.22
10.82
15.9
18.09
12.27
8.01
10.46
10.96
11.85
11.88
16.64
14.6
8.71
12.47
9.73
13.93
13.81
16.31
11.23
11.7
8.32
8.11
11.41
14.56
8.73
12.31
13.56
17.9
12.92
14.15
10.97
15.17
9.81
11.81
9.06
15.9
18.93
10.56
10.25
9.93
13.45
12.18
11.45
11.46
8.85
9.26
12.14
8.49
8.97
11.22
10.25
13.5
13.1
13.65
12.45
8.08
10.69
10.34
14.52
11.62
19.16
10.08
8.21
14.17
11.75
12.15
11.57
12.72
12.49
10.05
14.05
11.86
16.47
8.09
14.61
11.87
8.38
15.99
14.93
16.96
10.93
10.26
11.73
14.38
12.78
13.45
8.92
14.1
10.04
15.76
12.05
13.62
14.44
13.79
15.62
11.98
10.07
11.89
15.84
11.06
13.57
10.49
8.05
9.78
10.2
13.66
15.82
12.46
12.69
16.68
11.83
13.08
8.25
10.51
11.91
10.24
9.8
8.34
8.25
8.45
8.14
8.81
10.07
8.07
11.65
10.36
15.75
10.87
15.47
8.11
13.46
10.73
12.37
13.33
17.73
9.18
9.25
8.1
13.67
12
11.97
8.19
13.89
15.53
10.62
12.05
13.58
11.65
10.39
15.02
10.7
8.49
8.5
12.71
12.92
14.69
14.4
11.16
15.46
12.99
14.67
9.11
8.27
10.93
11.83
10.78
10.39
8.2
13.66
13.92
10.36
10.63
11.71
11.98
11.82
10.87
8.63
12.05
11.32
9.11
14.87
14.23
12.59
12.33
8.82
9.39
9.11
17.85
12.44
8.57
8.57
10.91
9.41
11.28
10.09
13.25
14.21
14.57
15.38
11.23
8.34
13.36
8.53
10.9
17.37
11.22
12.64
14.43
13.36
8.19
9.33
9.42
14.97
10.3
9.13
10.63
8.14
8.4
8.17
19.63
12.81
12.31
9.16
10.94
11.69
9.01
9.93
9.67
12.3
9.47
8.34
10.27
10.07
16.13
12.96
13.57
17.87
9.07
13.52
14.62
12.36
12.58
12.58
9.02
13.47
14.05
12.52
8.46
8.83
11.7
14.26
8.23
8.83
11.71
16.05
8.27
14.1
14.8
8.57
9.2
16
11.54
10.58
9.7
12.08
9.83
9.69
12.68
8.54
10.97
14.94
12.48
12.97
8.44
13.9
10.34
11.1
10.65
8.33
10.96
10.41
8.79
11.48
15.45
10.19
11.71
14.56
11.35
11.25
8.57
8.21
8.75
10.14
11.52
8.84
9.46
12.16
10.08
8.13
14.91
9.67
9.74
11.3
9.62
11.23
9.12
12.23
8.69
11.11
9.72
10.28
27.61
13.59
12.94
12.46
10.77
14.27
10.49
14.84
14.1
12.79
13.33
15.97
13.96
12.85
12.67
12.21
10.27
10.64
8.64
10.75
16.4
11.32
14.25
13.94
9.38
13.16
8.78
13.29
8.14
10.54
12.48
12.92
8.47
11.48
11.14
8.48
12.79
11.76
15.4
13.41
9.94
11.58
9.46
11.48
15.25
16.68
11.02
12.89
9
10.36
16.12
9.3
10.9
11.74
11.05
8.14
13.98
9.88
11
12.31
8.63
13.33
11.56
13.3
15.36
14.34
12.44
12.54
14.24
10.79
10.21
14.65
10.76
9.67
9.96
13.04
13.33
8.46
12.35
11.44
14.44
10.88
9.14
15.7
12.74
15.68
16.28
11.8
13.48
10.76
11.71
8.72
12.88
12.75
14.66
13.08
9.73
11.38
11.25
16.73
9.45
14.07
8.81
8.09
9.66
11.15
14.24
8.06
12.27
10.11
14.61
9.39
12.35
13.02
12.02
10.32
9.86
12.11
13.77
16.16
14.54
9.63
12.17
8.55
8.31
8.39
13.29
9.29
8.46
13.57
13.49
11.65
12.01
9.61
10.03
10.06
8.54
12.45
8.17
10.76
15.94
13.29
17.94
13.68
10.94
10.77
10.27
8.4
8.18
10.43
8.01
13.18
14.69
14.31
10.68
12.47
8.47
10
10.75
15.43
14.16
12.2
14.74
9.73
13.48
10.78
12.34
14.41
14.36
9.43
13.1
9.39
8.35
13.64
10.08
11.9
14.49
9.64
10.79
11.3
13.27
14.62
8.77
13.55
19.87
11.02
11.49
17.96
11.07
11.35
10.92
12.04
11.68
13.5
10.37
13.04
12.22
13.45
8.29
10.35
9.71
12.19
9.72
11.9
8.1
13.61
9.33
17.47
9.77
11.98
11.53
8.33
9.74
12.37
9.12
10.23
13.39
9.5
8.64
11.43
11.45
11.69
11.53
11.71
9.76
14.56
11.46
9.69
13.76
8.32
13.88
10.38
10.78
10.78
14.88
11.83
12.91
10.43
8.41
13.62
12.36
9.92
10.64
10.44
10.24
11.77
14.49
12.04
9.38
13.19
18.08
9.94
8.17
13.64
8.07
13.62
19.53
13.13
13.2
14.08
10.15
10.35
10.99
8.69
14.15
13.56
13.15
9.63
12.91
11.02
13.12
9.3
11.88
13.01
8.08
13.14
11.67
10.76
12.53
9.08
11.22
11.45
10.76
9.52
14.41
9.64
9.02
11.47
8.33
15.33
10.58
15.93
14.23
9.08
13.17
12.23
8.36
16.94
9.42
14.61
11.33
15.73
8.46
10.16
11.11
12.11
10.72
11.89
16.6
12.54
8.33
14.68
10.88
15.77
17.67
10.27
14.67
11.94
10.2
12.36
14.15
9.81
12.34
10.5
11.28
9.76
12.74
9.76
8.01
15.29
15.81
13.36
9.93
9.89
14.76
11.95
16.65
15.18
10.12
11.06
11.38
13.11
12.64
13.87
8.36
8.7
8.16
15.54
8.65
12.82
12.78
9.13
12.06
13.23
12.4
14.46
10.78
8.6
15.07
8.23
8.38
12.39
15.2
11.56
11.23
15
15.45
17.11
11.97
13.24
12.18
13.56
14.12
8.79
13.26
12.03
9.3
8.37
9.34
9.2
10.12
9.39
9.62
8.6
14.58
11.5
11.95
14.67
11.63
12.3
8.42
15.25
15.31
11.18
9.12
14.56
11.2
11.84
11.78
14.74
10.18
12.53
11.84
8.19
8.36
13.19
12.28
12.53
9.68
8.25
8.6
17.8
11.61
9.75
11.68
16.66
10.17
9.25
12.74
8.42
8.21
15.86
8
9.09
8.6
11.51
8.3
11.15
8.46
13.62
13.01
9.65
8.15
13.16
14.33
12.14
8.56
12.7
12.92
12.01
12.83
12.28
10.36
8.62
11.56
14.37
10.81
12.14
11.86
8.32
9.41
8.16
10.33
8.61
11.09
12.76
9.31
12.41
13.32
12.97
8.9
16.29
11.69
10.64
15.59
12.07
12.42
11.04
8.41
11.49
11.72
12.08
16.44
8.55
13.8
15.81
8.44
9.92
17.13
16.79
8.09
10.27
12.96
13.51
10.13
13.27
12.62
15.8
15.24
13.81
11.44
18.26
10.88
10.3
8.49
10.64
14.86
9.57
9.69
15.43
12.22
14.32
10.23
8.26
17.56
10.69
15.07
18.82
11.09
8.91
8.05
13.01
13.12
10.75
15.74
8.06
12.32
11.24
12.91
13.22
16.72
13.87
11.79
12.32
11.18
14.78
11.08
16.66
10.33
10.61
10.36
10.47
12.75
8.93
10.95
10.85
9.77
8.2
16.37
8.22
8.48
10.27
11.41
12.3
16.01
12.68
12.77
13.42
11.72
8.97
8.54
12.48
10.29
8.86
15.24
8.36
10.49
15.38
12.76
11.13
10.69
10.95
10.4
8.33
11.39
9.14
8.85
13.79
13.2
10.01
10.04
17.81
14.91
14.26
12.29
8.41
10.91
12.17
10.82
13.52
12.51
13.6
14.97
10.8
9.29
14.28
13.87
9.73
10.51
10.55
10.36
12.28
10.19
12.07
12.04
13.76
13.87
10.14
19.22
8.47
9.34
12.39
8.18
12.33
8.41
15.03
12.17
11.19
12.88
9.65
13.87
11.35
8.54
9.47
11.43
9.67
12.12
16.12
10.16
10.45
10.52
10.3
8.77
8.39
13.48
9.66
8.49
9.48
12.73
11.32
9.17
18.41
13.97
10.72
13.07
8.12
11.35
8.4
13.69
13.55
15.12
16.76
14.4
9.34
9.25
13.49
14.26
10.53
13.55
13.89
11.8
9.99
13.22
12.24
9.83
13.71
10.91
9.7
14.49
13.25
10.4
14.96
9.2
10.14
13.7
11.85
11.25
8.61
14.23
10.3
13.96
15.04
14.38
13.06
9.29
11.93
9.38
9.89
8.36
17.26
11.4
8.1
9.34
10.39
9.26
11.25
9.47
10.12
11.72
11.64
8.66
8.19
10.93
8.56
11.28
9.72
13.64
11.24
13.34
12.78
9.44
11.63
15.65
9.1
11.55
10.64
12.15
11.14
15.98
11.91
8.39
15.66
10.92
8.55
8.92
11.58
11.51
10.54
10.28
8.87
18.15
9.93
8.69
10.59
16.58
16.93
10.27
11.49
11.9
16.32
14.02
12.78
8.06
14.28
11.19
14.83
10.2
8.91
13.07
11.51
16.53
9.15
9.46
18.59
10.92
18.86
11.77
11.53
12.54
10.69
9.44
14.25
13.23
9.63
17.32
8.01
10.95
13.84
9.62
8.54
14.62
13.01
12.28
12.29
11.84
15.56
15.57
9.27
10.46
8.32
8.5
8.11
11.4
17.6
10.3
12.2
12.51
10.84
10.66
13.78
9.44
11.62
13.85
8.11
12.76
9.08
12.09
8.31
12.84
12.74
16.15
11.4
8.28
8.29
11.05
11.52
14.86
14.76
12.49
16.16
12.6
9.6
13.62
11.37
13.41
14.07
14.46
10.51
10.81
13.28
8.63
17.37
13.53
14.51
12.88
14.82
10.54
17.07
14.38
11.96
11.86
9.46
8.62
30.7
10.43
9.72
14.12
10.63
11.14
13.2
15.11
10.13
16.67
11.44
8.46
8.52
13.61
8.35
8.26
12.6
16.27
8.1
10.75
15.02
12.6
19.83
14.27
13.43
8.15
11.97
9.4
14.32
9.48
14.31
12.14
8.6
9.77
9.56
9.63
8.02
8.31
8.89
10.55
14.23
12.78
8.9
11.86
12.44
11.86
10.66
13.72
8.31
10.57
8.3
13.97
15.02
14.13
10.67
11.03
14.54
13.72
16.45
9.09
12.71
12.51
11.54
8.33
8.45
9.59
10.04
12.16
14.43
16.55
12.54
11.48
11.69
8.62
11.64
12.94
11.03
12.05
14.49
10.33
13.26
9.02
8.33
12.53
13.8
13.34
8.22
12.88
15.34
13.59
10.9
16.86
13.08
8.08
11.05
16.92
17.04
11.26
12.62
13.37
11.09
11.58
11.9
11.45
15.53
11.67
11.1
12.44
11.08
16.7
8.4
10.52
9.69
11.82
11.29
11.27
12.52
10.52
10
12.11
11.19
11.06
8.25
10.03
10.81
11.05
11.53
8.57
11.82
11.6
12.06
11.56
13.33
11.53
8.51
10.5
11.07
8.29
11.19
16.2
12.8
10.83
10.3
8.72
11.25
10.81
10.53
12.84
12.37
10.52
13.37
12.48
11.3
11.4
10.27
8.65
12.22
9.12
18.28
9.83
9.77
8.87
8.39
12.94
8.43
13.71
14.5
11.41
11.64
8.63
14.7
9.27
11.58
9.23
12.77
10.64
8.15
13.08
13.75
12.26
11.85
9.54
8.19
8.77
11.22
10.19
11.25
11.14
9.22
14.43
12.69
15.3
15.06
14.91
12.84
12.73
12.39
17.29
10.45
13.6
15.27
11.61
11.26
11.1
8.85
8.49
13.29
8.61
12.03
8.87
9.54
14.68
11.58
14.37
11.79
8.36
11.2
11.99
8.53
9.03
10.59
11.52
11.19
11.49
8.23
10.75
11.08
8.45
9.87
10.57
12.4
16.17
10.99
15.92
13.03
10.8
8.37
10.21
10.02
8.05
13.25
8.69
11.32
14.85
12.76
16.59
10.99
9.41
18.3
8.06
14.63
14.85
12.68
10.46
13.46
14.19
13.08
8.09
8.94
13.64
8.15
14.14
8.05
11.3
12.85
13.11
15.97
17.18
14.68
8.25
10.67
10.85
13.66
8.47
8.62
13.84
14
8.21
9.08
8.25
9.17
15.07
15.51
8.73
13.22
8.18
13.76
13.24
8.4
8.29
11.43
12.86
11.09
18.29
15.4
8.8
14.48
18.86
8.37
11.81
10.3
10.42
12.11
8.23
19.04
10.41
13.58
13.43
8.35
8.25
16.28
12.04
10.25
16.63
11.76
8.03
12.21
10.38
8.45
14.58
9.34
10.11
9.64
12.08
10
9.41
11.69
12.9
13.38
16.18
15.22
10.88
11.02
19.15
11.02
13.74
12.43
10.02
8.14
8.47
9.41
12.5
8.39
13.42
13.41
10.97
10.3
8.49
9.06
11.21
11.9
13.51
8.29
10.02
13.93
15.74
12.16
12.23
11.3
17.68
9.96
11.2
12.4
14.67
14.76
12.89
10.59
13.79
11.3
12.58
8.29
8.34
11.58
11.18
12.82
11.26
16.95
11.37
9.39
10.5
10.76
8.54
12.63
15.54
13.96
12.68
11.75
14.75
13.93
12.01
9.93
8.11
13.07
8.98
10.77
11.88
13.94
12.34
9.17
11.11
11.77
13.86
12.3
12.57
10.55
8.51
12.02
9.61
11.04
8.14
14.85
8.38
15.67
14.61
9.58
8.82
8.63
14.82
11.96
14.16
8.12
11.56
8.34
12.71
13.82
12.83
8.33
12.62
11.8
13.07
12.86
12.23
12.87
11.39
10.18
12.6
17.73
8.21
16.53
16.23
9.36
16.77
12.32
9.53
8.75
14.13
10.55
11.89
8.08
13.54
9.41
9.63
8.44
15.26
14.22
16.16
9.62
8.14
15.94
20.15
11.95
12.14
11.45
13.12
10.67
9.89
10.9
14.89
8.48
8.21
13.36
12.42
15.74
16.08
16.94
8.18
9.72
15.74
8.71
13.78
9.79
12.22
9.66
16.34
12.87
13.68
8.44
9.79
13.98
9.57
10.4
14.87
14.49
11
13.04
17.58
20.62
9.71
13.25
10.56
8.48
12.91
11.66
16.31
9.11
9.78
12.91
13.15
12.24
9.15
8.13
11.03
10.42
10.63
9.29
11.69
10.46
12.82
9.43
11.81
10.28
11.56
13.99
12.34
12.58
8.5
17.13
9.03
11.44
9.26
10.04
10.71
10.49
12.07
12.24
10.28
14.93
10.68
8.07
11.68
9.22
8.4
8.21
11.73
10.35
11.13
8.29
15.8
10.37
10.64
8.34
12.7
10.43
13.39
12.36
9.55
13.49
10.73
8.55
10.24
11.48
11.79
12.81
8.48
8.19
8.25
12.42
9.81
11.23
12.8
10.71
11.19
10.91
11.08
11.13
15.27
12.34
8.55
8.42
9.65
8.5
11.07
11.02
10.51
12.79
15.19
12.45
12.16
15.18
9.36
13.8
10.47
11.59
10.03
13.55
8.35
15.45
8.77
10.96
10.95
12.51
8.38
8.52
12.06
10.42
10.57
9.26
18.54
17.12
12.75
8.35
10.27
12.32
8.26
10.15
10.1
13.14
13.75
9.05
8.34
10.05
10.14
11.6
17.63
12.08
9.91
12.74
10.96
13.77
9.84
10.07
11.04
10.1
9.27
9.25
11.37
8.34
10.1
10.53
12.56
12.31
15.48
11.03
13.68
13.24
11.92
11.49
8.33
8.57
12.14
15.58
8.46
13.44
14.92
12.15
11.22
8.35
11.69
10.42
12.39
13.62
8.27
12.51
14.1
9.11
9.11
8.79
12.7
11.27
9.85
12.93
11.69
11.03
8.65
13.33
17.94
11.53
12.81
14.59
8.68
45.09
9.28
12.81
10.65
12.7
15.91
8.98
9.58
9.74
8.6
12.49
8.3
14.37
9.46
13.95
16.4
8.25
14.56
8.49
13.29
11.06
9.06
10.46
11.46
12.96
8.6
14.15
16.53
15.14
15.26
14.11
20.84
13.22
13.76
12.1
10.44
15.99
13.84
11.91
11.65
14.91
16.21
11.13
14.78
8.17
11.5
12.32
14.85
8.28
10.7
9.26
12.83
12.57
9.32
14.9
10.66
10.94
13.44
14.42
11.42
9.97
10.72
9.74
8.21
11.32
15.81
8.34
10.34
14.3
11.65
9.75
8.08
9.08
8.31
10.63
12.9
13.08
12.2
9.19
15.25
13.35
11.84
8.32
8.24
9.08
12.82
15.51
11.52
14.88
16.91
10.77
10.69
10.07
10.84
13.08
15.76
12.2
11.25
8.63
12.4
10.11
8.93
14.14
12.42
10.35
8.48
12.82
12.74
9.96
10.5
10.43
10.8
8.32
11.01
10.99
9.2
11.46
10.67
12.86
8.18
11.77
8.23
11.8
11.47
12.97
15.25
12.79
12.83
10.64
16.12
15.24
9.26
12.37
8
14.91
16.06
10.29
12.54
13.89
12.09
10.23
15.63
14.48
9.82
11.79
12.99
11.65
10.09
8.06
9.87
8.25
16.27
8.3
11.47
14.01
10.34
10.01
13.89
8.05
14.02
12.93
8.92
13.65
10.24
9.65
9.38
12.6
9.95
12.45
11.67
14.12
12.2
14.44
17.28
13.39
8.55
8.31
14.49
13.51
10.18
8.59
10.48
10.21
13.76
12.27
12.6
15.79
8.29
15.56
9.67
8.99
11.31
9.51
9.75
8.42
16.64
10.74
8.45
13.45
11.73
13.15
9.34
12.92
12.36
9.83
10.57
12.08
11.82
12.76
8.49
14.21
8.78
19.35
8.59
13.74
11.46
16.03
10.53
15.33
13.78
10.01
11.95
9.58
11.76
14.8
8.73
8.49
9.53
10.96
13.82
11.12
10.32
12.44
8.2
12.4
14.03
10.41
13.6
10.73
11.42
11.28
10.84
10.92
14.34
9.93
12.02
8.4
8.52
10.17
8.29
15.25
9.07
11.69
14.85
8.87
12.2
8.88
8.28
8.22
12.22
9.15
11.94
8.31
15.16
9.72
14.7
16.41
13.96
14.18
10.92
11.45
11.98
13.26
14.16
8.41
14.16
9.44
13.73
14.88
10.49
10.41
8.93
14.58
14.2
11.7
9.51
11.54
14.58
10.18
11.73
16.09
10.79
11.64
13.19
9.43
12.53
11.3
11.06
14.13
12.13
12.59
12.05
13.19
12.98
10.59
10.43
8.28
10.59
8.15
12.04
18.59
11.13
8.13
9.92
15.07
10.94
13.73
12.42
11.61
8.26
14.71
16.01
16.28
16.77
13.64
10.99
11.74
11.94
14.94
10.11
13.33
11.85
13.07
16.97
11.11
10.34
8.13
11.51
10.81
8.54
11.75
10.69
15.79
10.54
10.47
12.13
18.93
8.29
12.3
11.7
10.27
11.59
13.28
13.08
18.56
12.64
11.03
10.42
10.36
14
12.45
8.38
10.27
10.03
12.67
8.13
12.6
13.59
11.45
11.65
14.11
8.53
13.66
11.93
11.59
12.37
12.75
14.9
10.94
10.2
12.46
11.81
9.54
17.81
10.08
17.86
9.81
13.87
11.03
9.31
10.69
9.95
9.16
11.42
8.5
9.36
8.17
12.82
9.5
13.16
12.22
11.45
10.54
8.72
9.9
20.03
10.67
8.62
9.37
12.67
9.18
16.57
10.59
8.36
10.03
14.64
10.02
13.06
18.42
12.44
15.19
11.52
10.24
13.7
10.68
10.05
14.06
12.36
10.99
12.78
8.73
14.39
17.54
13.45
10.78
9.5
11.78
9.53
9.5
11.91
8.59
10.69
16.93
10.56
10.43
14.3
9.43
8.21
13.83
15.56
10.94
11.67
13.85
8.4
12.24
8.58
11.03
13.1
14.4
12.79
8.16
10.32
8.54
8.24
8.48
15.2
11.32
10.98
8.33
12.05
8.06
11.01
11.15
8.19
11.54
14.62
10.54
12.22
8.32
9.96
10.47
8.3
11.51
12.35
12.94
10.26
11.77
12.41
10.73
14.14
14.46
22.11
13.99
11.38
12.97
14.15
13.3
11.76
12.2
21.03
11.8
9.97
10.88
10.93
12.86
10.09
10.24
9.4
12.05
12.82
8.07
9.66
12.04
12.22
14.52
12.9
17.16
11.8
15.6
8.12
11.31
8.22
11.22
11.96
15.96
15.29
14.16
13.56
12.97
9.21
8.33
9.48
11.78
10.54
11.71
10.2
15.34
12.02
11.91
15.77
10.67
16.25
11.73
14.38
14.64
12.19
12.32
12.71
16.52
10.8
13.78
9.02
12.29
8.39
13.5
18.87
10.89
11.49
11.31
8.45
11.98
9.63
9.17
9.06
9.62
15.39
11.22
11.8
11.38
10.28
13.52
8.5
8.27
12.24
10.24
10.13
12.27
12.94
15.93
11.42
11.91
12.1
10.83
8.2
8.33
14.63
12.03
11.67
8.34
9.18
12.85
15.78
9.23
10.14
12.75
14.2
9.76
12.26
13.18
12.2
8.76
8.16
11.82
12.17
8.44
8.89
8.85
10.27
8.97
12.48
13.47
9.18
18.06
12.11
10.89
8.51
10.21
11.1
14.11
15.02
10.72
13.84
9.95
13.56
13.59
10.16
8.84
12.8
8.55
10.46
13.43
9.95
16.33
15.24
13.97
11.28
12.15
8
11.29
8.3
11.37
8.52
16.43
12.33
8.27
8.78
10.58
12.5
10.71
11.69
8.46
14.47
11.52
12.4
12.65
10.94
8.8
11.62
14.39
15.83
8.5
20.84
9.32
10.97
11.39
9.5
10.9
11.58
8.86
14.64
10.39
9.77
11.52
8.03
11.73
11.43
13.96
11.32
11.16
13.88
14.89
13.84
11.46
8.66
12.3
8.34
8.57
11.65
12.17
13.61
9.83
11.44
8.51
9.66
13.68
14.76
8.18
13.24
13.26
15.44
11.87
9.94
13.09
16.39
9.15
15.05
9.34
10.51
10.07
10.69
15.77
8.91
12.48
13.62
8.06
13.23
11.31
11.6
15.74
11.12
8.11
9.8
10.25
10.3
9.92
11.26
10.55
10.64
8.6
9.2
11.82
13.1
10.67
17.35
10.12
8.62
13.72
8
9.36
12.06
11.72
14.56
8.45
13.6
9.53
10.5
16.34
18.05
9.41
8.2
12.38
9.99
11.81
13.25
8.12
10.22
8.13
11.71
10.59
14
10.97
14.95
8.09
11.23
11.04
22.67
14.01
12.48
9.42
8.19
10.47
8.42
16.67
11.85
15.79
10.63
11.04
12.62
14.43
10.98
10.71
16.25
13.02
8.62
11.33
10.82
15.76
11.09
11.61
11.58
13.52
16.04
14.95
15.72
9.13
12
15.27
11.12
10.89
8.46
11.11
8.41
9.96
8.14
14.37
8.27
15.1
17.39
9.97
16.79
9.36
11.21
8.43
9.85
12.93
8.57
9.69
13.46
15.95
10.57
14.33
13.46
15.76
13.03
13.6
8.78
9.74
12.55
14.18
12.27
9.08
10.43
8.68
9.92
9.29
8.15
12.59
10.33
15.15
8.4
14.06
11.58
12.26
10.8
15
15.76
10.66
9.87
12.25
9.89
13.77
8.16
8.1
11.47
8.38
11.23
12.18
14.11
12.57
11.49
15.99
10.49
13.3
11.68
13.54
13.91
13.59
12.74
18.18
13.4
9.3
10.06
11.71
13.32
11.29
14.22
11.76
8.22
14.05
16.23
15.24
9.58
14.24
12.69
13.07
11.35
12.17
15.1
8.46
13.63
8.38
12.89
12.88
10.69
10.68
13.45
10.51
14.46
15.41
8.34
12.47
15.23
13.09
17.41
12.82
11.25
8.61
8.4
14.85
13.89
8.32
14.83
21.14
17.47
16.88
12.88
10.19
12.91
11.69
8.04
9.58
9.21
11.13
8.47
8.07
8.71
10.68
13.64
17.88
13.44
8.03
9.4
11.53
12.06
8.28
8.15
13.8
12.6
14.26
12.56
11.74
12.41
12.54
12.83
11.9
12.82
15.4
12.74
16.03
10.25
11.67
8.58
9.28
11.71
15.6
10.23
16.07
12.42
11.08
10.98
12.7
9.37
8.36
10.27
9.57
8.05
11.79
8.42
8.35
9.91
14.04
15.05
9.74
11.52
8.3
9.03
10.13
9.56
10.96
14.07
8.17
13.34
10.11
9.99
9.33
8.41
17.06
11.18
14.75
12.28
12.03
13.57
10.29
12.96
11.48
15.9
10.24
11.88
8.47
13.45
14.41
8.26
14.42
15.37
9.51
9.9
8.22
8.21
12.3
13.33
12.38
12.01
10.55
10.23
16.18
13.53
11.65
10.73
15.32
8.36
11.19
14.32
9.54
8.57
9.32
12.81
10.12
11.2
10.7
12.58
10.66
10.72
9.34
8.27
14.68
12.37
12.93
13.15
9.81
9.75
10.13
12.95
9.43
8.92
9.32
12.79
9.25
9.55
13.96
8.72
8.55
10.15
11.27
11.54
15.87
10.22
14.47
9.35
13.35
10.21
13.73
12.31
8.42
8.36
8.53
9.11
9.34
9.28
10.42
18.31
12.14
12.29
19.32
14.41
10.15
17.71
11.77
14.14
15.28
10.18
15.24
13.11
8.22
12.64
11.97
17.41
16.98
10.37
10.95
11.6
11.28
12.71
9.13
9.6
9.13
15.72
11.93
8.1
11.79
11.23
8.36
11.26
11.43
10.52
15.12
13.32
8.38
10.15
9.69
11.62
10.34
14.67
13.37
16.5
15.83
12.39
11.23
8.43
11.42
12.67
11.55
14.02
8.35
10.49
11.02
13.41
11.97
8.42
15.05
10.63
18.8
12.79
15.81
11.72
9.95
12.14
14.58
8.1
12.08
12.83
8.73
10.51
16.46
12.72
8.33
8.06
9.76
8.04
14.72
12.29
12.61
17.44
11.07
14.74
16.92
12.4
14.07
9.12
10.18
13.65
9.84
10.59
10.9
11.9
9.18
8.32
13
13.13
8.11
10.11
12.94
10.79
9.84
14.47
12.09
14.53
11.96
8
13.4
11.49
11.99
11.24
11.38
11.3
16.12
13.19
15.97
12.31
12.75
11.03
10.3
17.47
13
10.74
9.13
8.65
9.23
10.42
8.64
10.08
8.21
9.67
9.91
9.49
13.17
11.9
11.45
10.45
12.64
14.06
10.55
11.36
8.23
9.64
17.22
10.19
9.25
9.94
9.99
14.25
8.39
10.37
12.22
11.57
15.34
10.4
11.49
8.51
10.5
8.55
9.24
12.83
11.14
12.33
12.4
9.25
10.09
14.57
11.38
16.12
9.8
14.41
13.06
12.42
11.58
11.71
13.79
9.96
13.79
13.46
9.59
12.1
13.8
12.67
12.26
11.11
9.79
10.9
8.8
10.29
8.79
12.34
18.38
8.09
11.93
9.79
13.13
13.1
13.38
11.88
15.55
9.77
8.81
10.17
12.06
13
11.67
14.84
8.4
13.91
11.06
8.87
14.73
10.85
8.87
8.97
8.2
10.86
10.03
10.47
12.44
15.49
10.35
13.34
10.89
10.5
10.69
13.18
13.01
8.64
13.39
8.19
12.94
9.52
15.76
15.23
10.07
12.84
11.94
13.65
8.38
8.44
9.28
11.52
9.64
12.46
12.63
9.57
15.07
9.63
10.06
8.07
10.44
8.92
14.11
11.92
11.31
14.19
10.54
10.38
11.48
11.25
11.36
12.93
8.05
11.05
9.37
11.08
10.47
8.35
14.08
9.55
8.29
11.85
9.76
8.89
10.01
13
9.03
12.93
8.17
13.11
9.48
13.34
10.38
11.89
8.53
12.77
11.75
12.41
14.2
11.28
8.4
11.35
10.23
8.34
13.27
15.45
10.9
8.38
11.72
10.23
9.39
12.05
8.43
8.16
17.53
17.36
13.08
13.03
14.66
10.43
8.22
9.26
9.45
12.42
8.33
15.46
11.48
13.46
9.98
8.11
14.16
8.3
14.24
9.09
12.42
10.27
10.46
14.5
11.07
8.44
8.12
8.2
11.09
11.5
8.74
11.75
10.54
15.49
8.48
11.55
10.14
8.36
8.24
14.41
18.15
9.21
10.16
11.22
14.32
14.99
8.08
14.34
11.92
12.61
9.81
9.05
12.03
15.2
17.24
11.1
16.6
9.55
10.71
12.18
9.87
11.63
10.58
9.8
9.45
13.32
11.46
8.16
11.51
9.27
11.73
13
10.6
10.94
18.38
13.36
11.97
9.03
10.24
9.64
10.49
11.48
14.46
15.88
10.08
12.15
15.71
10.55
10.37
12.46
10.84
10.55
10.95
16.61
8.47
10.83
10.61
11.29
12.15
11.91
11.65
11.33
8.24
9.5
10.59
10.64
8.73
9.41
8.96
10.78
10.08
14.66
12.72
9.1
13.15
9.54
12.77
8.52
11.97
14.13
12.4
10.69
8.49
10.75
11.27
9.64
10.98
9.44
9.28
10.97
15.18
10.72
10.27
9.81
9.87
11.58
16.27
8.74
9.05
10.98
13.24
11.52
11.19
8.18
8.26
15.16
9.59
17.84
9.84
13.95
9.7
10.51
10.67
12.68
14.31
12.07
19.82
10.44
13.51
10.12
8.06
8.14
15.04
13.42
11.41
10.18
12.13
11.54
11.53
14.25
8.56
10.71
11.03
10.13
12.26
11.23
12.72
14.63
9.53
10.61
8.52
8.26
8.12
9.32
15.98
8.44
11.28
9.96
9.03
10.39
8.09
11.13
15.49
9.1
8.44
9.76
12.57
16.93
16.44
13.95
10.01
15.67
9.68
12.04
8.33
10.44
10.46
8.11
10.18
12.8
9.75
12.5
11.92
11.59
11.81
9.36
13.48
11.28
11.22
11.45
12.41
12.06
10.64
14.63
11.7
14.97
10.31
8.94
12.72
15.89
13.45
10.48
9.31
14.11
10
8.07
18.29
9.47
11.86
8.11
14.32
16.69
12.53
14.52
10.34
14.37
11.59
12.59
14.58
14.61
9.8
8.32
9.7
13.41
13.48
11.93
8.84
13.27
10.84
12.58
13.8
13.71
12.94
15.87
13.23
12.97
8.79
10.15
11.96
12.49
9.68
9.81
8.63
10.77
10.04
8.4
13.02
8.46
12.01
9.24
9.74
8.28
9.52
9.06
9.47
13.33
15.42
11.1
8.25
16
13.67
14.57
10.42
12.66
8.53
12.71
11.59
10.92
12.77
10.33
8.07
9.2
11.7
9.68
10.94
12.36
10.84
11.3
8.5
15.73
11.12
9.05
9.05
11.99
10.96
14.24
8.21
12.87
8.58
14.42
10.01
11.06
10.17
11.75
13.89
8.29
15.68
9.36
12.58
19.49
8.43
8.48
14.82
11.89
13.25
11.13
8.82
8.2
11.44
8.13
12.65
8.24
15.85
10.26
13.77
8.43
13.08
12.64
14.81
8.76
15.54
14.86
10.47
16.84
9.72
8.26
8.28
14.97
16.68
11.47
11.9
11.66
12.17
8.22
14.75
9.86
10.61
13.43
12.89
12.06
11.84
9.54
10.39
12.16
10.61
9.46
14.44
12.53
13.22
15.27
14.5
16.73
12.81
15.82
11.44
9.96
13.01
8
8.49
8.51
17.16
10.78
13.98
10.42
13.75
8.26
10.41
9.6
10.97
9.89
14.06
15.03
10.37
12.76
8.21
8.62
8.34
10.18
11.7
10.2
11.68
14.54
13.36
14.58
9.25
8.1
12.05
8.86
12.55
9.17
8.6
8.17
12.26
8.82
8.28
9.7
9.62
11.4
11.84
9.83
11.67
13.66
14.14
14.99
13.82
14.16
10.02
15.28
10.61
10.97
10.46
13.7
12.28
8.32
10.24
8.2
13.85
16.65
17.36
12.49
10.09
10.47
8.54
9.6
10.57
8.64
8.11
8.27
10.54
10.18
14.01
9.39
11.1
12.67
11.82
10.03
10.31
15.13
10.05
10.18
13.48
12.77
8.23
16.41
13.3
11.5
9.42
10.84
11.3
9.19
16.61
16
8.26
8.63
10.67
12.6
15.42
14.71
11.33
11.29
11.35
11.79
14.02
11.31
14.78
14.14
9.71
9.44
10.64
17.44
9.82
8.2
11.43
9.01
12.06
9.54
10.43
8.24
10.61
10.34
10.33
8.54
13.88
10.99
12.73
13.84
8.46
13.7
12.72
13.95
13.91
14.01
11.19
8.43
8.05
9.47
11.8
11.43
11.59
15.19
14.89
12.9
10.73
8.39
8.12
10.61
9.95
9.24
8.62
11.17
9.68
11.33
10.99
8.58
13.09
13.99
9.61
17
10.66
12.55
10.96
11.36
11.67
15.07
17.98
14.93
11.58
11.83
8.29
11.16
8.14
10.2
8.64
9.38
10.63
13.59
10.39
12.26
8.4
8.4
12.28
9.62
13.6
14.29
9.61
10.34
14.19
9.5
12.04
9.64
9.96
10.53
8.16
9.73
10.27
10.69
12.43
8.16
9.27
12.83
9.2
10.76
9.61
8.32
12.2
11.01
11.32
13.07
14.4
9.34
8.43
10.37
13.9
11.96
8.01
11.86
12.86
11.12
13.04
9.28
12.42
11.96
10.97
8.78
11.45
8.15
8.61
10.43
8.98
11.53
13.01
14.82
10.65
8.39
13.68
8.11
13.73
13.94
9.58
15.68
12.47
8.85
8.35
12.8
8.26
9.3
14.68
14.85
11.02
9.17
10.03
11.61
10.2
8.57
15.42
16.19
13.46
8.4
10.45
11.12
14.48
8.67
11.01
15.11
17.84
10.31
16.69
14.32
8
11.78
13.41
12.98
8.39
12.95
8.84
11.79
15.99
10.34
10.46
11.6
10.23
9.11
12.27
11.62
9.69
10.48
10.88
10.47
10.4
12.24
8.21
14.12
10.03
11.46
11.37
12.4
8.53
8.66
8.15
8.24
14.52
12.9
9.69
8.14
9.59
8.86
16.8
9.46
11.59
9.44
16.73
12.57
8.7
11.16
12.76
14.57
9.24
8.28
8.29
8.13
10.79
8.36
10.52
15.69
8.2
15.81
18.86
8.36
11.21
10.85
8.41
11.66
12.9
9.57
12.47
9.71
13.34
12.08
12.3
12.04
15.42
8.24
16.13
12.79
18.64
8.27
18.44
17.28
16.2
16.02
11.22
8.2
8.9
11.03
9.55
12.56
12.22
10.47
8.2
8.48
10.48
8.3
10.47
15.84
8.2
8.4
13.46
11.54
16.27
13.71
18.36
11.11
9.67
11.28
14.42
11.38
14.02
10.92
13.95
9.48
15.72
9
8.1
10.01
9.25
8.11
8.4
10.93
11.16
8.18
16.12
14.24
10.86
12.38
10.17
10.62
11.67
16.4
9.68
10.3
12.23
14.33
13.4
8.56
12.2
9.72
14.63
12.8
10.56
14.06
11.19
9.99
11.4
10.61
13.32
13.71
17.52
10.88
16.08
13.22
9.8
9.1
8.39
11.81
13.24
14.82
10.19
13.57
8.41
10.63
10.26
13.13
11.96
8.04
13.17
10.2
14.09
11.96
9.96
8.73
8.22
11.38
8.18
10.29
8.57
12.29
8.94
8.2
8.09
9.73
21.35
13.71
10.28
10.32
10.67
9.43
10.8
13.51
13.3
8.38
8.84
10.67
13.66
10.52
12.98
10.64
11.78
11.07
11.27
11.86
11.03
11.28
12.37
13.78
8.18
8.39
11.98
8.52
11.27
13.03
18.18
15.26
15.38
10.7
13.89
15.17
8.8
8.18
12.42
8.33
14.09
10.42
15.41
12.9
12.38
12.06
10.26
8.57
14.92
10.55
9.45
8.38
10.11
8.43
9.37
11.98
18.12
13.96
15.19
10.47
10.44
9.85
16.66
9.71
13.81
13.92
11.16
14.5
12.84
16.28
9.61
8.38
10.62
21.07
12.32
13.93
14.01
13.25
9.53
9.53
11.4
14.71
8.04
15.7
15.48
12.56
11.66
13.1
9.43
11.92
8.6
13.69
20.11
10.29
8.4
16.47
10.78
13.09
9.05
12.91
10.62
14.86
12.24
17.97
11.98
12.99
11.14
10.59
12.69
15.55
10.6
8.84
11.14
9.73
14.11
11.04
9.57
8.12
8.51
8.71
9.39
9.61
10.7
9.27
13.63
8.33
12.37
9.47
8.24
8.24
14.92
8.26
12.21
8.55
10.13
11.75
9.51
11.03
9.08
14.92
9.88
12.5
8.03
14.73
8.12
13.05
9.79
8.43
10.55
14.78
14.72
10.63
12.7
13.36
19.34
9.29
11.81
8.3
8.69
8.38
9.37
14.18
8.82
12.58
8.15
8.1
13.66
11.88
10.19
15.49
9.01
9.1
11.9
15.14
8.83
9.97
10.67
9.39
10.82
11.33
12.81
10.3
9.71
8.22
8.48
8.88
12.7
11.87
11.21
14.46
11.66
10.43
9.48
10.12
15.25
10.26
12.89
10.27
10.62
13.19
12.46
8.17
9.5
9
12.57
8.15
19.21
13.62
8.5
11.94
8.26
13.81
8.81
8.41
11.53
14.7
13.19
11.95
8.04
11.05
10.35
9.06
14.05
13.43
10.54
11.39
10.4
11.96
9.18
12.86
10.17
10.19
8.21
8.65
8.8
10.13
8.92
10.41
12.29
16.11
8.45
9.36
8.9
11.19
9
8.55
11.35
10.67
11
9.09
10.08
8.45
8.36
12.44
11.09
8.22
10.2
10.97
13.77
8.03
8.43
12.83
10.31
16.64
9.09
12.88
10.33
13.27
14.88
14.05
10.3
11.11
15.14
11.38
12.26
17.58
11.65
13.41
16.5
10.74
8
12.52
12.39
10.19
8.01
11.34
10.07
19.04
15
10.03
15.77
13.22
14.73
11.35
12.17
14.02
12.1
9.9
13.17
14.21
11.62
10.82
13.26
11.96
11.44
10.25
9.84
16
8.19
10.12
8.27
9.03
12.68
13.98
10.75
11.13
8.31
12
8.19
15.28
16.04
14.9
15.54
10.2
12.41
11.09
10.73
12.23
11.74
8.72
9.28
10.77
14.5
12.35
13.1
13.65
8.32
8.42
8.12
13.31
9.51
11.48
8.9
11.79
11.99
10.52
12.36
9.31
15.76
12.84
14.14
8.4
13.79
12.41
11.45
12.48
14.37
10.2
8.85
10.24
11.42
10.81
13.43
13.37
12.49
16.02
8.5
8.89
13.34
8.16
10.15
8.75
8.25
10.06
9.02
8.25
10.97
8
12.43
8.24
12.94
11.03
8.5
14.32
8.47
11.28
8.98
12.2
11.4
10.67
13.01
8.18
8.52
8.43
11.45
10.68
11.76
11.3
8.1
10.56
11.8
12.36
9.15
8.76
12.04
9.82
8.33
11.6
12
11.1
11.3
11.34
10.9
9.97
8.39
10.83
16.1
12.14
13.26
10.83
9.1
10.58
8.48
11.89
9.25
12.85
10.03
11.01
13.27
12.2
8.97
10.11
13.2
8.38
10.42
9.59
12.79
14.4
10.04
10.65
9.05
9.67
10.49
8.44
10.3
9
9.69
8.21
12.3
16.13
15.64
12.3
17.34
8.59
10.51
8.82
10.11
15.41
11.25
14.59
13.7
13.86
13.6
11.91
10.14
10.75
13.8
12.76
8.33
9.24
11.66
22.11
10.99
11.98
10.16
9.21
13.57
9.82
8.16
12.12
13.77
11.06
14.81
8.33
9.01
10.92
11.53
8.83
12.45
10.89
28.05
14.38
10.07
15.42
11.64
11.21
12.55
9.71
13.42
8.18
11.59
8.24
12.83
11.09
12.79
15.39
15.62
10.99
8.26
9.82
8.2
13.61
14.18
8.96
14.32
8.2
9.97
15.03
11.83
10.22
12.44
8.58
9.15
9.33
11.1
10.48
11.97
10.32
11.12
9.09
13.36
8.32
8.14
8.25
9.05
11.4
10.81
10.01
12.48
11.41
8.35
8.02
8.58
8.5
9.39
10.06
13.76
17.9
8.21
11.91
10.97
14.75
10.57
10.27
16.72
8.36
15.45
18.13
14.76
15.54
8.14
8.12
8.27
8.52
16.04
19.4
13.76
17.58
9.9
16.14
14.36
15.18
11.94
14.91
8.65
14.77
8.39
11.96
11.8
11.58
12.12
10.45
8.34
11.66
9.16
8.31
8.93
8.33
8.77
11.66
10.17
16.16
8.13
13.15
17.43
8.88
12.65
11.72
11.27
8.34
8.86
13.02
10.32
9.03
8.44
12.97
11.04
13.9
15.44
18.75
10.83
10.77
10.49
15.4
11.9
10
11.22
8.45
11.27
11.87
10.04
10.68
10.96
24.08
12.13
8.23
8.79
9.2
12.48
13.18
8.38
10.54
8.15
8.26
10.84
8.88
11.48
8.41
14.8
13.63
8.29
9.12
9.81
15.84
8.15
11.39
10.85
10.2
11.8
18.46
13.85
10.86
10.56
8.26
8.21
8.47
9.69
13.29
11.01
10.91
12.48
8.94
9.26
11.34
11.94
9.31
9.34
14.44
9.7
8.85
10.17
12.87
10.24
11.12
8.56
9.52
8.04
8.11
12.16
11.56
8.73
12.21
11.01
15.1
8.19
8.64
8.71
8.4
14.33
13.35
9.84
8.32
8.41
11.89
9.56
10.43
8.23
8.32
11.7
10.33
8.6
11.32
10.93
13
10.23
8.14
13.86
8.08
14.69
12.61
14.99
11.32
11.6
8.61
12.14
10.61
13.59
11.29
12.35
10.47
11
11.12
15.35
15.37
8.02
11.04
13.79
9.5
11.36
10.41
8.62
10.39
8.17
11.56
11.41
8.86
12.34
10.82
10.71
8.3
16.82
8.28
8.2
10.34
12.41
13.39
8.07
12.64
13.56
15.45
15.84
8.23
8.15
12.4
10.7
12.61
9.83
9.01
11.24
15.55
13.54
13.7
9.78
13.36
10.07
12.84
12.88
10.96
8.36
14.34
8.86
11.18
14.79
8.31
8.11
8.08
8.4
8.14
14.24
11.26
10.93
10.56
10.21
10.73
12.04
7.15
7.73
11.93
11.06
9.57
9.45
10.9
7.06
8.74
7.25
10.49
13.59
12.02
9.38
7.62
7.17
10.3
7.07
9.64
7.13
7.3
7.09
10.82
10.47
7.99
12.48
9.19
9.1
14.67
10.21
8.69
7.1
7.58
9.41
13.25
8.85
12.51
8.83
9.13
10.79
11.44
7.17
9.7
11.83
11.92
14.59
9.55
8.71
9.03
7.94
12.53
13.64
8.31
11.21
9.12
7.63
7.56
8.91
10.47
11.65
7.46
8.92
11.52
14.23
7.27
13.72
12.12
7.22
8.48
7.02
17.54
9.63
9.9
12.84
9.63
9.55
10.16
12.07
15.3
12.8
11.5
12.53
14.93
8.66
9.12
9.65
7.11
7
9.76
7.87
10.53
7.18
7.5
7.29
10.27
8.83
7.18
8.87
8.73
7.27
11.2
10.02
8.92
7.17
10.26
13.77
7.48
7.88
11.9
14.66
12.94
7.2
8.97
9.15
11.1
7.29
7.55
8.63
7.83
8.34
9.46
9.46
10.01
8.75
11.02
7.63
9.68
8.5
9.57
10.3
9.97
8.72
8.26
11.09
10
9.7
7.13
7.13
7.38
9.25
9.37
7.25
13.25
10.97
9.67
7.16
12.6
7.12
11.33
7.37
7.59
8.66
9.48
7.13
10.02
8.89
8.79
8.96
9.49
9.49
7.57
7.65
7.49
13.95
13.67
9.91
8.02
8.58
10.84
13.34
9.85
11.42
7.28
13.55
15.17
8
8.06
10.53
8.14
11.66
9.99
10.91
7.66
11.55
7.29
9.1
7.38
7.39
7.46
10.93
7.14
9.18
9.35
7.5
9.66
24.97
8.95
8.08
7.42
11.72
7.22
10.56
7.2
10.75
7.56
12.6
11.55
9.45
14.8
9.57
8.74
9.38
9.4
7.44
9.75
9.31
11
9.35
15.18
11.34
7.06
13.77
7.72
10.87
7.29
7.03
9.89
9.77
10.39
7.05
9.57
10.54
10.87
8.62
8.93
8.84
10.73
11.32
11.31
11.31
7.62
7.19
14.29
13.04
11.41
7.82
13.08
8.81
8.83
7.46
17.51
7.14
12.11
7.01
11.42
9.07
18.33
7.35
9.01
7.45
8.95
10.87
14.78
7.66
7.34
16.76
9.05
7.11
12.67
11.12
9.83
12.49
9.25
12.37
9.25
9.77
12.85
14.57
9.18
10.88
7.41
7.07
9.71
8.65
13.19
10.37
7.4
7.49
7.25
7.15
10.51
7.14
12.78
7.27
10.18
10.01
12.4
8.47
12.28
11.81
10.85
7.11
11.37
11.93
9.17
8.15
7.44
9.74
10.13
9.26
11.35
7.1
12.36
7.48
7.19
9.66
7.74
7.32
13.72
7.45
7.58
7.45
7.48
7.34
7.31
9.67
7.12
7.21
7.13
7.22
7.59
11.38
8.96
7.24
9.37
12.41
7.63
10.87
12.06
8.78
10.49
7.02
12.72
10.03
7.5
12.72
7.67
8.85
11.45
7.78
10.69
10.65
11.67
11.46
10.95
12.58
14.92
7.22
13.49
8.47
11.32
15.77
14.2
9.72
8.88
11.11
7.26
7.25
7.13
9.98
10.37
7.25
9.62
7.2
15.52
9.96
12.72
10.94
13.14
15.08
7.03
9.65
7.46
10
11.05
12.09
7.64
11.22
7.04
9.19
9.5
10.86
18.25
12.9
10.7
10.93
38.68
11.32
10.26
7.58
7.41
7.11
8.71
10.7
12.43
11.76
9.78
11.12
7.5
11.95
7.29
7.19
7.25
7.42
15.36
7.57
11.61
9.18
11.77
9.07
10.84
9.03
9.52
9.22
8.41
7.24
10.73
12.17
14.13
7.34
7.4
10.33
8.7
12.14
8.5
9.44
11.01
12.2
12.32
7.99
7.36
9.56
9.23
7.38
11.76
7.14
12.67
11.48
8.67
7.03
10.98
7.23
9.78
7.83
7.37
10.3
8.88
9.15
9.14
11.19
10.8
9.44
7.53
9.9
10.55
10.96
9.52
14.87
11.08
7.27
9.48
7.22
11.67
8.79
11.82
7.06
8.57
8.67
9.31
7.21
8.23
7.01
8.97
9.83
8.48
10.47
13.05
8.95
8.23
8.56
9.77
8.92
7.09
10.77
8.6
7.49
9.04
7.05
7.08
12.71
12.96
9.2
8.87
8.33
14.37
7.25
11.68
9.75
11.56
11.08
11.33
8.38
8.68
9.59
9.19
7.03
13.92
12.59
13.28
10.36
10.56
14.1
13.24
9.54
11.67
14.74
8.76
11.63
12.07
9.49
9.7
10.11
7.13
7.09
13.38
7.23
7.22
7.25
13.69
7.58
9.58
7.26
8.97
9.64
7.04
7.28
9.25
7.37
9.35
11.87
7.35
7.27
8.62
11.27
7.15
8.8
8.78
11.6
7.25
7.02
7.18
10.7
7.38
7.16
7.95
7.26
7.52
7.23
9.9
7.01
10.75
8.85
13.3
9.02
10.44
9.01
10
14.11
8.25
7.17
7.01
7.08
9.32
8.15
8.85
12.26
16.09
10.1
7.46
14.14
9.38
8.85
7.3
7.7
7.02
7.05
9.84
10.82
14.73
7.45
11.51
12.77
12.77
9.32
11.62
8.69
12.55
12.22
7.24
8.69
7.15
9.5
10.73
9.24
9.1
11.84
11.77
7.15
8.99
9.9
7.49
7.42
10.28
11.63
7.18
17.95
8.86
12.9
11.4
11.84
12.63
7.46
10.79
7.45
7.11
7.2
9.38
13.3
7.28
9.42
12.31
7.28
7.24
7.23
10.51
10.66
10.44
8.59
11.27
7.06
9.57
7.48
9.91
13.53
9.39
9
8.61
9.79
10.89
7.57
7.37
9.4
7.52
9.16
9.1
7.52
13.51
8.95
7.42
7.12
9
7.25
10.6
12.03
7.2
7.35
7.24
7.37
10.22
8.46
9.95
7.66
12.55
9.16
9.77
7.14
10.21
7.25
7.52
8.69
9.94
7.1
7.12
10.4
10.69
9.03
7.46
8.56
9.34
7.54
7.75
8.63
14.95
8.29
8.1
8.13
9.19
10.93
9.12
10.49
7.32
12.1
7.44
8.28
13.64
7.24
12.14
7.12
10.21
8.55
7.27
10.79
7
10.73
10.86
7.77
7.43
7.26
13.02
12.93
8.44
7.19
12.81
7.24
9.74
9.67
10.93
7.22
7.15
9.25
7.19
7.44
15.39
7.27
12.71
7.61
16.55
7.61
10.31
10.38
8.77
7.37
7.25
7.03
14.83
12.58
10.12
9.55
7.3
9.09
10.79
7.29
11.55
14.59
7.16
12.21
7.26
10.26
13.13
10.42
8.05
10.8
11.11
9.55
16.25
12.97
8.89
7.12
7.17
7.17
7.35
8.91
14.69
7.16
7.35
7.26
7.39
7.03
7.32
11.26
7.56
7.33
10.97
7.18
14.18
13.07
11.76
14.28
9.74
7
9.7
7.02
13.56
9.14
9.96
7
9.93
9.35
7.3
7.19
7.34
9.26
10.81
7.06
11.96
7.62
12.44
10.55
7.04
8.35
9.79
10.18
11.45
9.74
10.97
10.45
7.3
10.55
11.75
9.81
7.26
13.55
9.91
7.07
7.21
9.16
8.58
7.37
7.55
9.9
12.9
7.31
7.36
12.42
10.62
9.24
10.41
11.18
12.9
11.15
9.78
13.42
9.1
7.34
7.22
7.17
7.14
12.28
7.39
7.24
7.2
9.99
12.85
8.22
12.86
10.94
8.52
13.17
8.74
8.91
11.31
7.17
8.83
8.7
10.03
10.67
8.64
13.04
12.16
8.95
10.19
11.8
7.32
9.42
11.25
7.47
11.25
11.04
14.85
8.62
12.5
7.5
9.79
11.48
10.36
9.44
8.48
7.63
7.61
8.82
13.9
13.18
7.85
8.78
10.42
7.96
13.62
11.14
13.08
12.39
13.98
12.06
10.15
12.47
11.31
7.62
11.59
11.16
7.39
13.27
12.11
12.16
9.15
8.61
7.14
13.43
12.74
11.74
7.25
9.9
8.36
7
10.09
11.58
7.41
7.27
12.34
11.46
13.35
7.12
7.2
7.27
9.71
8.34
7.28
9.75
7.77
7.06
7.34
8.6
8.94
9.15
10.97
11.91
10.54
9.36
18.41
7.21
8.41
11.79
7.09
7.07
7.09
11.31
9.44
7.57
7.76
8.46
7.17
7.02
8
9.13
8.88
7.03
7.99
8.89
8.39
7.19
9.03
9.55
10.72
10.02
10.12
9.14
9.8
13.97
9.44
9.06
7.06
10.8
7.34
7.31
8.93
13.8
9.54
7.3
7.04
7.15
10.05
7.06
7.28
11.87
13.11
11.11
11.13
7.44
9.67
9.72
10.32
8.37
11.5
9.12
8.79
7.16
12.6
7.27
8.76
12.55
10.92
12.14
10.24
11.77
12.05
7.05
9.02
11.68
10.17
7
9.57
9.31
11.32
9.83
7.26
13.25
7.37
7.53
8.12
7.17
7.27
12.51
9.09
9.21
9.53
7.96
11.65
12.01
11.74
13.36
7.05
7.95
7.47
9.61
10.57
12.1
9.12
7.35
9.64
7.21
12.6
9.67
10.01
7.71
12.48
11.51
9.37
9.18
8.52
12.37
7.33
7.14
11.59
8.63
8.92
9.67
13.32
7
9.15
15.52
7.16
9.5
7.38
7.23
10
12.7
8.87
9.76
12.48
9.13
11.77
9.49
12.33
7.4
7.26
7.45
10.79
7.54
9.33
9.63
14.52
7.08
11.61
9.58
9.76
7.42
13.07
18.13
10.99
10.08
11.52
13.04
8.64
12.91
15.41
9.95
9.99
11.85
11.7
12.64
9.82
12.05
12.78
9.14
12.27
7.13
9.02
12.78
9.19
13.63
13.22
9.11
11.25
15.23
10.28
7.31
9.78
11.82
7.45
9.82
9.63
12.41
10.66
9.05
15.26
7.03
8.62
7.23
10.96
8.93
7.09
7.19
11.1
8.94
9.8
7.74
16.84
13.09
9.42
7.59
10.37
10.19
7.14
11.31
8.6
7.22
8.94
11.84
7.21
10.68
9.73
9.01
9.47
7.01
10.78
11.76
13.93
14.67
7.13
7.36
9.23
14.08
7.69
11.08
7.35
7.31
13.31
7.47
7.25
14.05
10.34
9.91
15.44
13.6
10.14
8.69
10.75
11.06
14.53
9.03
7.92
9.71
12.17
11.73
7.68
8.82
10.72
10.23
7.25
8.5
9.96
7.01
14.16
7.53
10.36
13.39
13.09
13.38
10.46
7.2
11.48
8.58
8.85
8.71
12.45
11.38
9.07
7.23
7.48
7.2
7.3
9.93
12.86
10.07
7.05
10.64
7.08
8.84
7.17
7.44
7.26
9.9
9.14
11.11
9.07
7.37
10.5
7.12
11.36
7.03
12.17
15.36
8.71
7.36
16.41
13.01
7.17
7.19
10.06
12.83
12.54
7.63
9.99
7.13
15.68
9.46
13.57
9.56
12.04
7.14
7.04
9.37
7.17
10.92
13.65
9.27
11.9
9.12
11.3
10.51
8.64
7.12
13.94
10.77
7.32
9.87
12.18
7.35
7.38
8.78
10.33
7
14.36
11.09
7
8.78
11.31
9.92
8.88
11.19
9.48
7.03
8.42
10.49
10.15
9.24
11.4
7.15
11.14
9.75
11.09
9.43
7.25
11.72
9.9
7.59
9.96
14.63
12.47
7.13
9.33
7.04
12.18
7.59
11.75
9.18
9.35
7.45
10.56
7.22
12.75
7.63
14.33
12.23
7.27
7.04
10.09
7.16
10.87
14.68
9.56
7.5
7.28
9.53
9.18
11.59
7.26
11.38
7.14
8.53
17.07
12.44
12.46
10.59
8.62
7.24
8.93
13.83
7.32
8.63
7.26
7.28
13.2
9.4
7.28
8.19
7
12.69
7.16
10.08
12.35
9.87
8.83
8.88
13.11
8.54
10.98
10.1
7.22
7.18
7.29
9.17
8.91
9.96
7.17
10.98
11.44
7.38
7.49
8.5
7.08
7.19
7.29
10.44
10.35
7.66
7.28
10.6
10.02
9.16
7.46
12.32
10.76
7.24
7.26
7.21
10.51
7.24
7.29
13.68
7.14
7.06
7.33
14.37
7.42
7.15
13.48
7.2
8.8
9.13
10.18
9.18
8.01
8.87
13.77
9.53
11.45
9.59
11.12
15.66
10.94
9.23
11.37
10.87
8.97
9.59
7.42
7.49
9.21
10.24
9.56
7.44
7.22
8.97
9.39
11.04
7.65
8.37
8.55
8.64
10.94
7.89
7
13.38
9.24
11.1
10.51
8.67
9.96
10.42
7.09
7.27
10.83
10.08
7.25
7.18
8.8
16.86
10.6
9.78
16.02
13.98
8.88
7.23
7.31
7.3
9.74
9.27
10.08
7.14
8.33
8.99
14.68
10.47
11.67
9.59
7.12
7.33
11.9
9.16
14.18
14.71
10.19
9.18
12.9
9.74
10.11
10.21
7.37
7.13
7.45
7.12
8.59
7.08
7.84
13.23
11.46
11.83
12.84
8.61
12
7.07
11.76
12.36
8.95
8.85
13.93
10.26
7.5
8.69
12.65
14.8
7.02
9.82
7.6
11.24
7.11
7.63
9.52
7.91
9.42
7.26
10.79
10.93
7.66
7.41
7.51
10.67
8.5
9.98
7.47
7.27
7.69
9.21
8.05
11.47
9.4
7.45
14.7
10.93
7.21
14.84
11.99
9.65
7.93
11.92
10.14
10.12
9.79
13.13
8.1
9.59
12.78
7.24
10.36
9.32
9.85
10.01
9.43
7.17
10.59
13.03
7.2
13.54
7.11
8.36
11.26
9.55
10.89
7.42
7.73
10.72
11.71
12.86
12.65
12.04
7.46
7.12
10.93
8.19
7.09
8.92
8.97
14.67
8.46
13.6
7.03
8.36
9.62
8.91
7.74
10.57
9.85
10.51
9.69
9.8
7.28
10.29
15.29
7.33
11.41
11.58
7.2
11.95
11.59
10.07
12.33
7.72
12.3
7.15
9.24
12.18
9.23
7.2
11.33
15.11
10.83
11.73
9.89
8.66
11.97
7.31
8.67
7.21
9.46
7.03
14.94
7.38
10.6
7.3
7.19
7.16
9.01
9.21
9.59
12.31
8.74
10.09
9.24
12.56
9.83
9.27
9.11
13.79
9.66
7.63
8.3
13.28
7.46
9.56
9.57
7.4
9.14
9.56
11.95
7.64
11.07
7.36
9.32
14.16
9.53
7.44
12.09
7.55
7.59
9.58
7.39
12.54
9.23
7.39
7.05
10.45
11.53
9.59
10
8.98
13.38
7.56
7.72
7.57
7.54
10
7.06
12.42
8.92
7.4
7.01
7.42
13.91
8.17
8.94
7.11
7.12
12.14
8.12
7.04
10.25
7.2
7.28
13.05
7.13
10.77
8.97
11.65
12.4
9.37
10.15
9.37
15.95
12.8
7.15
9.77
7.29
13.28
10.03
7.76
10.7
14.88
7.46
15.82
9.95
9.37
7.47
9.01
7.26
9.21
13.12
9.59
11.7
12.56
7.29
9.41
7.15
13.41
13.08
7.03
7.24
7.6
9.04
9.67
15.07
11.75
15.07
11.96
7.82
9.35
12.79
8.47
13.08
10.52
14.18
10.43
7.14
8.51
8.77
9.46
8.92
10.65
9.11
9.39
11.55
7.26
7.48
13.3
12.61
7.18
12.57
7.08
11.88
8.3
9.78
9.21
9.35
10.66
12.04
9.55
9.5
7.19
10.94
12.61
11.16
12.01
11.72
12.43
11.49
7.06
12.19
9.15
13.53
8.01
7.29
8.47
10.26
9.18
10.06
9.18
9.43
7.32
7.81
9.71
10.14
10.63
7.44
12.08
10.37
11.92
11.98
10.01
7.47
7.46
9.24
7.22
10.15
7.21
12.47
9.48
7.06
7.24
7.26
9.38
7.28
10.03
14.07
13.43
10.15
13.47
10.05
10.89
8.47
10.07
9.82
12.83
10.23
9.82
11.58
7.63
9.61
8.32
10.57
11.33
7.11
7.58
12.59
9.39
7.79
7.32
7.28
10.52
7.32
10.18
7.71
7.57
7.28
10.63
7.2
8.92
13.28
8.23
7.66
11.04
9.2
8.74
10.45
12.29
9.19
9.41
10.78
10.24
7.1
8.69
8.68
7.79
7.78
11.57
9.57
8.91
7.43
12.25
10.48
12.72
9.48
10.76
12.01
16.06
9.09
9.13
7.45
11.98
12.63
10.85
7.16
7.16
9.25
9.67
7.17
7.41
16.83
12.25
11.09
9.74
7.29
12.02
7.09
8
8.9
14.73
11.06
9.2
7.44
13.09
9.87
9.28
12.72
9.02
12.8
7.27
14.54
7.13
11.31
7.75
10.35
8.58
11.7
7.16
12.51
7.36
11.34
7.32
13.72
10.1
7.46
9
11.59
11.3
7.55
7.68
12.41
7.42
8.8
10.02
9.76
7.01
7.88
10.75
9.33
13.17
7.42
9.29
7.05
10.32
9.24
9.41
15.88
12.82
11.96
7.36
8.47
7.16
13.63
7.4
7.04
10.28
7.23
7.14
10.17
11.09
7.84
7.14
7.38
10.03
7.06
7.45
11.18
8.9
10.22
8.71
10.04
7.62
7.52
9.22
8.75
8.75
12.71
10.45
8.4
8.81
10.89
7.5
13.18
12.38
9.82
10.02
7.14
7.53
7.39
10.83
7.16
22.98
7.3
9.34
11.53
9.58
7.08
11.18
7.17
10.3
7.1
10.76
11.49
9.28
7.15
8.17
7.03
7.28
8.47
10.22
7.22
10.45
7.6
9.64
7.01
9.53
11.91
13.48
10.86
9.11
10.05
7.25
8.58
9.37
7.3
9.88
9.49
11.07
14.45
9.81
12.58
11.33
7.14
9.08
9.01
12.27
7.37
11.14
9.84
7.79
12.43
11.72
7.1
7.49
10.11
7.36
10.43
7.2
7.16
9.72
9.87
9.63
9.74
11.34
10.9
10.22
15.03
7.21
9.93
8.98
11.53
7.02
10.3
9.1
8.82
9.15
9.25
10.39
12.53
8.42
10.42
8.12
14.56
12.13
9.87
12.02
11.46
11.03
7.35
7.21
12.49
12.57
11.01
9.09
8.75
9.25
8.5
8.52
7.4
7.07
10.77
15.93
7.54
7.57
7.08
7.04
7.09
11.27
7.02
10.3
11.05
11.54
12.4
9.54
8.91
12.25
10.32
7.09
7.06
10.46
7.37
7.23
12.57
9.09
12.15
7.04
8.38
9.85
7.02
9.45
7.2
13.03
7.35
14.4
9.28
10.66
13.55
9.53
7.43
9.89
7.03
10.28
13.24
10.82
8.82
7.12
13.24
13.84
7.09
7.47
7.2
9.36
9.36
8.63
7.17
8.77
13.23
11.96
11.71
9.19
7.27
8.55
9.08
12.56
8.37
10.81
9.69
10.8
12.89
11.17
9.58
12.3
12.86
9.33
9.18
13.59
13.4
11.33
10.52
10.13
10.41
7.92
9.74
9.49
9.88
13.8
12.84
10.6
9.5
9.74
9.14
9.22
8.66
8.35
8.62
8.9
15.33
12.27
8.55
7.52
9.45
12.71
15.74
10.39
9.87
12.89
8.98
9.44
8.72
9.99
11.94
9.18
8.8
7.39
7.21
7.15
13.3
9.02
7.49
9.85
7.53
9.04
12.12
13.27
11.47
10.37
8.2
8.71
7.26
11.22
9.9
10.44
13.8
9.11
10.05
9.05
7.22
11.34
7.53
7.61
7.24
9.99
8.02
10.87
7.01
7.28
7.41
7.1
7.36
7.52
7.3
10.23
8.09
11.83
11.74
10.66
11.34
13
12.63
13.89
11.59
13.29
13.45
7.79
9.61
11.12
7.85
9.39
7.26
9.75
12.41
16.89
7.07
10.92
7.33
13.55
12.88
7.04
12.54
7.14
9.35
9.4
11.45
12.41
8.91
8.84
11.49
7.27
7.62
9.76
10.41
8.98
8.56
7.12
14.47
8.89
15.58
11.91
7.27
9.2
15.41
11.37
8.73
9.21
9.35
13.84
9.26
7.32
9.03
11.75
12.71
12.29
10.31
10.92
10.68
13.74
8.36
9.47
11.09
7.1
7.63
9.02
7.51
10.38
8.2
9.79
12.62
10.28
7.65
8.68
7.12
11.82
13.95
9.27
7.36
7.13
7.23
11.88
8.82
14.79
10.06
7.19
7.4
9.88
11.11
12.2
10.48
9.15
7.31
7.04
9.05
8.93
7.3
7.49
7.61
9.39
7.47
7.4
9.82
11.73
12.29
8.99
8.87
7.01
9.29
7.07
9.98
13.45
11.35
9.53
9.56
7.63
7.23
8.52
9.71
14.72
13.58
7.06
10.31
12.38
13.34
9.54
10.6
11.34
7.65
11.05
11.14
7.11
11.38
7.36
7.98
10.9
10.16
8
7.5
10.82
10.73
7.16
9.3
7.29
10.13
7.39
9.55
15.28
17.56
7.4
11.77
8.53
9.86
10.38
10.53
12.06
10.26
6.1
10.03
9.17
7.62
6.01
6.32
6.46
8.6
6.08
6.08
7.89
7.71
6.03
8
6.78
8.34
6.19
8
9.4
6.27
7.77
7.06
6.7
6.47
6.2
8.63
9.25
6.08
13.76
6.55
6.45
6.09
6.1
7.92
6.05
6.04
7.79
6.15
6.16
6.65
7.87
6.18
6.04
8.41
6.28
6
8.24
10.65
7.9
7.87
6.02
6.25
10.42
6.22
8.72
6.11
8.9
6.56
6.04
6.28
8.1
6.18
6.08
12.32
7.02
12.81
27.95
7.88
11.83
7.26
7.78
6.07
9.93
13.3
6.27
6
6.38
6.06
6.42
8.01
6.9
6.24
8.65
6.13
6.09
6.46
7.89
6.32
11.32
12.82
10.44
12.34
9.57
6.15
9.19
6.07
7.44
8.5
8.79
14.46
6.9
8.02
6.01
9.24
6.91
6.48
6.64
8.93
6.05
6.27
7.8
8.47
6.22
6.59
6
6.11
6.52
6.81
9.6
8.03
6.12
6.02
8.78
9.35
8.83
6.4
6.6
10.5
8.79
5
7.46
5.21
9.35
10.14
5.18
6.96
5.68
5
5.04
5.02
8.77
7.77
5.2
7.27
5
5.69
5
5
8.45
7
5.31
5.01
6.85
7.88
5.36
8.74
5.33
5
5.07
5
5.06
5.09
5.3
10.71
5
5
5.31
5
7.88
5.16
8.92
9.35
7.8
5
5.11
9.42
5
5.06
5.06
5.09
8.2
8.45
5.06
5.08
7.67
5.05
5
5.08
8.17
7.12
5.77
7.57
5.01
5
5
5.07
8.06
8.8
5.02
6.71
6.64
5
5.21
5.27
5.04
6.03
5.04
5.03
5
5.01
7.93
5
5.05
5
5
5.27
5.01
5.08
11.24
5.04
5
8.22
9.82
6.84
8.24
5.14
8.55
5
5.07
9.06
9.15
5.01
5.23
8.64
5.1
5
9.11
5.01
5.04
5.01
5
7.57
8.85
5
8.35
5.07
5
8.84
5
9.21
5.13
5
5.19
9.91
5.06
6.81
9.32
5.05
5.03
5
5
7.45
5.14
5.08
6.02
5
5.14
8.24
5.03
8.35
5.04
7.41
5.13
5.78
5.46
8.93
7.78
5.57
5
9.37
10.23
8.34
5.66
5.01
5.01
5
5.02
5.15
5.45
5.03
5.32
7.47
8.1
5.23
6.26
5.07
9.43
10.44
5.02
5
5.17
8.52
8.58
6.8
5
8.11
5.08
5.11
5.02
5.02
5.01
5
5
5.2
8.02
7.21
8.1
5.16
5.34
5.23
5
7.5
9.37
7.01
5
8.62
5
8.15
9.49
5
5.22
5.04
6.5
5.02
5.03
8.02
9.43
5.15
5.01
5.25
5
5.95
6.25
10.57
5.07
6.5
8.83
5
5.05
5.02
5.24
8.58
5
5.15
5.01
5
5.25
5
5.5
5.32
7.23
5.25
5.04
5.21
5.6
6.51
5.05
5.2
5.83
5.38
5.01
7.2
5.13
5.49
5.32
5.07
5.18
5.15
5.07
9.21
5.01
5
5.05
5
5.03
5.04
5
5.01
5.03
5.19
5
5.05
5.02
5.05
9.43
5
5.15
5.11
7.33
11.32
5.12
5.14
5
9.64
5.01
7.78
9.54
5
7.72
5
5.21
5.07
5
6.91
8.37
5.41
5.02
5.02
7.53
5
6.83
5
8.4
9.34
7.21
9
10.28
8.31
9.61
5.01
5.01
5.57
7.92
5.03
5.24
5.14
5.12
5.02
5.02
7.47
7.81
5.05
5.28
9.61
8.17
5.29
5.01
8.23
5
5
5.04
7.8
5.09
5
8.7
9.35
5
9.29
9.5
5
7.95
8.2
5.15
9.35
7.13
8.86
6.12
5.18
5
5.05
8.44
5.19
5
7.92
5.13
5.04
5.61
5.34
5.34
5.09
5.92
9.13
7.35
5.41
7.75
8.32
5.12
5
5.13
5.2
5.01
5.35
5.46
5.27
7
9.83
8.71
7.16
5.08
5.06
5.12
8.67
5.41
5.06
5.17
8.77
5
6.16
7.92
7.5
8.79
5
9.47
5.06
8.84
5.89
5.17
5.91
5.61
8.22
8.17
5.08
5.02
8.36
5.03
5.13
5.1
10.08
9.66
5
5.02
5.02
5.26
5.45
8.22
9.37
7.9
5.03
5.21
5
5
9.06
7.17
7.81
8.04
5
5.17
9.43
5.02
5.05
5.47
5.05
5.2
11.12
8.57
7.74
5.26
8.54
5.1
8.89
7.51
5.04
8.86
10.01
7.8
5.08
5.07
5.01
5.01
5.01
5.01
5
8.4
5.05
5.03
7.04
5.3
5.17
5.08
5.2
5.01
8.22
5.01
5.01
5.13
5
5
8.47
5.05
5.03
8.44
10.82
5.01
5.01
5.03
5.19
5.01
8.58
6.74
8.24
5.29
5.07
8.57
5.61
5
8.39
8.09
5.13
8.29
5.37
5.11
5.01
5.73
5.05
5.01
7.76
5.1
5.01
8.39
5.08
5.27
8.02
5.14
7.53
5.24
5.08
5.01
5
5.13
7.72
5.71
7.41
9.28
7.21
5.25
5.24
9.29
5.24
5.05
12.18
8.27
5.14
5.01
9.74
7.22
5
7.33
8.6
5.08
7.89
5.58
5.15
5.29
5.09
5.06
5.21
5
5.15
6.26
5
5.24
5.14
8.64
7.56
5
5.02
5.28
5.13
5
5.14
9.29
5.18
5.06
5.11
5.04
9.69
8.05
9.39
8.64
5.05
5.15
10.4
5.09
7.1
5.25
7.45
6.76
10.11
5.08
7.19
5.05
5.01
5.33
5
5.51
8.67
5.06
5.01
5.03
10.08
5.07
5
5.16
5.01
9.31
5.01
5.43
5.14
5
5.11
8.12
5.07
5.23
5
5.04
5.04
5.18
8.37
5.05
7.7
5.01
5.85
5.02
7.63
5.1
7.68
8.11
8.82
5.2
5.06
5.67
8.01
5.53
5.23
5.07
5.06
5.16
5.03
10.6
5.12
5
5.22
5.03
7.72
5
8.81
5.06
5.01
5.13
5.02
5.14
8.64
5.93
5.15
5.01
5.09
5.06
11.79
5
8.31
10.18
5.17
8.39
5.01
5.09
5.43
7.05
5.17
5.02
5.03
5.12
5
9.89
5
10.94
5
8.51
5.24
5.01
5.06
5.09
5.02
6.67
8.23
5.18
5
5
5
8.3
10.07
5.17
6.74
7.88
5.23
5.18
5.33
5.03
5.03
5.04
8.81
5.24
9.32
8.07
8.83
5
5.19
9.55
5.11
9.39
5.09
5.24
11.52
5
5.43
5
8.51
10.21
5.01
5.1
7.62
8.63
5.11
5.1
5.01
5.04
10.3
5
8.91
6.52
5.06
5
5
8.98
5.12
5.12
9
5.07
5
9.53
5.15
10.36
5.54
5.1
5.02
5.15
7.8
5.07
7.91
6.95
7.74
9.27
6.38
5.06
5
5.05
5.12
6.82
5.09
5
8.45
5.06
6.82
7.45
5.18
5.25
5.2
5.04
5.16
7.3
5.29
8.61
7.56
5
5.13
9.4
8.03
7.28
5.14
5.04
5.19
5
5.01
5.04
7.17
5
9.14
5.03
5.54
5.11
5.01
6.01
7.45
5.16
5.08
5.14
5.22
7.58
5.28
5.44
5.05
5
5
5.07
5.02
5.01
8.36
5.17
7.12
5.18
7.99
5.07
5.15
5.01
8.25
5.09
5.05
5.49
5.04
8.04
5.35
5.18
5.15
7.13
7.04
6.7
5.13
7.83
6.61
5.07
5.04
5.56
8.88
5.05
5
5.01
5.21
8.56
5.06
7.81
5.03
5.12
5.02
5
8.21
6.81
5.01
5.21
5.08
5.11
5.58
5
5.04
9.98
5
5.12
5.23
5.01
7.5
5.14
5.1
5.17
7.99
5.05
5.75
9.61
5.14
5
5.3
5.27
5
7.17
7.4
5.11
5.03
5.01
9.09
5.29
9.13
5.01
5.02
8.15
5.19
5
5.15
5.14
5.33
5
5.38
5.35
6.66
7.16
9.17
7.25
8.73
5
5.01
5.25
5.01
6.17
9.33
5.15
5
7.19
5.04
5
6.35
5.12
5.22
9.07
5.01
5
5.03
5
5.17
5
9.98
8.49
5.01
5.3
5.02
5.28
7.07
5.01
10.35
10.45
9.45
5.01
5.11
6.52
5
7.45
5.03
5.1
5
8.03
9.33
5.19
5
5.56
5.48
5.01
8.63
5
5
5
5.2
9.15
6.3
9.07
8.6
5.25
5.3
7.2
5.04
8.15
5
7.04
5.17
5.22
7.73
5.11
5.03
5.21
5.07
5.17
5.19
8.14
8.59
7.17
5.19
8.72
5
5
5.02
5.03
8.49
5.02
9.73
5.63
8.42
7.34
8.93
5.11
5.02
7.7
5
9.73
5.19
5.01
5.07
5.01
8.68
5.06
5.09
9.27
5.37
5.02
9.61
5.06
5.05
5.13
5
8.44
10.62
7.93
5.08
5.05
5.21
5.02
7.74
5.63
8.68
5
5.38
8.09
5.67
5.1
5
5.39
7.69
8.45
8.76
5.03
5.12
8.39
5.29
7.3
5.01
5
5
5
5.3
8.7
5.13
8.45
5.14
11.36
5.62
5.32
6.82
5.01
5.03
5
5.03
6.99
7.91
7.97
10.29
5.32
5.16
5.98
5.37
8.49
5
8.98
5.14
5.03
5.01
8.52
5
5
12.86
10.65
9.31
5
6.87
5
6.93
5.21
5.02
5.23
5.01
6.64
5.08
9.34
5.21
7.3
5
5
8.37
5
5
9.09
8.86
7.97
5.17
5.16
5.21
5
5.16
5
5.1
6.89
7.24
5.02
5.23
5.04
5.02
5
5.08
6.9
5
7.45
8.35
5
9.75
5.09
5.13
5.16
5.15
5.42
5.01
5.11
5.01
5
5.12
5.46
5
5.1
5.04
5.01
7.95
8.88
5.7
5.02
5.09
5.14
5.18
5
5.2
5.24
5.1
5.07
5.07
5.08
5.06
5.01
9.68
10.89
5.15
8.23
5
7.63
7.57
5
5.06
5
5.21
5
5.03
5.28
5.16
5.02
5.1
5.2
5
5
5.12
5
8.42
7.72
5.01
5.01
5.27
5.25
7.44
8.26
5.13
5.66
5
6.83
7.23
5.09
9.88
5
8.89
7.29
7.53
5.11
9.35
5
5.05
7.52
5.07
9.77
5.24
9.1
5.75
5.12
8.18
9.42
5
8.67
5
5.02
5.29
7.65
10.05
5.54
10.43
5.59
8.74
9.83
8.47
5.17
8.28
5.34
5.23
5.09
5.13
7.94
5.24
8.12
8.53
8
7.02
5.01
8.96
9.85
5.12
5
8.48
5.17
5.1
5.04
5.05
5.37
8.44
5
5.18
9.13
5.25
9.19
7.87
5.05
5.05
8.25
5.26
5.05
5.12
8.84
5.05
6.13
8.38
9.02
5.01
5.15
5.19
5.03
8.28
5.05
9.37
5.02
5.07
9.36
5
5.18
5
5.51
8.21
9.88
8
5
8.62
5.19
5.43
5.05
8.9
5.11
5.88
5
10.31
9.46
7.98
5
5.22
6.28
5.05
5.02
5
5
8.55
5.31
5.4
5.09
5.06
8.6
5.01
5
8.18
5.37
5.04
5.2
5.21
5.02
11.03
5
5.14
5.18
5.01
7.17
5.03
5
5.89
5.92
5.07
5.07
5.15
5.02
8.8
8.73
7.8
5.07
5.24
7.82
6.07
5.03
5.1
6.36
5.1
7.67
6.45
5.23
5.73
5.27
7.88
8.36
5.84
7.88
10.34
6.82
9.36
5
5.62
14.82
5.49
7.99
5.04
8.67
5.03
5
5
9.35
5
5
5.58
5.86
5
5.09
5.15
5
8.4
8.49
6.49
7.89
5.01
7.91
5.66
5.06
5.03
7.47
7.05
8.83
6.77
9.87
5
5.08
8.32
7.32
8.34
5.02
7.98
5
5.18
5
5
5.03
5.04
5.07
5.44
5.28
5.21
5.16
5.1
5.08
5.14
5.11
5.02
5
5.03
5
5.12
9.39
5.16
5.37
5
8.51
5.4
5.09
5.28
8.51
8.95
5.13
5.02
8.33
6.89
6.57
5.02
5.03
7.28
5.07
5.35
5.08
5.02
9.45
9.29
8.27
5.01
7.18
5
10.67
5.03
11.22
8.74
7.22
8.38
7.5
5.79
5.15
7.54
10.68
10.25
5.01
6.31
5.97
5.32
5.01
5.03
7.72
5.19
7.28
7.51
5.02
5.37
5.25
5.58
5.01
9.37
5.01
5.21
5
7.78
7.35
5.15
5.01
7.49
5.16
5.07
8.8
7.69
5.01
5
5.18
5
8.5
7.8
7.77
8.11
5.03
5.16
7.76
5.25
5
7.82
5
10.31
7.96
5.05
5
5.39
8.55
9.07
5.13
5.28
5.26
8.51
5.04
9.69
5.19
5
5.02
5.12
5.04
5.01
5.02
5.18
5.07
5.08
5
5.2
6.32
5.01
8.89
5.49
5
5.12
5.02
5.01
5.04
11.75
5
5
8.04
5.07
9.68
5.01
6.99
5.9
5
5.01
5.22
5.07
6.62
5.01
5.33
9.04
5.1
5.11
5
5.06
5.09
5.2
5.19
9.19
9.52
8.06
5.15
5.03
5.01
6.32
9.38
7.68
5.09
7.98
9.15
5.46
5.05
5.15
7.84
5.03
5.76
5.2
5.33
5.29
5
10
5
5.3
6.35
5.08
5
6.7
5.02
5.15
5
7.35
5.04
5.22
8.35
5.09
5.03
5
8.7
8.88
5
5
5.88
5.04
5.09
8.55
5
5.16
9.6
5.12
10.58
8.69
7.91
5.35
5.62
5.13
5.33
5
7.69
5.09
5.08
5.04
8.08
5
5.01
5
8.75
5.01
5.39
5
5
5.04
5.35
9.45
7.4
5
5.2
9.95
8.2
5.22
7.35
5.06
5
10.28
7.88
5.02
5.29
9.16
5.48
5.1
8.14
7.29
5.1
9.35
5.02
9.11
5.51
9.9
5
5.31
8.18
5.23
9.27
7.82
5.58
5.03
5
5
5
5
5.08
5.12
7.36
9.41
9.45
7.34
5.11
5.01
6.5
8.97
8.5
5.04
5.01
5.09
5.01
6.68
5.03
5.32
5.31
5.05
6.6
5
7.76
5.26
7.71
9.58
5.58
5.05
8.29
9.08
5.42
10.77
5.23
5.15
6.73
8.64
6.54
10.88
5.02
5
5.03
5.05
6.95
7.31
8.99
5
7.7
9.29
5
5.05
8.27
8.96
5
5.81
5.29
5.98
7.26
7.05
5.1
5.15
5
8.32
5.6
5.05
8.59
5
8.22
5
8.7
5.18
5.11
5
7.05
10.77
5.22
5.41
5.04
5
9.3
5.11
5.01
5.33
8.76
9.67
8.07
5.04
5.02
5.14
8.12
9.61
5
5.33
8.85
11.05
6.82
5
8.2
5.05
5
9.21
5.1
5.09
7.18
5.19
5
5.37
5.09
6.66
9.83
5.67
5.04
5
5.25
5.58
9.68
10.48
7.52
5.19
5.11
5
10.1
10.23
8.94
6.94
5.08
7.22
5.03
8.39
9.13
8.74
5.2
7.88
5.01
5.02
5.25
7.66
5
5
5.03
5.08
5.03
8.47
5.14
5.01
7.72
9.72
9.64
9.36
5.04
5.39
5.1
5.21
5.5
9.07
6.12
5.08
7.48
5
5.19
9.92
6.56
5.15
5.22
8.94
8.87
5.65
7.74
5.23
5
5
5.09
5.03
5
5.04
5.04
5.09
5
5.21
6.32
7.84
5
5.19
5.18
9
5.1
5.16
6.25
8.11
5.21
5.23
5.03
9.25
5.3
5.1
9.04
5.26
5.14
5.01
5.16
5
5.1
9.34
5.06
5.01
5.17
8.57
9.16
5.16
5.01
5.01
8.72
7.9
5.21
8.94
6.35
5.17
5.01
5
8.83
8.81
5.13
9.31
5.19
5
5.17
5.06
9.47
7.38
5.14
5.09
8.94
5.27
9.95
10.83
5
7.29
5.69
5.02
5.19
5.19
5.07
5.21
5.04
9.27
5
5.04
5.18
5.18
5
9.95
5.01
5
7.64
9.14
5.03
7.34
5
7.12
5.1
7.33
7.54
5.03
6.36
5
10.53
5.07
5.34
5.21
7.71
5.1
7.79
5.21
8.51
8.1
5.23
7.96
5.18
5.27
7.94
5.11
8.29
8.38
5.02
5
9.29
5.13
5.46
8.05
5.15
5.22
7.59
7.46
5.46
5.41
8.74
9.38
7.8
8.04
5.59
7.88
5
7.88
5.03
5.08
12.09
9.09
5
5.13
8.68
5.53
5
5.15
6.88
5.1
11.17
5.02
7.54
5.09
8.24
5
5.84
5.12
9.4
5
5
5.18
5.17
7.44
5.14
11.3
8.78
5
7.44
5
5.09
5
5.4
5
7.3
8.44
8.85
5.07
5.19
5.03
5
5.33
5
10.13
5.19
8.37
5
5.28
8.43
7.44
5
5
6.84
5.04
5.01
10.17
5.14
5.33
5
5
5.09
5.06
8.61
5.07
7.15
8.54
5.02
5
5.06
7.74
5.57
10.08
8.06
8.24
5.01
6.82
6.18
8.39
7.97
7.81
5.07
8.45
6.33
8.24
5
7.48
5.44
5.16
5.05
5.19
5.03
5.01
7.91
5.23
5.11
5.13
6.37
5.01
5.14
5
5.02
5.03
5
5
5
5.09
5.09
7.8
5
5.21
