10876 34740
11.0286
7.99048
4.25714
8.04762
5.2381
6.2
8.00952
5.05714
9.57143
8.13333
9.64762
4.95238
7.79048
6.37143
10.1143
6.95238
4.48571
8.98095
5.70476
11.8095
9.4
7.77143
4.24762
8.17143
4.11429
9.2381
8.74286
4.45714
4.6381
4.84762
4.5619
5.30476
6.19048
6.6381
5.54286
4.81905
7.39048
8.2381
8.30476
7.44762
4.30476
8.95238
13.4
9.41905
6.00952
6.24762
9.42857
8.29524
4.2381
8.24762
5.39048
6.94286
9.3619
5.26667
7.29524
9.91429
4.31429
7.41905
6.87619
6.10476
10.8857
10.2095
10.9048
7.15238
5.34286
9.04762
5.72381
4.28571
9.82857
4.47619
11.1238
6.19048
7.21905
6.11429
7.57143
6.67619
6.07619
6.25714
6.80952
7.09524
6.57143
5.57143
5.54286
8.22857
6.42857
6.94286
10.5619
8.89524
6.37143
6.62857
6.31429
6.59048
4.25714
8.1619
6.20952
5.25714
7.17143
10.8476
6.15238
8.28571
11.1333
8.65714
6.34286
4.86667
7
8.46667
8.7619
4.20952
4.18095
10.9619
6.78095
6.77143
8.1619
5.72381
6.82857
7.28571
5.78095
7.7619
9.33333
7.27619
11.3714
5.94286
5.4381
5.62857
4.72381
10.8857
10
11.4476
11.0571
9.95238
6.4
8.35238
6.78095
5.10476
9.74286
9.09524
9.4
7.9619
7.22857
4.90476
10.5905
11.4286
8.08571
6.97143
5.1619
10.8762
7.65714
9.15238
7.94286
7.52381
5.9619
11.2857
9.37143
7.48571
6.47619
9.90476
8.75238
6.81905
5.21905
6.27619
6.69524
10.3619
6.7619
7.14286
9.80952
7.26667
6.68571
5.97143
7.5619
5.49524
6.86667
6.69524
6.24762
6.2381
4.40952
4.19048
7.71429
7.97143
9.47619
9.14286
8.52381
10.1524
5.60952
10.1238
7.80952
7.78095
6.78095
5.62857
7.07619
13.9429
9.50476
9.50476
8.53333
6.95238
10.181
6.79048
5
6.26667
5.53333
10.0571
7.49524
6.59048
7.09524
7.92381
4.21905
4.40952
7.65714
5.5619
9.22857
8.97143
6.66667
9.20952
4.52381
10.1619
8.78095
6.89524
6.58095
4.12381
7.6381
4.15238
6.62857
5.38095
7.57143
11.2667
7.68571
5.15238
7.27619
4.3619
5.3619
5.51429
7.47619
6.57143
7.40952
6.90476
5.93333
5.6
9.06667
5.40952
4.85714
6.57143
4.68571
5.44762
4.28571
6.93333
8.79048
10.8
8.64762
8.64762
8.05714
7.57143
7.74286
6.74286
6.79048
4.4
6.41905
6.92381
7.81905
7.40952
7.01905
6.40952
9.15238
8.08571
8.6381
4.82857
6.12381
4.13333
9.4381
10.6476
10.1238
7.86667
10.5714
11.8476
12.5429
7.30476
5.15238
8.24762
8.75238
4.24762
9.82857
9.86667
10.0286
7.69524
4.4
6.17143
9.91429
8.48571
5.59048
9.27619
8.35238
10.9619
7.98095
8.65714
9.68571
9.37143
7.72381
9.64762
7.26667
9.72381
7.7619
5.72381
5.67619
8.31429
7.59048
9.47619
7.39048
7.67619
8.58095
6.01905
4.44762
8.27619
11.019
9.74286
7.2381
9.4
8.39048
5.33333
4.1619
8.74286
12.419
8.17143
4.50476
4.3619
8.39048
7.37143
8.17143
6.09524
7.8
8.61905
9.4381
8.51429
4.66667
14.581
4.31429
4.57143
6.00952
5.84762
4.8381
4.44762
7.58095
7.49524
7.77143
4.66667
4.5619
7
4.44762
6.95238
12.6476
4.97143
6.58095
6.2381
8.04762
8.49524
9.29524
4.38095
6.94286
6.58095
7.51429
5.09524
5.93333
4.54286
4.18095
8.62857
4.12381
7.57143
7.02857
7.5619
7.06667
7.42857
5.21905
7.58095
7.87619
6.02857
5.68571
7.10476
4.37143
4.27619
5.39048
5.69524
7.46667
8.69524
5.62857
5.25714
9.2
9.1619
5.72381
13.4667
10.1143
12.0952
9.33333
7.74286
6.75238
9.11429
9.93333
8.94286
9.95238
10.5714
10.3619
8.27619
7.15238
8.24762
4.33333
9.57143
6.04762
9.34286
4.19048
5.46667
9.42857
10.0381
8.09524
8.85714
4.29524
6.0381
7.91429
6.93333
8.37143
8.67619
5.78095
7.34286
8.34286
5.4381
12.8381
6.02857
6.21905
4.39048
8.93333
6.9619
7.13333
4.92381
4.3619
5.5619
6.46667
5.89524
7.47619
4.32381
8.09524
7.55238
9.0381
6.24762
7.53333
6.70476
7.8381
6.24762
6.90476
6.35238
7.21905
8.31429
8.00952
6.51429
5.48571
7.22857
8.27619
7.93333
10.5905
5.75238
8.62857
7.69524
9.32381
7.02857
8.90476
6.21905
7.70476
6.95238
9.6
8.05714
6.31429
5.67619
6.2
4.24762
4.34286
7.11429
8.88571
6.75238
4.22857
6.97143
7.14286
7.67619
8.90476
7.80952
7.40952
8.78095
6.10476
8.09524
8.07619
4.34286
8.64762
6.65714
10.5143
6.65714
7.93333
9.35238
13.9524
6.07619
7.8
8.13333
8.22857
8.07619
5.61905
7.48571
8.01905
5.10476
8.29524
10.4
8.82857
4.7619
7.49524
6.79048
9.90476
8.2381
11.1524
11.3429
7.99048
4.28571
6.00952
5.80952
9.04762
4.98095
10.7143
7.39048
4.50476
7.30476
4.53333
8.99048
8.62857
7.68571
5.00952
10.8667
7.81905
6.47619
9.14286
8.33333
8.57143
4.20952
4.37143
4.10476
6.5619
4.8
6.75238
10.619
9.86667
4.14286
6.30476
5.91429
8.44762
9.45714
8.7619
7.9619
8.88571
6.87619
6.12381
7.62857
8.37143
8.1619
5.90476
4.9619
8.0381
5.2
9.93333
6.28571
4.05714
6.79048
6.35238
8.60952
8.05714
4.5619
5.06667
12.0571
9.39048
9.27619
7.1619
7.57143
15.619
8.4381
8.3619
7.98095
7.80952
8.07619
7.17143
12.0571
4.48571
10.9524
7.31429
6.42857
6.71429
7.80952
4.35238
5.00952
6.55238
12.7143
8.33333
7.20952
9.99048
4.20952
11.1333
6.61905
5.0381
10.6381
4.89524
6.39048
6.24762
9.21905
7.79048
5.89524
8.72381
7.47619
6.4381
4.77143
7
10.0095
7.78095
7.6
11.0095
10.0857
4.54286
4.24762
5.68571
4.69524
8.60952
4.08571
9.60952
8.87619
5.10476
4.2381
7.79048
6.74286
8.80952
12.6762
5.12381
7.32381
8.07619
6.82857
4.89524
7.40952
5.92381
5.11429
4.45714
6.42857
6.2381
7.93333
8.85714
13.9143
6.17143
6
11.4762
6.04762
4.32381
5.17143
5
4.1619
6.59048
6.78095
6.26667
7.20952
8.68571
5.59048
12.6476
5.5619
7.32381
9.42857
8.69524
7.48571
5.31429
6.04762
5.81905
8.86667
8.98095
5.87619
6.08571
11.4667
8.61905
8.47619
7.69524
7.51429
4.00952
4.26667
7.92381
8.92381
7.91429
7.41905
7.2381
7.65714
6.94286
8.69524
7.55238
8.41905
9.2381
5.67619
8.79048
10.2381
7.79048
6.02857
6.7619
5.61905
9.77143
7.27619
7.1619
7.21905
9.05714
5.15238
7.8
5.53333
5.24762
8.65714
10.7714
6.9619
6
6.80952
9.81905
4.62857
6.82857
5.55238
5.61905
10.0762
6.79048
6.95238
6.90476
4.52381
7.33333
8.60952
6.80952
4.21905
9.31429
5.68571
9.68571
9.92381
8.01905
6.80952
7.7619
8.79048
10.7524
5.21905
7.12381
11
8.02857
10.0571
4.06667
4.42857
4.48571
7.12381
6.46667
11.4286
4.27619
4.30476
8.6
6.30476
4.34286
8.12381
5.55238
9.92381
6.68571
7.78095
7.78095
11.4
5.69524
6.53333
4.28571
4.60952
6.5619
8.64762
4.35238
10.5714
7.14286
6.89524
7
7.59048
5.88571
10.8381
5.35238
9.91429
7.74286
9.41905
9.88571
4.19048
6.9619
11.9524
5.57143
9.6
8.08571
8.51429
9.65714
6.48571
10.9905
9.80952
8.79048
7.41905
7.8381
6.50476
8.15238
4.19048
8.2381
6.45714
6.42857
11.8762
8.0381
12.0857
8.87619
6.47619
11.8381
8.77143
8.41905
8.49524
4.48571
7.17143
11.8667
8.65714
6.65714
7.01905
7.07619
4.26667
4.6381
11.7714
9.94286
6.91429
4.40952
6.69524
4.11429
8.73333
8.37143
5.45714
7.93333
8.86667
10.1619
8.4381
7.09524
15.2571
4.48571
6.71429
7.65714
8.07619
5.75238
7.26667
10.1524
9.2
7.2381
6.59048
7.52381
10.0286
6.53333
6.22857
6.18095
6.44762
9
8.13333
5.19048
4.75238
4.18095
5.7619
7.13333
6.47619
7.1619
9.80952
5.92381
9.55238
5.37143
6.13333
8.27619
8.00952
4.44762
7.65714
4.55238
4.29524
4.29524
6.19048
6.37143
4.14286
4.29524
8.92381
8.32381
6.64762
6.26667
8.64762
8.25714
6.24762
11.7238
6.02857
7.08571
4.2
5.4
6.19048
9.34286
4.19048
8.04762
5.40952
6.7619
5.98095
9.15238
7.80952
5.1619
6.18095
6.4
4.46667
6.61905
4.49524
7.90476
11.1238
7.70476
7.55238
7.69524
4.44762
6.49524
5.3619
6.37143
8.09524
9.20952
4.30476
5.61905
6.59048
6.24762
6.09524
8.74286
7.00952
6.52381
9.11429
5.73333
8.66667
6.5619
8.2381
7.2
8.57143
6.94286
9.32381
5.66667
6.37143
9.75238
6.70476
6.60952
5.81905
5.51429
6.71429
4.4381
4.18095
10.5048
7.42857
5.68571
10.0857
10.7143
7.4381
4.26667
7.40952
8.19048
7.2381
6.86667
7.55238
9.80952
11.8857
4.26667
11.8
10.7143
10.2095
8.64762
6.15238
4.24762
10.5238
8.0381
7.71429
6.60952
7.05714
4.11429
5.94286
8.02857
10.2476
7.82857
8.87619
5.27619
10.1333
9.74286
5.49524
9.62857
9.3619
8.39048
5.55238
9.29524
7.65714
8.86667
5.2381
6.32381
6.79048
8.52381
8.42857
10.6476
9.20952
10.8571
4.11429
4.1619
4.34286
5.42857
7.44762
9.4
8.46667
10.2667
6.31429
9.18095
5.3619
5.95238
10.2381
5.35238
8.00952
7.81905
8.28571
7.7619
5.09524
4.77143
9.30476
4.52381
6.70476
9.21905
7.30476
4.42857
5.85714
4.31429
6.22857
5.24762
6.2
9.30476
5.8
8.70476
9.25714
10.8571
9.18095
9.58095
7.81905
8.9619
6.18095
6.14286
9.87619
5.02857
5.35238
9.98095
9.51429
4.4381
7.82857
10.6476
6.75238
11.0381
9.77143
7.10476
6.58095
6.84762
12.1619
6.48571
10.8762
14.381
5.87619
6.50476
7.19048
6.6381
7.78095
5.31429
4.84762
4.27619
7.8
8.82857
7.8381
7.12381
6.66667
9.87619
7.1619
8.49524
8.3619
10.8381
7.2381
6.65714
8.07619
7.73333
7.48571
11.6571
7.39048
8.10476
4.35238
9.65714
7.8
4.85714
9.06667
4.41905
4.37143
6.51429
7.86667
5.4
7.50476
10.3429
8.05714
7.05714
4.91429
5.05714
8.09524
9.1619
5.24762
5.24762
5.7619
5.42857
6.30476
8.6381
6.04762
10.8762
6.81905
6.49524
4.82857
4.17143
11.5048
5.45714
11.2286
4.40952
5.08571
6.2
10.9429
9.71429
9.29524
8.6381
9.71429
6.60952
4.88571
8.45714
5.6381
5.25714
6.38095
4.37143
7.72381
4.39048
8.92381
5.80952
6.72381
7.42857
7.40952
9.61905
9.30476
6.53333
11.4667
9.11429
9.1619
7.42857
4.39048
10.8952
9.21905
8.74286
5.99048
8.71429
6.20952
7.67619
4.51429
7.05714
5.3619
6.82857
7.88571
4.44762
8.0381
4.31429
5.8
9.05714
11.3619
8.7619
7.75238
6.95238
5.62857
4.93333
4.2381
6.64762
7.34286
7.25714
8.62857
4.4
5.2
5.8
9.71429
11.6381
8.87619
7.3619
6.6
4.5619
8.53333
8.7619
5.60952
8.14286
9.20952
7.37143
10.381
6.24762
5.47619
10.181
5.46667
6.08571
8.91429
6.26667
7.57143
8.11429
8.41905
6.67619
4.39048
5.51429
4.65714
9.12381
5.4381
6.07619
6.3619
4.6381
8.94286
6.27619
8.68571
7.90476
8.86667
4.40952
8.22857
10.6762
7.68571
6.81905
4.12381
6.05714
10.4857
6.95238
9.94286
6.68571
4.91429
5.20952
7.00952
5.51429
5.54286
6.45714
8.3619
5.8381
5.6
7.3619
9.54286
4.60952
8.75238
9.01905
5.27619
7.62857
6.15238
9.08571
7.52381
6
6.71429
7.5619
7.97143
6.4
4.4381
4.42857
5.59048
6.97143
4.38095
5.02857
4.26667
8.91429
6.92381
7.59048
10.8571
6.95238
6.87619
5.2381
4.26667
8.5619
5.2
11.7524
6.09524
9.89524
6.29524
7.95238
7.93333
4.22857
8.98095
4.79048
4.37143
6.88571
7.30476
11.6286
11.1429
7.57143
9.28571
8.42857
6.51429
6.98095
6.71429
7.40952
7.19048
9.97143
6.47619
10.0857
6.60952
6.1619
5.46667
7.78095
4.92381
5.33333
6.53333
10.2952
6.13333
9.17143
6.79048
4.29524
6.04762
5.93333
5.8381
6.67619
7.70476
5.21905
9.1619
8.01905
8
4.22857
5.93333
4.58095
6.45714
6.37143
6.30476
7.15238
5.78095
7.85714
5.4
9.51429
6.58095
12.8952
5.52381
9.17143
6.54286
7.47619
6.61905
8.32381
8.28571
7.62857
7.91429
5.8
8.10476
8.7619
7.01905
11.0381
6
10.2286
10.6095
5.89524
6.27619
5.50476
5.6381
6.6381
5.08571
8.08571
6.69524
5.79048
6.42857
9.41905
4.78095
4.47619
7.84762
6.8
7.50476
6.15238
5.25714
5.42857
8.81905
7.68571
5.98095
8.32381
6.77143
8.59048
8.60952
4.53333
8.38095
4.81905
5.31429
8.06667
7.51429
8.79048
7.04762
6.94286
4.51429
6.37143
6.8
8.53333
8.28571
4.91429
7.66667
8.86667
4.40952
5.5619
7.89524
5.49524
6.57143
9.94286
4.58095
4.34286
7.10476
7.28571
5.30476
9.85714
7.89524
5.39048
7.66667
4.3619
5.69524
8.42857
8.88571
4.51429
6.29524
5.18095
6.47619
8.57143
5.78095
6.85714
5.70476
5.6
4.46667
10.219
7.08571
4.51429
8.1619
6.2381
5.32381
8.19048
7.06667
6.29524
9.32381
9.05714
6.98095
8.90476
4.66667
6.82857
6.66667
11.2381
7.58095
8.65714
9.17143
10.2762
4.50476
7.77143
7.60952
7.35238
8.90476
7.38095
7.29524
6.70476
6.00952
5.92381
5.9619
8.99048
5.2381
7.46667
4.6
5.9619
5.40952
5.55238
9.10476
7.44762
9.59048
5.38095
4.19048
10.819
8.95238
6.49524
11.5333
6.01905
7.45714
13.7048
13.0381
4.67619
6.55238
7
8.47619
8.91429
5.97143
7.81905
4.27619
6.29524
7.12381
5.47619
6.97143
8.72381
8.81905
9.39048
4.80952
4.2
7.21905
8.70476
9.71429
7.87619
9.8
7.8381
4.7619
9.53333
6.25714
10.6286
7.8381
8.72381
7.35238
7.99048
5.95238
7.40952
9.75238
7.15238
10.2571
8.12381
6.29524
10.5048
12.2952
7.52381
4.39048
6.08571
6.29524
8.12381
7.9619
10.8
9.48571
4.44762
7
6.01905
8.78095
8.65714
12.1238
7.14286
6.90476
4.31429
4.21905
6.80952
9.79048
4.82857
7.93333
8.24762
12.0667
8.05714
8.47619
6.71429
10.5143
5.02857
6.25714
5.14286
9.53333
12.5143
5.8
6.35238
5.98095
9.70476
6.81905
6.61905
6.88571
4.4381
5.11429
6.46667
4.62857
4.79048
6.04762
6.95238
8.60952
7.87619
8.61905
6.58095
4.19048
5.30476
6.05714
8.90476
6.39048
13.0952
5.19048
4.15238
9.55238
7.08571
7.54286
7.32381
8.4
6.52381
5.86667
8.58095
7.95238
10.0857
4.33333
8.41905
6.39048
4.50476
9.39048
8.48571
12.619
7.31429
6
8.4381
9.98095
7.98095
8.26667
4.24762
9
6.0381
10.3905
7.68571
7.75238
9.94286
10.0571
10.2095
7.60952
5.70476
6.75238
8.73333
6.71429
7.87619
6.06667
4.17143
5.55238
5.98095
8.41905
9.90476
7.53333
7.75238
9.27619
7.78095
7.91429
4.32381
6.05714
6.11429
6.31429
5.61905
4.17143
4.51429
4.34286
4.54286
5.1619
5.98095
4.17143
6.86667
6.57143
11.3905
7.92381
10.181
4.3619
8.69524
7.12381
9.20952
9.05714
12.2
4.87619
5.20952
4.38095
8.8381
6.8381
6.89524
4.46667
9.19048
10.1048
6.53333
7.98095
8.54286
6.93333
6.1619
10.6476
6.65714
4.44762
4.44762
7.72381
8.7619
8.55238
8.84762
7.60952
9.01905
8.01905
9.49524
5.60952
4.22857
7.87619
7.92381
5.73333
5.60952
4.14286
8.31429
8.64762
6.61905
6.4
7.32381
6.74286
6.77143
6.31429
4.19048
7.06667
6.9619
4.90476
8.17143
8.13333
8.44762
7.13333
4.39048
5.06667
4.78095
9.93333
8.55238
4.34286
4.45714
7.42857
5.58095
6.35238
6.06667
8.25714
8.8381
8.4381
9.35238
6.6381
4.27619
8.34286
4.19048
6.55238
11.1048
6.68571
7.78095
8.89524
8.3619
4.67619
5.29524
4.74286
8.52381
5.15238
5.08571
6.58095
4.27619
4.42857
4.5619
13.3714
8.3619
7.88571
4.92381
6.91429
6.86667
4.69524
5.6
5.86667
6.82857
5.62857
4.71429
6.33333
5.93333
10.1333
7.8
6.92381
11.5238
4.64762
8.53333
10.0667
7.65714
7.64762
8.09524
4.73333
8.32381
8.84762
8.04762
4.5619
4.9619
6.7619
9.08571
4.22857
4.81905
6.8381
9.75238
4.07619
8.9619
9.42857
4.14286
5.27619
10.0762
7.02857
6.61905
5.33333
8.33333
5.3619
5.12381
7.27619
4.31429
7.12381
9.65714
7.31429
7.65714
4.53333
8.48571
6.13333
6.82857
6.54286
4.57143
6.71429
6.14286
4.97143
7.92381
9.84762
5.25714
6.93333
9.55238
6.86667
6.31429
4.41905
4.35238
4.4
6.41905
7.21905
4.77143
5.33333
7.57143
6.88571
4.71429
8.3619
5.07619
5.49524
6.91429
5
7.6381
5.01905
7.2381
4.27619
7.29524
5.84762
6.31429
19.0667
8.18095
7.51429
8.04762
6.26667
7.22857
5.79048
9.19048
9.12381
7.6
7.13333
10.6762
9.28571
8.52381
7.35238
6.4
5.95238
5.66667
4.26667
6.60952
11.6762
6.58095
9.74286
9.79048
5.45714
8.80952
4.50476
9.01905
4.46667
5.7619
8.0381
7.11429
4.27619
6.21905
6.45714
5.21905
8.09524
6.77143
10.1333
7.82857
5.74286
7.71429
6.01905
6.8
11.0857
11.6
6.70476
8.97143
5.13333
5.7619
9.86667
5.38095
6.8381
7
6.89524
4.22857
8.82857
5.70476
6.48571
7.34286
4.48571
7.79048
7.55238
8.37143
9.89524
7.98095
8.0381
8.19048
9.1619
6.40952
6.37143
10.0667
6.40952
5.97143
5.21905
8.78095
6.34286
4.30476
6.57143
7.14286
8.58095
6.91429
5.22857
10.7048
7.82857
10.1905
10.5524
7.5619
9.40952
6.53333
6.94286
4.19048
8.0381
7.09524
8.6
7.45714
5.15238
6.48571
7.28571
10.6857
5.2
8.14286
5.08571
4.35238
5.41905
7.05714
9.2
4.17143
7.7619
5.64762
8.40952
4.99048
7.45714
7.84762
7.62857
6.13333
5.35238
6.97143
9.42857
12.4857
8.77143
6.04762
7.17143
4.26667
4.2381
4.34286
8.44762
5.4381
4.4
8.72381
8.49524
6.75238
7.44762
5.30476
5.84762
6.47619
4.32381
7.65714
4.32381
7.29524
10.7905
7.89524
9.84762
8.1619
6.7619
6.22857
6
4.58095
4.42857
6.79048
4.29524
7.41905
9.74286
9.51429
6.10476
7.95238
4.14286
5.86667
7.12381
9.58095
8.74286
6.95238
8.32381
5.70476
8.13333
7.07619
8.40952
7.69524
9.54286
5.21905
9.59048
5.44762
4.54286
8.55238
6.47619
6.7619
9.0381
5.50476
6.25714
7.26667
8.74286
10.3714
4.14286
9.14286
11.7524
6.9619
7.20952
12.7714
6.94286
7.12381
5.78095
6.42857
6.72381
8.87619
5.58095
9.34286
8.57143
8.06667
4.13333
5.98095
5.18095
7.25714
5.26667
7.90476
4.17143
7.95238
5.29524
10.2
6.06667
6.64762
7.6381
4.25714
5.86667
6.31429
5.2
5.50476
8.22857
5.26667
4.20952
7.18095
6.19048
7.20952
6.89524
7.34286
5.42857
7.87619
6.05714
5.70476
8.42857
4.35238
7.5619
6.60952
6.75238
6.42857
9.17143
7.70476
6.82857
6.11429
4.68571
7.60952
7.50476
5.80952
5.90476
5.81905
6.00952
7.30476
10.0476
8.31429
4.81905
9.38095
11.3238
6.37143
4.35238
8.64762
4.1619
9.52381
11.1048
7.4
8.59048
9.29524
6.41905
6.70476
6.33333
4.27619
8.05714
8.87619
7.7619
5.44762
8.14286
5.99048
8.32381
5.26667
8.49524
8.49524
4.44762
9.00952
8.5619
6.04762
9.07619
5.31429
6.2381
8.21905
6.10476
5.06667
10.8095
5.39048
5.04762
7.2381
4.79048
10.8095
6.4381
8.72381
9.2
4.79048
6.77143
8.08571
4.2381
10.5429
5.60952
8.79048
7.67619
10.4476
4.60952
6.49524
6.94286
6.87619
6.60952
8.24762
11.4095
7.72381
4.35238
8.04762
6.0381
9.88571
12.0667
6.68571
9.62857
8.08571
6.33333
8.27619
8.04762
5.45714
7.62857
5.5619
7.13333
5.42857
7.40952
5.77143
4.05714
9.20952
10.8667
7.97143
5.81905
5.61905
10.5429
7.62857
11.4571
10.3048
6.33333
6.19048
6.45714
8.44762
6.90476
8.57143
4.47619
4.39048
4.3619
10.3333
4.8
6.98095
6.57143
5.19048
6.73333
7.32381
7.4
8.73333
6.07619
4.4381
10.7905
4.29524
4.35238
7.69524
9.58095
6.53333
6.91429
10.4095
9.33333
12.2667
7.4381
9.27619
7.50476
9.71429
10.4476
4.22857
7.64762
7.66667
4.9619
4.3619
5.2
5.33333
5.77143
6.22857
5.89524
4.26667
9.62857
7.94286
8.55238
8.78095
7.44762
6.32381
4.2381
10.6857
9.66667
6.89524
4.92381
8.85714
7.2
7.67619
7.24762
9.20952
6.26667
7.6381
7.02857
4.74286
4.52381
8.67619
7.95238
8.46667
6.07619
4.28571
4.2381
12.4952
6.04762
5.31429
6.39048
10.6095
6.09524
5.53333
7.53333
4.1619
5.01905
11.5143
4.27619
4.73333
4.47619
7.2381
4.73333
6.9619
4.79048
8.37143
8.19048
6.19048
4.51429
9.27619
9.2
8.30476
4.05714
7.46667
7.0381
8.01905
9.11429
8.70476
6.06667
4.50476
7.07619
8.95238
6.78095
6.69524
6.93333
4.26667
5.87619
4.2381
5.1619
4.66667
7.37143
7.08571
4.81905
7.2381
9.57143
7.70476
4.32381
11.2286
7.9619
6.5619
9.19048
7.34286
7.5619
7.20952
4.18095
7.3619
8.67619
7.5619
9.94286
4.20952
8.34286
9.11429
4.67619
5.19048
10.8667
9.64762
4.09524
4.93333
7.94286
8.53333
6.2381
7.59048
8.55238
10.6
9.73333
9.49524
7.19048
12.619
7.0381
6.00952
4.41905
5.99048
10.1905
5.4
6.19048
10.8381
7.06667
9.51429
5.60952
4.22857
10.8762
6.78095
10.1429
12.6476
6.06667
5.24762
4.39048
8.37143
7.68571
6.20952
9.21905
4.41905
7.34286
8.99048
7.6
7.92381
10.1048
8.34286
8.00952
7.20952
7.28571
9.6
5.97143
10.0952
5.72381
6.46667
5.64762
6.90476
7.9619
5.01905
6.28571
6.77143
5.14286
4.51429
11.2095
4.13333
4.30476
5.49524
7.40952
7.85714
10.6476
7.32381
7.47619
8.47619
7.06667
5.6381
4.37143
8.35238
6.08571
4.90476
9.40952
4.5619
6.13333
8.8381
7.98095
6.74286
6.92381
7.72381
6.1619
4.25714
5.9619
5.04762
4.20952
8.35238
8.18095
5.6
5.5619
10.1333
9.3619
8.42857
7.53333
4.51429
6.27619
7.34286
6.66667
7.65714
7.29524
8.49524
9.69524
5.50476
5.60952
9.97143
7.9619
6.00952
6.21905
6.53333
6.07619
7.74286
5.24762
7.50476
7.78095
9.40952
9.26667
6.4381
10.8381
4.2
5.38095
8.00952
4.40952
8.50476
4.28571
10.219
7.12381
6.65714
7.38095
5.46667
8.10476
6.39048
4.21905
5.53333
7.51429
5.61905
8.02857
9.6
5.67619
6.10476
7.31429
5.86667
4.68571
4.86667
9.07619
5.69524
4.6
5.04762
7.78095
7.26667
5.80952
11.0476
8.2381
6.47619
8.8381
4.30476
6.39048
4.41905
9.93333
9.20952
10.9714
10.4952
8.20952
5.55238
4.61905
7.68571
9.58095
6.55238
8.33333
9.61905
7.57143
5.60952
10.5905
7.4
6.1619
9.81905
6.73333
5.54286
10.0095
8.8381
6
9.78095
4.90476
6.05714
8.89524
7.26667
7.06667
4.26667
10.381
6.26667
8.26667
9.14286
9.37143
9.65714
5.05714
6.33333
5.58095
6.09524
4.62857
11.3714
6.95238
4.37143
5.17143
5.5619
5.49524
6.4381
4.85714
5.44762
6.89524
7.2
5.18095
4.37143
6.41905
4.6381
7.28571
5.45714
8.4
7.31429
7.8381
7
5.39048
7.08571
11.7714
5.08571
6.95238
6.58095
6.73333
6.00952
11.0952
7.20952
4.49524
9.81905
7.22857
4.3619
4.77143
6.20952
7.47619
6.12381
5.80952
5.38095
12.2095
6.05714
4.3619
6.20952
10.4381
11.419
6.05714
7.80952
6.0381
12.4952
7.62857
8.08571
4.2381
9.24762
6.81905
10.8286
5.88571
5.64762
8.05714
7.09524
11.419
5.48571
5.45714
11.5048
6.22857
13.219
5.92381
6.46667
8.62857
6.25714
5.7619
8.4
7.90476
5.24762
10.7429
4.25714
5.62857
7.95238
6.10476
4.53333
9.37143
8.13333
7.48571
6.6
6.65714
10.7714
10.1429
5.11429
6.67619
4.11429
4.17143
4.29524
7.44762
11.6952
7.04762
7.89524
8.60952
6.61905
5.52381
8.81905
4.98095
7.22857
7.67619
4.25714
7.61905
5.44762
7.54286
4.21905
6.93333
8.00952
9.94286
7.05714
4.6381
4.6
7.01905
6.21905
9.47619
8.98095
7.4381
9.78095
7.48571
5
7.69524
7.21905
7.62857
7.72381
8.12381
6.20952
6.6381
8.17143
4.46667
10.5714
8.7619
9.41905
8.52381
9.08571
6.52381
9.8
8.28571
7.27619
6.66667
5.11429
4.39048
20.7238
6.40952
5.72381
8.55238
7
6.31429
9.02857
10.3333
5.75238
10.4667
7.69524
4.39048
4.48571
8.8
4.13333
4.28571
7.8381
8.24762
4.12381
6.04762
9.61905
7.06667
11.9524
10.6286
7.82857
4.22857
7.84762
4.89524
7.73333
5.81905
9.0381
7.21905
4.20952
5.5619
5.46667
5.49524
4.35238
4.11429
4.97143
6.17143
8.2
7.88571
4.62857
8.15238
7.48571
6.51429
6.49524
8.77143
4.58095
7.2
4.34286
9.11429
9.52381
8.5619
7.19048
6.80952
9.14286
9.27619
9.28571
5.22857
7.5619
8.15238
7.85714
4.45714
4.48571
5.60952
6.04762
7.78095
8.85714
9.87619
8.0381
7.44762
6.6381
4.4
8.50476
9.18095
6.09524
7.57143
8.77143
6.35238
8.35238
4.3619
4.10476
7.81905
7.49524
8.4381
4.37143
7.32381
8.42857
10.0381
6.2
11.6286
9.0381
4.34286
6.32381
11.6667
10.2571
6.6381
8.09524
9.08571
5.86667
6.90476
7.02857
6.42857
9.87619
7.33333
7.25714
8.1619
6.69524
10.2857
4.2
5.8381
5.50476
7.24762
7.46667
6.66667
7.91429
6.27619
5.50476
7.47619
6.20952
6.05714
4.28571
5.2
6.52381
6.27619
6.7619
4.6
6.66667
7.34286
8.27619
6.25714
8.13333
6.40952
4.86667
6.91429
6.38095
4.44762
6.90476
10.6952
6.6381
6.04762
6.1619
5.26667
7.02857
5.95238
5.99048
7.61905
7.61905
6.93333
9.01905
7.81905
6.21905
7.22857
6.72381
4.79048
7.52381
5.6
12.5048
6.6
5.4381
4.88571
4.35238
7.93333
4.15238
8.79048
9.64762
6.24762
6.82857
4.71429
8.79048
5.27619
7.32381
5.20952
8.33333
6.13333
4.35238
8.1619
9.8381
7.21905
7.34286
5.46667
4.21905
5.39048
6.1619
6.10476
7.00952
6.44762
5.28571
9.8
7.77143
8.8381
9.20952
8.93333
7.82857
8.40952
6.68571
12.5524
5.6381
8.01905
9.82857
7.1619
7.11429
5.80952
4.58095
4.33333
8.75238
4.74286
7.18095
4.34286
5.5619
9.32381
7.39048
8.89524
7.95238
4.26667
6.2381
7.45714
4.77143
4.99048
6.25714
6.98095
6.82857
6.94286
4.14286
6.62857
7.71429
4.4
5.48571
5.54286
6.68571
9.51429
6.49524
10.4
8.46667
7.28571
4.29524
5.86667
5.81905
4.30476
7.77143
4.32381
7.28571
10.5048
8.62857
9.49524
6.74286
5.14286
11.9143
4.28571
9.9619
9.66667
7.5619
6.34286
8.3619
9.84762
7.53333
4.19048
4.93333
7.4381
4.71429
8.4381
4.21905
6.89524
7.71429
8.10476
10.7238
10.781
9.20952
4.41905
6.30476
5.90476
8.79048
4.1619
4.86667
7.87619
8.91429
4.19048
5.39048
4.28571
4.85714
8.70476
9.99048
5.42857
7.92381
4.30476
8.44762
8.82857
4.8
4.4381
6.4381
7.10476
6.46667
12.7714
9.91429
4.32381
9
10.9429
4.12381
7.42857
5.68571
5.8
8.19048
4.48571
13.2857
6.45714
8.8
8.67619
4.18095
4.41905
12.2952
7.25714
6
11.8476
7.48571
4.42857
6.92381
5.50476
4.37143
9.50476
5.19048
6.88571
6.6381
7.32381
6.0381
5.50476
6.9619
8.0381
7.55238
9.81905
10.1238
6.91429
6.22857
13.1238
6
8.67619
7.77143
5.91429
4.61905
4.4
5.17143
7.45714
4.12381
8.53333
8.0381
5.73333
5.84762
4.11429
5.02857
6.42857
7.31429
7.80952
4.38095
5.64762
8.82857
10.2286
7.04762
7.08571
6.70476
11.1048
5.38095
5.97143
6.46667
8.95238
9.29524
8.05714
5.71429
8.05714
6.55238
7.75238
4.3619
4.34286
7.64762
6.21905
8.12381
6.27619
10.6
7.1619
5.4381
5.79048
6.74286
4.39048
7.0381
10.4
9.4381
7.79048
6.6381
8.72381
7.39048
7.38095
6.38095
4.37143
8.01905
5.2381
6.10476
7.33333
8.29524
7.12381
5.34286
6.48571
7.41905
8.13333
7.38095
8.49524
5.93333
4.87619
7.19048
5.41905
6.20952
4.3619
11.1429
4.26667
10.6667
8.95238
4.89524
4.92381
4.72381
9.9619
6.71429
9.53333
4.12381
5.98095
4.61905
8.2381
8.19048
7.20952
4.0381
8.0381
6.9619
7.57143
9
7.26667
9.30476
6.85714
6.05714
7.68571
12.5524
4.53333
10.3905
9.44762
5.29524
10.9619
7.93333
5.4
4.26667
9.6
6.41905
7.01905
4.26667
8.47619
5.09524
5.59048
4.08571
10.0286
10.1619
11.3524
5.31429
4.28571
8.86667
13.5429
6.17143
7.49524
7
9.70476
7.00952
6.2
6.40952
8.37143
4.38095
4.5619
8.51429
6.90476
10.3905
9.46667
10.9238
4.40952
5.27619
9.85714
4.52381
9.4
6.02857
8.34286
5.58095
10.2
8.58095
9.64762
4.38095
5.54286
9.77143
6.05714
5.99048
8.17143
8.17143
6.29524
6.6381
10.4
10.8667
5.73333
7.17143
6.34286
4.30476
8.78095
7.25714
9.0381
5
5.35238
7.81905
7.90476
6.73333
5.4381
4.24762
6.40952
6.00952
6.44762
5.40952
7.09524
6.59048
7.82857
5.42857
6.93333
5.60952
7.71429
8.12381
7.65714
7.42857
4.34286
11.019
5.05714
6.17143
5.55238
5.4381
6.17143
6.52381
7.41905
6.6
6.05714
9.92381
6.64762
4.30476
7.29524
5.53333
4.42857
4.31429
7.22857
5.99048
7.51429
4.33333
9.52381
5.71429
5.95238
4.60952
8.15238
6.4
8.29524
7.58095
5.27619
7.95238
5.98095
4.38095
5.46667
6.8
6.46667
8.20952
4.12381
4.27619
4.2381
7.59048
6.06667
6.84762
7.98095
6.44762
6.35238
7.30476
6.1619
6.14286
9.33333
7.09524
4.2
4.19048
4.84762
4.54286
6.0381
6.29524
6.14286
7.79048
8.8
7.51429
6.58095
9.33333
5.53333
7.73333
5.92381
7.48571
5.38095
7.39048
4.31429
9.64762
4.25714
5.42857
6.8
7.32381
4.14286
4.4
7.27619
7.17143
6.69524
5
11.7333
10.8762
8.99048
4.2381
5.78095
8.55238
4.18095
5.91429
6.13333
8.50476
10.0667
5.13333
4.19048
5.57143
6.44762
6.57143
11.1429
7.1619
5.99048
7
6.50476
8.69524
5.6
5.57143
6.19048
6.27619
5.25714
5.47619
7.34286
4.26667
6.00952
8.01905
7.15238
7.4
10.1905
7.2
8.2
7.9619
7.53333
7.67619
4.60952
4.41905
7.37143
10.3714
4.72381
7.34286
10.1524
7.05714
7.00952
4.20952
7.01905
6.67619
7.89524
9.86667
4.12381
7.35238
9.4
5.37143
5.44762
4.07619
8.0381
6.65714
5.20952
8.38095
7.08571
6.50476
4.22857
8.81905
11.9143
6.81905
8.32381
8.54286
4.22857
32.8952
5.21905
7.8381
6.47619
7.8381
10.1238
4.88571
5.28571
5.77143
4.10476
9.05714
4.30476
10.4
5.62857
9.09524
10.6381
4.45714
8.59048
4.48571
7.54286
6.33333
5.2381
6.04762
7.65714
8.38095
4.41905
8.33333
10.8857
9.59048
9.2
8.52381
11.7048
9.51429
8.73333
6.78095
6.00952
10.2571
8.4
6.57143
6.46667
9.35238
9.6381
7.06667
8.81905
4.35238
6.97143
8.22857
10.1333
4.39048
5.72381
4.86667
7.82857
6.78095
4.95238
8.95238
6.24762
6.50476
7.98095
10.1714
7.2381
5.80952
6.06667
5.55238
4.27619
6.00952
8.92381
4.1619
5.77143
8.8381
7.14286
5.77143
4.3619
5.34286
4.11429
6.22857
8.01905
9.21905
6.6381
5.59048
9.41905
7.6381
7.52381
4.7619
4.33333
4.24762
7.33333
8.06667
7.66667
8.18095
10.9048
6.4381
5.92381
5.82857
6.20952
10.0571
10.9143
7.20952
6.41905
4.66667
9.14286
5.1619
5.14286
9.46667
7.49524
6
4.55238
8.18095
7.70476
5.99048
6.67619
6.84762
6.68571
4.38095
6.66667
6.55238
5.00952
7.47619
6.21905
8.32381
4.33333
7.88571
4.24762
8.69524
7.14286
8.5619
8.74286
8.14286
8.08571
6.71429
9.71429
9.85714
5.26667
6.75238
4.46667
9.25714
8
7.10476
7.33333
9.69524
8.35238
5.69524
10.019
9.6
5.4
6.27619
7.69524
6.93333
6.42857
4.37143
5.82857
4.34286
10.4762
4.2
6.54286
9.98095
5.15238
5.02857
8
4.48571
7.90476
9
4.65714
8.15238
6.18095
5.62857
4.99048
8.21905
5.55238
6.59048
7.32381
8.57143
6.69524
8.32381
11.6667
7.5619
4.89524
4.2
9.92381
7.6381
6.09524
4.29524
5.7619
6.41905
8.32381
6.4
7.34286
10.4667
4.61905
9.81905
4.74286
4.49524
6.97143
4.73333
5.21905
4.52381
11.8
5.88571
4.54286
7.99048
6.12381
8.39048
5.22857
7.92381
7.24762
5.60952
6.31429
7.09524
6.45714
8.28571
4.28571
9.01905
4.59048
11.2476
4.47619
8.79048
6.58095
10.819
6.62857
8.21905
8.80952
6.07619
6.7619
5.65714
7.61905
10.5238
4.70476
4.80952
5.45714
6.6381
8.38095
7.08571
7
7.55238
4.2381
7.72381
7.81905
5.54286
8.12381
5.58095
8.37143
6.17143
6.9619
6.45714
9.12381
5.04762
7.09524
4.33333
4.2
6.04762
4.44762
11.5429
4.89524
6.66667
9.25714
4.35238
6.86667
4.99048
4.47619
4.29524
6.6381
5.12381
7.19048
4.2381
8.92381
5.78095
9.53333
9.26667
7.66667
8.26667
6.2
7.0381
7.58095
8.10476
9.2381
4.22857
7.77143
5.10476
9.20952
9.8
6.20952
5.86667
5.13333
9.5619
9.77143
6.95238
5.3619
6.71429
8.58095
6.61905
7.1619
9.58095
6.52381
6.99048
8.0381
5.31429
7.30476
7.5619
6.78095
8.9619
7.66667
8.02857
7.18095
8.54286
8.28571
6.38095
6.08571
4.21905
6.51429
4.39048
7.60952
12.4
6.2381
4.26667
6.25714
9.62857
6.99048
7.73333
7
6.57143
4.58095
9.81905
11.1619
9.95238
11.0381
7.57143
7.8381
6.75238
7.18095
8.99048
5.30476
9.38095
6.70476
7.92381
10.4952
6.57143
6.38095
4.15238
7.81905
6.17143
4.51429
7.11429
6.44762
10.7524
6
6.89524
7.64762
13.0286
4.19048
7.67619
7.49524
5.2381
7.99048
7.04762
7.62857
13.3429
8.08571
6.02857
6.62857
5.87619
8.30476
7.49524
4.51429
6.31429
6.2381
8.30476
4.45714
8.46667
9.15238
7.89524
8.42857
8.95238
4.44762
9.14286
7.0381
6.75238
6.67619
9.1619
8.9619
7.21905
5.4381
7.6381
7.42857
5.19048
9.51429
5.61905
12.3905
5.04762
9.01905
6.81905
5.39048
6.20952
5.5619
5.09524
7.02857
4.31429
5.6
4.18095
8.48571
5.69524
8.70476
7.01905
7.04762
5.34286
4.42857
5.01905
11.9524
5.64762
5
5.07619
8.58095
4.95238
9.9619
5.78095
4.1619
5.90476
8.27619
5.89524
9.06667
10.6476
7.74286
9.6
6.33333
5.7619
8.9619
6.81905
5.98095
8.88571
7.87619
5.82857
7.53333
5.45714
8.02857
11.2381
9.04762
6.24762
5.01905
6.20952
5.29524
5.40952
7.50476
4.41905
7.08571
11.4857
6.4381
6.1619
7.77143
5.19048
4.47619
9.6
10.4667
6.44762
5.86667
8.94286
4.14286
7.85714
4.61905
7.01905
9.74286
7.8
8.47619
4.39048
6.8
4.54286
4.51429
4.38095
10.4667
5.81905
6.53333
4.31429
7.62857
4.26667
6.54286
6.94286
4.02857
7.70476
8.67619
6.34286
7.51429
4.37143
5.53333
6.49524
4.21905
7.91429
6.4381
7.86667
6.17143
7.38095
7.6
6.9619
9.15238
9.06667
15.2667
8.75238
7.34286
7.78095
8.1619
8.15238
8.41905
7.45714
14.5429
7.22857
6.24762
6.71429
6.28571
9.2
5.49524
6.20952
5.01905
7.5619
6.92381
4.30476
6.17143
7.74286
6.6381
9.44762
8.8381
10.6952
6.80952
10.3238
4.4
6.29524
4.4381
7.13333
6.40952
9.8381
8.34286
10.4667
8.88571
7.50476
4.80952
4.42857
4.98095
7.40952
5.73333
8.17143
5.79048
9.06667
8.06667
8.80952
10.4952
6.15238
10.0571
6.9619
9.52381
8.90476
6.5619
8.02857
7.31429
11.181
6.62857
7.31429
4.8
7.44762
4.30476
7.90476
10.5333
5.87619
6.67619
6.09524
4.8
8.61905
5.50476
5.33333
5.37143
6.10476
8.99048
6.73333
7.44762
6.8381
6.17143
8.82857
4.33333
4.20952
7.13333
5.41905
6.05714
6.98095
9.87619
10.2952
7.28571
7.32381
7.21905
6.74286
4.30476
4.70476
10.9143
7.6381
6.65714
4.42857
5.14286
7.68571
10.2667
4.52381
5.35238
7.31429
8.2381
6.01905
7.32381
7.4381
7.57143
4.57143
4.40952
6.92381
6.84762
4.54286
4.19048
4.22857
6.10476
5.1619
6.5619
9.17143
4.92381
10.9619
6.86667
7.3619
4.24762
6.45714
6.59048
8.86667
10.3429
6.59048
8.27619
5.68571
8.14286
8.26667
5.73333
4.97143
7.81905
4.27619
6.39048
7.27619
5.85714
11.1238
9.07619
9.84762
6.47619
7.19048
4.26667
6.4381
4.60952
6.06667
4.38095
9.91429
6.49524
4.6381
4.49524
6.27619
7.90476
6.94286
6.37143
4.06667
8
8.08571
7.45714
7.55238
7.24762
4.99048
7.15238
8.65714
10.1048
4.28571
14.6571
4.97143
6.25714
7.19048
5.6
5.88571
7.01905
4.92381
9.8
6.45714
5.7619
6.6
4.3619
7.86667
6.91429
8.32381
6.42857
6.98095
8.7619
8.58095
10.0857
6.62857
4.21905
6.51429
4.30476
4.33333
7.18095
7.72381
9.2
5.95238
7.85714
4.45714
5.42857
9.12381
8.97143
4.29524
9.15238
8.53333
10.0952
7.60952
6.01905
8.02857
8.02857
5.04762
10.1524
5.10476
6.05714
6.84762
5.66667
10.1619
4.5619
7.44762
8.8
4.57143
9.55238
6.4
7.38095
10.0476
6.6381
4.45714
5.80952
5.8381
6.32381
5.31429
6.71429
5.71429
5.86667
4.44762
5.21905
6.75238
7.5619
6.39048
11.981
5.46667
4.17143
8.45714
4.26667
5.28571
7.30476
7.32381
7.55238
4.1619
8.64762
6.04762
5.8381
9.97143
11.2
5.04762
4.4381
7.70476
5.91429
7.01905
8.39048
4.42857
5.44762
4.49524
7.0381
6.47619
8.12381
5.99048
9.68571
4.2
6.25714
6.13333
14.9429
9.17143
5.99048
5.2
4.28571
6.17143
4.40952
10.0857
7.66667
9.45714
7.21905
6.47619
7.9619
8.8
5.5619
6.46667
10.6857
7.50476
4.87619
6.53333
6.50476
9.62857
6.9619
6.20952
6.89524
8.32381
9.07619
9.05714
9.77143
5.02857
7.62857
9.53333
6.80952
6.41905
4.1619
5.8381
4.6
5.68571
4.11429
9.92381
4.2
9.12381
11.7714
5.42857
9.71429
5.35238
7.21905
4.28571
5.5619
7.62857
4.35238
5.60952
8.33333
11.381
5.84762
8.79048
7.73333
10.2
9.00952
9.21905
4.69524
6.08571
7.60952
9.19048
7.59048
4.42857
5.71429
4.2
5.60952
5.08571
4.3619
7.39048
5.70476
9.07619
4.57143
9.98095
7.00952
7.64762
6.86667
9.87619
10.3238
6.12381
5.6381
7.79048
6.30476
8.52381
4.29524
4.17143
6.64762
4.47619
6.48571
7.92381
8.89524
6.78095
7.62857
11.3143
6.12381
7.91429
6.73333
8.09524
8.71429
8.07619
8.9619
13.0667
9.29524
5.61905
5.35238
6.38095
7.88571
7.28571
9.00952
7.15238
4.27619
8.55238
11.9429
8.3619
5.21905
8.07619
8.66667
7.58095
6.87619
7.55238
9.6381
4.13333
8.29524
4.22857
7.95238
7.80952
6.60952
5.4381
8.81905
6.7619
9.46667
9.65714
4.44762
7.80952
7.94286
10.0571
10.9524
8.27619
6.07619
5.22857
4.60952
8.20952
9.97143
4.39048
8.97143
12.5619
9.97143
10.981
8.18095
5.8
7.8
6.25714
4.46667
5.3619
4.98095
6.75238
4.59048
4.24762
4.45714
6.06667
7.20952
11.2286
7.13333
4.28571
5.6
7.67619
6.69524
4.24762
4.49524
8.78095
7.62857
9.18095
7.94286
7.3619
7.9619
7.6381
7.57143
7.80952
8.02857
10.981
7.88571
10.5429
6.64762
6.87619
4.26667
5.09524
6.69524
10.8476
6.5619
9.78095
7.58095
6.46667
7.32381
8.3619
5.26667
4.37143
5.22857
5.2381
4.13333
6.90476
4.42857
4.52381
5.46667
9.54286
9.26667
5.77143
6.06667
4.40952
4.21905
6.11429
5.59048
6.26667
9.58095
4.20952
8.53333
5.69524
5.5619
5.79048
4.19048
12.0476
6.60952
10.9619
7.34286
6.95238
6.88571
6.48571
6.84762
7.19048
9.60952
6.15238
6.88571
4.61905
7.21905
7.9619
4.48571
9.08571
9.9619
5.21905
5.78095
4.22857
4.34286
8.14286
9.79048
7.02857
6.9619
6.28571
6.2381
12.0667
8.4
6.4
5.51429
10.4857
4.32381
6.57143
9.09524
5.39048
4.29524
5.60952
8.14286
5.98095
7.52381
6.13333
8.51429
6.72381
6.35238
4.65714
4.37143
9.12381
7.5619
7.88571
7.2381
6.45714
5.70476
5.46667
9.27619
6.06667
4.62857
6.04762
8.97143
4.62857
5.2381
7.9619
4.18095
4.17143
5.89524
7.05714
8.24762
9.54286
5.82857
9.46667
4.91429
8.88571
5.54286
9.97143
6.69524
4.35238
4.1619
4.31429
5.5619
5.25714
5.20952
5.89524
13.1714
7.40952
7.18095
12.9238
9.38095
5.32381
11.5619
8.00952
7.79048
10.0381
5.49524
9.87619
8.57143
4.71429
8.33333
7.34286
11.4476
10.6952
5.46667
6.27619
7.33333
7.2381
7.71429
5.13333
5.22857
5.47619
10.7905
6.58095
4.21905
8.48571
6.41905
4.57143
6.5619
6.65714
6.14286
9.41905
9.32381
4.42857
5.39048
5.69524
7.72381
6.32381
7.91429
7.51429
9.67619
9.44762
7.99048
6.98095
4.32381
6.91429
7.5619
7.2
8.80952
4.08571
6.67619
7.71429
8.99048
7.6381
4.44762
9.32381
6.00952
13.8571
7.32381
10.5619
6.84762
5.98095
6.8381
10.4571
4.29524
8.18095
7.66667
4.35238
6.02857
10.2952
7.6381
4.38095
4.73333
5.71429
4.06667
10.3333
7.50476
6.58095
12.2476
7
10.5048
12.2667
8.09524
8.71429
4.47619
6.0381
7.92381
5.00952
6.50476
6.85714
6.48571
5.82857
4.53333
7.20952
7.78095
4.4381
5.69524
8.05714
7
5.98095
8.65714
6.26667
10.6762
7.29524
4.35238
7.85714
7.2381
7.90476
6.3619
6.91429
6.46667
11.9143
8.08571
9.40952
7.61905
9.2381
6
6.58095
12.5048
6.70476
6.47619
5.46667
4.84762
5.09524
6.80952
4.94286
6.27619
4.07619
5.89524
6.07619
5.09524
7.84762
6.99048
7.05714
6.75238
7.74286
8.99048
7.12381
6.72381
4.27619
5.35238
12.1524
5.58095
4.48571
5.8
5.47619
10.6286
4.37143
6.08571
7.53333
6.17143
8.99048
5.44762
6.51429
4.17143
6.3619
4.2381
5.50476
7.17143
6.80952
8.17143
7.50476
5.4
5.53333
9.18095
6.32381
8.25714
5.01905
8.71429
9.01905
7.64762
6.67619
7.3619
8.22857
5.69524
7.89524
8.29524
5.51429
7.49524
8.34286
7.37143
8.67619
6.08571
5.8381
6.3619
4.12381
5.78095
4.54286
7.64762
12.4571
4.2381
7.60952
5.06667
7.99048
8.19048
8.22857
7.25714
9.50476
5.84762
4.39048
6.20952
7.20952
7.87619
7.26667
9.64762
4.71429
8.25714
6.95238
4.62857
10.181
6.35238
4.4381
5.10476
4.31429
6.2
5.7619
6.11429
7.95238
10.7524
6.02857
8.8381
7.20952
6.27619
6.01905
8.33333
9.4381
4.50476
9.4381
4.12381
8.06667
5.64762
11.6571
10
6.59048
7.4
7.82857
9.5619
4.34286
4.10476
5.61905
7.2
5.01905
8
7.45714
5.28571
9.38095
5.55238
5.74286
4.25714
6.20952
4.94286
9.72381
6.88571
6.77143
8.90476
6.1619
6.12381
6.88571
8.06667
7.22857
8.5619
4.19048
6.51429
4.93333
7.19048
5.80952
4.2381
8.46667
5.01905
4.2381
6.41905
5.8381
4.49524
5.47619
6.45714
4.70476
8.75238
4.04762
8.1619
5.5619
8.6381
6.1619
7.53333
4.00952
7.15238
7.09524
6.95238
8
7.85714
5.07619
6.6
5.55238
4.33333
7.86667
10.5048
6.91429
4.22857
7.00952
6.33333
5.11429
7.78095
4.27619
4.35238
10.4286
12.7333
9.19048
9.2381
9.55238
6.3619
4.27619
5.27619
5.74286
8.00952
4.26667
11.3714
7.52381
8.69524
6.22857
4.40952
9.05714
4.41905
9.67619
5.35238
7.33333
6.82857
5.47619
7.75238
6.18095
4.37143
4.3619
4.08571
6.39048
6.8
4.51429
6.50476
6.06667
10.2857
4.53333
7.6
5.8
4.65714
4.73333
9.98095
11.8857
5.01905
5.58095
6.67619
8.98095
8.62857
4.61905
7.51429
7.24762
8.40952
5.24762
4.97143
7.13333
9.78095
10.7333
7.18095
9.17143
5.86667
5.70476
7.14286
5.55238
7.66667
6.4
5.99048
4.95238
8.41905
7.14286
4.20952
7.01905
4.47619
6.97143
7.92381
6.22857
7.12381
11.7524
9.26667
7.3619
5.39048
6.4
5.93333
6.91429
6.30476
9.64762
11.0857
5.8
6.68571
9.68571
6.75238
7.29524
8.58095
5.92381
6.06667
5.99048
10.5238
4.24762
6.99048
6.19048
6.15238
7.2381
7.50476
6.19048
5.46667
4.46667
5.21905
6.53333
5.82857
4.20952
5.00952
4.71429
6.04762
5.3619
9.1619
7.47619
4.41905
8.33333
5.25714
7.54286
4.55238
7.37143
9.09524
7.07619
5.80952
4.69524
6.14286
6.85714
5.40952
5.69524
4.81905
5.11429
6.87619
9.48571
6.19048
5.49524
5.80952
5.48571
7.08571
10.5143
5.04762
4.92381
7.32381
7.66667
7.3619
6.25714
4.08571
4.2381
9.6
5.65714
10.0952
6.04762
7.62857
5.46667
6.98095
6.04762
8.07619
8.47619
7.5619
12.2
6.53333
7.80952
6.3619
4.28571
4.18095
9.22857
8.52381
6.48571
5.15238
7.90476
6.10476
7.32381
9.1619
4.17143
6.6381
5.68571
5.79048
7.87619
7.08571
8.14286
9.13333
5.38095
6.7619
4.74286
4.30476
4.40952
4.84762
9.21905
4.28571
7.6
5.42857
5.22857
5.68571
4.39048
6.2381
12.1619
5.21905
4.28571
5.70476
7.22857
10.0095
9.94286
9.4
5.92381
9.07619
5.6
7.95238
4.15238
6.62857
5.34286
4.32381
6.09524
8.67619
5.37143
6.53333
7.21905
6.55238
6.4381
5.42857
8.88571
6.30476
6.79048
6.68571
7.5619
7.08571
5.88571
9.84762
6.59048
10.3524
6.13333
5.40952
8.6381
10.0286
7.58095
6.06667
5.19048
9.06667
5.65714
4.09524
10.5238
5.25714
7.12381
4.42857
9.44762
10.3333
7.48571
8.6381
5.8
10.4476
6.86667
7.1619
9.04762
9.22857
5.86667
4.10476
4.94286
7.89524
7.80952
7.09524
4.37143
6.52381
7.00952
8.25714
8
7.6
8.62857
10.2667
8.47619
8.14286
4.52381
6.02857
7.66667
7.6381
5.18095
5.69524
4.64762
5.91429
5.94286
4.15238
7.00952
4.33333
7.69524
5.28571
4.92381
4.44762
6.1619
5.35238
5.53333
8.00952
10.7619
6.53333
4.74286
12.0762
7.29524
9.88571
6.01905
8.75238
4.51429
6.8
6.91429
5.49524
7.19048
6.62857
4.25714
5.47619
7.07619
5.73333
5.49524
7.0381
6.67619
7.48571
4.44762
9.94286
7.40952
4.94286
4.59048
6.73333
6.40952
9.10476
4.33333
7.07619
4.59048
9.44762
5.40952
6.24762
5.47619
7.75238
8.98095
4.3619
9.84762
5.38095
7.95238
11.6476
4.20952
4.57143
8.31429
7.49524
7.79048
6
4.44762
4.6
7.7619
4.21905
8.31429
4.73333
8.93333
5.47619
8.29524
4.55238
7.77143
6.7619
9.1619
4.75238
9.88571
9.6
5.61905
10.6571
6.11429
4.12381
4.31429
9.39048
10.581
7.29524
7.69524
6.41905
7.94286
4.39048
8.98095
5.65714
5.90476
7.95238
7.52381
7.54286
7.33333
5.18095
6.33333
7.99048
6.18095
5.52381
8.0381
8.66667
9.14286
9.31429
8.52381
9.29524
8.55238
11.4571
6.68571
6.25714
8.91429
4.42857
4.3619
4.49524
12.1429
6.25714
7.68571
6.58095
8.8
4.32381
5.71429
5.38095
6.28571
5.89524
9.8381
9.09524
5.86667
7.48571
4.77143
4.41905
4.53333
5.47619
6.78095
5.67619
6.69524
9.97143
8.57143
10.4952
4.6381
4.33333
8.09524
4.68571
7.09524
4.37143
4.38095
4.47619
8.59048
4.09524
4.25714
5.4381
5.55238
6.26667
7.10476
6.19048
6.79048
7.30476
7.98095
9.0381
9.50476
7.40952
6.67619
11.2857
6.0381
5.78095
6.1619
10.5429
7.20952
4.72381
6.34286
4.12381
8.65714
10.6857
10.2095
8.06667
5.90476
6.18095
4.68571
5.85714
5.72381
4.49524
4.11429
4.78095
6.49524
6.55238
9.0381
4.42857
7.14286
7.80952
6.53333
5.82857
6.12381
8.49524
5.55238
6.35238
8.8
8.32381
4.61905
11.5048
7.39048
7.59048
5.39048
6.46667
7.28571
4.89524
10.4476
10.1905
4.07619
4.59048
6.09524
8.2381
10.2571
9
6.48571
5.95238
7.17143
6.24762
9.44762
6.69524
9.82857
7.85714
5.47619
5.54286
6.58095
9.99048
5.3619
4.32381
7.87619
5.33333
7.17143
5.67619
6.26667
4.6381
6.21905
5.26667
6.17143
4.10476
9.50476
6.1619
6.86667
9.08571
4.49524
8.46667
7.50476
9.19048
9.7619
9.18095
6.58095
4.26667
4.15238
5.35238
6.8381
6.09524
7.70476
9.59048
9.28571
8.85714
6.87619
4.3619
4.74286
6.15238
5.67619
5.22857
4.52381
5.45714
5.22857
7.66667
7.19048
4.52381
7.5619
9.48571
4.9619
10.0952
6.71429
9.39048
6.50476
7.68571
7.1619
8.69524
12.2857
8.3619
6.97143
7.0381
4.6381
6.94286
4.73333
5.82857
4.61905
5.45714
6.51429
8.12381
6.31429
7.24762
4.37143
4.21905
6.87619
5.59048
8.78095
9.26667
5.21905
5.65714
8.48571
5.7619
8.21905
6.01905
6.47619
5.8381
4.24762
5.62857
5.81905
6.51429
7.20952
4.3619
4.39048
6.70476
4.81905
6.51429
5.15238
4.35238
6.70476
6.4
7.35238
7.73333
9.66667
4.98095
4.51429
5.99048
9.38095
6.90476
4.33333
6.69524
7.71429
6.08571
6.75238
5.4381
7.27619
7.27619
6.5619
4.40952
7.39048
4.27619
4.55238
6.1619
4.79048
6.17143
7.98095
8.89524
5.48571
4.38095
9.35238
4.4381
8.5619
8.88571
5.19048
9.69524
7.42857
4.82857
4.6381
8.50476
4.59048
5.30476
10.4286
9.37143
6.90476
5.58095
5.61905
6.90476
5.69524
4.32381
9.93333
10.1429
8.59048
4.37143
6.44762
8.04762
8.20952
5.05714
6.34286
10.1333
12.5714
5.45714
9.5619
10.3143
4.35238
6.73333
7.87619
8.65714
4.40952
8.05714
4.53333
6.6
9.89524
5.91429
5.5619
6.54286
6.06667
4.72381
8.4
6.40952
5.27619
6.31429
6.2381
6.6381
5.65714
8.52381
4.26667
9.04762
6.07619
7.38095
7.14286
8.0381
4.51429
4.2381
4.1619
4.73333
8.37143
7.39048
5.46667
4.41905
5.37143
4.30476
9.66667
5.05714
6.78095
4.99048
11.3333
8.10476
4.86667
5.77143
7.92381
8.72381
4.80952
4.29524
4.28571
4.50476
6.21905
4.57143
7.55238
11.1619
4.22857
11.0667
13.581
4.50476
6.51429
6.84762
4.62857
6.78095
7.08571
5.4
7.15238
5.4
8.47619
6.85714
7.50476
8.31429
8.67619
4.4
9.93333
6.80952
10.8857
4.26667
11.6476
10.9238
9.85714
11.0952
5.8381
4.5619
4.79048
5.89524
5.39048
7.22857
7.44762
5.28571
4.41905
4.29524
5.99048
4.42857
6.44762
11.0952
4.42857
4.28571
7.62857
8.17143
10.7238
9.41905
10.5714
6.84762
5.38095
7.26667
8.7619
6.66667
7.81905
6.60952
9.68571
5.21905
9.97143
5.13333
4.37143
5.59048
4.25714
4.07619
4.64762
7.08571
6.26667
4.13333
9.08571
9.0381
6.26667
7.22857
6.00952
6.06667
7.47619
10.1619
5.98095
6.07619
7.6
9.99048
8.04762
4.59048
7.68571
5.86667
8.29524
8.65714
6.19048
8.46667
7.45714
5.32381
7.26667
5.94286
7.40952
7.97143
10.0857
6.4
10.0381
8.17143
5.86667
5.28571
4.49524
6.71429
7.7619
8.75238
6.01905
8.5619
4.33333
6.44762
6.0381
8.41905
7.38095
4.6381
8.4
6.72381
8.90476
7.75238
5.82857
4.71429
4.35238
6.65714
4.38095
6.84762
4.41905
7.42857
4.61905
4.3619
4.35238
5.42857
13.7333
8.87619
5.99048
5.38095
6.01905
4.58095
5.61905
8.44762
8.80952
4.39048
4.26667
6.72381
9.13333
6.33333
7.78095
6.82857
7.80952
6.4
7.18095
7.06667
7.3619
6.87619
7.1619
8.55238
4.34286
4.10476
6.93333
4.24762
6.8
7.6381
11.5048
9.28571
8.00952
6.05714
9.49524
10.1619
4.2381
4.1619
7.57143
4.4381
9.11429
5.65714
10.1524
8.70476
7.21905
7.57143
6.11429
4.30476
9.6381
6.71429
5.57143
4.22857
6.04762
4.61905
5.2
6.68571
10.3143
8.09524
10.1619
5.85714
5.53333
6.3619
10.8
5.71429
8.19048
9.11429
7.64762
9.05714
7.38095
10.4286
6.55238
4.19048
5.64762
15.2952
7.97143
8.70476
9.98095
7.92381
4.69524
5.31429
6.39048
9.57143
4.71429
10.381
11.019
8.2381
7.4
8.81905
5.49524
7.10476
4.57143
7.6381
13.181
5.75238
4.22857
9.89524
6.51429
8.1619
4.52381
6.52381
6.87619
10.9333
8
12.2381
7.27619
6.94286
6.6381
5.55238
8.4381
10.3238
6.12381
4.18095
6.64762
5.7619
8.64762
7.0381
5.24762
4.31429
4.82857
4.28571
5.72381
5.31429
6.68571
5.3619
7.62857
4.39048
6.90476
5.20952
4.38095
4.19048
10.6286
4.13333
6.71429
4.68571
6.38095
8.41905
5.99048
6.01905
6.01905
8.44762
5.82857
6.60952
4.55238
9.20952
4.53333
7.80952
5.82857
4.15238
5.84762
8.44762
9.90476
6.10476
7.72381
8.41905
12.7143
5.28571
8.06667
4.4381
4.1619
4.30476
5.7619
9.48571
4.61905
7.86667
4.1619
4.70476
8.98095
6.88571
5.67619
10.2095
4.4381
4.6381
6.77143
8.44762
4.67619
5.79048
5.8
5.1619
5.85714
6.2381
8.72381
6.15238
5.18095
4.35238
4.25714
4.5619
7.10476
6.22857
6.49524
9.38095
6.92381
6.67619
4.97143
5.59048
10.4381
6.00952
6.89524
5.6381
6.22857
7.38095
7.2
4.64762
5.77143
4.85714
7.4381
4.15238
12.6
7.86667
4.51429
7.17143
4.47619
7.5619
4.8
4.21905
7.54286
9.44762
8.46667
7.91429
4.40952
6.11429
5.41905
4.88571
8.41905
7.74286
6.26667
6.6381
5.7619
7.98095
5.50476
6.78095
6.13333
5.4381
4.14286
4.54286
4.32381
5.52381
4.79048
5.82857
7.92381
11.3143
4.40952
4.89524
4.66667
7.70476
5.34286
4.2381
6.18095
5.75238
5.82857
4.88571
5.7619
4.3619
4.28571
8.27619
6.2
4.48571
5.98095
6.3619
9.20952
4.2
4.8
7.86667
6.2
9.67619
5.26667
7.70476
5.57143
8.75238
9.29524
10.1429
5.40952
6.67619
11.1714
6.74286
6.6
10.5714
7.8
7.69524
10.9619
6.33333
4.66667
7.65714
7.65714
5.78095
4.39048
8.80952
6.51429
13.2
9.35238
7.01905
10.4952
7.92381
10.2762
5.94286
6.4381
8.99048
7.39048
5.87619
9.80952
9.57143
6.53333
6.35238
8.15238
7.00952
7.74286
6.2
5.84762
10.6762
4.38095
5.7619
4.37143
4.26667
7.52381
8.66667
7.33333
6.78095
4.70476
7.74286
4.20952
10.3905
10.4286
9.21905
9.8381
5.47619
7.62857
6.57143
6.5619
8
7.40952
4.41905
4.98095
6.47619
9.41905
7.69524
8.05714
9.34286
4.27619
4.08571
4.15238
8.68571
5.33333
7.13333
4.34286
7.11429
7.35238
5.84762
7.58095
5.29524
10.2095
7.85714
8.04762
4.3619
8.77143
7.6
8.33333
7.87619
8.86667
7.08571
4.5619
6.35238
6.39048
6.70476
9.28571
7.26667
7.98095
10.181
4.79048
5.65714
8.66667
4.2381
6.37143
4.79048
4.14286
5.5619
5.62857
4.5619
6.81905
4.3619
6.18095
4.2
8.17143
7.19048
4.80952
8.04762
4.24762
5.8
5.00952
7.4381
6.6381
6.28571
7.69524
4.53333
4.37143
4.21905
6.90476
6.60952
6.81905
6.54286
4.50476
6.30476
7.27619
7.58095
5.20952
4.4
7.17143
5.9619
4.2381
6.44762
6.71429
6.5619
6.52381
6.72381
7.72381
6.09524
4.40952
6.18095
9.77143
8.21905
9.27619
6.14286
5.31429
6.82857
4.15238
6.57143
5.0381
8.18095
5.4381
6.54286
6.94286
7.1619
5.0381
5.57143
8.95238
4.44762
7.09524
5.92381
6.75238
8.97143
6.19048
5.67619
4.58095
5.52381
5.89524
4.62857
6.40952
4.91429
5.77143
4.4
8.17143
10.9619
8.60952
7.50476
10.9524
4.54286
5.52381
4.44762
5.88571
9.87619
6.95238
9.80952
7.52381
9.30476
7.8381
7.2
6.94286
6.98095
7.74286
8.20952
4.28571
5.60952
7.54286
15.3048
6.5619
7.49524
5.97143
4.64762
7.85714
5.37143
4.22857
6.88571
9.38095
6.59048
10.2381
4.31429
4.98095
6.82857
7.42857
4.54286
6.73333
5.99048
17.6571
8.54286
6.27619
8.87619
6.8381
7.38095
7.77143
5.11429
7.0381
4.74286
7.2
4.94286
7.93333
7.15238
8.28571
8.71429
10.5524
5.86667
4.1619
5.81905
4.42857
7.9619
9.31429
4.58095
8.52381
4.58095
5.95238
8.61905
6.80952
6.33333
7.92381
4.6
4.84762
5.08571
5.77143
6
7.41905
6.17143
7.38095
5.1619
9.3619
4.58095
4.2381
4.53333
4.75238
6.39048
5.94286
5.80952
8.55238
6.1619
4.28571
4.4
4.75238
4.10476
4.4381
5.89524
8.80952
11.4857
4.92381
6.48571
5.91429
9.15238
6.41905
5.72381
11.019
4.22857
9.08571
13.0095
9.28571
8.33333
4.24762
4.29524
4.31429
4.2381
9.47619
11.8286
8.71429
9.58095
5.79048
11.5238
8.71429
9.1619
6.99048
9.97143
4.62857
10.981
4.31429
7.94286
6.57143
8
7.81905
5.80952
4.20952
7.34286
5.31429
4.18095
4.60952
4.75238
5.26667
7.49524
5.82857
9.60952
4.45714
7.50476
10.619
4.26667
7.51429
7.75238
6.78095
4.62857
5.31429
7.39048
6.25714
5.08571
5.2
8.89524
6.06667
8.79048
9.88571
11.1143
5.98095
6.53333
5.97143
11.2
6.9619
6.25714
6.8
4.6
6.57143
8.62857
5.72381
6.66667
6.22857
15.9524
7.6381
4.33333
4.39048
4.44762
7.20952
7.71429
4.54286
5.95238
4.57143
4.22857
6.72381
5.1619
6.91429
4.20952
10.6476
8.39048
4.28571
5.31429
5.95238
11.2
4.44762
7.14286
6.95238
6.31429
6.8
11.1333
9.11429
6.1619
6.09524
4.31429
4.30476
4.47619
5.34286
8.07619
7.33333
6.01905
8.67619
6.24762
5.15238
7.72381
6.68571
4.92381
6.11429
9.89524
5.52381
4.31429
6.15238
8.14286
7.30476
6.81905
4.51429
5.28571
4.01905
4.58095
7.01905
6.44762
4.49524
8.04762
6.5619
10.2762
4.40952
4.37143
4.41905
4.34286
10.981
7.75238
6.0381
4.34286
4.2381
7
5.55238
5.62857
4.17143
4.50476
6.85714
6.09524
4.19048
7.09524
5.92381
8.75238
6.25714
4.47619
8.71429
4.41905
8.9619
8.01905
9.4
6.74286
8.38095
4.64762
7.40952
6.12381
7.08571
7.69524
7.95238
5.97143
6.97143
6.15238
9.7619
9.90476
4.38095
6.10476
8.45714
5.31429
6.97143
5.69524
4.2
6.2
4.22857
6.3619
6.9619
5.15238
7.8
6.38095
6.69524
4.4381
10.2381
4.52381
4.22857
6.30476
6.8381
9.31429
4.40952
7.20952
7.55238
8.42857
10.619
4.42857
4.24762
8.33333
5.78095
8.78095
6
4.84762
6.98095
11.6476
7.22857
7.75238
5.2381
8.59048
6.4
7.06667
7.89524
6.48571
4.32381
7.74286
5.38095
6.91429
8.25714
4.06667
4.24762
4.42857
4.6381
4.05714
8.49524
7.14286
6.80952
6.3619
5.59048
6.33333
7.60952
3.18095
3.7619
6.29524
6.29524
5.15238
5.53333
6.0381
3.4
4.87619
3.21905
5.7619
7.6381
7.61905
5.0381
3.49524
3.37143
4.97143
3.28571
5.46667
3.49524
3.40952
3.12381
6.17143
5.85714
4.51429
7.68571
4.67619
4.59048
8.8
6.50476
4.48571
3.12381
3.39048
4.61905
9.07619
4.73333
6.86667
4.4381
4.66667
4.9619
6.10476
3.33333
4.46667
6.7619
6.62857
8.94286
5.01905
4.78095
4.78095
4.5619
6.6381
7.84762
4.58095
6.06667
5.27619
3.6
3.18095
4.50476
5.21905
6.52381
3.39048
4.17143
6.2381
8.86667
3.35238
7.55238
6.94286
3.35238
3.32381
3.25714
10.1429
5.30476
6.37143
7.61905
4.79048
5.41905
5.4381
6.44762
9.32381
8.50476
6.62857
7.05714
9.09524
5.1619
5.45714
5.26667
3.02857
3.18095
5.65714
3.88571
6.2
3.38095
3.27619
3
6
5.38095
3.21905
4.68571
4.84762
3.35238
6.57143
6.09524
4.98095
3.17143
5.32381
7.95238
3.38095
3.64762
6
8.52381
7.8
3.05714
4.92381
4.65714
6.73333
3.29524
3.31429
4.17143
3.13333
4.24762
5.44762
4.60952
5.39048
5
6.62857
3.41905
4.61905
4.20952
5.00952
5.33333
5.40952
4.58095
3.70476
6.05714
6.17143
5.3619
3.40952
3.2381
3.7619
4.64762
4.8381
3.1619
7.0381
5.58095
5.20952
3.08571
7.47619
3.09524
5.86667
3.3619
3.41905
4.67619
4.2
3.30476
5.65714
4.7619
4.89524
4.08571
5.12381
5.34286
3.28571
4.34286
3.49524
8.52381
6.65714
4.5619
3.50476
4.41905
6.02857
7.2
6.06667
5.85714
3.29524
8.68571
9.71429
3.58095
4.14286
7.22857
4.2
6.53333
4.82857
6.70476
3.66667
6.40952
3.32381
5
3.40952
3.12381
3.34286
6.75238
3.19048
4.37143
4.54286
3.50476
5.53333
17.9048
4.48571
3.84762
3.52381
7.2
3.59048
5.34286
3.34286
5.30476
3.48571
5.58095
7.4
4.9619
8.99048
5.04762
4.3619
5.46667
4.65714
3.4
5.70476
4.34286
7.58095
4.95238
8.04762
5.9619
3.06667
8.71429
4.04762
5.9619
3.37143
3.38095
5.21905
5.11429
5.07619
3.1619
4.89524
6.25714
6.72381
4.73333
4.8381
4.90476
5.74286
6.15238
7.06667
5.91429
3.55238
3.2
7.72381
8.04762
5.62857
3.53333
6.97143
4.4
4.81905
3.46667
12.4
3.12381
7.05714
3.13333
5.79048
5.25714
12.7048
3.2381
4.47619
3.12381
4.26667
6.18095
9.53333
4.05714
3.18095
10.2952
4.47619
3.37143
6.79048
6.68571
5.4
7.15238
5.3619
6.78095
4.55238
5.58095
7.15238
8.85714
5.49524
5.60952
3.4381
3.17143
5.88571
4.72381
8.29524
5.61905
3.18095
3.66667
3.08571
3.08571
5.92381
3.47619
7.6
3.31429
5.35238
4.98095
6.72381
4.33333
7.6381
5.64762
4.79048
3.10476
6.90476
6.13333
4.62857
3.80952
3.19048
4.87619
5.52381
5.54286
8.10476
3.11429
6.82857
3.19048
3.0381
5.19048
3.7619
3.29524
8.40952
3.22857
3.20952
3.07619
3.11429
3.45714
3.5619
5.18095
3.2381
3.4381
3.2
3.19048
3.4
5.54286
4.8381
3.3619
4.98095
6.8381
3.42857
5.25714
6.79048
4.58095
6.1619
3.28571
7.71429
4.9619
3.27619
7.00952
3.92381
4.78095
6.35238
3.39048
6.02857
5.08571
6.58095
5.86667
5.8
7.57143
9.68571
3.22857
8.59048
4.3619
6.24762
10.6476
8.52381
5.06667
4.42857
5.41905
3.01905
3.19048
3.30476
5.11429
5.88571
3.24762
4.90476
3.0381
8.86667
5.52381
7.2381
7.35238
7.69524
10.9905
3.12381
5.39048
3.2
5.49524
6.32381
5.92381
3.20952
6.40952
3.2381
4.78095
4.64762
5.85714
9.85714
7.28571
6.39048
5.60952
28.5905
7.05714
5.21905
3.46667
3.09524
3.27619
4.18095
6.60952
8.06667
5.90476
5.01905
7.31429
3.22857
5.75238
3.47619
3.24762
3.19048
3.15238
8.87619
3.44762
7.26667
4.85714
7.33333
5.07619
6.77143
4.81905
4.3619
5.12381
4.30476
3.1619
6.5619
6.77143
8.46667
3.27619
3.26667
4.99048
4.98095
7.0381
4.41905
5.17143
5.13333
7
8.45714
3.65714
3.42857
5.21905
5.18095
3.35238
6.77143
3.1619
8.10476
6.40952
5.08571
3.5619
5.66667
3.22857
5.72381
3.72381
3.42857
5.32381
5.07619
5.1619
4.98095
6.39048
6.04762
4.80952
3.09524
5.24762
5.46667
6.71429
5.79048
8.9619
5.99048
3.25714
4.84762
3.2
7.0381
4.70476
6.59048
3.30476
4.12381
4.54286
4.42857
3.22857
3.59048
3.3619
5.08571
4.82857
4.75238
6.48571
7.8381
4.34286
4.5619
4.48571
6.82857
4.87619
3.13333
5.8
4.30476
3.3619
4.31429
3.1619
3.18095
7.06667
7.15238
4.45714
4.21905
4.54286
9.52381
3.10476
6.89524
5.25714
7.66667
6.05714
7.1619
4.26667
4.52381
5.25714
4.4
3.18095
9.4381
7.4
7.37143
5.52381
6.4381
7.13333
7.45714
4.66667
6.64762
7.86667
4.2
6.90476
6.91429
5.07619
4.66667
4.72381
3.31429
3.32381
7.8
3.21905
3.39048
3.39048
6.55238
3.71429
5.53333
3.53333
4.09524
4.60952
3.2381
3.57143
4.77143
3.58095
4.94286
6.97143
3.10476
3.19048
4.30476
5.5619
3.29524
4.62857
4.94286
6.12381
3.24762
3.14286
3.24762
6.26667
3.11429
3.33333
3.82857
3.25714
3.58095
3.15238
4.94286
3.40952
6.31429
5.13333
7.94286
4.28571
5.95238
4.50476
5.09524
7.84762
4.28571
3.15238
3.55238
3.42857
4.50476
4.51429
4.51429
7.10476
8.8381
4.82857
3.06667
9.00952
5.21905
5.04762
3.17143
3.33333
3.14286
3.09524
5.02857
5.74286
9.29524
3.24762
7.00952
7.73333
7.62857
4.62857
6.22857
5.10476
7.49524
9.00952
3.18095
3.57143
3.17143
5.6
5.65714
5.00952
4.31429
5.98095
6.51429
3.29524
4.88571
5.92381
3.28571
3.67619
5.72381
7.32381
3.3619
10.5429
4.73333
6.5619
6.60952
6.3619
6.69524
3.21905
5.33333
3.53333
3.01905
3.32381
5.86667
7.88571
3.18095
5.29524
6.7619
3.57143
3.25714
3.2
5.7619
6.18095
6.5619
4.22857
7.19048
3.39048
4.85714
3.8
6.08571
7.55238
5.33333
4.46667
4.92381
5.48571
5.82857
3.11429
3.19048
5.55238
3.58095
4.86667
4.66667
3.06667
7.68571
4.84762
3.0381
3.20952
4.8
3.87619
6.59048
7.06667
3.33333
3.14286
3.10476
3.38095
5.24762
4.18095
5.24762
3.27619
7.71429
4.25714
6.07619
3.24762
5.07619
3.31429
3.33333
4.02857
5.27619
3.40952
3.20952
5.13333
5.26667
5.52381
3.27619
4.40952
5.38095
3.47619
3.17143
4.06667
10.7143
4.42857
3.6381
3.26667
4.88571
7.06667
4.98095
6.14286
3.31429
7.52381
3.37143
3.91429
7.81905
3.45714
7.49524
3.14286
5.55238
4.88571
3.07619
6.74286
3.10476
5.54286
6.79048
3.30476
3.41905
3.35238
7.54286
5.94286
4.12381
3.1619
7.25714
3.1619
4.3619
5.20952
6.37143
3.35238
3.27619
4.46667
3.19048
3.31429
10.1143
3.05714
7.78095
3.50476
10.4286
3.77143
5.22857
6.48571
4.75238
3.28571
3.4381
3.1619
8.48571
6.53333
5.89524
5.44762
3.02857
5.21905
5.87619
3.39048
7.06667
9.67619
3.40952
7.40952
3.21905
5.50476
9.5619
5.32381
3.80952
5.5619
6.79048
5.2381
11.0762
7.01905
4.94286
3.34286
3.18095
3.31429
3.4381
4.62857
7.65714
3.13333
3.64762
3.33333
3.10476
3.13333
3.31429
5.40952
3.19048
3.49524
6.57143
3.25714
9.6381
8.01905
6.6381
7.99048
5.07619
3.37143
5.54286
3.02857
7.92381
5.32381
4.6381
3.08571
4.97143
5.17143
3.19048
3.22857
3.30476
6.04762
6.7619
3.17143
6.73333
3.0381
7.1619
6.15238
3.06667
3.46667
5.27619
5.82857
7.04762
5.6381
6.2381
6.30476
3.21905
5.13333
7.24762
4.65714
3.19048
6.6
4.91429
3.05714
3.26667
5.01905
4.20952
3.19048
3.40952
6.2
7.1619
3.1619
3.04762
7.48571
5.5619
5.65714
6.08571
6.49524
8.52381
5.51429
5.73333
8.28571
4.58095
3.13333
3.4
3.12381
3.1619
7.19048
3.21905
3.35238
3.26667
6.62857
6.91429
4.10476
8.06667
5.92381
4.48571
8.66667
4.80952
4.37143
6.4381
3.22857
4.30476
4.20952
5.34286
5.26667
4.87619
8.35238
5.72381
4.61905
5.72381
6.37143
3.34286
4.94286
6.95238
3.37143
6.89524
5.9619
8.54286
4.32381
7.66667
3.26667
5.68571
6.64762
5.89524
5.2381
4.22857
3.32381
3.34286
4.95238
8.85714
8.8
3.30476
4.79048
6
4.27619
7.29524
5.87619
7.2381
8.34286
7
7.18095
6.10476
7.34286
5.8381
3.11429
6.10476
6.29524
3.09524
8.33333
7.25714
5.78095
4.79048
4.18095
3.30476
8.79048
8.10476
6.98095
3.30476
5.3619
3.54286
3.11429
5.33333
7.4
3.20952
3.21905
6.93333
7.22857
7.74286
3.41905
3.15238
3.28571
5.26667
4.00952
3.09524
5.59048
3.62857
3.1619
3.60952
4.42857
5.34286
5.67619
6.53333
5.58095
6.11429
4.94286
11.219
3.45714
4.38095
6.05714
3.14286
3.20952
3.02857
7.01905
5.08571
3.4
3.25714
4.05714
3.08571
3.34286
4.12381
4.80952
5.26667
3.14286
4.89524
4.66667
4.8
3.11429
5.10476
5.12381
7.1619
6
5.27619
5.11429
4.22857
8.67619
4.9619
5.08571
3.35238
5.99048
3.1619
3.09524
4.60952
8.52381
4.8381
3.12381
3.08571
3.32381
5.12381
3.4
3.18095
8.25714
7.5619
5.9619
5.79048
3.47619
5.18095
5.53333
5.61905
4.48571
6.70476
5.01905
4.93333
3.2381
7.82857
3.34286
5.10476
5.8381
5.55238
7.38095
4.9619
6.62857
8.32381
3.29524
4.78095
6.69524
5.55238
3.22857
5.2381
5.13333
6.92381
6.12381
3.2
8.58095
3.1619
3.14286
3.39048
3.40952
3.41905
6.98095
4.91429
5.10476
4.46667
3.79048
6.90476
8.45714
6.62857
8.40952
3.48571
3.47619
3.33333
5.38095
5.70476
6.77143
4.65714
3.49524
6.06667
3.55238
7.61905
5.14286
5.41905
3.26667
7.45714
8.01905
5.78095
4.34286
4.74286
6.78095
3.62857
3.15238
6.72381
4.79048
5.38095
5.35238
7.91429
3.05714
4.68571
10.2381
3.11429
5.45714
3.62857
3.08571
5.78095
8.18095
4.94286
4.80952
7.4381
4.87619
6.3619
5.4
7.74286
3.29524
3.06667
3.49524
6.86667
3.32381
5.18095
4.93333
8.62857
3.34286
6.69524
5.45714
5.22857
3.28571
8.49524
11.3143
5.7619
5.10476
6.75238
6.07619
4.25714
7.81905
9.39048
5.38095
5.65714
7.31429
7.32381
6.5619
6.11429
7.05714
8.38095
5
6.4381
3.12381
4.7619
7.00952
5.45714
8.27619
7.98095
4.68571
6.53333
8.64762
5.60952
3.31429
6.10476
7.15238
3.57143
5.10476
6.75238
7.12381
5.93333
4.61905
9.15238
3.31429
4.84762
3.45714
7.72381
5.50476
3.17143
3.13333
6.68571
4.78095
5.37143
3.65714
9.18095
7.58095
5.02857
3.41905
5.91429
6.0381
3.27619
6.6
5.1619
3.02857
4.55238
6.82857
3.15238
6.04762
4.92381
4.47619
4.68571
3.29524
5.4
6.34286
8.94286
8.24762
3.13333
3.15238
4.87619
8.29524
3.6
5.52381
3.69524
3.41905
7.73333
3.92381
3.29524
7.99048
5.65714
5.7619
8.45714
8.24762
4.9619
3.77143
6.53333
5.71429
10.6381
4.87619
4.17143
5.74286
7.57143
6.57143
3.48571
4.79048
5.93333
5.86667
3.45714
4.6381
4.40952
3.20952
7.55238
3.42857
6.29524
8.00952
5.86667
8.42857
6.30476
3.14286
6.94286
5.42857
4.38095
4.20952
6.88571
6.18095
4.94286
3.59048
3.30476
3.49524
3.1619
5.38095
6.74286
5.19048
3.30476
5.80952
3.41905
4.87619
3.80952
3.48571
3.50476
4.95238
5.52381
6.20952
4.84762
3.4381
5.89524
3.21905
6.26667
3.19048
7.21905
10.6762
4.73333
3.54286
9.68571
6.86667
3.2381
3.12381
5.6381
7.14286
6.98095
3.21905
5.07619
3.38095
10.2286
5.37143
8.06667
5.28571
7.4
3.33333
3.52381
5.50476
3.07619
6.02857
7.51429
5.95238
7.22857
5.4
6.4381
6.09524
4.20952
3.11429
8.62857
5.84762
3.25714
5.34286
7.27619
3.21905
3.10476
5.34286
5.33333
3.4381
9.37143
6.10476
3.28571
4.69524
7.04762
5.45714
4.64762
6.11429
5.0381
3.40952
4.42857
6.08571
5.15238
5
6.67619
3.28571
8.35238
5.4
5.5619
4.80952
3.30476
7.13333
5.48571
3.18095
5.67619
8.17143
7.06667
3.18095
4.85714
3.09524
7.57143
3.59048
5.89524
4.98095
5.3619
3.25714
6.09524
3.35238
7.87619
3.31429
7.62857
6.29524
3.32381
3.13333
5.05714
3.32381
5.73333
8.06667
5.41905
3.24762
3.10476
6.15238
5.11429
5.97143
3.35238
5.49524
3.31429
4.66667
10.5905
6.70476
8.60952
6
4.54286
3.12381
4.57143
9.07619
3.35238
4.98095
3.1619
3.38095
7.73333
4.54286
3.52381
4.3619
3.20952
7.09524
3
6.6
6.47619
4.4381
4.53333
4.93333
6.86667
4.2
5.81905
5.64762
3.06667
3.17143
3.19048
4.66667
4.81905
4.97143
3.07619
6.12381
6.22857
3.52381
3.07619
4.5619
3
3.1619
3.29524
5.29524
5.90476
3.78095
3.42857
5.37143
6.12381
4.90476
3.04762
6.79048
6.48571
3.58095
3.41905
3.4381
5.41905
3.18095
3.2
6.41905
3.11429
3.38095
3.5619
8.51429
3.15238
3.41905
8.94286
3.19048
4.72381
5.37143
5.72381
4.2381
4.21905
4.5619
7.61905
5.4381
6.89524
6.08571
6.20952
9.98095
6.37143
4.73333
6.49524
6.68571
4.6
5.13333
3.29524
3.80952
4.75238
5.2381
5.51429
3.47619
3.29524
4.51429
5.4
5.29524
3.53333
3.9619
4.57143
5
4.93333
3.14286
3.33333
8.64762
5.00952
5.98095
5.86667
4.12381
5.65714
6.45714
3.10476
3.3619
6.09524
5.64762
3.2
3.15238
4.97143
10.2381
5.55238
5.29524
9.80952
8.14286
4.41905
3.53333
3.1619
3.32381
5.17143
5.24762
5.68571
3.08571
4.44762
4.49524
9.26667
6.99048
6.85714
5.1619
3.29524
3.12381
7.34286
5.25714
8.4
7.94286
5
4.99048
7.39048
5.44762
5.82857
4.91429
3.0381
3.20952
3.35238
3.47619
3.99048
3.29524
3.18095
7.95238
6.33333
6.84762
7.60952
4.61905
6.37143
3.09524
6.4381
6.97143
5.32381
4.60952
7.90476
5.30476
3.28571
4.69524
6.47619
10.0381
3.05714
4.93333
3.20952
7.2381
3.30476
3.33333
4.9619
3.7619
5.33333
3.22857
5.19048
6.31429
3.18095
3.39048
3.17143
5.94286
4.39048
6.13333
3.44762
3.18095
3.52381
4.28571
3.97143
7.04762
5.15238
3.27619
8.86667
5.78095
3.1619
9.86667
7.14286
5.02857
3.90476
7.61905
6.46667
5.86667
4.78095
7.21905
3.79048
4.21905
8.66667
3.35238
5.34286
5.27619
5.2381
6
5.30476
3.33333
5.50476
6.9619
3.27619
8.2381
3.01905
4.12381
7.28571
4.8381
5.9619
3.28571
3.49524
6.26667
6.05714
8.06667
7.25714
7.4381
3.30476
3.1619
6.47619
3.35238
3.11429
4.61905
5.07619
8.92381
3.8381
8.62857
3.40952
3.5619
5.15238
4.53333
3.91429
6.04762
4.58095
5.66667
4.57143
4.78095
3.12381
5.15238
10.0762
3.24762
7.02857
6.1619
3.3619
7.14286
6.27619
5.27619
6.78095
3.72381
7.58095
3.10476
4.66667
7.04762
4.87619
3.15238
6.4
11.3905
5.27619
6.81905
5.39048
4.60952
7.94286
3.27619
4.44762
3.37143
4.80952
3.13333
9.68571
3.22857
5.55238
3.26667
3.26667
3.47619
5.02857
5.42857
5.68571
7.70476
4.48571
4.88571
4.65714
7.66667
5
4.95238
4.48571
6.89524
4.79048
3.13333
4.31429
7.85714
3.3619
4.95238
6.30476
3.41905
4.8381
5.3619
7.1619
3.7619
5.27619
3.22857
5.22857
8.04762
4.79048
3.44762
6.86667
3.37143
4.01905
5.2
3.37143
6.45714
5.17143
3.42857
3.10476
5.90476
7.39048
5.26667
4.97143
4.69524
7.8381
3.71429
3.42857
3.44762
3.49524
5.53333
3.20952
6.79048
4.47619
3.30476
3.11429
3.17143
9.19048
4.25714
4.81905
3.17143
3.09524
7.26667
3.95238
3.21905
4.6
3.33333
3.13333
7.8381
3.21905
6.3619
4.25714
7.28571
7.80952
4.74286
5.2
4.7619
10.2762
8.09524
3.30476
5.93333
3.40952
7.61905
5.2381
3.5619
5.59048
8.42857
3.2
9
6.34286
5.01905
3.12381
4.4
3.18095
4.38095
8.12381
6.58095
6.74286
7.49524
3.2
4.61905
3.14286
8.0381
7.5619
3.19048
3.33333
3.53333
4.55238
5.92381
8.70476
6.86667
9.08571
7.67619
3.54286
5.29524
7.46667
4.29524
8.13333
7.00952
9.09524
5.77143
3.60952
4.27619
4.9619
4.95238
5.33333
6.84762
5.06667
5.38095
6.95238
3.60952
3.28571
7.50476
7.07619
3.04762
7.50476
3.34286
6.94286
3.71429
4.6381
5.14286
5.24762
5.18095
6.55238
5.92381
4.87619
3.27619
5.54286
6.29524
6.20952
6.54286
6.68571
6.26667
6.69524
3.12381
7.27619
4.41905
8.20952
3.41905
3.22857
4.09524
5.51429
4.6
5.15238
5.09524
5.06667
3.27619
3.92381
5.11429
5.53333
6.6
3.2381
7.30476
5.66667
6.2381
6.86667
5.75238
3.40952
3.81905
5.2
3.3619
5.61905
3.24762
7.97143
5.67619
3.33333
3.49524
3.38095
5.18095
3.1619
5.71429
9.29524
7.2
5.12381
9.05714
5.46667
5.14286
4.22857
5.8
5.71429
7.80952
5.6381
6.00952
7.27619
3.39048
5.68571
3.81905
6.15238
5.90476
3.1619
3.18095
7.64762
4.66667
3.42857
3.05714
3.07619
6.89524
3.07619
5.78095
3.34286
3.66667
3.21905
5.42857
3.1619
4.52381
7.05714
4.42857
3.68571
6.40952
5.15238
4.40952
7.60952
8.13333
5.6381
5.22857
5.2
6.26667
3.40952
4.6
4.46667
3.6
3.2
6.57143
5.60952
4.42857
3.13333
6.38095
5.9619
5.90476
5.1619
5.77143
6.93333
8.22857
4.66667
5.47619
3.34286
5.9619
7.21905
5.6
3.1619
3.14286
4.60952
5.01905
3.20952
3.31429
9.87619
6.78095
6.71429
4.62857
3.28571
6.6381
3.6381
4.0381
4.80952
9.48571
6.21905
5.30476
3.48571
7.42857
5.19048
4.57143
7.8381
4.6381
7.17143
3.47619
9.65714
3.27619
6.14286
3.19048
5
4.07619
5.68571
3.19048
6.65714
3.33333
6.88571
3.49524
7.49524
5.15238
3.37143
4.80952
6.19048
7.06667
3.77143
3.31429
7.90476
3.27619
5.72381
5.12381
4.5619
3.45714
3.7619
6.46667
5.44762
8.13333
3.55238
4.35238
3.0381
5.78095
4.90476
4.72381
10.2476
7.51429
6
3.39048
4.34286
3.45714
7.48571
3.6381
3.40952
6.18095
3.1619
3.45714
5.88571
5.59048
3.6
3.2381
3.1619
6.11429
3.22857
3.3619
5.90476
4.92381
5.29524
4.52381
5.20952
3.50476
3.27619
5.72381
4.42857
4.4381
7.81905
5.38095
4.08571
4.31429
4.87619
3.35238
8.08571
6.3619
5.93333
5.32381
3.26667
3.17143
3.15238
7.14286
3.15238
15.019
3.26667
5.22857
6.10476
4.85714
3.15238
5.91429
3.31429
5.49524
3.07619
6.12381
6.9619
4.8381
3.31429
4.25714
3.26667
3.22857
4.26667
5.35238
3.44762
5.53333
3.44762
5.34286
3.32381
4.46667
6.69524
7.1619
5.60952
4.99048
5.31429
3.18095
4.50476
5.44762
3.12381
4.8
5.08571
6.99048
8.12381
4.78095
7.85714
6.90476
3.46667
4.51429
4.5619
7.52381
3.07619
7.3619
5.66667
3.97143
8.08571
7.00952
3.12381
3.52381
5.98095
3.29524
5.67619
3.21905
3.09524
5.64762
4.6
5.30476
4.58095
6.05714
6.6381
5.31429
8.94286
3.14286
4.47619
4.44762
7.0381
3.34286
6.37143
5.24762
3.85714
4.30476
4.37143
6.92381
7.90476
4.02857
5.55238
3.81905
8.61905
6.72381
5.79048
6.73333
7.69524
5.14286
3.29524
3.35238
8.67619
8.40952
6.51429
4.86667
4.90476
5.25714
5.01905
4.22857
3.34286
3.3619
5.64762
8.54286
3.44762
3.37143
3.20952
3.14286
3.18095
6.73333
3.26667
6.88571
5.99048
5.46667
7.18095
5.14286
4.5619
6.31429
5.46667
3.21905
3.3619
4.9619
3.2381
3.33333
7.21905
4.38095
6.12381
3.22857
3.39048
5.2
3.01905
4.88571
3.31429
6.67619
3.27619
7.25714
5.79048
6.30476
7.09524
5.8
3.34286
5.32381
3.27619
6.05714
7.51429
6.48571
4.4381
3.28571
7.90476
7.41905
3.20952
3.58095
3.13333
5.45714
5.00952
4.34286
3.02857
4.06667
6.86667
7.99048
6.21905
4.67619
3.45714
4.6
5.1619
7.20952
4.05714
6.89524
5.6381
7.21905
7.34286
6.10476
5.06667
6.55238
7.22857
5.31429
5.38095
7.87619
7.95238
6.29524
5.50476
5.47619
5.6
4.5619
4.87619
5.5619
4.81905
9.17143
7.75238
7.10476
5.04762
5.40952
5.30476
5.2
4.21905
4.90476
4.54286
4.4
9.18095
6.49524
4.14286
3.5619
4.95238
7.67619
9.30476
5.34286
5.88571
6.73333
4.45714
4.8
5.20952
5.37143
7.40952
4.8
4.20952
3.46667
3.33333
3.10476
8.11429
4.78095
3.0381
5.08571
3.09524
4.50476
8.3619
8.17143
7.04762
4.68571
4.30476
3.9619
3.15238
6.78095
5.30476
5.50476
7.98095
5.17143
4.97143
4.37143
3.13333
6.33333
3.21905
3.46667
3.12381
5.42857
3.75238
5.80952
3.47619
3.34286
3.57143
3.11429
3.05714
3.13333
3.11429
5.09524
3.66667
5.85714
6.48571
6.54286
6.44762
9.59048
6.37143
9.05714
7.07619
8.78095
8.88571
3.73333
5.22857
6.51429
4.09524
5.08571
3.26667
5.21905
7.17143
9.79048
3.26667
7.27619
3.14286
7.61905
6.95238
3.13333
7.41905
3.14286
5.78095
4.72381
6.95238
7.74286
5.42857
5.38095
6.42857
3.1619
3.80952
5.4
5.01905
4.93333
4.49524
3.27619
8.11429
4.53333
9.62857
7.18095
3.19048
5.06667
9.39048
5.54286
4.9619
4.99048
5.8381
8.86667
5.21905
3.31429
4.8
7.6
6.86667
7.35238
6.13333
5.53333
5.87619
8.57143
4.45714
5.37143
6.1619
3.18095
3.1619
4.88571
3.29524
5.75238
3.90476
5.11429
7.45714
5.39048
3.2
4.53333
3.20952
7.07619
7.82857
5.34286
3.32381
3.18095
3.34286
7.18095
4.5619
9.22857
5.18095
3.13333
3.37143
6.0381
6.55238
6.2
5.88571
4.89524
3.38095
3.12381
4.4381
4.87619
3.30476
3.58095
3.33333
4.78095
3.15238
3.73333
4.64762
7.15238
7.27619
4.88571
5.15238
3.1619
4.64762
3.6381
5.32381
8.12381
7.25714
4.90476
5.20952
3.19048
3.21905
5.2381
4.77143
8.53333
9.22857
3.64762
5.3619
7.22857
7.52381
5.2
5.30476
6.37143
3.89524
5.05714
6.37143
3.04762
5.92381
3.41905
3.73333
6.00952
5.74286
3.6
3.2381
6.54286
6.2
3.2381
4.67619
3.58095
4.90476
3.11429
4.51429
9.20952
9.21905
3.4381
7.4381
4.87619
5.10476
5.8381
5.41905
6.57143
6.51429
2.06667
6.00952
3.90476
3.28571
2.04762
2.33333
2.06667
3.53333
2.08571
2.26667
3.86667
3.52381
2.04762
4.55238
2.34286
3.84762
2.19048
3.64762
5.31429
2.34286
3.21905
2.41905
2.50476
2.34286
2.28571
3.98095
4.19048
2.01905
7.44762
2.44762
2.0381
2.29524
2.2
3.81905
2.06667
2.02857
3.48571
2.2
2.31429
2.54286
3.45714
2.0381
2.13333
3.6
2.51429
2.39048
3.46667
5.08571
3.44762
3.31429
2.04762
2.05714
5.50476
2.32381
4.09524
2.25714
4.53333
2.54286
2.2
2.13333
3.99048
2.41905
2.05714
5.26667
2.77143
7
19.1238
3.29524
5.3619
3.34286
3.49524
2.04762
4.85714
7.68571
2.49524
2.18095
2.25714
2.27619
2.27619
4.00952
2.22857
2.19048
4.11429
2.09524
2.26667
2.42857
3.44762
2.01905
4.54286
7.20952
5.46667
6.71429
4.66667
2.2381
5.09524
2.18095
3.61905
3.81905
4.55238
8.66667
2.08571
3.6
2.04762
4.48571
2.78095
2.60952
2.8
4.10476
2.10476
2.20952
3.46667
3.95238
2.0381
2.2
2.05714
2.19048
2.09524
3.00952
4.27619
4.09524
2.1619
2.15238
3.93333
5.74286
4.89524
2.21905
3.17143
5.0381
4.97143
1.11429
3.4
1
4.10476
4.69524
1.07619
2.6
1.48571
1.0381
1.00952
1.10476
3.7619
4.04762
1.18095
2.8381
1.17143
1.46667
1.00952
1.13333
4.0381
2.67619
1.21905
1
2.20952
3
1.69524
4.1619
1
1.00952
1.06667
1.02857
1.06667
1
1.42857
5.2
1.09524
1
1.09524
1.09524
2.78095
1.22857
3.48571
5.09524
3.44762
1.01905
1.0381
4.46667
1.05714
1.01905
1.07619
1.07619
3.67619
4.34286
1.09524
1.07619
3.05714
1.0381
1.04762
1.11429
4.01905
2.44762
1.80952
3
1.01905
1.17143
1.10476
1.02857
3.98095
4.37143
1.09524
1.94286
2.61905
1.02857
1.32381
1.18095
1.01905
1.59048
1
1.45714
1.24762
1.01905
3.74286
1
1.15238
1.04762
1.07619
1.00952
1.12381
1.02857
3.86667
1.00952
1.11429
4.11429
4.72381
2.92381
4.02857
1.06667
3.61905
1
1.01905
3.74286
4.29524
1.04762
1.12381
4.79048
1
1.15238
4.00952
1
1.04762
1
1.04762
2.91429
3.65714
1.10476
3.55238
1
1.15238
4.07619
1.00952
3.81905
1.07619
1.02857
1.08571
3.67619
1.19048
2.47619
4.75238
1
1.09524
1.00952
1.01905
2.94286
1.1619
1.04762
2.30476
1.13333
1
3.58095
1.20952
4.21905
1.1619
2.8381
1.14286
1.82857
1.17143
4.45714
3.11429
1.81905
1.12381
3.68571
4.22857
3.88571
1.34286
1.07619
1.10476
1.08571
1.00952
1.06667
1.39048
1.02857
1.4381
3.6381
3.87619
1.02857
1.41905
1.04762
2.68571
4.15238
1.2
1.07619
1.05714
3.65714
3.4
3.29524
1.02857
3.61905
1.12381
1.09524
1.07619
1.02857
1.15238
1.10476
1.07619
1.01905
3.94286
3.38095
3.51429
1.02857
1.28571
1.06667
1.09524
3.8
3.05714
2.73333
1.00952
3.90476
1.26667
3.26667
3.73333
1.42857
1.28571
1
2.46667
1.02857
1.08571
4.69524
3.6
1.01905
1.09524
1
1.20952
1.67619
1.46667
4.07619
1.14286
2.59048
3.38095
1.01905
1.04762
1
1
2.78095
1.01905
1.14286
1.01905
1.07619
1.49524
1.20952
1.6
1.17143
2.66667
1.00952
1.01905
1.10476
1.37143
2.09524
1.02857
1
1.71429
1.45714
1.0381
3.21905
1.00952
1.14286
1.12381
1
1.00952
1.12381
1.09524
3.99048
1.05714
1.13333
1.07619
1.12381
1.02857
1
1.06667
1
1
1.2
1.07619
1
1
1.01905
3.97143
1.10476
1.07619
1.0381
3.17143
5.2
1.02857
1.04762
1.09524
4.22857
1.04762
3.64762
4.05714
1
3.65714
1.4
1.15238
1.06667
1.17143
2.10476
3.08571
1.00952
1.06667
1.0381
3.37143
1.11429
2.72381
1.04762
3.64762
3.85714
2.77143
3.22857
4.35238
3.28571
4.7619
1.00952
1.0381
1.46667
3.87619
1.12381
1.1619
1.06667
1.01905
1
1.00952
3.47619
3.35238
1.00952
1.01905
4.61905
3.58095
1.14286
1.09524
2.82857
1.09524
1
1.0381
2.92381
1.00952
1.06667
3.9619
5.37143
1.02857
4.2381
3.99048
1.14286
3.44762
3.41905
1.02857
5.37143
3.14286
2.6
2.20952
1.20952
1.0381
1
4.1619
1.26667
1.09524
3.14286
1.02857
1.09524
1.80952
1.13333
1.05714
1.00952
1.37143
3.0381
3.05714
1.09524
3.72381
3.06667
1.06667
1.02857
1.1619
1.15238
1.09524
1.06667
1.66667
1.20952
2.98095
3.30476
4
3.97143
1
1.00952
1.18095
4.06667
1.2381
1.06667
1.3619
3.2381
1.1619
1.70476
3.55238
2.65714
3.52381
1.14286
3.35238
1.00952
2.91429
1.62857
1.02857
1.8
1.42857
3.24762
3.67619
1.12381
1.14286
3.67619
1.02857
1.0381
1.1619
3.74286
3.2
1.11429
1
1
1.12381
1.3619
2.85714
4.20952
2.86667
1.09524
1.12381
1.06667
1.20952
3.50476
2.44762
2.8381
4.24762
1
1.00952
3.31429
1
1.17143
1.12381
1.01905
1.09524
5.69524
3.29524
3.54286
1.30476
3.94286
1.11429
3.92381
3.19048
1.10476
3.5619
4.60952
3.58095
1.00952
1
1
1.04762
1.19048
1.09524
1.01905
3.59048
1.22857
1.0381
2.82857
1.11429
1.08571
1
1.22857
1.07619
3.50476
1.00952
1.01905
1.18095
1
1.11429
4.40952
1.08571
1.06667
3.21905
5.13333
1.15238
1.01905
1.06667
1.00952
1
3.92381
2.27619
4.77143
1.24762
1.19048
3.59048
1.58095
1.1619
3.52381
3.11429
1.09524
3.10476
1.02857
1
1.0381
1.61905
1.12381
1.01905
2.82857
1
1.02857
4.34286
1
1.14286
3.3619
1
3.05714
1.12381
1.01905
1.00952
1.09524
1.00952
3.89524
1.72381
3.9619
4.5619
3.49524
1.00952
1.21905
3.67619
1.02857
1.15238
4.57143
2.55238
1.29524
1.07619
4.58095
3.1619
1.06667
2.59048
3.3619
1
2.58095
1.09524
1.54286
1.07619
1.07619
1.10476
1.0381
1.00952
1.00952
1.98095
1.02857
1.38095
1.15238
2.88571
3.6
1
1.13333
1.01905
1.06667
1.06667
1
3.39048
1.22857
1.08571
1
1.05714
3.78095
3.4
4.61905
3.88571
1.04762
1.00952
5.99048
1.0381
2.5619
1.14286
3.24762
3.08571
5.47619
1.29524
2.59048
1.00952
1
1.55238
1
1.33333
4.17143
1.07619
1.11429
1.15238
4.5619
1.17143
1.11429
1.11429
1.32381
5.05714
1
1.54286
1.05714
1.01905
1.08571
4
1.00952
1.07619
1.15238
1.01905
1.15238
1.07619
3.34286
1.09524
3.60952
1.04762
1.95238
1.00952
3.12381
1.01905
2.99048
2.89524
4.1619
1.06667
1
1.60952
4.2
1.01905
1.01905
1.01905
1.22857
1.07619
1.2381
4.05714
1.0381
1.09524
1.20952
1.00952
2.87619
1.12381
4.13333
1
1.2381
1.11429
1.10476
1.02857
3.27619
1.42857
1.29524
1.02857
1.06667
1.04762
4.10476
1.01905
2.89524
4.52381
1.28571
4.9619
1.17143
1.07619
1.28571
2.90476
1.01905
1.14286
1.01905
1
1.06667
4.06667
1.0381
4.24762
1.17143
3.32381
1
1.18095
1.04762
1.17143
1.00952
2.59048
3.42857
1.15238
1.08571
1.01905
1.02857
3.50476
4.71429
1
1.4381
3.2
1.09524
1.04762
1.08571
1
1.04762
1.04762
2.71429
1.15238
3.89524
3.19048
4.87619
1.07619
1.20952
3.8381
1.30476
4.27619
1.07619
1.00952
5.64762
1.01905
1.49524
1.02857
3.67619
4.07619
1.06667
1.06667
3.90476
3.4381
1
1.10476
1
1.13333
3.4
1.08571
3.20952
2.53333
1.04762
1.13333
1.10476
5.00952
1.10476
1.32381
4.5619
1.15238
1.0381
4.91429
1.17143
5.04762
1.65714
1.12381
1.02857
1.04762
3.33333
1
3.26667
2.57143
2.97143
5.05714
2.41905
1.01905
1.00952
1.04762
1.07619
2.17143
1.01905
1.0381
3.12381
1.15238
2.78095
3.06667
1.35238
1.08571
1.17143
1
1.05714
3.38095
1
3.39048
3.0381
1.00952
1.17143
4.60952
3.7619
3.32381
1.01905
1.00952
1.32381
1.15238
1.11429
1.25714
3.04762
1
5.15238
1.10476
1.27619
1.27619
1.1619
2.11429
2.8381
1
1.20952
1.06667
1.08571
2.97143
1.1619
1.21905
1.15238
1
1.01905
1.0381
1.18095
1.09524
3.27619
1.12381
3.2
1.13333
4.31429
1.07619
1.05714
1.19048
3.91429
1
1.12381
1.81905
1.05714
2.45714
1.00952
1.02857
1.12381
2.55238
3.72381
2.1619
1.12381
2.1619
2.24762
1
1.07619
1.57143
4.08571
1.06667
1.19048
1.00952
1.05714
3.66667
1.02857
2.69524
1.15238
1.05714
1
1
4.24762
2.4381
1.14286
1.06667
1.04762
1.00952
1.32381
1.2
1.11429
4.35238
1.13333
1.28571
1.02857
1.0381
2.87619
1.17143
1.02857
1.11429
3.85714
1.13333
2
3.82857
1.05714
1.18095
1.06667
1.04762
1.09524
2.6
3.15238
1.06667
1
1.12381
5.08571
1.21905
4.50476
1.04762
1.04762
3.17143
1.12381
1.09524
1.22857
1.05714
1.05714
1.07619
1.34286
1
2.81905
2.95238
3.78095
2.66667
4.04762
1.25714
1.09524
1.09524
1.02857
2.02857
3.98095
1.15238
1
2.26667
1.02857
1.13333
2.21905
1.2
1.53333
4.48571
1.09524
1.01905
1.06667
1
1.11429
1.15238
4.2381
3.60952
1.02857
1.21905
1.12381
1.06667
1.91429
1.32381
5.04762
3.8
4.75238
1
1.09524
2.10476
1.00952
3.79048
1.06667
1.02857
1.18095
3.11429
4.86667
1.2381
1.08571
1.35238
1.2381
1.06667
2.89524
1.11429
1.01905
1.07619
1.05714
3.66667
2.34286
4.17143
3.48571
1.10476
1.14286
3.40952
1.07619
4.78095
1.00952
2.8381
1.00952
1.10476
3.62857
1
1
1.14286
1.07619
1.04762
1.15238
3.81905
4.41905
2.91429
1.15238
3.92381
1.12381
1.1619
1.08571
1.00952
4.30476
1.15238
5.14286
1.2381
3.34286
3.0381
3.39048
1.10476
1.0381
3.09524
1
4.11429
1.19048
1.06667
1.11429
1.02857
3.73333
1.02857
1.29524
4.33333
1.35238
1.00952
3.31429
1
1.07619
1.15238
1.14286
3.88571
5.48571
3.26667
1.0381
1
1.00952
1.31429
3.92381
1.38095
3.75238
1.0381
1.25714
3.25714
1.73333
1.10476
1.00952
1.20952
3.17143
2.94286
3.73333
1.15238
1.08571
2.44762
1.08571
2.88571
1.17143
1.07619
1.11429
1.04762
1.09524
3.65714
1.2
4.44762
1.07619
3.48571
1.60952
1.17143
2.91429
1.13333
1.08571
1.00952
1.07619
2.48571
3.26667
2.80952
4.97143
1.08571
1.30476
1.82857
1.32381
3.39048
1.04762
4.5619
1.14286
1.07619
1.00952
3.59048
1.10476
1
5.92381
4.84762
3.65714
1.0381
3.11429
1.18095
2.72381
1.06667
1.09524
1.13333
1.00952
2.46667
1.15238
4.13333
1.10476
2.34286
1.02857
1
4.37143
1.19048
1.13333
3.32381
3.82857
3.92381
1.19048
1.2381
1.13333
1.05714
1.17143
1.2
1.2
2.94286
2.69524
1.02857
1
1.19048
1.38095
1.14286
1.0381
2.88571
1.15238
3.19048
3.07619
1.13333
4.58095
1.02857
1.09524
1.07619
1
1.2
1
1.28571
1.01905
1.00952
1.14286
1.75238
1.01905
1.07619
1.10476
1.0381
4.40952
4.20952
1.75238
1
1.14286
1.00952
1.02857
1.14286
1.05714
1.26667
1.20952
1.07619
1.01905
1.04762
1.10476
1.05714
3.40952
5.05714
1.18095
3.41905
1
2.8381
3.06667
1
1.20952
1.13333
1.14286
1.09524
1.05714
1.08571
1.12381
1.04762
1.05714
1.10476
1.11429
1.08571
1.33333
1.20952
3.53333
3.0381
1.29524
1.05714
1.02857
1.13333
3.89524
4.3619
1.24762
1.57143
1
3.0381
3.40952
1
4.09524
1.1619
3.61905
2.41905
3.40952
1.04762
4.22857
1.19048
1.00952
2.19048
1.0381
3.85714
1.09524
4.52381
1.60952
1.06667
4.12381
3.95238
1.09524
3.95238
1.09524
1.06667
1.12381
3.42857
4.68571
1.1619
4.46667
1.44762
3.51429
4.89524
3.66667
1
2.8381
1.25714
1.2
1
1.17143
3.39048
1.19048
4.50476
5.25714
3.40952
2.22857
1.05714
3.90476
4.35238
1.05714
1.2
3.4381
1.09524
1.07619
1.20952
1.01905
1.22857
3.12381
1.07619
1
4.28571
1.10476
3.94286
3.02857
1.01905
1.01905
3.2
1.1619
1.1619
1.25714
4.52381
1.04762
1.62857
4.28571
3.9619
1
1
1.06667
1
3.60952
1.01905
3.8
1.01905
1
4.4381
1
1
1.04762
1.46667
4.4381
4.58095
3.73333
1
3.88571
1.0381
1
1.05714
3.49524
1.26667
1.35238
1.12381
5.26667
5.01905
4.13333
1
1.22857
1.64762
1.00952
1
1
1.04762
3.22857
1
1.68571
1.11429
1.06667
3.37143
1.00952
1.02857
3.09524
1.32381
1.01905
1.05714
1.02857
1.08571
4.60952
1
1.01905
1.1619
1.05714
2.54286
1
1.14286
1.6381
1.31429
1.01905
1.07619
1.08571
1.28571
4.55238
3.19048
4
1.07619
1.19048
2.7619
2.24762
1.00952
1.0381
1.78095
1.04762
3.35238
2.68571
1.08571
1.68571
1.37143
2.73333
4.14286
1.41905
4.25714
5.02857
1.88571
4.64762
1.10476
1.42857
8.57143
1.25714
3.31429
1.12381
3.8
1.18095
1.07619
1.05714
3.59048
1.01905
1.08571
1.17143
1.68571
1.09524
1.24762
1.00952
1.11429
4.20952
3.31429
2.51429
3.1619
1.17143
4.04762
1.39048
1.11429
1.10476
2.73333
2.8
3.20952
2.3619
4.27619
1.17143
1.08571
3.78095
3.32381
3.17143
1.12381
3.73333
1
1.10476
1.00952
1.12381
1.0381
1.17143
1.05714
1.39048
1.02857
1.08571
1.14286
1.08571
1.1619
1.0381
1.07619
1.0381
1.11429
1.02857
1.04762
1.04762
4.2
1.02857
1.02857
1.15238
3.34286
1
1.13333
1.00952
3.90476
4.08571
1.07619
1.04762
2.85714
2.5619
2.39048
1.01905
1.12381
3.01905
1
1.1619
1.10476
1.07619
4.54286
4.08571
3.94286
1.11429
2.99048
1.08571
4.93333
1.07619
4.32381
3.95238
3.2381
3.34286
3.26667
1.41905
1.04762
2.89524
4.07619
4.35238
1.11429
1.82857
1.49524
1.02857
1.40952
1.06667
3.02857
1.00952
2.64762
3.11429
1.05714
1.3619
1.34286
1.45714
1.08571
4.39048
1.14286
1.2381
1.15238
2.84762
2.94286
1.05714
1.14286
3.93333
1.00952
1.08571
4.55238
3.17143
1.06667
1.06667
1
1
3.65714
3.79048
2.97143
3.65714
1.08571
1.17143
3.33333
1.2
1.22857
3.00952
1.04762
6.84762
3.13333
1.10476
1.00952
1
3.51429
4.6
1.00952
1.12381
1.07619
3.06667
1
3.68571
1
1.00952
1.13333
1
1.01905
1.08571
1.17143
1.06667
1
1.05714
1
1.02857
2.06667
1.14286
3.66667
1.50476
1.0381
1.00952
1
1.15238
1.04762
6.0381
1.08571
1
3.39048
1.02857
3.85714
1.05714
2.78095
1.54286
1
1.2
1.09524
1.05714
2.66667
1.19048
1.27619
3.38095
1.20952
1.22857
1
1.02857
1
1.10476
1.06667
3.68571
3.35238
2.88571
1.05714
1.01905
1.0381
2.07619
4.6
3.67619
1
3.37143
4.08571
1.20952
1.0381
1.08571
3.51429
1
1.85714
1.21905
1.25714
1.15238
1.00952
4.10476
1
1.42857
2.53333
1.02857
1.04762
2.47619
1.01905
1.10476
1.08571
2.8381
1
1.13333
4.44762
1.0381
1.09524
1
4.24762
2.75238
1.21905
1.04762
2.18095
1
1.12381
3.77143
1.02857
1.13333
5.59048
1.12381
5.46667
4.62857
3.4381
1.10476
1.6381
1.17143
1.10476
1.13333
3.30476
1.06667
1.10476
1
3.12381
1.02857
1.04762
1.08571
3.04762
1.01905
1
1.05714
1.06667
1.01905
1.13333
3.30476
3.47619
1.08571
1.15238
3.53333
3.79048
1.18095
2.80952
1.08571
1.06667
4.12381
3.90476
1.06667
1.33333
3.6381
1.39048
1.01905
4.08571
2.66667
1.07619
3.88571
1
3.54286
1.07619
4.46667
1.04762
1.14286
3.53333
1.13333
3.9619
3.54286
1.77143
1.10476
1.09524
1.14286
1.05714
1.15238
1.1619
1.01905
2.91429
3.6381
4.74286
3.55238
1.01905
1
2.45714
5.24762
4.0381
1
1.01905
1.22857
1
2.18095
1.01905
1.37143
1
1.19048
1.72381
1
2.68571
1.06667
3.95238
3.44762
1.06667
1.05714
3.19048
4.3619
1.08571
5.38095
1.01905
1.2
2.64762
3.88571
2.67619
3.99048
1.15238
1.07619
1.15238
1.10476
3.25714
4.14286
4.07619
1
2.85714
3.5619
1.04762
1.2
4.09524
4.33333
1.17143
2.29524
1
1.41905
3.20952
3.10476
1
1.10476
1.08571
4.15238
1.82857
1.02857
3.64762
1.04762
3.40952
1.13333
4.31429
1.07619
1.17143
1.10476
3.33333
4.67619
1.18095
1.11429
1.08571
1.1619
4.31429
1.09524
1.01905
1.17143
3.80952
3.7619
2.87619
1.00952
1.13333
1.25714
3.19048
4.75238
1.15238
1.39048
6.06667
4.95238
2.92381
1.00952
3.74286
1.15238
1
5.32381
1.38095
1.06667
1.95238
1.15238
1.0381
1
1.01905
2.55238
2.55238
1.3619
1.21905
1.09524
1.22857
1.21905
3.1619
5.07619
2.79048
1.21905
1.12381
1
4.07619
4.39048
4.11429
2.57143
1.13333
2.5619
1.21905
2.97143
4.27619
3.47619
1.22857
3.31429
1.00952
1.15238
1.00952
3.70476
1.11429
1.06667
1.02857
1.24762
1
4.2381
1.14286
1
3.6
4.06667
3.44762
4.31429
1
1.0381
1.10476
1.11429
1.62857
3.55238
1.71429
1.1619
3.42857
1.0381
1
3.98095
2.57143
1.12381
1.00952
4.17143
4.51429
1.87619
3.84762
1.17143
1
1.12381
1
1
1.0381
1.10476
1.2
1.09524
1.2
1.21905
2.09524
2.99048
1.05714
1.14286
1.09524
3.68571
1.04762
1
2.79048
3.18095
1.31429
1.08571
1.05714
4.93333
1.02857
1.2381
3.4
1.02857
1.1619
1.05714
1
1.19048
1
3.87619
1
1
1.30476
4.49524
3.73333
1.10476
1.02857
1.22857
3.82857
3.26667
1.01905
3.6381
1.9619
1.12381
1.11429
1
3.61905
3.2
1
3.32381
1.09524
1.12381
1.10476
1.00952
4.14286
3.22857
1.0381
1.14286
3.47619
1.00952
5.3619
5.55238
1.19048
2.94286
1.4381
1
1
1.08571
1
1.13333
1.00952
4.29524
1.14286
1
1.11429
1.0381
1.06667
3.53333
1.0381
1.13333
4.12381
3.8
1
2.75238
1
2.65714
1.01905
2.72381
3.9619
1
2.24762
1.04762
3.92381
1.07619
1.04762
1.17143
3.31429
1.00952
3.3619
1.13333
3.6381
3.4
1.04762
3.57143
1
1.14286
3.24762
1.2381
2.94286
3.24762
1.09524
1.0381
3.37143
1.19048
1.2
3.04762
1.14286
1.17143
3.70476
3.58095
1.1619
1.26667
3.87619
4.86667
3.05714
2.74286
1.13333
4.06667
1.07619
4.2
1.01905
1.00952
6.06667
3.59048
1.05714
1.31429
3.80952
1.04762
1
1.20952
2.45714
1.15238
4.57143
1.02857
3.3619
1.01905
4.71429
1.02857
1.64762
1.18095
3.91429
1.00952
1.04762
1.29524
1.14286
2.15238
1.15238
5.73333
3.65714
1.2381
3.19048
1.07619
1.01905
1.05714
1.12381
1.24762
3.58095
4.17143
3.75238
1.00952
1.0381
1
1.09524
1.30476
1.04762
5.65714
1
3.74286
1
1.13333
3.79048
2.48571
1.07619
1.07619
2.97143
1.00952
1.05714
5.38095
1.06667
1
1
1.28571
1.06667
1.06667
4.12381
1
2.39048
3.6
1
1.1619
1
3.55238
1.94286
4.29524
2.89524
2.58095
1.00952
2.88571
1.32381
3.7619
3.82857
3.91429
1.14286
3.12381
2.00952
4.06667
1.04762
3.30476
1.74286
1.24762
1.1619
1.04762
1.14286
1.0381
2.95238
1.05714
1
1.20952
2.02857
1
1.05714
1.11429
1.0381
1.11429
1.02857
1.09524
1.07619
1.26667
1.00952
3.68571
1.1619
1.04762
