10876 34740
54.9238
33.3333
5.28571
35.3619
13.5524
26.1048
45.1429
13.381
34.9429
37.7905
52.5429
12.8667
32.8952
20.4571
41.9048
41.9048
13.7714
36.5619
12.0286
73.419
54.3333
15.2667
4.73333
42.0476
11.7714
40.1333
58.8476
4.73333
4.82857
7.28571
5.02857
10.4762
19.2286
20.3524
12.1333
7.00952
27.8
40.0095
41.2762
30.0286
4.72381
48.9619
92.4381
52
11.1333
28.1905
60.1905
32.4667
5.45714
34.1714
16.619
26.981
33.7714
14.4095
23.4286
61.5524
11.9524
33.619
20.9905
22.5143
50.3333
56.3429
93.7333
34.6667
13.5524
24.8762
12.4571
14.4952
45.5333
9.26667
85.2762
17.0762
26.6952
19.6476
41.6667
15.419
19.9429
21.6
31.819
30.0095
33.0476
10.8095
10.8952
44.3333
24.1143
24.8286
43.1143
38.9048
17.3524
18.3333
19.4286
25.4667
5.72381
26.7048
18.419
15.1905
42.7333
69.2286
18.8952
29.7429
68.0571
50.0286
26.981
13.0857
21.9048
41.181
32.1238
8.40952
10.5524
45.3714
25.8952
20.1619
46.1143
26.8857
21.1905
30.2857
10.5143
32.1714
39.3714
26.1333
96.5238
18.0952
9.42857
16.3143
9.81905
70.5905
50.0667
56.1714
69.7619
78.1905
37.5714
32.9048
36.9429
7.2381
55.5619
44.0952
48.4571
38.8095
43.981
14.6286
39.6381
63.0762
32.1524
57.4095
12.4571
65.2476
44
46.2952
33.4381
34.819
22.019
59.7905
54.6286
32.619
27.5429
33.0952
59.2
16.0476
12.8952
28.7714
17.5524
78.1238
22.2952
24.8095
39.6095
33.0476
25.2952
13.6095
38.1905
14.3905
41.2476
41.9238
19.5524
25.6762
8.73333
4.18095
20.5333
40.619
51.2
37.5333
37.2857
62.019
16.181
60.6667
28.8762
39.9333
22.1905
22.0762
34.4857
95.8286
42.3238
41.8476
28.7333
26.219
64.8667
30.2095
29.5048
16.8
22.6476
55.8381
31.2476
17.9048
38.3905
43.381
7.85714
5.10476
41.6476
10.7905
44.181
70.7048
21.9238
66.1619
7.28571
40.7905
37.3905
18.8952
25.2095
10.3143
34.8381
20.219
16.8667
8.85714
27.3524
61.2
30.1714
19.9333
18.0762
4.22857
10.019
10.0381
27.5905
16.019
19.9143
16.4286
24.4
13.3524
24.8762
12.1619
9.4
15.4095
7.81905
12.3524
6.79048
26.5619
40.5429
57.6381
53.2667
80.5238
29.181
33.1429
17.7619
30.3238
24.1143
5.2
14.1619
18.1048
42.3048
29.0667
32.8952
27.2381
36.9524
27.9333
48.1143
14.5048
16.5048
6.4381
40.2095
69.7048
49.7143
40.8857
56.0286
72.4857
74.981
27.181
17.7238
33.5429
30.3619
4.24762
58.9333
56.5524
50.6667
36.5905
17.0667
26.5524
48.2952
47.9333
10.8286
48.4476
51.8857
47.1238
32.4667
40
46.6381
47.981
33.3619
44.6857
22.2381
67.2571
38.2571
20.5619
13.0381
33.8381
29.4476
49.6952
40.0381
41.5714
23.819
20.3905
9.85714
66.3143
50.9619
63.4286
43.8857
45.9714
35.4286
18.781
5.00952
28.9524
55.0762
31.2857
8.57143
15.2952
22.4286
46.6762
24.219
20.6286
27.019
39.1619
69.4
37.7333
4.31429
72.6286
6.69524
7.11429
20.381
25.0762
14.4762
12.1143
37.0095
26.6476
27.819
5.85714
21.5524
26.019
7.90476
20.5333
88.6381
9.5619
28.3524
21.5905
26.7714
34.5333
46.6381
11.8476
20.0095
24.8
28.8381
14.1333
25.0095
11.3619
14.3714
31.4571
6.72381
34.0857
18.1333
25.6571
23.3238
52.219
21.1048
35.9905
22.7619
18.4476
6.58095
23.4667
9.27619
10.8381
16.9524
9.69524
29.3238
47.4762
22.2857
14.0476
49.381
38.4571
14.8667
81.7333
48
44.6286
28.4381
30.2667
20.3143
44.7333
75.4571
57.3238
53.8952
50.4476
56.6381
40.2762
20.8476
22.2286
6.66667
39.4381
23.9048
62.7143
5.71429
14.5619
72.3524
59.6286
42.019
42.0571
9.3619
10.7143
34.8476
28.7238
23.1524
27.7524
14.781
32.8667
42.0381
13.981
101.038
25.9429
24.3143
4.99048
44.7333
18.2095
29.0667
9.51429
10.4667
13.1333
14.8857
17.4952
30.5048
6.14286
24.4381
33.4286
37.3524
15.5905
24.7238
13.419
34.7238
27.819
29.7524
17.0952
28.4667
37.6381
39.8286
23.6286
19.6
28.7905
41.0952
19.7143
73.6952
19.1143
30.0381
32.8667
32.1524
24.2762
48.1143
25.4762
37.9905
40.5333
41.9048
29.581
30.8857
14.7619
17.819
7.78095
4.98095
28.5524
38.6381
18.6952
6.1619
20.1619
27.5333
27.9714
68.019
35.6762
27.6857
50.0476
26.8
27.3048
41.7143
7.02857
54.1048
20.1048
57.0381
29.7905
42.9238
54.9905
85.5333
32.2286
37.1048
37.619
52.1429
27.8952
14.2762
30.4381
24.1905
14.4
43.0286
67.0095
38.1238
13.6857
34.4762
28.3619
53.181
29.4762
85.2571
55.0095
22.1524
15.9048
11.8571
20.8476
42.0571
17.1905
73.2286
22.1143
9.24762
21.5714
10.181
43.7619
44.4381
21.7238
13.6762
44.3143
31.8476
24.8857
47.8952
40.4952
47.2857
8.34286
10.2476
6.33333
31.0381
10.419
21.2286
81.0857
54.8381
5.73333
17.9238
12.7524
46.619
43.1333
40.2095
42.219
38.619
41.1524
17.9905
20.8476
29.4095
26.7429
7.40952
15.3238
29.6762
9.6381
40.9714
23.7143
8.68571
20.1333
24.019
41.0762
22.2095
20.2857
23.8381
57.9714
41.2
47.5143
53.6381
19.2381
73.4095
58.3905
38.4857
28.6095
25.6857
61.8571
44.9238
73.9619
11.2952
75.6857
36.2286
23.6857
35.2571
41.619
4.12381
14.0952
16.4
68.6286
45.4762
38.2667
56.2
11.4286
53.6
32.419
14.2762
44.8667
8.75238
17.3714
16.9714
46.2381
36.581
14.7429
38.1619
32.3238
25.4095
25.3905
23.5333
44.419
32.419
21.7714
56.9143
61.5048
4.34286
12.1524
18.5714
11.4667
50.1048
7.89524
55.8952
29.1714
15.0571
6.65714
19.3429
20.4286
44.6
56.4095
7.97143
23.5714
54.8
13.9048
10.1524
23.4952
10.5048
14.6857
7.82857
21.4952
22.7524
30.9333
35.7524
88.9905
10.0857
17.1524
70.0286
37.3238
7.57143
14.1429
9.00952
13.5048
40.219
25.6476
15.9714
21.3429
45.6
20.4381
69.4
21.9238
45.2476
39.819
47.1238
48.0286
15.5524
18.1048
20.0571
31.5143
55.4381
16.1619
23.1048
58.8857
38.781
43.5619
39.619
30.4857
5.13333
11.2
37.8952
37.3143
35.8571
32.3905
35.5333
32.1333
18.8381
55.7619
37.5048
30.781
42.819
11.1714
31.5048
57.2
38.381
20.2667
44.5048
10.7333
50.9048
18.8476
29.4476
26.3333
46.1429
9.2
33.7714
14.3238
13.1048
48.6952
64.6476
23.8857
19.3905
19.3905
49.7714
10.181
44.419
21.0762
18.4762
44.8857
40.9238
31.0381
16.419
14.5238
26.9714
31.7524
34.7333
6.90476
48.8095
14.4381
48.2
60.581
23.0952
27.8286
36.1429
44.0286
64.3714
10.0381
22.9619
69.2
48.0095
43
9.68571
7.4381
13.8571
19.8286
25.2
66.5143
6.25714
9.04762
35.2952
20.7048
8.8
27.9143
17.3333
61.4857
22.6762
24.781
42.2
53.5524
15.0857
20.3048
5.2
7.26667
21.9524
41.3048
11.0857
58.0286
34.7238
29.4286
24.0095
22.2762
18
99.1333
12.9714
47.6952
43.4952
29.8857
64.4952
11.5333
17.5524
85
16.3048
42.981
37.1333
25.6571
42.581
22.2286
78.9238
39.6571
43.7333
31.9333
24.6667
15.2
38.1048
10.4
37.1714
24.2667
12.7143
56.5524
40.1714
64.4476
35.6476
16.9048
57.2476
29.8667
42.981
26.7905
12.5619
39.1619
61.6476
49.4286
22.8762
21.8952
46.5619
5.02857
8.6381
62.3048
71.6286
20.8286
6.30476
24.2476
4.4
30.4952
35.5048
16.8
32.0286
34.4476
48.7048
39.6476
37.0667
96.3429
8.62857
26.6952
53.0667
34.219
14.1429
20.2952
47.0571
53.9333
21.2952
16.781
17.4667
42.4857
22.8476
18.0762
23.0286
30.8095
23.9619
30.8476
14.2286
11.0762
8.75238
19.9333
30.419
17.7333
24.3524
37.7524
31.2952
37.2
18.5524
49.6762
42.5714
34.8286
6.33333
51.6571
8.98095
4.34286
13.781
32.3905
27
6
4.4381
30.419
41.4667
32.7143
15.8476
37.619
34.6952
15.2286
40.1143
19.7238
39.7238
12.2952
16.7143
16.1524
40.6571
10.3429
42.3619
14.0857
29.2286
16.6476
56.4286
33.6571
11.5619
32.9714
13.6667
7.3619
20.0667
7.26667
17.7905
51.619
57.8095
52.5333
29.8762
12.3619
40.0381
18.8762
20.8571
31.9048
50.3333
9.17143
14.7524
20.2952
15.8952
25.1524
39.0667
31.4095
24.1905
39.6
13.219
38.2476
29.6952
42.419
21.3524
42.7429
38.8381
31.2095
14.4286
24.7048
41.6857
39.7238
23.9333
17.3143
12.019
19.219
9.04762
7.6
52.3524
48.3905
23.4095
43.7714
82.0286
37.5619
5.74286
17.5333
45.8952
47.9619
15.1714
29.7524
56.9429
49.5143
12.5429
65.0476
42.581
44.5048
41.1143
17.7714
13.2286
80.2667
26.2286
65.4952
33.4857
45.2667
9.55238
13.2857
40.8095
40.6571
30.0952
44.9905
15.0476
56.9143
51.2762
11.8381
46.5905
49.4095
42.9429
22.1524
55.7048
22.6476
56.1714
10.5714
17.9905
23.2667
36.6381
37.7619
59.381
59.819
62.6667
6.14286
8.64762
6.5619
16.2571
20.8381
40.3714
35.8952
68.1333
17.0381
48.7714
16.0571
22.0286
50.9048
29.5619
39.0857
22.8667
50.5429
44.0286
17.2762
11.5429
40.819
6.6381
20.2
48.3905
57.7429
20.7333
22.7905
21.981
17.6095
9.39048
20.7333
52.7524
15.4
41.7714
42.819
65.7429
52.5619
49.7429
40.2857
48.7429
15.819
42.381
39.1524
15.5524
10.2762
44.181
55.4857
4.13333
34.1905
52.9714
20.9429
73.1238
39.5905
33.619
19.3048
22.781
75.5143
13.8571
43.9619
82.7143
25.9143
20.0571
30.0095
29.4571
31.2571
19.5524
14.9143
7.46667
36.6381
51.8857
57.1048
26.5429
32.7238
50.6286
21.0762
58.9048
27.9524
58.5238
45.6286
22.4381
40.3905
25.9238
43.0952
65.4857
36.1714
33.8952
11.3524
40.9905
29.0095
11.9333
26.1143
6.19048
6.04762
24.1524
40.9143
16.8476
40.4571
73.8857
44.5619
47.0286
12.419
13.781
48.7238
37.7143
18.2762
12.1143
15.7905
13.1048
35.1714
54.2286
22.6381
73.5333
16.4571
17.2095
11.2286
6.73333
52.9619
17.4571
63.7429
6.4381
17.2571
30.3333
54.6571
40.6857
38.3333
35
40.8286
26.8381
18.1238
30.219
20.1429
7.59048
24.5714
6.00952
41.8762
8.13333
60.8286
15.3524
30.5429
37.3714
49.4286
52.1238
45.9333
15.3905
62.7714
53.2286
28.3905
42.3333
12.9524
62.4857
48.0571
32.4762
14.2952
32.9714
28.2857
28.2571
4.94286
27.2571
23.3524
15.2571
29.6762
5.86667
30.1429
17.1238
16.9619
53.7524
60.4857
25.1333
54.8952
27.6571
14.8381
7.2
18.3333
19.6857
22.1619
28.5333
56.4952
12.1714
10.8
11.4857
37.981
69.981
37.7143
27.5143
24.6286
7.11429
35.219
30.0476
14.3524
34.8952
55.381
31.3333
56.7143
16.9714
22.2286
41.9714
20.4286
19.981
48.1905
24.7905
46.7048
29.5714
29.819
22.0286
7.05714
10.5619
6.85714
45.1714
12.4095
21.3048
25.6857
11.1714
54.0381
26.6476
45.1714
46.1714
30.8476
4.30476
29.5714
39.5905
28.8857
27.4952
5.80952
27.8952
53.5238
33.0286
44.5714
25.7429
11.4381
7.14286
28.5048
13.9238
12.4571
26.6381
38.6571
23.1429
10.5619
25.4857
38.5619
9.45714
31.8667
45.3905
13.5048
40.4381
27.4667
54.9143
31.8381
11.6286
38.2857
37.6
40.1619
32.819
6.18095
4.57143
11.3048
40.9333
4.46667
11.6571
5.60952
43.9238
21.2476
26.1143
46.1714
31.6571
26.381
10.7143
10.6286
23.0952
20.6667
68.2
20.3238
60.4857
23.9429
36.2667
22.2095
8.91429
46.2095
6.40952
4.8
20.1143
32.2381
57.7429
79.5905
20.7524
36.819
29.2571
32.2762
16.4381
35.2476
39.9238
34.9143
45.8762
20.3714
72.2762
20.9524
23.181
12.0286
33.5143
18.6286
18.1619
24.7333
35.2095
18.1143
50.981
37.7143
8.59048
23.6857
11.0667
11.6
26.4857
48.1905
10.6762
46.6762
27.0476
28.9429
9.2381
18.4571
6.4381
20.8571
24.6286
15.8095
38.3429
14.6095
33.6381
15.2286
52.8
26.6095
78.2667
9.18095
39.5238
28.819
31.4571
20.1524
41.3333
31.0286
43.0952
34.4762
15.7524
40.0952
51.5238
19.181
52.8762
22.4381
48.7143
65.3429
14.3048
19.8762
15.6
17.0381
36.5429
19.6571
26.7429
24.3429
20.0381
21.5238
51.1429
15.581
9.87619
28.7238
35.0571
24.781
23.7714
17.4095
14.1333
56.9524
41.4095
23.1619
28.1333
24.0381
36.5238
38.8286
6.9619
30.2095
9.65714
9.71429
28.4381
51.3333
43.9905
26.9238
23.8476
13.8667
23.781
24.9905
43.0762
31.6095
19.9429
17.7238
36.0667
11.5619
9.10476
21.0476
8.00952
17.3524
62.2571
4.6381
6.46667
42.981
15.781
15.181
59.0476
32.9333
9.88571
35.6762
8.13333
18.2381
37.6571
27.0381
9.73333
23.1048
10.0667
33.7524
47.5238
16.019
20.9524
9.49524
20.9048
4.99048
43.7333
31.0476
7.2
48.0952
11.7905
11.019
32.9429
28.0095
42.0857
45.3714
53.5048
22.9714
41.8
7.69524
34.0571
28.8
68.6857
34.9905
44.0286
57.0667
45.6095
6.1619
31.8762
21.9524
25.619
38.981
33.0857
23.981
27.0667
14.9905
29.2571
9.60952
44.6095
15.4857
30.0095
17.019
17.8571
44.4762
11.019
60.4857
22.5524
78.1238
13.1619
7.65714
40.7524
41.4857
12.619
48.5905
17.9619
39.2952
96.181
75.3619
12.6476
37.8571
14.7048
54.2667
45.4
13.6857
47.781
6.0381
12.1143
34.9524
22.5429
26.4952
37.8381
64.4857
41.9238
15.0762
7.14286
20.9619
45.5238
48.1048
24.9238
34.4095
35.9143
10.0952
45.9238
26.981
54.219
37.7143
31.1524
59.9238
45.6
18.781
36.1619
47.3714
25.3238
50.7905
38.0095
29.1524
46.219
77.2857
34.3048
8.48571
22.8762
18.3905
32.9048
40.419
37.8762
42.781
7.69524
27.8095
20.6571
32.381
28.7048
59.219
20.6667
22.9429
5.52381
4.06667
16.9714
44.4476
7.82857
27.9429
38.4
70.8952
44.9429
33.981
25.619
45.3143
26.1238
25.1333
15.8857
52.5619
63.6857
39.3143
17.5238
29.4381
52.4476
23.2762
27.7714
15.3524
10.7619
9.6381
24.4667
11.3524
13.4381
32.9524
14.3333
45.5429
60.5143
47.1714
24.5238
5.4
16.9429
18.2095
58.4381
27.4762
84.9238
21.7714
4.38095
44.9429
22.2095
31.9048
30
34.5238
35.8381
15.8286
35.9238
25.0667
82.4381
12.9238
34.3333
21.7714
9.64762
38.0952
30.8286
58.781
29.6286
17.2381
34.0286
39.4286
32.2571
42.0952
7.4381
46.5429
24.1143
56.6095
27.4095
48.1238
47.3048
36.2095
69.3524
31.1619
12.3143
20.7905
56.0381
24.5619
34.4476
29.0571
5.8
13.5238
21.3048
38.5143
62.1048
36.2857
23.219
36.1333
21.9905
34.4286
11.8857
10.5333
21.9524
20.0667
26.4476
14.5048
9.70476
11.5429
7.42857
13.2095
21.019
11.1524
24.1905
16.0286
76.2476
31.3238
43.3524
6.04762
36.8857
23.3429
31.9714
41.1429
77.6857
12.0857
8.30476
4.33333
41.3905
27.4857
21.9619
13.2667
37.2762
55.9143
24.3619
32.219
38.3429
28
13.2381
57.7333
26.9714
10.6286
7.91429
36.5238
26.4381
49.0381
39.8857
26.819
70.7048
23.6
44.5905
9.69524
11.5238
29.181
27.8667
17.8381
19.8095
7.33333
30.619
40.2952
24.0952
16.8571
37.6571
25.3238
20.5143
26.1905
5.09524
29.3714
24.8952
7.32381
36.981
40.2667
38.6095
25.7524
7.98095
15.0476
19.2857
69.8857
40.181
4.45714
12.0381
38.5714
10.0762
20.2762
13.3714
34.5619
36.3238
44.6095
46.9143
42.581
8
32.5524
9.68571
32.819
66.5333
29.0667
27.8952
59.0381
52.8476
5.4381
9.5619
8.86667
48.2952
13.0476
10.7714
13.5429
6.3619
7.06667
4.09524
68.3143
21.7905
36.6381
13.0667
18.781
27.0476
20.9524
15.7619
17.4286
33.3905
13.1905
7.4381
18.3524
16.7619
60.7238
44.5619
47.8095
61.9714
12.8286
42.2381
46.4
50.8667
25.0286
44.2095
13.2667
39.1429
60.219
33.9048
12.1524
14.819
23.9429
48.1048
13.5714
6.21905
38.1714
51.3429
7.91429
53.4
45.581
6.11429
8.47619
58.7429
29.7429
19.419
13.419
37.6
7.88571
12.6952
28.7048
4.46667
23.4667
54.581
21.1619
39.3238
7.09524
41.1714
24.3524
18.5048
29.0571
13.6381
24.419
22.0952
13.7619
40.819
54.581
19.8286
36.5619
41.2667
20.9619
28.6667
8.8
7.53333
14.3238
23.6952
31.9429
18.5714
10.2476
24.181
18.4095
11.181
44.5333
24.3905
18.5619
30.5333
10.7238
28.3714
17.3905
20.0667
10.9238
32.7619
18.0762
21.0667
109.838
52.1238
37.4762
31.4857
11.9048
36.381
36.5429
55.7333
37.6476
27.9619
41.4667
53.6762
31.0286
34.4476
25.5333
26.581
10.3048
11.9905
8.71429
25.619
73.1048
21.8952
28.6286
47.3238
14.0476
38.6
9.31429
33.0095
8
24.419
40.7333
26.9048
4.59048
19.219
43.0667
10.419
38.381
32.6095
45.8
40.5143
11.6381
32.7619
14.5333
21.3238
51.0286
55.2857
23.981
35.5143
13.7238
18.8286
67
14.4095
22.5524
21.5714
30.4
7.67619
34.3048
12.7238
31.5619
35.9048
11.4667
52.9619
29.0857
33.1238
44.1714
45.8857
36.0476
28.7238
49.9333
19.4286
20.5905
57.7524
21.6476
15.3238
11.3905
42.7333
46.2286
6.12381
33.7619
26.8857
34.8952
22.4
13.8667
35.9429
52.5333
51.4381
45.6286
32.0286
42.1524
27.181
28.3619
7.26667
57.9619
34.019
38.6286
57.2952
14.0286
23.6667
28.0571
54.5619
16.7524
36.6667
16.981
10.5333
12.619
32.7714
47.4762
8.09524
27.5429
13.4571
43.6667
10.6667
33.8095
32.8762
34.3714
22.1429
12.2381
33.3714
41.0381
72.5524
55.7238
25.581
29.3238
15.7905
6.73333
5.05714
40.8667
7.58095
9.74286
38.1714
31.0952
25.9429
44.4571
11.5048
19.3524
27.3429
8.44762
32.9429
5.82857
24
43.781
42.3238
63.8286
38.181
23.7905
24.8095
19.7143
15.3143
9.65714
18.1238
11.219
25.8476
62.6857
32.8857
22.9524
17.0667
8.93333
17.1048
32.5619
44.8
39.6286
34.6762
50.8476
19.1524
37.1619
30.1524
36.419
37.6952
52.3143
11.7905
49.4571
14.0762
12.8381
39.8952
21.0476
33.419
35
21.619
21.2476
29.5905
38.0952
50.3524
11.8095
37.6476
66.8762
19.4952
22.2571
60.4476
27.8952
30.3524
14.419
33.3524
13.1333
34.9714
11.3333
42.7048
35.6286
44.8762
4.57143
18.0857
18.6952
36.6952
16.6857
23.3143
5.52381
47.3619
14.4952
81.1524
17.4476
24.9619
23.9238
10.0095
20.5333
31.1333
7.7619
20.619
25.6286
15.5333
12.381
27.6476
22.4
26.3048
25.5619
14.6286
14.219
79.5714
26.7143
16.1524
34.6381
5.39048
35.4857
16.1143
19.5238
25.5238
38.5238
27.0095
46.581
20.2762
7.80952
21.5238
28.6381
12.6667
15.381
14.7905
20.6381
30.9619
58.7524
28.5429
13.0095
48.3429
81.7905
12.9048
6.62857
33.0095
5.26667
40.2286
71.5429
37.9238
58.1619
32.9143
17.1619
20.9048
16.7619
4.49524
39.0762
24.6762
26.8286
18.3619
39.1238
22.0762
29.181
18.3048
38.019
30.0667
14.6952
42.3048
28.8857
13.9429
41.2095
9.20952
28.7048
33.5714
22.2952
15.5333
40.4857
9.8381
8.81905
18
4.61905
52.019
22.0476
58.5048
46.4286
9.0381
28.3048
26.7524
5.7619
42.0571
10.819
65.7524
39.8476
60.3333
5.5619
21.2476
27.8952
28.181
12.4476
34.581
56.6381
24.9524
4.22857
29.9429
15.1333
65.1143
48.5619
24.4762
48.4
33.4095
19.1619
28.3429
43.8762
9.95238
39.0381
12.0857
26.8857
21.3333
39.5905
29.2952
5.09524
48.6
60.9143
45.1048
12.6952
20.2381
41.3905
24.8667
62.3048
57.2857
17.781
28.7714
24.4571
51.4476
34.419
42.019
15.781
11.619
18.1143
53.9524
8.13333
45.9048
23.8095
25.8381
25.7524
29.4571
34.6095
61.5048
15.0286
8.60952
42.7905
6.57143
11.419
31.819
46.4381
21.6571
24.3905
50.8095
52.7333
66.5048
30.5619
39.4286
33.1524
61.5714
45.8476
7.53333
45.6762
30.1048
18.019
7.1619
12.8762
13.9714
26.4667
12.219
15.2762
16
49.181
27.9619
36.581
40.2952
25.9905
23.6857
6.31429
50.1619
39.1333
21.2857
11.219
31.4476
27.019
45.1048
29.4476
39.7619
20.5619
34.4
23.3524
9.61905
19.1238
41.4857
30.181
31.2857
15.7524
12.8095
13.9524
56.3048
31.7238
16.3714
23.9524
52.619
41.1905
23.3524
31.2571
9.08571
10.0476
53.7143
9.62857
15.4571
16.8857
32.9524
10
34.8476
5.31429
34.8857
44.219
19.4381
5.47619
36.1619
42.1333
35.7429
5.95238
25.5714
22.1238
28.3619
48.6476
25.6
13.3143
8.82857
37.9333
38.7524
16.7714
22.0476
15.6095
11.1333
15.0286
7.80952
10.6476
10.381
28.181
30.2286
12.2476
24.4762
47
36.6952
15.2952
73
27.0476
29.2571
31.219
27.7143
67.7143
21.6381
6.14286
31.4
37.1619
28.981
61.1619
19.6
43.4857
49.019
11.5524
11.7524
56.4095
56.0762
11.3143
16.3143
34.3429
32.5333
20.4
35.3048
31.381
61.9619
53.9429
47.0952
17.5714
55.5238
16.2762
13.2762
6.29524
20.8286
43.5143
9.64762
10.9524
58.619
20.6571
35.1429
19.2476
9.81905
72.2286
30.4571
44.4
93.7333
17.981
11.9429
10.5905
46.8095
23.419
34.4952
52.581
7.33333
23
34.9333
28.1143
53.8667
47.6286
42.419
26.219
36.4286
23.6667
47.9619
18.6952
68.019
24.619
22.4952
12.5714
39.3238
42.1143
14.5524
25.3333
24.2667
7.93333
5.14286
72.5333
4.90476
6.92381
14.7143
20.2095
39.0571
36.6095
40.619
26.9429
31.5333
25.5714
19.7048
5.17143
32.1714
15.0381
14.0571
45.4286
5.01905
40.3524
63.2952
40.5714
35.3619
24.5333
25.7143
26.4762
5.17143
22.1905
11.3143
8.81905
59.6952
38.8667
17.5048
10.219
85.0095
45.1619
56.5048
24.2857
7.99048
24.3905
18.5905
18.419
43.581
34.4762
45.0571
37.6952
21.7524
9.30476
51.6381
52.6095
16.5524
11.5905
24.2095
23.3619
20.5619
18.0952
28.2476
31.3143
29.2667
56.7524
12.3238
54.4286
5.95238
10.3905
20.581
6.08571
40.6
10.1238
66.8952
34.0857
18.7905
56.7238
12.6762
55.5333
40.4476
10.0571
14.0095
32.9619
17.0667
35.8952
47.4667
13.4762
14.6571
23.7143
16.2952
11.8952
6.6381
38.6857
10.9333
7.07619
8.04762
27.819
44.9048
13.7048
78.3048
47.9905
16.7143
52.381
6.82857
26.5048
5.17143
54.5333
50.3714
43.6095
46.4667
40.1333
18.6857
7.77143
27.5619
49.1333
25.5714
41.819
35.8857
20.2381
21.1619
49.9333
34.6571
20.3238
49.6476
29.5143
11.2667
53.8762
44.381
14.3619
58.3429
15.181
13.7143
37.7905
32.419
29.7238
6.77143
73.0476
16.5143
29.4762
53.4095
43.8286
43.8857
11.1524
19.7048
12.8
14.0571
12.019
65.4095
22.9238
11.2857
11.6952
12.2381
10.7429
31.9143
21.8
20.9714
34.6571
34.1429
10.2571
8.46667
33.2286
5.92381
24.2857
9.6381
32.9714
22.5143
32.3524
21.2762
10.6381
21.8476
43.1333
13.5429
34.5619
19.0571
27.1905
25.6667
72.7714
40.6952
8.62857
60.0667
23.4571
10.5905
8.81905
22.4571
40.0952
17.0571
17.5619
11.4667
65.6381
13.8667
17.2
25.5524
66.0571
47.8286
23.6476
29.1714
24.6
55.4476
39.4857
50.8667
10.3714
37.4095
20.381
50.2952
24.5333
8.73333
42.381
25.6762
68.1238
19.0381
18.6095
72.9143
17.0571
94.8
25.5333
31.5524
40.2762
18.3333
9.06667
39.6381
41.5429
12.0667
50.8571
9.0381
26.1238
35.8476
17.7619
7.13333
44.8381
44.8
35.819
42.0476
22.819
47.7238
41.5905
9.82857
28.1524
6.08571
6.2381
11.0762
21.1524
58.9905
14.5429
36.5524
39.0381
42.0952
16.4762
48.1619
16.1714
21.0095
43.4762
5.68571
41.3619
10.1143
37.4762
5.32381
30.3714
47.8762
32.5048
21.819
18.4762
8.4
27.1619
19.4857
27.0095
39.1524
31.8571
56.4952
20.7238
16.4667
33.5524
33.2952
54.8952
39.1524
48.219
16.7143
26.8667
26.2095
7.6
60.6857
30.6857
51.8571
38.819
59.6762
19.1048
79.6476
46.4476
31.4
21.4476
16.1714
9.52381
165.267
22.019
11.9714
34.7619
18.5048
21.781
24.3238
58
13.4762
59.6571
32.0476
4.60952
8.26667
38.3143
7.52381
6.28571
23.2381
55.5714
8.90476
16.8952
42.8381
30.1714
67.9048
48.819
26.819
6.53333
35.8762
21.3714
48.3333
7.61905
73.2095
33.4762
6.79048
19.5143
14.7905
10.9048
18.7048
6.45714
9.86667
32.4095
31.8952
35.4381
9.18095
39.8
30.2667
32.1905
18.981
31.6571
9.38095
28.1429
12.6762
48.1619
49.6667
42.3714
13.6381
28.5714
62.7714
32.7619
69.9238
11.5905
34.9905
28.5143
33
7.44762
11.6381
15.6762
20.1619
24.0571
60.581
45.6857
35.8762
28.7048
19.5714
8.28571
38.2
24.0762
19.581
24.8476
30.981
19.6
37.981
7.47619
9.04762
20.1238
32.9429
53.1429
4.64762
33.9333
41.1238
53.7143
18.819
70.8571
50.4286
6.93333
22.8762
64.9238
74.8762
20.9905
32.3524
48.2
18.8
24.2
30.1333
20.3524
34.8476
24.9429
27.6857
42.2762
43.9333
59.7333
7.22857
27.8381
14.5333
34.0381
35.3429
24.0667
27.6667
25.2762
13.5238
28.0381
26.0095
27.981
10.9619
26.3048
33.2571
21.619
28.8571
6.68571
35.4857
28.3238
28.1619
13.6381
33.0476
19.8381
10.9905
17.8857
22.7048
7.57143
20.5905
43.1143
37.019
16.7714
28.0857
13.5905
25.6857
14.4571
13.2095
52.381
28.0952
30.4952
36.819
26.8476
30.3333
28.2286
23.2381
6.32381
19.381
10.2286
71.8571
14.5238
24.7905
11.1619
13.7524
30.6381
19.581
35.9619
38.5905
20.019
27.181
5.68571
52.9905
9.2
39.8571
9.37143
40
16.3429
8.70476
45.2857
29.1238
28.1429
16.5619
13.219
11.4667
8.13333
32.3048
19.3048
26.9238
27.619
8.20952
63.381
41.9714
49.1048
30.1238
45.6095
41.619
33.8381
21.8
61.819
11.8476
26.1714
41.381
30.5714
45.6952
26.219
11.0857
5
37.5333
5.40952
23.7238
6.04762
18.981
43.3048
25.7905
32.1714
26.4476
7.77143
20.7714
26.1333
18.6286
11.8381
21.8571
29.4762
19.2095
19.3905
11.619
16.619
30.581
6.38095
10.4
24.7238
26.1524
52.7905
26.8952
59.0952
49.3524
22.019
12.1714
18.8
23.7905
8.12381
28.6476
10.6667
35.8857
46.8286
41.0952
62.2762
26.1905
17.0476
54.9524
13.1714
46.0381
35.019
32.8762
19.6476
31.4571
34.1905
31.7238
12.1619
8.1619
35.3238
6.26667
41.8095
6.41905
24.7429
35.8762
49.3905
60.9619
68.0476
55.2857
18.6
18.9619
18.8286
38.7048
4.2381
14.1619
39.5429
31.9905
8.15238
10.1524
5.41905
10.3905
64.2667
60.6476
9.39048
44.3905
11.4476
46.6762
33.5429
6
8.33333
25.9619
35.7619
35.4095
69.6
34.8095
5.87619
37.9048
70.0762
4.94286
31.9048
15.9238
15.9048
30.8476
11.4476
62
15.619
81.419
33.5143
10.4095
5.71429
75.7429
24.3905
19.2476
60.5429
32.5238
11.1143
46.019
11.8571
7.15238
61.3905
7.35238
27.3714
17.9143
29.9048
21.3333
14.4952
25.4476
32.581
36.0667
35
70.0762
33.9333
19.0476
71.9143
34.5238
37.7429
27.2095
11.9048
10.0286
7.34286
11.9429
30.381
5.46667
50.4667
47.4286
15.1714
15.0095
17.619
10.5048
20.0857
21.5143
35.1905
7.19048
23.4286
63.5905
57.1048
22.3048
19.1238
21.581
61.1619
10.1905
13.5619
27.3238
37.0952
42.7524
38.819
16.7905
28.5714
22.6
48.4
15.3143
5.09524
44.181
19.9143
39.8
27.4
43.2762
25.9714
15.7905
23.0476
43.4095
10.5333
28.3333
52.7714
52.8476
29.7238
28.5619
48.8571
29.1524
33.4667
15.9143
4.17143
30.3429
23.619
14.6857
28.0857
34.019
30.019
7.29524
30.6762
33.3048
57.3238
23.6095
34.9524
25.0095
15.2381
39.5333
10.4
22.1143
4.26667
40.8
13.7429
50.4857
55.5238
12.781
14.219
5.9619
48.6095
25.4381
50.6667
6.25714
17.8
11.3619
25.9143
34.7143
35.8762
7.28571
37.219
30.8095
45.5905
39.2381
37.3429
44.381
21.9619
22.9429
48.5524
63.3238
9.9619
69.819
40.1714
10.019
53.019
26.4762
16.6476
9.1619
48.6095
15.781
26.5238
7.25714
37.1238
13.2571
14.7143
5.5619
55.0286
57.5714
48.019
18.5714
4.07619
41.6381
74.7143
16.8095
37.6476
13.3905
51.4
31.7429
15.7048
21.219
44.1143
4.5619
5.65714
32.6381
32.5238
52.3238
45.8095
50.2476
5.49524
12.7238
68.1238
5.21905
51.8762
21.0857
35.7905
16.0762
60
27.9905
33.2476
19.2
13.8952
48.6667
12.4952
21.7619
36.2286
49.9905
28.6286
36.4286
56.8667
77.3619
15.2667
49.4
19.0667
4.50476
43.9333
32.6095
51.2857
13.4
13.0286
25.219
44.7429
40.1048
15.0476
4.70476
32.2952
24.6571
37.7524
10.819
23.419
17.6286
47.0381
15.0667
31.5048
30.5905
25.8286
31.4
41.7143
41.4476
10.6286
64.5524
8.68571
30.4381
25.581
8.08571
20.2952
18.6857
23.8571
18.0381
32.3429
42.9619
18.2952
11.0095
26.219
8.46667
4.74286
4.99048
33.8476
23.8286
27.3143
6.87619
47.4095
28.5333
15.7524
9.37143
39.2667
30.9524
38.3714
29.6952
11.8095
47.2
26.6381
8.34286
11.6381
46.4381
22.0857
42.381
6.20952
17.2857
6
29.6286
12.581
13.3238
41.219
16.2286
26.1238
17.9238
22.1048
25.4381
46.9048
36.2
4.04762
14.4
14.3714
7.34286
29.3143
34.4952
24.6
29.2381
43.0476
29.2762
23.9905
47.4
16.3143
57.7429
23.6286
36.2571
10.019
24.6667
13.4095
42
7.0381
12.2476
43.3714
30.3143
8.87619
6.39048
28.9143
27.9333
33.6571
11.419
71.6762
70.3048
37.7524
4.81905
13.8571
46.181
12.8571
16.019
21.0476
32.7333
42.8381
11.4286
9.59048
17.181
23
23.3619
58.9714
26.2381
16.4667
39.6286
28.2381
37.5143
10.5048
12.781
28.0095
19.4476
19.7714
8.68571
22.4762
10.5238
21.7619
30.181
26.9333
38.7143
38.3048
18.7714
47.4571
44.6381
34.1619
25.8
11.381
7.78095
29.5524
66.9619
10.6667
25.5619
47.5619
25.5905
28.7524
5.90476
20.2286
21.2476
35.2667
43.9333
8.2381
33.8476
45.5619
9.55238
14.8762
16.4381
38.6762
24.3905
20.381
26.781
28.3048
20.5714
12.0571
43.0571
71.1429
23.6571
31.8095
36.1619
6.94286
234.476
17.581
27.581
25.7619
28.0667
52.0381
13.0476
14.2667
12.7524
8.9619
29.0667
4.66667
64.5714
10.1238
61.381
93.5333
9.61905
44.7048
11.3048
32.6952
16.6
8.73333
17.2952
20.5524
32.6476
5.17143
43.3333
64.7524
33.8095
54.4952
60.7619
72.4286
60.0095
44.6286
34.6952
22.0381
49.8952
51.3524
36.6667
22.3429
52.6381
39.781
26.7238
42.3619
8.42857
33.8571
28.581
52.8762
8.12381
20.219
8.87619
38.381
22.6476
10.7238
42.5524
23.2
29.6
32.5143
48.7238
30.5143
17.3048
16.181
11.4667
4.52381
32.6476
59.8857
4.45714
16.0095
39.7905
22.4476
15.8762
10.019
14.2667
9.2
26.9048
41.381
41.1143
27.4952
11.5714
69
63.8095
32.2286
6.45714
10.3048
4.92381
27.4286
41.1619
20.5429
38.8667
59.2857
18.6571
15.381
21.0476
26.6
50.9429
60.7333
24.9429
22.0762
12.8095
36.9905
17.4857
18.419
36
31.5524
14.9143
7.7619
30.5714
42.5333
16.5143
19.981
34.6381
21.6667
10.181
28.0857
27.0476
17.7429
28.9429
23.8095
29.4286
13.4
39.2
4.73333
51.9429
26.981
44.4571
40.4762
37.581
40
16.0381
57.9714
43.4571
9.69524
25.4095
12.9048
43.5619
40.981
16.619
41.3714
45.5905
22.6476
26.4
54.2952
52.181
13.2095
37.2381
39.6667
39.3619
15.0857
4.46667
14.019
13.3905
44.6571
8.85714
18.4476
38.3714
10.8857
16.1048
34.381
7.45714
42.4381
30.4476
14.3048
36.0381
22.0381
20.781
10.2762
34.9238
11.4381
37.5143
40.1524
39.8857
14.4667
24.4095
51.7905
34.6
11.1048
7.37143
43.619
25.4381
18.7143
6.49524
10.2
18.4095
45.6286
25.3143
28.2952
55.7143
10.3143
37.4095
12.2571
8.52381
26.9714
13.8476
18.4286
8.71429
73.2095
16.6476
6.6
30.4381
23.4667
31.8476
12.0762
22.9429
24.3048
17.1714
20.1238
44.6
22.8667
33.3905
20.2095
34.4952
10.4952
57.6381
7.18095
38.8762
22.381
69.4476
15.6286
36.0095
41.1048
14.6
23.9048
18.8952
27.9905
60.2762
9.10476
4.66667
17.3524
28.981
51
23.8571
23.5905
34.2381
7.4
29.6
39.6095
15.1524
49.7429
17.3238
23.1238
30.1143
32.7238
26.181
46.5143
14.0095
27.7905
4.8381
7.55238
19.9905
6.9619
67.8095
9.19048
26.2667
60.981
13.2667
22.0476
11.8
4.2381
12.9429
26.6952
14.4667
29.4857
4.94286
49.5905
21.6286
48.9524
57.3714
48.5905
38.3619
16.0667
19.6952
26.0095
55.5524
61.1143
7.30476
27.5619
15.6857
44.6095
42.9333
28.181
26.219
15.3238
50.9619
74.6762
33.0667
12.5048
30.8286
39.4
14.0857
24.1238
60.1048
36.3048
39.8952
32.6381
16.9238
58.6381
24.4
21.3048
26.4476
29.8667
22.1429
32.7143
42.9429
64.0952
13.0476
19.2571
9.17143
22.7714
7.10476
26.4762
64.4952
18.8667
6.20952
18.3429
41.6381
18
44.3714
43.6571
27.9714
7.20952
47.9238
59.7714
47.4952
75.2667
40.619
29.8857
26.6667
23.4952
33.5905
14.3905
57.4762
21.381
31.819
63.5238
19.4762
15.581
10.4095
30.7619
31.9714
9.20952
27.7143
24.619
51.2476
23.4952
22.3333
33.5048
63.3048
8.89524
33.6952
32.2286
14.4476
16.8667
53.8571
42.2286
58.0476
33.5333
19.4571
21.8762
24.7429
34.5524
30.4
8.61905
20.619
20.0286
31.0857
4.40952
37.4952
29.8381
24.8381
38.6095
32.9143
5.88571
35.1238
28.7714
28.0286
25.0476
32.2571
51.6952
21.219
11.5048
35.3619
24.2381
9.24762
63.4762
22.5238
71.5238
18.5714
44.1143
38.2667
18.4286
17.019
9.84762
14.8476
26.1905
5.54286
9.77143
4.82857
31.9333
8.94286
37.5714
24.2952
26.8286
14.5333
6.61905
8.13333
83.981
21.7524
8.57143
16.6286
32.3429
12.1048
48.2381
18.6571
7.06667
17.0667
61.1429
21.4095
29.381
85.2286
20.3048
51.5905
29.2
11.581
28.6571
18.1905
25.9619
46
32.8857
26.0476
48.4286
15.8857
33.5143
65.5048
29.9238
23.5524
11.6952
24.2571
8.55238
19.8
41.1619
4.88571
36.1143
62.3143
21.6381
15.4381
47.581
14.5143
6.30476
39.381
43.9048
19.5619
22.0952
41.2667
6.08571
33.6476
7.4
28.2952
36.2095
38.1143
33.1429
11.7905
20.5524
13.0095
5.53333
12.7333
42.4952
18.7429
23.1048
4.15238
16.9905
20.4381
32.8381
32.781
5.48571
29.5429
45.4762
14.8286
29.5619
11.1905
18.4571
16.9619
5.54286
45.581
27.6286
33.5333
32.8
20.5905
32.6571
23.6095
52.8857
28.0762
83.4476
41.1619
34.9429
42.6762
36.6286
34.5143
38.6476
27.4095
105.429
15.5619
17.4476
26.8286
20.1048
39.9905
18.4381
19.2476
10.9905
31.1143
38.581
9.3619
15.1429
32.6095
31.4095
48.9619
37.6381
42.3238
21.4762
54.6952
7.61905
22.7048
11.6476
26.1429
27.6762
61.8
47.0286
59.8476
30.9429
42.981
12.9619
8.06667
9.39048
43.8762
20.6381
26.3143
24.4381
54.1524
32.2286
31.4
62.5524
22.0095
51.3524
29.9333
72.0857
51.0762
37.9905
34.2857
45.2571
70.9048
20.3714
42.2286
8.95238
44.6
7.99048
37.5238
67.3333
16.2762
22.019
20.7714
5.72381
21.3905
23.7238
12.2381
8.1619
25.6952
67.1333
22.7714
56.6381
32.5143
24.1429
46
17.8857
5.1619
30.3429
16.4476
23.6857
39.1714
42.2
87.9238
33.5429
35.1619
29.1905
20.1048
7.39048
12.3905
44.4857
26.6952
25.9333
13.5333
9.80952
24.3524
37.8857
9.26667
22.4571
22.4095
56.6095
15.1619
26.0095
25.7619
33.0952
19.1619
5.78095
25.1333
20.1524
8.08571
11.0571
10.8
28.4952
13.7905
28.9143
50.9905
17.1429
69.9238
28
43.2381
9.06667
29.5333
30.7048
44.4762
50.8095
22.0476
49.619
15.1238
33.8381
30.1048
11.1238
9.22857
31.2095
8.2
23.4571
35.981
14.2762
62.7048
52.9524
26.1905
25.1905
26.1048
4.50476
15.6476
8.8381
21.3333
11.9619
53.0571
21.619
8.17143
7.89524
18.0095
32.5143
20.3143
26.3429
6.29524
48.7714
37.219
37.9714
29.4286
27.1238
13.2
25.2762
59.1429
64.2286
4.32381
83.3048
10.219
20.9429
37.1714
21.6667
16.1143
21.4095
15.1524
52.2095
21.6095
17.9048
21.9143
9.08571
23.8
38.0952
33.219
25.3905
23.7048
37.7143
32.8381
53.1619
39.8381
13.6667
32.8
10.4857
6.66667
30.6762
27.9333
41.8476
15.4286
32
7.49524
19.7619
46.6476
54.7524
11.2095
28.5143
33.8476
54.6571
16.0381
15.1048
23.4571
61.7429
11.8476
46.2571
9.33333
28.5238
17.8762
17.7905
49.0857
6.6
30.7524
39.219
4.41905
52.4857
25.9429
30.1238
44.981
22.2762
11.2
22.4095
14.9048
19.2857
8.28571
25.0286
12.7333
16.581
11.1048
15.2286
19.8095
44.6571
13.3905
85.5143
19.6095
4.75238
49.381
13.9524
9.69524
32.5333
31.1524
59.0571
6.12381
37.3333
10.4286
23.0857
78.2571
72.2762
15.0095
10.9714
33.2762
25.7714
26.0095
31.5048
5.73333
13.2667
18.1143
35.8571
14.581
39.0381
17.1905
70.5048
9.2381
19.7905
21.7333
74.0476
41.2476
29.3714
19.8952
6.09524
15.9905
5.92381
74.0571
37.1429
47.9619
28.4857
31.219
40.1905
34.0667
29.2762
23.8952
56.8667
30.6857
6.13333
23.5143
29.2762
69.219
16.6095
27.4095
21.2476
39.0571
42.0762
46.0571
62.7905
10.7238
34.7619
57.3905
25.8381
27.5143
20.1143
32.2095
6.13333
17.9619
7.6
36.219
4.62857
49.2667
69.5048
16.6095
65.8762
13.4286
31.4667
6.06667
15.581
39
11.1143
12.3619
39.8667
67.1619
33.1429
49.0476
44.2476
46.981
35.9524
55.781
6.7619
28.019
37.1333
45.5905
29.819
19.0095
22.2476
11.4571
13.4857
14.581
6.73333
31.7238
13.9905
50.2095
6.55238
58.6952
46.8762
50.7143
14.0857
58.9619
59.619
15.6571
22.5905
48.2857
14.1619
50.6476
9.39048
6.5619
27.619
6.88571
22.781
23.1714
51.9048
29.8571
23.4762
47.2762
23.4476
41.1238
30.7714
23.5905
40.9714
37.9714
37.5905
84.2
41.0857
15.5905
12.5238
26.581
40.419
30.7619
47.8095
22.819
6.09524
49.9333
61.0762
35.9238
14.2762
36.3429
44.2
36.1048
26.3238
30.2381
41.4286
7.53333
41.8381
10.2476
51.2857
37.9619
20.7429
16.0095
36.9238
17.2952
39.8095
56.3524
4.20952
23.9143
59.3619
42.4095
54.181
50.5429
20.0952
6.66667
5.8381
34.0381
57.9619
24.3524
34.3048
100.648
63.0762
59.8667
31.3143
41.581
46.8
28.0381
9.73333
12.9238
9.21905
28.9333
8.29524
7.84762
7.07619
33.5714
33.9619
55.7333
40.5238
7.8381
10.4667
41.619
21.5333
12.2857
13.2571
40.5048
28.3619
53.2
19.4952
21.4857
27.6762
36.3429
41.7238
38.981
42.2381
65.019
27.6952
67.581
24.419
24.1238
6.34286
12.1048
24.5238
47.9905
26.6476
55.8762
40.2762
21.2571
16.4381
56.7714
15.5714
12.9429
10.8095
13.6286
13.4381
34.4857
10.2857
8.82857
14.0762
45.8952
62.9333
10.581
22.2381
14.5619
6.65714
22.3714
15.2476
33.0952
36.4952
8.70476
46.2667
22.2667
14.0667
12.619
5.31429
71.1714
39.1238
73.019
38.4095
29.6286
23.581
26.2
34.6857
43.8286
52.6095
15.2762
40.1238
8.31429
49.6667
53.2095
6.05714
63.6571
52.6952
11.3333
11.7333
14.4571
7.72381
24.9333
35.2571
23.0667
28.6476
21.5238
17.4381
48.1714
41.3333
19.781
18.2857
60.5429
7.67619
27.1143
43.3143
18.4952
4.41905
9.58095
32.9238
13.819
27.181
28.5143
26.0476
22.8952
29.0476
13.3143
7.50476
45.019
44.6952
37.5619
26.1714
13.381
15.9143
15.3714
47.4
15.7333
7.82857
15.6762
40.5333
10.4
10.419
45.8381
5.65714
9.4381
27.4667
14.5333
43.2381
45.7429
25.4286
53.1143
21.8476
37.5714
15.8667
43.9333
26.5048
11.6286
9.26667
4.69524
7.07619
20.6952
16.0381
12.1238
75.6952
34.4762
28
68.6381
40.6667
13.7048
68.0095
35.7333
26.981
49.7238
16.1238
44.9048
63.981
26.6857
39.181
30.2762
58.3619
69.5143
18.4571
40.7333
19.6762
18.9333
41.181
12.9333
10.5048
8.70476
62.9619
23.0571
6.09524
36.619
24.019
4.42857
17.1238
20.8095
16.6381
44.0667
35.6762
7.2381
8.50476
24.7048
37.2857
16.8667
44.5143
43.6952
55.9048
59.7524
22.7714
23.4667
6.6381
24.2095
26.5619
23.3905
29.0381
6.80952
18.981
43.5333
43.1238
30.9619
14.9714
46.6952
26.9429
73.8476
24.2095
44.9429
24.5333
21.6571
47.9524
36.2952
5.00952
27.5714
34.981
14.4571
16.4
50.3048
34.6571
13.8095
4.07619
20.7524
5.7619
65.6095
22.8952
44.5238
75.381
24.0381
57.4476
63.419
26.8286
42.9524
7.55238
19.9333
41.381
14.8476
16.6857
18.5524
39.5619
7.89524
7.45714
34.2571
24.5429
7.59048
15.3524
33.1143
28.9524
15.2571
52.419
19.6095
41.4
21.2857
7.30476
44.9238
36.8762
37.0476
21.7143
28.7048
37.3333
68.7333
41.9524
60.2
29.1429
29.6286
28.4952
19.381
92.2857
32.9238
23.2571
20.219
17.1524
10.8762
15.981
16.9238
19.3619
8.06667
18.6952
10.9238
13.0857
35.5238
25.7619
21.7429
28.1524
37.6667
50.419
17.9238
26.1524
9.35238
21.381
65.9429
12.819
11.6857
21.8381
16.5143
68.4857
8.30476
19.0857
25.8476
25.619
33.6286
18.4571
16.6952
8.5619
17.0095
6.06667
14.6762
46.4381
26.0476
28.5143
25.8476
9.85714
17.819
39.6
26.7619
56.3143
11.5143
44.9905
42.7619
35.2667
23.2952
32.2476
55.1048
19.4
43.4286
48.7238
12.1333
34.9238
35
32.3333
30.019
13.7714
21.4381
17.219
4.35238
14.4571
6.5619
45.2476
71.4095
17.0476
32.3048
8.69524
43.7143
31.6
34.9905
26.0952
64.581
15.981
6.02857
20.181
31.0667
53.1333
20.6
48.4857
9.6
33.7333
29.2857
15.181
46.7333
25.4762
19.1714
18.8095
11.5238
33.4381
31.2476
25.3905
40.1333
61.6667
20.6095
27.6571
28.9429
19.5905
23.3048
39.5048
36.7048
12.9333
53.3143
6.4381
31.9524
12.5143
72.6571
36.6095
14.3524
26.8762
36.2476
57.4095
14.7905
9.52381
13.819
38.9048
13.3714
30.9048
26.1333
10.1429
38.1524
15.7619
16.0571
4.11429
17.7143
8.82857
34.0381
20.6095
17.3524
56.4762
29.8762
12.3524
28.7714
38.6952
27.5143
39.4381
10
25.7333
11.2
18.8476
24.1429
12.7048
48.5619
11.619
15.3619
20.981
21.1429
5.04762
14.0381
27.8667
11.1524
38.3333
8.11429
29.9714
21.0476
33.4571
28.3619
32.3905
11.4667
38.2762
27.0762
33.7905
27.5238
26.5905
5.84762
29.5333
22.7905
11.4857
32.7714
33.6857
24.4095
6.18095
35.3333
35.781
12.5429
19.0476
7.06667
5.33333
82.0381
79.6762
37.9905
42.4
31.6095
14.0571
17.0952
13.219
22.0381
33.4381
5.6
66.4571
27.7429
35.1524
16.7714
4.33333
42.2571
8.87619
30.9714
7.93333
23.181
25.981
19.1238
50.4571
26.3714
14.5429
6.33333
9.69524
24.3143
16.8476
8.78095
20.9619
18.0857
62.6381
7.26667
33.3143
15.981
10.8667
11.4095
61.4095
62.6476
9.94286
18.6381
31.619
32.4476
67.6857
17.2
41.9619
22.8667
27.4
20.0095
6.41905
27.2476
40.381
59.4
17.5048
66.2286
10.6476
12.7238
31.7238
16.619
31.4762
19.8857
25.0667
16.2
36.2762
34.2857
7.47619
28.1905
7.1619
16.1619
32.6286
16.1143
17.5333
84.619
41.1333
30.0381
13.6381
24.0857
10.9429
21.6762
14.1714
54.4286
52.5238
19.2476
27.9048
56.1048
22.819
32.5429
29.9048
19.1238
31.6476
21.3333
51.0952
4.58095
19.981
22.6286
20.7524
28.3048
34.8571
20.8857
15.4667
5.87619
7.87619
32.0095
20.9048
7.85714
18.7238
7.28571
20.0762
12.3905
46.1429
39.8571
9.17143
27.2286
8.35238
44.0952
5.22857
27.3905
57.3333
31.7524
16.7333
8.06667
22.7905
26.3238
15.819
13.7333
8.74286
8.82857
19.5333
45.3714
14.4952
11.6381
20.7429
24.5238
28.0381
53.6857
8.39048
25.381
19.3429
37.8667
28.9619
16.6
12.4571
5.74286
53.5524
13.5619
57.3238
11.0095
44.4381
9.6
18.819
32.7619
37.7238
39.0381
23.1619
79.8
17.3714
30.6952
16.419
6.6
11.419
53.8095
43.0286
21.9619
8.66667
38.0762
31.4
19.5048
41.1429
4.29524
20.1619
23.8952
15.7238
24.4476
27.6857
42.3905
56.1524
16.9714
20.381
12.3143
9.10476
7.5619
11.819
64.5524
7.0381
27.3048
17.3238
12.4952
15.7429
7.24762
19.1238
51.2762
14.9048
6.41905
15.1333
24.9048
56.7619
59.9524
35.1238
17.1905
34.3524
9.29524
36.2857
4.19048
32.2286
15.0857
4.45714
14.8571
38.0571
26.7429
45.5238
38.3905
31.2857
45.2
22.3048
41.9048
31.8571
22.6762
20.6286
32.8286
36.2286
21.0476
37.4667
20.5429
49.981
15.8857
8.82857
46.6667
47.5143
36.0762
17.4381
9.37143
58.9905
9.71429
6.61905
70.2952
13.4952
25.0381
6.07619
60.9619
49.1143
23.3143
32.9905
19.2857
38.019
25.419
37.0381
31.7714
45.019
12.3048
4.91429
7.82857
37
33.4952
35.0571
6.88571
21.0095
28.6476
30.1619
43.1238
50.4952
39.2667
55.8667
49.7143
34.9619
7.06667
20.019
49.6286
27.7143
11.019
21.4381
13.4381
18.7524
16.1619
19.7619
42.0095
6.41905
28.8476
7.49524
10.2857
10.219
12.5524
10.9619
10.4095
38.0095
70.7524
27.7333
6.10476
82.3714
42.6476
51.6476
24.0095
42.8476
7.35238
16.4476
13.3429
18.6857
25.9429
25.7619
5.59048
12.4381
23.381
10.8286
24.9143
37.2857
18.2286
31.019
9.93333
37.7048
32.2476
6.87619
11.8571
31.9524
21.4857
33.0952
7.33333
31.7048
4.32381
55.3619
13.6095
29.8952
19.781
43.5238
28.4381
9.04762
89.8476
10.4
33.1143
77.0381
6.80952
11.7619
49.619
28.7619
40.1905
40.5429
7.19048
7.2381
23.6381
11.7048
33.0381
12.7333
34.7714
10.3429
33.0857
6.53333
34.5333
43.419
44.0952
15.6
54.4476
45.6476
13.181
57.581
25
10
11.019
57.3429
62.3714
36.2667
36.4381
20.3524
30.0952
11.381
38.1143
12.2
14.2095
31.6381
32.7238
34.581
30.4952
9.4381
15.6095
38.9619
21.1238
13.0286
48.9714
53.381
47.219
48.6762
31.4762
58.3429
41.5429
62.2286
25.819
18.7524
36.2857
10.7714
14.3905
7.74286
78.1429
21.7905
44.0952
11.1429
54.581
10.9714
15.6571
14.6381
20.819
18.4476
43.5524
67.8762
27.0095
28.6095
5.40952
7.78095
6.0381
23.3619
31.9238
17.8571
20.5238
57.019
34.7714
43.7524
8.60952
12.4
26.4095
8
30.9714
4.28571
6.49524
7.3619
29.819
22.1429
12.6476
17.0952
14.8762
22.4857
30.1429
17.3714
20.0095
31.7619
37.0286
46.0095
45.5048
35.7333
17.4286
42.6762
26.0381
15.0095
15.8762
44.7143
29.219
13.0095
12.3143
5.4381
27.6476
51.0762
55.0476
32.019
9.78095
21.0762
5.62857
12.4857
19.2095
17.2
6.28571
5.61905
14.5238
32.1429
40.8857
22.9714
18.4476
28.6286
18.2
19.2762
15.1333
49.0571
25.5143
33.7619
57.4857
40.9333
13.8857
48.4095
34.6095
23.9238
21.4095
13.6857
33.2095
17.9333
64.2667
61.5333
6.88571
14.8
20.1048
28.5333
43.4381
52.9524
19.6857
25.8095
20.6762
32.4857
34.4095
42.0667
31.1524
40.2286
13.9619
16.3238
22.6952
67.8762
16.6857
9.13333
24.181
28.7714
32.8381
15.2571
21.0476
10.4
23.4571
16.7048
11.8
6.17143
36.4667
18.8476
36.4762
34.1429
5.38095
33.6476
41.1429
51.3524
59.5238
52.5714
24.019
9.08571
4.3619
14.0762
21.7714
30.7619
42.4952
55.2762
46.4762
49.2667
35.4667
5.99048
11.7048
14.2857
17.2857
14.5619
15.3619
11.0476
12.8667
43.8952
20.7619
15.9333
39.1333
41.0571
17.5429
51.5048
31.619
21.381
18.1143
21.9714
21.8857
54.2952
66.2476
48.8667
21.0286
26.3524
7.18095
24.0667
7.66667
16.3524
10.6
7.29524
13.3619
41.8857
20.5333
28.6476
7.87619
6.46667
30.3524
16.8381
36.6667
58.1524
9.80952
20.6381
35.9905
19.6
28.819
15.1333
18.8952
19.5619
9.10476
17.3143
16.3429
31.2952
23.6286
4.81905
10.7048
30.5619
15.6095
25.419
11.781
14.4857
30.3333
20.7048
19.8571
33.6476
56.3619
8.27619
5.99048
14.7619
38.9333
22.0381
17.4857
30.2286
40.3429
24.7905
41.7619
15.4857
43.4381
27.5143
24.7905
9.13333
29.2857
9.44762
7.30476
24.0095
10.0476
39.8667
52.0952
36.1524
22.6286
22.3905
45.5524
10.1143
50.3905
43.4095
12.9048
49.9429
43.6667
10.8952
5.68571
47.2
9.6381
14.0571
44.0762
55.8476
24.019
21.7048
15.3143
30.3238
20.7048
6.80952
53.619
47.0571
45.6952
7.95238
23.8476
29.7048
48.2762
12.8381
25.7905
43.5143
74.181
13.7619
42.7905
30.3238
7.38095
17.5524
31.8
23.1524
12.4571
27.2476
10.3238
34.9905
45.181
10.219
29.4
32.2381
27.1048
26.2667
42.2952
41.4762
17.4952
16.9619
30.9429
18.019
11.8286
32.3238
7.25714
23.2095
24.3524
18.1238
21.181
28.9333
16.0286
7.33333
17.3333
6.17143
51.9524
34.6857
14.3619
5.68571
24.6286
10.5905
58.4476
12.0381
17.5333
11.381
66.9238
25.7429
14.4571
22.8476
26.9048
47.1714
15.981
4.87619
9.48571
17.1524
22.5333
4.81905
27.3619
65.4095
4.35238
58.5619
70.3429
12.2381
33.381
30.019
7.24762
30.2095
34.4571
13.5333
21.9524
12.1524
33.6667
25.419
26.3524
26.7905
52.7619
9.75238
49.6095
26.819
58.6952
7.91429
86.7524
47.1524
52.4
79.2286
22.6952
13.9143
9.06667
12.8
13.1619
15.6952
32.219
18.7429
4.9619
10.7619
13.6762
11.5333
17.6667
53.5238
6.14286
8.37143
23.3429
35.6762
57.0952
39.2952
62.1048
17.019
14.781
29.1524
44.3524
21.1048
41.5714
27.2667
42.8571
14.181
53.8
6.89524
6.11429
18.2667
10.619
7.62857
6.9619
17.9714
21.7048
6.98095
55.0381
50.2571
16.3714
25.2762
22.8381
28.5333
22.1429
60.5048
14.2
15.381
49.8286
39.8095
43.7905
10.5143
32.5048
11.1048
50.7143
28.7619
32.3524
44.0476
22.5048
11.4
36.2667
14.4286
39.7238
26.6
47.7048
16.9048
60.7714
33.5048
16.2571
9.15238
9.44762
45.8952
34.9333
47.4952
19.4762
39.0571
7.51429
23.0762
15.8381
24.6476
49.8571
6.5619
47.2762
33.8
49.3143
29.0476
23.3714
14.8857
5.90476
41.7429
12.8762
20.9238
4.51429
20.419
7.08571
13.7238
5.39048
9.8381
71.0571
43.5048
17.1429
16.0667
21.9048
6.6
20.3619
48.9429
46.2571
8.40952
5.02857
24.8762
41.3524
15.8857
35.3619
35.1333
22.2857
15.8667
18.4667
22.2
26.4286
24.7619
26.5333
38.3524
10.9714
5.4
24.1048
19.7619
17.1619
41.4286
54.3524
48.9143
41.4381
21.4
39.5524
56
11.5905
6.97143
21.1143
7.24762
40.3048
17.1619
49.1714
29.6476
23.3429
24.8
24.3619
6.14286
48.0381
30.3429
9.9619
4.93333
16.3048
6.72381
16.9048
18.381
92.619
39.6476
39.8571
17.7048
24.7048
17.2095
61.419
13.0286
40.9905
37.4
26.0571
60.3619
42.0286
75.2952
23.9905
9.38095
14.381
95.6286
27.6095
37.5048
42.0381
47.419
14.0571
13.5524
17.0667
50.4762
9.61905
43.4857
65.2286
37.1238
24.5524
32.0762
9.58095
27.181
9.95238
64.9238
66.1714
18.8095
11.4952
54.6381
18.1429
36.6
7.70476
42.4095
27.3333
57.419
25.0857
52.181
29.4762
35.019
21.7714
16
28.1143
59.0286
20.9714
9.78095
16.9524
19.0095
34.9905
28.5619
12.6095
15.219
12.1143
9.50476
10.0952
10.0857
29.5333
8.35238
46.8571
11.3333
45.819
15.219
5.70476
23.2762
50.4476
7.88571
34.5619
8.46667
22.5238
31.9143
15.5143
18.819
17.4857
51.3143
17.7619
29.4095
12.8095
50.2571
7.97143
39
11.8952
8.52381
25.3524
44.7333
50.9238
14.181
49.7048
30.619
51.9143
23.0762
31.6
5.87619
6.27619
9.70476
11.0857
41.4286
10.9048
37.1333
7.49524
15.6
48.7714
20.0571
14.7143
33.7429
11.9429
14.9143
21.0286
40.4952
14.0476
10.3143
18.9714
13.6667
26.1429
19.9429
29.7333
11.2571
11.0952
9.27619
7.95238
8.71429
44.1333
31.6667
18.3238
47.2095
31.5429
24.8667
14.3333
24.6381
48.9524
20.3143
25.4095
26.0381
17.6381
35.9524
39.4667
8.64762
11.6
15.1619
39.1143
4.40952
71.6762
49.3238
6.15238
40.9238
5.2
44.4571
6.07619
13.5429
31.3524
51.0381
25.3048
36.8667
9.45714
24.9048
16.2095
11.4095
28.9238
33.6952
21.7048
21.8952
32.6
41.7524
12.8571
33.019
17.7143
12.2571
4.27619
6.39048
5.50476
14.4857
8.24762
24.5905
26.8476
61.8667
6.38095
10.7524
12.2762
23.4952
13.3429
8.7619
36.6
12.7619
13.9905
17.7048
12.5429
4.55238
12.3143
40.1333
16.0381
7.08571
12.5143
32.7048
34.2952
4.00952
9.60952
31.4762
14.1429
59.181
17.7619
24.8857
19.4762
36.1238
48.2571
42.3238
20
20.1048
49.1333
19.1048
28.6
74.1905
26.7429
45.7048
44.3905
18.9238
9.58095
40.381
35.6857
17.581
7.02857
42.0667
22.8571
89.4571
56.9714
18.381
61.4
49.6571
47.4857
16.0762
27.5333
37.5905
29.3048
14.419
42.819
48.4286
34.019
24.1333
28.3714
27.2381
24.4381
21.6476
17.7714
48.4
10.2381
25.4286
11.5714
19.7524
25.5048
34.9714
22.2667
20.0095
6.61905
41.4
6.99048
78.2762
40.381
63.6762
62.1333
18.0571
30.2857
16.4952
21.1333
34.4381
22.9333
8.34286
10.2667
28
38.2762
35.3714
35.3429
32.6476
10.2
7.79048
4.59048
37.0095
16.8476
20.619
7.91429
22.9619
35.4476
12.6381
29.219
14.6
44.3714
26.7048
48.7524
4.64762
56.0952
37.3429
43.0476
34.5238
30.8
22.3619
14.8476
13.5143
21.5048
30.781
35.3238
34.3048
34.4286
64.0667
8.7619
20.4857
34.4286
5.25714
20.7905
12.8762
6.87619
15.6571
7.65714
5.20952
26.7143
8.67619
27.7619
7
46.0286
26.2571
11.2762
32.1048
4.1619
26.3333
11.1714
48.3143
17.581
28.4857
32.6857
10.0667
9.41905
12.3048
24.4476
18.3333
48.4857
33.9714
14.9143
13.6857
22.4952
32.0381
17.7333
10.7143
25.6286
13.9143
15.181
31.0667
24.6952
22.6286
28.8381
18.4857
32.6095
17.8762
9.21905
33.2857
54.6476
24.7333
35.4857
27.6952
17.8952
17.9333
6.02857
25.8952
13.5619
36.1238
10.8476
18.4286
34.9524
19.0762
11.7429
19.6
58.1238
7.08571
24.1714
20.2762
21
46.3143
24.2476
19.6571
14.0857
12.5429
18.3619
14.4857
28.5714
16.619
13.8286
8.25714
46.4667
57.5333
46.9048
27.5143
75.7714
12.0381
12.6762
6.08571
30.0095
42.6952
30.0952
39.6095
49.6095
37.7143
37.9333
21.5238
31.4571
28.0952
49.0667
26.181
4.26667
13.819
21.2286
78.0571
27.5048
34.1048
13.781
10.4095
45.9143
16.4381
7.93333
27.9333
49.1619
30.3714
43.2571
4.1619
19.3143
23.4571
26.4762
9.75238
34.381
23.9524
135.19
42.8952
14.6857
48.1143
18.4857
25.6571
34.4
12.6952
35.5905
7.2381
26.2952
8.53333
40.8952
28.8762
29.6476
32.5048
56.7238
30.5619
5.32381
13.7429
9.97143
33.6
65.5714
7.21905
43.2762
7.8
25.2667
43.4571
29.8286
16.8095
26.2095
7.19048
13.381
7.19048
22.3333
24.1333
16.8571
23.4762
24.0286
12.9238
41.1619
6.71429
13.4381
10.7619
14.6667
23.819
33.9714
14.6381
28.4
13.0762
12.3238
8.93333
10.8667
10.5238
10.2
12.4381
51.3524
58.7905
9.55238
27.1143
22.6381
58.6571
18.3429
24.181
47.0476
7.62857
46.5714
63.3524
27.0476
44.6381
5.51429
13.8762
7.52381
11.9238
69.5238
68.7714
25.581
55.381
22.8762
58.419
60.419
42.1429
21.2571
37.7333
5.98095
43.2095
10.9238
21.7619
33.1333
20.8
43.2952
20.8381
5.98095
37.2571
16.4762
5.65714
14.6571
6.7619
16.7905
23.5143
12.4
46.6571
5.0381
46.8762
44.7333
5.98095
28.7619
35.4571
23.6762
5.78095
8.70476
38
15.8952
15.381
9.98095
42.7238
16.581
36.1238
62.8571
63.3524
16.381
31.0952
17.0762
68.7238
37.8286
14.9048
28.6095
17.0286
16.8857
26.5333
20.4476
19.4381
26
99.0857
54.219
13.0952
13.7905
17.6571
33.6286
36.3524
6.70476
14.219
9.40952
6.47619
16.6095
8.71429
17.7619
6.95238
39.7619
29.8571
7.77143
16.7524
12.7619
56.7238
8.74286
23.3429
21.5619
16.9619
23.4952
61.4381
40.3238
19.181
13.7238
13.781
9.07619
14.4762
19.8667
38.6952
19.6571
19.4476
47.4
10.581
12.4857
37.2
28.7619
24.7714
14.1905
53.1905
15.8
8.06667
21.0095
51.4667
22.0857
30.219
4.13333
13.7619
6.12381
7.02857
26.8762
33.7333
5.92381
26.7524
22.3619
56.3048
12.8952
6.78095
11.6762
6.48571
59.181
42.8286
10.619
9.22857
8.53333
17.8
17.0762
17.6
7.2381
11.9333
26.819
19.4571
11.981
38.819
19.0857
39.9619
26.3333
11.7619
39.4286
6.00952
54.8667
36.2381
41.5619
41.019
28.2286
6.17143
53.6
20.6095
56.9714
34.2095
33.9143
16.9905
22.2571
17.4667
43.819
40.2952
5.95238
34.2857
39.2667
12.2
20.2571
10.3238
7.51429
25.0667
5.05714
31.9143
15.9429
8.89524
29.6762
15.4857
25.5048
13.0952
68.6286
4.47619
12.6667
23.4095
20.4762
49.6286
5.80952
37.1429
30.6381
45.8476
55.6857
8.37143
9.69524
27.7333
10.4
23.1714
11.3238
14.4762
27.4
52.3714
36.8952
46.5238
15.6381
26.9429
28.4286
20.8095
31.1048
22.019
4.31429
36.981
16.7619
29.8
36.7048
5.08571
5.9619
10.1143
9.68571
7.6
33.3143
28.7619
20.819
18.6381
25.4476
24.7524
34.8476
3.5619
13.9429
35.4571
27.6857
16.2952
17.6381
24.5619
6.35238
12.4667
4.65714
21.219
52
38.1048
14.6952
7.30476
4.61905
35.9143
7.70476
17.8952
3.89524
7.81905
3.87619
37.1048
30.7048
17.8857
27.8762
9.47619
23.2286
57.1048
37.1429
12.9238
3.45714
12.0571
14.2381
37.4
8.40952
30.6
16.4667
16.2
14.0857
34
10.019
14.1238
40.5238
20.0286
59.5429
20.619
13.4857
13.1429
12.1429
26.5238
44.4381
13.5238
27.1905
19.7048
10.219
6.60952
13.7238
20.0095
22.6286
7.3619
15.9905
29.2857
47.8
4.06667
44.1714
45.581
4.18095
6.04762
5.97143
62.0381
20.2762
20.1238
46.0476
16.1238
22.6286
29.9048
30.5333
61.3714
59.819
33.1905
53.9143
36.1333
21.7143
21.3333
21.4762
5.01905
5.57143
21.219
6.60952
33.381
4.97143
5.21905
8.53333
23.9429
26.4
7.25714
23.1333
9.33333
7.42857
35.9048
35.4667
13.9524
3.32381
23.4952
45.8667
6.57143
5.91429
20.0381
51.1619
46.2762
5.31429
22.8667
22.2
35.8952
5.9619
8.11429
12.2571
4.9619
7.77143
41.2476
13.4952
23.8095
10.4952
33.3333
5.68571
14.4952
10.9238
12.3524
26.819
15.2476
13.3905
13.6286
32.0857
27.0571
17.4286
8.2
5.30476
4.5619
16.0857
13.4286
3.89524
43.019
22.5714
23.9905
14.3048
32.0476
4.82857
33.6952
4.77143
7.44762
14.8571
15.6667
3.20952
16.0952
24.5714
13.2381
13.6571
28.8
15.0952
4.6381
16.7905
3.50476
44.1714
41.1238
12.9048
4.58095
12.1143
29.0571
57.1619
26.5524
26.3333
3.44762
53.4667
45.0667
8.8
10.3619
44.6667
13.781
28.4667
16.4571
29.4476
7.05714
31.1619
3.21905
12.4762
7.37143
5.55238
3.85714
54.0952
6.64762
20.5333
18.6476
5.41905
27.3714
132.848
12.9905
10.1619
6.40952
20.1048
3.44762
19.0762
6.88571
33.781
12.4381
32.8095
35.7333
9.04762
51.619
24.8857
21.3524
13.3333
13.0952
6.45714
23.0762
15.3429
31.7619
9.95238
62.781
30.3048
3.4
42.181
6.64762
23.4
11.0762
8.11429
25.5048
13.8667
31.1905
3.48571
12.7048
33.0857
31.9238
17.819
17.9524
16.381
28.019
20.419
36.4952
21.9619
4.35238
11.1048
46.5429
41.3143
33.4095
6.27619
46.7238
8.44762
15.3524
8.58095
73.3048
5.08571
51.0667
7.66667
26.1619
17.7048
54.3238
3.50476
10.5048
11.3524
13.8952
56.1333
65.2095
15.2095
3.01905
63.4857
13.2095
3.61905
36.1905
35.8857
25.6476
41.4286
20.9524
22.6952
9.38095
23.8095
36.5619
55.3238
14.219
27.0571
7.6381
7.10476
13.8762
13.419
41.4095
27.4667
3.77143
4.15238
8.65714
7.0381
23.0381
9.94286
42.1333
3.5619
21.4095
14.8952
47.5429
12.2952
28.5905
42.019
22.3524
3.82857
29.2
43.2381
11.819
10.9048
10.2857
23.9429
27.3143
23.7905
27.0952
4.09524
53.1429
15.9333
6.73333
37.3714
9.04762
3.79048
51.1905
3.27619
4.21905
7.65714
7.58095
5.34286
8.7619
23.7429
4.97143
8.65714
4.65714
3.87619
10.3238
17.7429
21.1619
6.15238
22.619
26.2286
6.51429
26.8762
43.8286
8.97143
24.6095
7.26667
44.1714
19.0667
4.22857
34.5714
14.1238
9.71429
18.7714
3.26667
24.8095
8.66667
22.6381
21.1619
25.1714
39.1048
56.9619
10.1619
30.7333
12.5429
28.5238
47.8667
61.9524
31.8762
12.2571
34.0762
6.41905
4.49524
3
24.5238
38.7429
12.581
18.9714
4.58095
69.5143
39.9429
53.4286
38.5048
29.4667
83.4571
9.48571
19.7238
4.45714
19.6095
34.6286
24.7333
11.181
34.2286
7.12381
12.0476
14.219
30.4762
64.0762
46.2286
40.4762
31.581
171.819
36.2857
18.4095
7.02857
7.33333
13.4286
5.72381
21.0857
33.8952
20.2381
17.3143
46.1143
5.84762
36.4762
4.27619
3.28571
5.7619
6.15238
58.1238
6.24762
42.4095
13.1238
25.3619
15.5238
41.8571
15.781
18.5429
18.4857
9.75238
4.41905
22.8286
33.7429
54.1619
5.2381
6.45714
10.6667
12.7714
23.981
7.93333
21.8381
24.5714
35.419
32.5048
6.3619
6
25.7333
12.7333
4.51429
36.6476
4.41905
54.7238
31.8952
20.981
4.35238
31.0952
4.71429
16.6476
6.60952
3.60952
31.2381
18.6095
18.4952
12.1619
31.2571
17.6381
30.2286
3.14286
17.581
26.419
28.7143
18.2667
46.3714
27.2667
5.88571
14.9619
7.8381
19.4762
24.0857
28.2095
6.53333
12.9238
9.11429
11.0952
5.33333
10.1048
5.07619
15.8286
16.0762
10.1714
32.0095
44.7238
12.4857
12.381
9.31429
32.5619
22.1714
4.0381
32.5524
13.819
7.84762
18.9905
3.24762
3.41905
32.1143
54.1238
23.5905
15.6095
13.4
60.4476
7.64762
33.0952
12.419
33.4857
38.8286
30.8381
19.1238
11.0476
23.7905
9.92381
3
47.9429
77.4667
50.019
30.8571
29.6857
42.3333
42.6667
13.2
19.6286
67.3524
9.21905
40.5905
30.7048
24.2095
11.8095
18.2952
4.32381
7.05714
28.9238
5.59048
11.2571
4.94286
41.2095
15.6476
20.4381
9.13333
7.9619
12.5048
5.97143
6.26667
15.7143
13.2762
19.1524
32.819
6.55238
7.92381
13.0667
20.6381
4.91429
13.0095
11.9905
21.4476
5.24762
3.40952
4.14286
20.2952
3.52381
5.40952
6.71429
4.72381
11.1524
8.0381
18.7714
4.32381
17.1333
20.4
42.3333
23.0095
22.5333
13.6571
19.219
36.419
8.2
4.4
3.18095
3.40952
14.0286
12.4571
9.31429
62.7619
68.5238
21.0571
5.32381
30.4857
21.8
17.4286
3.32381
8.45714
3.19048
3.54286
14.5905
23.9524
42.4952
6.9619
34.781
52.6667
42.1429
9.5619
27.3905
18.1143
65.8286
53.2667
4.64762
11.1905
9.72381
24.6095
20.5333
10.5333
31.5905
42.8762
27.4286
5.33333
20.3714
33.181
11.9714
6.41905
19.9333
37.4571
7.13333
79.7143
14.1905
46.4667
31.0095
22.5714
28.2952
4.08571
21.8571
6.62857
6.31429
7.49524
20.6762
38.4667
7.39048
25.1619
29.7238
6.62857
5.8381
4.01905
23.219
36
24.619
14.4952
29.9333
9.15238
15.6381
14.981
30.5619
53.619
37.1905
8.34286
24.0857
22.0762
27.1333
6.7619
11.619
11.0952
6.73333
35.2762
10.3429
7.41905
41.6476
15.5619
5.74286
6.97143
14.6
3.32381
24.9333
38.3524
5.21905
3.81905
4.2
4.86667
12.8
11.5714
18.6095
4.39048
47.7333
7.73333
30.3048
9.68571
22.019
7.7619
3.73333
5.06667
18.419
3.74286
7.50476
15.9333
32.2667
17.4952
9.10476
6.39048
11.7429
5.46667
6.64762
8.87619
49.181
7.6381
4.65714
3.68571
30.8571
30.1524
15.6476
27.5238
4.3619
40.6857
18.0381
10.0571
36.3619
3.08571
40.2476
3.89524
18.1429
16.3524
3.72381
23.7524
4.19048
25.0762
19.7333
3.62857
5.46667
7.07619
40.5905
27.381
16.1143
3.53333
47.3524
14.8286
17.581
29.0857
27.781
6.29524
10.1048
14.8857
6.67619
4.49524
73.7905
7.55238
39.9619
3.8381
61.8
4.66667
28.4095
20.0476
9.26667
3.24762
5.81905
7.02857
48.5905
29.6381
20.8
18.0381
3.22857
14.4476
32.1143
8.52381
23.9714
60.5619
4.46667
32.219
4.1619
26.1619
49.6381
23.3524
13.3238
23.5333
16.9048
22.0571
70.2286
30.0095
13
3.86667
5.20952
5.05714
7.98095
15.4857
59.9714
5.0381
5.75238
13.1429
4.32381
11.6095
4.93333
27.5143
5.93333
8.4381
30
3.27619
61.4286
70.4476
26.5905
29.6857
21.3143
4.8381
13.2476
13.4381
34.2857
14.4095
21.5143
4.58095
19.5524
22.5048
3.2381
5.74286
7.07619
18.7619
34.5143
9.58095
24.781
4.40952
56.3714
28.4095
3.15238
13.2476
15.181
25.1524
30.5714
21.2857
18.2571
28.0952
5.8
20.3048
23.2095
21.6857
7.85714
28.2952
9.44762
4.49524
4.2
15.0095
7.33333
5.82857
5.64762
19.381
36.3714
5.09524
5.98095
42.5619
18.8762
16.019
21.419
27.981
40.5333
35.3714
14.0095
55.9048
14.5619
3.4381
4.4
6.71429
3.27619
36.6762
3.88571
6.25714
3.60952
20.6095
36.8571
9.27619
49.4381
25.0571
9.06667
31.2667
9.19048
16.219
26.6667
3.69524
10.4381
8.84762
18.0857
32.9333
13.4857
49.5619
37.5333
20.5238
14.5429
26.2667
5.17143
23.1333
27.9333
6.06667
23.9238
34.5619
49.4095
11.5619
39.4286
3.20952
12.7238
28.1238
26.6571
17.0286
14.4381
4.13333
4.52381
15.581
59.9143
37.5619
3.21905
11.6857
17.9714
7.92381
48.781
25.581
38.2762
43.2952
52.8
40.6571
25.0571
38.619
36.6095
6.46667
24.7143
30.4
3.91429
36.1048
41.5143
37.6381
11.9333
19.8286
6.62857
28.4381
46.3524
15.3429
4.77143
26.7429
6.93333
21.4381
10.3333
30.6381
6.04762
9.75238
37.1714
24.9524
42.3619
5.08571
4.44762
5.12381
12.6381
7.46667
3.33333
19.8095
7.00952
4.37143
3.2
9.74286
12.6476
24.9238
35.4286
17.4
21.219
11.2571
83.0095
4.0381
12.9619
30.0286
6.12381
5.98095
3.2381
30.4476
10.9048
7.07619
3.8
16.3238
5.86667
6.17143
6.3619
22.781
13.7619
4.1619
8.09524
18.0476
13.4952
4.9619
14.781
19.2381
29.4667
28.6095
30.6
20.3048
14.6286
35.2
16.4286
16.0476
3.26667
26.3714
6.64762
9.95238
12.1429
62.0857
14.9429
4.45714
5.42857
11.8286
17.4571
3.27619
7.27619
35.5905
36.819
32.9143
21.1429
7.26667
12.2
16.5048
24.5238
12.4095
28.5429
13.4286
10.6381
4.61905
32.6286
4.93333
16.6095
30.2571
22.2286
27.2571
22.781
33.6476
31.2286
5.55238
13.9714
39.6286
17.9524
9.19048
22.7333
20.4857
38.5048
29.9048
7.89524
44.6762
3.09524
3.19048
7.00952
6.97143
8.81905
30.5143
26.9238
20.4857
12.5238
9.10476
25.8571
42.9714
29.1238
44.1429
4.37143
5.09524
4.70476
14.581
41.5143
54.3714
30.4571
5.91429
27.5238
5.3619
43.3905
18.6952
23.9905
7.70476
36.6286
26.3333
23.5905
8.19048
15.2
28.1524
8.53333
5.4
38.819
13.981
22.9524
21.3333
35.3619
6.50476
12.781
52.9333
8.28571
11.0667
9.61905
3.72381
19.5619
35.1429
11.7333
17.981
47.3905
12.6
40.8
23.3619
31.981
12.181
4.91429
4.3619
18.7905
12.8952
23.8571
12.3905
57.1333
9.1619
31.2762
17.8952
19.019
4.74286
49.5619
81.4571
31.2952
18.9905
28.4381
43.8952
14.4667
37.8
46.1429
29.5143
24.8286
48.5714
31.981
40.9143
17.581
41.8476
33.1143
14.4857
24.8762
7.29524
20.5238
43.7238
27.5429
38.0286
53.6667
24.1905
27.5714
62.8476
22.3238
5.37143
35.5333
24.419
4.34286
17.7238
29.5619
46.3619
17.819
25.9524
40.2857
7.12381
22.581
4.65714
29.1048
28.8667
6.25714
11.9333
24.3905
26.381
38.1048
12.8381
62.6667
43
15.7048
7.6381
26.9333
21.5238
4.19048
46.7714
27.0381
3.14286
17.8
25.4667
4.79048
22.7905
14.0381
16.2381
21.7143
3.37143
26.4857
46.7429
62.7524
41.1524
5.84762
4.27619
18.9905
43.3143
6.97143
34.6952
8.85714
6.26667
49.6571
9.48571
5.50476
70.3238
12.6952
26.3333
39
46.5429
22.6095
12.6857
23.7238
26.3143
58
22.8476
12.8762
14.7238
37.5429
32.9048
11.6667
13.5905
38.019
20.619
13.9619
10.4571
10.9238
6
61.0571
10.0857
20.2476
38
37.5143
44.3905
40.0095
4.35238
30.0381
8.31429
11.4762
13.9048
40.8857
14.4857
13.8857
7.40952
9.54286
12.2762
14.7048
22.619
27.6381
13.9905
3.01905
25.4952
3.62857
18.5619
5.79048
10.7524
6.18095
25.3048
23.5619
27.1333
13.2571
4.75238
21
11.581
30.9048
7.78095
42.1714
62.8571
16.2571
13.8952
62.7714
33.619
9.48571
5.15238
31.8381
31.5714
36.8286
5.35238
30.2667
5.51429
63.3714
22.4476
44.1048
26.4762
29.5048
12.3048
6.72381
29.0952
3.15238
15.2381
36.1714
15.4381
28.3905
16.3714
28.7143
22.8762
13.5238
7.5619
68.4952
30.5333
7.11429
23.6762
34.4286
3.86667
3.9619
14.1048
17.0667
4.7619
55.6286
45.1238
3
17.3524
38.1524
18.4857
14.7905
29.3238
21.3333
5.89524
16.6381
24.0571
19.6476
15.0381
37.1905
9.78095
53.0952
19.8667
24.6571
18.1048
3.04762
40.4952
23.5143
9.10476
24.9714
31.9048
22.7429
9.7619
11.5048
4.29524
29.8667
5.2
33.1333
16.7333
17.2857
7.41905
18.8
5.18095
27.2762
8.1619
50.1714
35.4571
6.05714
8.08571
27.6667
14.4286
32
54.4667
24.9048
3.50476
5.67619
11.0762
12.9238
24.3238
11.4952
24.9524
5.60952
14.6952
73.2286
23.619
37.5048
20.4476
8.8
5.28571
9.60952
43.6381
5.06667
13
4.6
5.04762
44.7524
12.819
9.6381
18.5429
14.7714
48.419
8.81905
25.4381
26.3714
19.0667
16.4286
12.8571
43.2952
11.5333
33.2762
18.7238
5.92381
4.64762
4.49524
9.60952
28.1048
16.1429
4.32381
21.781
24.8095
5.87619
3.77143
11.6095
4.86667
4.61905
9.02857
25.7143
22.7238
13.5524
4.95238
23.1714
23.2857
18.581
3.64762
26.7429
19.9714
3.4381
5.71429
4.82857
27.9524
5.95238
3.34286
38.4381
9.05714
9.2
10.3143
50.7714
15.0381
12.9048
38.8286
5.01905
23.1524
23.981
21.4857
12.1905
8.6381
9.65714
33.3905
20.7429
31.5238
23.619
28.3714
47.1905
23.1048
13.8762
39.4857
30.9238
14.2857
15.419
4.39048
11.419
19.0286
15.7333
30.4571
11.4571
4.40952
15.6667
23.9714
21.0952
3.7619
7.8
10.1048
8.21905
32.6667
12.6286
3.97143
41.6286
22.3429
24
35.0952
7.87619
24.4381
23.3333
7.85714
7.79048
32.4762
22.6095
10.819
3.10476
30.9143
81.8286
33.3619
21.3619
52.7238
53.1429
16.6476
3.93333
3.65714
3.99048
29.581
13.5905
15.4381
4.35238
10.181
19.0286
44.5905
27.7048
31.0667
15.7905
3.5619
3.81905
35.3238
11.4571
60.6
47.381
25.2476
13.6286
49.1143
22.0762
20.781
15.8667
5.53333
4.58095
3.20952
6.33333
11.4381
7.41905
8.37143
59.4571
27.8952
31.0571
54.2095
18.0571
31.3048
7.98095
26.819
39.4381
27.2667
12.0286
52.4857
26.8952
3.33333
13.5429
45.5048
58.9143
5.98095
14.5524
4.74286
23.2095
3.55238
3.1619
21.6476
17.4667
16.3714
5.78095
17.2
25.5333
7.91429
6.06667
10.2857
28.7048
10.2286
26.1905
10.6857
4.55238
10.7714
14.0476
7.62857
24.7429
13.3524
5.55238
36.3333
19.5238
3.82857
49.1429
32.4857
15.9714
7.5619
36.6667
26.2381
29.1238
14.2381
38.3524
14.1333
9.61905
55.8952
4.05714
20.9238
22.1333
39.6381
22.7524
22.0286
8.4381
31.981
57.9048
6.06667
26.0095
3.47619
6.4
29.9143
19.2095
24.5714
11.0667
5.74286
38.8762
30.7714
45.4476
45.1714
33.2762
9.57143
6.17143
28.7905
4.60952
4.04762
8.28571
16.4857
48.1048
16.181
57.0667
9.70476
22.8286
26.1714
12.6952
8.04762
24.1429
23.4476
25.8667
16.9238
17.181
7.4
22.5619
71.4762
4.25714
30.4857
36.2857
8.66667
41.0476
15.8762
19.3619
25.7429
8.6381
52.3714
3.38095
15.3143
24.9619
9.78095
7.65714
28.0667
68.8286
22.6571
25.4762
25.8667
12.5048
37.5333
9.84762
7.42857
4.93333
16.0571
3.65714
51.7143
8.58095
15.0762
10.1048
3.72381
6.17143
26.6571
19.6571
24.8762
46.9619
11.1714
16.8857
17.3333
51.4095
20.2762
14.5905
15.5714
60.5524
12.8095
8.04762
17.0381
33.6667
5.07619
14.2476
41.0762
3.29524
19.8476
20.2571
41.7238
7.53333
29.9429
4.37143
13.7238
55.7048
34.019
11.4476
29.4381
9.01905
8.46667
23.5905
7.62857
30.5619
11.6762
3.88571
6.13333
32.1048
34.3333
23.5143
24.9429
9.37143
40.4286
5.57143
8.30476
10.4
4.61905
23.2095
6.90476
34.981
9.74286
5.25714
4.81905
4.14286
41.819
10.7524
9.4381
15.0476
3.81905
38.5619
9.05714
5.46667
17.7333
12.3429
9.5619
46.3524
10.8667
24.6571
11.4
42.8286
30.7905
11.9905
16.7524
16.2857
47.7333
33.819
15.0095
32.7714
9.24762
40.8762
15.7333
11.2571
23.6952
50.1048
3.01905
71.3429
20.1333
15.7619
3.51429
12.981
5.51429
13.2952
37.9143
30.6571
22.819
45.2476
3.26667
13.7238
6.74286
60.9333
35.0667
11.2952
3.54286
16.4571
14.3143
15.1143
52.8
23.1429
62.2857
33.7524
5.2381
13.219
36.5333
22.9048
39.3905
26.5905
44.9905
18.8571
4.91429
8.30476
26.819
14.7143
14.6952
27.3619
22.7238
11.6095
28.981
6.1619
7.91429
49.1619
33.5429
3.64762
25.0381
7.01905
46.2095
7.94286
26.0667
18.7905
22.9905
24.8476
42.819
15.9429
18.3619
12.4571
28.6476
41.0381
25.6571
38.0667
55.3714
21.0476
32.3143
3.2
39.219
16.9619
54.7524
10.5429
4.1619
5.53333
27.581
10.9714
13.7905
12.4381
15.7524
4.14286
9.09524
16.6667
14.2
26.2857
10.0476
39.3714
29.5048
41.4
38.6667
34.3048
7.75238
8.38095
10.0857
9.57143
39.5429
6.40952
32.1238
23.2667
5.26667
7.55238
6.49524
22.3048
6.2
23.2762
51.2286
40.8
17.5714
53.5905
19.0381
20.7333
16.9333
18.7714
25.6571
34.6571
22.2095
15.8286
31.2667
8.35238
19.2667
7.89524
26.1524
31.0381
3.77143
4.29524
34.2095
19.219
11.1238
6.07619
3.52381
25.7143
5.94286
21.0857
5.30476
15.4857
5.28571
31.9238
3.01905
20.5524
50.1524
7.25714
13.0286
31.0952
13.7619
13.5429
21.5714
38.6667
18.5714
22.0762
27.0381
29.9238
7.17143
11.6286
10.8286
6.64762
20.3143
34.3143
23.7143
12.219
6.52381
27.6381
17.4857
43.181
20.6762
21.4381
31.2381
46.4476
17.6476
28.0381
6.05714
27.8952
41.4762
32.6667
6.34286
5.04762
16.2857
19.2952
17.4571
3.86667
47.2286
40.7619
20.5714
17.8476
5.97143
31.0952
7.17143
11.0667
21.9619
55.181
17.0762
9.39048
5.19048
26.7524
10.9048
15.8286
33.8571
9.87619
32.8381
8.94286
59.1524
4.70476
34.4
6.35238
20.3905
15.6857
43.8
7.52381
34.981
7.67619
29.6
5.47619
49.2
11.3048
6.00952
23.1714
50.4095
48.5238
5.42857
9.78095
40.5619
4.60952
18.9238
13.381
30.8857
5.26667
11.0857
18.8571
44.8857
41.0857
3.84762
11.9238
13.1619
20.7524
14.4571
10.0381
80.6571
40.8952
33.8476
6.06667
10.8762
9.37143
35.8
5.94286
8.52381
38.4667
5.32381
4.08571
20.0286
49.6381
8.49524
8.52381
3.4
24.2286
7.94286
6.28571
23.8667
18.9429
29.1524
7.68571
24.0095
6.11429
5.55238
21.5905
11.981
12.7619
37.7048
23.0762
6.86667
13.6857
14.5905
9.12381
36.4095
29.7048
30.5619
19.2857
7.90476
4.64762
12.3714
25.3524
3.49524
107.19
5.13333
16.5524
35.7048
23.7238
8.32381
29.8381
8.84762
18.2952
7.6
32.0095
36.2381
18.0381
5.57143
11.0286
4.20952
3.69524
9.99048
24.4
4.41905
27.1238
4.85714
14.2952
3.78095
12.019
33.0952
36.819
21.2571
15.3905
19.219
8.22857
18.5143
28.981
4.9619
17.2857
16.419
25.219
54.1048
23.9429
40.1905
29.2952
4.71429
12.9714
20.7333
32.4286
4.47619
26.1429
23.3524
15.2476
43.0095
50.0381
6.74286
13.0381
22.4
5.94286
26.3048
7.8381
7.13333
32.3238
21.5619
13.9238
9.60952
39.4
47.2762
21.1429
42.7619
3.86667
18.3238
14.7524
37.8667
4.2
39.7619
24.1619
10.6667
21.2381
20
25
40.1619
11.0381
21.7905
11.9619
59.2
41.1619
22.2571
23.6286
34.4571
32.2571
12.6571
3.79048
49.4857
35.3714
24.8762
12.8286
13.5524
22.419
15.3048
13.9905
10.981
3.52381
17.419
55.1048
3.3619
3.66667
3.6381
7.33333
3.62857
29.6667
4.22857
26.1333
36.1429
29.7429
28.9619
13.619
12.7333
37.5048
24.2571
4.84762
5.45714
17.4762
7.65714
10.1429
35.419
17.3429
51.1048
5.6381
7.70476
10.3048
4.09524
28.2571
8.06667
49.1714
4.22857
50.4286
21.5905
28.7714
48.4667
16.7619
9.51429
29.4
5.08571
21.6762
34.0762
31.1143
9.6
5.62857
37.0476
53.6857
3.71429
5.37143
5.84762
18.9524
20.8286
14.1429
7.75238
12.9619
46.619
29.8381
32.0571
15.2381
8.14286
7.73333
13.9524
35.6381
13.7524
37.4095
26.0381
31.7048
37.3619
29.9905
23.1048
34.4952
44.0381
21.6095
17.0095
36.6286
42.3429
28.2952
30.8952
21.781
21.2667
12.4952
24.7524
15.219
10.2762
48.6762
41.7429
22.9619
11.5429
28.1714
27.2952
23.4476
18.0857
13
11.2667
11.0476
52.4952
32.6667
7.82857
4.12381
35.4571
31.6476
59.4952
26.6381
33.6
25.8762
15.4762
26.1143
19.7143
20.5429
36.9333
15.1238
13.7143
3.2381
4.07619
3.93333
43.9333
13.6286
4.95238
16.2857
9.0381
15.8762
38.6571
29.5714
26.8
14.5905
13.8286
14.8
4.90476
17.6667
15.2095
23.6952
45.3048
13.4286
19.2381
9.57143
6.55238
24.5333
3.91429
10.3714
10.0667
16.0857
6.9619
30.6095
4.9619
5.45714
7.07619
7.24762
3.41905
7.39048
4.74286
21.381
15.8
35.7048
34.8857
29.819
27.581
37.8286
33.2571
50.0762
23.6095
39.5143
59.981
12.181
32.9905
33.8667
9.64762
15.0667
3.38095
23.4857
39.3905
75.5238
4.19048
27.9143
7.08571
35.8857
41.5238
9.32381
39.7238
4.52381
16.2
8.4381
19.2381
32.4571
19.7619
28.7143
29.8095
4.53333
8.79048
24.0381
15.9048
13.8
13.3048
14.7048
59.1429
10.6667
44.6952
43.9905
5.15238
19.7333
50.2381
19.3333
15.5238
11.0952
12.1429
45.7714
20.0286
5.33333
23.2381
72.0762
22.4857
57.419
28.781
19.9905
28.1905
35.9143
15.019
23.181
38.9714
8.6381
3.13333
16.8952
7.79048
24.9714
10.5905
26.019
30.0095
32.3714
6.29524
21.3905
9.45714
36.0286
37.619
19.4
5.04762
7.69524
4.68571
29.0571
13.4952
62.019
26.9048
7.06667
6.87619
30.581
30.381
36.2762
30.6476
12.9429
18.1524
6.37143
23.8667
11.3238
3.87619
5.39048
6.72381
15.3619
11.1429
9.34286
19.7333
34.8381
32.2667
21.2667
12.6476
3.93333
15.3238
6.08571
17.6476
36.9048
38.7524
10.4762
27.1238
4.17143
10.6571
12.2571
26.9714
52.8667
55.381
5.80952
18.5333
42.0762
27.4
24.4476
23.2762
23.4
13.3905
34.0667
41.9619
5.27619
45.8381
5.20952
6.79048
19.6571
30.4762
10.1714
6.31429
26.7333
24.981
3.48571
16.1905
7.45714
13.0762
16.8571
17.2952
68.8571
52.6571
5.2381
32.9619
17.1429
27.8
22.3143
19.2857
30.0381
50.381
2.89524
43.5524
11.9238
8.15238
8.14286
2.30476
10.2381
8.39048
6.50476
2.27619
16.3333
13.7714
14.2571
19.4
6.38095
10.8381
2.77143
16.6667
24.7905
4.74286
19.3143
3.8
3.00952
3.4381
3.93333
10.5238
27.1429
3.61905
62.1048
9.50476
3.01905
3.01905
4.04762
17.7714
2.34286
4.99048
10.6571
3.4
7.6381
3.14286
10.8857
2.49524
2.98095
12.781
4.59048
5.07619
11.7619
29.7048
12.2667
7.28571
2.8
2.2
25.6667
8.5619
22.3524
8.98095
23.4667
4.92381
7.3619
2.4
13.4762
4.6
2.84762
41.1524
3.58095
53.1429
136.552
11.6
37.4667
14
24.6762
11.7048
33.4667
46.0095
3.4381
4.49524
4.53333
6.66667
3.77143
12.019
3.13333
2.18095
14.1524
3.69524
5.93333
4.21905
8.04762
2.26667
47.6952
39.7429
39.7048
48.4286
22.3333
4.61905
27.0571
2.84762
8.48571
16.2952
19.619
53.2095
2.10476
7.12381
6.9619
21.5333
7.68571
9.82857
5.48571
41.7619
7.88571
4.14286
22.5143
24.3524
5.49524
2.95238
4.00952
2.35238
10.781
5.40952
29.8762
9.67619
5.40952
5.13333
21.9238
23.2381
23.1333
7.21905
7.22857
23.0571
26.2952
1
28.5619
1.10476
23.6571
39.0952
1.50476
17.9429
6.46667
2.47619
1.19048
1.00952
23.6286
17.2381
3.75238
25.5048
5.29524
11.2476
4.68571
2.2
40.3143
5.66667
7.11429
3.70476
15.2286
14.2857
4.12381
26.0476
1.26667
3.47619
2.75238
3.02857
1
1.74286
6.34286
45.3524
1
1.12381
3.74286
1.04762
36.8762
3.47619
27.6476
33.981
10.5714
1.18095
1.47619
40.2381
1.44762
1.19048
2.77143
1.06667
31.5524
32.6857
1.18095
1.2
19.4381
1
1
1
27.3238
15.3619
8.07619
9.31429
1.45714
1.18095
4.24762
1.54286
18.5143
29.581
1
11.6571
9.37143
1.13333
1.28571
1.33333
1.11429
9.97143
1.11429
1
2.74286
1.09524
33.8381
1.04762
6.46667
3.82857
1.0381
3.91429
1.34286
1.5619
51.019
1.02857
1.2381
25.6857
46.6381
18.1048
23.1238
4.4
25.2476
1.00952
2.65714
22.3333
36.9619
1.39048
1.27619
27.2571
1.30476
1.0381
25.9429
1.12381
1
1.25714
7.04762
24.8095
32.6571
3.34286
27.9524
2.01905
1.00952
27.5619
1.0381
21.7524
2.77143
2.57143
1.02857
25.8857
1
14.1048
36.9429
1.14286
1.32381
7.75238
1.02857
13.3524
1.27619
1.68571
4.65714
3.11429
1.02857
31.8
1
23.0571
1.33333
13.6095
2.05714
14.8
1.7619
31.4667
23.9143
9.21905
1.04762
27.7524
49.0476
28.2571
6.52381
2.46667
10.6857
1.75238
1.44762
1.08571
5.3619
1.87619
2.40952
16.3048
22.9524
2.40952
8.30476
1
17.6381
39.6952
1.34286
1
1.12381
37.2571
19.3429
11.9714
1.39048
26.6762
1.07619
1
3.67619
1.13333
1
1
1.97143
4.05714
22.6
16.2286
17.8381
2.48571
1.9619
2.20952
1
15.0857
22.2381
22.0381
2.71429
26.8476
2.89524
22.019
27.3524
1.42857
1.64762
1.00952
4.17143
1.0381
1.91429
27.3524
30.2381
1.52381
1
1.0381
2.64762
2.5619
4.29524
24.3143
1
12.8
23.581
1.45714
1.51429
1
2.11429
28.4952
3.33333
1.80952
3.57143
3.68571
1.74286
1.15238
2.4
1.06667
15.3429
1.12381
1.2381
3.75238
5.72381
15.9524
1.19048
2.19048
5.15238
3.99048
1.7619
21.1714
1.70476
15.9429
6.39048
1.07619
5.65714
2.25714
2.15238
34.9524
3.19048
2.55238
5.2
2.00952
1.65714
1
1.7619
1
1.62857
1.7619
1.13333
4.26667
1.71429
5.4381
32.1429
1.93333
1
1.26667
18.5333
41.8381
2.78095
1
1
38.4476
1
24.4952
25.4667
1.09524
16.6095
3.4381
2.04762
5.48571
4.05714
10.019
18.3238
2.82857
1.11429
1.31429
12.8286
1.05714
10.9524
5.46667
29.1905
42.1714
10.0381
22.7619
33.2476
18.2762
32.1619
1.55238
1.4
10.4571
14.1238
1.04762
1.8381
1
4.60952
1.07619
2.57143
22.8
15.9238
4.91429
1
41.7524
24.4571
1.08571
1
29.0571
1.34286
2.41905
1.62857
20.1619
3.38095
3.19048
36.7714
39.0571
1
45.1048
16
1
34.4952
19.9619
1
35.8952
20.0476
35.9714
10.4476
1.61905
1.05714
2.33333
23.6476
1.07619
1.2381
13.0952
1.2381
1
12.4857
2.02857
1.4
1.25714
6.7619
19.0095
14.8857
3.49524
22.6762
14.7048
1.07619
3.66667
1
1.3619
1.66667
1.45714
11.0667
1.26667
12.5238
43
21.7714
27.2286
1.65714
2.13333
2.25714
20.9143
12.1143
2.44762
3.53333
21.0476
1
6.9619
13.8286
30.2476
28.2095
1.35238
24.4381
1.44762
24.0571
13.3905
4.21905
7.66667
7.34286
22.1333
28.3238
2.37143
1.30476
21.8762
2.74286
1
5.11429
23.5905
46.9048
1.10476
1.00952
1.07619
3.81905
3.25714
18.5238
29.3143
24.6095
1
1.31429
1
1.53333
38.0095
7.68571
14.5238
28.2095
6.46667
1.0381
25.0762
2.05714
3.10476
1.30476
3.06667
1
30.2286
28.1333
13.8476
1.35238
27.9238
1.0381
23.2286
21.9714
2.05714
25.3429
42.981
12.8667
1.01905
1
1
2.54286
2
1
1
21.5048
1
1.13333
14.9619
5.67619
1.32381
2.35238
5.3619
1.91429
14.7905
1.2
4.0381
1.37143
3.19048
2.15238
21.819
1.40952
3.47619
28.8952
27.419
1
1.05714
1
2.54286
1.14286
36.0571
6.60952
41.0476
1.18095
1.05714
17.419
5.42857
1.69524
27.2952
13.381
1.93333
16.0286
1.00952
2.42857
1
7.97143
1.2
1.15238
13.3905
1.02857
4.80952
22.0381
1
2.08571
26.3143
1
10.381
1.29524
1
3.44762
1.49524
3.5619
12.0095
2.82857
22.981
34.5333
15.0381
2.49524
1.45714
32.1905
1.1619
1.1619
45.5905
25.8476
1.02857
1.10476
38.3143
14.1714
1.22857
15.5048
22.5143
1.3619
27.3048
1.07619
5.88571
1
1.05714
1.80952
1.12381
2.05714
1
8.74286
2.06667
5.1619
1.09524
19.9333
30.9238
1.08571
1.47619
1.19048
1.4
1.58095
1
16.3714
1.20952
2.8
3.19048
1.05714
27.8095
24.6
42.6286
21.4286
1
4.22857
44.6667
1.09524
17.2
1.31429
24.7524
18.8571
41
1.99048
23.1048
4.28571
3.38095
1.78095
2.5619
5.05714
32.3429
2.05714
1
1
31.5048
1
1.0381
4.14286
1.0381
34.219
1.54286
2.95238
3.01905
2.9619
1
34.019
1
1.45714
1.55238
1
2.6
1.45714
23.581
1.09524
27.9048
1.14286
10.2857
3.6
18.381
1.94286
13.7714
12.7429
27.0667
1
1.78095
4
34.581
2.14286
2.0381
1.8381
4.01905
2.10476
2.30476
59.3429
2.58095
1.22857
2.08571
2.32381
17.8095
3.54286
45.9524
4.19048
1.67619
1.54286
1
4.08571
21.8381
2.94286
2.20952
1
1
1
37.1333
3.09524
22.419
31.9905
2.0381
24.2
1.00952
1
3.89524
15.1524
1.10476
1
1.72381
1.94286
2.01905
52.8667
1.12381
27.0476
1.9619
18.8857
1.58095
1.30476
4.30476
1
1
11.7333
15.2667
1.60952
1
4.12381
1
13.2095
24.9905
4.17143
6.82857
13.3619
1
2.44762
1.32381
2.48571
2.93333
1
22.2476
1.37143
29.6762
11.981
33.7333
1.02857
9.32381
16.8
1.42857
36.9714
1
1.0381
49.3714
1.02857
4.35238
7.87619
20.019
46.181
1
2.55238
9.6
26.6571
2.12381
1.71429
1.07619
4.19048
34.3048
1.05714
12.9714
14.2286
2.41905
2.46667
1.11429
31.8762
2.85714
5.19048
35.4286
1.02857
1.26667
26.0381
1.95238
34.8476
4.10476
1.29524
1.57143
1.20952
22.7714
1.00952
12.4476
15.1143
8.21905
39.2
7.84762
1.14286
1.65714
7.85714
2.6
8.74286
1
1.60952
17.4095
1.02857
8.09524
34.9143
1.2
1.38095
1.33333
1
3.4
20.0571
1.2381
23.3048
11.4095
1.08571
1.60952
42.0667
24.0762
16.0095
1
1.32381
2.5619
4.00952
3.85714
1
18.419
4.94286
26.981
6.64762
8.30476
2.98095
1.04762
15.3429
22.1048
1
1.02857
5.29524
1.13333
27.9905
9.71429
1.33333
2.90476
2.26667
1.68571
1.13333
2.26667
4.40952
12.4952
1.30476
25.0095
1.73333
24.781
1
6.31429
1.54286
24.2286
1
1.17143
7.21905
6.41905
10.8
2.62857
1.11429
3.54286
5.8
30.5905
12.9524
1.34286
10.4667
8.25714
1.67619
1
10.3333
30.8286
1
1.30476
1
1.27619
23.9619
2.49524
17.1048
1.01905
4.6
1.57143
1
27.6952
6.94286
1
1.88571
1.07619
1
5
7.41905
2.80952
37.5905
3.11429
1.20952
1.46667
2.99048
15.3048
1
1.42857
1.4381
11.8857
1.44762
2.8381
23.5905
1.07619
1
1.65714
1.35238
1
7.20952
15.6
1.42857
3.00952
1.28571
34.2381
1
33.4476
1
5.30476
13.3238
1.90476
1.85714
1.69524
4.58095
4.41905
1.95238
3.99048
2.38095
7.12381
18.6095
32.1905
9.91429
31.019
1
1.14286
2.2381
1.98095
14.1333
41.3524
1
1.06667
22.2857
3.85714
12.1143
4.19048
1.75238
1.91429
30.6667
1
1.97143
1.80952
3.04762
1.99048
1
23.0667
43.781
1.14286
2.04762
1.27619
1.00952
7.9619
2.87619
47.9048
31.8571
34.581
3.09524
1
8.05714
2.42857
23.3238
1
6.25714
6.32381
21.7048
24.1714
2.39048
1.12381
5.51429
4.55238
1.04762
43.1714
2.99048
1.20952
1.14286
1.48571
35.3619
4.87619
36.381
17.3429
4.21905
2.09524
18.0857
6.04762
37.6381
1.59048
9.45714
1.4
1.20952
22.8095
1.07619
1
2.84762
1.17143
5.13333
1
30.1048
45.6286
16.4286
1.78095
39.3048
1.6
3.05714
1.46667
1.11429
26.6571
2.09524
47.3905
2.8381
24.6
14.781
30.1048
1
1
13.4286
3.77143
51.1143
2.10476
4.50476
1.67619
3.73333
33.5619
1.35238
5.91429
34.6952
1.7619
1.01905
18.3905
1
1.07619
3.46667
2.88571
24.6476
39.5333
20.8
1.65714
4.12381
2.28571
1
31.1333
8.49524
19.8571
1.79048
2.85714
23.0857
5.00952
1.10476
1.20952
1.45714
12.5714
24.3333
31.5143
1.52381
1
13.4857
1.47619
6.8381
3.13333
1.14286
6.41905
1.18095
1
22.8762
2.79048
16.9143
1.90476
29.3714
2.12381
5.54286
13.6476
2.90476
2.68571
3.4381
2.32381
11.3714
24.0762
13.419
42.7143
2.11429
7.27619
5.46667
10.4286
32.8952
1
28.5143
2.24762
1
1
24.0667
2.3619
3.26667
35.1714
37.4857
24
1.13333
8.2381
4.59048
15.981
4.30476
2.06667
2.54286
1.04762
4.29524
5.73333
50.1333
2.40952
11.4571
6.86667
2.89524
28.019
1.09524
1.05714
21.5143
35.1619
19.3333
4.08571
4
2.98095
3.86667
3.71429
1.02857
1.4381
14.2381
13.8571
1
1.69524
1.48571
1.04762
1.6
2.41905
7.8381
1
15.9333
23.1905
2.90476
46.0286
2.75238
1.15238
1.88571
1.54286
1.30476
2.2
2.88571
8.72381
1.18095
1
6.97143
1.06667
1.30476
2.67619
1
21.5905
38.6857
4.5619
1.3619
1.77143
1.25714
1
1
1.10476
1.37143
1.19048
4.49524
3.12381
1
1.54286
1.00952
30.7238
45.2095
7.85714
25.0952
1.02857
19.9333
7.55238
3.73333
1.98095
1
1.48571
1.06667
1
2.60952
1.26667
3.72381
1.42857
3.61905
3.52381
1.0381
1.60952
1.02857
24.3143
6.59048
1
1
1
5.52381
11.6286
32.2857
1
2.30476
1.00952
18.6952
15.4
1.35238
36.3238
3.28571
15.4667
11.3714
16.7714
2.8
22.5333
1.14286
1.32381
18.5619
1.42857
29.1429
2.08571
42.1238
2.84762
1.18095
32.2095
44.8
1.68571
33.4857
1.40952
1.04762
1
20.9905
30.4286
2.8381
36.381
3.04762
16.6667
35.0571
29.4952
2.04762
27.9905
11.0762
4.6381
1.46667
1.49524
40.3619
2.99048
31.5048
28.7048
11.4571
10.9905
1.08571
12.9524
15.3714
1.97143
3.62857
18.2286
2.18095
1.73333
1.10476
1.86667
8.73333
11.5333
2.33333
1.79048
33.1524
1.88571
24.0667
26.619
1
1.17143
28.7333
1.10476
2.22857
1.29524
28.619
3.65714
3.31429
23.4857
30.581
4.21905
2.84762
1
5.65714
17.4381
2.68571
35.9619
2.19048
1
28.0476
1.61905
1.8381
1
7.54286
31.8952
34.4286
19.3905
1.27619
24.6095
1.07619
1.04762
4.06667
26.0857
1.32381
5.20952
2.08571
52.8286
41.7714
19.6857
1.00952
1.92381
10.4667
2.57143
1.91429
1.17143
1
16.0095
1
6.05714
1.33333
1
20.6857
2.38095
3.06667
26.7238
9.7619
1.86667
1.71429
1.69524
1.01905
43.9048
1
2.44762
1.05714
1
7.9619
6.77143
1.04762
2.89524
3.80952
1.34286
1.01905
1.85714
2.13333
40.3333
12.9048
15.2571
1.65714
1.15238
25.9048
7.35238
1
1
4.67619
1.02857
17.2
9.79048
5.22857
6.71429
5.33333
31.8476
48.4
3.98095
30.7714
61.581
13.1714
28.1333
1.04762
11.1714
84.1524
8.85714
11.4762
1
25.6381
1.21905
6.90476
8.15238
26.581
3.62857
1.21905
4.11429
6.86667
1.29524
1.6
1.79048
1
19.6095
23.8762
9.17143
34.0095
1.40952
36.1143
4.88571
1.41905
1.19048
10.4476
9.47619
13.6476
7.70476
40.419
4.29524
4.14286
12.381
9.4381
26.2952
1
18.1714
1.00952
4.3619
7.33333
3.75238
1
2.52381
1
9.28571
1.00952
1.71429
1.26667
4.51429
4.07619
1
1
1.06667
1
6.75238
1.59048
1
36.6952
1.2
1.28571
1
32.619
1.35238
3.46667
3.47619
37.5524
40.0762
2.7619
1
18.5333
15.4286
11.0095
1.82857
1.06667
7.86667
1
1.1619
1
1.73333
29.3524
29.7619
34.8762
1.93333
8.07619
2.6
31.9429
1.73333
37.5048
18.4667
18.6857
21.2857
21.8571
8.80952
1.54286
16.7429
44.6476
37.8286
1.51429
7.82857
7.6
2.21905
1.00952
1.12381
20.6762
5.02857
14.6667
8.81905
1
3.32381
2.37143
3
1
27.3619
1.05714
2.24762
2.34286
12.419
23.2571
1.68571
1.20952
17.4952
1.45714
1.40952
38.7619
12.0857
1.02857
1
2.90476
1
17.019
16.4286
12.9524
16.5333
1
2.32381
23.1333
2.20952
4.11429
13.0571
1.12381
43.6381
23.5714
1
1
1.27619
11.9333
33.4667
1.00952
1.21905
1.33333
11.4857
1.02857
28.8095
1.10476
1.46667
1.09524
2.89524
1.0381
1.38095
1.47619
5.40952
1.00952
2.60952
1.10476
1.51429
5.2
1
19.4952
6.50476
1.54286
8.48571
1.37143
3
1
58.7905
2.00952
1.00952
21.8286
1
27.8571
1.98095
10.8857
2.82857
1.70476
1.28571
1.33333
3.21905
10.6476
3.12381
3.93333
22.0095
1.00952
1
1.22857
1
1
1.70476
1
21.0857
35.0381
20.4667
1.59048
1.28571
1
16.8286
23.9238
19
1
14.181
31.2667
3.51429
1.11429
1.92381
28.8095
9.79048
14.3714
1.06667
1.29524
3.79048
1.27619
31.7048
1
5.19048
13.2571
1.41905
1.10476
11.1524
1.33333
1.40952
1
14.1905
1
1.28571
33.4381
1
2.19048
4.6
25.9429
20.6571
4.14286
1.51429
8.33333
1
4.99048
24.2857
1.70476
1.32381
43.1905
1.80952
34.9143
41.0952
13.2286
1.27619
2.53333
1.25714
5.62857
1.75238
13.2381
3.17143
1.12381
1.09524
18.7429
1.02857
1.30476
2.72381
26.8095
1.10476
1.26667
1.05714
1.24762
1
5.13333
18.9714
20.8
1.37143
1.26667
28.7333
18.4857
1.78095
13.4095
1.21905
2.1619
24.7619
28.0762
3.40952
2.47619
14.5238
6.61905
2.20952
22.2952
14.5333
1.8381
28.1238
1
25.7714
1.62857
48.6476
1
3.5619
15.1619
1.04762
23.2952
28.6095
5.11429
1
1.07619
1.05714
2.26667
1.49524
2.06667
2.89524
11.819
19.1524
38
22.8476
1.12381
2.20952
10.8857
25.8857
36.5619
1.02857
1.02857
1.6
1.58095
18.6095
2.49524
2.82857
1
4.92381
2.66667
1.28571
9.33333
1.87619
31.6857
36.9524
1.90476
2.26667
6.69524
30.9524
1.80952
44.8
1.30476
1.8
12.0952
22.5619
16.5619
35.219
1.14286
1
3.25714
1
13.5238
21.4857
24.9429
2.55238
22
31.2476
1.57143
1
28.3524
54.5714
6.19048
7.69524
2.28571
16.4952
16.8762
26.2476
4.80952
9.44762
1.10476
25.7048
5.46667
1.08571
24.9238
2.84762
13.1905
1
18.4
2.46667
3.40952
2.00952
15.4667
37.6857
1.42857
1.55238
2.88571
2.77143
29.9048
1
1
1.52381
17.2095
27.2286
25.8476
1.29524
1.00952
1.31429
19.9238
45.2571
1.40952
1.55238
48.9048
40.4857
19.8
1
17.781
1.04762
1.12381
30.4381
1.66667
1
5.14286
1.11429
1
1
3.25714
10.8095
25.1429
7.50476
3.90476
1.00952
1.81905
7.37143
28.6
39.9143
13.0762
2.42857
1.59048
2
25.7524
35.781
26.8571
6.14286
2.4381
9.20952
1
16.8667
26.9714
25.6095
3.52381
20.6381
1.79048
2.04762
2.4381
8.64762
1.8381
1.38095
1
1.05714
2.84762
18.3714
1.24762
1
21.3048
24.219
36.2381
39.6095
3.33333
1.0381
1
2.98095
7.26667
23.2952
3.59048
2.25714
14.1429
1.12381
1
36.9333
7.46667
3.99048
1.88571
22.8
26.0476
11.5524
13.5333
1.6
1.05714
1.6381
1.05714
1
1.00952
1
1
1
1.05714
1
7.68571
23.8667
1.10476
1.5619
1
19.6381
1.01905
2.15238
6.47619
19.8476
4.8
1.07619
1
31.7048
1
1.06667
24.6286
3.33333
2.09524
3.17143
1.12381
1.7619
1.05714
34.8381
2.05714
1.04762
6.1619
27.4762
19.3048
1
1.10476
1.42857
16.2857
18.5714
1
33.0476
7.38095
1.66667
3.40952
3.10476
25.7143
25.619
2.55238
21.0095
1.02857
1
4.21905
1
35.9333
14.3238
1.12381
3.87619
21.7905
5.42857
45.9048
42.3048
1.06667
15.5238
1.41905
5.13333
1
6.78095
1
2.26667
8.11429
32.9524
2.2381
1.4381
4.81905
1
2.04762
43.3333
4.12381
1.06667
25.381
34.6667
3.25714
18.4667
3.7619
11.1905
1.53333
9.38095
24.7714
4.5619
13.6476
1.2381
38.4952
1.26667
1.26667
4.29524
25.6952
1.00952
25.381
1
10.6762
17.4667
2.42857
24.4952
1.10476
1.25714
27.3238
1.15238
11.4476
30.3905
3.31429
1.24762
27.5524
3.54286
1.28571
14.3905
4.6
1.37143
19.6667
11.5524
1.81905
2.01905
20.9429
33.4381
29.3524
21.019
1.97143
19.019
1.05714
18.8762
3.07619
1.49524
46.5714
23.1619
4.21905
1.10476
19.2571
1.34286
1
3.22857
5.6
6.06667
69.3333
1
20.5333
1.00952
18.1905
1.32381
11.9714
3.37143
24.4952
6.51429
1.05714
5.50476
8.69524
18.381
1
39.5333
37.5048
2.33333
14.8095
1.13333
1.27619
2.18095
1.02857
1.19048
16.581
29.5048
24.3238
1.01905
4.44762
1.6381
1.74286
5.39048
3.02857
58.2381
2.92381
25.6667
1
1.91429
26.7048
11.0571
1
1.85714
5.93333
1.38095
1
37.9048
1.05714
1
1.0381
1.40952
1.08571
1.46667
46.8095
3.24762
10.3333
14.7905
4.93333
1.92381
1
25.0381
7.97143
47.5238
11.8
14.8
4.95238
23.3905
9.25714
17.4
13.2476
19.1619
1
22.8762
7.58095
30.3048
1
25.2476
5.68571
1.22857
1.45714
1
3.73333
2.95238
15.1905
2.04762
1
2.66667
7.52381
1
1
3.14286
1.10476
1.98095
1.31429
2.97143
1
1.37143
1.89524
18.4857
3.86667
1.04762
