10876
18.6
12.52
8.4
12.16
8.64
9.72
12.84
8.92
14.04
13.12
14.2
9.24
13.84
11.96
16.24
10.32
8.12
11.8
9.76
15.56
14.64
12.48
8.2
13.92
8
14.52
14.84
9.16
8.56
8.48
8.4
10.32
10.76
9.52
9.4
9.08
12.68
12.28
12.64
12.2
8.08
13.4
20.64
12.92
9.36
10.56
14.16
13.48
8.28
12.28
8.92
12.4
14.64
9.28
11.04
13.2
8.2
11.72
10.68
11.6
14.88
14.04
16.36
11.48
9
13.56
9.68
8.04
15.6
8.32
19.24
11
11.16
10.76
11.24
11.64
9.48
10.2
12.6
11.4
10.72
8.84
9.16
12.28
10.4
10.4
16.32
15.04
10.32
10.04
9.48
11.72
8.68
11.04
9.96
9.84
13.28
14.64
9.8
12.48
14.12
12.84
11.24
8.72
10.8
15.92
13.28
8.12
8.2
13.04
11.8
10.28
14.52
9.92
10
11.64
8.68
13
14.04
11.08
17.32
9.96
9.4
9.4
8.28
17.44
22
15.84
16.64
16.12
11.08
13.4
11.88
9.2
15.52
13.56
14.56
11.08
13.68
9.2
13.52
17.36
13.04
11.28
9.48
17.84
13.12
16.96
12.24
13
9.36
15.12
16.52
12.8
11.36
14.68
14.32
10.24
8.96
10.8
9.52
14.84
12.12
12.64
14.28
11.88
11.04
9.68
16
11.12
10.92
10.32
11.44
13.16
8.36
8.2
12.08
11.76
16.52
12.4
15.68
17
10.2
17
12.68
11.16
10.72
9.24
13.84
18
12.2
12.92
13.32
11.52
14.32
11.8
9.8
9.92
9.4
14.6
12.96
9.8
11.08
11.08
8.08
8.6
13.16
9.16
14
15.08
10.76
12.36
8.44
14.72
13.84
11.92
11.04
8.36
12.28
8.08
10.6
10.48
12.16
17.36
11.64
9.6
11.8
8.08
9.8
9.76
11.04
10.52
10.68
10.84
11.16
9.92
12.64
10.16
8.16
10.28
8.96
8.84
8.2
11.2
13.56
16.36
13.12
15.12
16.32
10.84
11.52
10.64
14.32
8.24
11.56
11.88
12.68
10.28
11.24
11.16
13.28
12.72
13.36
8.96
11.2
8.08
13.96
15.48
13.96
12.16
17.12
15.2
19.88
10.8
8.8
13.8
13.28
8.68
15.96
14.2
17.04
12.08
8.36
12.04
15.88
15.36
8.96
14.48
12.6
16.08
14.84
13.92
13.4
15.2
13
16.04
11.92
16
13.88
9.8
9.08
14.64
10.68
15.68
11.84
13.6
12.8
10.16
8.32
15
16.72
13.8
11.6
12.28
13.28
9.2
8.08
12.2
19.16
12.2
8.88
8.08
12.76
11.88
12.04
10.64
11.36
12.24
14.8
12.96
8.64
20.32
8.44
8.48
9.48
9.52
10.04
8.16
12.24
13.32
12.32
8.36
8.88
11.32
8.6
11.16
17.44
9.68
11.2
9.52
13.72
12.64
15.4
8.52
12.28
10.32
11.92
9.6
11.48
8.2
8.32
13.6
8.32
11.96
10.52
12.72
13.08
13.32
10.12
11.2
11.2
10.4
9.08
11.52
8.04
8.2
9.76
9.2
11.4
14.88
11.08
8.76
14.24
12.88
9.12
19.28
15.24
14.76
11.6
13.52
10.24
13.16
17.4
16.52
16.72
15.12
15.04
13.24
11.24
11.8
8.12
14.52
10.6
17.24
8.36
11.12
15.92
14.56
14.4
16
8.4
9.44
12.8
12.84
13.4
12.04
9.72
12.36
13
10.4
15.48
10.4
11
8.28
12.6
10.16
12.8
8.36
8.92
9.04
10.12
9.72
12.56
8.4
12.96
11.96
10.8
9.72
11.28
10.64
12.44
11.24
12.08
10.72
11.92
12.76
13.12
11.8
9.88
10.88
13.4
12.48
15.84
9.36
12.92
11.72
12.88
12.08
16.6
10.04
13
11.56
14.88
12.28
9.76
9.68
10.44
9.04
8.2
11.88
13.44
10.84
8.08
11.32
11.36
13.44
14.16
16.24
13.36
11.36
11.16
11.92
11.76
8.36
14.44
11.08
13.92
11.36
12.32
13
23.44
11.44
11.92
12.8
11.64
12.84
10.72
15.84
13.2
9.72
12.96
15.04
13.56
8.36
14.4
12.2
16.72
10.4
16.64
15.52
12.56
8.4
10.68
9.88
12.44
9.68
14.4
11.76
8.4
12.44
8.52
14
13.64
10.56
9.08
13.44
12.68
10.44
14.68
14.4
15.88
8.52
8.6
8.2
12.28
9.32
10.32
17
14
8.32
9.44
10.2
14.56
17.68
13.88
11.84
13.52
10.16
11.2
11.2
12.96
13.56
9.4
8.88
11.56
9.08
14.2
11.36
8.16
9.88
10.96
15.88
11.76
8.64
8.76
22.28
16.96
14.76
13.56
13.16
21.32
13.8
13.16
11.96
12.32
12.04
10.6
16.4
8.52
17.8
13.32
10.52
11.4
13.24
8.12
8.44
10.36
18.16
13.6
12.32
17.04
8.24
15.44
11.92
9.36
15.72
9
10.36
10.24
11.16
15.12
10
14.52
11.64
10.72
8.4
10.88
15.2
11.96
12.48
15.88
14.48
8.2
8.36
10.28
8.48
13.32
8
15.16
11.28
9.24
8.2
12.04
11.16
13
17.12
9.24
11.68
12.96
11.48
9.16
10.8
9.52
8.8
8.2
12.56
12.04
13.72
11.84
17.36
9.4
9.52
16.12
12.16
8.08
9.16
8.4
8.4
10.88
10.64
11.12
10.44
13.8
9.84
18
9.32
12.2
13.64
13.16
13.44
10.52
10.24
10.16
13.16
13.28
10.68
9.52
15.96
12.8
15.2
13.76
11.56
8.28
8.12
11.6
15.36
12.36
13.52
10.24
13.52
12.12
15.08
13.08
13.04
13.56
10.36
13.48
17.32
13.84
10.08
11.76
9.32
16.88
12.28
12
10.76
15.56
9.28
12.96
10.24
9.12
13.88
15.76
11.48
10.76
10.76
14.76
8.52
11.48
10.2
9
14.2
11.52
12.44
12.16
8.12
11.4
13.16
12.16
8.2
15.88
9.28
13.16
18.52
13.8
12.64
11.56
13
16.12
9.32
10.16
17.52
16.2
14.56
8.04
9.04
8.28
12.16
10.64
14.84
8.56
8.2
12.32
9.64
8.64
13.72
9.84
18.2
11.44
11.92
11.56
16.28
9.28
10.36
8.04
8.88
12.24
14.8
8.32
16.56
10.64
12.12
11.48
12
9.96
14.88
8.92
16.84
10.68
15.36
18.28
8.28
12.2
18.12
10.6
14.32
12.36
14
14.64
10.32
14.92
14.52
13.44
13.84
12.72
10.76
11.04
8.16
13.24
10.08
10.84
16.08
13.04
18.12
14.56
11.8
19.32
13.92
12.36
13.4
8.92
12.64
15.16
15.52
10.36
10.04
12.96
8.08
8.88
16.48
18.08
10.52
8.08
9.92
8.04
14.08
12.88
9.84
12.96
11.72
16.08
12.8
13.28
20.16
8.44
11.6
13.28
13.08
9.96
10.44
18.2
15.52
12.24
11.16
11.52
15.48
9.6
10.28
10.56
12.36
11.72
11.72
9.2
8.72
8.16
10.68
10.76
11.64
12.16
15.24
10.08
13.36
9.16
10.92
14.64
11.52
8.32
14.56
8.44
8.04
8.28
14.08
12.2
8
8.2
12.56
12.24
9.92
11.2
14.28
11.56
11.64
17.48
9.68
11.72
8.12
9.72
10.52
13.08
9.04
13.84
8.8
10.64
10.4
11.16
10.56
9.16
10.56
10.08
8.28
12.08
8.48
11.96
18.76
11.08
11.16
13.56
8.2
11.92
9.2
9.84
14.24
10.6
8.44
9.6
10.52
10.36
9.72
13.28
11.6
10.24
14.04
9.8
16.28
12.04
14.08
9.68
13.48
11.64
13.36
9.56
10.12
13.64
11.84
10.64
9.6
9.92
11.8
8.72
8.12
16
11.76
9.96
14.24
19.36
11.64
8.36
11.28
11.8
12.6
10.96
12.28
15.52
16.32
8.24
16.04
17.68
13.4
13.28
9.92
8.04
18.64
13.4
13.24
10.76
12.32
8.08
11.16
13.64
14.16
11.92
13.96
9.52
14.48
15.04
9.52
15.44
12.32
13.2
10.84
15.96
14.28
12.32
9.4
10.52
12.6
13.4
12.44
15.48
13.84
16.72
8.08
8.12
8.72
8.88
10.84
14.28
15.92
13.32
11.96
13.08
9.2
10.12
13.48
9.52
12.48
12.32
12.6
15.6
8.96
8.68
16.48
8.6
9.8
14.4
10.52
8.6
10.2
9.68
9.88
9.16
9.72
13.72
10.08
14.04
13.84
15.56
13.32
14.48
12.8
15.44
11.44
10.36
12.44
9.44
9.52
14.28
14.44
8.12
13.32
15.32
11.4
21.4
12.24
11.2
10.64
10.68
17.56
10.72
12.2
15.92
9.24
10.76
10.64
12
13.16
9.48
11.48
8
12.84
15.96
12.92
11.84
10.16
16.16
10.72
12.96
13.64
14.44
12.44
9.96
10.8
11
13
14.28
14.6
14.76
8.28
12.56
12.4
9.28
14.2
8.28
8.32
10.48
13.44
9.44
11.76
15.76
12.44
12.92
10.2
9.64
11.92
15.76
10.2
9.48
9.56
10.12
11.76
13.64
9.16
17.44
9.88
11.48
8.96
8.44
15.52
9.12
17.24
8
9.08
10.08
14.52
15.88
13.84
15.08
12.56
11.32
8.96
13.52
10.32
9.04
10.6
8.16
14.04
8.16
14.68
9.12
10.96
12.12
11.8
12.76
13.8
11.56
17.64
15.36
14.48
11.44
8.36
17.6
13.52
14.92
10.12
14
12.32
11.96
8.44
12.52
10.2
11.44
12.6
8.36
12.68
8.28
10.32
15.76
21
10.48
14.32
11.28
9.88
8.8
8.72
11.12
12
12.52
13.2
8.24
9.28
10.16
13.2
18.92
15.76
12.28
12.08
8.24
13.08
11.88
9.48
12.2
15.68
11.36
14.64
10.2
9.24
15.56
8.8
10
11.92
10.8
13.92
13.32
12.36
11.56
8.04
10.32
8.4
14.16
10.36
10.24
10.52
8.04
13.68
9.8
13.24
15.04
12.12
8.52
14.76
16.52
11.16
10.76
8.16
10.64
17.96
11.36
15.24
10.28
8.76
9.76
11.56
9.84
9.92
10.64
15.52
10.24
10.72
12.6
14.96
8.96
13.12
11.32
8.6
12.12
9.68
16.16
10.92
10.68
10.28
11.92
11.68
13.8
8.08
9.96
9.24
11.68
8.4
9.16
8.28
13.76
10.64
12.28
16.24
14
10.84
9.24
8.48
13.56
9.04
15.32
10
15.08
9.36
15.12
12.32
8.04
15.04
8.76
8.96
12.28
11.2
15.64
13.6
12.88
15.24
14.84
11.6
10.88
10.84
13.44
11.56
14.8
11.08
17.08
10.76
11.28
9.44
12.2
8.68
9.6
10.2
15.56
10.88
12.36
11.48
8.16
10.4
10.72
10.32
12.48
11.52
9.6
17.16
14.24
10.84
8.4
10.04
8.8
10.6
10.4
9.68
10.84
9.16
15.64
9.88
14.24
11.72
24.72
9.76
16.88
11.8
11.8
11.84
13.44
13.28
13.32
11.84
9.88
13.84
12.68
10.76
14.4
11.2
12.56
16.04
9.32
10.36
9.4
10.48
10.64
11.08
12.28
9.88
10.84
10.52
13.04
8.88
8.88
12.48
11.48
11.56
10.48
9.04
9.64
14.84
15.08
9.96
11.4
10.12
11.84
12.88
8.16
13.12
8.64
10.12
11.8
12.68
14.16
11.92
9.64
8.88
10.28
11.04
12.28
12.56
9.16
10.96
15.72
8.76
9.84
11.8
9.08
10.92
18
8.08
8.32
11.96
9.92
8.8
14.68
11.92
8.92
12.68
8.28
10.2
12.88
12.16
8.16
11.32
9.16
10.52
11.48
10.52
11.4
9.2
9.28
8.6
15.56
11.52
8.04
13.48
9.32
9.64
11.68
11.08
11.08
14.48
15.56
10.36
14.2
8.4
9.88
9.8
15.92
11.44
14.76
15.12
13.92
8.44
16.48
11.64
11.04
13.88
10.64
11.24
11.44
13.24
11.72
10.08
14.68
8.8
11.72
8.68
11.52
10.04
9.36
16.52
11.96
20.4
9.2
8.16
15.96
14.84
10.68
16.92
10.52
13.68
18.16
19.04
9.08
10.08
12.36
13.24
12.92
10.24
11.92
8.28
9.2
11.44
10.32
10.8
13.28
14.44
15.24
8.84
8.44
11.76
13.6
14.24
12.68
13.8
12.88
8.6
18.16
11.24
17.16
12.4
12.88
11.76
16.44
10.04
12.48
14.36
10.92
14.56
12.52
10.6
16.68
20.2
13.96
8.2
9.92
9.48
14.36
13.6
19.24
12.92
8.6
11
9.48
14.84
14.16
17.6
11.8
10.24
8.08
8.16
11.4
14.04
8.6
13.12
14.04
18.44
12.84
14.24
10.12
16
8.92
11.48
10.8
15.56
20
9.96
10.48
10.56
13.6
11.48
11.52
10.88
8.24
9.64
11.16
8.88
9.24
11.8
10.88
12.04
12.68
11.88
11.76
8.12
9.84
11.04
13.64
12
20.12
9.84
8.24
15.6
11.48
13.6
12.72
13.68
12.12
10.2
16.08
12.6
20.6
8.24
15.32
10.8
8.8
14.12
12.68
19.96
12.12
10.24
12.2
15.6
12.72
12.64
8.28
12.44
11.96
15.64
11.44
13.36
16
15.2
15.72
11.2
9.16
11.24
15.76
11.56
12.6
9.76
8.12
9.76
9.88
13.8
17.56
16
11.88
14.04
10.24
13
9
9.6
11.4
12.24
9.8
8.08
8.28
8.08
8.2
9.48
8.96
9.04
10.36
10.92
18.6
11.48
16.2
8.6
12.16
10.08
11.92
13.36
18.32
8.68
8.92
8.36
13.4
12.08
11.12
8.2
13.64
14.48
11.24
12.96
12.16
10.04
10.36
18.2
10.92
8.4
8.36
11.96
10.92
11.32
13.44
13
17.28
12.36
14.84
9.16
8.24
11.48
12.52
11.08
10.28
8.2
12
13.44
9.24
10.28
11.72
11.6
10.96
10.64
8.2
11.88
12.28
8.6
13.92
12.88
15.68
10.6
8.52
9.56
8.52
16.28
12.6
8.24
8.08
10.84
10.96
10.08
9.56
12.08
15.16
13.96
15.6
11.04
8.32
13.24
8.2
10.2
16.56
10.8
12
13.36
12.36
8.28
10.8
9.64
14.16
8.8
8.44
12.44
8.12
8.12
8.04
19
12.16
11.52
9.32
10.92
11.4
8.24
11.04
9.28
12.12
10.44
8.36
9.68
9.84
15.08
10.4
11.28
19.28
9
12.92
15.76
12.08
11.8
13.56
8.72
14.4
17.16
12.12
9.2
9.56
11.88
14.04
8.24
8.52
11.08
15.52
8.04
15.04
14.96
8.28
10.28
16.32
10.76
10.52
10.12
11.36
9.04
8.88
12.88
8.36
11.52
15.48
13.88
12.28
8.56
13.44
10.24
11.28
12.96
8.4
10.72
10.84
8.84
14.48
16.6
8.76
13
15.8
11.64
10.88
8.32
8
8.6
10.56
11.36
8.84
9.16
11.96
12.88
8.36
14.56
9.84
9.64
12.08
8.68
12.72
9.04
12.44
8.44
11.52
10.16
10.32
23.8
12
13.4
14.12
10.4
12.88
11.08
14
13.12
12.12
11
16
14.2
13.24
11.2
12.12
9.8
9.92
8.24
11.68
18.84
10.68
14.04
16.48
8.92
16.08
8.32
12.56
8.12
9.72
11.68
16
8
11.88
12.84
9.2
12.48
13.32
14.44
13.08
10.04
11.4
9.8
11.48
14.32
19.28
11.32
13.44
9.28
9.48
20.44
10.04
10.48
10.36
9.8
8.28
12.68
9.28
10.12
11.96
9.44
16.08
12.36
12.12
14.6
13.56
13.28
11.28
13.88
11.4
10.8
13.24
11.76
10.4
8.76
12.16
12.28
8.52
12.72
11.4
13.32
12.08
9.32
17.8
12.52
15.68
15.16
11.08
15.24
10.52
12.72
8.12
13.92
11.68
14.56
12.52
11.8
12.36
10.88
16.56
9.04
12.44
8.72
8.84
10
12.72
13.6
8
12.24
10.08
13.76
10.04
10.84
11.84
13.64
9.28
11.36
12.72
13.44
16.96
14.52
10
11.28
8.04
8.12
8.48
13.44
8.68
8.16
12.68
12.8
11.28
11.28
9.6
9.76
10.68
8.12
12.64
8.08
10.16
17.32
13.44
17.4
14.24
10.48
10.52
9.76
9
8.44
11.56
8.84
15.84
14.84
15.04
9.88
10.92
8
9.96
11.2
12.56
13.68
14.6
14.92
10
13.32
11.52
13.32
13.32
14.6
9.88
12.52
9.48
8.48
13.96
9.88
9.72
12.84
9.2
9.76
10.8
15.12
12.52
8.32
14.04
19.68
12.48
10.4
19.4
11.96
10.12
9.88
10.52
11.28
13.44
10.52
13.88
10.76
16.76
8.4
9.68
8.96
13.52
10.24
11.08
8.08
14.36
9.52
15.16
9.92
12.44
12.08
8.2
9.6
10.48
8.8
9.64
12.72
9.4
8.04
11.48
9.6
11.76
11.8
11.08
8.76
15.12
10.76
9.24
13.56
8.12
14.04
10.92
11.88
10.12
13.92
12.28
10.36
11.6
8.36
13.08
11.48
10.8
10.2
10.24
10.6
12.28
18.92
12.04
9.12
16.16
17.56
12.44
8.08
14.44
8.16
12.48
20.56
15.52
14.44
13.6
10.44
10.92
10.28
8.12
12.76
14.28
12.76
10.4
12.12
11.08
14.08
9.36
10.8
12.48
8.2
13.08
11.52
9.44
13.64
8.84
10.92
11.4
10.04
9.2
12.48
10.4
9.16
11.6
8.16
16.8
12.76
13.32
14.6
9.04
10.72
12.12
8.12
17.08
9.08
17.64
12.08
15.48
8.76
10.2
12.36
9.76
10.24
12.32
16.28
15.04
8.36
11.76
10.16
16.28
16.6
12.2
17.28
11
9.88
12.04
11.48
9.64
11.64
9.56
11.24
9.8
14.52
10.36
8.2
14
16.28
13.28
10.88
11.12
14.8
12.8
18.16
14.12
9.76
10.68
10.8
13.24
14.48
13.04
8.4
8.24
8.56
15.2
8.64
13.24
10.8
9.4
10.6
10.96
12.48
12.2
9.68
8.32
13.24
8.56
8.88
12.24
14.12
9.84
11.36
15.08
14.4
20.44
13.08
15.76
13.52
13.92
15.4
8.12
13.08
13.28
8.96
8.92
8.96
10.48
10.64
9.48
9.8
8.28
13.12
11.36
12.56
14.48
11.56
11.96
8.04
15.44
16.48
10.28
8.8
12.68
10.56
10.88
11.44
15.24
10.56
12.72
12.16
8.64
8.48
14
14.12
13.6
9.64
8.2
8.04
15.4
10.04
10.16
11.64
16.72
10.68
9.24
11.8
8.12
9.04
14.12
8.16
9.36
8.76
12.52
8.48
11.48
8.16
12.88
13.2
10.64
8.52
12.88
15.52
13.16
8.08
11.6
10.36
11.48
10.96
11.2
12.2
8.52
13.32
12.44
10.24
11.32
11.4
8.56
11.44
8.36
9.24
8.64
10.08
11.08
8.92
10.76
13.32
15.48
8.44
16.28
11.4
11.48
12.48
12.32
14.68
11.84
8.44
13.44
11.68
11.32
16.28
8.6
16.12
13.2
8.6
8.72
17.68
14.72
8
8.76
13.96
12.76
11.36
13.48
14.72
20.76
16.48
13.48
11.72
16.8
10.4
10.56
8.2
10.16
15.8
9.56
9.72
15.12
13.16
13.84
9.92
8.56
16.68
11.52
14.4
19.96
11.44
9.16
8.16
12.16
10.56
9.52
15.12
8.36
12
12.32
11.28
13.96
15.72
12.52
10.16
12.36
12.6
13.92
9.56
15.2
10.28
10.6
9.68
10.48
12.96
8.4
11.16
9.6
9.72
8.56
14.8
8
8.32
11.36
11
12.8
15.2
11.64
12.44
13.6
11.92
9.64
8.6
15.36
10.24
9.2
13.32
8.24
9.64
13.48
13.16
13.08
11
10.84
10.8
8
10.64
9.32
8.08
15.88
16.84
9.76
10.68
17.32
15.36
18.76
12.28
8.92
10.92
10.68
11
11.16
11.96
12.88
15
10.6
8.72
15.36
14.88
9.88
9.8
11.96
11.96
11.4
9.64
13.64
12.76
13
13.24
10.36
15.04
8.16
9.56
12.44
8.44
13.72
8.52
15.52
10.68
9.76
14.04
9.6
16.36
11.12
8.6
9.56
11.72
9.68
12.16
14.76
9.32
11.04
10.68
10.36
8.76
8.92
13.04
9.08
8.36
9.4
13.56
12.12
9.4
15.64
12.92
10.4
12.96
8.2
10.76
9.12
13.36
14.36
15.2
17.84
13.04
9.48
8.88
11.92
12.88
10.52
13.4
15.2
13.12
12.84
11.88
13.76
10.72
15.16
12.36
9.64
13.36
12.52
10.6
15.6
9.4
9.68
13.12
10
11.88
8.76
16.48
10.4
12.04
15.64
14.28
15.56
8.76
10.52
9.84
9.52
8.48
16.2
11.4
8.32
9.92
9.64
9.12
9.84
9.28
9.88
11.28
12.92
8.76
8.2
10.32
8.96
11.64
9.6
12.12
11.08
14.92
11.96
9.88
10.36
15.56
8.68
11.56
10.24
11
10.12
15.4
13.28
8.48
18.88
12.16
8.6
9
11.28
13.44
9.84
9.4
8.64
19.52
10.96
8.6
10.48
15
18.4
10.16
10.96
11.4
14.92
13.8
12.52
8.28
13.68
10.6
16.76
10.64
9.2
13.16
11.8
17.88
9.76
9.4
21.6
9.88
21.56
11.56
10.76
12.48
9.88
9.28
13.68
12.52
9.04
15.56
8.32
10.32
13.8
10.44
8.12
14.24
12.72
11.88
11.08
10.72
14.56
13.72
9.12
9.84
8.2
8.16
8.08
11.44
19.8
9.48
11.04
11.16
12.36
9.24
16.68
9.04
12.96
14.96
9.44
12.2
9.64
10.84
8.08
12.88
13.16
13.4
11.84
8.44
9.08
12
13
14.36
13.52
11.48
14.28
11.56
9.32
12.6
10.72
12.44
14
13.28
9.8
10.04
14.48
8.76
16.04
15.68
19.32
14.68
15.32
10.4
18.08
14.72
12.32
11.16
9.92
8.48
34.08
11.16
10.32
16.12
12.52
11.96
12.92
18.68
9.16
14.24
11.56
8.72
8.36
12.52
8.12
8.2
11.84
11.8
8.08
10.56
12
11.4
16.4
16.88
13
8.12
13.08
9.12
11.16
9.72
15.76
12.64
8.24
10.08
9.36
9.36
8.24
8.04
9.08
10.6
16.68
12.84
8.48
11.64
10.84
9.04
9.8
14.48
8.48
11.64
8.28
14.08
14.32
16
11.28
11.12
13.52
14
13.48
9
13.92
12.04
14.28
8.28
8.28
9.12
12.24
13.32
16.76
14.56
12.44
11.2
11.92
8.32
12.32
12.32
10.64
13.76
14.28
10.48
12.68
8.52
8.04
10.96
15.08
14.88
8.4
12.16
13.24
16.72
11.64
15.88
16.72
8.08
10.64
17.44
18
11.12
15
14.04
10.8
11.84
10.56
10.44
15.88
13.2
10.84
11.48
9.72
18.04
8.2
11.8
9.08
12.2
11.52
11.72
12.76
10.88
9.64
12.2
11
10.92
8.32
9.48
10.88
9.64
11.2
8.56
11.4
10.64
10.76
10.88
11.84
12.88
8.4
10.6
11.16
8.84
10.6
15.88
11.56
10.48
10
8.92
10.52
9.64
10.68
12.92
14.04
11.64
12.88
11.56
10.24
10.72
9.76
8.16
11
8.92
16.96
9.96
10.4
9.6
8.68
12.24
8.24
12.76
15.72
9.92
13.16
8.36
14.2
9.8
11.68
9.04
11.44
10.04
8.44
13.48
15.68
11.56
12.4
8.88
8.2
9.12
11.72
10.28
11.12
11.48
9.72
14.92
10.72
13.64
13.04
13.44
12.2
10.88
10.96
18.6
9.4
12.84
14.04
12.08
11.72
11.52
8.8
8.24
12.76
8.68
13.6
8.2
9.6
14.6
10.8
14.4
12.76
8.32
10.2
15.2
8.48
8.84
9.96
11.16
10.4
10.32
8.04
10.92
11.92
9.24
9.36
11.4
11.6
15.4
10.8
16
13.76
11.28
8.32
10
9.68
8.08
13.08
8.2
10.96
13.4
12.64
15.36
10.56
8.92
14.52
8.52
16.52
13.84
13
10.8
15.04
15.28
11.48
8.64
8.56
13.48
8.16
15.28
8.56
10.28
13.2
12.04
17.8
16.64
15.56
8.12
10.08
9.72
12.52
8.04
9.04
12.56
12.04
8.96
8.72
8.08
8.68
16.12
18.4
9.16
12.28
8.08
12.8
11.64
8.8
8.36
13.96
11
11.28
14.28
14.4
8.2
13.76
16.48
8.12
11.48
9.6
11.16
11.76
8.12
17.32
10.32
15.32
12.8
8.24
8.24
17.68
13.96
10.64
14.68
12.52
8.08
13.56
10.28
8.2
13.76
8.72
10.84
11.52
12.08
10.64
9.16
10.6
14.2
12.52
14.48
14.4
11.76
12.8
17.6
11.2
14.16
12.04
9.52
8.48
8.36
9.44
12.52
8.08
14.56
12.32
11.72
8.88
8.04
9.28
10.08
10.92
14.48
8.2
9.88
14.28
17.08
10.4
14.32
10.32
19.72
9.2
10.44
13.52
14.64
14.16
11.64
10.04
15.52
11.44
12.8
8.36
8.04
12.16
11.28
10.96
12.76
14.6
10.24
8.92
10.8
13
8.68
11.28
19
14.48
13.56
11.12
15
11.24
14.16
9.64
8.2
11.88
10.16
9.88
11.8
13.4
12.08
9.56
10.24
11.32
13.72
12.12
13.16
11.24
8.6
13
9.28
12.12
8.76
14.64
8.48
13.92
13.28
9.04
8.76
9.08
17.24
10.2
14.6
8
11.2
8.4
12.48
13.08
12.64
8
13.44
11.92
14.12
12.36
14.04
15.52
12.6
9.36
11.4
17.84
8.28
17.28
13.6
9.32
17.28
11.68
9.64
8.44
19.96
9.76
11.88
8.24
11.52
9.6
9.12
8.32
14.12
16
21.64
9.2
8.12
13.72
21.28
10.92
13.48
12.48
15.92
12.24
10.04
10.2
13.12
8.24
8.2
13.64
14.68
15.8
16.56
12.76
8.24
9.56
16.72
8.4
13.32
9.48
12.08
9.32
16.56
11.4
13.84
8.4
10.88
15.12
9.68
10.4
12.4
13.28
9.48
11.72
14.84
18.32
8.68
11.84
10.52
8.48
13.12
11.8
15.4
9.12
9.24
12
12.88
10.16
10.8
8.64
10.12
10.76
11.6
9.04
12.76
10.8
12.96
9.8
11.52
11.72
11.04
12.84
13.24
14.28
8.12
15.76
9.56
10.44
9.4
9.6
10.04
12
12.04
11.76
11.32
13.56
10.48
8.48
11.92
9.04
8.52
8.24
11.52
10.08
12.36
8.32
15.28
9.44
10.8
8.2
12.76
11.08
13.4
13.68
9.4
15.48
9.76
8.16
9.36
10.92
10.84
12.48
8.16
8.08
8
12.48
9.68
10.28
12.28
9.88
10.04
10.92
12
10.36
14.36
13.84
8.12
8.12
8.92
8.08
11.16
11.08
9.52
12.52
15.12
12.08
12.4
15.6
9.08
13.08
9.8
11.36
9.16
11.96
8.52
14.8
8.24
10.52
11.52
11.44
8
8.32
12.64
10.08
9.88
9.96
16.04
17
12.64
8.16
11.12
13.92
8.04
9.48
9.24
14.88
14.8
9.08
8.32
9.8
10.28
11.12
19.36
12.88
10.12
11.08
11.2
15
10.04
10.44
10.92
12.44
9.28
9.6
10.64
8.08
10.8
12.72
13.64
12.04
15.6
11.6
14.48
14.24
11.64
11.8
8.16
8.52
11.36
14.36
8.4
11.96
15.56
11.44
13.44
8.16
11.8
11.16
10.92
15.92
8.32
11.48
14.6
9.08
9.44
8.04
12.24
10.48
10.16
12.6
13.24
10.96
8.16
15.56
14.52
9.6
13
12.96
8.24
47
9.4
14.72
11.6
13.12
13.56
8.96
9.96
9.24
8.12
14.96
8.24
14.12
9.72
16.12
15
8.32
13.68
8.68
11.76
10.56
9.44
10.2
12.2
10.92
9.52
12.96
18.64
12.44
15
15.16
21.56
12.16
12.08
15.44
11.32
12.96
12.12
12.72
12.4
14
14.72
10.68
14.16
8.52
11.64
12.84
13.44
8.44
9.68
9.4
11.6
11.88
8.76
15.08
10.32
13.2
14.48
13
10.76
9.44
10.6
9.44
8.28
10.56
13
8.88
10.16
16.68
11.44
9.68
8.4
10.08
8.28
10.28
12.76
14.84
10.68
8.88
15.96
13.16
12
8.72
8.16
8.76
11.2
14
13.08
14.2
14.8
11.24
11.4
10.24
9.96
14.88
15.48
14.28
11.88
8.6
12.04
9.04
8.84
15.16
12.24
9.44
8.56
13.36
11.96
10.92
10.64
11.08
10.36
8.72
11.04
10.88
9.12
11.24
10.24
12.32
8.36
12.16
8.68
12.52
13.4
13.2
12.08
11.8
11.24
10.6
16.32
16.44
9.08
10.76
8.16
13.92
12.68
9.64
12.68
14.16
14.04
10.12
15.36
14.04
10.4
11.2
12.36
11.16
9.92
8.24
9.6
8
15.32
8.2
11.4
13.44
8.68
9.68
13.08
8.68
12.84
12.32
8.88
16.48
10.12
10.08
8.36
12.88
9.56
12.2
11.76
12.52
10.96
14.76
15.04
13.12
8.24
8.28
13.72
11.16
9.44
8.32
9.88
10.24
12.64
11.6
12.28
18.04
8.52
13.32
8.4
8.48
10.28
8.96
10.32
8.12
19.96
11.12
8.84
11.24
10.28
13.4
8.96
12.6
11.84
9.04
10.08
12.16
10.64
15.04
8.4
13.96
8.56
17
8.72
16.32
11.76
14.84
9.76
13.6
16.64
9.76
10.76
9.48
12.32
14.56
8.68
8.16
8.96
11.68
12.96
10.68
10.52
12.64
8.36
12.36
15.28
9.64
13.4
9.44
12.2
11.72
12.2
10.36
13
9.12
12.72
8.48
8.12
10.76
8.08
16
9.72
12.08
13.64
8.04
11.56
9.16
8.12
8.32
10.92
9.72
11.52
9.04
15.08
9.08
14.64
15.84
13.6
12.6
11.28
10.6
11.08
13.08
17.4
9.72
10.68
8.72
12.36
14.04
12.16
10.52
9.48
14.56
18.64
14.28
10
11.08
13.72
10.16
12.44
14.56
10.76
11.52
13.32
10
12.88
10.68
12.44
12.88
12.16
13.04
10.72
11.68
16.6
10.44
10.28
8.4
10.32
8.32
11.24
18.92
10.52
9.04
10.36
14.44
10.52
12.36
14.68
10.64
8.2
13.12
16.68
14.48
18.88
12.48
10.8
10.24
10.76
15.28
9.6
17.16
11.64
13.36
16.6
10.52
9.92
8.28
15
10.28
8.88
11.52
10.08
16.16
10.12
11
11.84
18.76
8.24
11.8
10.36
9.4
11.84
13.68
11.12
19.24
12.76
11.76
12.32
10.04
11.28
12.04
8.08
9.36
9.8
12.6
8.48
12.48
15.08
12.32
13.76
13.36
8.2
14.48
10.32
10.32
11.72
11.08
12.48
12.16
10.24
13.24
11.28
9.4
15.96
10.08
19.36
9.64
14.56
11.16
9.28
11.04
9.44
8.8
11.56
8.32
9.52
8.16
11.92
9.56
11.56
11.92
11.76
9.28
8.32
9.72
21.84
10.36
8.36
9.68
15.28
9.12
12.8
9.68
8.08
9.92
16.12
10.84
13.84
16.48
11.28
14.36
10.8
9.96
14.32
10.56
10.36
12.48
15.36
11.4
12.64
9.56
12.52
16.52
13.72
10.04
8.72
10.48
9.44
9.16
12.36
8.2
10.36
16.32
12.36
9.8
12.48
8.8
8
16.12
14.88
11.36
11.36
13.4
8
13.72
8.28
10.08
14.12
11.92
11.76
8
10.04
9.04
8.32
8.52
14.6
10.4
9.96
9.04
11.48
8.24
10.92
10.64
8.12
14.04
13.96
11.6
11.64
8.28
10.04
10.28
8.04
11.76
12.4
13.4
11.04
10.76
12.2
10.84
14.4
12.84
20.84
13.76
13
11.84
15.92
13.56
12.48
11.08
19.68
10.84
8.24
10.6
10.68
13.96
9.04
10.08
8.84
10.52
11.04
8.32
9.6
13.68
12.44
13.4
12.84
16.6
13.04
18.84
8.24
10.92
8.6
11.08
12.16
17.96
13.44
15.76
14.72
14.96
9
8.2
9.32
11.92
10.36
12.04
9.8
12.96
13.2
11.04
15.88
10.2
15
12.24
14.8
13.52
10.6
13.72
10.4
18.04
10.84
10.52
10.6
10.96
8.24
13.84
16.4
9.92
10.92
9.72
8.8
13.44
10.56
9
8.8
10.2
14.4
11.56
13.88
10.96
10
13.32
8.96
8.32
11.96
10.48
9.76
10.2
14.52
17.32
12.04
12.96
13.48
10.6
8.08
8.2
14.92
12.96
10.56
8.64
9.48
15.36
13.72
8.4
10.36
13.2
12.68
9.76
10.48
11.16
12.56
8.36
8.4
10.28
11.52
8.48
8.88
8.12
9.48
9.04
12.72
11.8
9
16.56
10.72
13
8.28
10.28
10.88
14
13.8
12.16
13.52
10.12
12.24
13.28
10.76
8.8
13.04
8.04
11.04
12.4
10
15.48
14.2
15.08
12.08
12.32
8.2
9.2
8.28
10.28
8.24
16.4
10.76
8.2
8.68
10.2
12.84
11.4
12.32
8.08
18.8
11.92
12.32
13.04
10.64
9.08
13.72
13.2
17.84
8.16
20.8
8.92
11.76
11.36
9.44
9.48
11.2
10.08
14.8
10.8
10
12.4
8.2
11.76
10.2
12.08
11.72
12.32
13.88
12.28
17
10.68
8.12
11.64
8.2
8.28
11
10.76
16.2
10.04
11.6
8.36
10.68
12.6
13.2
8.36
14.56
12.48
16.2
11.2
9.48
13.88
14.68
9.08
13.76
9.36
10.36
11.32
10.8
14
9.48
12.24
12.24
8.56
14.48
9.92
13.44
15.76
10.4
9.16
9.84
9.8
10.28
9.52
12
10.52
10.44
8.36
9.92
11.72
11.64
10.12
18.2
9.64
8
14.68
8.08
9.28
11.76
12.12
12.2
8.16
14.08
9.24
10
16.88
14.48
8.88
8.28
12.04
10.4
11.24
11
8.24
9.64
8.52
13
10.52
12.68
10.56
14.16
8.08
11.44
10.76
25.48
13.12
12.12
9.96
8.04
9.76
8.2
15.76
11.72
13.6
12.44
10.48
13.72
14
11.36
10.44
17.04
12.84
8.56
10.8
15.8
15.72
11.88
10.92
11.68
12.32
13.76
12.76
16.08
9.12
11.88
15.52
10.56
11.04
8.56
10.96
8.2
9.68
8.12
15.24
9
14.6
18.72
9.64
15.4
9.4
11.88
8.4
10.08
12.8
8.28
8.8
17.36
15.96
11.08
13.24
11.4
16.48
12.84
14.84
8.12
9.6
13.04
16.04
15.08
8.2
10.88
8.24
10.56
9.48
8.12
12.64
10.04
16.16
8.28
15.04
14
12.48
11.4
14.08
18.88
10.92
10.64
12.72
11.24
14.84
8.44
8
13.36
8.16
11.28
12.16
13.32
11.16
11.68
15.2
12.28
14.2
10.28
12.76
12.96
11.88
12.44
20.28
12.2
9.68
9.12
11.88
15.8
12.52
15.48
11.52
8.68
13.16
16.28
14.36
9.28
13.48
13
12.08
12.88
11.04
15.12
8.04
12.76
8.24
12.68
13.24
10.28
10.76
12.84
10.2
16.72
15.68
8.64
13.32
15.64
17.12
16.24
11.36
9.6
8.24
8.72
13.4
14.32
8.48
15.2
22.68
17.52
16.44
14.56
10.48
16.16
10.48
8.24
9.8
9
11.12
8.12
8.16
8.52
11.52
12.36
16.04
12.56
8.12
9.84
11.6
11.92
8.32
8.08
15.24
11.16
14.16
10.32
10.52
13.48
10.24
11.56
12.64
13.44
15.52
11.6
19
11.8
10.84
8.28
8.64
14
15.04
10.88
15.8
12.92
9.68
11.92
15.12
9.12
8
10.16
9.4
8.04
12.92
8.12
8.76
9.64
14.12
15.64
10.28
10.84
8.16
8.2
9.64
9.32
10.72
14.08
8.44
12.24
9.56
9.4
10.44
8
19.28
10.2
13.6
11.24
11.72
12.88
10.76
12.32
11.44
16.8
10.24
12.48
8.76
10.72
12.64
8.6
14.72
11.96
9.52
9.96
8.12
8.2
11
12.16
12.44
10.92
9.24
11.08
16.8
15.44
9.84
10.28
13.56
8.6
11.64
14.12
9.8
8.28
10
13
10.32
11.76
10.92
12.32
11.16
10.6
9.04
8.48
14.92
13.2
14.36
12.64
10.08
9.88
9.52
16.36
9.88
8.76
10.44
12.52
9.72
10.12
14.44
8.2
8.16
10.4
10.88
12.68
12.12
10.16
14.92
8.76
15.12
9.6
14.36
10.96
8.64
8.28
8.16
9.68
9.72
9.44
10.08
23.56
11.88
13.24
17.64
16.56
9.92
15.56
9.96
12.96
13
10.96
15.08
14.72
8.52
11.72
9.68
16.88
16.36
12.2
10.88
11.4
12.4
13.52
9.28
8.88
9.68
14.2
11.56
8.04
11
11.72
8.24
12.64
10.24
12.24
13.36
14.36
8.2
9.48
10.64
11.52
9.96
13.64
13.44
14.72
14.76
11.96
9.76
8.12
11.68
13.92
11.56
12.84
8
10.36
11.52
12.08
11.6
8.8
13.72
9.76
21.08
11.28
16.32
10.28
10.16
12.64
15.28
9.6
12.88
11.8
8.28
9.64
15.16
11.44
8.12
8.6
9.84
8.2
14.8
13.72
13.6
18.48
11.4
12.52
15.6
10.92
12.04
8.44
11.96
15.96
9.52
10.64
10.88
11.32
9.08
8.24
11.44
13.24
8.52
9.4
14.88
12.32
10.16
13.44
11.2
14.84
13.04
8.36
12.8
12.48
11.4
9.92
13.08
10.8
16.28
17.76
15.2
11.96
12.76
10.92
9.56
17.76
10.76
11.8
9.52
8.8
9.12
11.32
9.28
10.16
8.04
10.28
10
9.08
10.28
12.16
11.28
10.6
13.8
15.32
10.84
10.8
8.08
9.52
17.32
9.92
8.84
9.4
9.84
14.44
8.04
11.8
10.8
11.12
14.12
8.8
10.44
8.2
11.52
8.72
9.44
12.52
9.76
13.24
10.56
9.12
9.64
14.52
10.72
17.68
9.48
12.28
12.92
12.84
11.8
10.32
14
9.2
13.96
13.68
9.04
11.56
14.16
12.76
12.64
10.04
10.44
9.92
8.44
9.84
8.28
13
19.16
8.08
13.56
10.64
13.48
11.84
13
10.72
14.76
10.24
8.6
10.8
11.96
12.6
13.36
12.2
8.56
12.84
12.56
8.96
15.2
9.96
9
9.24
9.04
11.8
10.8
11.4
12.64
16.04
9.72
12.72
11.52
10.28
10
13.28
11.52
8.56
14.28
8.08
11.84
9.88
17.92
15.04
11.64
11.48
15.6
13
8.2
8.12
8.56
12.12
9.84
11.56
13.88
9.72
14.8
10.12
9.4
8.84
11.92
8.56
14
11.24
10.6
14.84
12
10.96
9.84
10.96
13.16
12.28
8
10.68
8.8
10
10.48
8.6
14.68
8.96
8.08
11
10.84
8.08
9.4
11.28
8.96
13.52
8
11
9.56
11.6
9.84
11.72
8
12.16
10.96
10.04
11.92
11.76
9
10.76
9.84
8.52
13.96
15.68
10.64
8.04
11.84
10.84
9.28
11.92
8.44
8.08
17.96
20.44
13.04
12.12
14.6
10.4
8.16
9.24
9.04
12.84
8.12
13.4
11.76
13.96
9.96
8.16
13.04
8.28
13.88
9.4
11.64
10.8
10.16
11.64
10.24
8.08
8.12
8.2
9.44
10.92
8.08
12.8
10.52
13.8
8.16
11.96
11.84
8.24
8.4
12.28
16.24
8.8
10.48
9.76
14.8
13
8.08
14.72
13.04
12.52
10.48
9.4
11.64
13.44
14.92
11.36
18.36
9.32
9.2
10.92
10.48
12.88
10.96
10.52
9.32
12.4
10.96
8.16
11.56
8.28
11.64
14.44
9.92
11.12
17.08
15
13.04
8.72
10.68
9.92
10.44
10.84
12.84
15.36
9.84
9.96
13.2
9.8
10.88
12.48
10.48
10.56
12
17.56
8.12
10.24
10.56
9.24
12.04
12.64
11.32
10.12
8.8
9.44
11.36
9.52
8.12
9.8
8.44
9.48
10.4
14.12
11.72
9.12
11.08
9.28
13.72
8.8
10.16
13.2
12.24
9.84
8.44
12.16
12.56
9.6
9.52
9.36
9
12.48
13.16
9.72
9.88
10.08
9.68
10.16
16.8
9.32
9.52
10.64
15.36
12.52
10.24
8.2
8.28
13
11.56
14.24
9.88
14.32
9.24
10.32
10.48
11.44
13.88
11.08
19.2
10.96
12.36
10.4
8.32
8.08
15.8
12.52
11.4
9.84
13.8
10.28
11.12
12.16
8.12
9.64
10.8
10.64
12.44
11.56
12.2
18.96
9.6
9.72
8.8
8.16
8.36
9.2
14.04
8.24
11.92
9.2
8.92
9.48
8.2
11.28
19.04
8.92
8.24
10.76
11.48
17.12
14.76
12.76
11.96
13.56
10.04
12.56
8.08
12.16
9.4
8.16
10.92
12.88
9.68
11.56
12.76
11.48
11.24
10.44
11.64
10.76
11.48
10.92
11.24
11.28
10
14.48
10.8
18
10.12
9.6
14.04
13.92
12.36
10.48
9.28
11.64
10.92
8.04
17.6
9.2
11.6
8.4
15.76
15.88
12
14.84
10
14.04
10.36
11.76
14.88
16.2
9.96
8.48
9.48
11.72
11.36
11.36
8.68
11.72
12.6
15.28
13.32
12.64
13.52
14.92
12.2
14.68
9.16
9.76
11.52
12.2
9.2
9.96
8.8
10.88
9.68
8
12.64
8.84
12
9.84
8.88
8.28
10.6
9
10.12
13
16.4
11.12
8.8
15.72
11.4
13.72
10.04
12.8
8.56
12.04
11
8.96
13.2
13.28
8.52
10.2
10.8
10
10.12
12.72
11.56
12
8.48
12.36
10.76
10.28
8.6
11.76
10.6
14.44
8.12
13.4
8.2
15.88
9.52
11.28
8.76
12.16
13.4
8.4
17.52
8.96
14.28
18.4
8.2
9.6
16.36
11.72
12.92
12.08
8.32
8.64
14.44
8.2
11.92
9.36
14.12
9.16
12.56
8.2
12.76
14.76
15
8.56
14.16
12.32
9.96
14.88
10
8.04
8.4
12.76
17.88
13.6
12.2
11.24
13.88
8.2
14.04
9.28
10.6
12.72
11.4
11.88
11.4
9.68
10.72
17.56
12.28
9.32
15.2
15.6
12.92
14.88
14
18.52
13.12
17.76
11.44
10.56
14.04
8.16
8.12
8.24
22.96
11.36
11.56
10.4
11.56
8.6
9.16
10.16
10
11.08
16.4
15.4
9.04
14
8.32
8.56
8.16
9.4
12.04
9.68
11.56
15.68
16
15.44
9.6
8
12.36
9.08
11.64
8.12
8.16
8.24
12.2
8.08
8.56
9.44
9.8
10.88
11.24
9.84
11.48
11.64
13.24
14.12
13.4
12.16
11.64
19.8
10.24
9.96
9.68
15.64
12.8
8.12
10.16
8.04
12.96
16.32
17.88
11.32
10
11.36
8.68
10.44
9.48
8.72
8
8.64
9.6
10.6
14.52
8.8
11.28
12.76
11.08
9.64
10.64
14.12
10.32
9.32
15.36
15.12
8.28
15.04
12.16
12.44
9.76
12.44
11.64
8.84
15.92
15.8
8.12
8.4
9.84
11
15.24
15.12
13.68
9.84
11.36
10.64
15.2
10.44
14.16
12.88
10.32
9.44
10.96
14.24
10.36
8.12
11.2
9.04
10.88
9.16
11.64
8.72
9.96
9.28
10.96
8.16
14.44
9.8
9.72
15.64
8.48
12.08
14.6
14.16
14.72
16.6
11.48
8.56
8.16
9.84
11.24
12.68
12.08
13
16.16
13.4
9.8
8.48
8.4
10.28
9.4
9.2
8.32
10.6
10.44
12.36
11.16
8.4
13.44
13.76
8.96
13.8
10.08
13.12
10.44
11
10.68
13.08
17.44
13.56
11.48
12.08
8.36
12.84
8.24
10.32
8.72
9.12
10.52
14.04
11.6
11.48
8.12
8.08
10.04
9.72
13.24
14.72
9.8
10.04
11.36
9.52
15.2
9.8
9.84
10.4
8.2
10.64
10.44
11.28
12.72
8.32
8.16
11.52
9
10.16
8.92
8.2
11.84
9.72
12.16
10.96
16
8.88
8.16
10.72
13.52
10.6
8.76
11.4
12.2
10
13.96
9.36
11.92
11.76
10.72
8.28
12
8.12
8.72
10.48
9.24
11.68
12.76
16.88
10.32
8.4
12.68
8.72
15.6
14.2
9.24
13.68
12.6
8.6
8.04
13.88
8.16
9.44
14
13.84
11.56
9.68
9.88
11.92
9.96
8.16
15.92
16.32
18.72
8.4
10.08
10.08
13.6
9.92
10.4
15.16
17.4
9.84
15.28
13.2
8.36
12.4
15
12.04
8.44
13.2
8.16
11.56
12.96
9.44
12.4
14.32
9.56
9.16
14.04
11.12
8.88
10.84
10.72
10.64
9.44
12.64
8.64
14.08
10.52
13.08
11
10.76
8.72
8.32
8.04
9.2
13.64
11.52
9.16
8.28
9.44
8.64
14.92
9.12
11.16
9.04
16.8
14.24
8.96
12.28
12.68
17.4
8.64
8.2
8.12
8.16
10.36
8.96
12.96
14.96
8.08
15.4
18.72
8.16
11.92
10.8
8.72
10.68
11.2
9.2
11.28
9.28
13.48
10.96
12.56
12.6
14.96
8.32
14.24
11.76
15
8.48
19.88
16.08
16.08
18.72
10.68
8.16
8.72
11.12
9.8
10.88
12.2
9.24
8.36
8.12
11.88
8.36
10.04
15.12
8.24
8.04
12.24
12.52
15.72
12.92
19.56
10.72
9.4
12.16
9.76
11.48
16.28
10.92
13.52
9.2
15.72
8.64
8.36
9.56
8
8.16
8.56
10.92
10.24
8
15.16
12.92
11.64
10.92
9.84
12.48
11
15.36
9.64
10
11.24
13.76
14.56
10.16
13.64
9.76
12.76
12.32
10.6
14.76
12.12
9.76
10.76
10.2
11.04
14.12
16.72
12.24
14.12
13.76
9.88
9.68
8.36
10.68
13.68
13.32
11.12
16.12
8.08
10
9.36
12.12
12.04
9.04
14.08
10.52
12.56
11.36
9.28
8.08
8.52
10.28
8.32
10.32
8.8
11.48
8.6
8.72
8.4
9.24
18.8
14
10.48
9.32
9.16
8.6
10.76
13.64
14.96
8.12
8.28
9.88
13.36
11.04
12.56
9.96
11.96
11.36
11.92
11.4
10.4
11.92
11.6
15.96
8.36
8.32
11.4
8.12
10.76
13
19.04
16.6
11.04
12.32
13.28
14.48
8.76
8.68
14.2
8.4
12.84
10.08
13.48
14.2
11.32
11.52
10.12
8.08
16.72
12.72
9.6
8.2
9.48
8.6
9.04
11.36
18.6
13.72
14.2
9.56
10.28
9.72
15.52
9.48
14.12
13.44
10.56
11.76
11.8
15.8
11.04
8.16
10.84
20.8
11.32
13.2
13.4
13.96
9.24
10.28
11.88
14.64
8.4
14.2
17.4
14.76
10.32
15.04
9.12
10.92
8.28
13.64
17.56
9.08
8.2
15.4
12.48
12.28
8.72
13.24
10.96
16.96
12.08
17.12
11.04
11.84
10.24
9.8
11.6
18.72
9.92
8.2
11.32
10.4
12.56
10.92
9.12
8.2
8.84
8.24
9.84
9.2
13.28
9.48
13.2
8.36
11.84
9.64
8.52
8.32
16.88
8.24
12.04
8.2
9.44
12.2
10.04
9.64
9.6
15.36
10.96
10.52
8.32
12.68
8.4
12.56
10.36
8.44
10.64
14.92
15.44
10.08
12.24
12.96
19.72
9.44
11.92
8.56
8.36
8.08
9.12
13.32
8.4
13.48
8.04
8.44
12.52
10.96
10.12
17.04
8.32
8.56
10.88
13.72
8.2
9.64
9.44
9.2
9.88
10.08
11.2
11.04
9.52
8.04
8.2
8.32
10.6
11.04
10.2
13.88
11.68
10.56
8.96
9.4
12.56
10.56
10.72
9.76
11.16
12.44
11.64
8.12
9.6
9.12
13.52
8.12
18.4
12.36
8.44
12.04
8.24
13.16
8.24
8.44
12.2
13.12
15.56
11.8
8.04
10.08
9.84
8.56
13.92
12.24
12.48
11
9.84
11.96
9.88
11.68
9.52
9.8
8.2
8.4
8.24
9.6
8.24
9.76
13.4
19.92
8.28
8.84
8.64
10.96
9.2
8.16
11.8
9.36
9.96
9.68
9.04
8.2
8.08
12.52
10.88
8.8
10.6
11.2
12.96
8.12
9.56
14.36
10.72
15.32
8.64
16.24
9.84
15.36
16.4
14.76
9.6
11
15.16
11.44
11.96
15.84
11
12.2
14.72
10.56
8.44
12.56
11.96
9.32
8.64
11.36
11.92
17.24
14.4
10.28
13.84
12.76
15.2
10.72
12.68
16.36
10.88
10
13.28
15.4
9.96
11.56
11.88
11.04
12.32
10.04
10
13.52
8.6
9.32
8.24
8.44
12.64
12.48
10.68
11.8
8.16
13
8.12
16.08
17.96
15
12.36
10.12
12.32
11.96
9.96
11.84
12.2
8.12
9.12
9.44
18.6
12.36
12.72
13.88
8.24
8.12
8.04
15.8
8.88
10.4
8.64
9.32
15.24
10.4
13.2
9.44
15
12.6
10.64
8.68
14.48
13.2
11.84
12.4
11.84
9.4
8.6
10.8
11.68
13.08
14.4
12.16
14.16
15.44
8.4
10.16
13.24
9.04
10.16
8.88
8.12
10.36
9.04
8.32
10.88
8.08
12
8.16
14.48
11.12
8.84
11.96
8.08
10.4
9
14.64
10.68
12.12
12.56
8.04
8.52
8.16
12.12
11.76
12
12.2
8.12
10
11.24
12.76
9.24
8.2
11.16
10.16
8.52
14.28
11.12
10.76
11.28
10.6
12.76
9.56
8
10.04
15.32
10.72
13.52
13.32
8.96
12.4
8.16
12.76
9.36
12.88
9.6
10.56
13.52
13.44
12.4
9.32
16.56
8.2
11.64
9.16
12.16
13.52
9.96
11.72
9.84
9.08
9.08
8.4
10.2
8.84
9.44
8.48
13.92
15.36
13.36
12.92
18
8.36
9.88
8.16
9.92
12.2
10.4
14.72
12.48
15.08
11.76
11.12
10.4
10.28
14.72
12.92
9
8.8
12.12
20.04
10.6
11.04
9.64
10.28
12.68
10
8.24
12.28
13.56
10.84
13.64
8.2
9.12
11.04
11.72
8.72
10.4
10.84
26.64
13.08
10.48
15.16
11.32
9.84
10.96
8.88
12
9.44
9.68
8.48
13.52
10.36
15
14.36
13.12
9.76
8.16
10
8.08
12.96
18.6
8.64
15
8.44
11.04
14.36
11.04
10.52
11.08
9.08
8.88
9.08
11
9.96
12.08
10.72
11.72
9.84
11.6
8.6
8.36
8.76
9.32
9.44
12.6
10.28
11.6
10.36
8.28
8.16
8.24
8.08
8.28
10.12
13.24
17.16
8.6
11.04
12.56
14.72
10.72
9.76
14.88
8.12
17.52
16.8
15.24
13.6
8.08
8.16
8.2
8.16
13.2
19.6
13.72
15.32
9.04
19.56
12.4
15.24
11.28
14.48
8.36
15.08
8.52
11.64
10.84
12.44
12.16
10.36
8.12
14.32
9.6
8.32
8.24
8.28
8.92
11.6
11.32
13
8.28
13.64
15.16
8.44
15.56
12.52
13.88
8.68
9.28
12.28
10.84
8.96
8.56
14.4
11.36
13.76
13.64
18.88
10.68
10.96
9.92
15.32
12.04
10.6
9.64
8.6
10.72
12.32
10
9.64
10.2
25.44
13.08
8.16
8.44
8.12
11.36
12.36
8.32
9.56
8.4
8.6
10.76
8.76
13.56
8.04
14.56
14.8
8.04
9.08
9.2
17.52
8.76
12.2
11.4
9.6
12.44
18.24
13.48
10.2
12.16
8.72
8.12
8.36
8.96
13.32
11.04
10.64
11.32
10.44
10.36
12.68
14.04
10.24
9.64
15
10.2
8.44
10.2
11.72
10.8
12.84
8.64
9.44
8
8.92
11.2
11.6
8.72
13.12
12.28
15.4
8.72
8.76
8.36
8
13.84
11.84
9.88
8.12
8.04
11.32
10.12
9.32
8.36
9.6
11.64
9.52
8.2
13.56
12.4
13.92
10.96
8.2
12.68
8.16
13.36
12.88
13
11.32
16.68
8.64
12.08
11.64
15.72
12.12
14.32
10.88
11.24
12
13.32
17.08
9.36
10
13.4
9.96
11.96
9.92
8.2
10.2
8.4
11.56
12.36
9.08
12.92
12.36
10.72
8.2
16.04
8.52
8.08
12.24
13.12
13.48
8.16
13.32
12.16
13
15.8
8.68
8.12
11.44
9.36
11.16
9.76
8.32
11.32
17.2
11.16
13.24
10.16
15.08
10.76
13.08
11.64
10.92
8.24
14.12
9.08
11.96
13.36
8.04
8
8.36
10.08
8
13.68
11.6
12.92
10.04
10
10.2
12.08
7.2
8.72
12.28
10.04
9.8
9.44
9.96
7.28
9.08
7.4
11.92
10.52
13.8
10.16
7.12
7.72
11.96
7.04
9.28
7.6
7.24
7.04
10.72
10.72
7.2
13.52
8.76
8.92
16.04
10.44
8.48
7.08
7.6
8.8
12.48
7.8
12.16
9.24
9.48
10
9.32
7.32
8.76
11.48
12.2
14
10.68
8.64
10.04
8.16
10.12
13
8.92
11.08
8.68
7.68
7.2
8.44
11.24
9.92
7.04
9
10.8
14
7.16
13.44
11.6
7.16
7.88
7.24
17.96
8.88
9.08
13.84
8.88
9.4
9.96
10.8
15.52
11.72
11.56
10.32
15.44
9.2
9.76
9.4
7.12
7.04
9.28
8.08
9.28
7.16
7.08
7
9.28
8.64
7.52
8.56
8.92
7.4
13.68
11.28
8.92
7.04
10.04
11.96
7.6
7.48
9.88
12.12
13.2
7.24
10.68
8.52
10.28
7.08
7.08
8.4
7
8.12
10.08
8.36
11.96
10.68
10.52
7.12
8.8
8.4
8.88
8.68
11.64
8.64
7.64
13.36
10.2
9.72
7.4
7.16
7.12
8.64
8.96
7.2
14.52
11.36
9.84
7.04
10.68
7.04
10.8
7.4
7.36
8.24
8.64
7.08
11.4
8.84
9.44
8.72
9.08
9.2
7.32
8.08
7.16
14.56
11.24
11.12
8.36
9.4
10.48
13.24
10.88
13.28
7.36
14.32
16.08
7.24
8.6
12.12
7.96
11.2
8.96
13.32
7.68
10.6
7.44
9.2
7.24
7.04
7.24
12.48
7.16
8.92
8.96
7.28
10.64
26.12
8.72
8.28
7.2
12.28
7.28
11.56
7.2
10.88
7.48
10.04
11.6
8.8
12.64
8.72
8.44
9.12
8.68
7.36
9.56
8.84
10.12
9.04
15.2
10.2
7.12
12.08
7.88
9.92
7.08
7.12
8.8
9.52
10.84
7.04
9.88
11.04
11.68
9.32
9.04
9.28
10.12
11.52
13.52
9.8
8.44
7
14.88
13.76
10.4
7.92
13.96
8.08
9.56
7.2
17.76
7.08
12.32
7.12
11.44
8.92
16.4
7.16
8.68
7
8.56
12.72
16.6
8.08
7.04
16.08
10.04
8.44
12.32
11.56
9.28
13.72
8.72
11.96
8.32
10.8
12.92
12.96
9.6
12.2
7.08
7.72
11.84
8.48
12.72
9.16
7.16
7.2
7.04
7.08
11.32
7.32
10.12
8.12
8.56
9.76
13.84
8.44
13.92
9
9.72
7.08
11.04
9.4
8.4
7.92
7.16
9.72
10.2
10.2
11.4
7.12
12.52
7.16
7
10.16
7.36
7.4
16.4
7.08
7
7.08
7.04
7.32
7.24
9.76
7.12
8.44
7.12
7.08
7.32
9.76
10.44
7.04
10.32
11.88
7.68
10.88
11.2
9.16
10.44
7.36
13.52
9.84
7.12
10.68
7.56
8.44
12.68
7.44
10.96
9.04
11.12
10.68
9.88
11.96
16.24
7.28
12.32
8.48
11.24
16
12.64
9.52
8.64
10.92
7.2
7.44
7.08
8.96
11.32
7.2
11.28
7
16.24
12.56
11.52
10.4
12.16
20.16
7
9.44
7.2
8.48
10.52
9.84
7.16
9.88
7.08
9.24
8.76
9.4
17.04
12.92
11
11.52
42.08
11.48
9.4
7.28
7.04
7.36
8.28
10.56
11.28
10.72
11.32
12.28
7.24
10.76
7.44
7.04
7.08
7.4
14.28
8.12
13.8
9.56
12.04
8.72
11.36
8.24
9.08
9.36
8.24
7.16
11.68
9.2
15.2
7.48
7
9.24
9.04
11.44
8.08
8.64
8.96
13.56
13.08
7.76
7.12
10.36
10.84
7.08
10.48
7.04
15.96
10.72
8.96
7.24
10.88
7.2
9.4
7.88
7.28
10.52
9.88
9.16
9.96
12
9.24
9.52
7.24
9.16
11.28
11.56
9.4
13.4
11.12
7.12
9.88
7.12
13.92
9.28
11.6
7.8
8.8
8.72
10.04
7.68
7.44
7.56
9.72
9
7.84
8.52
12.6
8.56
8.96
8.8
12.12
10.08
7.04
11.04
8.48
7.32
7.76
7.08
7.2
11.04
12.12
8.4
10.12
8.48
13.92
7.04
14.4
8.8
11.4
11.48
11.04
8.04
9.32
12.16
9.04
7.16
14.04
10.84
13.36
9.24
9.72
13.12
11.72
9.36
11.32
14.96
8.28
10.88
12.92
9.52
8.68
10
7.04
7.12
13.56
7.16
7.32
7.8
12.2
7.2
9.64
7.44
8.76
8.72
7.36
7.04
9.28
7.4
10.28
13.28
7.16
7.12
9.28
9.92
7.04
9
8.6
9.96
7.16
7.04
7.48
14.44
7.04
7.52
8.2
7.4
7.76
7.4
9
7.08
11.28
9.4
11.88
8.16
9.84
9.72
9.16
15.68
8.36
7.24
7.56
7.28
8.8
8.6
8.84
13.76
16.08
9.28
7
15.44
8.96
10.6
7.16
7.08
7.44
7.04
9.32
11.44
13.08
7.08
10.88
12.16
12.48
9.72
10.04
9.84
15.2
13.68
7.32
7.24
7.16
8.72
9.36
8.6
8.88
13
10.52
7.6
9.2
9.56
7.32
7.32
9.08
11.4
7.88
17.04
8.16
13.04
13.6
10.92
12.24
8.2
10.96
7.4
7.04
7.48
9.04
11.84
7.28
9.12
11.08
7.32
7.16
7.08
10.28
10.76
11.96
9.52
12.08
7.04
9.32
8.28
9.16
11.76
9.36
9.12
8.88
10.56
9.28
7.24
7
9.36
7.2
8.92
9.2
7
12.84
9.04
7.08
7.24
8.84
7.48
10.56
12.8
7.12
7
7.12
7.92
9.96
8.76
9.88
8.04
14.28
7.92
9.76
7.24
9.68
7.24
7.12
8.36
9.04
8
7.32
9.52
10.04
9.04
7.36
8.16
9.16
8.2
7.24
8.16
14.92
8.12
7.32
7.4
9.04
10.48
8.88
9.28
7.08
15.24
7.32
7.76
13
7.24
12.92
7.24
9.16
9.72
7.2
10.12
7.24
12.32
11.56
7.28
7.72
7.48
13.92
9.96
7.96
7.16
13.32
7.08
10.48
8.64
10.44
7.56
7.56
9.48
7.08
7.36
16.2
7.04
11.6
7.64
14.36
7.96
9
10.56
8.36
7.08
7.44
7.32
17.84
13.28
10.32
9.44
7.08
9.56
10.16
7.36
12.16
14.64
7.08
11.52
8.16
11.04
13.48
10.56
7.96
9.36
11.52
8.72
15.36
12.4
9.48
7.08
7.08
7.16
7.36
9
16.8
7.2
7.68
7.48
7.2
7.16
7.12
11.28
7.16
7.04
10
7.28
14.96
11.44
12.44
14.96
9.4
7.28
11.24
7.16
12.24
9.4
9.44
7.12
9.04
9.48
7.04
7.16
7.36
11.12
11
7.48
11.28
7.04
12.88
9.12
7.04
8.88
10.4
10.52
10.8
9.64
10.76
10.44
7.12
9.48
10.08
9.6
7.32
10.52
10.56
7.44
7.44
8.8
8.24
7
7.64
10.56
15.36
7.04
7
13.68
10.52
10.76
10.2
13.92
14.28
9.56
9.36
12.64
9.52
7.28
7.4
7
7.08
12
7.04
7.12
7.08
9.56
11.56
8.12
11.52
11.36
8.76
11.28
9.72
8.12
9.04
7.12
8.56
9.2
10
11.32
8.92
15.92
12.2
9.96
10.36
12.36
7.24
8.68
10.48
7.4
12.2
11.16
13.52
8.48
11.76
7.48
9.28
11.28
10.16
9.96
8.6
7.08
7.36
9
13.6
13.68
7.32
9.32
9.48
8.24
11.16
11.12
12.48
13.76
11.44
14.44
10.28
11.32
14.76
7.52
9.52
10.72
7.04
11.52
12
12.16
8.8
9.08
7.12
18.24
11.52
12.68
7.16
9.36
7.64
7.04
8.96
12
7.04
7.12
12.12
11.84
13.8
7.32
7
7.08
8.16
8.92
7
8.36
8.96
7.12
7.64
8.64
8.32
10.36
11.4
11.24
11.04
8.4
17.32
7.84
8.24
12.48
7.28
7.04
7.12
11.36
8.8
8.24
7.8
8.44
7.16
7.24
7.88
8.88
9.76
7.12
7.72
8.56
9.16
7.32
10.6
9.88
9.52
10.16
9.24
10.36
10.04
11.28
9.44
8.44
7.48
10.12
7.16
7.36
8.72
12.52
8.76
7.04
7
7.44
9.92
7.12
7.36
11
12.68
9.88
9.68
7.36
8.88
9.6
8.6
8.36
10.36
9.88
9
7.28
12.16
7.44
9.4
12.68
11.32
10.84
9.84
9.8
13.88
7.24
8.84
11.36
10.24
7.56
11.52
9.56
12.16
10.4
7.12
11.72
7.08
7.24
7.64
7.2
7.72
12.4
9.6
8.8
8.68
7.8
11.08
15.16
11.44
12.68
7.28
7.08
7.16
9.36
10.08
11.8
8.16
7.36
9.96
7.24
11.64
9.28
11.64
7.2
12.4
11.44
10.8
8.64
8.52
12.76
7.6
7.56
11.68
9.2
9.32
8.56
12.16
7.04
10.08
14.96
7.4
9.72
7.64
7.08
10.64
12.92
9.48
8.32
12.36
9.04
11.36
9.72
12.08
7.44
7.08
7.2
10.36
7.32
9.56
9.68
14.16
7.12
9.96
10.64
9.48
7.24
11.96
16.6
10.92
9.92
10.6
11.56
9.44
12.24
13.24
9.64
9.56
12.36
12.04
10.92
10.24
12.52
11.8
9.52
10.12
7.16
8.8
12.12
8.96
13.24
12.2
9.28
11.84
12.56
11.08
7.6
10.56
13.52
7.36
9.96
10.4
12.12
11.48
9.16
15.8
7.12
8.52
7.2
9.92
8.68
7.32
7.16
11.48
8.68
8.68
7.08
13.56
12.76
9.4
7.88
10.84
10.28
7.4
12.12
9.2
7.16
9.16
13.36
7.12
11.32
9.2
8.44
9.68
7.16
10.92
11.72
11.6
12.88
7
7.08
9.08
12.04
8.16
10.48
7.8
7.32
12.24
7.6
7.6
15.92
9.12
9.92
15.44
12.44
9.72
7.72
11.08
11.48
12.92
9.48
9.2
10.12
12.48
9.84
8.04
8.64
10.52
9.16
7.44
8.8
8.84
7.28
16.32
7.16
9
14
10.32
11.8
10.36
7.16
13.84
9.36
9.52
8.2
12.08
10.48
11.16
7.68
7.12
7.64
7.2
10.88
10.36
10.24
7.36
10.08
7.32
9.28
7.56
7.56
7.16
9.68
10.84
11.16
9.96
7.2
12.6
7
11.52
7.24
13.08
14.04
8.8
7.4
15.12
14.96
7.32
7.08
12.4
12.56
12.2
7.08
8.84
7.32
13.92
10.08
12.96
9.04
12.2
7.32
7.28
12.36
7.04
10.28
13.92
11.52
13.4
9.4
13
9.32
8.24
7
16.52
10.96
7.68
11.24
10.84
7
7
8.44
10.52
7.2
14.88
9.72
7.24
9.84
11.28
9.68
10.6
10.64
9.56
7.24
8.92
11.36
8.92
8.56
10.36
7.2
11.76
10.08
12.04
8.88
7.16
13.2
9.88
8.68
9.44
11.8
11.96
7.08
8.68
7.24
11.24
9.24
10.08
8.8
9.68
7.12
10.64
7.12
15.24
7.24
14.08
10.48
7.28
7.32
8.76
7.12
11.76
13.12
9.72
7.16
7
9.96
8.28
10.36
7.52
10.72
7.48
8.52
17.32
9.52
12.48
12.52
8.64
7
8.48
12.6
7.24
8.12
7.16
7.56
13.52
7.72
7.24
8.16
7.24
11.16
7
10.2
10.4
8.32
8.32
8.2
12.32
8.4
9.76
10.24
7
7
7.2
9.72
8.64
9.92
7.04
11.72
11.2
7.36
7.04
9.12
7
7.28
7.32
10.08
11.04
7.64
7.12
10.28
9.92
9.68
7
9.84
11.2
7.36
7.12
7.24
9.6
7.2
7.04
14.8
7
7.16
7.56
13.72
7.12
7.16
12.52
7.4
9.12
10.92
10.36
8.48
8.44
8.84
12.76
8.76
10.92
9.68
9.84
13.44
9.08
9.24
11.04
12.32
8.24
9.36
7.56
8.32
8.96
9.84
9.68
7.4
7.12
9.68
9.68
10.12
8.24
8.92
8.2
8.2
10.28
7.12
7.16
13.96
9.2
11.76
11
7.8
9.12
10.96
7.08
7.2
10.08
10.24
7.08
7
9.12
15.12
11.16
9.92
18.88
12.92
7.76
7.08
7.08
7.08
9.92
8.76
10.16
7
9.28
8.08
14.8
11.04
12.44
8.92
7.24
7.12
12.2
8.4
13.44
14.96
12.24
8.48
12.24
10.52
10.64
9.88
7.24
7.04
7.6
7.08
7.76
7.24
7.28
16.76
11.56
11.36
12.48
8.24
11
7.4
12.8
11.16
9.44
8.56
12.64
9.92
7.32
8.2
14.32
14.48
7
10.2
7.04
11.24
7.24
7.16
9.52
7.36
8.36
7
9
9.88
7.48
7.16
7.12
9.12
9.08
9.2
7.32
7.2
7.68
9.96
8.48
12.28
9.84
7.32
14.76
10.48
7.04
17.44
11.28
8.76
8.08
13.16
9.96
11.84
9.32
11.84
7.76
8.84
13.48
7.44
9.56
10.08
10
8.76
8.96
7.2
10.12
12.6
7.28
13.32
7.08
8.44
12.28
8.96
10.56
7.16
7.4
11.76
10.24
12.24
11.16
12.2
7.52
7.12
11.6
7.08
7
8.16
8.52
16.32
8.2
14.76
7.12
8.32
9.96
8.12
7.4
10.2
9.32
9.68
9
10.64
7.16
9.72
15.8
7.12
13.04
10.64
7.28
11.64
12.48
9.32
11.4
7.6
11.52
7.28
8.04
11.92
8.68
7.4
10.76
12.72
9.76
14.6
10.76
8.32
12.32
7.2
9.2
7.24
9.12
7.08
14.64
7.2
9.6
7.16
7.28
7.12
10.28
11.64
10.88
13.76
8.24
8.4
8.6
11.04
9.8
9.96
10.08
14.44
8.8
7.08
8.6
14.76
7.48
9.36
10.88
7.32
8.72
9.52
12.6
7.8
8.64
8.04
8.88
13.32
9.24
7.16
12.28
7.48
7.48
10.4
7.32
12.12
8.48
7.48
7
11.68
12.4
9.04
9.6
8.96
14.52
7.88
7.12
7.24
7.28
9.72
7.04
11.24
8
7.12
7.04
7.04
13.2
7.72
8.96
7.04
7
13.64
8.28
7.04
8.8
7.4
7.16
13.84
7
11.16
8.4
12.44
10.72
9.4
9.04
9.72
15.64
11.2
7.12
9.56
7.08
12.32
10
7.44
12.16
13.96
8.36
14.88
9.36
10.08
7.12
9.48
7.44
8.84
12.52
9.76
11.2
13.44
7.92
9.36
7.04
12.56
12.6
7.08
7.4
7.24
9.2
9.88
15.72
11.28
15.88
11.52
7.48
8.6
12.36
8.08
12.2
11.04
14.4
9.6
7.12
8.68
9.52
10.64
7.96
10.24
9.6
9.28
11.48
7.36
7.2
14.56
11.52
7.04
13.36
7.32
11.48
8.04
10.4
9
10.16
8.76
11
10.12
8.72
7.24
10.76
9.28
12.24
12.72
12.64
10.12
11.8
7.08
13.84
8.28
12.28
7.48
7.12
8.44
11.52
8.8
9.32
8.36
10.48
7.32
7.8
9.96
8.44
11.52
7.24
10.32
11.12
10.28
12.48
11.36
7.32
7.4
8.8
7.4
10.2
7.32
12.04
9.84
7.08
7.2
7.36
11.8
7.28
8.72
14.72
14.44
9
13.48
9.44
10.12
8.56
8.56
9.04
11.92
9.84
10.48
11.16
7.08
10.72
7.52
11.16
11.92
7.24
7.24
12.04
9.8
7.2
7
7.04
9.32
7
10.4
7.28
8.12
7
10.88
7.16
8.2
10.6
8.36
7.84
11.2
11.12
8.16
10.64
15.48
9.76
8.32
10.44
10.8
7.32
8.4
9.2
8.64
7.08
10.76
9.56
8.56
7
10
12.4
12.04
10.92
11.52
11.44
14.8
9.36
9.2
7.28
9.92
12.92
10.76
7
7.16
9
9.52
7.04
7.72
14.2
12.28
11.32
10.76
7.12
11.88
7.2
8.68
8.8
15.88
10
9.28
7.32
11.4
8.52
9.64
12.2
9.16
11.12
7.6
14.08
7.2
10.04
7.08
9.24
8.16
10.68
7.2
13.6
7.28
11.28
7.56
12.2
10.08
7.32
9.56
12.44
9.48
8.64
7.08
11
7.28
9.84
9.96
8.76
7.92
7.84
10.92
9.16
13.24
7.4
9.56
7
9.92
8.84
9.44
14.2
12.84
12.68
7.28
8.52
8.04
12.92
7.72
7.28
10
7.6
7.8
11.64
10.04
7.36
7.12
7.52
10.32
7.76
7.2
11.88
9.24
9.64
8.44
9.16
7.76
7.12
10.12
8
7.96
15.04
10.16
7.8
7.76
9.12
7.4
14.64
11.08
9.68
9.04
8.08
7.52
7.16
11.6
7.12
21.16
7.24
9.04
11.4
9.48
7.12
13.52
7.2
11.84
7.04
10.04
10.24
8.8
7.24
9
7.12
7.32
8.44
10.92
7.24
12.12
7.2
10.04
7.12
8.44
11.68
12.52
10.24
9
9.68
7.24
8.2
10.08
7.4
9.52
9.88
11.6
18.48
8.32
13.92
11.84
7.32
8.96
8.68
11.76
7.4
11.6
9.04
7.8
12.32
11.12
7.2
7.32
9.2
8.2
9.28
7.2
7.48
11.04
9.6
10.56
10.64
11.48
11.48
9.28
12.68
7.12
9.84
8.84
10.88
7.2
13.24
10.04
9
9.04
8.4
11.68
14.08
8.56
11.12
8.04
13.2
10.68
9.76
11.88
11.64
9.44
7.08
7.52
12.84
14.8
11.56
9.72
8.56
9.68
9.52
8.44
7.12
7.28
9.84
12.16
7.12
7.28
7.28
7.44
7.32
10.92
7.24
12.68
11.2
10.24
10.48
8.72
8.84
12.84
9.28
7
7.32
9.84
7.16
7.52
12.8
9.44
11.36
7
7.16
9.64
7.12
8.92
7.32
13
7.2
14.48
9.24
10.28
11.44
9.72
7.8
8.52
7.32
10.12
12.92
12.04
9.2
7.4
13
13.4
7.24
7.48
7
9.56
10.76
7.8
7.04
8.36
11.48
12.6
11.88
9.52
7.32
8.76
9.24
14.48
7.84
10.76
9.96
10.08
14.8
11.64
8.72
10.76
15.24
9.88
9.04
12.36
14.68
9.32
11.28
10.2
10.68
8.12
9.96
9.52
10.08
12.72
12.88
10.2
8.48
10.68
9.44
10.48
9.4
8.44
8.48
9
12.48
12.12
7.8
7.6
9.88
12.32
17.24
10.52
9.56
13.76
8.44
8.24
8.92
8.52
11.64
8.36
8.84
7.72
7.12
7.16
11.44
8.48
7.04
9.56
7.04
9.2
11.68
12.48
11
8.76
8.76
7.8
7.04
11.92
8.92
10.16
14.88
8.8
10.6
9.68
7.2
11.16
7.12
7.16
7.2
9.4
7.36
10.72
7.64
7.6
7.24
7.28
7
7
7.16
9.64
7.32
11.24
11.92
10.56
10.12
12
11.32
14.68
10.6
13.16
14.2
7.88
9.68
12.64
7.68
9.16
7.08
11.4
12.76
15.48
7.24
11.04
7.04
13.56
15.56
7.32
10.88
7.36
9.28
9.44
9.72
13
9.2
9.2
9.68
7.2
7.04
9.72
10.84
9.24
8.44
7.16
14.2
8.72
15.72
12.24
7.2
8.72
14.64
10.28
8.64
8.68
11.04
14.12
10.88
7.16
9.44
11.12
11.48
13.56
12.96
11.12
10.64
15.16
9.72
10.32
12.8
7.28
7.44
8.6
7.32
9.84
8.16
9.08
13.08
11.2
7.2
8.92
7.2
13
14.84
9
7.36
7.2
7.16
10.72
8.44
19.6
9.76
7.08
7.2
10.56
12.16
11.68
9.68
9.04
7.28
7.08
9.08
9
7.24
7.32
7.04
9.24
7.52
7.4
9.04
11.84
11.76
9.72
9
7.12
8.84
7.56
9.92
11.84
11.04
8.8
10.16
7.24
7
8.28
9.84
18.04
12.92
7.08
11.24
14.72
11.56
10
11.32
10.8
7.68
9.64
9.92
7.16
10.64
7.56
7.4
9.56
9.76
7.56
7.2
11.28
10.92
7.12
8.52
7.04
9.2
7.12
9.88
14.36
14.88
7.4
12.6
10.28
10.32
10.08
9.8
12.44
15.64
6
8.6
7.92
7.8
6.04
6.16
7.96
8.44
6.04
6.08
8.96
8
6.04
8.36
6.28
7.76
6.04
7.6
9.52
6.24
7.72
6.68
6.56
6.24
6.4
8.44
8.6
6.16
12.96
6.48
6.04
6.96
6.28
8.2
6.96
6
8.04
6.04
6.48
6.16
9.04
6.04
6.16
7.6
6.24
6.12
7.24
10.96
7.8
8.2
6
6.12
9.24
6.24
7.12
6.28
8.48
6.84
6
6
7.96
6.08
6.04
9.28
6.76
12.48
30.88
7.76
10.84
7.72
7.96
6.04
9.12
11
6.08
6.44
6.84
6.24
6.12
8.08
6.04
6.08
9.96
6
6.12
6.44
7.48
6.04
10.48
11.24
10.44
10.44
9.92
6.28
9.52
6.04
7.52
7.68
12.32
14.12
6
8.56
6
8.16
7.36
6.36
6.56
9.56
6
6.28
6.84
8.68
6
6
6.16
6.12
6.16
7.2
13.52
7.4
6.04
6.08
7.64
9.68
8.36
6.52
6.2
8.92
8.68
5.12
8.68
5
10.12
9.12
5.12
7.2
5.76
5.04
5
5.76
8.08
8.52
5.12
7.12
5.08
5.8
5.04
5.2
9.8
7.16
5.24
5
7
7.28
5.48
8.28
5
5
5
5
5.32
5
5.4
12.2
5.04
5.04
5.36
5.04
7.4
5.28
8
8.28
6.8
5.08
5.08
10.52
5
5.04
5
5
11.96
7.72
5.08
5.32
8.92
5
5
5.04
8.2
6.2
6
6.24
5.04
5.4
5.16
5
10.6
11.64
5
7.36
6.96
5.04
5.36
5.12
5
5.44
5.04
5.08
5.12
5.08
6.96
5.04
5.12
5
5.56
5
5.12
5
10.64
5.04
5.24
8.6
9.52
7
11.2
5.08
8.36
5
5.04
7.04
11.04
5.04
5
8.68
5
5.16
8.24
5
5
5
5.08
8.32
9.36
5.36
7.08
5
5
7.68
5.04
7.32
5.04
5
5.12
8.48
5
6.56
7.24
5
5
5
5.04
7.52
5.28
5.04
6.96
5
5
8.2
5.16
8.8
5.08
7.16
5.2
5.2
5.36
9.6
10.2
5.64
5
7.88
8.44
9.72
5.72
5.12
5.04
5.04
5.04
5
5.52
5.28
5.24
6.16
9.48
5.04
5.4
5
7.64
9.2
5
5.04
5
8.44
9.04
7.4
5.04
9.12
5.08
5
5.08
5.08
5.04
5
5.16
5
7.4
8
7.44
5.12
5.48
5.04
5.04
7
6.84
8.28
5
7.12
5.12
6.48
8
5
5.16
5
6.6
5
5.16
7.76
8.24
5
5
5
5.16
5.2
5.04
7.36
5.16
6.68
9.52
5
5.04
5
5.04
7.6
5
5.08
5.08
5.08
5.36
5
5.4
5.04
6.84
5
5
5.04
5.28
5.92
5
5.32
5.84
5.52
5
7.8
5
5.36
5.08
5
5.04
5.04
5.16
9.36
5.04
5.16
5
5.08
5
5
5.04
5
5
5.2
5.04
5
5
5.12
8.6
5.04
5.16
5.04
7.24
11.08
5.04
5
5
8.92
5.04
9.24
8.84
5
7.72
5.12
5
5.04
5.04
6.28
6.8
5
5.08
5.12
8.2
5.04
6.8
5
8.8
8.88
7.4
9.6
8.6
6.32
10
5
5.04
5.36
8.72
5.04
5
5.04
5.08
5
5.04
7.92
7.8
5
5.2
7.36
11.28
5.08
5.04
8.88
5.04
5
5
6.68
5
5.04
7.96
10.32
5
9.28
10.48
5.36
7.92
8.24
5.08
9.8
7.36
10
5.56
5.32
5.08
5
9.16
5.2
5.08
6.04
5.08
5.12
5.52
5.2
5
5
5.44
9.88
7.56
5.04
9.36
8.88
5.48
5
5.12
5.64
5
5.12
6.56
5.16
6.68
10.76
8.8
7.12
5
5.04
5.16
8.2
7.04
5.2
5.64
8.92
5
7.48
7.04
8.12
12.32
5.04
8.92
5
7.36
5.52
5.04
5.44
5.48
7.92
6.68
5.04
5.16
7.96
5.04
5
5.16
8.72
9.4
5.12
5
5
5.08
5.24
8.4
8.32
9.24
5.04
5
5.6
5.2
7.16
6.52
7.16
8.56
5
5
9.52
5.08
5
5.16
5
5.12
9.68
8.36
7.56
5.6
7.16
5.08
6.76
6.68
5.12
12.12
10.6
7.24
5
5
5
5
5.36
5.72
5.04
7.08
5.04
5.12
7.32
5.16
5.04
5
5.28
5
6.76
5
5
5.04
5
5.04
8.16
5.12
5
7.32
11.08
5.08
5.04
5.04
5
5.04
7.96
6.44
7.6
6.24
5.08
6.88
5.68
5
8.72
7.8
5.16
7.72
5.04
5
5.12
5.56
5.08
5
7.2
5
5
9.92
5
5.04
9.32
5.16
7.68
5
5.04
5
5.04
5
9.12
5.84
7.52
8.44
7.2
5.4
5.08
8.64
5.04
5
8.8
8.36
5.04
5.12
7.68
7.56
5.16
6
7.64
5
7.64
5.04
5.36
5.12
5
5.32
5
5.04
5
5.68
5.16
5.32
5.04
9.08
6.68
5.28
5.12
5
5.24
5.04
5.08
9.12
5.12
5.04
5
5
7.48
7.04
9.32
7.44
5.04
5
14.04
5
7.96
5.12
7.76
7.6
9.64
5.04
9.28
5.04
5
5.68
5
5.96
10
5
5.04
5
11.2
5.08
5.08
5.24
5.16
9.96
5
5.72
5
5
5.08
8.44
5
5.08
5.16
5
5.52
5
8.72
5.08
7
5.12
5.24
5
6.84
5
7.84
8.08
7.72
5.04
5
5.52
8.08
5
5
5.04
5.28
5.12
5.64
9.4
5.16
5.12
5.48
5.04
7.92
5.08
12.2
5
5.12
5.36
5.08
5.04
8.4
5.44
5.4
5.08
5.08
5.08
13.2
5.08
7.68
11.24
5.08
8.88
5.08
5
5.24
6.72
5.12
5.08
5
5
5.12
11.12
5.04
11.36
5.08
7.68
5
5.4
5
5.04
5
7.12
7.76
5.12
5.08
5.08
5.12
8.88
10.08
5
5.24
8.08
5.04
5.12
5
5
5.04
5
8.24
5.24
9.96
7.64
10.36
5
5.48
10.48
5.2
8
5.04
5
7.52
5
5.56
5
11
7.84
5.04
5.04
7.72
10.28
5
5.08
5
5.24
9.08
5.08
8.52
7.6
5.16
5.16
5.04
10.52
5.12
5.44
9.12
5.08
5.04
8.28
5.04
8.6
5.36
5.04
5
5.04
7.16
5
7.24
7.36
8.2
9.32
6.12
5
5
5
5
6.12
5.12
5.04
7.96
5.28
6.52
8.96
5.04
5.04
5.12
5
5.12
8.96
5
8.04
8
5
5.12
10.64
9.04
8.4
5
5
5.24
5.04
5.28
5.08
8.2
5
12.56
5.08
5.12
6.12
5.04
7.8
7.76
5
5.04
5
5.4
6.64
5.16
5.32
5.04
5
5
5
5.36
5
9.08
5.24
8
5.16
7.76
5.08
5.08
5.08
8.44
5
5.12
6
5.2
7.68
5
5.04
5
7.56
6.52
6.36
5.08
7.4
5.8
5
5.28
6
9.4
5
5.08
5.12
5
8.04
5
6.72
5
5.04
5
5
8.68
7.04
5.2
5.24
5.08
5.04
5.28
5.2
5.08
8.88
5.24
5
5.04
5.08
8.24
5.16
5.04
5.08
8.8
5.04
6.12
7.48
5.08
5.16
5.2
5.08
5
6.68
7
5.04
5
5.2
12.2
5.08
10.28
5.12
5.08
7.96
5
5.04
5.08
5.12
5
5.04
5.36
5
6.24
6.32
7.96
8.64
8.8
5.4
5.08
5.08
5
6.24
7.76
5
5
6.4
5.12
5
6.84
5.44
5.44
7.2
5
5
5.72
5
5.16
5
6.56
7.44
5.08
5.36
5.2
5.04
6.72
5.08
8.48
9.48
12.08
5
5.12
6.16
5
8.12
5.04
5
5.12
7.92
8.6
5.04
5.28
5.04
5.68
5.08
8.16
5
5
5
5.16
7.88
6.4
12.2
8
5.16
6.44
7.88
5.28
10.52
5.08
8.36
5
5.2
8.28
5
5
5.12
5.2
5.08
5
8.48
10.4
6.88
5.08
8.6
5.08
5.08
5.2
5
7.92
5
14.2
5.2
7.52
6.32
7.68
5.16
5
8.76
5
11.36
5.28
5
5.12
5
8.16
5.08
5.16
9.08
5.44
5.12
7.6
5
5.04
5.24
5.16
9.36
9.12
6.44
5
5
5
5.36
7.24
5.8
7.84
5
5.8
8.64
5.12
5.24
5.04
5.16
7.52
7.68
9.96
5.24
5
6.76
5.08
6.6
5.04
5
5.2
5
5.08
7.24
5.24
6.8
5
9.4
5.92
5.32
8.56
5.04
5.16
5
5.08
7
8.96
6.68
11.92
5.16
5
5.84
5
8.8
5.04
11.96
5.2
5.12
5
11.2
5.08
5
9.32
10.24
7.8
5.12
7.36
5.08
7.08
5
5
5.12
5.04
6.4
5.28
9.04
5
6.92
5.16
5
8.92
5
5.04
7.8
8.76
8.16
5.08
5.4
5.12
5.12
5.24
5.24
5.08
7.84
7.88
5.04
5
5.04
5.16
5.36
5.04
7.16
5.08
7.4
7.64
5.24
9.44
5.04
5.08
5.04
5
5.24
5.36
5.16
5
5.04
5
5.16
5
5.04
5.12
5.08
10.04
9
6.04
5
5
5
5
5.12
5
5.36
5.2
5.04
5
5.04
5.16
5.04
7.92
8.6
5.2
7.36
5
7.56
9.28
5
5.2
5
5.2
5
5.24
5.12
5.12
5
5.04
5.08
5.16
5.12
5.08
5.12
8.04
6.84
5.04
5.04
5.16
5.04
7.52
9.16
5.12
5.72
5
6.36
7.4
5
9.08
5
8.36
6.28
8.44
5.12
8.12
5.16
5
9.08
5
8.2
5.16
9.28
6
5.04
8.6
7.92
5.04
8.4
5.04
5.24
5.32
11.32
9.2
5.04
8.44
5.4
7.28
7.92
11.68
5
8.12
5.56
5.08
5
5.08
9.52
6.16
11.44
9.2
6.84
6.64
5
8.88
9.2
5.04
5.12
8.28
5.12
5
5
5
5.68
7.52
5.12
5.04
10.4
5
8.96
7.68
5
5.28
8.48
5.04
5.08
5.36
9.4
5.2
5.96
8.32
8.08
5
5
5.08
5
8.96
5.12
7.76
5
5.08
12.44
5
5
5.04
5.48
8.8
7.68
7.6
5
8
5.24
5
5.08
8.48
5.08
5.52
5.04
11.84
10.4
7.28
5
5.2
5.96
5
5
5
5.04
7.56
5
5.04
5.2
5
8.52
5
5
7.16
6.24
5.04
5.16
5.04
5.08
9.92
5
5.04
5.32
5
7.16
5
5
6.28
5.4
5.04
5.04
5.08
5.04
9.52
6.24
9.36
5.08
5.16
6.76
6.36
5.04
5.16
5.56
5.12
9.68
6.72
5.12
5.88
5.16
7.6
9.08
5.28
8.96
9.72
6.72
8.08
5
5.44
13.56
5.84
8.72
5.16
9
5.16
5.08
5.12
7.8
5
5.08
5.4
5.04
5.16
5.2
5.04
5.28
9.16
8
6.44
9.12
5.16
9.6
5.08
5.12
5.24
6.64
7.68
8.36
7
9.68
5
5.04
8.28
6.84
7.72
5.04
9.12
5
5
5.04
5.08
5.04
5.04
5
5.52
5
5.08
5.28
5.04
5.48
5
5
5.04
5.04
5
5.12
5.04
8.04
5.04
5
5
8.32
5.04
5.08
5
11.32
7.36
5
5.04
8.64
7.52
7.04
5.04
5
7.32
5
5.2
5
5.16
7.96
7.56
11.2
5.08
6.72
5
10.2
5
7.96
9.84
7.64
9.36
9.16
6
5.08
9.48
12.32
10.48
5.08
6.52
5.56
5
5.2
5.08
6.6
5.04
8.08
6.76
5
5.2
5.36
5.36
5.04
10.64
5.4
5.4
5.16
6.28
7.36
5.04
5.24
8.12
5
5.12
7.64
7.36
5
5.2
5.04
5
9.12
8.28
6.84
11
5.04
5.2
8.56
5.64
5.2
7.4
5.04
8.32
8.44
5.12
5
5
6.32
11.08
5.04
5.12
5
8.16
5.04
8.32
5
5
5.2
5
5
5
5.16
5
5.2
5
5
5
6.64
5.12
10.2
5.44
5.16
5
5
5.04
5.04
18.16
5
5
9.88
5.16
7.48
5.24
8.96
6.16
5
5.08
5.08
5
5.6
5.04
5.48
6.6
5
5.08
5
5.04
5
5
5.24
9.64
8.24
7.32
5
5
5
6.52
7.52
7.72
5
8.24
8.84
5.28
5
5.12
6.88
5
5.4
5
5.08
5.16
5
10.28
5
5.32
8.2
5
5
6
5
5.04
5
7.28
5
5.16
8.32
5.04
5
5
9.16
8.36
5.76
5.16
5.68
5
5.04
8.72
5.04
5.12
7.8
5.28
12.08
8.88
6.88
5
5.76
5.24
5
5.04
7.08
5.08
5.04
5
7.32
5.32
5.12
5.04
8.4
5.04
5
5.16
5.04
5
5.16
10.44
8.28
5.04
5.28
9.92
8.44
5.16
7.6
5.08
5
7.6
10.16
5.08
5.16
7.44
6.16
5
8.56
6.88
5.04
8.28
5
9.04
5.08
9.88
5
5.04
7.56
5.08
10.32
7.6
5.36
5
5.04
5.12
5
5
5.4
5.04
6.88
8.72
8.64
9.08
5
5
6.64
9.16
7.76
5
5.04
5.88
5.04
6.52
5.08
5.6
5
5.08
5.8
5
6.08
5.2
6.56
7.48
5.24
5.04
7.4
10.52
5.04
10.12
5
5.04
7.24
8.44
8.16
8
5.04
5.04
5.28
5
6.76
9.52
7.4
5
7.2
11.16
5
5.12
8.4
7.48
5
5.2
5
5.6
6.64
7
5
5.04
5.04
9.32
5.64
5.08
8.32
5
6.6
5
9.52
5.08
5.04
5.04
7.52
8.4
5.08
5.36
5
5
9.48
5
5
5.4
8.16
9.32
6.92
5
5.12
6.04
7.16
8.68
5.04
5.32
11.64
10.08
6.16
5
7.84
5.12
5
10.92
5.24
5.04
6.28
5.16
5.16
5.08
5.04
6.36
9.84
5.44
5.04
5.04
5.24
5.2
8.04
9.28
9.28
6.4
5.08
5
7.08
10.52
8.8
6.56
5.08
7.2
5.04
8.16
8.28
9.28
5.52
9.6
5.08
5.04
5
7.68
5.08
5
5.2
5.12
5
7.76
5.28
5
7.8
10.12
7.52
9.68
5
5
5.16
5.28
5.12
6.96
5.56
5
8.16
5.04
5
9.56
6.96
5.12
5
7.8
8.32
5.92
6.88
5.04
5
6.6
5
5
5.16
5.04
5.4
5.2
5.16
5.16
6.36
7.28
5
5.2
5
9.48
5
5
6.04
9.08
5.24
5.08
5.12
11.56
5
5.04
10.4
5.04
5.04
5.12
5
5.08
5
9.12
5
5.04
5.44
9.52
10.32
5.04
5
5.08
9.68
9.16
5.08
9.92
6.12
5.04
5.36
5
9.6
7.4
5
7.8
5
5.2
5.08
5
11.28
8.48
5.04
5
7.28
5
9.72
11.76
5.04
8.12
5.24
5
5
5.16
5
5.04
5
10.16
5.04
5.04
5
5.16
5.04
9.4
5.08
5.04
7.72
8.24
5
7.52
5
6.84
5
6.44
7.48
5.12
7.08
5.08
8.32
5.04
5.04
5.12
8.12
5
8.64
5.04
9.92
7.04
5
8.16
5
5.24
10.16
5.08
7.12
11.56
5.16
5.04
7.88
5.08
5.24
8.16
5.28
5.12
8.8
7.84
5
5.36
8
9.32
6.92
9.04
5.24
9.52
5.08
7.08
5
5
10.44
9.08
5.16
5
6.44
5.04
5
5.12
6.4
5.16
9.4
5
7.76
5
8.2
5.04
5.16
5.24
6.76
5
5
5.52
5
6.96
5.28
13.24
10.28
5.12
8.92
5.08
5
5
5
5.04
8.92
7.96
7.96
5
5
5.12
5.04
5.88
5
9.6
5
7.28
5
5.16
9.72
8.6
5
5
7.24
5
5
10.16
5.08
5
5
5
5.04
5.16
10.72
5
6.48
7.28
5
5.12
5
8.36
5.64
9.8
7.36
6.2
5.24
6.72
5.36
8.04
8.84
9.76
5
7.72
5.76
9.8
5.04
7.28
5.8
5.08
5.16
5.08
5.08
5
7.48
5
5
5.04
5.84
5
5.12
5.08
5.08
5.16
5
5.04
5
5.2
5
7.6
5.12
5.04
