10876 34740
10.8
7.78095
4.66667
8.62857
4.95238
6.10476
7.80952
5.8
8.65714
8.78095
11.0095
5.25714
8.26667
6.21905
10.4095
6.22857
4.65714
8.48571
5.86667
10.6667
10.9524
8.12381
4.13333
8.35238
4.09524
9.37143
9.34286
4.30476
4.94286
4.78095
4.65714
5.54286
7.29524
7.48571
5.78095
5.14286
7.67619
7.35238
8.97143
7.92381
4.4
9.15238
12.619
8.48571
5.48571
6.40952
9.21905
8.19048
4.35238
7.8381
5.4
7.50476
10.6286
5.78095
7.2381
10.3619
4.4381
7.25714
7.27619
6.25714
10.6857
9.77143
10.6095
7.4381
5.14286
9.25714
5.44762
4.20952
10.9619
4.47619
11.3524
7.08571
8.1619
6.74286
8.74286
6.44762
5.95238
6.15238
6.65714
7.49524
6.80952
5.68571
5.39048
8.34286
6.71429
6.46667
10.3905
9.44762
6.4381
6.02857
5.67619
6.8381
4.27619
8.4
6.15238
5.65714
7.58095
10
5.81905
8.5619
11.581
9.38095
6.64762
4.8381
5.88571
9.4
8.2381
4.4381
4.25714
9.72381
6.74286
6.91429
9.82857
5.66667
6.38095
7.72381
5.46667
8
9.12381
7.78095
11.6381
5.8381
5.32381
5.85714
4.49524
12.1143
9.45714
11.019
11.6286
11.4952
6.28571
8.22857
6.82857
5.14286
10.1429
8.85714
9.90476
7.92381
7.47619
5.04762
8.58095
11.5619
8.73333
8.05714
5.15238
12.0095
7.73333
8.69524
8.21905
8.44762
5.77143
9.92381
9.73333
7.04762
6.49524
10.0762
9.80952
6.53333
5.29524
6.02857
6.19048
12.4571
7.18095
7.41905
10.7048
6.88571
7.46667
6.29524
8.48571
6.0381
6.15238
7.42857
6.77143
6.71429
4.39048
4.47619
7.48571
7.46667
8.78095
9.22857
9.18095
10.6095
5.89524
10.9714
8.42857
8.3619
6.65714
6.31429
7.84762
13.0667
8.68571
9.01905
8.21905
6.99048
9.87619
6.79048
5.34286
5.9619
5.55238
10.6857
7.54286
6.4381
6.73333
8.48571
4.30476
4.42857
8.51429
5.75238
8.85714
9.28571
6.57143
10.1048
4.54286
10.1619
8.08571
6.70476
6.86667
4.18095
8.02857
4.09524
6.82857
5.98095
7.61905
12.5524
7.07619
5.39048
7.10476
4.4
5.73333
5.2381
8.10476
6.80952
6.82857
6.62857
6.00952
5.18095
9.30476
5.17143
4.6381
6.52381
4.92381
5.32381
4.4
6.34286
9.47619
9.41905
9.13333
9.41905
8.32381
7.7619
7.61905
6.18095
7.52381
4.46667
6.78095
7.30476
8.2
7.81905
7.06667
6.68571
8.38095
7.91429
8.78095
4.5619
6.27619
4.07619
8.49524
9.87619
10.381
7.75238
10.9143
11.2762
14.5905
7.59048
5.10476
7.70476
8.6381
4.33333
9.64762
9.84762
8.86667
8.45714
4.69524
6.65714
10.1333
9.01905
5.12381
9.75238
8.2
9.74286
8.05714
9.11429
8.3619
8.92381
9.44762
8.90476
6.4381
10.8381
8.61905
5.74286
5.59048
8.67619
7.2
11.5048
6.5619
7.44762
8.49524
6.17143
4.51429
8.17143
10.6571
10.2667
7.78095
10.2095
8.27619
5.44762
4.26667
8.2381
13.3524
8.81905
5.30476
4.47619
8.15238
7.8381
8.4
6.49524
7.8381
8.02857
8.97143
8.41905
4.46667
14.4571
4.31429
4.82857
6.6381
5.75238
5.04762
4.37143
8.99048
7.81905
7.60952
5.29524
4.60952
6.65714
4.6381
7.11429
12.0286
5.08571
6.82857
5.95238
8.18095
9
8.42857
4.41905
6.87619
7.39048
7.47619
5.45714
6.09524
4.30476
4.18095
8.33333
4.4381
7.38095
6.78095
8.11429
7.05714
8.21905
5.33333
7.71429
7.06667
5.69524
5.92381
6.77143
4.25714
4.27619
5.79048
6.0381
7.49524
9.41905
6.14286
5.51429
9.84762
10.0476
5.22857
14.0667
10.2095
10.9524
8.50476
7.59048
6.54286
9.46667
10.0095
8.79048
9.72381
10.4857
9.8381
8.8
7.81905
8.3619
4.41905
9.69524
6.2
9.4
4.38095
5.80952
8.79048
10.1333
9.46667
9.0381
4.2381
6.25714
7.28571
7.26667
7.53333
7.64762
5.11429
8.07619
8.19048
5.88571
13.4857
6.59048
6.5619
4.4381
8.27619
7.06667
6.68571
4.89524
4.4
5.72381
6.09524
6.20952
7.44762
4.3619
7.59048
6.8381
8.4
6.08571
7.91429
6.75238
7.77143
6.17143
7.69524
6.60952
7.37143
8.01905
8.6
6.85714
6
7.12381
9.53333
6.88571
12.8667
5.08571
7.99048
9.02857
9.70476
7.37143
10.0857
6.82857
7.82857
7.67619
10.181
7.90476
6.49524
5.37143
6.62857
4.62857
4.4381
6.73333
8.8
6.74286
4.1619
6.65714
6.78095
8.4
8.26667
7.90476
7.30476
8.90476
6.02857
7.54286
7.68571
4.48571
8.88571
5.90476
10.219
7.30476
7.50476
9.64762
13.5238
6.01905
8.41905
8.81905
7.01905
8.08571
6.00952
8.74286
7.66667
4.84762
8.7619
10.8762
8.8381
4.8
7.84762
7.12381
9.60952
7.5619
10.9524
11.0857
7.81905
4.4381
6.12381
6.09524
8.34286
5.55238
9.81905
7.50476
4.79048
7.82857
4.34286
9.27619
8.28571
6.98095
5.46667
10.1714
8.37143
6.1619
9.49524
9.09524
8.54286
4.25714
4.52381
4.13333
7.44762
5.15238
5.95238
11.6952
9.66667
4.2381
6.01905
6.08571
8.98095
9.46667
8.12381
8.04762
8.25714
7.27619
5.93333
6.69524
7.47619
7.50476
5.53333
5.05714
7.47619
5.5619
9.6
7.00952
4.42857
6.08571
6.60952
9.34286
7.49524
4.91429
5.10476
12.9619
9.06667
10.1619
9.07619
7.57143
16.6095
9.50476
8.54286
8.5619
7.27619
7.94286
7.54286
10.7333
4.47619
11.5714
6.58095
6.57143
6.70476
7.54286
4.25714
5.32381
6.4381
11.819
7.67619
6.44762
10.6
4.21905
10.2762
6.87619
5.17143
10.3524
5.06667
7
6.11429
8.42857
8.33333
5.44762
8.01905
8.09524
6.84762
5.17143
8.44762
9.81905
8.21905
7.32381
11
10.6476
4.58095
4.33333
6
4.58095
9.33333
4.31429
9.45714
8.2
5.18095
4.35238
7.91429
6.22857
9.15238
12.2476
5.07619
7.28571
8.69524
7.28571
4.9619
7.08571
5.92381
4.65714
4.55238
6.72381
6.2
8.20952
8.64762
12.6095
5.95238
5.4
12.7619
5.72381
4.52381
5.4
4.78095
4.27619
7.41905
7.37143
6.27619
7
8.62857
5.92381
10.7143
6.1619
7.41905
9.74286
9.08571
8.4381
5.52381
5.78095
5.80952
8.10476
9.18095
6.79048
6.20952
10.619
8.65714
8.91429
6.89524
7.8381
4.06667
4.28571
8.44762
8.08571
7.89524
7.72381
7.32381
7.59048
6.7619
8.26667
8.08571
8.82857
8.94286
6.4
8.74286
10.7619
9.06667
5.72381
7.51429
5.7619
10.3714
7.34286
7.28571
8.22857
9.34286
5.2381
7.74286
5.94286
5.6
8.79048
11.781
7.12381
5.53333
7.15238
10.3238
4.73333
7.28571
5.51429
5.35238
9.10476
7.27619
8.06667
6.90476
4.52381
6.58095
8.85714
7.45714
4.37143
8.66667
5.60952
9.41905
10.2667
8.55238
7.12381
8.50476
9.27619
9.54286
5.4381
6.86667
10.6952
8.42857
10.0667
4.54286
4.27619
4.53333
6.59048
5.99048
11.2952
4.3619
4.13333
7.42857
6.05714
4.39048
8.18095
5.73333
10.9429
6.72381
8.6
7.88571
11.3714
5.71429
6.52381
4.12381
4.82857
7.27619
8.6381
4.2381
11.981
7.12381
7.55238
7.25714
7.3619
5.8
10.581
5.25714
10.1429
7.05714
8.79048
9.57143
4.29524
6.97143
12.7619
5.75238
9.28571
8.37143
8.05714
8.87619
6.53333
10.9048
9.84762
8.18095
8.2
7.59048
6.29524
7.93333
4.35238
8.68571
6.67619
6.15238
11.3429
7.85714
11.3524
8.8381
6.65714
13.0095
8.18095
9.8381
7.93333
4.5619
8.14286
11.781
10.2095
6.72381
7.14286
7.90476
4.21905
4.53333
12.7524
10.2
7.19048
4.19048
6.61905
4.2
8.20952
9.35238
6.25714
8.27619
7.85714
10.7238
9.41905
7.77143
16.0667
4.35238
7.57143
7.28571
7.8
6.10476
7.17143
11.7429
9.33333
7.6381
6.8
6.82857
10.4095
6.52381
6.9619
6.44762
6.30476
8.45714
8.30476
5.2381
4.73333
4.22857
6.09524
7.47619
7.21905
7.37143
9.78095
6.22857
8.70476
5.15238
6.6
8
7.57143
4.49524
8.0381
4.62857
4.53333
4.20952
6.85714
6.38095
4.10476
4.52381
9.10476
9.38095
7.64762
6.40952
8.99048
8
7
11.4
5.97143
7.14286
4.20952
5.44762
6.62857
8.46667
4.50476
8.62857
5.38095
6.62857
5.97143
8.34286
7.29524
5.15238
5.88571
6.71429
4.51429
6.72381
4.93333
8.11429
10.7238
7.99048
7.73333
9.2
4.40952
7.00952
5.55238
6.69524
8
8.60952
4.37143
5.71429
6.6381
6.27619
6.18095
8.02857
7.07619
6.24762
9.91429
6.40952
8.6
6.82857
9.74286
6.94286
9.57143
8.5619
9.00952
5.60952
6.73333
8.88571
7.68571
6.91429
5.81905
5.52381
6.32381
4.45714
4.12381
10.9238
6.78095
5.94286
8.00952
10.7429
7.61905
4.22857
7.24762
8.35238
7.2
6.37143
8.31429
9.61905
10.8952
4.46667
11.3905
11.5429
10.1714
9.6
6.77143
4.80952
11.1048
8.01905
7.6
7.07619
7.0381
4.28571
6.34286
8.11429
10.1524
7.25714
8.79048
5.59048
10.2857
9.66667
5.53333
8.89524
9.39048
8.34286
6.12381
10.6
7.79048
8.6
5.2
6.10476
7.8381
9.55238
8.7619
10.7905
9.09524
12.0286
4.5619
4.15238
4.40952
5.04762
8.28571
10.0667
8.87619
10.5238
6.79048
9.42857
5.84762
6.19048
9.99048
5.8
8.05714
8.8381
9.02857
9.9619
5.09524
4.86667
9.73333
4.70476
7.74286
9.00952
8.33333
4.72381
6.12381
4.87619
6.35238
5.21905
5.8381
9.45714
6.46667
8.82857
8.98095
10.3143
8.55238
10.3238
8.28571
9.32381
6.15238
7.09524
9.79048
4.98095
5.4381
10.0762
8.52381
4.77143
8.52381
10.0762
6.58095
13.1905
8.18095
7.91429
6.3619
6.52381
11.3524
6.6
8.77143
13.2095
5.45714
6.45714
7.20952
7.30476
8.35238
5.35238
4.78095
4.17143
7.77143
8.58095
8.55238
7.2381
6.51429
9.47619
7.66667
9.15238
7.80952
11.0476
8.10476
6.55238
7.79048
8.12381
7.11429
10.819
8.17143
8.39048
4.37143
10.1333
9.25714
4.75238
8.6
4.2381
4.34286
6.09524
7.85714
5.82857
7.91429
10.6381
8.4381
7.40952
4.97143
5.50476
7.02857
9.62857
5.0381
5.84762
5.94286
5.24762
6.60952
9.84762
5.74286
11.2667
6.93333
6.15238
4.70476
4.30476
11.6381
5.14286
12.1238
4.50476
5.32381
6.20952
10.7143
9.34286
9.15238
9.5619
8.68571
7.08571
4.7619
8.97143
5.6381
5.15238
6.71429
4.65714
8.17143
4.24762
8.53333
5.4381
6.71429
8.52381
8.2
9.44762
8.9619
7.2
12.0381
9.62857
8.49524
7.39048
4.51429
10.4381
9.46667
9.72381
5.87619
8.99048
6.69524
7.91429
4.67619
7.09524
5.49524
7.15238
7.9619
4.42857
7.92381
4.24762
6.4
9.6381
12.2381
8.0381
7.61905
8.30476
5.51429
5.09524
4.66667
6.55238
7.66667
7.84762
9.33333
4.38095
5.40952
5.74286
9.9619
11.7048
8.46667
7.15238
7.12381
4.62857
9.19048
9.15238
5.31429
9.17143
9.30476
7.4
9.67619
6.4
5.73333
10.0476
5.71429
7.19048
8.15238
6.14286
8.84762
8.18095
7.94286
7.2
4.29524
5.27619
4.70476
9.4381
5.69524
6.27619
7.32381
4.64762
8.25714
6.55238
8.22857
7.60952
8.78095
4.45714
8.37143
9.73333
7.30476
7.0381
4.27619
6.9619
10.4857
6.72381
10.1238
6.72381
4.85714
5.32381
7.47619
5.28571
5.77143
6.46667
9.67619
6.17143
6.08571
8.27619
10.3524
4.60952
9.06667
8
5.14286
8.12381
5.98095
10.6095
7.54286
5.70476
6.73333
8.47619
7.74286
6.88571
4.25714
4.32381
5.19048
7.82857
4.26667
5.17143
4.31429
8.38095
7.17143
7.15238
11.5905
7.79048
6.32381
5.20952
4.26667
8.01905
5.1619
11.2857
6.00952
10.3048
6.6
7.72381
7.57143
4.28571
8.89524
5.11429
4.29524
6.5619
7.20952
11.6
11.1333
8.00952
8.89524
7.91429
6.91429
6.51429
6.74286
8.35238
7.00952
9.40952
7.48571
9.88571
6.18095
6.67619
5.67619
7.40952
4.72381
5.58095
6.09524
9.82857
6.57143
8.81905
6.40952
4.26667
5.84762
5.85714
5.94286
6.38095
8.86667
5.17143
10.3619
7.80952
7.91429
4.21905
6.3619
4.74286
6.49524
6.14286
5.90476
8.13333
5.60952
8.09524
5.88571
9.30476
6.20952
13.1143
5.47619
10.6762
6.90476
7.33333
6.42857
9
8.33333
7.20952
7.47619
5.74286
8.79048
9.54286
7.39048
12.7333
5.71429
9.52381
10.7143
5.98095
6.53333
5.66667
6.06667
6.39048
5.60952
7.93333
6.77143
5.58095
6.47619
10.0095
4.8
4.65714
7.45714
7.82857
7.89524
6.20952
5.30476
5.48571
9.02857
8.05714
6.28571
8.19048
6.34286
7.6
7.66667
4.81905
8.50476
4.71429
5.41905
7.94286
7.4
9.42857
6.6381
6.66667
4.52381
6.01905
7.30476
9.10476
8.09524
5.14286
7
9.41905
4.35238
5.69524
7.01905
5.62857
6.84762
10.6667
4.49524
4.55238
7.37143
6.78095
5.6
10.7333
8.33333
4.94286
8.44762
4.39048
6.05714
8.37143
8.59048
4.71429
6.81905
5.20952
7.41905
8.60952
6.82857
6.34286
5.90476
5.34286
4.39048
10.2667
7.70476
4.85714
8.22857
6.24762
5.2381
7.98095
7.39048
6.4
8.41905
9.51429
6.54286
8.40952
4.54286
6.47619
6.08571
11.2857
7.5619
8.82857
10.9714
9.2
4.40952
7.48571
7.4
7.5619
8.67619
7.09524
6.61905
7.17143
6.54286
5.85714
5.95238
8.73333
5.40952
7.86667
4.70476
6.04762
6.26667
5.69524
9.58095
8.02857
11.219
5.51429
4.29524
11.2952
9.39048
6.62857
10.8762
5.73333
7.10476
13.0952
12.9238
4.8381
7.2381
6.90476
9.1619
7.78095
6.38095
7.47619
4.31429
6.60952
7.82857
4.90476
7.3619
9.84762
9.68571
10.2286
5.0381
4.26667
8.13333
7.79048
8.11429
7.67619
9.58095
8.01905
4.53333
9.64762
7.57143
11.3048
7.8381
8.85714
7.54286
8.93333
5.91429
7.48571
8.82857
6.3619
9.85714
8.69524
6.51429
10.2095
11.7143
8.60952
4.47619
6.09524
6.49524
7.99048
7.72381
10.9905
8.99048
4.37143
7.29524
5.7619
8.90476
8.58095
10.0667
7.38095
6.93333
4.39048
4.30476
6.73333
9.07619
4.71429
8.73333
8.20952
11.7333
8.99048
8.17143
6.78095
10.0476
4.89524
6.18095
5.21905
11.9619
12.419
6.09524
5.99048
5.68571
8.81905
7.89524
7.24762
6.94286
4.2
5.24762
6.74286
4.44762
5.06667
5.95238
6.30476
8.37143
7.99048
10.3905
7.52381
4.24762
5.51429
6.39048
8.99048
6.84762
12.7714
6.05714
4.31429
8.6
7.93333
8.78095
7.32381
8.9619
7.22857
6.30476
8.87619
7.71429
10.9333
4.40952
8.12381
6.70476
4.42857
9.45714
10.0571
11.4
6.78095
5.89524
8.22857
8.50476
8
7.90476
4.30476
8.8381
5.91429
10.6476
7.84762
7.55238
9.51429
8.91429
11.2571
7.13333
5.60952
7.02857
10.0762
6.67619
8.66667
6.11429
4.41905
5.44762
5.72381
8.34286
10.9238
7.82857
8.31429
9.62857
6.21905
9.35238
4.75238
5.9619
6.29524
6.64762
5.99048
4.20952
4.46667
4.68571
4.44762
5.26667
6.22857
4.34286
6.9619
5.97143
11.8667
6.89524
11
4.64762
7.42857
7.14286
8.21905
8.01905
11.8286
4.93333
5.22857
4.55238
9.07619
8.10476
7.0381
4.47619
8.57143
9.74286
7.27619
8.40952
8.6381
6.94286
6.71429
11
6.88571
4.34286
4.71429
7.30476
8.46667
8.6
9.64762
6.91429
10.1143
8.51429
9.6
5.53333
4.37143
7.50476
7.1619
6.53333
5.72381
4.58095
8.93333
8.70476
5.97143
6.89524
7.07619
7.19048
6.4
6.4
4.1619
6.69524
7.30476
4.80952
8.25714
8.58095
8.45714
7.48571
4.34286
5.49524
4.9619
11.981
7.8
4.34286
4.27619
7.45714
5.74286
6.49524
5.74286
9.02857
9.05714
9.33333
9.32381
6.4381
4.04762
8.60952
4.32381
6.91429
11.7619
6.77143
8.04762
8.70476
7.59048
4.46667
5.47619
5.54286
9.67619
5.2381
5.07619
6.46667
4.58095
4.41905
4.44762
12.6952
7.8381
7.98095
5.3619
6.4381
6.91429
4.78095
6.0381
5.68571
7.37143
5.67619
4.65714
6.11429
6.22857
10.9143
7.27619
6.88571
11.6952
4.6381
8.25714
10.3048
7.61905
7.85714
8.2
4.79048
7.62857
9.72381
8.6381
4.46667
4.93333
7.38095
9.01905
4.3619
4.79048
7.50476
11.3143
4.12381
9.91429
10.2476
4.41905
5.79048
10.1143
6.47619
6.4381
5.53333
7.65714
5.21905
5.50476
7.95238
4.66667
6.60952
9.61905
8.04762
8.60952
4.72381
8.47619
6.60952
7.25714
6.92381
4.49524
6.49524
5.94286
4.68571
8.6
9.79048
5.84762
7.38095
11.2476
7.35238
6.78095
4.66667
4.2
4.71429
6.11429
7.06667
4.5619
5.65714
8
6.2381
4.81905
9.6381
5.39048
5.31429
8.15238
5.41905
7.6381
5.44762
7.01905
4.27619
6.87619
6.26667
6.95238
18.6952
7.88571
8.41905
8.65714
6.62857
8.20952
6.17143
9.51429
8.50476
7.02857
6.84762
9.6
9.75238
8.35238
7.05714
6.00952
6.26667
5.85714
4.20952
7.0381
11.619
6.61905
10.1143
10.3238
5.80952
7.66667
4.62857
10.2667
4.6381
5.84762
7.80952
7.70476
4.13333
6.7619
7.57143
4.64762
7.50476
7.68571
9.81905
7.54286
5.84762
8.20952
5.73333
6.69524
10.4
11.4762
6.84762
8.28571
5.31429
5.80952
10.2762
6.26667
6.4381
7.15238
6.98095
4.32381
8.59048
5.77143
7.01905
6.12381
4.66667
7.8381
7.04762
8.25714
9.09524
9.02857
7.85714
7.48571
8.2381
6.72381
5.74286
9.71429
6.47619
5.97143
5.1619
8.70476
7.2381
4.74286
8.24762
7.7619
8.98095
7.18095
5.39048
10.2381
7.99048
10.219
10.6667
7.24762
10.5143
6.15238
6.94286
4.39048
7.89524
8.27619
8.67619
8.30476
5.18095
6.89524
7.42857
12.0095
5.31429
8.22857
5.32381
4.51429
5.48571
7.67619
9.35238
4.25714
7.64762
5.54286
8.0381
5.4
8.6381
8.59048
7.59048
5.6
5.91429
7.05714
10.4857
12.2381
9.62857
5.79048
7.52381
4.4381
4.42857
4.59048
7.85714
5.00952
4.2381
8.45714
7.87619
6.99048
7.42857
5.46667
5.49524
6.85714
4.42857
7.26667
4.22857
6.33333
9.93333
8.58095
12.019
8.62857
6.88571
6.42857
6.02857
4.65714
4.38095
7.30476
4.21905
7.99048
10.2667
10.0095
7.0381
7.44762
4.21905
6.58095
6.85714
9.48571
8.77143
7.55238
8.28571
5.30476
7.88571
6.26667
8.21905
8.17143
10.3143
6.18095
9.30476
5.59048
4.51429
8.38095
6.68571
6.93333
9.1619
5.30476
6.15238
7.1619
9.58095
8.65714
4.18095
9.79048
12.981
7.37143
6.98095
12.4286
7.11429
7.27619
6.33333
6.93333
6.93333
9.0381
5.97143
9.14286
7.97143
8.33333
4.24762
6.10476
5.14286
7.22857
5.72381
7.41905
4.66667
8.0381
5.38095
10.8381
5.39048
7.2381
7.2
4.24762
5.59048
6.42857
5.81905
5.62857
8.20952
5.1619
4.28571
7.32381
6.79048
6.91429
7.70476
7.28571
5.10476
8.54286
6.4381
5.79048
8.79048
4.25714
8.05714
7.15238
6.69524
6.64762
9.84762
7.39048
7.34286
6.15238
4.57143
7.09524
8.13333
5.90476
5.66667
6.22857
6.33333
7.27619
9.73333
7.37143
5.04762
10.3238
12.1905
6.25714
4.12381
8.26667
4.2
9.50476
11.5238
6.97143
9.5619
7.66667
6.21905
6.98095
5.84762
4.58095
8.46667
9.02857
8.28571
6.38095
8.79048
5.78095
8.57143
5.12381
7.94286
9.29524
4.42857
7.85714
7.97143
6.66667
7.77143
5.21905
6.8381
6.68571
6.42857
5.42857
9.87619
5.48571
4.88571
6.37143
4.29524
11.5429
6.52381
8.7619
9.45714
4.86667
7.21905
7.05714
4.42857
10.2571
5.09524
10.2095
8.00952
10.2571
4.69524
6.4381
6.6381
6.93333
6.3619
8.05714
11.381
6.88571
4.52381
7.70476
5.92381
10.4667
10.3333
7.12381
9.72381
7.71429
6.70476
7.74286
8.65714
5.51429
7.85714
5.70476
7.66667
5.6381
8.6381
5.89524
4.28571
9.7619
10.5143
7.5619
5.67619
6.34286
10.4
7.67619
12.2381
10.7524
6.22857
6.74286
6.60952
8.95238
8.41905
6.9619
4.31429
4.31429
4.4381
10.4
4.57143
7.74286
7.7619
5.33333
6.3619
6.98095
8.01905
10.0095
5.75238
4.4381
10.1714
4.32381
4.38095
7.52381
9.27619
7.15238
6.66667
10.981
9.8
11.5333
8.06667
8.5619
9.48571
9.33333
10.2762
4.25714
7.66667
7.26667
5.12381
4.40952
5.55238
5.26667
5.88571
5.77143
5.69524
4.52381
9.54286
7.79048
7.73333
9.86667
7.31429
6.86667
4.17143
10.8571
9.9619
7.22857
5.08571
10.7048
6.65714
7.4381
7.7619
10.819
7.2381
7.60952
6.5619
4.69524
4.28571
9.22857
7.62857
7.53333
6.12381
4.44762
4.29524
11.8
6.95238
6.14286
6.6
11.8952
6.44762
5.20952
8.15238
4.2
4.77143
11.2762
4.6381
4.67619
4.33333
7.8
4.48571
7.54286
4.21905
9.2
8.15238
6.01905
4.7619
9.70476
9.11429
7.39048
4.08571
6.99048
8.06667
7.60952
7.26667
8.57143
6.25714
4.40952
8.33333
9.60952
7.07619
6.86667
6.8381
4.38095
5.71429
4.37143
5.06667
4.45714
6.79048
6.54286
5.2
6.41905
8.35238
8.39048
4.87619
10.4
7.75238
6.62857
8.71429
7.6
7.38095
7.12381
4.38095
6.60952
9.20952
8.64762
9.71429
4.19048
9
8.42857
4.82857
5.89524
10.7238
10.3619
4.20952
5.59048
8.21905
9.17143
6.5619
7.65714
8.26667
10.1048
9.46667
10.3524
7.49524
11.781
7.05714
5.91429
4.68571
6.25714
9.57143
5.4381
5.64762
9.78095
6.59048
8.5619
6.33333
4.20952
12.4857
7.0381
9.01905
11.7905
5.99048
5
4.34286
8.90476
7.91429
6.95238
9.68571
4.22857
7.11429
8.39048
7.88571
8.1619
10.9714
8.67619
7.58095
8.27619
7.82857
10.5238
6.19048
11.1714
6.49524
5.97143
6.2
7.01905
7.45714
5.45714
6.82857
6.8
5.01905
4.54286
11.4762
4.13333
4.2
5.02857
6.93333
8.01905
10.5048
7.53333
7.44762
8.85714
6.61905
5.44762
4.34286
8.91429
6.21905
5.09524
9
4.49524
6.2381
10.7143
7.27619
7.50476
7.64762
6.78095
6.05714
4.15238
6.33333
5.6
4.39048
8.66667
8.70476
5.80952
6.39048
11.4476
8.69524
8.44762
7.68571
4.55238
6.15238
7.5619
6.64762
8.86667
7.8381
8.57143
10.5238
6.20952
5.46667
8.17143
8.3619
5.80952
6.02857
6.91429
6.42857
8.26667
5.38095
7.68571
8.1619
8.33333
8.66667
5.91429
10.4
4.2
5.64762
7.49524
4.46667
7.58095
4.55238
9.80952
7.65714
6.84762
8.70476
5.54286
8.6381
7.15238
4.30476
5.94286
7.19048
5.38095
7.6
10.1905
5.86667
7.17143
6.84762
5.89524
4.72381
5.04762
8.0381
5.45714
4.77143
5.2381
7.65714
8.34286
5.59048
12.619
8.05714
6.81905
8.9619
4.4
6.62857
5.08571
9.90476
8.57143
10.7714
11.9905
8.1619
5.6381
4.70476
7.70476
10.0952
6.73333
8.87619
8.80952
7.92381
6.82857
10.0857
7.91429
6.05714
9.42857
6.67619
5.44762
9.91429
7.78095
5.79048
10.3429
5.28571
6.09524
9.2381
6.5619
7.42857
4.38095
9.53333
5.9619
8.57143
10.7905
8.80952
9.02857
4.93333
6.78095
5.39048
5.54286
4.60952
11.8857
7.18095
4.45714
5.33333
5.89524
5.78095
6.9619
5.2
5.61905
6.51429
6.57143
5.25714
4.44762
6.49524
4.41905
7.22857
5.4381
8.93333
7
8.42857
7.01905
5.14286
8.02857
10.9333
5.4
7.11429
7.26667
6.85714
6.64762
10.781
7.90476
4.75238
9.94286
7.29524
4.50476
5.0381
6.37143
7.48571
6.18095
5.78095
5.00952
13.2095
6.27619
4.64762
5.68571
9.49524
11.4762
6.52381
7.80952
6.59048
9.79048
7.46667
7.98095
4.3619
9.05714
6.27619
10.9143
6.27619
5.53333
7.94286
6.8
11.581
6.06667
6.01905
11.8381
6.69524
13.7429
6.73333
6.49524
8.46667
6.39048
5.35238
9.87619
7.89524
5.45714
10.4476
4.47619
5.91429
9
6.18095
4.49524
10.0571
8.14286
8.00952
7.38095
6.92381
10.7238
9.12381
5.72381
6.33333
4.26667
4.24762
4.38095
7.55238
13.2095
5.75238
7.1619
8.13333
6.32381
5.29524
9.40952
5.00952
7.54286
7.99048
4.6
8.08571
5.64762
6.99048
4.08571
7.8381
8.71429
9.93333
7.59048
4.3619
5.06667
6.79048
6.74286
9.49524
9.71429
6.78095
10.4762
7.93333
5.59048
7.84762
7.40952
7.97143
8.77143
8.77143
6.0381
6.4381
8.20952
4.53333
11.981
8.68571
11.381
7.41905
8.88571
6.21905
10.4857
8.70476
8.49524
7.25714
5.1619
4.8
21.5714
6.69524
5.67619
9.82857
6.29524
7.4381
8.62857
10.7333
6.17143
10.3143
7.86667
4.39048
4.64762
9.6
4.1619
4.29524
7.68571
9.35238
4.2
6.77143
9.06667
8.30476
11.1429
10.0952
7.26667
4.25714
7.4381
5.10476
9.41905
5.26667
8.90476
7.72381
4.31429
5.47619
5.91429
5.17143
4.20952
4.26667
5.10476
6.65714
9.4381
7.68571
4.59048
7.61905
7.42857
6.20952
6.86667
8.60952
5
6.75238
4.31429
8.57143
10.1619
9.86667
6.95238
6.53333
10.0381
9.53333
8.89524
5.4
7.9619
7.19048
7.37143
4.52381
4.75238
5.44762
6.44762
8.13333
8.97143
9.48571
8.4381
7.42857
7.00952
4.3619
6.89524
9.04762
5.87619
6.52381
10
6.78095
8.10476
4.30476
4.19048
7.4
7.90476
8.6
4.26667
7.98095
9.02857
9.38095
7.4381
10.6952
9.06667
4.4
6.47619
12.7714
11.7429
6.75238
7.97143
8.58095
6.4
6.98095
7.92381
7.05714
9.40952
6.87619
6.72381
7.99048
7.4381
11.8095
4.17143
5.68571
5.65714
7.26667
7.2381
7.27619
7.51429
6.48571
5.49524
7.7619
7.53333
7.08571
4.51429
5.33333
6.29524
6.19048
7.46667
4.6381
6.42857
7.3619
8.28571
6.54286
8.18095
7.38095
4.68571
6.93333
6.53333
4.51429
6.46667
10.4
8.60952
6.05714
6.47619
5.28571
7.38095
6.28571
6.38095
7.26667
7.15238
7.06667
9.19048
7.61905
6.33333
6.73333
6.64762
4.26667
7.61905
5.11429
12.4571
6.40952
6.11429
5.29524
4.72381
8.42857
4.22857
8.64762
9.12381
5.92381
6.87619
4.78095
8.1619
4.97143
7.38095
5.82857
8.10476
5.97143
4.41905
9.04762
10.0857
7.26667
7.21905
5.67619
4.3619
4.9619
6.51429
6.02857
6.58095
6.5619
5.54286
9.40952
8.58095
11.4095
9.1619
9.99048
8.18095
8.59048
7.15238
12.181
5.58095
7.89524
10.0762
7.74286
7.24762
6.06667
4.81905
4.49524
8.58095
4.74286
7.75238
4.45714
5.7619
9.42857
7.08571
9.25714
8.29524
4.4
6.2
7.24762
4.86667
5.22857
6.15238
6.44762
7.50476
6.74286
4.22857
6.22857
7.1619
4.87619
5.88571
5.58095
7.24762
10.2762
6.94286
9.70476
8.79048
6.05714
4.37143
6.50476
6.09524
4.31429
7.64762
4.64762
6.29524
10.1143
7.89524
8.92381
6.55238
4.99048
11.0762
4.34286
9.57143
10.2667
7.59048
6.05714
8.35238
9.60952
7.45714
4.26667
5.21905
8.46667
4.65714
8.44762
4.18095
7.5619
7.40952
7.41905
8.93333
10.781
10.1048
4.22857
6.61905
6.41905
8.74286
4.35238
4.91429
9.24762
9.01905
4.58095
5.46667
4.18095
4.97143
9.31429
11.3714
5.39048
7.71429
4.31429
8.47619
8.85714
4.55238
4.5619
7.4381
8.29524
7.06667
11.1905
10.2
4.34286
9.05714
10.3619
4.13333
7.45714
6.54286
6.3619
8.89524
4.9619
13.2095
6.00952
8.49524
8.86667
4.1619
4.45714
11.4667
7.09524
6.29524
10.5143
7.22857
4.41905
7.30476
5.72381
4.31429
8.75238
4.99048
6.60952
6.13333
8.08571
6.29524
5.12381
7.81905
8.37143
7.74286
9.33333
11.2762
7.75238
7.53333
12.0857
6.44762
8.71429
7.67619
5.80952
4.50476
4.27619
5.04762
8.10476
4.2
8.45714
8.45714
6.64762
5.77143
4.26667
5.73333
6.67619
7.46667
8.86667
4.51429
5.53333
8.97143
10.8
7.33333
7.68571
6.40952
12.8762
5.50476
5.93333
7.37143
8.70476
9.42857
8.13333
6.11429
8.62857
6.24762
8.2
4.73333
4.24762
7.79048
6.22857
8.60952
6.78095
9.67619
7.81905
5.73333
6.81905
6.73333
4.4
7.29524
11.0476
8.8
7.25714
7.02857
8.77143
7.58095
7.79048
5.94286
4.45714
8.86667
5.19048
6.32381
7.86667
8.24762
6.87619
5.62857
6.62857
7.86667
9.05714
7.13333
7.49524
5.90476
5.12381
7.48571
5.49524
6.02857
4.69524
10.2857
4.33333
10.5143
9.2381
5.06667
5.27619
4.95238
10.619
7.2381
10.2476
4.14286
6.64762
4.49524
7.41905
8.92381
7.64762
4.15238
8.57143
7.21905
7.94286
8.19048
7.33333
8.21905
6.6
6.22857
7.20952
11.8
4.49524
10.419
8.2
5.19048
10.5905
7.61905
5.62857
4.19048
8.58095
6.14286
7.07619
4.49524
8.86667
5.86667
5.80952
4.3619
9.88571
9.82857
11.1905
5.37143
4.33333
9.98095
14.2667
5.52381
7.65714
6.71429
9.17143
7.39048
5.8381
6
9.26667
4.34286
4.6381
7.81905
6.37143
10.9143
8.84762
10.4095
4.49524
5.6381
10.6571
4.64762
9.62857
5.72381
8.20952
5.34286
10.2667
7.30476
8.84762
4.58095
5.91429
8.84762
5.98095
5.93333
8.58095
8.47619
5.75238
8.04762
11.2857
11.4952
6.14286
7.5619
6.26667
4.39048
7.53333
6.21905
9.57143
5.41905
5.6381
7.1619
7.49524
7.08571
5.32381
4.26667
7.29524
5.60952
6.4
5.34286
7.64762
6.74286
7.9619
5.44762
7.58095
6.84762
7.14286
8.70476
8.34286
8.04762
4.28571
11.8857
5.02857
6.9619
5.66667
5.37143
5.84762
6.11429
7.75238
7.49524
6.35238
10.6286
6.47619
4.65714
7.39048
5.0381
4.26667
4.66667
7.11429
6.12381
7.88571
4.46667
9.64762
5.61905
5.65714
4.6
8.08571
6.89524
8.91429
7.84762
5.55238
8.28571
6.26667
4.55238
5.86667
7.11429
6.73333
8.04762
4.1619
4.55238
4.44762
7.67619
5.78095
6.38095
9.11429
6.34286
6.73333
7.46667
6.0381
6.64762
8.85714
7.60952
4.42857
4.4381
5.17143
4.58095
6.48571
5.86667
6.54286
7.78095
9.78095
7.64762
7.0381
9.51429
5.92381
8.66667
6.73333
6.95238
5.46667
7.97143
4.4
9.64762
4.40952
5.77143
6.67619
8.32381
4.13333
4.69524
7.20952
6.50476
6.21905
5.18095
11.8476
11.7429
9.1619
4.37143
5.77143
9.09524
4.1619
6.10476
6.18095
8.62857
9.65714
5.02857
4.17143
5.8
6.59048
7.02857
11.1429
7.06667
5.53333
7.34286
6.50476
8.99048
6.08571
5.94286
6.2
6.6
5.25714
5.35238
6.7619
4.32381
6.20952
7.55238
7.90476
6.30476
10.8286
6.92381
8.69524
7.94286
7.10476
6.70476
4.61905
4.6381
7.9619
9.04762
5.14286
7.39048
9.72381
7.30476
7.73333
4.15238
6.99048
6.94286
7.55238
8.55238
4.29524
8.87619
8.88571
5.7619
5.44762
4.31429
7.70476
6.42857
5.30476
7.53333
7.48571
6.80952
4.44762
9.48571
11.0667
7.64762
8.09524
8.93333
4.61905
32.9238
5.38095
7.81905
6.98095
7.78095
9.53333
5.2
5.77143
6.00952
4.21905
7.82857
4.40952
9.59048
5.59048
9.34286
11.5238
4.44762
8.51429
4.69524
7.75238
6.50476
4.9619
6.04762
7.11429
8.66667
4.67619
9.22857
10.1143
10.1048
8.98095
9.75238
13.6286
8.74286
8.20952
8.53333
6.4
10.4857
8
7.19048
7.06667
9.11429
9.71429
6.94286
9.25714
4.55238
6.55238
8.05714
9.17143
4.40952
5.69524
4.89524
9.00952
6.29524
4.94286
9.8381
6.87619
6.93333
8.77143
9.45714
7.93333
5.31429
6.91429
5.64762
4.4381
7.21905
8.77143
4.24762
6.1619
9.30476
7.65714
6.2
4.2
5.68571
4.24762
7.11429
7.79048
8.3619
8.21905
5.47619
9.86667
8.26667
8.4381
4.62857
4.34286
4.80952
6.37143
9.44762
7.12381
8.60952
11.0286
6.82857
6.08571
6.21905
7.12381
9.39048
10.4476
7.67619
6.78095
5.06667
8.0381
5.31429
5.18095
10.0476
7.17143
5.8381
4.35238
8.3619
7.45714
6.24762
6.5619
6.9619
6.49524
4.44762
7.04762
6.00952
5.11429
6.61905
6.05714
8.31429
4.33333
7.72381
4.55238
7.68571
6.82857
8.60952
8.85714
8.86667
6.89524
6.75238
10.2286
9.60952
5.51429
6.8381
4.38095
10.9143
8.27619
6.29524
7.57143
9.22857
8.24762
5.75238
9.5619
9.48571
5.79048
8.02857
8.09524
7.33333
6.0381
4.46667
6.19048
4.46667
10.4952
4.24762
6.84762
8.97143
5.25714
5.18095
8.29524
4.32381
7.6
8.69524
4.90476
8.79048
5.87619
5.62857
5.01905
7.58095
5.67619
6.86667
7.45714
8.53333
6.54286
8.88571
11.7333
8.41905
4.51429
4.31429
9.33333
8.01905
6.44762
4.51429
5.66667
5.84762
7.84762
6.85714
7.6381
8.99048
4.69524
9.32381
4.50476
4.49524
6.51429
5.07619
5.3619
4.3619
11.5333
5.81905
4.30476
8.37143
6.81905
7.89524
5.42857
7.88571
8.37143
5.65714
6.38095
6.8
6.41905
8.51429
4.30476
9.07619
4.52381
9.89524
4.53333
8.52381
7.17143
11.0476
5.7619
8.49524
8.94286
5.98095
6.84762
5.52381
7.2381
9.28571
4.6381
4.87619
5.72381
7.41905
9.30476
7.21905
6.71429
8.34286
4.47619
8.01905
8.81905
6.01905
9.04762
5.41905
7.6381
7.24762
6.65714
6.87619
9.98095
5.5619
7.2381
4.32381
4.51429
6.10476
4.33333
11.2857
5.11429
6.98095
10.3333
4.50476
7.50476
4.91429
4.54286
4.35238
7.10476
5.17143
7.82857
4.29524
9.58095
5.42857
9.41905
10.419
7.1619
8.40952
6.2381
6.37143
8.02857
8.74286
9.97143
4.18095
8.42857
4.70476
9.35238
9.82857
6.27619
6.09524
4.71429
9.71429
9.34286
8.14286
5.74286
6.64762
8.8381
5.79048
7.10476
11.0571
6.75238
7.2
6.66667
5.40952
8.37143
7.45714
6.52381
8.62857
7.55238
8.19048
7.12381
7.66667
9.38095
6.81905
6.0381
4.35238
6.28571
4.66667
8.18095
10.2095
6.20952
4.48571
6.71429
10.1524
6.78095
8.14286
6.65714
6.95238
4.52381
9.28571
11.1429
10.5619
11.1524
7.65714
8.25714
6.44762
6.95238
9.57143
5.21905
9.6381
6.73333
8.00952
11.1524
6.02857
7.51429
4.09524
7.66667
6.72381
4.50476
6.54286
7.0381
10.5714
6.4381
6.77143
7.4381
10.9333
4.1619
7.88571
6.48571
5.59048
7.17143
7.65714
7.50476
13.7048
8.78095
6.61905
6.59048
5.81905
7.95238
7.54286
4.37143
5.48571
6.54286
8.11429
4.46667
9.21905
7.66667
7.97143
8.55238
8.87619
4.4
8.89524
6.71429
6.67619
7.04762
8.78095
9.50476
7.26667
5.47619
8.38095
7.05714
5.3619
12.2952
5.72381
10.419
5.5619
9.40952
6.61905
5.48571
6.4
6.10476
5.90476
7.54286
4.45714
5.74286
4.21905
8.21905
5.71429
8.84762
7.54286
7.52381
5.6
4.65714
4.98095
12.4952
6.01905
4.67619
5.5619
8.22857
5.29524
9.85714
5.85714
4.24762
6.51429
8.57143
6.12381
9.33333
11.5048
8.33333
9.14286
6.07619
5.73333
8.91429
6.45714
6.06667
8.51429
8.44762
6.00952
8.41905
4.93333
7.9619
12.2095
9.19048
6.10476
5.0381
6.73333
5.24762
5.40952
8.00952
4.22857
7.08571
10.4667
6.47619
5.98095
7.92381
5.4
4.33333
10.1429
9.75238
6.10476
6.19048
8.88571
4.30476
8.06667
4.5619
6.55238
9.70476
7.49524
8.26667
4.40952
6.48571
4.6
4.37143
4.45714
10.1429
5.90476
6.62857
4.53333
6.94286
4.10476
7
6.24762
4.08571
6.70476
8.95238
6.79048
7.05714
4.60952
5.39048
6.59048
4.34286
6.84762
6.37143
8.4381
6.2381
7.72381
7.95238
6.69524
8.6381
9.09524
13.9714
9.4
7.62857
8.41905
8.92381
8.35238
8.12381
7.47619
13.019
5.99048
5.35238
6.49524
6.9619
8.78095
5.81905
5.72381
5.14286
7.52381
7.50476
4.5619
6.20952
7.74286
7.37143
8.51429
8.74286
10.7143
6.47619
10.6095
4.27619
7.0381
4.4381
7.80952
6.87619
10.819
8.10476
10.3048
9.10476
8.90476
4.78095
4.45714
5.0381
7.52381
5.80952
8.0381
5.6
9.44762
7.2381
8.02857
10.5714
6.4
10.3333
7.82857
9.79048
9.06667
6.71429
7.90476
7.32381
10.7905
6.97143
8.3619
4.82857
8.04762
4.3619
8.98095
10.1238
6.30476
6.84762
6.71429
4.61905
7.3619
6.14286
5.17143
5.02857
6.29524
10.4667
7.15238
7.77143
6.60952
6.47619
9.46667
4.80952
4.37143
7.51429
5.78095
6.02857
7.06667
9.01905
11.2571
7.84762
7.40952
8.87619
7.05714
4.24762
4.57143
9.3619
8.02857
6.06667
4.59048
5.07619
7.80952
9.72381
4.89524
5.64762
7.86667
8.09524
5.47619
7.53333
7.09524
8.49524
4.57143
4.6381
6.3619
7.18095
4.52381
4.4381
4.40952
5.7619
5.3619
6.9619
9.48571
4.87619
13.0095
7.51429
7.26667
4.79048
6.69524
6.89524
8.49524
9.67619
6.34286
9.82857
5.8381
7.9619
8.47619
6.00952
5.47619
7.66667
4.29524
6.32381
7.19048
5.70476
10.4095
10.6095
8.87619
7.48571
6.8
4.25714
6.25714
4.4381
6.47619
4.41905
9.74286
6.92381
4.66667
4.52381
6.72381
8.13333
7.32381
6.92381
4.22857
8.95238
7.57143
8.54286
7.74286
7.50476
4.70476
7.4381
8.91429
9.8381
4.48571
14.7238
5.06667
6.00952
7.14286
5.70476
6.44762
7.30476
5.32381
10.9048
6.75238
5.27619
7.19048
4.33333
7.58095
7.74286
7.77143
6.5619
7.39048
9.68571
8.80952
10.4095
6.54286
4.1619
7.19048
4.27619
4.35238
7.04762
8.02857
9.45714
6.10476
7.71429
4.86667
6.69524
9.65714
9.31429
4.38095
9.53333
9.09524
9.74286
6.88571
5.73333
8.05714
8.91429
5.02857
9.54286
5.13333
6.60952
6.47619
5.95238
9.41905
5.14286
7.91429
8.82857
4.70476
9.00952
6.20952
8.30476
10.2095
7.25714
4.52381
5.51429
5.84762
6.27619
5.47619
6.65714
6.4381
6.07619
4.89524
5.35238
7.41905
7.95238
6.58095
11.8857
5.55238
4.46667
10.4571
4.34286
5.79048
7.86667
6.89524
8.25714
4.25714
8.53333
5.66667
5.77143
10.0857
11.3429
5.70476
4.42857
8.17143
5.75238
7.04762
8.44762
4.57143
5.51429
4.45714
8.27619
6.45714
10.4
6.46667
10.2667
4.2
7.06667
6.17143
14.4667
8.84762
6.85714
5.57143
4.61905
6.82857
4.3619
10.6476
8.02857
10.1524
6.65714
6.80952
9.01905
8.52381
6.07619
6.44762
9.88571
8.53333
4.67619
5.9619
7.41905
10.3524
7.21905
6.47619
6.37143
9.19048
10.2857
9.41905
9.12381
5
7.80952
9.45714
6.22857
6.72381
4.24762
6.39048
4.45714
5.4
4.09524
9.22857
4.65714
9.7619
12.0857
5.78095
11.6095
5.38095
6.34286
4.31429
5.99048
8.37143
4.52381
5.54286
9.20952
11.4571
5.48571
9.67619
8.81905
11.3524
8.95238
9.6381
4.5619
6.2381
6.89524
10.2286
7.62857
4.48571
6.04762
4.52381
5.62857
5.27619
4.54286
6.33333
5.93333
9.39048
4.37143
9
7.6
8
7.26667
9.80952
10.3429
6.59048
5.79048
8.08571
5.94286
8.25714
4.40952
4.17143
6.65714
4.49524
7.10476
7.41905
9.67619
6.44762
7.18095
10.3714
6.54286
9.0381
6.6
8.1619
8.71429
8.11429
8.38095
11.9143
8.74286
5.17143
5.31429
7.05714
9.25714
7.72381
9.60952
7.66667
4.39048
7.81905
12.0381
8.66667
5
9.07619
9.27619
9.08571
7.17143
7.61905
9.91429
4.37143
9.11429
4.52381
8.33333
8.35238
6.1619
5.45714
8.88571
6.32381
9.85714
10.2286
4.19048
7.42857
8.44762
9.18095
11.0762
7.8
6.57143
4.57143
4.69524
8.50476
9.68571
4.6
9.48571
13.9333
11.1333
9.97143
8.24762
6.10476
7.47619
7.13333
4.84762
5.71429
5.50476
6.60952
4.79048
4.15238
4.29524
6.97143
7.60952
10.4762
6.7619
4.31429
5.71429
8.09524
7.28571
4.54286
4.45714
8.10476
7.48571
9.08571
7.8
6.88571
8.07619
7.94286
7.47619
8.13333
8.17143
10.7714
7.88571
10.3714
6.47619
6.58095
4.31429
5.14286
7.81905
9.67619
6.37143
9.73333
7.5619
6.4381
6.93333
8.77143
5.55238
4.22857
5.38095
5.20952
4.19048
6.8381
4.49524
4.40952
5.71429
8.7619
9.00952
6.08571
7.00952
4.22857
4.33333
6.32381
5.72381
6.19048
8.21905
4.0381
7.64762
6.18095
5.8381
5.66667
4.40952
12.5333
6.69524
10.2857
8.1619
7.98095
7.57143
6.25714
7.21905
7.06667
10.4667
6.46667
6.97143
4.89524
7.30476
7.54286
4.6381
10.2095
8.72381
5.10476
5.92381
4.4381
4.6
7.5619
9.06667
7.58095
7.39048
6.06667
6.61905
11.3619
8.39048
6.61905
5.72381
10.5524
4.2381
6.8
8.3619
5.69524
4.31429
5.6
8.7619
6.19048
7.35238
6.11429
8.85714
7.24762
6.39048
4.91429
4.50476
9.73333
8.5619
8.51429
8
6.04762
5.81905
5.55238
8.32381
6.20952
4.8
6.47619
8.62857
4.78095
5.46667
9.4381
4.26667
4.25714
6.50476
6.79048
7.33333
8.86667
7.27619
9.20952
5.27619
9.61905
5.93333
9.0381
7.44762
4.88571
4.29524
4.5619
5.15238
5.77143
5.0381
6.26667
13.6667
7.78095
6.98095
12.0571
10.6571
5.57143
11.8
7.14286
7.91429
10.4762
5.73333
10.181
8.13333
4.26667
9.2381
6.95238
10.181
10.9333
6.18095
6.24762
7.14286
6.78095
8.35238
5.66667
5.48571
5.45714
11.9429
6.04762
4.37143
8.60952
7.24762
4.35238
7.22857
7.26667
6.25714
9.15238
9.30476
4.50476
5.42857
5.87619
7.81905
5.87619
8.69524
7.49524
9.52381
9.62857
7.7619
7.15238
4.34286
7.59048
7.59048
8.45714
8.90476
4.11429
5.60952
7.54286
8.1619
7.68571
4.51429
10.2476
6.48571
12.7905
7.67619
9.39048
6.90476
5.77143
7.65714
10.5238
4.3619
7.65714
8.26667
4.33333
6.41905
10.8
8
4.48571
4.82857
5.69524
4.11429
9.99048
6.72381
6.94286
10.5333
6.51429
9.48571
11.9429
8.01905
8.25714
4.53333
5.88571
8.41905
5.61905
6.68571
6.47619
7.28571
5.78095
4.70476
6.84762
9.01905
4.65714
5.57143
8.14286
7.5619
5.79048
8.60952
6.84762
10.4667
7.58095
4.44762
8.38095
7.98095
7.85714
5.86667
7.19048
7.80952
10.2952
9.49524
8.88571
7.9619
7.38095
6.11429
6.39048
12.981
6.55238
6.41905
5.57143
4.73333
5.01905
6.8381
5.11429
5.67619
4.18095
5.91429
5.91429
4.97143
7.14286
7.10476
7.4381
7.09524
8.40952
8.6
6.11429
6.72381
4.24762
5.06667
13.1619
5.49524
4.7619
5.48571
5.40952
11.3524
4.6
6.04762
7.2
7.09524
9.35238
5.44762
5.86667
4.21905
6.33333
4.39048
5.4
6.91429
7.14286
8.72381
7.38095
5.8381
5.67619
9.29524
6.62857
9.01905
5.47619
10.1619
7.90476
8.13333
6.6
6.65714
8.58095
6.17143
8.20952
8.45714
5.09524
7.84762
8.42857
7.65714
7.62857
6.12381
6.4
5.85714
4.38095
5.89524
4.66667
8.32381
12.8286
4.46667
7.47619
6.02857
7.68571
8.06667
7.88571
7.00952
10.5619
6.27619
4.40952
6.32381
7.22857
8.67619
7.55238
9.39048
4.8
8.44762
7.00952
4.87619
9.60952
7.27619
4.51429
5.51429
4.3619
6.6381
6.26667
6.33333
7.46667
11.5238
5.73333
8.18095
7.20952
5.91429
7.53333
8.55238
9.06667
4.47619
8.51429
4.34286
8.62857
5.37143
10.2476
10.7524
6.01905
7.84762
7.87619
8.67619
4.31429
4.13333
5.25714
7.67619
5.49524
7.94286
8.18095
5.6
9.01905
5.8
5.70476
4.37143
6.11429
4.91429
9.04762
7.42857
6.92381
8.42857
8
6.14286
6.48571
7.22857
7.50476
8.8
4.2381
7.09524
5.18095
7.78095
6.68571
4.73333
8.38095
4.90476
4.35238
7.32381
5.49524
4.29524
5.7619
7.54286
4.90476
8.1619
4.21905
7.65714
5.09524
8.35238
6.71429
8.38095
4.09524
7.07619
7.33333
6.74286
7.92381
7.59048
4.82857
7.17143
5.90476
4.14286
7.79048
10.8952
6.80952
4.3619
7.31429
6.6381
5.4381
7.0381
4.1619
4.52381
12.1619
14.2667
7.92381
9.22857
9.34286
5.89524
4.38095
5.29524
5.4381
8.05714
4.2381
10.019
7.07619
7.71429
5.81905
4.69524
10.3429
4.68571
9.0381
5.35238
7.64762
6.13333
5.8381
8.20952
6.20952
4.49524
4.25714
4.13333
6.82857
6.9619
4.51429
7.11429
5.75238
10.1429
4.67619
8.49524
6.30476
4.33333
4.55238
8.33333
13.2952
5.06667
6.18095
5.89524
9.13333
9.6381
4.58095
8.2381
7.70476
8.08571
5.45714
5.27619
7.35238
9.51429
10.6476
6.38095
10.5524
5.93333
6.35238
7.62857
5.74286
8.75238
6.57143
6.30476
5.27619
8.01905
6.31429
4.3619
6.74286
4.69524
7.1619
7.6381
6.64762
6.59048
11.4952
9.87619
7.9619
5.11429
6.39048
5.88571
6.65714
6.91429
10.1238
12.0095
5.77143
7.11429
10.0571
6.05714
6.71429
7.21905
6.27619
7.53333
5.73333
10.781
4.27619
7.00952
6.33333
6.57143
6.92381
7.41905
7.11429
5.55238
4.58095
5.65714
6.46667
6.08571
4.2381
4.97143
5.04762
6.44762
5.8381
10.5333
8.4381
4.46667
8.57143
5.42857
8.34286
4.6381
6.79048
10.4095
7.50476
5.8381
4.70476
7.09524
6.81905
5.6
6.2381
5.26667
5.07619
7.10476
9.01905
6.17143
5.45714
6.08571
5.60952
6.44762
10.7048
5.32381
4.88571
6.5619
8.53333
8.77143
6.78095
4.70476
4.17143
10.3143
5.61905
10.2571
5.98095
8.17143
5.9619
6.64762
6.28571
7.6381
9.07619
6.84762
12.1333
6.04762
7.49524
5.71429
4.31429
4.1619
9.52381
9.17143
6.8
5.21905
8.12381
6.40952
6.82857
10.0476
4.45714
6.39048
6.19048
5.6
7.85714
6.78095
8.60952
9.82857
5.8
7.12381
5.08571
4.25714
4.4
5.01905
8.75238
4.42857
7.59048
5.60952
5.19048
5.6381
4.5619
6.53333
12.2476
5.40952
4.47619
5.74286
6.12381
9.94286
9.41905
8.88571
5.86667
8.66667
5.73333
7.69524
4.33333
6.65714
5.71429
4.52381
6.2381
8.48571
5.92381
7.50476
8.28571
7.61905
6.74286
5.45714
9.04762
6.91429
6.97143
6.59048
7.9619
7.81905
6.15238
10.2381
7.15238
10.9143
6.27619
5.73333
8.71429
9.45714
8.02857
6.38095
5.07619
9.28571
5.53333
4.13333
9.78095
5.60952
6.73333
4.64762
9.26667
9.85714
8.34286
10.0381
5.9619
8.74286
7.06667
7.17143
9.30476
9.95238
6.49524
4.21905
4.87619
8.70476
8.65714
6.7619
4.48571
7.1619
7.24762
8.52381
8.89524
7.99048
8.80952
10.0476
7.91429
7.53333
4.67619
6.13333
7.44762
7.04762
5.17143
5.68571
4.67619
5.50476
6.3619
4.31429
8.57143
4.58095
8.2
5
4.71429
4.37143
6.01905
5.15238
5.97143
8.51429
11.0667
7.34286
4.74286
11.4381
7.57143
9.80952
5.98095
8.9619
4.92381
7.82857
6.38095
5.61905
6.80952
7.13333
4.38095
5.30476
6.52381
5.91429
6.05714
6.06667
6.46667
6.20952
4.64762
10.9714
7.70476
5.18095
4.69524
7.75238
6.4
8.31429
4.26667
8.00952
4.41905
10.019
5.42857
7.1619
5.68571
7.44762
8.65714
4.44762
10.5429
5.57143
7.2381
12.781
4.34286
4.4381
8.67619
7.46667
7.41905
6.60952
4.62857
4.80952
7
4.5619
8.98095
4.57143
10.0667
5.41905
9.25714
4.70476
7.42857
6.64762
9.2381
4.66667
9.99048
10.0952
5.72381
11.8381
6.20952
4.08571
4.32381
8.71429
11.3714
7.74286
8.04762
6.33333
8.02857
4.17143
8.44762
5.40952
6.68571
7.34286
7.44762
8.0381
7.2381
5.41905
5.89524
7.55238
6.28571
5.12381
7.84762
8.77143
9.74286
10.5048
9.04762
11.3143
8.25714
10.1714
6.44762
5.7619
8.92381
4.69524
4.72381
4.44762
13.2476
7.19048
9.1619
6.74286
9.2
4.32381
5.48571
5.53333
6.60952
5.4
9.99048
9.4381
6.28571
7.4
4.58095
4.75238
4.46667
5.65714
7.27619
5.30476
6.4
9.94286
8.14286
10.1048
4.82857
4.33333
7.22857
4.84762
7.2
4.4381
4.12381
4.47619
7.88571
4.17143
4.46667
5.46667
5.91429
6.8
7.09524
5.9619
6.70476
6.89524
8.82857
9.0381
9.42857
7.8
6.17143
11.3238
6.40952
6.20952
5.82857
9.46667
6.91429
4.4381
6.04762
4.12381
8.46667
9.88571
9.86667
9.08571
5.99048
5.97143
4.60952
6.19048
6.11429
4.47619
4.12381
4.87619
7.33333
6.20952
9.34286
4.80952
6.72381
8.06667
6.5619
5.74286
6.38095
9.44762
5.79048
6.6
9.38095
7.94286
4.47619
10.0286
7.24762
7.45714
5.77143
5.90476
6.6381
5.09524
10.0762
10.2476
4.13333
4.73333
6.34286
8.08571
10.219
8.88571
7.6381
6.37143
6.58095
6.44762
9.15238
6.92381
9.31429
8.12381
5.41905
5.62857
6.64762
11.1143
5.28571
4.54286
7.28571
5.4381
6.92381
5.55238
7.29524
4.67619
6.21905
5.92381
6.1619
4.18095
9.51429
5.98095
7.1619
8.75238
4.42857
7.89524
7.94286
10.1905
9.34286
7.9619
6.90476
4.68571
4.30476
5.21905
6.82857
6.05714
7.26667
8.33333
10.1524
9.4
6.49524
4.3619
4.55238
5.93333
6.14286
5.4381
4.60952
5.3619
5.35238
7.7619
6.85714
5.01905
8.02857
9.51429
5.09524
11.0381
7.1619
8.28571
6.31429
8.34286
7.80952
9.39048
12.0571
9.6381
7.02857
7.00952
4.42857
7.57143
4.3619
5.92381
5.11429
5.1619
6.62857
8.50476
6.70476
7.38095
4.2
4.32381
7.11429
5.5619
9.39048
9.41905
5.27619
6.00952
7.64762
5.15238
7.10476
5.97143
6.31429
6.12381
4.31429
5.94286
5.91429
7.57143
7.39048
4.34286
4.45714
6.68571
5.19048
5.98095
5.38095
4.34286
7.61905
5.97143
7.47619
7.85714
10.0952
5.28571
4.37143
6.26667
9.69524
6.21905
4.52381
6.73333
6.60952
6.62857
8.30476
5.64762
8.08571
8.00952
6.60952
4.39048
7.10476
4.4381
4.66667
6.57143
5.12381
7.54286
8.11429
9.1619
5.6
4.41905
8.39048
4.38095
8.51429
8.5619
5.55238
9.4
8.09524
4.78095
4.38095
9.38095
4.93333
5.6
8.98095
9.26667
6.80952
5.58095
5.90476
7.9619
5.73333
4.2
9.58095
10.3143
9.8381
4.3619
5.74286
6.49524
8.1619
5.46667
6.68571
9.9619
11.1238
5.57143
10.0476
9.65714
4.54286
6.75238
9.3619
8.15238
4.6
7.51429
4.55238
6.86667
9.86667
6.05714
5.81905
7.46667
5.77143
5.2
8.46667
7.1619
5.2
7.2
6.61905
6.24762
5.80952
8.1619
4.32381
10.6857
5.6381
7.55238
6.73333
7.46667
4.73333
4.41905
4.21905
4.39048
8.82857
7.44762
5.44762
4.97143
5.45714
4.42857
9.86667
5.15238
6.77143
5.4
10.6857
8.29524
4.41905
6.14286
8.02857
8.31429
5.91429
4.28571
4.53333
4.82857
6.46667
4.77143
7.78095
11.2952
4.25714
9.92381
12.2571
4.33333
7.33333
6.42857
4.52381
6.34286
8.6
5.34286
6.78095
5.49524
9.02857
6.94286
8.37143
7.74286
8.81905
4.34286
10.181
7.06667
11.9905
4.28571
11.9714
10.8762
10.419
12.6762
5.88571
4.41905
5.34286
6.8381
5.46667
7.15238
7.6
5.19048
4.41905
4.31429
5.52381
4.55238
6.32381
10.5429
4.38095
4.4
7.98095
7.73333
10.2095
8.9619
10.7143
7.11429
5.38095
7.40952
8.17143
7.37143
8.69524
6.70476
7.85714
5.42857
8.5619
5.2381
4.55238
5.7619
4.40952
4.10476
4.61905
7.6
6.81905
4.1619
9.7619
9.88571
6.40952
7.25714
5.93333
7.6
7.33333
11.981
6.09524
6.37143
7.99048
9.66667
8.4381
4.62857
8.14286
5.70476
9.2381
7.93333
6.75238
8.3619
7.18095
5.40952
7.90476
5.8381
7.2
8.2
12.381
7.04762
10.6095
9.13333
5.8381
5.0381
4.34286
6.93333
8.24762
8.66667
6.2
8.74286
4.30476
6.19048
6
8.85714
6.71429
4.47619
10.2571
6.06667
8.38095
7.31429
6.04762
5.13333
4.33333
6.87619
4.53333
6.64762
4.52381
7.35238
4.8
4.52381
4.6
5.37143
13.7238
9.77143
6.27619
5.90476
5.87619
4.60952
6.5619
7.7619
8.30476
4.21905
4.57143
6.6
9.48571
6.42857
8.17143
6.77143
7.27619
6.55238
6.6381
7.5619
6.54286
6.91429
7.2
9.19048
4.30476
4.67619
7.49524
4.39048
7.0381
7.8
12.3524
10.1238
7.97143
6.12381
8.17143
9.24762
4.65714
4.09524
7.73333
4.45714
8.80952
5.75238
8.74286
7.53333
6.86667
8.22857
5.89524
4.4
8.89524
7.05714
5.13333
4.35238
5.68571
4.6
5.33333
6.53333
11.6762
7.87619
9.6381
6.25714
6
5.34286
10.0095
5.8381
7.65714
8.65714
6.87619
7.59048
7.68571
10.7238
6.18095
4.1619
5.78095
14.9714
8.04762
8.62857
9.14286
8.0381
5.17143
6.0381
5.94286
8.70476
4.52381
10.2095
11.381
8.66667
7.1619
8.72381
5.88571
6.55238
4.80952
7.7619
13.219
6.42857
4.40952
9.46667
7.33333
8.14286
4.51429
6.48571
7.12381
10.2571
8.3619
10.9905
7.59048
7.33333
5.97143
5.93333
8.15238
10.5714
6.12381
4.25714
7.46667
6.58095
8.5619
7.22857
5.28571
4.2
4.79048
4.28571
5.61905
5.28571
7.14286
5.3619
8.19048
4.62857
6.72381
4.94286
4.30476
4.21905
10.4286
4.18095
7.10476
4.68571
7.04762
7.73333
5.48571
6.19048
5.67619
9.41905
5.99048
8.06667
4.48571
10.4571
4.51429
8.7619
6.12381
4.27619
6.26667
8.89524
9.79048
6.20952
8.48571
8.3619
12.1429
6.0381
8.07619
4.38095
4.31429
4.26667
5.42857
9.25714
4.9619
8.55238
4.37143
4.58095
9.2381
7.3619
5.98095
9.47619
4.59048
4.74286
7.17143
8.24762
4.67619
6.2
5.73333
5.26667
5.80952
6.28571
8.57143
6.29524
5.22857
4.31429
4.60952
4.57143
7.82857
6.86667
6.74286
9.75238
7.01905
6.3619
5.0381
5.8
10.2476
6.14286
6.29524
5.68571
6.05714
7.99048
7.8
4.60952
5.75238
4.94286
7.99048
4.35238
13.3333
8.42857
4.9619
8.85714
4.51429
7.20952
4.65714
4.51429
7.74286
9.8
7.69524
8.27619
4.38095
5.74286
6.0381
5.10476
8.28571
9.09524
6.60952
5.78095
6.00952
8
5.07619
6.6
6.39048
5.70476
4.21905
4.59048
4.55238
5.74286
4.6
6.33333
6.72381
11.7333
4.40952
5.04762
5.00952
7.6381
6.00952
4.37143
7.11429
6.77143
6.17143
4.82857
5.66667
4.44762
4.44762
8.38095
6.61905
4.6381
6.22857
6.28571
8.95238
4.06667
4.82857
9.04762
5.95238
9.90476
5.57143
8.18095
6.25714
9.33333
10.581
9.24762
5.6381
6.75238
11.0476
6.99048
7.11429
11.6381
7.34286
7.60952
11.2
5.99048
4.41905
7.22857
7.60952
5.99048
4.32381
8.07619
6.32381
12.381
8.00952
6.26667
9.6
7.55238
10.3238
6.37143
7.60952
9.61905
7.38095
6.04762
8.94286
9.53333
7.13333
6.85714
8.6
7.88571
7.37143
5.88571
5.70476
10.1143
4.31429
5.51429
4.25714
4.45714
7.95238
9.59048
7.05714
7.66667
5.2
7.87619
4.34286
10.3048
9.52381
9.55238
10.381
5.77143
8.71429
6.29524
7.60952
8.24762
7.29524
4.34286
5.26667
5.84762
10.7048
7.91429
7.65714
8.98095
4.52381
4.09524
4.22857
8.14286
5.05714
7.1619
4.50476
7.34286
8.10476
6
6.92381
5.46667
9.4381
6.92381
7.94286
4.37143
9.22857
8.85714
7.72381
7.46667
9.18095
6.60952
4.72381
5.9619
6.49524
6.62857
9.72381
8.35238
7.8
9.22857
4.87619
5.27619
10.1714
4.62857
6.04762
4.85714
4.0381
5.46667
5.42857
4.50476
6.81905
4.69524
6.71429
4.15238
8.49524
6.44762
4.46667
7.8381
4.5619
6.01905
5.15238
7.7619
7.02857
6.39048
7.75238
4.50476
4.20952
4.31429
6.08571
6
7.32381
6.82857
4.51429
6.2381
7.0381
7.52381
5.19048
4.35238
7.73333
6.05714
4.25714
6.53333
7.75238
6.30476
6.20952
7.02857
7.49524
6.3619
4.74286
6.47619
10.6857
7.4
8.97143
7.34286
5.2
6.77143
4.22857
8.02857
4.95238
8.41905
5.27619
6.29524
6.81905
8.35238
5.18095
5.72381
9.61905
4.55238
7.34286
5.75238
6.72381
9.0381
6.3619
6.14286
5.34286
5.58095
6.2381
4.92381
6.04762
5.28571
5.72381
4.6
7.78095
10.9429
9.61905
8.2
11.2762
4.44762
5.78095
4.1619
6.20952
9.73333
7.02857
9.21905
8.55238
8.79048
8.33333
7.07619
6.94286
6.41905
8.1619
7.65714
4.31429
5.10476
7.2
15.2571
6.86667
7.20952
5.85714
5.34286
8.34286
5.8
4.30476
7.75238
9.38095
6.51429
10.8
4.61905
5.19048
6.84762
6.95238
4.77143
7.94286
6.21905
18.8571
8.30476
6.37143
9.88571
7.54286
6.72381
7.67619
5.19048
7.78095
5.04762
6.68571
4.80952
7.65714
6.71429
8.45714
8.15238
10.2095
5.98095
4.27619
5.73333
4.30476
8.10476
9.54286
5.02857
8.48571
4.3619
6.12381
8.35238
7.33333
6.47619
7.4381
4.6
4.84762
5.73333
5.6
5.78095
7.91429
5.84762
7.26667
5.13333
8.82857
4.55238
4.62857
4.82857
5.31429
6.00952
6.87619
5.52381
8.40952
6.00952
4.41905
4.3619
4.57143
4.28571
4.35238
5.75238
8.33333
11.4667
4.52381
6.4
6.50476
8.71429
6.8
5.98095
10.2095
4.44762
9.67619
11.9619
9.48571
8.60952
4.27619
4.4381
4.26667
4.34286
10.4381
12.5143
8.84762
11.4952
5.34286
12.019
8.60952
9.07619
7.0381
9.4
4.40952
10
4.48571
9.47619
7.01905
7.60952
8.29524
6.34286
4.47619
7.6
4.87619
4.19048
5.24762
4.59048
4.69524
7.37143
5.64762
9.85714
4.91429
8.50476
11.5143
4.51429
8.68571
8.33333
6.72381
4.38095
5.69524
7.50476
6.27619
5.31429
5.38095
7.17143
5.92381
8.32381
9.95238
11.8095
5.74286
7.15238
6.01905
10.819
7.8
6.07619
6.3619
5.01905
6.79048
7.44762
6.53333
6.25714
7.38095
18.1714
7.50476
4.40952
4.71429
4.74286
6.45714
7.99048
4.52381
6.38095
4.78095
4.17143
6.84762
5
7.44762
4.09524
9.2
8.58095
4.31429
5.40952
5.77143
11.3238
4.78095
7.00952
7.97143
6.02857
6.34286
10.2762
9.75238
6.18095
6.95238
4.58095
4.33333
4.50476
5.72381
9.47619
6.57143
6.24762
7.97143
4.8
5.19048
6.80952
7.53333
5.2
6.0381
10
6.21905
4.29524
6.06667
8.70476
7.54286
7.41905
4.5619
5.48571
4.14286
4.51429
7.47619
7.92381
4.88571
7.69524
6.57143
9.95238
4.24762
4.39048
4.35238
4.08571
9.82857
8.37143
5.9619
4.55238
4.58095
7.37143
5.81905
5.53333
4.6
4.37143
6.6
6.18095
4.26667
6.88571
6.60952
8.38095
6.02857
4.91429
8.38095
4.61905
9.21905
7.66667
9.85714
6.69524
8.09524
4.78095
8.42857
6.3619
7.45714
7.01905
7.37143
6.48571
6.64762
6.32381
10.1143
9.61905
4.91429
5.87619
8.17143
5.62857
7.4
5.95238
4.2381
6.57143
4.54286
7.29524
6.88571
5.66667
7.4381
6.5619
7.01905
4.41905
11.1429
4.49524
4.2381
6.28571
7.8381
8.97143
4.06667
6.64762
8.05714
8.3619
11.7333
4.47619
4.4
8.74286
5.52381
8.10476
5.80952
5.2381
6.24762
9.78095
7.08571
7.6381
6.00952
8.66667
6.25714
8.13333
7.94286
6.92381
4.4381
8.25714
5.12381
7.3619
7.65714
4.18095
4.28571
4.40952
4.81905
4.11429
9.69524
7.22857
6.6
6.41905
5.9619
6.57143
7.46667
3.44762
3.85714
6.06667
5.87619
5.4
5.10476
5.80952
3.2381
5.34286
3.13333
6.20952
7.22857
8.05714
5.00952
3.66667
3.47619
5.31429
3.10476
5.33333
3.39048
3.34286
3.20952
6.14286
6.21905
3.92381
7.7619
4.75238
4.93333
9.62857
7
4.60952
3.09524
3.41905
5.2
7.74286
4.44762
6.98095
4.31429
4.91429
5.12381
5.99048
3.25714
4.57143
7.29524
6.59048
7.99048
5.47619
4.65714
5.17143
4.22857
7.08571
7.73333
4.54286
6.17143
5.62857
3.57143
3.20952
4.01905
5.86667
6.24762
3.31429
4.32381
6.0381
8.89524
3.50476
8.00952
7.8381
3.52381
3.45714
3.32381
10.5333
5.02857
5.94286
7.97143
4.62857
5.54286
5.28571
6.93333
10.3619
9.12381
6.99048
7.61905
9.14286
4.64762
4.65714
5.82857
3.11429
3.35238
5.19048
3.85714
5.82857
3.4
3.21905
3
5.37143
5.12381
3.30476
5.09524
4.46667
3.37143
6.22857
6.13333
4.92381
3.08571
5.60952
7.7619
3.42857
3.71429
5.34286
8.49524
7.58095
3.4
5.31429
4.90476
5.75238
3.53333
3.28571
4.79048
3.10476
4.60952
6.01905
4.24762
5.34286
4.87619
7.32381
3.57143
4.68571
4.66667
5.61905
5.47619
5.90476
4.65714
3.99048
5.73333
5.31429
5.07619
3.3619
3.20952
3.6381
5.37143
5.30476
3.3619
9.68571
5.98095
6.26667
3.20952
7.65714
3.07619
6.02857
3.3619
3.61905
4.70476
4.2381
3.38095
5.25714
4.62857
4.97143
4.07619
5.26667
5.1619
3.4
3.68571
3.32381
8.9619
7.59048
4.99048
3.60952
5.2
5.6381
6.9619
5.84762
6.84762
3.26667
8.65714
9.7619
3.51429
4.74286
6.49524
4.38095
7.12381
5.41905
6.51429
4.06667
6.4
3.50476
5.41905
3.50476
3.04762
3.4381
6.87619
3.15238
4.91429
5.29524
3.48571
6.09524
17.381
4.33333
4.4
3.51429
7.08571
3.71429
5.61905
3.3619
5.78095
3.4
6.66667
6.64762
4.61905
7.52381
5.15238
4.45714
4.86667
4.93333
3.25714
5.21905
5.08571
7.4
5.29524
8.48571
6.2
3.12381
8
4.20952
6.06667
3.51429
3.21905
5.60952
5.00952
5.72381
3.18095
5.37143
6.98095
6.72381
5.10476
4.97143
4.47619
5.26667
6.68571
7.2
5.5619
3.53333
3.10476
8.39048
7
5.68571
3.54286
7.51429
4.78095
5.30476
3.4
11.7619
3.18095
7.48571
3.2
6.01905
5.50476
12.8286
3.3619
4.73333
3.10476
4.46667
6.00952
10.4762
3.79048
3.18095
9.57143
4.91429
3.39048
7.4381
8.24762
5.6381
6.90476
5.4
7.0381
5.05714
5.08571
7.18095
10.0762
5.31429
5.8381
3.50476
3.18095
6.0381
4.99048
8.50476
5.35238
3.2
3.28571
3.26667
3.0381
6.2
3.72381
6.24762
3.37143
5.29524
5.11429
7.28571
4.49524
7.80952
5.78095
5.12381
3.30476
6.54286
6.64762
4.55238
4.11429
3.14286
6.02857
6.19048
5.22857
7.02857
3.21905
7.18095
3.24762
3.24762
5.73333
3.47619
3.6
7.9619
3.40952
3.20952
3.04762
3.15238
3.68571
3.34286
6.14286
3.30476
3.54286
3.2381
3.30476
3.65714
4.99048
5.18095
3.58095
5.13333
8.65714
3.54286
5.57143
7.79048
4.33333
6.00952
3.3619
8.02857
4.90476
3.47619
7.14286
4.08571
4.62857
6.67619
3.50476
5.67619
4.9619
6.31429
5.40952
5.92381
8.07619
8.11429
3.32381
8.09524
4.27619
6.97143
10.2095
9.82857
5.65714
4.29524
5.71429
3.05714
3.3619
3.34286
4.9619
5.80952
3.1619
5.85714
3.02857
8.50476
5.84762
7.21905
6
8.38095
9.45714
3.26667
5.42857
3.22857
5.60952
7.14286
6.39048
3.24762
6.61905
3.18095
4.61905
4.24762
5.46667
10.0476
8.48571
6.19048
5.41905
27.7143
6.53333
6.15238
3.44762
3.14286
3.33333
4.20952
6.59048
7.34286
7.06667
5.84762
6.8
3.31429
5.91429
3.38095
3.22857
3.28571
3.19048
9.68571
3.6381
7.8
4.95238
7.15238
4.95238
6.40952
4.85714
5.26667
5.20952
4.4
3.2381
7.67619
6.98095
9.26667
3.15238
3.19048
5.84762
4.52381
7.48571
4.6
4.98095
5.48571
6.4
8.05714
3.77143
3.58095
5.65714
5.07619
3.38095
6.62857
3.0381
8.80952
6.59048
5.00952
3.32381
6.88571
3.55238
5.62857
3.79048
3.38095
6.20952
4.82857
5.10476
4.54286
6.52381
5.95238
5.24762
3.4
5.11429
5.8381
7.2381
5.78095
8.47619
6.11429
3.32381
4.84762
3.35238
6.29524
5.2381
6.42857
3.74286
4.18095
4.70476
4.98095
3.44762
3.77143
3.19048
4.97143
4.52381
4.04762
6.0381
7.01905
5.10476
4.06667
4.66667
6.41905
4.73333
3.2
5.84762
4.7619
3.48571
4.18095
3.06667
3.07619
8.46667
7.72381
4.82857
4.78095
4.6381
9.22857
3.07619
7.48571
4.66667
7.00952
6.77143
6.21905
4.2381
4.64762
5.62857
4.66667
3.2381
8.8
7.58095
7.22857
5.5619
6.6381
7.68571
8.19048
4.77143
7.02857
8.97143
4.15238
7.67619
6.5619
4.94286
5.04762
6.11429
3.2
3.21905
9.31429
3.19048
3.39048
3.61905
7.24762
3.64762
6.11429
3.6381
4.29524
4.62857
3.4
3.6381
4.91429
3.34286
5.08571
7.46667
3.39048
3.22857
4.1619
5.53333
3.38095
4.86667
4.77143
6.07619
3.11429
3.10476
3.47619
7.11429
3.13333
3.50476
4.09524
3.14286
3.57143
3.28571
5.02857
3.2
7.35238
5.31429
7.8
4.42857
5.46667
4.71429
5.27619
7.42857
4.42857
3.26667
3.42857
3.3619
4.64762
4.60952
4.67619
7.58095
10.0762
5.04762
3.13333
9.05714
6.15238
4.62857
3.2
3.54286
3.37143
3.1619
4.82857
5.81905
8.49524
3.19048
7.14286
6.99048
8.57143
4.66667
6.91429
5.11429
7.0381
7.51429
3.2381
3.47619
3.19048
5.72381
5.95238
5.15238
4.74286
6.60952
6.8381
3.6
4.88571
6.00952
3.34286
3.87619
5.48571
7.41905
3.2
12.4857
4.65714
6.66667
6.4
6.42857
7.39048
3.20952
5.20952
3.4
3.00952
3.30476
5.17143
8.1619
3.26667
5.6381
6.90476
3.73333
3.39048
3.27619
5.72381
6.2381
5.94286
4.59048
6.53333
3.65714
4.53333
3.85714
5.5619
8.21905
5.77143
4.60952
4.46667
5.78095
5.6381
3.14286
3.06667
4.90476
4.00952
4.94286
4.50476
3.04762
8.37143
4.75238
3.18095
3.17143
5.22857
3.4381
6.31429
7.66667
3.61905
3.08571
3.11429
3.48571
5.89524
4.54286
5.44762
3.51429
8.0381
4.9619
6.48571
3.42857
6.04762
3.25714
3.24762
4.04762
5.45714
3.35238
3.31429
5.2381
5.84762
5.20952
3.66667
5.0381
4.92381
3.54286
3.20952
4.07619
9.72381
3.97143
3.69524
3.32381
4.51429
7.31429
4.49524
5.17143
3.30476
7.95238
3.5619
4.4381
7.72381
3.39048
7
3.24762
6
5.18095
3.12381
6.70476
3.20952
5.9619
6.32381
3.13333
3.95238
3.39048
8.00952
6.41905
4.73333
3.31429
7.85714
3.57143
4.8
5.09524
6.73333
3.46667
3.38095
5.09524
3.14286
3.44762
10.0952
3.11429
7.01905
3.66667
9.04762
3.78095
5.90476
6.09524
4.99048
3.26667
3.6381
3.21905
9.4
7.79048
6.25714
6.00952
3.11429
4.98095
6.1619
3.66667
6.80952
9.35238
3.31429
6.25714
3.11429
6.61905
8.6
5.39048
3.95238
5.6
6.49524
5.60952
10.3619
7.30476
4.86667
3.42857
3.20952
3.42857
3.60952
5.28571
9.18095
3.09524
3.62857
3.44762
3.1619
3.22857
3.24762
7.06667
3.27619
3.31429
7.15238
3.35238
9.30476
7.60952
6.55238
8.54286
5.30476
3.24762
5.4381
3.11429
7.13333
5.2381
5.27619
3.06667
5.30476
5.8
3.32381
3.0381
3.34286
6.34286
6.39048
3.29524
7.38095
3.2
6.9619
6.47619
3.26667
3.55238
5.81905
5.32381
6.5619
5.8381
6.20952
5.35238
3.21905
5.2381
7.21905
5.07619
3.18095
7.93333
5.13333
3.26667
3.28571
4.71429
4.24762
3.3619
3.47619
5.40952
7.72381
3.11429
3.13333
8.2381
5.77143
5.14286
6
7.02857
7.0381
6.87619
4.75238
7.8381
4.51429
3.38095
3.42857
3.17143
3.10476
7.05714
3.26667
3.35238
3.50476
5.87619
7.77143
4.33333
7.4381
5.98095
5.32381
6.72381
4.9619
4.3619
5.22857
3.4381
4.38095
4.48571
5.24762
6.18095
4.45714
7.59048
6.67619
5.07619
5.41905
6.84762
3.4381
5.54286
6.92381
3.35238
7.93333
6.08571
8.13333
4.4
9.4381
3.28571
4.78095
6.57143
6.3619
4.70476
4.75238
3.11429
3.32381
5.21905
8.99048
7.86667
3.46667
4.85714
5.52381
3.97143
7.04762
5.77143
8.2
7.12381
8.14286
7.25714
6
7.2
6.18095
3.17143
6.14286
5.48571
3.22857
7.98095
8.35238
5.66667
4.47619
4.41905
3.37143
7.97143
8.08571
7.60952
3.20952
4.78095
3.80952
3.08571
4.58095
6.60952
3.29524
3.34286
8.2
6.15238
7.3619
3.2
3.2
3.24762
4.89524
4.24762
3.00952
5.59048
3.94286
3.19048
3.29524
4.2
5.21905
5.80952
7.04762
5.52381
6.24762
5.37143
11.8286
3.48571
4.34286
7.28571
3.18095
3.11429
3.12381
7.08571
5.15238
3.35238
3.52381
4.42857
3.18095
3.39048
4.37143
4.81905
5.67619
3.15238
4.62857
4.8
4.9619
3.12381
5.51429
5.29524
6.25714
6.08571
6.01905
5.26667
4.87619
8.29524
5.67619
5.18095
3.30476
5.55238
3.15238
3.11429
4.57143
7.82857
4.33333
3.12381
3.24762
3.74286
5.37143
3.48571
3.37143
6.73333
7.22857
6.35238
5.2
3.94286
4.98095
5.51429
5.90476
4.8
6.59048
5.07619
5.06667
3.20952
7.13333
3.6
5.06667
6.09524
5.67619
7.08571
5.39048
6.98095
8.07619
3.2
4.53333
6.34286
6.15238
3.33333
5.00952
5.51429
7.01905
5.55238
3.30476
9.54286
3.12381
3.17143
3.60952
3.38095
3.42857
6.49524
5.49524
4.8
4.74286
4.3619
6.74286
8.11429
6.11429
8.26667
3.39048
3.1619
3.31429
5.24762
5.28571
7.06667
4.92381
3.71429
5.9619
3.38095
7.52381
5.20952
6.74286
3.07619
7.99048
6.93333
5.65714
4.46667
4.73333
7.60952
3.6
3.22857
7.45714
4.31429
4.99048
4.92381
7.46667
3.0381
4.6381
10.1429
3.31429
5.32381
3.3619
3.06667
5.29524
6.87619
4.79048
5.50476
8.25714
4.6
6.13333
5.39048
7.85714
3.35238
3.2
3.66667
6.52381
3.37143
5.05714
5.17143
7.77143
3.20952
6.3619
5.01905
4.93333
3.29524
8.19048
12.2381
6.2381
5.66667
6.2381
7.3619
4.95238
6.67619
9.40952
6.13333
5.9619
8.87619
7.04762
7.40952
5.58095
6.9619
6.82857
4.50476
6.06667
3.2381
5.00952
7.29524
5.18095
7.53333
8.00952
6.02857
6.65714
9.26667
5.66667
3.37143
5.97143
7.89524
3.49524
4.87619
5.46667
6.78095
6.13333
4.49524
9.90476
3.32381
5.09524
3.47619
6.52381
5.21905
3.21905
3.24762
7.22857
4.90476
5.6381
3.15238
11.0476
8.53333
5.28571
3.45714
5.74286
6.66667
3.37143
8.19048
4.94286
3.25714
5.10476
6.81905
3.18095
6.05714
4.5619
4.39048
5.08571
3.2381
5.74286
6.46667
8.33333
8.6381
3.14286
3.27619
4.72381
8.02857
3.93333
6.4381
3.60952
3.62857
8.00952
3.35238
3.19048
10.1048
5.95238
5.71429
8.73333
7.79048
5.42857
3.79048
6.66667
5.58095
8.90476
4.47619
4.14286
5.49524
7.3619
6.6
3.52381
4.6381
7.13333
6.07619
3.2
4.29524
4.70476
3.24762
8.2381
3.29524
5.20952
8.53333
6.60952
8.52381
5.24762
3.30476
6.62857
4.49524
4.67619
4.8
7.67619
6.4
5.02857
3.62857
3.50476
3.54286
3.18095
4.99048
5.85714
5.06667
3.59048
6.62857
3.33333
4.8
3.31429
3.61905
3.54286
5.3619
6.09524
6.37143
4.99048
3.26667
6.5619
3.1619
6.50476
3.30476
7.85714
9.53333
4.37143
3.25714
9.38095
8.02857
3.2381
3.26667
5.60952
8.22857
7.34286
3.2
5.6381
3.40952
10.2571
5.77143
8.44762
5.58095
7.39048
3.4
3.41905
5.51429
3.10476
6.3619
7.98095
5.85714
6.87619
5.37143
6.42857
6.51429
4.64762
3.02857
10.5333
6.31429
3.55238
5.31429
6.6
3.1619
3.24762
4.49524
5.91429
3.32381
10.4286
6.12381
3.28571
5.06667
7.02857
5.35238
4.71429
5.78095
5.58095
3.57143
4.51429
6.17143
4.8
4.84762
6.8381
3.35238
7.41905
5.73333
6.40952
5.69524
3.42857
6.28571
5.17143
3.50476
5.7619
8.57143
6.93333
3.2
4.60952
3.13333
6.47619
3.33333
5.66667
5.52381
5.06667
3.33333
6.02857
3.69524
8.55238
3.54286
7.97143
5.57143
3.41905
3.24762
5.13333
3.47619
6.31429
8.11429
5.37143
3.17143
3.18095
5.59048
5.31429
6.25714
3.58095
6.4
3.61905
4.64762
10.9524
6.41905
7.4
6.32381
4.40952
3.11429
4.70476
8.30476
3.53333
5.0381
3.28571
3.45714
9.52381
5.29524
3.72381
4.49524
3.28571
6.61905
3
6.24762
7.09524
4.35238
4.75238
5.33333
7.95238
4.79048
6.8
5.5619
3.21905
3.11429
3.09524
4.66667
5
4.93333
3.1619
6.14286
5.5619
3.3619
3.15238
4.69524
3
3.28571
3.24762
5.4
6.05714
3.61905
3.6381
5.4
6.10476
5.00952
3.04762
7.42857
6.85714
3.34286
3.62857
3.46667
5.46667
3.15238
3.17143
7.05714
3.18095
3.26667
3.48571
7.93333
3.15238
3.26667
8.28571
3.09524
4.66667
5.31429
4.94286
4.45714
3.93333
4.9619
7.89524
5.2
6.80952
6.28571
5.77143
9.09524
6.17143
5.66667
5.80952
6.44762
4.72381
5.47619
3.28571
3.5619
4.72381
5.35238
5.05714
3.24762
3.18095
4.93333
5.17143
5.26667
3.97143
4.54286
4.58095
4.79048
5.87619
3.11429
3.51429
9.71429
5.58095
5.18095
6
4.26667
5.48571
6.21905
3.20952
3.38095
6.47619
5.38095
3.10476
3.33333
4.4
10.8
5.58095
5.2381
9.75238
7.71429
5.4381
3.2
3.1619
3.40952
5.50476
5.38095
5.75238
3.0381
4.71429
4.49524
9.51429
6.7619
7.24762
5.80952
3.37143
3.2
6.75238
4.94286
7.98095
9.28571
5.27619
5.26667
8.11429
6.24762
5.6381
5.25714
3.20952
3.10476
3.52381
3.45714
4.0381
3.26667
3.27619
7.3619
6.81905
6.95238
7.69524
4.22857
6.64762
3.2381
7.19048
7.58095
4.9619
4.15238
9.2381
6.07619
3.20952
4.69524
7.18095
9.28571
3.05714
5.11429
3.38095
6.9619
3.38095
3.48571
5.17143
3.49524
4.95238
3.21905
5.27619
6.79048
3.27619
3.58095
3.55238
5.68571
4.48571
5.48571
3.4
3.27619
3.57143
4.29524
3.82857
7.6381
5.11429
3.3619
9.15238
5.59048
3.19048
9.61905
6.84762
4.89524
3.79048
6.77143
5.47619
6.12381
5.1619
7.18095
4.24762
4.3619
7.84762
3.41905
5.00952
5.20952
5.37143
5.4381
5.62857
3.22857
6.2
8
3.37143
7.77143
3.04762
3.77143
7.04762
4.74286
6.17143
3.37143
3.58095
6.66667
6.39048
7.51429
7.69524
6.05714
3.49524
3.27619
6.84762
3.47619
3.11429
4.80952
5.22857
8.42857
4.1619
9.05714
3.4381
3.90476
5.84762
4.57143
3.72381
5.48571
4.89524
6.05714
4.8381
4.8381
3.09524
5.52381
9.71429
3.19048
6.75238
6.60952
3.34286
7.54286
6.95238
5.55238
7.02857
3.59048
7.8381
3.31429
4.80952
6.95238
5.5619
3.42857
5.80952
10.5238
5.50476
7.20952
5.69524
4.74286
7.94286
3.38095
4.67619
3.51429
4.98095
3.39048
9.24762
3.30476
5.07619
3.58095
3.26667
3.21905
4.97143
5.79048
5.01905
8.21905
4.35238
5.04762
4.89524
6.60952
4.80952
4.7619
5.22857
7.97143
5.7619
3.10476
4.25714
8.7619
3.48571
4.81905
5.95238
3.33333
4.82857
5.09524
8.17143
3.47619
6.22857
3.22857
4.72381
9.27619
4.9619
3.24762
7.20952
3.48571
3.64762
5.59048
3.37143
6.74286
4.2381
3.25714
3.08571
6.5619
7.24762
5.50476
5.06667
4.58095
8.29524
3.7619
3.37143
3.4381
3.89524
4.88571
3.17143
6.55238
4.46667
3.49524
3.10476
3.11429
8.02857
4.21905
4.48571
3.20952
3.17143
7.45714
4.00952
3.2
5.14286
3.49524
3.17143
7.11429
3.2
6.6
4.51429
7.40952
7.6
5.0381
5.22857
4.85714
9.9619
8.18095
3.4
5.97143
3.21905
7.54286
5.8
3.40952
5.66667
8.6
3.27619
9.72381
5.45714
5.04762
3.15238
4.37143
3.27619
4.64762
7.30476
6.10476
6.37143
7.0381
3.45714
5.32381
3.17143
7.81905
8.4
3.25714
3.57143
3.57143
4.66667
5.6
10.0667
6.91429
9.60952
7.06667
3.58095
5.3619
7.9619
4.37143
7.94286
6.61905
8.39048
5.87619
3.31429
4.80952
5.07619
5.07619
5.01905
6.40952
5.27619
4.78095
6.31429
3.79048
3.55238
6.94286
8.07619
3.11429
7.78095
3.3619
6.9619
3.90476
5.31429
4.82857
5.48571
5.48571
7.48571
5.41905
5.10476
3.44762
5.97143
5.89524
7.2381
6.1619
5.68571
7.85714
6.94286
3.17143
7.29524
4.8
7.38095
3.67619
3.15238
4.46667
5.85714
4.81905
4.98095
5.2
5.27619
3.32381
3.89524
4.82857
5.3619
6.67619
3.37143
7.42857
5.68571
6.64762
7.59048
5.88571
3.45714
3.41905
5.17143
3.42857
5.7619
3.4
7.17143
6.05714
3.70476
3.4
3.54286
4.85714
3.39048
5.00952
10.2381
7.58095
5.17143
8.37143
4.86667
5.86667
4.67619
5.31429
5.80952
7.22857
6.14286
5.68571
6.55238
3.18095
5.75238
3.81905
5.91429
6.07619
3.34286
3.21905
8.61905
4.92381
3.65714
3.17143
3.22857
5.33333
3.01905
6.35238
3.35238
3.50476
3.31429
5.48571
3.2
4.68571
7.50476
3.99048
3.74286
6.09524
5.34286
4.37143
7.05714
7.21905
5.05714
5.04762
5.5619
6.21905
3.3619
4.77143
4.6
3.86667
3.08571
6.73333
5.07619
4.66667
3.06667
6.54286
6.20952
6.45714
5.77143
6.41905
7
8.7619
4.59048
5.25714
3.39048
5.8
6.14286
6.22857
3.27619
3.37143
4.93333
5.08571
3.22857
3.4
9.47619
7.08571
6.94286
5.1619
3.18095
6.34286
3.33333
4.53333
4.6
9.46667
6.07619
5.3619
3.85714
8.20952
4.73333
5.07619
8.11429
4.68571
6.97143
3.87619
9.1619
3.24762
5.75238
3.29524
5.19048
3.58095
6.31429
3.2381
7.31429
3.4381
6.39048
3.68571
8
4.7619
3.47619
5.22857
7.5619
6.74286
3.55238
3.29524
8.04762
3.35238
5.49524
5.49524
5.57143
3.27619
3.80952
6.34286
5.77143
8.73333
3.58095
4.84762
3.04762
5.87619
4.87619
4.72381
10.6476
7.17143
6.58095
3.4381
4.25714
3.8
7.37143
3.72381
3.50476
5.99048
3.28571
3.68571
5.5619
5.85714
3.8381
3.40952
3.34286
5.89524
3.52381
3.34286
6.70476
4.59048
5.94286
4.46667
4.88571
3.45714
3.21905
5.44762
4.20952
4.35238
7.59048
5.39048
4.30476
4.34286
5.19048
3.28571
7.89524
7.61905
5.72381
5.44762
3.39048
3.26667
3.12381
7.45714
3.15238
16.8381
3.47619
5.46667
6.7619
4.86667
3.22857
5.97143
3.22857
5.08571
3.1619
6.4
7.17143
4.85714
3.4
4.57143
3.34286
3.31429
4.42857
5.59048
3.30476
5.2381
3.37143
4.86667
3.30476
5.05714
7.2381
7.71429
6.42857
5.37143
5.17143
3.38095
4.80952
6.09524
3.20952
5.02857
4.97143
7.15238
9.1619
5.10476
8.85714
6.70476
3.49524
4.62857
4.6381
8.46667
3.20952
7.32381
4.95238
4.57143
7.31429
6.60952
3.30476
3.21905
5.68571
3.4
6.18095
3.34286
3.22857
5.34286
4.8
5.26667
4.92381
7.07619
5.84762
5.32381
9.01905
3.13333
4.3619
4.98095
7.19048
3.11429
6.25714
5.42857
4.26667
4.64762
5.2381
5.97143
7.1619
4.5619
6
4.2
8.20952
8.08571
4.93333
7.28571
7.7619
4.89524
3.14286
3.38095
8.6381
7.22857
6.68571
4.65714
4.69524
4.90476
5.00952
4.10476
3.4
3.4381
6.44762
9.35238
3.53333
3.35238
3.25714
3.20952
3.22857
5.70476
3.61905
6.04762
5.52381
5.80952
6.99048
5.28571
4.75238
6.90476
5.8381
3.11429
3.26667
5.24762
3.31429
3.31429
8.05714
4.70476
6.11429
3.30476
3.41905
4.86667
3.04762
5.14286
3.25714
6.84762
3.21905
8.55238
5.30476
6.2
6.04762
5.07619
3.62857
5.34286
3.50476
6.11429
7.21905
6.4381
4.59048
3.39048
8.02857
7.06667
3.27619
3.39048
3.04762
4.94286
5.19048
4.27619
3.06667
4.27619
6.64762
7.28571
6.39048
4.84762
3.24762
4.50476
5.2
6.08571
4.32381
7.42857
5.54286
6.58095
7.69524
6.69524
5
6.75238
8.6
5.58095
4.59048
8.08571
8.2
5.58095
6.37143
6.01905
5.93333
3.75238
5.11429
5
5.4381
8.4381
7.28571
6.04762
5.0381
5.47619
4.75238
5.34286
4.70476
4.15238
4.78095
4.79048
8.9619
6.10476
4.4
3.57143
5.28571
7.92381
9.12381
4.81905
5.46667
6.99048
4.14286
5.02857
4.90476
5.01905
7.10476
4.60952
4.86667
3.4
3.20952
3.25714
8.6381
4.75238
3.08571
5.25714
3.06667
4.91429
7.41905
7.99048
6.52381
4.68571
4.93333
4.14286
3.3619
6.45714
5.49524
5.8
9.50476
4.66667
5.35238
4.64762
3.11429
5.77143
3.24762
3.58095
3.15238
5.70476
4.11429
5.8
3.54286
3.35238
3.35238
3.19048
3.0381
3.15238
3.34286
5.3619
3.7619
7.1619
6.80952
6
6.20952
8.35238
6.62857
10.4762
6.55238
8.35238
8.80952
3.8381
5.57143
6.54286
3.89524
4.60952
3.37143
5.57143
7.44762
8.64762
3.44762
7.93333
3.06667
7.80952
8.17143
3.35238
6.0381
3.2
5.34286
4.80952
6.2381
8.35238
5.20952
5.09524
7.05714
3.25714
3.33333
4.88571
5.68571
6.05714
4.80952
3.11429
8.2381
4.38095
9.42857
6.80952
3.26667
4.49524
8.81905
5.97143
4.87619
4.38095
5.4
9.42857
4.6381
3.4
5.1619
8.50476
7.37143
7.10476
6.66667
5.90476
6.45714
8.33333
4.98095
5.6
6.05714
3.2
3.31429
4.67619
3.38095
6
3.87619
4.44762
6.48571
5.06667
3.26667
4.59048
3.27619
6.29524
6.98095
5.48571
3.44762
3.12381
3.31429
8.00952
4.52381
9.42857
5.94286
3.15238
3.41905
5.86667
6.3619
7.50476
5.74286
4.54286
3.58095
3.09524
4.95238
5.10476
3.34286
3.64762
3.53333
5.2
3.28571
3.94286
5.72381
7.57143
6.67619
5.1619
5.15238
3.27619
4.64762
3.40952
5.35238
7.72381
8.00952
4.72381
5.28571
3.26667
3.34286
5.64762
5.15238
8.57143
8.79048
3.1619
4.97143
8.55238
6.91429
5.09524
5.50476
5.4381
3.80952
6.4
7.22857
3.15238
5.71429
3.53333
3.58095
6.3619
5.6381
3.74286
3.40952
5.40952
6.67619
3.20952
5.09524
3.24762
4.71429
3.18095
5.70476
9.64762
9.66667
3.68571
6.50476
4.80952
5.59048
5.2381
5.94286
6.60952
7.8381
2.00952
5.44762
4.73333
3.53333
2.00952
2.32381
2.01905
3.80952
2.12381
2.18095
4.06667
3.82857
2.24762
4
2.34286
4.10476
2.17143
4.2
5.26667
2.3619
2.91429
2.93333
2.57143
2.37143
2.34286
4.35238
4.20952
2.10476
7.50476
2.79048
2.13333
2.32381
2.21905
3.66667
2.10476
2
3.69524
2.18095
2.55238
2.38095
3.89524
2.06667
2.07619
4.01905
2.42857
2.19048
3.42857
4.81905
3.41905
4.14286
2.15238
2.17143
5.61905
2.28571
4.02857
2.19048
5.00952
2.38095
2.21905
2.07619
3.95238
2.26667
2.10476
5.78095
2.60952
8.28571
19.6952
3.7619
6.10476
3.44762
4.00952
2.12381
5.14286
7.06667
2.4
2.38095
2.19048
2.42857
2.2
3.82857
2.14286
2.28571
5
2.20952
2.18095
2.15238
3.73333
2.09524
4.93333
7.02857
6.7619
5.81905
5.2381
2.24762
4.89524
2.06667
3.54286
4.44762
4.46667
8.57143
2.06667
3.4
2.06667
4.22857
3.35238
2.35238
2.60952
5.40952
2.26667
2.28571
3.46667
4
2.05714
2.02857
2.11429
2.2
2.12381
2.77143
4.80952
3.38095
2.2
2.20952
4.01905
4.54286
5.00952
2.24762
2.60952
5.6
4.39048
1.14286
3.13333
1
3.59048
4.58095
1.18095
2.93333
1.35238
1.06667
1.00952
1.14286
3.59048
3.01905
1.24762
3.0381
1.17143
1.59048
1.08571
1.2381
3.94286
2.4381
1.18095
1
2.4381
2.93333
1.2
3.47619
1
1
1.00952
1.05714
1.06667
1
1.64762
5.47619
1.11429
1
1.28571
1.08571
2.80952
1.54286
3.75238
5.01905
2.87619
1.10476
1.0381
4.13333
1.12381
1.14286
1.09524
1.06667
4.47619
3.39048
1.10476
1.29524
3.19048
1.09524
1.07619
1.06667
4.11429
2.79048
1.88571
3.39048
1.00952
1.31429
1.09524
1.05714
3.67619
4.01905
1.15238
2.25714
2.88571
1.11429
1.27619
1.2381
1.00952
1.55238
1.00952
1.22857
1.18095
1.08571
3.9619
1
1.17143
1.10476
1.05714
1
1.10476
1.14286
4.22857
1.04762
1.19048
4.29524
4.91429
2.65714
4.54286
1.10476
3.97143
1.00952
1.08571
3.31429
4.57143
1.02857
1.09524
4.19048
1
1.18095
3.75238
1.01905
1.06667
1.02857
1.0381
3.73333
4.06667
1.2381
3.98095
1
1.20952
3.45714
1.08571
4.21905
1.08571
1.09524
1.13333
3.31429
1.2
2.31429
4.51429
1.00952
1.02857
1.00952
1.04762
2.77143
1.29524
1.10476
1.2381
1.15238
1
4.3619
1.2
3.52381
1.14286
3.42857
1.21905
1.48571
1.30476
4.41905
2.93333
1.5619
1.13333
3.99048
5.05714
3.82857
1.25714
1.11429
1.13333
1.12381
1
1.07619
1.51429
1.02857
1.28571
2.81905
4.04762
1.04762
1.40952
1.10476
3.51429
3.24762
1.19048
1.00952
1.08571
3.73333
3.94286
2.8
1.01905
3.80952
1.06667
1.04762
1.13333
1.01905
1.11429
1.0381
1.1619
1.04762
3.60952
3.10476
3.09524
1.11429
1.28571
1.0381
1.00952
2.84762
3.54286
3.4
1.01905
3.67619
1.10476
4.62857
3.7619
1.0381
1.48571
1
2.75238
1.02857
1.28571
3.27619
4.21905
1.02857
1.14286
1.01905
1.20952
1.38095
1.68571
3.64762
1.19048
2.5619
3.3619
1.00952
1.09524
1
1
3.19048
1.06667
1.22857
1.02857
1.18095
1.3619
1.13333
1.45714
1.17143
2.60952
1
1.04762
1.02857
1.54286
2.86667
1.04762
1.00952
1.58095
1.32381
1.02857
3.68571
1
1.4
1.05714
1
1.01905
1.21905
1.32381
4.84762
1.01905
1.09524
1.11429
1.18095
1.01905
1
1.06667
1.01905
1
1.21905
1.04762
1.00952
1
1.17143
4.94286
1.10476
1.1619
1.06667
3.2
5.24762
1.01905
1.02857
1.13333
3.32381
1.09524
3.79048
4.4
1
3.50476
1.27619
1.20952
1.09524
1.17143
1.73333
3.02857
1.02857
1.11429
1.02857
2.80952
1.04762
2.6381
1
3.58095
4.26667
3.02857
3.1619
5.84762
3.77143
5.22857
1.05714
1.02857
1.33333
2.67619
1.05714
1.09524
1.08571
1.08571
1
1.02857
3.81905
3.53333
1
1.11429
4.20952
3.31429
1.14286
1.15238
3.05714
1.33333
1
1.05714
3.02857
1.00952
1.04762
3.49524
4.09524
1.00952
4.26667
4.28571
1.12381
3.84762
3.61905
1.00952
4.75238
3.53333
3.58095
1.8381
1.1619
1.30476
1.00952
4
1.11429
1.09524
2.77143
1.05714
1.09524
1.77143
1.25714
1.04762
1.00952
1.68571
3.22857
3.40952
1.04762
3.27619
3.34286
1.01905
1.02857
1.13333
1.29524
1.0381
1.09524
1.47619
1.31429
3.12381
4
4.09524
3.81905
1
1.04762
1.09524
4.0381
1.87619
1.39048
1.47619
3.4
1.21905
1.8381
3.39048
3.10476
3.71429
1.22857
3.74286
1.00952
3.05714
2.22857
1.09524
1.90476
1.42857
3.11429
3.33333
1.10476
1.30476
2.84762
1.01905
1.17143
1.17143
3.29524
3.86667
1.07619
1
1
1.18095
1.24762
3.98095
4.86667
3.37143
1.02857
1.14286
1.17143
1.20952
4.0381
2.71429
2.54286
3.97143
1
1.00952
3.35238
1.05714
1.39048
1.21905
1
1.17143
4.80952
3.51429
4.84762
1.3619
4.41905
1.12381
3.46667
3.65714
1.11429
3.51429
5.80952
3.32381
1.01905
1
1.0381
1.0381
1.38095
1.01905
1.05714
3.0381
1.06667
1.14286
3.2381
1.2
1.13333
1
1.21905
1.0381
3.25714
1.07619
1.04762
1.15238
1.02857
1.11429
3.81905
1.05714
1.2381
3.12381
5.55238
1.17143
1
1.10476
1.0381
1.04762
3.73333
2.66667
4.2381
1.20952
1.19048
4.1619
1.34286
1.2
5.42857
3.2381
1.17143
2.97143
1.02857
1
1.09524
1.67619
1.14286
1.0381
2.73333
1.00952
1.00952
3.59048
1.01905
1.06667
4.10476
1.01905
2.29524
1.08571
1.01905
1.08571
1.2
1.02857
3.79048
1.8381
3.70476
3.69524
3.14286
1.01905
1.15238
4.72381
1.10476
1.08571
4.37143
2.82857
1.10476
1.0381
4.47619
2.94286
1.18095
2.68571
3.1619
1.01905
3.99048
1.15238
1.38095
1.25714
1.07619
1.14286
1
1.00952
1.00952
2.27619
1.01905
1.22857
1.14286
2.90476
3.07619
1.00952
1.25714
1.01905
1.20952
1.04762
1.01905
3.64762
1.18095
1.02857
1
1.05714
3.65714
4.06667
4.22857
3.99048
1.09524
1.06667
5.02857
1
2.55238
1.08571
3.77143
2.7619
5
1.31429
2.79048
1
1
1.47619
1
1.39048
3.54286
1.08571
1.15238
1.09524
4.98095
1.09524
1.04762
1.2
1.11429
4.50476
1
1.37143
1.22857
1.01905
1.0381
3.34286
1.14286
1.19048
1.33333
1.01905
1.19048
1.1619
4.14286
1.04762
3.75238
1.0381
1.48571
1.02857
2.8381
1.04762
2.97143
2.58095
3.97143
1.0381
1
1.64762
4.55238
1.00952
1.0381
1.17143
1.10476
1.13333
1.13333
5.17143
1.05714
1.08571
1.18095
1
3.46667
1.14286
4.68571
1
1.20952
1.15238
1.10476
1.05714
3.74286
1.42857
1.28571
1.02857
1.13333
1.02857
4.59048
1.02857
3.24762
4.28571
1
4.44762
1.20952
1.08571
1.37143
3.37143
1.02857
1.09524
1.0381
1
1
5.99048
1.08571
4.4
1.08571
4.08571
1
1.2
1.05714
1.14286
1
2.73333
3.26667
1.18095
1.13333
1.08571
1.14286
3.41905
4.33333
1
1.4
3.34286
1.42857
1.15238
1.06667
1
1.06667
1.01905
3.42857
1.3619
4
3
4.0381
1.05714
1.26667
4.06667
1.20952
3.98095
1.32381
1
4.79048
1
1.58095
1.00952
3.40952
3.81905
1.18095
1.04762
4.08571
3.5619
1
1.21905
1
1.09524
3.91429
1.06667
3.50476
2.30476
1.5619
1.2
1.4
3.91429
1.11429
1.27619
4.19048
1.0381
1.05714
4.20952
1.15238
4.21905
1.45714
1.28571
1.08571
1.05714
3.86667
1.01905
3.15238
3.15238
2.84762
5.5619
1.99048
1.11429
1.00952
1.02857
1.01905
2.26667
1.05714
1.0381
3.06667
1.05714
2.9619
2.89524
1.1619
1.13333
1.09524
1
1.14286
2.75238
1.00952
3.53333
3.14286
1.04762
1.12381
4.37143
3.32381
3.3619
1.07619
1.14286
1.39048
1.09524
1.1619
1.18095
2.87619
1
3.79048
1.07619
1.29524
1.32381
1.10476
2.19048
3.20952
1
1.17143
1.06667
1.10476
3.14286
1.14286
1.20952
1.22857
1.02857
1.02857
1.08571
1.10476
1.04762
3.3619
1.30476
3.69524
1.27619
4.0381
1.05714
1.1619
1.09524
3.47619
1
1.20952
1.33333
1.02857
2.90476
1.01905
1.01905
1.29524
2.71429
3.10476
1.92381
1.08571
2.85714
2.38095
1
1.05714
1.6
4.05714
1.08571
1.19048
1.11429
1.07619
3.95238
1.06667
3.07619
1.12381
1.04762
1.00952
1
4.15238
2.99048
1.26667
1.01905
1.4
1.02857
1.55238
1.12381
1.13333
4.2381
1.14286
1.29524
1.05714
1.01905
3.07619
1.15238
1.10476
1.05714
3.46667
1.19048
1.93333
4.3619
1.08571
1.15238
1.1619
1.05714
1.10476
2.57143
2.88571
1.15238
1.00952
1.21905
4.48571
1.31429
3.90476
1.17143
1.12381
3.22857
1.08571
1.20952
1.15238
1.17143
1.2
1.12381
1.33333
1
2.8381
2.47619
4.12381
2.81905
3.95238
1.15238
1.01905
1.49524
1
2.27619
3.39048
1.11429
1
2.32381
1.07619
1.18095
2.37143
1.21905
1.54286
5.08571
1.06667
1.04762
1.21905
1
1.2
1.17143
4.19048
3.22857
1.07619
1.13333
1.15238
1
2.35238
1.15238
4.97143
5.04762
4.79048
1
1.06667
2.67619
1.02857
3.50476
1.06667
1.02857
1.07619
3.58095
3.19048
1.35238
1.05714
1.53333
1.69524
1.32381
4.3619
1.21905
1.01905
1.17143
1.09524
3.6381
2.26667
4.34286
3.29524
1.15238
1.28571
3.18095
1.05714
4.99048
1.02857
3.0381
1
1.05714
3.1619
1
1
1.13333
1.07619
1.02857
1.12381
4.60952
4.26667
3.13333
1.15238
3.15238
1.09524
1.19048
1.08571
1
4.13333
1.02857
4.74286
1.27619
3.57143
2.8381
3.84762
1.13333
1.06667
3.30476
1
3.78095
1.19048
1.0381
1.15238
1
3.68571
1.05714
1.62857
3.51429
1.25714
1.00952
3.64762
1.00952
1.12381
1.29524
1.1619
4.71429
5.07619
3.3619
1.06667
1.00952
1.01905
1.20952
4.01905
1.46667
3.71429
1.04762
1.44762
3.3619
1.51429
1.2
1.02857
1.27619
2.9619
4
3.21905
1.32381
1.12381
3.15238
1.1619
3.20952
1.17143
1.15238
1.06667
1.0381
1.08571
3.71429
1.08571
3.64762
1.05714
4.2
1.49524
1.5619
2.6
1.04762
1.06667
1.00952
1.00952
2.7619
3.94286
3.00952
4.66667
1.18095
1.22857
1.81905
1.52381
3.50476
1
4.15238
1.08571
1.15238
1
3.40952
1.09524
1
7.20952
4.39048
3.33333
1.02857
2.94286
1.18095
2.59048
1.05714
1.15238
1.2
1.00952
2.50476
1.44762
4.55238
1.08571
2.49524
1.08571
1
4.12381
1.14286
1.15238
3.52381
4.11429
4.57143
1.07619
1.33333
1.19048
1.00952
1.14286
1.06667
1.1619
3.31429
3.39048
1.00952
1
1.07619
1.19048
1.13333
1.02857
2.51429
1.02857
2.49524
3.46667
1.1619
4.41905
1.04762
1.09524
1.10476
1
1.1619
1.06667
1.29524
1
1.14286
1.22857
1.81905
1.05714
1.05714
1.24762
1.12381
3.80952
3.75238
1.71429
1.02857
1.06667
1.01905
1.12381
1.18095
1.11429
1.17143
1.24762
1.0381
1.00952
1.10476
1.1619
1.12381
3.3619
5.32381
1.4
3.99048
1
3.31429
2.82857
1
1.15238
1.26667
1.24762
1.07619
1.11429
1.12381
1.0381
1.07619
1.01905
1.12381
1.08571
1.07619
1.20952
1.24762
3.28571
2.61905
1.18095
1.2381
1.04762
1.07619
3.11429
3.91429
1.2381
1.68571
1
3.08571
3.05714
1
5.15238
1.33333
3.51429
2.44762
3.49524
1.07619
3.28571
1.21905
1.08571
2.7619
1.01905
4.15238
1.24762
5.51429
1.77143
1.01905
4.73333
4.12381
1.09524
4.09524
1.2
1.06667
1.02857
3.22857
4.65714
1.28571
4.70476
1.59048
3.44762
4.9619
4.40952
1
3.66667
1.42857
1.21905
1.0381
1.05714
4.3619
1.07619
4.6381
4.21905
4.14286
2.78095
1
3.90476
3.77143
1.13333
1.09524
3.45714
1.15238
1.09524
1.27619
1.01905
1.35238
3.0381
1.31429
1.00952
4.71429
1.05714
4.14286
3.81905
1.04762
1.05714
3.73333
1.19048
1.11429
1.37143
3.87619
1.07619
1.55238
4.61905
4.12381
1
1
1.05714
1
3.52381
1.08571
4.11429
1
1.0381
4.77143
1.00952
1
1.00952
1.28571
3.41905
3.79048
3.69524
1.01905
3.87619
1.12381
1
1.11429
4.06667
1.2
1.4381
1.10476
4.08571
4.06667
3.65714
1
1.28571
1.64762
1
1
1
1.12381
3.55238
1
1.44762
1.15238
1.09524
3.70476
1.0381
1.05714
3.30476
1.41905
1.05714
1.10476
1.06667
1.13333
5.01905
1
1.01905
1.35238
1.05714
3.9619
1
1.08571
1.46667
1.92381
1
1.08571
1.11429
1.27619
4.54286
3.07619
2.82857
1.21905
1.18095
2.86667
2.07619
1.13333
1.07619
1.62857
1
3.19048
2.8
1.18095
1.53333
1.18095
3.64762
4.29524
1.38095
3.68571
4.71429
1.86667
4.75238
1.12381
1.8381
8.46667
1.6381
3.88571
1.11429
4.20952
1.14286
1.2
1.06667
4.8
1.06667
1.10476
1.34286
1.64762
1.09524
1.50476
1.02857
1.11429
2.97143
3.52381
2.34286
3.98095
1.19048
3.58095
1.62857
1.1619
1.13333
2.4381
2.71429
3.05714
2.18095
4.71429
1.01905
1.18095
3.5619
3.32381
3.61905
1.1619
3.82857
1
1.22857
1.07619
1.0381
1.06667
1.18095
1.05714
1.44762
1.00952
1.17143
1.11429
1.21905
1.19048
1.04762
1.13333
1.00952
1.22857
1.08571
1.01905
1.02857
4.10476
1.00952
1.05714
1.1619
3.34286
1
1.05714
1.00952
3.72381
4.20952
1.01905
1.0381
3.6381
2.29524
2.15238
1.02857
1.06667
2.66667
1.00952
1.1619
1.20952
1.06667
5.17143
4.06667
3.05714
1.11429
2.6381
1.05714
4.70476
1.18095
4.90476
3.46667
3.70476
2.8
2.97143
1.85714
1.18095
3.53333
4.70476
5.10476
1.13333
2.55238
1.3619
1.06667
1.20952
1.10476
3.05714
1
2.50476
3.09524
1.09524
1.57143
1.17143
1.77143
1.05714
3.8
1.08571
1.27619
1.08571
2.82857
3.33333
1.06667
1.09524
3.35238
1.0381
1.18095
4.17143
3.08571
1.08571
1.06667
1.00952
1
3.62857
3.51429
3.42857
3.92381
1.12381
1.47619
3.35238
1.13333
1.28571
3.07619
1.04762
5.10476
3.74286
1.11429
1.05714
1
3.11429
3.61905
1
1.09524
1.18095
3.10476
1.00952
4.89524
1
1
1.2
1.00952
1.02857
1.07619
1.1619
1.12381
1.02857
1.10476
1
1.18095
2.21905
1.2381
3.5619
1.6
1.09524
1
1
1.19048
1.00952
7.41905
1.07619
1
2.92381
1.19048
4
1.17143
2.53333
1.90476
1
1.20952
1.10476
1.10476
2.30476
1.11429
1.27619
3.07619
1.12381
1.33333
1
1.05714
1
1.07619
1.48571
3.7619
4.41905
3.90476
1.04762
1.0381
1.02857
2.21905
4.97143
3.88571
1
2.99048
4.00952
1.13333
1.02857
1.06667
3.13333
1
1.45714
1.09524
1.12381
1.11429
1.00952
4.39048
1.0381
1.4381
2.30476
1.01905
1.24762
2.82857
1
1.2
1.0381
2.73333
1.07619
1.21905
4.11429
1.0381
1.15238
1
4.18095
4.15238
1.21905
1.04762
1.99048
1
1.06667
3.69524
1.15238
1.11429
4.51429
1.20952
5.18095
4.22857
3.44762
1.24762
1.53333
1.24762
1.07619
1.11429
3.71429
1.08571
1.00952
1.00952
3.49524
1.06667
1.01905
1.08571
3.6381
1.04762
1.02857
1.20952
1.11429
1.01905
1.11429
3.69524
3.06667
1.1619
1.3619
4.07619
3.84762
1.25714
2.97143
1.4381
1.0381
3.95238
3.18095
1.12381
1.1619
3.2381
1.27619
1.04762
3.4
2.52381
1.22857
3.87619
1
3.67619
1.06667
4.80952
1.18095
1.20952
3.38095
1.07619
4.24762
3.71429
1.75238
1.10476
1.07619
1.2
1.0381
1.21905
1.15238
1
3.24762
4.85714
4.35238
3.33333
1.04762
1.05714
2.94286
3.8
3.88571
1.00952
1.04762
1.28571
1.01905
2.47619
1.02857
1.21905
1
1.04762
1.42857
1
3.77143
1.05714
3.79048
4.20952
1.22857
1.15238
3
4.78095
1.11429
4.62857
1.01905
1.14286
2.45714
3.86667
2.18095
4.10476
1.15238
1.05714
1.08571
1.07619
2.88571
3.3619
3.4381
1
3.3619
3.81905
1.00952
1.13333
3.59048
4.68571
1.10476
2.19048
1.01905
1.89524
3.37143
3.45714
1
1.14286
1.10476
3.6381
1.85714
1.07619
3.48571
1
3.44762
1.21905
3.41905
1.11429
1.22857
1.08571
3.2
4
1.15238
1.09524
1.2
1.05714
3.93333
1.08571
1.13333
1.19048
4.0381
4.2381
3
1.01905
1.2
1.34286
2.51429
4.61905
1.05714
1.4
4.95238
5.00952
2.61905
1
3.34286
1.15238
1
5.45714
1.92381
1.08571
2.35238
1.05714
1.04762
1.01905
1.07619
2.65714
3.59048
1.2
1.07619
1.05714
1.27619
1.45714
4.25714
5.74286
2.82857
1.50476
1.17143
1
4.27619
5.04762
3.06667
2.4
1.17143
2.80952
1.10476
2.88571
3.58095
4.07619
1.26667
3.4381
1.02857
1.22857
1.00952
3.06667
1.19048
1.01905
1.02857
1.31429
1
3.8
1.2381
1
2.87619
5.24762
4.52381
4.58095
1
1.04762
1.05714
1.25714
1.42857
3.2381
1.72381
1.08571
3.8
1.08571
1
4.94286
2.35238
1.17143
1.00952
4.22857
4.08571
1.69524
3.48571
1.33333
1
1.12381
1
1
1.04762
1.30476
1.0381
1.17143
1.1619
1.12381
2.17143
4.13333
1.0381
1.06667
1.17143
3.72381
1.07619
1
2.39048
2.59048
1.75238
1.13333
1.04762
4.21905
1.09524
1.12381
4.32381
1.12381
1.1619
1
1
1.14286
1.02857
4.57143
1
1.01905
1.4
4.24762
4.09524
1.12381
1.13333
1.22857
3.6381
3.02857
1.09524
3.69524
1.77143
1.21905
1.1619
1
3.78095
3.48571
1.01905
3.2381
1.21905
1.12381
1.12381
1.08571
5.02857
2.80952
1.04762
1.08571
3.0381
1
5.8
5.1619
1.15238
3.05714
1.15238
1.00952
1
1.06667
1
1.10476
1.00952
4.4
1.29524
1
1.02857
1.07619
1.14286
4.38095
1
1.07619
3.84762
3.82857
1
3.02857
1
2.32381
1.0381
2.86667
3.44762
1.02857
2.22857
1.06667
3.73333
1.0381
1.06667
1.1619
3.19048
1.02857
3.55238
1.08571
3.26667
3.26667
1.06667
3.79048
1.00952
1.19048
3.30476
1.17143
3.02857
3.69524
1.11429
1.05714
3.00952
1.14286
1.22857
3.22857
1.20952
1.14286
3.65714
3.47619
1.02857
1.2
4.84762
4.2381
2.92381
2.42857
1.2381
3.42857
1.07619
3.29524
1.0381
1.00952
5.32381
3.69524
1.10476
1.09524
3.51429
1.09524
1
1.1619
2.60952
1.1619
5.25714
1.01905
3.48571
1
3.95238
1.06667
1.80952
1.2
3.09524
1.02857
1.07619
1.40952
1.2
2.41905
1.2
4.34286
3.64762
1.19048
3.19048
1.09524
1.07619
1.02857
1.2
1.13333
3.34286
3.95238
4.41905
1.00952
1.02857
1.00952
1.13333
1.48571
1.07619
4.87619
1
3.2381
1
1.21905
3.97143
2.58095
1.0381
1.10476
3.1619
1.01905
1.08571
5
1.02857
1
1
1.14286
1.21905
1.1619
5.01905
1.01905
2.93333
3.55238
1.00952
1.26667
1.01905
3.29524
1.8381
5.2381
3.0381
2.58095
1
3.34286
1.37143
4.04762
3.7619
3.70476
1.07619
3.80952
2.02857
4.25714
1.2381
3.54286
2.09524
1.27619
1.14286
1.1619
1.14286
1.0381
3.6381
1.08571
1
1.26667
2.15238
1.00952
1
1.12381
1.14286
1.25714
1.0381
1.0381
1.05714
1.11429
1.01905
3
1.29524
1.11429
