10876 34740
23.5333
15.0476
6.12381
15.181
8.06667
10.781
17.8762
7.28571
15.6571
14.9238
22.619
8.3619
13.9524
7.98095
19.4762
13.0952
6
16.0952
9.8381
21.9714
18.5238
13.0857
8.4381
15.0571
5.25714
19.4857
14.1238
9.14286
6.6381
6.08571
7.13333
9.3619
8.73333
10.3048
8.7619
8.92381
11.9143
13.581
21.2476
16.181
7.40952
16.6857
27.7714
16.3524
9.4381
9.34286
16.1905
14.6762
5.37143
14.2476
8.86667
12.4286
18.619
6.9619
13.4
19.0667
6.4
12.3429
12.5619
10.0762
21.3714
17.7048
21.9429
13.0476
7.15238
13.7714
10.2667
7.2
22.3619
6.29524
22.6
9.48571
12.5238
14.6381
15.819
13.8381
11.3619
9.24762
12.2667
11.9524
9.70476
8.42857
7.1619
16.0857
13.8476
9.93333
21.8
14.8762
11.181
10.4857
9.17143
11.0571
6.41905
12.4762
8.24762
8.10476
13.6667
19.1143
10.2381
16.6095
19.4095
18.4381
11.8476
6.62857
11.0667
15.3048
12.3619
7.81905
7.84762
17.9619
13.5238
11.7238
15.4762
8.88571
12.8667
12.7143
11.0476
14.2952
19.2571
13.4952
20.9905
11.4667
8.41905
6.90476
5.22857
20.8095
20.4381
21.1143
20.2476
25.4571
11.3619
15.7143
13.9143
8.78095
17.9333
13.4
16.9619
13.2381
14.0762
10.1619
19.0667
21.8762
16.2857
13.9619
6.24762
21.981
17.2476
15.5143
13.9905
11.6571
11.7333
20.9143
21.7238
11.9048
13.7429
18.5429
17.8857
13.4
7.20952
10.9429
11.9143
24.7429
10.8952
13.6762
20.5429
13.0571
12.4381
11.4476
13.0286
9.3619
10.4
13.219
10.019
10.7333
8.0381
6.68571
14.7238
15.0952
19.0667
18.4095
18.7714
16.5333
11.6762
20.4286
17.5333
13.5143
9.97143
9.6381
14.8476
29.8286
15.1429
17.6095
13.1143
10.3619
18.5143
10.6571
6.00952
12.8857
8.69524
19.019
11.6095
10.1714
11.7048
13.3048
6.06667
8.08571
18.5524
11.3048
16.7619
15.2952
10.8857
17.6857
5.6381
18.0286
15.5619
9.01905
10.8095
7.22857
12.0762
6.15238
11.619
8.54286
11.4857
26.3619
11.9619
8.74286
12.0476
4.7619
10.819
10.181
13.2
9.3619
12.8095
11.819
12.7619
8.20952
14.781
11.2381
8.34286
11.1714
7.41905
9.21905
5.51429
12.7429
16.1143
21.981
18.9429
14.181
14.6286
12.6571
13.4476
12.219
10.0952
5.17143
12.0857
10.8952
14.2667
12.4286
15.0381
10.2571
13.3048
15.3143
16.5524
7.78095
10.5143
5.75238
18.1048
17.3429
21.3048
14.4381
20.4095
21.3048
23.7333
12.8095
7.60952
14.2286
13.2286
4.84762
15.8667
16.8667
17.8952
14.7524
5.39048
10.6476
17.8286
18.0952
9.74286
17.581
13.3143
20.7429
16.4762
15.2952
18.1333
21.9333
13.4381
15.3619
9.71429
19.1524
12.6571
8.2381
7.82857
14.0095
12.5238
21.3429
14.7429
15.8286
13.2762
8.88571
5.71429
18.7143
20.4762
22.3524
14.6667
17.4381
14.9905
9.8381
4.57143
16.5619
22.5238
13.7429
8.39048
8.58095
12.0667
15.3143
12.5333
9.59048
11.4571
14.4762
19.0667
11.8095
4.99048
25.0762
6.72381
7.1619
8.31429
12.2
6.84762
7.11429
16.5524
12.7714
12.0095
6.12381
6.82857
12.8
7.2381
11.2381
21.1619
7.86667
9.45714
10.5143
15.0095
14.2381
20.981
6.11429
12.6762
12.0476
12.3333
8.26667
12.4286
4.08571
5.65714
18.1048
5.25714
11.9619
15.2571
15.2476
14.1429
14.8571
8.3619
14.4857
11.019
7.27619
10.4095
12.2667
6.53333
6.88571
7.93333
8.66667
13.3048
15.7429
9.5619
11.1333
18.6762
19.4762
6.71429
27.7714
15.4857
21.4095
14.1714
12.8
11.9238
19.9238
20.6762
17.2095
16.8952
16.0286
20.7048
13.0667
13.6381
13.6857
4.98095
17.419
10.819
17.4762
6.67619
9.17143
20.1714
18.581
17.181
16.4952
4.73333
9.89524
13.7048
11.5429
12.5238
11.6095
8.78095
16.6476
16.6952
8.34286
25.8286
9.6
12.181
6.40952
13.3619
12.2857
11.2095
6.1619
5.35238
9.14286
12.5619
8.93333
12.4286
6.61905
15.9524
11.3619
14.3238
10.1048
10.9333
10.2476
14.8286
13.3143
14.3429
11.1905
15.4095
13.7143
16.8762
11.181
8.90476
14.5333
18.2
13.5905
22.8952
8.93333
12.8952
15.1905
16.7238
13.0571
20.8667
9.84762
13.5238
12.4476
18.3714
12.6
10.3333
8.2
7.6
6.81905
6.1619
12.219
16.6381
9.66667
5.79048
11.4381
11.5619
14.6667
16.419
20.0381
13.1429
15.6095
10.7619
11.4095
14.1905
6.41905
17.4667
9.53333
19.0857
14.0286
11.8571
18.019
27.5714
12.1619
14.9905
17.8286
14.7714
11.581
9.67619
11.0571
11.8286
7.90476
13.9619
25.3714
15.5619
7.90476
12.619
12.619
16.5333
14.6286
21.6286
22.1714
11.4857
6.01905
9.75238
11.4571
15.5429
7.06667
16.0857
10.9619
5.69524
11.381
6.3619
16.0571
16.7429
11.6571
7.15238
17.4667
13.6381
11.0952
19.9333
15.0095
16.1143
5.3619
9.97143
5.22857
13.1524
5.2
12.3429
20.8095
14.8476
4.08571
11.0857
8.2
14.9048
18.8
13.4
14.6952
16.5429
12.0095
9.75238
11.3143
13.1524
11.1524
9.29524
9.1619
15.4667
8.54286
18.7333
12.3905
7.11429
12.981
10.6952
15.981
13.6571
6.99048
8.22857
17.6381
18.8476
14.3143
16.6762
14.3524
28.1429
16.4857
13.3333
14.7714
11.6857
14.3048
10.219
25.0857
6.31429
21.7429
11.8095
12.0095
11.5905
13.7619
7.31429
6.42857
10.6952
27.8667
17.3333
11.419
19.8476
4.80952
18.419
11.2095
8.72381
22.9714
7.95238
12.0286
9.51429
15.6952
14.5333
8.57143
15.6857
10.6095
11.6952
7.87619
11.9714
15.9333
14.1429
12.4571
27.3333
21.9143
7.04762
7.02857
11.5333
5.79048
16.9524
4.65714
21.3143
15.8381
9.71429
8.32381
11.9143
14.1429
17.8
26.6095
8.34286
11.9714
16.2762
10.8571
10.7429
11.5429
8.60952
5.92381
5.59048
11.7333
8.4381
17.6381
16.7619
23.5143
11.3143
10.0857
22.5048
10.2571
6.4381
7.86667
5.22857
5.68571
10.1238
12.8571
7.79048
11.8857
16.7143
10.9238
25.0952
12.2
14.6952
15.3429
15.3619
15.7905
10.3714
13.019
10.6476
15.5238
17.6476
9.87619
11.6476
26.819
14.0952
17.7619
13.419
16.5333
6.32381
4.9619
13.2571
14.7048
14.0667
12.8952
15.0095
13.6762
13.3333
13.9238
14.2095
11.181
15.9714
9.5619
16.4571
22.6857
18.2667
8.81905
8.67619
8.64762
16.1524
14.6952
11.3619
14.7333
13.4762
7.33333
17.1143
9.41905
10.2762
13.7714
19.0952
10.4952
8.29524
11.9429
18.3524
6.14286
10.5143
7.52381
10.419
16.1905
12.1619
11.4952
10.5905
5.37143
10.8762
17.0381
14.5714
6.21905
16.5714
8.81905
16.781
21.1905
16.781
12.8381
12.4286
22.3714
18.9905
8.20952
11.4571
20.6762
16.619
15.7619
6.30476
5.71429
5.49524
13.6571
8.57143
23.0857
8.54286
8.25714
15.581
12.9238
6.37143
12.619
8.20952
21.4857
13.6762
11.0762
16.0095
20.019
8.40952
10.7333
6.35238
6.0381
11.2571
18.2667
5.54286
22.2286
11.581
10
13.7143
13.4571
12.5333
18.019
9.77143
17.4571
9.95238
16.8476
15.8571
7.22857
13.6952
21.0857
7.46667
20.5143
16.2762
14.4857
18.6571
8.42857
19.2952
16.419
14.3429
12.4
12.4762
11.8952
12.8095
5.1619
14.6857
10.6476
9.05714
20.4476
16.0476
22.6762
14.1048
10.4286
22
16.019
14.6286
15.2
7.54286
16.5619
21.981
17.6286
11.5619
13.1048
13.6
5.35238
6.09524
20.6476
17.2095
11.7048
6.41905
13.2952
7.12381
15.9143
16.4952
10.581
12.3143
17.3143
17.4095
16.7143
17.619
30.6381
4.6
10.6095
12.8095
14.3333
11.3619
11.4
20.2286
18.2857
11.8286
11.5143
10.3333
16.0952
12.7619
9.6381
11.9524
13.4476
14.3238
11.8095
6.3619
7.1619
6.71429
9.74286
11.7048
11.781
14.6286
18.219
10.4286
15.5333
8.2
12.5714
14.9143
12.3143
6.32381
16.4952
6.5619
6.4381
5.27619
13.8857
8.67619
5.06667
6.54286
16.8667
16.0952
10.4381
8.38095
15.4286
13.0857
12.6571
19.0667
12.7333
13.2762
5.38095
11.5714
9.89524
14.8
6.33333
17.5238
7.55238
12.5905
11.7524
15.1429
13.2095
7.7619
10.019
7.95238
4.93333
12.4095
5.88571
12.1429
21.5238
13.6667
14.2095
14.4952
5.6
10.4762
8.47619
10.019
16.3429
15.9333
6.49524
8.58095
9.53333
10.8
9.30476
17.2476
13.0286
10.7143
16.4762
9.26667
16.0476
11.2381
17.2286
11.5524
17.6381
11.1143
16.0286
8.68571
10.581
15.0095
12.8762
10.7905
9.95238
12.8095
12.3429
5.06667
5.86667
22.0952
11.3048
8.85714
16.0762
22.2667
12.9619
5.25714
12.8
15.1238
14.8095
9.8
15.6286
22.5238
22.7619
6.17143
23.4095
20.9238
18.9143
20.4286
9.22857
8.20952
20.4
14.581
17.1429
13.5905
14.8095
5.14286
9.94286
14.8
18.3524
12.3143
14.9048
7.10476
18.8476
21.4857
9.20952
17.3714
15.3238
17.1333
12.1238
16.7524
11.381
15.1905
6.62857
7.85714
12.6095
15.6095
13.3714
23.9238
16.1619
23.1524
6.61905
6.65714
7.00952
7.61905
12.6476
15.4476
16.8667
19.2762
12.3238
14.9238
6.9619
9.02857
17.2381
9.28571
13.7905
15.6952
13.8762
21
6.82857
4.4
18.3714
6.3619
11.3048
15.8667
15.0476
8.93333
11.3905
6.75238
11.1905
8.26667
7.6
12.8381
9.19048
18.1143
17.9619
22.1714
17.8952
21.0095
14.5429
18.819
11.2
9.87619
14.5238
9.34286
11.1143
21.1143
19.781
5.88571
16.3048
20.3905
10.7714
22.5429
15.7238
15.2571
9.37143
10.4952
29.2095
11.0762
20.1619
30.7238
9.6
9.6381
12.1714
10.3048
12.0667
6.95238
6.10476
5.35238
14.219
16.4857
16.7429
14.1333
10.1143
16.1048
11.019
21.2476
17.019
19.2952
12.8
10.1238
14.6667
14.1143
15.2952
20.7619
16.0286
14.0286
5.49524
15.8952
15.6762
8.79048
16.181
5.79048
4.62857
13.0667
14.6286
11.1524
14.4381
19.3524
15.2571
14.0571
8.58095
7.95238
15.5619
15.8762
8.80952
10.1333
7.17143
10.0476
10.2
16.4667
8.48571
17.781
12.9429
10.6762
6.8381
5.78095
22.1714
6.77143
24.0762
5.97143
7.69524
11.0667
20.7429
20.4
19.0667
16.0381
16.0476
11.3429
5.55238
14.4286
8.98095
9.17143
13.6571
6.20952
13.9048
6.9619
17.6762
7.9619
12.6952
13.7048
12.9619
16.8571
20.2571
11.2667
24.2952
16.019
13.3524
10.4857
7.92381
23.4952
15.6571
16.3714
9.00952
18.2095
11.8286
13.019
5.97143
13.2
8.86667
12.9905
15.8476
7.99048
12.4857
6.59048
8.35238
20.0381
20.8476
13.9714
17.3429
11.419
8.78095
8.02857
4.89524
13.3619
11.419
13.619
16.5048
5.22857
9.28571
7.79048
16.3429
22.1714
14.7429
14.7143
11.6667
6.0381
17.5429
15.6381
8.0381
13.8571
17.4762
14.0762
23.6286
11.2476
10.2095
19.9619
7.68571
9.53333
16.1333
8.28571
18.1429
14.1238
14.3619
12.3333
5.98095
7.27619
6.52381
13.4571
8.87619
9.6381
10.7333
7.18095
18.3143
9.5619
15.0762
15.1333
14.5429
7.93333
14.8
19.1429
12.581
9.40952
7.53333
8.94286
17.0476
12.6286
19.819
12.1905
6.4381
9.31429
12.9333
9.02857
9.0381
9.07619
15.3048
9.66667
8.4
11.9619
21.6571
8.93333
14.0095
18.6286
7.14286
14.3333
10.2857
21.2
11.5429
8.39048
12.8476
12.4857
12.6667
12.7429
7.33333
7.45714
8.15238
12.1238
7.13333
7.22857
7.25714
18.0762
11.8952
11.9238
21.2762
11.7905
13.819
7.88571
5.17143
14.7429
8.86667
23.3048
8.55238
16.8476
13.181
13.7429
13.7333
5.48571
16.1714
6.85714
4.99048
10.819
12.9619
22.7143
24.1238
13.6667
15.1524
14.2476
11.3143
11.3619
10.7048
15.3333
13.5333
15.5905
12.1429
18.2952
10.6
12.419
9.09524
14.8476
10.4
9.34286
9.49524
21.4286
9.6381
14.4
10.8571
4.69524
12.181
9.50476
12.5333
11.8095
17.5429
8.11429
18.6286
15.5048
13.581
7.17143
9.86667
6.77143
11.5333
9.46667
11.7048
13.2857
9.60952
12.819
9.66667
19.2857
10.9333
23.0667
6.47619
17.0571
12.2476
11.3143
10.3524
12.419
13.8
17.7238
13.7048
9
17.4857
19.7238
12.7143
21.819
12.5714
17.5619
20.5905
9.92381
10.7048
8.4
12.2286
12.7429
8.87619
16.019
10.7238
9.81905
11.4762
18.2857
6.24762
8.92381
12.1333
12.7333
12.6952
9.81905
8.87619
7.69524
15.0952
18.3143
11.8571
12.4571
8.60952
14.2762
13.5429
5.06667
13.3048
6.4
10.6381
10.1143
13.8381
18.5143
14.3238
13.5048
5.31429
11.1143
10.4762
16.3048
14.8667
8.74286
11.5048
17.419
7.39048
8.02857
12.0952
10.7905
12.8095
19.3619
5.92381
5.18095
12.4857
12.219
8.78095
20.8476
10.4571
8.53333
15.6
6.29524
9.32381
12.4571
13.8762
6.51429
12.8857
9.27619
10.9619
15.7333
11.6571
10.2286
8.14286
7.93333
6.49524
20.1333
11.3905
6.8
13.7429
8.0381
9.04762
18.3333
12.4857
11.1905
14.8762
16.8571
10.0095
14.2381
6.20952
13.2762
11.5714
20.6095
15.8857
13.5143
14.9619
18.4952
6.00952
13.1714
14.9714
11.619
17.7238
11.8952
11.8
12.9714
9.33333
11.7714
10.1429
16.2667
10.4667
15.9524
7.50476
11.2095
9.94286
9.8381
19.8286
13.219
17.3619
6.39048
6.84762
19.9143
18.3905
10.3905
20.4667
7.67619
16.219
29.9333
28.4952
7.2
11.7429
13.6095
15.4857
12.1714
9.01905
17.7429
7.72381
7.21905
11.3143
9.14286
13.2
20.0857
18.0571
17.0857
6.87619
5.99048
12.0381
16.2952
15.3143
15.4476
19.4857
11.8952
5.73333
17.4952
12.7238
21.9714
18.3905
16.0571
14.4571
15.7714
11.3238
11.5429
13.0857
10.5714
16.581
14.3429
12.019
21.5238
25.2
14.5619
5.40952
11.7619
8.78095
14.219
15.781
18.981
18
5.93333
14.0952
8.62857
14.6
15.019
20.0667
12.6
13.4095
5.02857
6.38095
15.419
17.4762
6.35238
13.019
17.5238
19.0476
14.619
15.8667
11.4571
18.1905
10.581
9.0381
7.50476
20.819
22.9714
9.79048
9.22857
8.65714
15.8857
11.8476
11.6762
13.9429
6.22857
9.95238
11.4381
5.01905
10.4571
8.92381
9.86667
18.3143
14
17.9524
12.3143
8.10476
7.6381
11.4952
15.6
13.2571
23.8
9.51429
5.77143
17.0286
10.1619
12.5238
14.5048
14.8857
11.8571
9.87619
16.2095
15.181
24.3238
6.65714
15.3333
10.819
5.86667
18.7238
14.7714
23.8762
12.6095
11.2
13.2762
16.619
14.1143
16.4381
6.7619
19.7238
10.0381
22.1429
11.4476
13.8
18.5619
17.7238
17.819
11.2095
9.39048
10.381
15.9714
11.581
14
12.6857
5.14286
10.1238
10.7905
13.7429
19.581
16.8
14.4381
16.1905
11.7048
13.7429
6
9.26667
10.2571
9.33333
9.48571
6.99048
5.07619
6.61905
5.29524
7.44762
9.64762
6.33333
11.6095
9.82857
21.7143
13.1524
16.3429
6.38095
14.8762
10.9238
14.1143
14.7619
26.219
7.31429
9.74286
6.02857
18.581
11.2667
9.70476
6.47619
18.1238
21.1143
9.82857
13.4286
13.5143
11.7238
10.6
19.9048
12.2857
6.69524
7.11429
14.7619
15.581
16.6667
13
15.3048
18.2762
15.3333
17.8
8.24762
7.09524
13.3524
10.7524
10.5429
11.6476
5.38095
14.2476
13.8857
8.28571
10.4571
13.9524
11.3048
14.8
10.781
6.57143
11.1238
11.8476
7.48571
16.4952
15.9524
17.3238
12.4762
5.20952
8.7619
8.13333
23.8095
11.7048
5.54286
7.9619
11.7905
7.79048
11.6286
7.07619
16
17.4286
19.2857
18.1238
12.3143
6.37143
15.6952
5.91429
10.3048
22.5714
10.8571
12.4762
14.5238
13.8952
4.7619
7.46667
8.3619
18.7333
8.12381
9.62857
10.5905
7.75238
5.99048
5.20952
22.981
12.5143
16.9524
8.41905
11.019
12.381
6.67619
8.80952
8.73333
13.0381
9.8
7.22857
10.9048
9.32381
22.1905
11.7714
15.181
27.2667
5.54286
15.1238
16.6952
14.8952
13.9143
13.1143
7.15238
15.1905
19.2762
13.7905
5.8
7.98095
12.7048
18.4286
6.39048
6.82857
11.3524
18.9429
6.57143
18.1429
18.3905
8.06667
8.2
19.2476
13.1429
11.819
8.81905
16.7143
7.47619
8.17143
11.4095
6.14286
9.85714
16.5048
12.6952
13.4571
5.8381
13.8381
8.44762
12.7238
13.4667
6.50476
9.18095
9.07619
6.9619
13.5048
17.5714
7.82857
12.2476
16.7048
12.9143
10.1238
6.37143
6.74286
6.58095
9.74286
9.08571
7.48571
9.05714
12.8857
9.2381
7.66667
17.4667
8.91429
9.07619
12.6381
8.93333
11.6571
7.71429
11.6571
5.8381
12.5619
9.45714
10.2571
36.2571
17.3333
13.619
14.4286
11.0952
14.019
9.0381
17.1619
19.1238
14.1905
13.3429
21.619
18.0286
13.3333
14.7143
11.3524
9.32381
11.7238
5.73333
13.1429
25.5619
11.9048
17.8286
16.6
7.44762
15.7905
6.07619
17.1714
5.14286
9.79048
13.2095
13.8476
4.69524
10.4571
14.7048
6.99048
13.2
15.1333
17.9619
15.4381
10.181
13.6571
7.18095
10.8
22.4381
23.4952
11.8286
19.3619
7.4381
11.1333
21.2095
7.49524
10.5333
13.619
12.4476
6.77143
15.1429
7.80952
10.019
11.6
5.91429
16.5048
14.0095
15.0952
20.5333
19.2762
14.3429
14.8667
14.9048
11.3524
12.1714
18.3048
10.1143
10.7048
9.92381
14.0762
11.8286
6.95238
10.5048
11.6381
17.219
12.6286
8.77143
20.1905
13.819
17.7524
20.0667
12.3905
18.6476
10.6952
12.4476
5.02857
15
12.0381
18.2952
14.2476
9.25714
10.4381
11.9238
18.8286
9.34286
14.0571
6.40952
7.27619
10.4381
13.3143
18.419
7.12381
10.7238
9.91429
14.5429
8.41905
14.4
13.4286
13.0476
9.4
10.2476
14.781
18.9333
21.9333
17.8762
8.81905
11.1143
6.77143
4.69524
5.90476
14.3714
6.21905
5.8381
16.0476
14.8762
12.9429
14
9.4381
10.9524
10.9143
9.52381
12.8667
5.8
11.2762
18.2095
17.2571
20.3429
14.6952
11.0381
10.3619
7.86667
7.08571
5.70476
11.619
6.77143
15.1905
16.3429
18.1238
10.219
12.3238
5.99048
10.0286
10.7429
16.7619
13.3238
14.4762
15.1143
9.06667
14.3238
11.1143
15.8952
17.3238
20.0857
11.6952
14.2
7.19048
5.6
16.4476
10.7048
12.0476
14.0571
8.4
9.10476
12.1619
17.4381
15.5429
6.95238
17.3333
26.6381
12.4667
13.6667
26.5905
12.3048
12.1619
10.4571
11.3429
9.88571
17.3524
12.5048
15.8762
13.4762
12.7143
6.53333
9.44762
7.92381
16.3048
7.44762
12.9524
4.87619
20.0762
7.08571
20.6
11.1048
13.1619
14.9905
5.34286
9.02857
14
8.60952
10.1714
13.7143
7.22857
6.45714
13.0762
8.80952
12.581
12.6476
12.5524
7.6
20.6857
11.2476
7.74286
17.1619
7.13333
16.0095
13.6286
10.8476
9.14286
21.0571
12.5429
13.4286
11.5333
6.78095
13.0667
12.381
10.019
9.78095
9.02857
12.4476
14.3619
19.0286
10.819
8.84762
17.8286
25.6095
10.8095
6.49524
13.4857
7.38095
17.3429
26.7143
14.7429
18.7143
19.0762
10.3238
13.381
9.71429
6.32381
13.8762
14.7714
12.6476
8.57143
14.4381
10.8952
16.0952
6.9619
13.3714
18.7048
6.81905
15.8381
15.7143
12.8095
15.4571
9.8381
11.4
11.8952
8.00952
10.2857
20.6286
9.02857
8.08571
11.0857
5.8381
20.8667
10.2381
15.5619
20.0286
8.08571
10.4095
15.0286
6.85714
19.9619
8.55238
19.1619
14.9714
19.7429
6.54286
12.6095
13.4762
13.2667
10.7238
12.9714
20.3714
12.9333
8.08571
13.2
12.1238
19.7524
24
8.31429
21.2857
11.8095
11.5429
12.5524
13.6571
10.3714
12.4286
8.79048
13.219
8.37143
11.6381
10.5429
6.9619
20.381
21.1429
14.219
8.8
7.7619
14.5714
13.9238
19.019
21.5333
11.1333
11.2476
12.4
18.4095
15.7048
15.7048
4.21905
5.4
6.84762
19.6286
6.61905
14.6762
14.3619
7.06667
11.2667
12.2286
13.1524
19.0476
8.19048
7.95238
23.181
5.7619
6.13333
12.9238
16.9619
12.019
14.1238
17.0762
16.1905
19.9143
14.8286
16.7143
13.4762
19.2095
19.3143
6.6
14.2571
15.3143
8.33333
6.51429
8.14286
8.79048
10.2
9.13333
10.1524
4.52381
18.7905
12.1333
10.6857
18.5524
11.8762
10.6952
5.10476
17.8286
18.9429
10.5905
8.84762
14.381
10.7048
12.8857
12.9048
20.1905
12.1524
13.7238
13.7429
5.44762
5.71429
14.781
15.9048
13.2476
8.49524
5.54286
6.88571
23.5905
11.2952
10.0952
11.6286
23.4762
11.8571
9.10476
16.1143
5.20952
5.80952
17.7429
6.13333
6.69524
6.18095
11.981
5.7619
12.3524
9.27619
12.4571
18.0476
9.5619
4.95238
15.2952
16.0857
13.7714
9.73333
12.5238
15.5429
10.5905
18.4667
13.7619
9.39048
6.48571
13.4286
19.7619
14.7905
11.6381
11.3619
6.61905
7.0381
5.79048
8.1619
6.45714
11.9333
11.019
7.7619
12.5429
15.8
15.3429
6.98095
24.6762
14.4095
10.0286
17.6
14.1333
14.5905
13.7619
7.25714
13.581
13.381
13.7048
23.0476
6.79048
16.6381
17.9905
4.66667
10.1619
22.8095
16.5619
5.58095
8.93333
12.9238
13.7048
8.50476
13.8762
14.4476
19.8095
17.5048
17.8381
14.2857
23.5143
10.2762
9.26667
6.17143
13.419
14
8.80952
8.26667
18.2095
13.419
16.3333
7.01905
6.78095
26.1905
12.4095
17.5429
23.6952
10.4286
6.88571
6.18095
14.2286
11.1048
8.34286
20.1048
7.5619
12.1429
17.3143
12.8952
16.2476
18.4286
15.4476
13.0762
13.8571
11.4952
19.219
8.46667
19.4571
9.64762
8.68571
7.75238
11.4476
13.4095
7.15238
10.9714
10.0667
11.0762
6.01905
22.3333
5.32381
8.37143
8.44762
12.1714
12.0381
21.7905
10.7524
12.1905
15.0571
9.26667
6.85714
8.8381
14.1143
9.62857
6.99048
19.1048
4.98095
9.31429
16.6095
12.0476
12.819
12.5905
11.9714
9.40952
5.61905
7.84762
7.91429
5.47619
17.9905
15.2286
11.0476
10.7714
21.6571
20.3714
19.7238
11.2286
6.17143
9.88571
11.4095
13.7048
13.9905
14.7238
17.9714
17.8952
7.67619
7.41905
17.1238
15.7143
9.4
8.87619
10.4286
9.97143
12.5714
8.86667
14.0476
11.9048
15.619
15.6952
8.98095
20.8095
7.29524
9.17143
13.5524
5.71429
15.5524
6.40952
20.019
14.5524
11.4381
14.2667
9.61905
18.2762
10.781
5.10476
7.95238
14.4381
7.66667
13.8857
17.9619
10.0476
11.219
10.8571
9.75238
9.46667
9.40952
15.3905
11.2857
6.87619
9.02857
13.6857
10.981
7.14286
23.419
15.781
11.1524
12.6857
6.79048
8.41905
5.94286
18.5143
15.7238
19.4571
22.0857
14.1238
9.09524
6.39048
16.0476
15.4571
9.77143
19.419
15.7143
13.1714
12.6286
19.8952
12.5619
9.65714
18.7429
13.2952
8.51429
18.3333
13.981
9.65714
19.3714
7.17143
10.6476
17.9143
10.4952
12.4286
7.30476
18.3143
11.1143
17.4952
17.3048
16.381
17.4476
9.4
12.8667
7.9619
9.75238
7.29524
22.7333
11.8762
5.73333
11.2476
9.61905
8.2
10.3524
7.71429
8.22857
13.981
15.219
9.30476
5.50476
10.7048
5.31429
13.6667
9.79048
17.0095
11.4857
15.2762
14.5619
8.95238
10.5143
18.2857
8.28571
14.4286
10.4476
9.5619
11.6571
28.2476
13.9048
5.53333
23.6381
14.4667
8.42857
9.34286
11.8667
12.181
8.91429
11.5905
9.48571
26.9619
6.27619
8.59048
10.819
22.4381
23.2286
11.4952
16.5048
11.019
22.6286
14.2952
16.5333
6.75238
14.4381
11
18.2667
11
7.72381
15.5524
11.0095
23.2857
7.57143
7.50476
20.2952
9.37143
27.3619
10.019
11.0381
14.619
9.50476
7.55238
18.5619
17.0571
8.10476
21.0286
5.29524
9.55238
19.6857
8.00952
5.46667
16.219
13.8952
14.5333
13.7905
8.81905
22.3333
20.3048
7.05714
11.4857
7.38095
4.73333
5.6381
14.5333
25.2381
9.97143
9.99048
14.4286
11.4095
8.55238
19.0857
7.88571
13.7048
15.5714
6.66667
11.7333
8.17143
15.6762
7.26667
13.3619
21.181
17.2381
14.3238
6.40952
7.02857
11.8571
10.0857
16.2476
18.5143
15.1714
23.1048
12.419
8.54286
12.4571
9.82857
16.2571
17.2571
15.6667
9.61905
9.42857
13.0286
6.33333
20.9524
13.0857
21.0476
15.6762
16.5238
12.0952
15.9714
16.6857
14.0762
12.4952
8.02857
6.0381
47.8571
11.4286
8.75238
16.9714
8.89524
11.6952
16.7429
19.7333
9.55238
22.3143
11.8667
7.6
7.89524
16.6667
5.73333
6.66667
14.381
19.181
6.60952
10.7429
17.8667
11.5905
21.8381
18.9714
13.2952
6.27619
12.0476
9.69524
14.1714
7.67619
20.1429
10.7714
5.50476
12.9048
9.07619
6.21905
6.79048
5.66667
9.60952
12.3714
16.4
12.0857
5.78095
13.4095
12.9429
11.0095
9.28571
15.6571
7.78095
9.70476
5.39048
16.1714
14.219
15.9429
12.4095
8.4
14.4857
13.9333
18.9429
9.41905
15.2
14.581
12.6571
7.41905
5.49524
8.19048
14.5524
10.9048
14.4952
24.2857
14.3238
12.2762
9.58095
5.06667
11.5048
13.8
10.9524
12.8
17.1619
11.7048
12.019
6.69524
7.91429
11.2476
14.4857
18.8952
6.3619
13.9714
16.4381
17.5905
10.9905
21.0762
15.6571
5.45714
11.1333
25.3238
22.3619
10.0381
15.8095
18.0952
11.619
10.3524
16.3238
11.7524
17.4
13.181
11.9333
13.8095
13.581
23.2286
7.48571
8.70476
8.22857
11.1619
12.0095
12.9333
13.3048
11.819
10.1048
12.2952
12.6952
9.19048
6.2
7.53333
9.55238
13.9143
12.7619
6.31429
14.4476
12.1619
13.581
10
11.4095
13.1143
4.9619
13.619
11.419
5.4
9.73333
18.219
14.6952
10.9429
11.0952
9.62857
12.4095
11.2667
10.1048
13.5524
13.6095
11.6857
15.581
14.2286
11.419
10.5905
10.0286
5.5619
15.819
7.25714
26.4
10.2381
9.90476
5.85714
6.33333
14.6952
6.52381
19.5905
17.019
11.1524
9.68571
6.5619
19.4762
8.66667
13.7619
9.48571
16.5143
9.09524
5.35238
15.4857
16.7714
11.4476
11.2095
8.98095
10.0762
7.67619
9.97143
8.40952
10.5524
9.67619
8.14286
20.7333
13.7714
15.1143
14.5524
18.3048
17.3714
14.8476
11.5048
25.5524
8.15238
12.1238
17.3619
11.419
12.6952
12.1619
9.68571
5.61905
13.781
5.70476
11.6476
6.6381
9.72381
18.4381
12.5429
16.7333
15.4667
5.94286
13.0857
15.2476
6.93333
8.47619
10.6286
9.93333
12.9905
11.5333
6.2
13.5619
12.4762
5.12381
8.26667
8.57143
13.1524
17.9238
11.8952
23.3048
19.1143
10.1429
8.32381
10.0667
9.85714
6.61905
12.781
6.37143
12.6095
21.6857
14.4952
19.0476
12.0762
7.85714
26.1333
5.98095
18.4762
18.7905
13.6952
12.5333
14.5333
14.2667
14.5048
4.98095
8.68571
13.8667
5.91429
14.5048
6.32381
10.9333
14.6095
15.5143
16.5524
22.7333
20.0667
6.97143
10.8952
11
14.619
5.68571
7.00952
13.4381
16.0857
5.95238
9.57143
5.14286
9.49524
15.7238
21.6381
6.90476
11.7905
7.29524
18.3238
17.0952
6.74286
7.42857
8.52381
11.6571
12.2476
21.7333
16.6667
4.98095
20.4667
25.381
7.30476
12.3143
8.32381
12.5238
14.1619
7.32381
23.0095
9.2381
19.0381
16.9143
5.57143
5.47619
22.3619
12.0952
9.5619
19.8952
12.6762
6.53333
13.0381
9.84762
7.65714
17.2
7.94286
13.0952
8.72381
13.1714
9.59048
8.97143
14.4286
16.5143
12.9238
18.2571
24.5714
11.0095
10.8095
25.0667
9.81905
14.8095
12
8.70476
5.31429
6.90476
8.18095
12.2857
6.59048
19.7619
14.6952
7.44762
9.28571
5
8.14286
11.0476
13.5524
14.5143
7.08571
10.2857
15.0476
19.2381
12.8571
14.4667
13.219
23.2762
9.0381
10.1238
13.1048
17.4952
17.3333
15.7429
8.6381
14.5429
10.4476
15.7619
7.9619
8.11429
15.2857
10.1905
13.6286
13.181
20.3714
12.2857
8.8
9.57143
12.8857
4.33333
15.8095
23.6286
17.6667
11.6952
14.4476
18.1524
13.5905
13.3048
10.7333
4.74286
17.8286
7.31429
7.00952
11.819
11.6667
14.9905
8.99048
10.9905
11.8286
15.9524
12.8095
17.1048
11.0476
7.91429
12.8857
7.42857
9.6381
5.8381
20.8952
4.88571
18.3143
18.6
7.22857
6.32381
6.11429
20.9524
12.5524
22.4571
6.28571
11.9619
6.09524
14.8476
17.0571
14.0857
7.45714
16.0857
13.7524
13.8095
17.9333
12.8095
14.0857
10.4762
8
13.2952
23.3905
6.14286
21.3333
16.9143
9.06667
18.6286
13.9905
9.6381
6.55238
18.5333
7.80952
10.9143
7.31429
15.4667
7.82857
9.53333
4.66667
18.2952
20.3905
20.1619
9.46667
5.8381
21.9905
31.4571
9.18095
13.6286
11.5048
18.3238
11.6286
7.9619
8.84762
16.8095
6.49524
7.93333
13.781
11.5524
20.2762
21.0286
18.7238
6.77143
8.68571
17.4667
9.90476
16.1524
10.0952
13.2952
8.48571
18.5048
12.6095
17.5619
4.60952
10.819
18.2476
7.90476
9.02857
18.2476
16.3143
9.71429
13.2381
20.1714
21.3238
9.13333
11.0476
12.5048
6.60952
13.1048
12.8667
19.2667
9.13333
8.19048
11.8762
12.4381
10.5238
6.39048
6.70476
12.8095
9.48571
8.78095
7.32381
12.3524
13.0857
16.3524
7.14286
16.8762
10.2381
10.9238
14.981
16.5524
12.7333
5.86667
22.0476
8.11429
10.8286
10.5524
9.51429
9.34286
9.91429
12.6476
12.9619
11.3238
19.6857
11.8952
5.59048
12.0952
8.17143
6.13333
4.67619
9.77143
8.97143
13.3714
7.8381
18.7333
6.26667
11.3714
5.86667
11.3524
11.2286
13.1333
13.2571
8.62857
16.0095
9.8
5.90476
8.4
11.5714
10.6
16.4
6.78095
8.13333
6.81905
12.4095
7.91429
13.2571
13.1429
12.4381
12.3905
12.581
13.1048
11.3619
17.9524
12.1429
6.38095
5.65714
8.18095
6.91429
10.0095
13.2286
10.981
15.219
18.5048
12.5714
12.2476
19.1238
10.7333
14.1714
9.4
11.0571
8.29524
12.781
7.24762
17.2762
4.3619
8.77143
11.0381
14.2952
5.62857
6.10476
12.8952
11.0286
11.2667
12.1619
24.2095
21.2
14.3238
6.68571
8.47619
17.3238
5.08571
9.72381
8.71429
15.8095
15.5619
8.06667
7.32381
9.61905
12.0476
11.9905
23.1524
15.9238
7.45714
16.2095
10.5429
16.0857
6.4
9.10476
12.6571
11.6
6.57143
7.2381
14.1714
7.31429
9.90476
12.6
14.0667
13.6095
19.9048
12.181
17.8286
15.8667
14.3429
14.8571
7.75238
7.29524
12.8
20.381
6.8
15.6381
16.819
12.8857
10.7524
7.20952
9.38095
12.2
12.3143
21.6952
7.06667
14.4667
21.181
8.84762
7.88571
6.5619
15.8667
14.6286
8.17143
13.3619
15.0095
11.381
5.4381
15.5905
18.9048
10.6571
14.3524
14.1429
6.19048
70.9429
7.54286
15.4381
9.77143
15.5905
14.5143
6.6381
10.1143
9.67619
8.14286
15.619
7.62857
20.6667
6.39048
14.2857
25.5333
7.9619
17.5238
7
13.819
9.59048
6.39048
9.46667
10.2762
14.2286
7.84762
12.6857
21.0667
16.5524
14.5619
16.1048
22.9714
16.9333
19.0762
16.2857
10.3524
22.6476
13.619
13.8571
9.74286
16.7143
19.4476
11.3048
14.2095
7.90476
9.80952
14.6095
15.9238
6.09524
8.25714
7.8
16.3619
10.4286
5.14286
14.5333
10.2
12.5524
15.4476
17.3905
12
8.27619
12.1714
7.00952
5.4381
11
17.1238
7.1619
9.4381
15.5333
12.6381
9.24762
6.81905
10.9048
6.97143
10.0095
13.2095
15
10.2476
8.87619
16.7429
15.1905
13.819
8.07619
6.61905
6.4381
13.9714
16.3429
11.2762
16.1048
19.3714
11.8
9.73333
9.54286
11.0762
17.6381
22.2
12.4
12.1238
6.68571
17.419
7.33333
8.13333
19.4952
13.3429
13.9143
6.02857
13.619
11.619
9.88571
9.85714
11.6476
10.5143
5.57143
11.581
11.3619
7.79048
14.4762
12
13.0095
6.72381
15.2095
6.74286
16.0571
13.3429
17.9524
17.7619
16.3238
11.5524
11.3238
20.2952
20.4857
7.65714
12.2952
5.07619
18.6095
13.4762
11.4762
11.5619
14.381
15.9524
12.619
14.619
18.0952
10.8762
10.5619
14.3524
11.7619
10.9524
5.67619
9.93333
6.89524
21.1619
5.25714
10.8286
16.2095
6.45714
7.66667
17.0286
7.00952
16.6857
17.8857
8.65714
19.0381
9.33333
8.7619
9.4
14.381
11.7429
12.0286
14.1524
16.1619
13.6857
18.6095
21.5619
12.7524
8.00952
6.22857
18.6762
14.7143
9.24762
5.69524
10.219
8.66667
15.5143
11.1143
13.5429
18.4
5.19048
15.2762
6.09524
7.15238
12.1429
5.64762
8.77143
7.20952
21.5333
11.5524
5.6381
10.8762
10.5619
14.4571
6.27619
15.381
11.1333
8.28571
11.781
12.8
11.1238
14.1143
5.17143
15.4476
6.74286
23.5238
6.82857
16.6667
10.8667
19.8095
8.61905
18.2762
15.2667
6.4381
14.6571
8.32381
13.1714
17.4571
6.94286
6.41905
9.97143
13.7333
17.6952
12.2667
11.9524
14.2667
5.88571
14.3524
16.0667
11.3238
14.4952
10.7333
10.981
12.0476
8.15238
10.5429
18.581
6.79048
11.5619
6.6381
5.51429
9.29524
6.20952
22.4952
8.15238
13.2381
14.9238
6.94286
13.8286
8.82857
6.47619
7.19048
12.9905
8
12.4
6.3619
16.6857
9.17143
16.1905
21.0095
13.5143
15.6667
12.1333
10.0286
13.381
21.5714
18.019
7.09524
16.5048
5.99048
14.2
16.3143
8.02857
9.73333
7.2
19.3048
20.4857
12.1714
7.58095
12.8286
15.8667
11.3143
13.6667
20.6095
10.019
11.3333
13.4381
7.29524
14.4286
14.4857
10.8952
16.9714
12.4952
15.3714
13.5714
12.7429
18.2762
11.0476
8.92381
7.02857
7.79048
7.87619
13.981
27.1524
11.6667
7.02857
8.88571
17.5143
11.0857
15.9333
10.5238
16.819
5.58095
18.0476
18.6857
22.6857
24.7905
14.019
12.7905
10.7524
12.3429
14.7524
12.3619
15.4095
12.9429
13.0667
22.4095
10.4095
11.381
7.47619
17.8571
9.71429
4.91429
10.2857
11.4381
23.8381
10.5238
10.9714
15.8571
25.0476
5.61905
12.8476
10.219
8.14286
11.381
15.7333
15.5333
24.6381
14.419
11.7619
12.2667
8.92381
11.4476
13.2762
5.08571
9.89524
9.50476
15.3333
6.2
13.2476
17.0762
12.5333
17.6381
14.181
8.09524
17.6571
14
10.981
9.53333
12.9238
14.0286
12.6
7.3619
13.4857
14.581
7.99048
19.0667
7.59048
20.9905
8.22857
20.219
11.7524
8.18095
9.45714
9.35238
8.74286
12.8
7.61905
8.71429
6.31429
13.7429
8.24762
12.7905
15.1905
14.0381
11.2381
8.40952
6.59048
30.7905
10.3048
7.91429
7.86667
16.4381
6.44762
21.3905
9.52381
5.46667
9.45714
14.3905
10.3905
14.9429
25.581
11.1238
20.7619
11.3905
7.92381
16.8476
10.8476
9.80952
14.381
14.819
13.1714
12.5333
7.20952
14.1143
25.5238
14.9048
9.14286
7.90476
12.2952
8.13333
8.6
14.2476
6.88571
12.2
22.619
12.8857
9.95238
13.181
7.9619
6.69524
17.4286
19.1714
11.3905
9.77143
15.5905
9.11429
12.0476
6.21905
9.27619
15.0286
15.9619
13.3143
5.88571
9.39048
5.52381
6.51429
5.67619
18.3048
7.95238
11
6.08571
14.6
5.89524
10.2952
11.6762
5.29524
14.3714
17.1238
11.381
13.7143
5.71429
8.13333
11.2571
6.02857
14.1429
11.381
14.3714
10.9048
14.819
14.4857
11.5714
16.0476
13.1238
32.6381
14.5905
11.4762
15.3048
17.0857
13.4095
14.981
12.3524
28.2286
10.0667
11.9048
12.7048
11.8952
19.2476
8.97143
10
7.66667
13.2952
15.4476
7.05714
8.32381
11.3143
11.7524
17.9238
16.581
19.6095
10.1714
23.0762
6.4381
10.5048
6.9619
12.3905
15.5143
19.9619
14.0286
18.819
12.2095
16.2952
7.46667
5.51429
8.77143
12.7143
9.33333
12.9619
10.1714
16.5905
11.8571
12.981
18.4
11.1048
20.2095
13.5429
21.4857
18.0667
15.5429
11.6857
13.8381
20.3524
11.8286
13.6286
7.48571
14.1048
6.07619
15.5905
24.0286
11.4857
10.7619
11.6762
10.2952
12
9.77143
8.13333
8.77143
12.7524
18.6286
13.2571
11.7619
9.7619
9.21905
18.5524
6.72381
6.32381
15.419
9.35238
9.67619
13.3524
19.7619
23.3238
10.7524
14.581
15.2571
10.1143
6.05714
5.68571
19.381
14.381
10.4857
5.38095
10.9333
15.4
20.0952
9.20952
9.73333
13.0095
18.1714
8.98095
12.3905
13.5714
15.6667
6.10476
8.31429
11.8857
12.9238
7.7619
6.07619
4.78095
9.17143
7.47619
14.3238
15.2381
7.59048
27.1048
13.7524
14.0095
6.17143
10.7905
13.1905
15.1429
19.6
10.4667
19.219
8.54286
13.2952
15.3333
9.52381
8.7619
13.4857
7.27619
10.6476
12.9714
10.0571
21.181
15.3143
19.7714
12.9048
13.0762
5.79048
10.3048
7.80952
14.0476
7.6
20.6
12.5905
6.18095
7.79048
12.219
11.2381
10.4286
11.0381
5.41905
15.2
14.2762
13
12.0095
12.8667
6.06667
10.8095
16.1905
19.4857
5.19048
27.3619
9.3619
10.381
13.5524
9.32381
10.2476
10.6
7.14286
19.7429
10.3143
10.6381
11.9714
6.14286
13.019
11.9238
15.3238
12.4571
10.7143
15.3333
17.9905
18.1524
12.381
4.95238
10.7429
8.01905
4.66667
12.0381
10
18.019
8.47619
13.1048
9.00952
13.6571
24.1238
16.3714
7.11429
16.3238
16.4762
19.181
13.0571
9.75238
12.6381
18.6857
8.38095
17.6
8.09524
8.33333
8.7619
10.6762
14.9714
8.66667
16.0762
18.5143
4.78095
17.4476
12.5524
12.8857
20.2095
10.1238
6.26667
8.87619
8.0381
9.1619
11.6381
10.0286
11.2
12.6571
5.39048
6.99048
13.6286
13.6952
11.3714
21.9905
7.61905
5.41905
17.1619
5.7619
9.65714
14.6762
9.91429
17.8857
6.73333
12.4762
9.93333
9.91429
18.0286
24.2667
7.7619
8.14286
15.2667
10.8667
10.2095
12.1238
5.93333
8.49524
6.13333
12.9333
12.019
19.8476
11.0476
20.7048
5.39048
12.1333
9.38095
31.3714
20.2571
12.4286
8.25714
5.5619
12.2381
6.40952
20.4857
13.4381
21.0952
12.419
10.4571
14.4571
14.4571
11.8952
13.2381
18.9524
13.8381
7.06667
15.6286
14.2476
19.8857
11.2
11.019
11.1524
18.7238
16.6286
15.9238
20.2
8.72381
13.4667
17.4
10.8667
11.019
5.34286
9.02857
6.05714
9.58095
9.0381
14.4095
9.35238
16.5619
21.781
8.97143
16.6667
8.11429
11.419
5.73333
9.20952
12.8
5.82857
8.89524
15.9905
22.6667
10.6857
18.9143
16.1905
21.1619
18.0571
19.8857
5.33333
7.60952
14.6095
16.8476
17.6571
7.08571
9.29524
6.01905
7.94286
7
9.45714
12.8
7.70476
15.9238
7.79048
15.9333
13.9048
16.4476
12.3714
16.7238
19.8476
11.1429
8.86667
14.4
8.91429
13.0381
6.50476
7.01905
11.8381
5.87619
9.06667
11.9048
15.9238
12.6762
13.5905
19.0762
8.69524
14.0095
9.4381
15.2952
19.6952
15.5333
11.981
25.4762
14.381
7.4381
9.01905
13.0857
15.7429
13.3524
16.2476
12.581
7.65714
21.9619
17.4952
15.419
9.31429
19.8667
14.5905
13.9619
11.3714
14.3714
17.1905
5.30476
15.6952
6.99048
15.7238
15.7524
9.99048
9.66667
13.9524
10.4381
14.7619
16.9429
7.01905
13.7048
18.4095
17.7429
19.6381
14.2952
9.68571
8.25714
6.37143
15.2
18.3524
6.71429
17.1048
32.6762
23.2095
19.2381
12.1429
8.8381
10.781
11.3619
8.50476
11.3619
7.6381
9.34286
6.48571
5.46667
8.69524
13.0857
13.6381
20.1524
11.8762
6.09524
8.19048
11.4762
12.0857
5.82857
6.45714
14.5619
15.1619
15.381
13.9524
12.4571
14.7524
9.45714
13.6381
14.6476
14.7619
19.381
14.7714
20.9905
11.9048
9.65714
6.1619
7.24762
10.6476
19.3333
9.28571
16.9429
15.3429
8.11429
13.3714
14.0952
9.81905
6.58095
8.4
8.48571
5.75238
10.4476
6.26667
6.32381
7.46667
19.5429
16.0857
9.74286
11.8095
6.5619
5.42857
10.6857
8.7619
9.81905
14.2857
6.33333
17.1619
7.34286
10.3905
9.9619
6.31429
24.6857
11.3714
22.4571
11.4857
12.2476
12.7048
11.6
12.3714
13.219
20.5905
9.97143
11.0667
6.2
12.2476
17.2381
5.24762
16.6571
16.3714
7.0381
9.88571
7.39048
7.44762
12.2095
18.4095
13.0667
11.781
11.1619
11.2
17.7238
13.6667
10.1333
10.0762
18.8286
8.05714
9.72381
16.8762
8.93333
5.65714
8.98095
14.219
9.29524
10.7714
8.14286
15.9619
11.7429
10.4286
6.48571
6.40952
16.8286
12.0095
15.4095
12
9.44762
10.7429
9.97143
17.4286
11.1619
5.75238
12.7619
13.5714
5.33333
6.77143
17.5429
5.50476
6.28571
10.7905
11.0381
13.819
10.7143
8.57143
17.9619
7.9619
13.1143
9.22857
16.2
11.3143
7.24762
8.11429
6.12381
6.93333
8.13333
7.11429
10.4381
25.2476
12.6952
15.7048
25.1048
16.019
10.4286
21.8952
12.3238
14.1048
20.9619
9.54286
16.4952
12.6571
8.53333
14.6
13.8381
19.4571
22.4286
9.2
11.2571
11.5143
9.29524
14.419
7.9619
7.45714
6.74286
22.0857
10.3048
6.54286
17.2476
12.5905
5.99048
12.3238
15.4381
9.9619
17.6286
15.8952
6.7619
9.3619
7.92381
10.5238
10.9143
15.4476
16.8571
18.8857
20.4476
12.2095
13.0381
6.59048
12.9905
11.7048
9.12381
15.5619
7.9619
10.8286
15.3238
13.9333
12.6762
6.28571
16.3143
11.1429
27.0381
12.0571
19.5619
10.3143
9.99048
13.0095
16.4952
6.20952
13.4
13.3333
5.39048
11.6286
18.7048
14.1048
7.21905
8.20952
8.17143
5.84762
15.4476
15.8
10.5905
23.9048
11.4286
25.5238
23.6952
14.3714
13.7524
6.46667
9.80952
14.7714
7.0381
12.8095
12.9905
12.9429
9.71429
6.6
12.9714
14.2476
5.21905
8.95238
13.1905
9.57143
8.0381
18.0381
12.5429
18.7238
13.5619
7.4381
15.7619
13
13.0381
11.8286
11.581
11.2667
18.5714
16.3333
16.0286
15.5333
14.6857
9.01905
9.74286
25.6952
11.7048
11.019
11.0857
7.05714
6.58095
10.1714
6.61905
11.8857
6.10476
7.40952
10.1048
7.42857
15.2286
12.3619
12.4476
15.1714
11.5905
18.8667
12.0952
12.8476
7.06667
7.82857
24.7238
10.8286
8.22857
9.04762
8.11429
21.8667
6.95238
9.39048
12.2762
10.7714
17.8571
10.0476
10.9619
7.90476
8.60952
8.82857
9.2
15.1143
9.8381
13.5905
15.8381
7.62857
8.89524
16.7714
8.86667
21.019
7.28571
14.4667
13.4476
15.2286
11.4667
12.2476
16.7714
10.1429
14.9714
13.8667
7.08571
12.8571
12.4952
15.381
13.5714
12.6667
10.5714
9.79048
6.61905
11.9905
7.62857
12.781
23.8762
6.2381
14.619
7.26667
16.4095
11.1524
13.2857
15.5714
18.5429
9.02857
8.57143
11.4095
10.7429
15.0762
10
17.1905
6.28571
15.0667
12.5714
8.09524
15.6571
10.3429
6.4
10.3143
4.72381
11.6952
9.84762
12.4476
12.1048
24.8381
9.33333
17.3619
12.3714
9.94286
12.581
16.3429
12.6667
7.21905
17.4667
5.46667
16.1905
9.07619
21.6667
17.4095
11.2571
13.0571
13.1048
19.2667
5.37143
9.52381
8.17143
13.981
9.05714
13.9048
12.5905
8.85714
19.5905
8.2
8.12381
9.92381
11.8857
6.7619
16.9143
14.1429
12.8095
16.0095
9.65714
8.02857
12.4286
12.8762
13.5905
14.0286
5.7619
11.381
7.57143
10.0381
9.53333
5.07619
19.8381
6.86667
5.52381
9.27619
10.2
6.34286
8.70476
16.2
8.66667
16.1238
5.68571
13.6095
8.37143
16.0286
14.1905
13.1714
12.0857
16.1333
13.1143
11.5429
13.5429
12.781
8.38095
9.55238
9.90476
7.7619
15.3524
19.4381
11.4381
5.47619
11.1333
9.75238
8.90476
12.8476
4.53333
6.46667
25.0095
25.8381
16.4476
14.2
15.4381
9.53333
5.00952
9.2
7.89524
14.419
6.92381
19.3048
13.819
14.8476
9.78095
5.75238
17.5619
5.27619
21.1524
10.7048
13.2952
9.12381
11.8857
16.6857
10.5048
5.3619
5.13333
7.48571
9.90476
10.2
7.79048
9.75238
10.6952
19.1619
5.67619
12.6286
8.89524
6.29524
6.64762
15.6286
25.6571
9.08571
10.6476
11.5429
16.1619
17.8762
8.09524
15.8286
12.1714
15.7143
8.92381
6.20952
11.619
21.619
19.3143
10.2381
18.9429
9.90476
8.32381
12.581
8.6
13.7714
10.9524
9.64762
7.4
15.1619
12.781
6.44762
10.8857
5.80952
12.1714
17.9048
10.8762
11.7238
25.019
19.9238
13.7048
8.44762
8.34286
7.37143
13.0857
9.47619
15.3714
19.9714
11.4762
15.2381
20.781
9.26667
11.8476
12.8286
7.37143
12.0762
8.26667
19.381
4.98095
14.9238
10.2762
11.9048
14.0286
12.6286
12.4857
7.01905
6.07619
7.58095
10.2286
8.99048
5.85714
7.51429
6.29524
11.1333
10.3429
18.4286
14.7905
8.44762
16.5143
7.89524
14.1238
6.73333
13.581
16.6095
12.0286
9.46667
6.91429
10.8571
11.1524
8.18095
9.47619
7.38095
8.44762
12.8571
16.1429
8.48571
8.53333
8.92381
10.4571
12.581
21.4
9.22857
9.29524
11.3619
16.019
14.3048
8.84762
5.7619
6.85714
18.5429
10.1905
20.5714
9.4
17.0095
8.22857
12.2476
10.419
11.7048
17.1238
12.7524
26.7429
11.6381
15.1714
10.9048
6.22857
5.6
17.8952
17.3048
12.2
9.99048
13.9905
13.2
11.2667
14.619
6.45714
12.2
9.72381
8.32381
12.981
11.4571
12.1905
17.6095
9.25714
10.3333
8.97143
5.94286
5.62857
6.69524
19.2
5.07619
13.1333
8.08571
7.98095
9.78095
4.65714
14.9905
20.0476
9.53333
8.27619
9.21905
10.4762
22.2667
19.8
17.0381
11.5238
19.4095
7.29524
13.0762
5.98095
12.181
7.75238
6.55238
10.4476
13.1619
8.40952
17.4952
15.1619
12.6286
13.0857
9.06667
16.0571
13.0095
8.9619
10.8286
15.819
10.8095
10.8571
16.6095
13.2476
20.7333
10.3143
8.62857
17.7238
21.0095
13.0286
13.4
7.3619
16.3048
9.12381
6.44762
18.4667
10.2476
14.5905
6.12381
19.7524
18.0381
9.7619
18.9714
10.619
16.8095
9.4
11.5714
16.3524
17.219
9.35238
5.61905
8.12381
14.7714
14.7524
11.6762
7.81905
11.8667
13.2762
12
19.1238
13.6476
16.9619
20.7524
13.3429
14.2952
5.22857
10.2
15.7143
12.8952
8.10476
8.19048
7.94286
9.2381
7.94286
6.99048
16.2571
6.42857
12.7524
10.9524
8.42857
7.6381
8.28571
8.60952
10.0286
13.0667
25.7524
12.2667
6.06667
19.4667
17.0571
18.819
10.419
15.7238
8.6381
12.7714
10.2952
9.73333
13.0571
10.8667
6.9619
7.92381
12.7048
8.8
10.0667
10.5143
10.5524
13.9619
7.6
15.4286
15.8381
6.86667
5.25714
11.5238
12.7905
16.019
6.42857
12.7238
4.93333
18.5238
8.55238
10.8857
10.4952
14.8667
15.8286
7.17143
21.8857
6.85714
14.3048
24.6286
6.0381
7.28571
16.1905
11.781
10.8952
10.5143
6.9619
4.97143
14.1524
6.10476
13.7714
6.68571
15.8571
8.15238
17.5619
5.62857
12.6762
14.7333
15.8286
6.51429
21.0952
16.7429
9.19048
24.4857
10.2381
7.24762
6.87619
18.9524
23.8286
11.5429
14.4381
12.7524
13.4
7.32381
15.8667
8.78095
9.64762
10.6762
15.1524
16.1524
9.91429
8.3619
9.01905
13.8286
8.05714
7.1619
21.5333
15.9048
19.0286
18.1333
15.6381
19.2762
12.4095
19.0952
11.2857
8.85714
15.2095
5.5619
7.59048
5.19048
25.7333
11.2095
13.7333
10.8762
16.1714
5.59048
12.9048
6.85714
10.7429
8.88571
16.8
18.619
11.8952
16.1333
6.17143
6.5619
5.53333
10.5143
12.1333
12.3143
8.91429
21.6857
14.9905
21.6952
7.72381
8.24762
12.0667
6.38095
14.019
5.86667
7
5.13333
17.1238
7.79048
6.99048
7.73333
9.4381
13.0571
13.9333
10.0762
10.1429
14.7048
15.0095
19.2476
18.2857
17.1905
11.0476
22.3048
11.5714
9.67619
8.61905
13.9905
12.1429
6.53333
9.15238
5.13333
14.8381
19.6381
21.7905
15.2286
9.44762
9.45714
5.04762
8.17143
8.71429
6.66667
5.33333
6.31429
10.3905
8.27619
18.6762
8.9619
10.6952
15.7429
9.80952
8.59048
12.7048
15.2286
7.2
8.99048
14.2762
15.3333
5.91429
22.0667
15.0571
10.581
8.64762
9.4381
12.5429
6.28571
16.9905
21.4857
7.32381
5.72381
10.1429
15.1619
19.2381
16.1714
11.6762
9.41905
12.3048
10.9238
19.2381
11.419
17.2476
14.4
10.4857
9.87619
10.1143
19.7714
8.04762
8.69524
10.3905
8.1619
11.7524
9.92381
11.8
4.9619
9.31429
9.41905
11.8952
6.77143
17.7619
13.0286
13.4571
14.1714
5.19048
17.1333
14.6762
19.5048
16.419
13.8857
11.419
5.46667
7.11429
8.06667
10.8381
12.7524
12.1143
16.8762
21.7333
16.9714
10.4571
4.51429
6.11429
10.8667
9.22857
6.9619
7.44762
11.7429
9.25714
12.9238
11.9714
6.6381
14.2476
15.3619
9.54286
19.1048
9.46667
15.3619
9.29524
14.019
13.7333
14.9619
24.181
20.2
10.0571
15.4286
7.47619
15.0762
6.33333
10.1143
7.02857
7.06667
10.7524
15.0286
10.5905
11.9429
7.82857
8.06667
14.4095
8.44762
18.7905
18.4762
10.0952
9.6381
15.4381
8.57143
13.219
8.82857
9.06667
10.4762
6.31429
7.04762
10.819
12.6095
12.9048
6.44762
5.46667
11.6667
11.4762
9.79048
7.12381
5.94286
9.92381
7.73333
12.2095
17.5905
17.9619
6.7619
6.70476
11.5048
17.2667
12.7619
7.12381
14.2
12.5714
10.781
13.6667
8.44762
16.6
11.5048
10.9524
5.95238
12.4952
4.13333
7.69524
9.94286
7.9619
14.4286
15.4952
15.819
8.17143
6.92381
16.6571
9.59048
16.1429
14.8
10.7619
21.7238
13.2952
8.51429
5.92381
16.8095
6.2
9.68571
17.9524
21.5429
12.5429
8.72381
10.8571
13.9714
9.38095
6.92381
20.619
21.5238
20.3714
6.41905
11.6857
11.1429
17.1524
6.2381
11.8762
18.4476
22.0095
11.1048
18.3143
18.7333
5.20952
10.3619
16.1714
15.1619
6.84762
12.8476
6.45714
12.5619
20.6381
9.66667
9.87619
11.0286
11.8762
7.54286
18.0476
13.6762
11.4381
11.3143
11.8286
8.7619
9.81905
13.3714
6.30476
16.4571
8.24762
11.9905
9.7619
13.219
5.53333
4.6381
7.21905
6.47619
13.6095
9.68571
10.1524
5.75238
8.07619
7.3619
19.7905
10.7619
11.1714
7.05714
19.781
16.3333
8.34286
9.2
16.6
20.4571
7.6381
4.94286
6.52381
6.19048
11.1524
4.95238
11.0667
21.6857
7.58095
18.8762
27.0476
4.54286
9.30476
10.5333
7
8.42857
15.2286
7.95238
10.2571
7.94286
17.6286
12.4
12.7905
10.5619
18.0476
5.5619
17.2476
10.7048
22.7524
6.6
25.7238
20.2286
18.4286
23.8952
10.1048
5.13333
6.34286
12.1714
7.54286
9.53333
15.7048
6.71429
4.99048
9.55238
8.6
5.54286
8.75238
17.7524
5.84762
7.18095
12.0381
14.0571
18.2
15.1714
19.8571
11.6762
11.2
15.1619
14.0952
13.7238
15.8762
12.1619
14.4095
7.88571
16.9429
10.419
5.48571
7.1619
4.77143
5.73333
5.58095
12.8
10.9619
5.27619
18.9524
16.9048
11.619
11.9714
11.2857
11.4571
13.7333
21.219
9.01905
9.50476
12.1238
19.1524
18.781
5.4381
12.0286
7.90476
19.4667
17.2571
10.5905
16.5714
12.1619
8.01905
11.6
9.90476
12.0571
13.6095
18.181
10.419
22.9619
16.2571
8.10476
6.38095
6.42857
12.8381
16.4095
16.9333
8.22857
17.4
6.3619
12.2667
10.7238
14.4476
14.8286
7.00952
14.1619
12.6095
17.219
12.9429
9.85714
5.49524
6.27619
11.5333
8.79048
9.71429
7.66667
12.2476
5.9619
7.54286
5.66667
8.05714
27.5429
18.4857
10.9238
10.7143
10.0667
9.15238
10.3905
11.3619
14.2286
7.75238
6.99048
12.2952
14.1714
10.2857
13.4952
10.8381
12.3143
12.0286
11.2381
14.9143
10.3143
9.80952
14.0286
17.7333
5.48571
5.55238
11.5238
6.60952
12.2095
15.2952
23.3048
17.9429
14.3524
9.66667
18.1048
18.1333
6.93333
4.90476
16.6952
5.97143
15.9333
10.1143
18.5524
14.0667
11.4952
13.4381
10.5905
6.49524
19.6762
12.1524
7.31429
5.26667
8.8381
7.3619
7.95238
10.7333
22.4095
16.8095
17.0857
9.60952
11.3048
8.64762
20.1333
8.69524
14.2286
14.7429
11.6952
17.6381
11.8
17.1524
11.0762
6.15238
8.24762
27.381
14.2762
16.4667
19.1238
17.0476
8.06667
8.08571
11.7619
16.5429
6.59048
18.2095
22.6762
13.6952
11.9905
16.6571
7.59048
12.7143
7.1619
15.1905
22.6762
8.64762
5.8
21.8
12.2857
14.7905
6.67619
12.4476
9.70476
20.6857
20.2095
22.6476
11.9905
11.0381
13.5238
9.32381
11.5238
19.0381
10.3524
7.53333
12.8381
8.22857
16.2095
9.42857
7.93333
6.27619
6.99048
6.39048
8.59048
9.68571
13.9048
9.13333
13.6476
6.09524
14.6571
10.2381
5.93333
6.84762
19.1048
7.79048
11.6857
5.68571
12.5143
14.2095
9.8381
10.0095
8.8381
19.6
8.90476
13.7333
6.33333
19.2952
5.92381
14.2095
8.48571
5.8381
11.1524
14.8476
14.5238
11.419
15.4571
15.1143
24.019
9.17143
13.4095
5.13333
6.81905
5.34286
6.55238
17.7524
7.21905
12.019
5.90476
5.31429
17.0286
10.981
8.08571
21.5238
7.17143
5.57143
14.3524
13.4381
6.22857
8.98095
11.3905
7.02857
10.781
9.88571
21.1429
11.1714
9.45714
7.55238
8.2381
8.11429
12.7905
12.3524
10.3619
17.2
13.5143
12.8381
6.00952
10.6
18.9333
11.2381
14.7524
9.42857
9.6
16.2952
16.0667
6.87619
10.619
7.47619
14.1714
5.6381
26.0952
17.4857
5.44762
14.1333
8.32381
13.9048
5.33333
6.2
13.0476
17.2571
11.8762
14.5048
5.62857
8.49524
9.88571
5.57143
14.6286
17.019
11.6476
8.67619
7.45714
13.3714
7.0381
12.9619
8.6381
8.48571
6.12381
6.38095
6.98095
7.30476
7.67619
8.26667
13.6571
20.8286
7.4381
8.89524
8.88571
15.4952
7.9619
5.86667
9.06667
8.65714
8.42857
7.4
8.80952
5.47619
4.64762
14.3714
11.619
8.39048
8.90476
8
14.7524
7.14286
7.21905
18.1429
11.4762
16.7333
10.3143
13.1143
10.8857
15.5905
20.381
15.8286
9.3619
9.92381
18.2381
12.8857
10.8476
22.1905
13.7333
13.5143
20.2952
10.6286
6.17143
14.2667
11.6952
9.2381
7.90476
15.2476
10.2095
26.3905
17.6571
10.3238
18.0286
12.3143
17.8381
9.47619
13.9048
15.4381
10.8952
13.1524
12.8952
17.3619
13.4095
10.4381
16.1905
11.4476
10.6286
9.22857
10.2286
19.1714
6.14286
7.67619
5.6
5.14286
11.3143
17.7143
11.1619
11.619
5.38095
15.6381
4.44762
20.9524
15.1524
16.0667
18.619
7.88571
12.9333
10.5238
11.4762
11.4286
14.7238
5.42857
7.78095
9.65714
19.019
15.3429
13.5905
14.781
6.37143
8.1619
5.98095
17.2952
8.2381
12.9905
4.37143
12.5524
13.9238
9.32381
13.8952
6.5619
15.4952
12.6762
12.1333
7.58095
16.019
13.9524
11.9048
15.6667
16.419
7.74286
7.72381
10.6
9.26667
14.3619
17.4952
12.5905
15.5143
18.9429
5.41905
6.73333
17.9333
5
11.3429
7.05714
6.73333
9.47619
8.50476
6.50476
12.019
5.74286
12.8762
6.68571
18.5048
11.2476
6.91429
11.6857
5.68571
10.9143
6.61905
14.6952
10.8476
11.3524
18.6952
6.60952
7.95238
5.77143
9.55238
12.6476
12.1238
14.4667
5.48571
8.81905
10.619
11.0381
6.69524
5.65714
13.3714
11.781
6.32381
13.7048
12.1619
10.0571
9.9619
11.0286
12.7714
10.781
6.10476
9.97143
17.181
13.9048
16.1048
11.9429
7.71429
10.381
7.05714
11.5238
7.80952
13.1714
7.30476
11.4667
12.3429
12.6667
6.62857
8.02857
17.6095
6.59048
13.3619
8.04762
12.1619
14.5143
9.65714
9.25714
8.58095
9.9619
11.0476
5.82857
8.09524
8.62857
9.13333
6.15238
12.7429
22.8476
19.1714
12.7905
18.4381
7.8
9.08571
6.47619
8.81905
15.8476
11.3238
17.5429
17.3714
17.6667
16.0667
12.8286
10.9524
12.3048
16.7714
12.8571
6.28571
12.2952
11.3333
31.3524
10.2952
12.019
10.3143
5.84762
16.7333
8.73333
6.05714
14.0476
14.7333
14.9619
16.8476
6.5619
8.78095
11.9238
12.4476
8.0381
13.1429
9.86667
36.5238
12.9905
8.87619
20.4286
10.7905
12.8381
11.7619
7.78095
15.6476
5.41905
10.8476
5.26667
13.9619
13.5143
12.7238
16.3905
19.7905
10.219
6.26667
6.88571
6.51429
12.7524
15.7905
7.57143
19.0857
7.94286
8.82857
16.5714
12.7905
12.0095
13.4381
5.59048
8.60952
7.11429
9.10476
10.2
14.5143
9.91429
11.3143
9.30476
18.4762
8.51429
7.14286
5.18095
6.69524
10.4381
12.0857
9.81905
12.8952
11.619
6.40952
6.35238
7.50476
7.31429
6.14286
9.31429
13.2476
19.4952
7.00952
10.7333
8.29524
17.9333
10.6
8.47619
19.9905
5.94286
20.2571
23.1429
18.2095
16.981
6.17143
7.86667
6.45714
6.62857
18.9429
25.0952
15.6
20.2095
10.7619
23.1048
16.781
17.1619
12.819
16.6286
5.5619
16.5619
6.57143
16.5333
12.2571
11.7714
13.7905
12.3048
7.81905
11.4952
5.51429
5.79048
6.97143
7.3619
7.02857
15.2667
8.71429
18.819
6.13333
14.2095
22.4
6.89524
15.1048
13.0571
9.8381
6.8
6.31429
13.6571
11.7429
8.79048
6.85714
17.1714
10.9905
14.1905
20.781
20.381
8.11429
9.91429
11.5524
18.6286
13.5714
10.0476
12.0857
6.35238
10.8571
12.7619
8.45714
11.5048
11.0381
38.0571
12.819
6.46667
5.85714
5.87619
11.8381
14.8571
5.5619
8.21905
8.41905
8.93333
11.6
8.79048
15.6667
6.09524
20.5429
13.381
7.04762
9.53333
7.50476
17.6667
4.40952
11.9238
13.3714
9.47619
10.7048
24.1143
16.9048
11.981
8.05714
8.70476
6
7.42857
8.57143
14.5333
9.82857
11.2952
12.2095
9.21905
8.24762
13.4952
14.0571
7.75238
7.4
20.2095
8.31429
6.5619
10.4952
14.6095
11.5333
11.4571
5.48571
9.24762
5.97143
5.10476
12.2667
10.0571
6.81905
14.8286
9.21905
20.9048
8.0381
5.64762
7.19048
5.90476
20.9048
12.0762
8.62857
6.33333
8.08571
11.8095
9.3619
9.61905
6.14286
8.89524
11.4571
8.0381
7.61905
16.0381
9.85714
17.7524
11.0571
7.05714
15.2952
7.12381
15.7333
13.6095
17.4381
11.8857
14.9714
6.54286
19.6381
10.5429
16.2571
13.019
15.9238
11.4476
9.19048
10.7048
16.6
20.2571
6.00952
11.0381
15.2571
9.88571
11.2667
9.81905
6.52381
10.5905
6.60952
13.7524
12.2286
7.95238
13.1143
8.18095
13.6381
7.34286
20.7905
7.64762
6.02857
9.59048
11.4381
14.619
6.44762
13.1333
13.8571
15.3714
25.0762
6.20952
5.2381
14.3524
7.31429
14.4476
9.14286
6.33333
9.48571
19.6381
13.4
16.5619
9.8
13.6667
11.219
12.9238
14.6286
13.7048
6.7619
15.4952
7.27619
11.0381
15.9619
5.69524
5.49524
7.11429
6.64762
5.67619
16.1429
12.9143
10.1524
10.1524
9.64762
10.4286
14.619
3.53333
5.74286
12.4762
10.7714
7.86667
8.0381
9.68571
3.78095
8.15238
3.85714
10.0667
15.6857
14.4286
7.44762
5.69524
3.92381
8.50476
4.49524
9.90476
6.31429
4.72381
5.10476
8.86667
11.019
7.21905
14.5714
7.22857
9.68571
18.2952
12.0381
6.98095
7.91429
5.2381
11.9048
20.1524
7.6381
11.4762
6.64762
8.38095
7.61905
10.8286
4.10476
7.25714
13.9238
11.3714
20.1524
10.2762
8.35238
7.28571
7.39048
11.0952
16.2381
7.39048
11.1333
7.7619
5.99048
6.38095
5.98095
8.72381
10.1905
4.42857
7.14286
12.981
18.0667
4.87619
15.6095
16.4762
4.00952
4.95238
4.4
27.8762
10.6857
12.2952
16.6762
8.81905
8.99048
8.72381
11.7524
17.2857
18.1619
10.7905
15.6857
14.4667
9.15238
7.41905
10.2
4.46667
4.25714
9.98095
7.94286
11.8476
6.33333
4.86667
3.79048
8.29524
8.72381
3.77143
8.51429
8.19048
3.93333
11.7524
11.219
8.29524
3.84762
10.3048
16.2
5.74286
5.12381
12.4667
15.6286
11.1619
5.78095
8.99048
7.80952
9.97143
3.37143
5.99048
7.74286
4.77143
5.53333
11.2476
7.33333
8.20952
7.57143
9.30476
4.27619
8.09524
6.33333
7.13333
8.15238
10.3048
6.51429
4.78095
10.6857
7.78095
8.99048
4.4
4.78095
4.84762
7.01905
6.91429
3.50476
15.2667
10.3333
9.26667
5.41905
13.8667
4.86667
8.91429
5.08571
5.2
6.21905
9.02857
4.73333
9.06667
9.05714
7.88571
6.2
10.0095
9.4
4.8
5.87619
5.99048
17.8952
13.4571
9.61905
6.06667
9.99048
9.95238
11.4286
11.8571
11.7714
3.71429
15.9333
17.8762
5.85714
6.75238
9.19048
5.7619
13.4952
9.17143
11.7143
4.66667
8.90476
3.78095
8.29524
3.86667
4.54286
4.39048
10.4857
4.49524
10.8667
8.64762
4.94286
9.57143
37.7619
7.07619
7.12381
5.30476
11.2667
4.29524
10.4571
4.29524
10.4571
4.34286
14.7714
10.6381
6.72381
17.5714
8.02857
8.72381
7.70476
6.95238
4.2
8.78095
8.97143
13.0857
8.24762
19.0762
14.7143
5.3619
15.4857
4.18095
10.219
5.73333
3.64762
8.92381
11.0667
10.4095
4.94286
9.39048
10.1524
12.0286
9.50476
9.21905
7.8
9.39048
12.181
14.1333
12.4476
4.01905
4.21905
16.2667
15.3048
12.3524
3.55238
17.2952
5.54286
9.4
4.86667
23.8857
4.42857
14.4762
4.4
11.5524
9.2381
23.2571
5.75238
8.54286
4.57143
7.25714
12.981
24.7238
5.09524
5.7619
21.8857
7.14286
4.08571
12.2476
12.219
8.3619
11.3905
8.32381
14.7333
8.12381
11
12.3333
19.5238
9.34286
9.80952
4.78095
4.12381
10.1048
8.18095
13.9429
11.619
6.55238
3.87619
4.6381
4.45714
10.7143
4.4
13.9238
4.73333
9.41905
8.94286
15.3143
7.66667
12.619
9.19048
8.12381
4.01905
9.32381
12.6952
7.82857
7.01905
5.7619
9.84762
8.8
7.26667
12.8762
4.53333
14.1714
5.62857
3.74286
7.89524
6.45714
3.99048
15.7714
3.58095
4.30476
5.27619
7.88571
4.81905
5.7619
8.34286
6.12381
4.39048
4.24762
3.79048
6.79048
8.66667
8.6
3.27619
9.81905
13.7333
4.98095
12.6667
13.581
5.0381
9.72381
5.99048
17.2286
8.95238
3.69524
11.6857
6.21905
7.13333
10.7905
4.49524
11.3143
6.3619
9.3619
11.0667
9.97143
10.6476
16.9238
7.33333
13.4952
9.45714
11.7524
18.8476
15.7048
9.58095
7.01905
9.50476
4.27619
3.45714
4.33333
9
10.5905
4.45714
9.60952
4.8381
19.1143
10.1619
15.2667
12.9238
14.1048
19.3905
6.53333
10.9238
5.82857
7.94286
13.4571
9.98095
4.44762
10.8857
3.85714
7.00952
5.98095
10.2
19.7048
13.9905
13
9.05714
55.1333
12.2476
10.7905
4.45714
5.18095
4.50476
6.01905
12.619
14.6762
7.93333
13.6
10.6
3.85714
11.2762
4.08571
4.7619
3.27619
6.2
18.2381
5.47619
14.2476
7.64762
11.3524
8.44762
11.8762
7.01905
10.6286
8.47619
9.6381
4.00952
12.6762
12.9714
15.7048
4.85714
5.82857
7.57143
8.48571
12.0857
7.45714
8.08571
8.70476
15.4476
14.4286
5.02857
3.57143
10.019
7.9619
6.35238
13.0571
4.35238
16.181
11.1619
10.7238
5.08571
10.1333
4.04762
10.7333
6.41905
5.19048
10.2952
7.29524
11.2667
8.26667
13.5524
10.781
12.4952
4.74286
10.5333
9.57143
11.1714
8.80952
15.7333
12.0381
4.77143
6.41905
6.13333
13.4
8.46667
13.0095
7.9619
6.00952
8.2
7.6
6.53333
6.17143
4.44762
7.4
10.2381
5.90476
13.7048
14.7619
8.08571
7.01905
6.02857
12.5429
7.53333
4.65714
12.5238
7.2
6.47619
7.87619
5.00952
4.80952
13.0476
16.7429
6.69524
8.37143
7.60952
17.4571
3.59048
10.2762
8.25714
12.8667
10.5524
9.62857
6.00952
6.9619
9.53333
5.86667
5.31429
18.1143
15.9429
13.2476
10.3048
8.22857
15.2762
15.4762
7.91429
13.4381
20.1905
7.14286
14.3143
14.0571
9.11429
8.49524
9.22857
4.20952
4.75238
15.1619
4.79048
4.88571
7.00952
12.1429
5.86667
9.61905
6.77143
6.52381
10.0095
4.7619
3.93333
8.91429
4.8381
8.89524
13.4762
4.01905
4.99048
7.87619
10.2762
4.59048
7.79048
7.09524
12.5333
6.6381
5.14286
6.06667
9.24762
4.30476
5.72381
7.01905
4.30476
4.74286
4.54286
7.35238
4.9619
11.2571
9.0381
14
8.11429
11.5619
7.99048
7.89524
16.9048
6.34286
3.62857
5.53333
5.4381
9.86667
6.94286
8.87619
14.5429
18.7524
10.7333
3.69524
20.3238
11.8571
7.4
4.05714
5.45714
4.14286
4.04762
7.38095
10.1143
17.781
3.3619
14.819
11.1619
13.0381
7.04762
11.1619
9.02857
11.9238
16.8286
3.95238
6.60952
5.80952
10.0476
9.38095
7.21905
6.70476
11.8095
12.2952
4.33333
9.19048
9.6381
4.40952
3.27619
9.89524
9.98095
4.85714
19.0762
7.28571
15.6286
11.0381
11.2857
14.2857
4.95238
9.84762
4.8
7.25714
4.90476
7.47619
15.7524
6.35238
8.04762
13.6667
4.77143
5.58095
5.66667
11.3333
11.9619
11.9524
8.22857
12.1714
4.19048
7.94286
4.42857
10.2857
16.9619
8.25714
8.29524
8.07619
8.26667
9.85714
5.41905
3.98095
9.10476
5.48571
9.55238
7.41905
4.17143
15.3238
9.66667
5.50476
4.01905
6.73333
4.50476
9.22857
13.6
3.65714
3.98095
3.55238
5.62857
8.87619
8.75238
8.04762
3.67619
13.819
7.29524
10.5619
4.4381
12.4286
5.4381
3.46667
7.37143
8.37143
6.21905
5.44762
6.66667
9.58095
7.58095
3.74286
8.40952
9.9619
7.59048
5.2
6.61905
17.3143
5.69524
6.33333
3.82857
9.65714
11.4
8.27619
11.9333
5.8
14.1619
5.27619
4.93333
12.5619
3.71429
15.0095
3.72381
7.79048
7.68571
4.97143
12.2667
4.50476
10.1714
11.9524
3.25714
4.37143
5.01905
14.1333
12.1048
6.34286
5.97143
11.4857
4.31429
9.33333
8.2381
9.78095
4.07619
4.34286
7.22857
4.99048
5.55238
19.1619
5.59048
12.9619
8.08571
19.4286
5.22857
9.02857
11.2857
9.09524
3.46667
5.81905
5.30476
15.3524
13.6381
11.1905
8.48571
5.02857
10.8952
10.981
4.39048
13.8952
17.5905
7.05714
13.3905
3.94286
9.49524
15.9333
8.27619
5.42857
8.07619
10.0381
9.53333
19.8571
12.1333
8.44762
3.53333
4.2381
5.72381
3.53333
7.41905
18.8667
4.81905
4.44762
3.39048
4.81905
4.70476
4.27619
12.2
4.60952
4.59048
11.6286
5.11429
16.6381
14.2
12.4381
18.2381
6.93333
3.39048
8.38095
6.33333
12.5048
6.67619
8.35238
6.22857
8.93333
11.781
4.91429
6.61905
5.34286
10.0476
12.4952
5.29524
13.8
3.29524
13.8667
11.8667
6.52381
6.91429
10.5429
10.4381
11.5714
8.18095
9.54286
11.0667
5.47619
10.0857
10.4571
9.42857
3.91429
14.7143
8.1619
3.38095
7.38095
6.48571
7.24762
7.82857
5.0381
10.7238
16.2
5.19048
3.90476
13.2857
9.19048
8.80952
7.88571
16.7143
16.781
12.7333
9.70476
16.8952
10.1905
4.17143
4.34286
4.65714
4.97143
13.2571
3.78095
5.59048
4.17143
11.3238
15.7905
6.53333
16.0476
10.3714
7.17143
14.5524
7.94286
7.48571
9.6381
4.05714
8.08571
6.22857
9.52381
8.84762
7.53333
16.0667
12.3905
8.26667
8.61905
11.7048
5.33333
6.46667
12.4857
5.58095
15.3524
13.6
16.0476
5.88571
11.8762
4.01905
10.0667
11.8762
10.2857
8.7619
8.9619
5.19048
4.62857
6.89524
17.219
13.3333
4.34286
8.59048
8.84762
6.91429
14.8571
13.4381
12.2571
14.4571
14.4857
16.1714
9.93333
12.819
14.6476
4.85714
13.9048
11.2762
3.10476
15.3143
12.8095
12.6667
8.09524
6.57143
4.9619
14.2476
14.5238
10.4571
5.52381
10.4095
3.9619
3.14286
7.55238
10.6476
3.87619
4.4
12.0286
11.5333
14.6095
5.24762
4.18095
5.08571
8.39048
7.79048
6.84762
8.66667
3.72381
3.39048
4.86667
7.53333
7.42857
7.95238
12.3524
9.46667
12.4095
9.40952
23.7333
5.44762
7.62857
13.981
3.89524
3.54286
4.00952
11.2
7.51429
5.42857
3.93333
6.2
5.12381
5.18095
8.18095
8.49524
8.58095
4.32381
6.52381
10.5524
6.62857
4.5619
8.62857
8.26667
15.3905
8.9619
11.4571
9.01905
9.09524
15.4667
9.37143
9.77143
5.19048
9.4381
3.48571
4.38095
9.01905
17.5714
8.13333
5.13333
3.82857
5.78095
9.40952
5.0381
3.52381
16.2476
14.8381
8.65714
9.8
7.11429
9.82857
9.22857
9.38095
8.10476
11.8476
7.69524
8.73333
3.26667
12.5238
5.80952
8.95238
10.7333
10.4286
12.1619
10.3143
10.5905
11.5048
3.8381
7.1619
12.4286
8.01905
3.22857
9.97143
8.55238
13.0667
7.46667
4.95238
18.5143
4.65714
5.05714
5.6381
5.6381
4.99048
16.4381
8.84762
6.51429
7.50476
6.04762
9.89524
14.6667
11.6381
12.8095
3.52381
4.77143
4.8381
12.3619
8.0381
13.6476
7.12381
4.5619
7.80952
3.61905
11.781
8.74286
8.48571
4.74286
16.7905
12.9714
9.4381
6.84762
7.30476
11.5619
3.62857
4.01905
12.7143
8.0381
7.64762
8.22857
13.1524
6.2381
5.94286
18.4571
4.80952
8.27619
6.80952
5.89524
10.7143
14.8
6.64762
7.37143
15.1714
7.38095
11.5619
8.10476
13.6762
5.97143
6.71429
5.51429
9.1619
6.30476
8.67619
7.51429
14.9333
4.94286
9.45714
12.4286
9.12381
4.72381
13.0762
23.6857
10.4667
10.5143
11.019
15.5048
8.05714
13.6095
14.2571
8.93333
9.08571
14.1238
13.6476
14.4
8.62857
11.9333
12.0952
8.22857
11.381
5.59048
7.2
17.5048
7.75238
15.4571
15.9143
7.31429
11.7143
19.0476
8.1619
4.70476
13.0857
12.2286
4.71429
7.49524
10.6857
16.5524
9.6
8.14286
19.6857
3.6
7.33333
5.29524
10.2857
8.37143
4.0381
5.4
16.2762
7.33333
9.99048
6
21.2095
18.0571
8.62857
4.67619
10.3619
9.54286
5.18095
10.6571
9.21905
3.32381
8.2381
10.4095
5.66667
10.8476
7.92381
8.80952
7.87619
4.17143
8.59048
12.4381
15.5143
14.2667
4.86667
5.14286
8.42857
14.3238
4.62857
12.1143
7.25714
6.6381
13.8286
4.26667
5.02857
17.2571
9.52381
9
16.4
13.7143
9.75238
7.39048
11.781
13.0762
17.6571
9.64762
8.05714
9.19048
14.0476
13.3619
6.54286
9.20952
15.7429
10.9619
4.57143
7.6
7.81905
4.62857
16.2667
3.27619
11.3524
13.5619
11.8095
17.7619
8.46667
4.1619
9.1619
9.95238
5.54286
7.48571
13.9714
10.181
9.42857
5.82857
5.13333
6.06667
4.27619
7.35238
12.1429
11.6095
4.34286
11.9333
3.69524
9.88571
5.46667
7.07619
4.25714
7.26667
9.22857
12.7429
7.24762
4.87619
11.9714
5.84762
13.8762
4.47619
13.419
19.7905
8.34286
6.54286
18.8857
12.9048
6.74286
4.92381
8.2
16.9905
12.7143
6.73333
11.7429
4.97143
18.381
8.69524
15
10.8857
11.7143
5.45714
5.19048
10.5429
5.0381
10.6857
12.8381
8.29524
13.3524
9.52381
12
9.89524
7.13333
4.6381
18.4381
12.2571
4.35238
10.9048
13.2286
3.58095
5.6381
8.94286
7.71429
3.66667
15.3429
12.5714
3.92381
7.69524
11.2952
8.47619
8.74286
10.9524
8.15238
5.1619
6.22857
8.27619
8.26667
10.5619
13.1048
4.97143
9.98095
9.39048
9.84762
9.13333
5.52381
11.1714
10.2
5.17143
7.91429
16.6476
10.7048
3.81905
9.10476
3.39048
13.8857
4.15238
12.581
9.91429
8.28571
3.84762
9.30476
5.17143
13.1238
4.24762
14.6476
9.14286
4.58095
3.64762
7.40952
4.02857
9.19048
20.1048
8.09524
4.40952
3.51429
10.8
8.3619
10.3524
3.97143
9.37143
4.6
7.4
20.9905
12.6952
14.3905
12.219
10.3619
4.80952
7.27619
18.8
4.48571
7.87619
5.25714
6.50476
15.6286
9.34286
5.8
5.45714
4.59048
11.0667
6.20952
8.44762
14.2571
8.0381
6.27619
6.8
14.3714
10.4857
9.64762
12.8286
5.0381
4.44762
4.13333
7.80952
7.7619
9.32381
6.13333
9.1619
11.4571
6.13333
3.79048
6.72381
5.06667
4.06667
4.22857
11.1238
10.3048
6
4.4
10.8667
11.381
7.9619
4.73333
13.9905
14.2476
3.60952
4.6381
5.52381
10.9619
4.99048
3.90476
17.7333
4.01905
5.11429
5.17143
17.0952
4.41905
4.81905
14.181
4.48571
7.80952
8.82857
9.86667
6.1619
5.26667
7.22857
15.8762
8.61905
10.8667
12.7238
9.20952
19.7524
9.44762
7.75238
12.2095
10.1619
8.94286
9.39048
6.28571
5.07619
6.84762
7.11429
8.55238
4.94286
5.92381
6.8
8.33333
11.2095
5.17143
7.90476
8
8.4
9.02857
3.78095
5.04762
16.9905
8.95238
13.6762
10.1524
7.17143
13.7429
10.2952
5.89524
3.94286
9.26667
10.5524
3.70476
3.73333
7.92381
26.2857
10.4381
8.27619
20.7619
13.2286
8.13333
4.54286
6.27619
3.85714
7.99048
8.35238
9.25714
4.6
8.41905
5.4
17.1143
12.381
9.9619
9.19048
4.38095
3.14286
11.6286
10.3714
19.0476
20.0857
7.14286
7.26667
12.181
8.8381
10.2095
8.59048
3.87619
4.46667
5.15238
5.18095
7.08571
4.17143
4.82857
14.419
14.1524
10.819
15.0857
8.06667
14.1714
4.74286
10.0476
13.7714
9.05714
7.71429
14.9238
9.79048
4.55238
8.10476
13.8286
20.2381
3.57143
6.60952
3.4
11.8857
4.78095
4.04762
10.3619
6.4381
10.6857
4.9619
10.619
9.02857
6.6
5.99048
4.12381
10.1048
7.04762
9.44762
4.90476
4.15238
4.31429
9.31429
5.97143
11.8952
6.57143
5.07619
18.5333
9.10476
4.40952
15.3143
10.2381
9.22857
6.17143
14.981
6.93333
9.0381
6.89524
12.4667
6.77143
5.74286
15.2667
6.50476
10.0571
8.66667
9.72381
8.57143
8.54286
4.62857
12.2667
16.819
4.14286
15.0667
4.39048
5.2
12.2571
7.69524
11.4286
4.66667
6.78095
13.4381
13.6667
14.6762
13.8095
10.1429
5.12381
6.21905
12.0381
4.08571
5.45714
9.24762
6.2381
16.1524
6.58095
15.6952
5.20952
7.41905
7.98095
8.59048
5.32381
9.41905
9.08571
13.1143
8.84762
7.81905
3.91429
8.68571
19.219
4.89524
13.0667
13.4
5.70476
14.3905
12.1714
9.04762
10.2
4.41905
14.1524
5.70476
11.0762
14.0762
7.69524
4.85714
10.4667
18.3429
9.34286
11.8571
8.02857
7.67619
13.0952
3.93333
5.95238
6.50476
7.04762
4.48571
15.0571
6.28571
7.99048
5.92381
5.7619
5.2
8.2
10.2952
10.1429
14.7048
8.11429
11.4857
6.49524
15.8571
9.17143
6.40952
8.47619
15.581
10.2952
4.13333
8.42857
12.1714
4.53333
8.33333
8.78095
3.89524
7.7619
9.40952
12.7429
6.06667
9.78095
3.75238
9.02857
16.8286
8.12381
5.49524
13.4286
5.44762
5.75238
9.27619
4.82857
11.6667
6.3619
5.8
5.22857
9.31429
18.8476
8.68571
8.86667
7.51429
15.0952
6.57143
4.27619
4.51429
4.68571
9.45714
3
12.2571
8.54286
5.6
4.37143
5.08571
17.0952
6.37143
6.65714
3.79048
3.20952
14.4857
7.20952
5.59048
7.6381
5.37143
4.35238
12.8857
3.85714
10.181
7.26667
12.8095
15.4476
6.33333
10.0762
8.48571
19.4286
14.4381
5.46667
10.7238
5
14.4476
8.85714
5.8381
9.45714
17.1714
4.40952
16.0286
9.62857
8.85714
3.65714
7.14286
3.93333
9.19048
15.1143
9.45714
11.7429
13.6667
5.89524
6.28571
5.51429
15.9333
14.9714
3.2381
5.81905
5.19048
9.44762
10.0857
18.4286
11.8
17.0095
12.8095
5.88571
8.52381
15.2857
7.02857
14.5524
11.3048
15.9524
7.85714
6.0381
6.90476
9.22857
6.92381
10.2857
12.0667
8.45714
7.00952
11.2667
4.4381
4.18095
14.5619
14.9619
4.41905
16.4
6.69524
15.0667
5.98095
8.12381
7
10.4095
8.55238
10.7524
8.82857
8.55238
5.84762
13.7429
12.1048
12.8476
13.4476
12.1524
13.219
9.66667
4.09524
14.6667
8.4
18.6571
6.74286
6.55238
6.01905
10.381
7.70476
12.6571
9.00952
9.09524
5.66667
4.27619
7.32381
9.69524
13.8381
4.21905
17.4476
9.12381
10.4095
13.6762
9.28571
3.2381
6.29524
10.819
5.2
9.30476
4.4381
12.6857
9.07619
6.08571
5.4381
4.21905
5.59048
5.68571
9.68571
20.1429
14.2952
9.61905
21.5524
8.4
10.1048
7.32381
10.019
10.8667
14.5619
9.99048
9.47619
13.2667
6.67619
7.38095
5.29524
13.0095
13.0571
4.69524
5.26667
14.0286
7.50476
4.62857
4.24762
4.12381
9.68571
3.77143
11.019
4.6
6.15238
3.92381
9.46667
4.49524
8.17143
12.2857
4.14286
5.9619
11.1429
9.1619
7.55238
12.1143
19.0762
6.89524
10.4571
11.0286
11.3333
4.70476
6.1619
6.51429
6.14286
5.08571
15.8095
9.81905
5.90476
4.71429
13.9048
9.67619
12.7619
8.98095
11.981
13.6
17.2857
6.09524
7.09524
5.06667
9.93333
12.0762
11.1714
3.8
4.84762
6.47619
8.46667
4.78095
5.64762
17.4095
14.2571
13.5333
10.2762
5.81905
10.181
4.67619
5.06667
7.9619
17.1429
10.6857
7.33333
5.06667
13.9048
7.61905
9.21905
12.1714
8.18095
11.6952
5.40952
18.4571
3.73333
11.4381
5.04762
9.5619
6.51429
12.2
3.53333
12.3714
4.95238
11.9524
4.51429
16.3714
9.57143
6.70476
9.98095
13.0667
11.4
4.88571
4.01905
12.1714
4.35238
7.01905
6.78095
8.37143
5.5619
6.99048
11.7619
9.91429
13.8762
5.6381
7.27619
5.0381
9.32381
8.32381
9.54286
21.9238
11.9714
10.5143
3.94286
6.65714
4.35238
9.61905
4.08571
4.77143
12.4762
3.85714
5.15238
10.1619
10.5905
3.48571
5.28571
3.7619
9.07619
4.12381
4.00952
9.25714
7.01905
10.0286
6.27619
9.6
5.97143
4.79048
8.15238
6.22857
6.32381
16.6095
10.2
5.87619
7.06667
9.9619
4.97143
16.0381
12.8571
7.81905
9.19048
6.28571
4.35238
4.6
10.981
4.58095
32.5905
5.55238
7.82857
12.0667
8.61905
7.38095
12.3048
4.39048
10.0762
3.69524
12.8095
14.1429
8.42857
5.84762
6.05714
3.82857
4.64762
8.72381
10.419
5.66667
9.53333
5.0381
9.35238
4.07619
8.49524
13.8476
13.8476
10.6476
9.44762
6.57143
4.53333
6.50476
8.61905
3.70476
11.7333
6.42857
9.5619
16.4476
8.68571
11.9905
12.4
5.20952
8.06667
8.4381
14.9048
4.77143
11.781
9.46667
5.3619
18.2762
11.6762
4.74286
3.68571
13.2095
5.4
9.9619
4.21905
5.66667
10.7714
10.2
9.27619
8.93333
10.8381
12.019
10.7714
18.2095
4.53333
7.25714
8.74286
13.8
5.54286
10.8286
8.86667
8.27619
5.66667
9.77143
10.7143
18.1048
5.54286
10.2
7.9619
17.2381
15.6857
9.5619
14.0952
15.1048
11.619
4.90476
5.26667
16.7048
13.8571
13.5143
9.50476
8.14286
9.59048
10.0571
6.50476
4.05714
5.45714
9.02857
19.9524
6.27619
4.69524
4.88571
4.18095
4.50476
14.6
3.29524
11.5143
14.4286
11.5333
13.0857
8.05714
6.93333
11.4571
9.7619
3.4
3.24762
9.54286
4.7619
5.73333
16.1048
7.75238
11.7143
5.0381
4.10476
9.8
5.46667
7.20952
4.00952
12.4
4.24762
15.0286
9.00952
10.7905
12.4476
8.51429
5.04762
7.85714
4.29524
12.1238
14.419
10.6381
8.75238
4.45714
18.8381
12.4381
4.0381
5.57143
5.45714
10.3048
10.0476
8.13333
3.69524
9.88571
16.4952
17.4476
13.2571
7.12381
5.18095
7.39048
9.52381
12.9333
5.01905
11.2571
8.89524
9.45714
13.4857
12.7905
8.52381
13.4095
15.3714
8.10476
7.4381
16.4762
15.9524
10.3905
12.6857
8.62857
9.22857
7.86667
10.8381
8.8
9.3619
15.219
14.4381
11.1238
6.87619
10.1048
8.33333
8.06667
8.18095
7.14286
5.65714
7.64762
18.0476
10.8
6.49524
5.97143
9.77143
10.5333
18.0286
8.5619
8.85714
12.6286
7.18095
8.26667
7.86667
11.5905
13.8857
7.14286
6.71429
5.0381
5.69524
3.68571
17.8
7.04762
5.00952
8.24762
6.28571
7.86667
13.981
12.3238
14.8095
8.28571
6.87619
6.61905
5.27619
11.581
9.10476
12.6095
17.7333
8.09524
9.51429
7.48571
5.00952
9.79048
4.39048
4.15238
5.02857
7.88571
5.54286
12.819
4.71429
4.82857
4.86667
3.90476
5.42857
3.12381
4.12381
10.1619
7.31429
12.8857
12.3524
8.75238
11.419
15.9619
13.2571
17.4
11.0762
14.8571
16.4381
4.2
8.29524
12.6095
4.38095
8.33333
4.13333
8.39048
14.5524
17.3905
4.48571
13.0857
4.19048
15.1905
16.3619
4.59048
14.4476
4.70476
11.2381
8.57143
10.619
13.5429
8.69524
7.66667
8.92381
5.04762
4.7619
9.94286
13.7048
7.89524
6.31429
5.1619
17.1524
6.00952
16.6286
15.8381
4.30476
7.47619
18.1524
11.5905
8.91429
6.27619
6.32381
15.2095
9.12381
4.71429
7.91429
14.6095
13.1048
16.2476
10.8762
11.9905
12.6286
16.5333
8.14286
8.6381
12.1143
4.08571
4.84762
7.30476
3.85714
9.7619
5.37143
8.81905
16.1524
9.57143
4.57143
7.45714
4.79048
11.6952
15.419
9.54286
4.19048
4.6381
4.1619
12.3905
7.98095
18.9524
11.0857
4.73333
6.79048
11.6857
12.0286
14.8762
11.3714
9.06667
4.19048
4.49524
8.18095
6.15238
5.29524
3.17143
3.9619
9.48571
4.68571
5.19048
9.35238
11.0667
12.8667
7.6
9.1619
3.66667
6.93333
4.53333
8.45714
14.1524
12.7238
8.58095
7.4
6.25714
3.46667
7.82857
7.6
19.219
15.4857
5.79048
8.82857
13.9619
12.9048
7.99048
9.78095
9.4381
5.29524
12.5333
9.55238
4.27619
13.219
4.78095
4.46667
10.9143
9.32381
6.21905
5.12381
9
13.6667
3.41905
6.77143
4.7619
7.32381
3.19048
8.10476
19.5143
19.8667
4.65714
9.26667
9.89524
10.3333
8.50476
9.99048
14.1524
13.3429
2.68571
10.2571
7
5.71429
2.20952
2.37143
4.35238
6.20952
2.6381
4.0381
8.28571
6.97143
2.06667
8.02857
2.81905
6.2381
3.44762
7.94286
10.0667
3.94286
5.59048
5.32381
4.14286
2.91429
3.73333
6.57143
10.0857
2.50476
13.2762
3.87619
3.08571
2.3619
2.68571
7.72381
3.51429
3.47619
5.57143
3.72381
4.2381
3.54286
9.11429
2.72381
2.72381
5.70476
4.27619
5.73333
6.29524
9.13333
4.9619
6.01905
3.48571
3.15238
11.5143
3.73333
7.1619
3.8
7.52381
4.00952
2.29524
2.70476
7.42857
2.28571
3.07619
12.181
3.33333
16.1905
40.5429
5.84762
15.5619
5.86667
6.27619
3.07619
10.8095
17.9333
3.05714
3.99048
3.95238
2.86667
2.70476
5.51429
3.07619
2.39048
6.81905
3.05714
2.30476
2.27619
6.57143
3.34286
9.58095
16.0286
10.3714
12.3714
8.27619
2.24762
8.8381
2.82857
5.67619
7.2
8.44762
16.8952
3.17143
4.95238
2.67619
9.53333
3.94286
3.70476
4.32381
7.32381
2.12381
4.27619
5.35238
6.62857
3
2.41905
3.58095
4.72381
3.13333
3.51429
8.98095
6.88571
3.17143
2.24762
7.55238
10.3619
9.17143
3.19048
5.01905
8.66667
8.44762
1.65714
4.97143
1.17143
7.05714
11.5238
1.26667
6.2
2.29524
1.9619
1.44762
1
8.4
7.38095
1.24762
6.33333
1.05714
3.75238
1.59048
1.08571
7.94286
5.6381
1.81905
1.60952
3.2381
5.48571
2.15238
9.13333
1.74286
1.34286
1.17143
1.19048
1.3619
1.62857
2.26667
10.6286
1.04762
1.70476
1.41905
1.84762
7.87619
3.00952
7.6
14.6762
4.37143
1.2
1.61905
10.1905
1.7619
1.51429
1
1.98095
8.8
6.65714
1.4
1.00952
7.10476
1.24762
1.57143
1.70476
10.1238
4.12381
3.58095
5.40952
1.89524
1.80952
1.5619
1.47619
6.87619
9.47619
2.05714
3.91429
5.27619
1.39048
1.9619
2.13333
1.93333
3.18095
1.41905
1.35238
1.59048
1.08571
8.70476
2.08571
1.48571
1.01905
2.80952
1
1.0381
1.82857
11.4286
1.06667
1.7619
7.90476
8.9619
7.71429
8.25714
1
8.75238
2.27619
1.7619
5.34286
9.2
1.1619
1.40952
10.3238
2.48571
1.06667
9.52381
2.07619
1.95238
1.00952
1.01905
6.07619
7.17143
2.6381
7.8
1.74286
1.60952
7.20952
1.07619
6.1619
1.28571
1.86667
1.01905
7.25714
1.18095
3.80952
7.97143
1
1.61905
2.30476
2
5.41905
1.67619
2.1619
2.35238
1.49524
1
10.0381
1.40952
9.06667
1.72381
5.75238
1.7619
3.46667
1.57143
11.3714
4.24762
2.25714
2.00952
8.35238
7.22857
6.6381
1.62857
1.0381
1.02857
1.60952
1.40952
1.74286
2.57143
1.1619
1.53333
5.06667
8.99048
1.05714
2.69524
2.28571
6.72381
10.8857
1.14286
2.08571
1.31429
7.26667
9.32381
5.42857
1.55238
6.13333
1.26667
1.72381
1.24762
1.00952
1.6
1
1.57143
1.48571
8.34286
6.2381
6.39048
3.15238
1.45714
1.00952
2.24762
6.25714
6.41905
4.88571
1.87619
9.33333
1.0381
5.89524
13.4095
2.37143
3.02857
1.02857
3.78095
2.01905
1.20952
7.84762
7.91429
1.2
1.70476
1.69524
1.7619
3.34286
2.15238
6.44762
1.49524
4.99048
7.69524
1.58095
1.31429
1
1.08571
6.68571
3.06667
1.86667
1.35238
1.21905
1.77143
1.05714
2.1619
2.95238
4.89524
2.54286
2.02857
1.26667
2.74286
3.2
2.86667
1.53333
2.21905
3.0381
1.13333
8.37143
2.73333
1.74286
1.6381
1.25714
2.04762
1.62857
1.4
10.4571
2.30476
2.06667
1.6381
1
1.78095
1
1.44762
2.93333
1.35238
1.27619
1.4
1.38095
1.00952
1.00952
9.01905
1.40952
2.7619
1.72381
5.05714
11.2762
1.17143
1.57143
2.18095
6.8381
1.05714
8.00952
5.58095
1.04762
6.29524
1.66667
1.48571
1.9619
1.67619
4
5.58095
2.02857
1.06667
1.02857
6.65714
1.12381
3.89524
1
8.3619
9.9619
5.70476
7.12381
12.5333
8.51429
6.87619
1.94286
1.82857
2.3619
5.75238
1.12381
1.09524
1.19048
1.39048
1.7619
1.89524
6.06667
5.8381
2.42857
1.27619
13.6667
8.04762
1.46667
1.22857
5.97143
1.62857
1.06667
1.59048
6.17143
2.2
2.8
7.0381
11.3333
1.1619
5.77143
10.3238
1.54286
6.81905
6.34286
2.00952
13.8857
4.93333
7.29524
2.13333
1.91429
1.06667
1.52381
6.78095
2.06667
1.09524
3.65714
1.09524
1
1.60952
2.50476
1.6381
1.84762
4.00952
6.95238
6.13333
1.64762
6.29524
6.44762
1.08571
1.58095
2.54286
2.39048
1.22857
1.72381
1.98095
1.67619
4.10476
8.34286
8.55238
8.51429
1.98095
2.51429
1.81905
7.6
2.9619
1.19048
2.24762
9.18095
2.29524
2.40952
5.91429
5.21905
5.4381
1.55238
6.60952
1
8.81905
5.14286
1
3.01905
2.27619
6.18095
6.35238
1.32381
1.74286
9.09524
1.82857
1.0381
1.32381
8.27619
8.14286
1.10476
2.25714
1
1
2.00952
8.42857
13.4667
7.21905
1.35238
1.1619
1.31429
1.48571
8.10476
4
6.44762
6.86667
1.29524
1.1619
7.65714
1.00952
2.0381
1.68571
1.88571
1.85714
13.0571
7.74286
7.82857
1.92381
7.75238
1.10476
7.48571
4.20952
1
5.10476
10.1429
7.53333
1.13333
1.55238
1.73333
1.24762
1.69524
1.05714
2.64762
6.52381
1.40952
1
5.74286
1.57143
1.4
1.46667
2.02857
1.39048
9.35238
1.33333
1.25714
1.61905
1.07619
1.09524
8.2381
1.02857
1.09524
7.07619
10.1143
2.38095
1.10476
1.0381
1.88571
1.27619
7.25714
3.55238
8.13333
1.2
1.14286
9.87619
2.67619
1.15238
11.0095
7.49524
2.11429
6.25714
1.41905
1.87619
1.12381
3.09524
1.25714
1.18095
4.38095
1.31429
1.72381
10.1714
1.14286
1.59048
7.17143
1.06667
5
2.19048
2.24762
1.86667
1.10476
1.00952
7.44762
2.34286
5.89524
8.38095
5.77143
1.29524
1.19048
8.22857
2.01905
1.21905
7.35238
5.33333
3.14286
1.58095
7.85714
6.13333
1.93333
4.40952
7.8381
1.45714
7.32381
1.66667
2.51429
1.92381
1.58095
2.0381
1.70476
1.54286
1.41905
2.98095
1.70476
1.3619
1.01905
7.48571
6.07619
1.61905
1.54286
1.71429
3.74286
1
1.89524
7.5619
2.57143
1.60952
1
1
7.7619
7.0381
8.97143
6.47619
1.30476
2.21905
10.581
2.0381
5.55238
1.82857
6.8
5.53333
12.4762
1.05714
7.37143
1.80952
1.20952
1.48571
1.86667
1.53333
6.32381
1.02857
1.74286
1.25714
10.2
2.02857
1.10476
1.51429
1.57143
8.26667
1.99048
2.49524
2.05714
2.40952
1.40952
6.40952
1.41905
1.44762
1.7619
1.22857
1.74286
1.15238
4.42857
1.02857
6.44762
1.32381
6.00952
1
6.66667
1.94286
5.07619
5.53333
10.5905
1.06667
1.12381
2.70476
6.75238
1.30476
1.18095
1.34286
1.4381
2.2381
1.66667
11.419
1.67619
1.53333
1.33333
1.64762
5.31429
1.19048
9.65714
1.00952
1.4
1.45714
1.22857
1
7.8
3.54286
1.49524
1.62857
1.00952
1.02857
11.019
2.05714
6.02857
9.04762
1.53333
7.80952
1.20952
1.73333
1.62857
4.49524
1.01905
1.13333
2.11429
2.52381
1
11.2476
1.08571
7.80952
2.93333
6.80952
1.33333
1.75238
1.88571
1.71429
1.06667
2.92381
8.97143
1.54286
1.30476
1.69524
1.14286
6.77143
6.47619
2.19048
2.75238
6.01905
1.11429
1.55238
2.28571
1.08571
1.34286
1.22857
8
1.41905
7.50476
5.97143
8.19048
1.9619
1.78095
5.84762
1.74286
9.2381
1.19048
1.59048
9.22857
1.6381
3.53333
2.18095
8.17143
9.08571
1.78095
1.62857
7.81905
7.14286
1.98095
1.39048
1.41905
1.08571
5.71429
1
5.54286
4.8381
2.68571
2.09524
1.71429
14.0571
1.62857
1.44762
11.0857
1.68571
1.13333
9.6381
1.13333
13.4571
1.92381
2.67619
1.38095
1.18095
10.2571
1.44762
6.64762
4.34286
4.88571
7.62857
4.41905
1.00952
1.45714
1.06667
1.05714
4.81905
1.04762
1.11429
5.77143
1.35238
5.4381
7.2
1.26667
1.81905
1.46667
1.67619
1.33333
5.52381
1.13333
7.94286
6.1619
1.05714
2.00952
8.48571
7.12381
5.8381
2.09524
1.58095
2.46667
1.27619
1.39048
1.11429
5.10476
2.1619
8.1619
1.81905
2.20952
2.55238
1.11429
2.94286
5.45714
1
1.17143
2.6381
1.49524
6.2
1.77143
1.18095
2.3619
1.8
1.51429
2.07619
2.1619
1.55238
6.15238
2.37143
6.15238
1.26667
9.59048
1.57143
2.12381
2.04762
8.09524
1.48571
1.2381
2.70476
1.82857
6.19048
1.8381
2.65714
1.08571
3.91429
6.8381
3.68571
1.2381
5.02857
4.99048
1.34286
1.82857
2.64762
8.13333
1.49524
1.20952
1.48571
1.02857
6.74286
2.24762
5.73333
1.04762
1.21905
1.15238
1.54286
8.80952
3.65714
1.38095
1.46667
1.4
1.68571
1.40952
2.25714
2.31429
8.74286
1.8381
1.07619
1.17143
1
6.98095
1
1.42857
1.42857
6.54286
2.37143
2.32381
7.92381
1.54286
1
2.22857
1.80952
1.07619
4.04762
5.09524
1.11429
1.82857
1.45714
8.55238
1.22857
7.48571
1.4
2.55238
6.62857
1.20952
1.22857
1.42857
2.32381
2.97143
1
1.86667
1.65714
4.90476
4.4
7.97143
4.69524
7
1.51429
1
2.09524
2.80952
2.7619
6.86667
1.2
1.20952
5.05714
1.07619
1.07619
4.41905
1.4381
2.08571
7.6381
1.2
1.81905
1.48571
1.57143
2.13333
1.2
10.4
8.50476
1
2.38095
1.51429
1.01905
2.0381
1.13333
11.1905
9.44762
8.90476
1.94286
2.14286
2.19048
1.53333
6.98095
1.5619
1.11429
1.12381
7.14286
8.10476
1.66667
1.40952
3.19048
3.37143
1.6381
9.32381
1.8
1.10476
1.14286
1.8
6.89524
4.44762
10.5238
6.55238
1.46667
1.48571
5.22857
1
8.90476
1.1619
3.52381
1.04762
1.40952
8.82857
2.57143
1.17143
1.13333
1.40952
1.18095
1.70476
5.99048
8.87619
5.24762
1.48571
8.91429
1.31429
1
1.15238
2.18095
8.60952
2.37143
14.2857
1.65714
6.19048
4.82857
7.29524
1.68571
2.08571
7.93333
2.37143
9.4
1.68571
1.57143
1
1.2381
8.46667
1.50476
1.72381
10.3333
1.78095
1
8.01905
1.81905
1.21905
1.31429
1.15238
8.11429
11.5905
6.8
1.31429
1.31429
2.01905
1.31429
7.69524
3.65714
7.91429
1.01905
3.11429
6.5619
2.10476
2.13333
1.37143
1.3619
7.27619
5.34286
8.6381
1.08571
1.21905
6
1.19048
3.54286
1.58095
1.45714
1.37143
1.2
1.4
6.72381
1.24762
8.90476
2.48571
8.40952
2.92381
3.6
4.78095
2.33333
2.38095
1.01905
1.46667
4.24762
9.91429
4.97143
10.4286
2.22857
1.22857
2.35238
2.07619
8.55238
2.35238
9.00952
1.44762
1.99048
1.90476
7.38095
1.37143
1
14.3905
10.0952
7.89524
1.79048
4.2381
1.01905
5.09524
1.28571
1.01905
1.77143
3.51429
3.29524
1.55238
10.5524
1.28571
6.17143
1.28571
1.1619
9.27619
1.67619
1.18095
7.4381
9.92381
5.41905
2.65714
2.86667
1.47619
2.47619
1.49524
1.24762
1.02857
8.27619
5.1619
2.84762
2.64762
1.26667
1.01905
1.09524
2.93333
7.61905
1.46667
5.97143
7.3619
2.28571
9.47619
1.33333
1.48571
1.8381
1.5619
1.38095
1
1.64762
1.66667
1.4
1.73333
3.06667
1.04762
1.60952
1
2.30476
8.50476
7.75238
3.58095
1.0381
1
1.47619
1
1.59048
1.98095
3.02857
1.20952
1.06667
1.60952
1.30476
1
1.20952
7.2381
9.49524
1.4
8.49524
1.71429
4.48571
5.50476
1.12381
3.42857
1.34286
1.34286
1.9619
1.28571
2.51429
1.02857
1.45714
1.74286
1.31429
1.00952
2.69524
1.49524
1.41905
6.21905
6.11429
1.31429
1.08571
1.2
2.20952
7.37143
6.93333
1.60952
4
1
5.4381
6.54286
2
9.6381
2.06667
6.3619
4.06667
8.11429
1.47619
6.32381
1
1.9619
4.90476
1.65714
10.1905
1.72381
8.53333
2.95238
1.06667
10.4
9.00952
2.38095
8.46667
1.2
1.25714
1.7619
5.79048
11.1714
2.74286
9.2381
1.79048
7.38095
8.55238
7.17143
2.4
8.40952
3.01905
1.35238
1.8
1.10476
8.2
2.00952
7.20952
9.4381
6.98095
4.99048
1.48571
6.4381
6.85714
1.25714
1.1619
7.35238
1.33333
1.06667
1.19048
1.48571
3.14286
7.79048
1.49524
2.59048
9.13333
1.2
8.51429
10.4476
1.4381
2.5619
7.55238
1.32381
1.5619
1.42857
8.65714
1
2.8
8.31429
6.2381
3.05714
1.46667
2.24762
1.00952
7.45714
1
9.49524
1.04762
1.60952
7.48571
1.88571
1.00952
1.38095
1.99048
7.00952
9.34286
5.70476
1.91429
9.08571
1.04762
1.49524
2.22857
7.49524
1.5619
2.59048
1.32381
15.2571
9.65714
7.85714
2.30476
1.57143
2.51429
1.05714
1.68571
1.29524
1
5.13333
1.50476
2.94286
2.3619
1.8
7.74286
1
1
6.7619
3.25714
1
1.82857
1.91429
1.58095
11.2
1.54286
1.10476
1.61905
1.06667
5.18095
1.20952
2.19048
1.93333
1.80952
2.53333
2.32381
1.12381
1.45714
10.1619
4.98095
7.87619
1.02857
1.66667
4.57143
3.55238
1.21905
1.15238
3.12381
1.91429
6.4381
4.35238
1.8381
2.82857
1.84762
7
7.94286
2.21905
7.79048
12.0571
3.62857
10.019
1.4
2.78095
20.1048
2.40952
7.27619
1.85714
10.0571
1.48571
1.81905
2.02857
4.86667
1
2.18095
2.17143
2.6381
1.33333
2.24762
1.4381
2.19048
6.91429
6.4381
3.26667
7.7619
1.38095
8.07619
2.47619
1.74286
1.65714
4.82857
4.82857
5.0381
3.71429
11.1333
1.19048
1.28571
5.47619
7.04762
5.52381
2.29524
6.77143
2.85714
1.10476
1.0381
1.52381
1.31429
1
1.61905
1.90476
2.19048
2.99048
1.73333
1.75238
1.24762
1.65714
1.69524
2.28571
1
1.81905
1.48571
1.33333
8.54286
1.10476
2.04762
1.72381
6.8381
1.13333
1.08571
1.50476
8.74286
8.50476
1.50476
1.45714
7.48571
5.58095
3.92381
1.46667
2.28571
4.88571
1.44762
1.64762
1.59048
1.22857
8.39048
9.37143
6.25714
1.01905
6.07619
1.3619
10.3429
1
8.61905
5.48571
6.59048
5.74286
5.14286
3.18095
2.94286
5.18095
9.46667
9.6
1.55238
2.95238
1.84762
1.33333
1.1619
1.01905
5.18095
1.04762
3.94286
5.07619
1.29524
1.57143
1.8381
1.58095
1.10476
9.28571
1.46667
2.39048
1.13333
5.42857
8.22857
1.70476
1.37143
7.74286
1.4
1.26667
8.65714
6.92381
1.26667
1.6381
1.05714
1.06667
6.26667
7.8
5.91429
5.87619
2.31429
1.64762
8.15238
1.47619
1.06667
4.92381
1.67619
9.7619
6.13333
1.84762
2.30476
2.18095
6.48571
9.6381
1.07619
1
1.62857
5.78095
1.53333
7.35238
1.4
1
1.39048
1.97143
2.34286
1
1.6381
1.21905
1.17143
1.31429
1.4
1.61905
3.24762
1.55238
8.48571
2.66667
1.04762
1.32381
1.4381
1.72381
1.42857
14.7333
1.18095
1.6381
5.12381
1.59048
7.12381
1.5619
4.47619
3.8381
1.72381
1.27619
1.99048
1.3619
6.21905
1.44762
2.68571
8.28571
1.71429
2.60952
1.90476
1.05714
1.25714
1.42857
1.0381
7.51429
8.97143
4.99048
1.39048
1.00952
1.40952
3.25714
8.40952
6.84762
1.79048
6.7619
7.05714
1.94286
1.1619
2
6.37143
1
3.17143
2.1619
1.34286
1.62857
1.33333
7.68571
1.18095
2.41905
4.51429
1.00952
2.58095
4.94286
1.02857
2.15238
1.59048
5.70476
1.01905
1.80952
6.55238
1.2
1.21905
1.78095
9.13333
9.15238
1.24762
1
3.51429
2.14286
1.32381
9.15238
1.00952
2.39048
10.4381
1.4
11.1619
10.4095
7.40952
1.30476
1.87619
2.00952
1.78095
1.89524
6.37143
1.19048
1
1.02857
8.2
1.15238
1.30476
3.09524
9.21905
2.44762
1.13333
1.70476
1.41905
2
2.94286
6.8
7.19048
2.49524
1.64762
10.3333
6.57143
1.19048
6.1619
1.6381
1.04762
6.78095
8.34286
1.57143
1.80952
7.59048
3.02857
1.58095
7.42857
4.69524
2.35238
9.34286
1.02857
7.68571
2.02857
9.08571
1.75238
1.38095
6.7619
1
7.88571
5.82857
4.13333
2.24762
1.22857
1.52381
1.70476
1
1.10476
1.69524
4.9619
4.11429
8.18095
9.58095
1
1.39048
3.86667
8.54286
9.48571
1.02857
1.0381
2.4
1.68571
5.90476
1.54286
3.14286
1.51429
1.05714
3.13333
1.02857
7.15238
2.30476
8.94286
6.0381
1.50476
1.06667
4.87619
6.44762
1.95238
11.6667
1
2
4.84762
8.08571
5.29524
9.25714
1.28571
1.1619
1.2
1.8381
4.15238
7.28571
8.78095
1.49524
4.7619
9.4381
1.10476
1.38095
10.219
8.5619
1
3.52381
1.26667
2.90476
5.68571
5.17143
1.2
1.79048
1.24762
6.6381
3.54286
2.18095
9.74286
1.01905
6.49524
1.60952
6.92381
3.2
1.81905
1.4381
7.4
12.1048
1.72381
1.01905
2.35238
1.17143
7.82857
1.55238
1.07619
1.40952
7.91429
8.04762
7.22857
1
1.28571
2.12381
6.06667
8.73333
2.38095
1.97143
9.9619
10.5143
3.69524
1.00952
10.2
1.59048
1.31429
9.01905
2.30476
1.01905
3.93333
1.70476
1.3619
1
2.11429
4.04762
8.48571
1.78095
1.52381
1.30476
1.54286
1.95238
9.10476
15.6
4.8381
2.44762
1.20952
1.22857
8.7619
11.6286
7.70476
4.69524
1.24762
4.49524
1.39048
6.71429
8.71429
12.8381
2.0381
6.48571
1.5619
1.05714
2.02857
7.2
1
1
1.08571
1.94286
1.44762
9.6381
1.86667
1.93333
6.89524
8.51429
6.70476
8.70476
1.65714
1.75238
1.42857
1.32381
2.48571
5.47619
2.00952
1.30476
4.86667
1.37143
1.55238
14.9048
5.04762
2.02857
1.01905
10.5905
10.0857
3.85714
4.80952
1.49524
1.25714
1.79048
1.32381
2.0381
1.8381
1.00952
1.82857
1.53333
1.65714
1.13333
5.20952
5.42857
1.52381
1.0381
2.02857
5.8381
1.42857
1.04762
5.26667
6.28571
3.09524
2.30476
1.25714
9.87619
1.0381
1.19048
8.37143
1.25714
2.00952
1.66667
1.20952
1.39048
1
8.0381
1.02857
1.88571
1.3619
8.17143
6.02857
2.14286
1.7619
1.58095
7.2381
7.5619
1.8
7.13333
4.53333
1.17143
1.6
1.99048
13.2476
7.10476
1.27619
7.69524
1
2.84762
1.2381
1.59048
9.90476
4.34286
1.30476
1.6381
7.48571
1.55238
12.2667
7.05714
1.33333
4.12381
2.9619
1
2.0381
3.53333
1.98095
1.93333
1.53333
6.86667
1.64762
2.00952
1.25714
1.02857
1
11.9619
1.00952
2.09524
6.84762
9.41905
1.46667
4.13333
2.85714
5.2
1.70476
4.42857
4.79048
1.02857
3.4381
1.21905
6.53333
1.60952
1.55238
1.70476
6.52381
1.80952
6.84762
1.19048
7.50476
6.05714
1.08571
7.67619
1.45714
1.2381
7.58095
1.01905
6.4381
10.3238
1
1.17143
7.20952
1.13333
1.25714
5.59048
1.85714
1.67619
6.73333
5.68571
1.6
2.11429
9.24762
9.30476
5.98095
5.24762
1.40952
6.62857
1.39048
5.82857
1.00952
1.10476
12.9524
8.13333
1.19048
1.07619
7.62857
1.12381
3.08571
1.50476
5.45714
2
12.5429
1.02857
6.50476
1.45714
7.00952
1
3.2
2.66667
6.86667
1.0381
1.57143
1.08571
1.1619
5.91429
1.02857
10.9714
8.46667
2.35238
5.19048
1.53333
1.37143
1.26667
1.4381
1.11429
7.58095
7.6
9.2
1.58095
2.17143
1.06667
1.0381
3.15238
1.20952
11.6286
1.35238
4.42857
1.61905
1.12381
8.24762
5.85714
1.31429
1.48571
4.40952
1.26667
1.00952
10.981
1.25714
1.82857
1.10476
1.11429
1.09524
1.34286
8.78095
1
3.78095
6.26667
1.15238
1.21905
1.99048
7.94286
3.35238
7.92381
8.48571
3.44762
1.47619
6.6381
2.10476
7.18095
6.89524
5.32381
1.09524
7.42857
3.34286
9.25714
1.21905
8.53333
3.04762
1.14286
1.7619
1.00952
1.47619
2.4381
5.65714
2.07619
1.38095
1.2381
4.25714
1.37143
1.38095
1.09524
1.35238
2.26667
1.10476
1.40952
1.92381
1.94286
1.31429
8.87619
1.30476
1.71429
