10876 34740
29.4286
16.5619
4.04762
21.3619
5.8
8.00952
18.7048
8.35238
22.0476
17.7429
32.0286
7.67619
13.5333
9.94286
26.3048
13.0952
4.5619
28.1333
6.1619
29.1048
31.8667
15.9524
4.38095
18.4762
4.82857
21.9905
26.8952
4.54286
4.45714
6.46667
5.6381
9.85714
9.25714
12.8286
7.06667
5.67619
14.8095
16.3429
28.4952
17.0952
4.24762
20.8381
44.1238
21.1714
7.2
12.819
20.0571
15.3238
4.33333
22.181
8.07619
11.7714
18.1524
7.84762
12.5238
32.9238
4.70476
15.7524
11.0952
9.44762
21.9714
19.6762
26.9333
12.4286
6.54286
19.1714
11.2476
4.81905
30.181
4.71429
37.6762
10.5238
10.7714
16.8667
21.4476
10.8095
7.88571
21.0571
16.3143
11.5714
10.0857
7.21905
7.18095
25.8476
9.24762
12.219
22.3619
25.5238
10.2381
10.619
9.28571
10.3333
4.00952
24.5619
8.66667
7.41905
22.419
31.0762
7.89524
20.8857
31.7524
20.3619
15.9524
5.27619
10.1048
23.9048
18.1048
4.51429
4.50476
25.6095
10.9143
8.80952
28.8286
8.85714
11.2286
12
7.97143
17.4476
24.019
11.6762
30.3619
9.90476
7.47619
8.91429
4.00952
35.1524
28.9714
34.6
43.5714
29.4762
12.9429
17.019
16.8476
5.6
23.7048
18.4857
21.9238
18.5238
19.3524
5.79048
18.9905
36.7619
19.6857
19.6952
5.2
29.8
17.4286
17.7524
20.181
18.8286
8.29524
32.0476
25.4952
16.6667
13.1143
23.3333
21.0095
12.8
6.40952
9.6
12.4952
32.1238
15.8
14.5524
31.5333
16
12.1143
8.26667
18.3048
9.4
16.4762
25.181
11.6
15.6286
4.33333
4.06667
18.2095
16.581
27.0571
19.9333
20.0381
25.6286
9.1619
29.7429
18.3238
11.8286
9.86667
9.58095
15.7524
37.0286
22.2286
16.4286
15.8952
10.9714
33.2952
14.4
7.60952
11.7429
7.34286
24.6476
13.8476
8.92381
12.7048
17.5619
4.39048
4.60952
28.2381
7.40952
19.2762
30.6286
9.8381
24.7333
4.51429
16.7714
23.8286
11.3333
12.4286
4.28571
15.1714
4.2381
10.4381
7.4381
12.4286
34.9238
14.0095
8.25714
12.6762
4.21905
7.84762
6.93333
17.8095
11.1048
11.7429
8.86667
8.99048
5.97143
19.2762
6.77143
4.18095
9.17143
4.18095
6.59048
4.2
12.9429
18.7905
34.4571
28.1238
28.219
20.2476
17.6
16.5333
17.0857
14.3714
4.00952
10.819
10.8762
12.6952
12.1619
19.3143
11.8
15.9048
14.4
27.3714
4.99048
8.55238
4.14286
20.7905
28.1238
26.1333
25.6667
24.0857
34.2
38.8381
13.4571
5.89524
17.5048
16.4571
4.39048
35.019
22.4952
24.8762
19.1048
4.30476
8.40952
25.4571
26.1619
6.92381
26.0095
23.581
24.5619
15.4476
25.1429
22.0667
23.8571
15.2
23.3143
14.2
23.1524
21.7619
7.73333
6.31429
19.2571
15.5714
20.3905
14.2286
16.1238
17.0667
7.97143
4.27619
28.5714
30.4952
23.2
23.419
30.8476
21.4286
8.27619
4.6
17.2762
27.8
19.7333
6.81905
4.07619
12.8857
19.0095
10.7905
9.89524
11.7048
27.781
23.4286
13.1714
4.10476
35.8381
4.66667
4.9619
8.77143
7.93333
6.35238
4.95238
15.9429
17.5143
17.3524
7.57143
5.69524
12.2571
4.49524
12.3714
33.7429
6.37143
14.8286
11.0762
14.8381
19.2476
22.8762
4.34286
12.0381
10.8
16.4571
6.51429
13.1905
4.24762
4.04762
20.9429
4.93333
12.9524
15.6
14.8095
12.981
15.9905
8.86667
15.0476
12.3048
9.09524
6.82857
10.6952
5.67619
4.4381
6.53333
7.74286
15.8095
24.3143
10.7143
8.35238
26.9524
23.8667
6.5619
39.1238
26.6762
21.4762
20.4
18.9619
14.5429
22.3143
28.1524
19.9143
30.7143
23.9524
25.8095
18.9143
13.1429
12.4095
4.22857
18.9143
9.75238
26.781
5.72381
7.61905
19.3048
25.9619
18.781
21.8571
4.00952
8.84762
15.4286
12.6095
13.4857
10.5524
8.28571
14.8667
19.4286
9.02857
39.3524
10.0667
17.981
4.8
17.8
14.2095
15.8952
6.28571
4.12381
8.5619
8.67619
12.9048
15.4286
5.13333
14.6952
11.9048
20.8095
8.38095
14.0667
14.5905
16.1143
12.7333
10.4952
9.84762
19.6667
21.3524
18.1143
11.2667
8.6
10.9048
21.8952
17.9524
31.8286
9.57143
19.6476
16.4762
17.9048
15.0857
24.7238
9.31429
14.8476
12.2857
24.4286
13.0095
10.8476
7.86667
8.00952
5.60952
4.29524
23.0095
24.2762
12.1333
4.14286
14.6952
10.1429
15.1429
26.2381
28.2381
15.2476
17.0762
9.78095
14.3429
21.6857
4.35238
29.1429
11.3048
28.6381
20.2
23.5905
31.1238
37.8571
12.1143
18.9905
21.6571
18.419
16.8857
9.77143
13.781
14.7238
6.01905
13.2857
29.9238
34.6095
4.21905
16.2762
11.381
27.9905
18.1905
27.4476
29.8
15.4286
4.57143
10.5143
10.4
17.3143
9.80952
31.7524
13.1429
4.64762
12.3238
4.29524
18.2667
24.2762
12.2952
9.32381
24.4667
15.0762
9.02857
21.3333
16.5429
19.8286
4.40952
4.89524
5.24762
14.8667
4.4381
12.0381
30.4381
17.0571
4.70476
8.9619
8.22857
23.9333
27.1333
20.1048
23.7619
29.6286
14.6
9.45714
16.981
15.3333
16.4286
7.25714
6.94286
16.6381
6.11429
23.7429
13.7143
4.40952
10.5429
10.0857
26.1619
15.7429
6.38095
5.26667
28.1333
24.0381
21.0286
20.1143
17.1714
36.0476
17.4857
20.1143
16.781
14.2
25.6571
14.0571
29.9333
4.2381
39.6476
17.3714
10.4667
14.7619
15.3238
4.41905
8.93333
10.7714
45.9143
21.2476
17.2952
24.2
4.2381
23.9619
14.6571
5.88571
23.6571
6.65714
11.4476
9.81905
26.419
22.8571
7.88571
18.2667
14.8571
13.1524
5.28571
14.7429
28.1238
14.8952
15.1238
26.3619
40.219
4.39048
5.05714
8.95238
4.73333
29.419
4.44762
25.0857
17.019
6.85714
6.09524
11.419
12.2381
21.8476
34.0476
10.9048
11.3429
16.581
11.2667
6
11.8667
7.2381
5.61905
4.84762
19.4476
8.74286
15.0571
17.6857
41.1429
7.6
7.8381
34
10.3333
4.4381
9.75238
6.4381
4.82857
14.0952
16.6286
7.13333
11.1714
20.1143
11.4095
33.6571
13.7524
21.9714
20.3238
17.3048
23.6286
7.84762
10.6476
11.819
22.6667
22.3333
7.59048
12.781
24.1048
19.8476
22.7048
18.8
17.7714
7.17143
4.20952
26.6571
21.7048
16.0667
17.6857
15.1048
15.7048
11.9333
25.2095
18.981
17.4286
17.0667
13.9429
23.4476
35.581
18.9714
9.37143
11.7905
7.88571
27.4952
14.8476
10.8095
14.7238
23.1619
7.05714
12.8381
8.2
8.39048
32.6
36.4381
11.6
10.7333
9
25.4571
5.90476
12.1714
8.78095
9.39048
23.6286
11.4857
13.2952
8.49524
4.26667
10.7143
24.7238
18.219
4.11429
33.581
10.7524
25.7143
25.2286
20.0095
16.5524
15.0952
19
33.1524
6.92381
13.7905
29.9238
18.9238
28.4571
6.12381
4.50476
4.19048
15.4286
10.2286
29.2476
5.04762
4.33333
19.0381
8.66667
4.91429
17.0857
6.73333
30.1333
10.9905
14.6286
18.5048
25.1524
8.39048
8.79048
4.97143
4.6
15
22.0762
5.11429
31.1905
16.6762
9.60952
10.6762
18.1143
8.20952
25.8857
6.60952
22.3333
16.5429
17.6381
24.7333
4.32381
10.9429
38.3333
7.34286
27.2095
21.7524
14.9905
22.7143
11.3143
26.0857
16.1333
22.1143
17.9143
17.7238
9.39048
21.8095
4.50476
14.4857
13.6381
7.49524
29.4571
16.4
32.1333
21.0381
10.7619
33.4381
18.0762
18.9333
17.5714
4.87619
20.7143
38.1619
18.8952
15.0667
11.5143
20.4476
4.4381
5.68571
32.819
25.8857
12.0476
4.14286
18.2571
5.11429
20.4571
16.1524
7.4381
15.7524
24.6762
22.0857
21.2952
20.3905
45.3429
4.67619
12.219
21.419
16.6857
8.86667
10.819
29.2952
19.7619
13.5333
13.7429
12.3905
19.2095
12.8571
10.0667
11.2857
10.5333
13.6667
14.0095
7.12381
5.30476
5.06667
10.4381
15.4381
9.51429
15.3048
26.781
9.54286
20.9143
5.89524
15.3143
19.5429
15.5429
4.87619
30.2857
5.51429
4.11429
4.45714
11.0952
11.3238
6.02857
4.5619
23.5238
21.4762
11.4571
8.91429
19.2762
19.1143
10.3524
35.8
10.0095
11.6857
4.2
11.4095
10.5238
18.6476
4.32381
18.6857
5.44762
12.4476
7.90476
19.2476
11.6
6.21905
6.99048
9.0381
4.59048
10.7524
4.6381
13.6476
32.5143
22.7714
23.1429
19.9048
4.52381
12.7524
9
10.3714
17.7143
21.419
4.59048
8.52381
11.0762
10.419
11.1238
19.0857
10.1905
13.3619
20.4381
8.35238
23.4952
10.3238
23.2
12
21.7905
19.6571
23.3238
5.85714
12.4952
22.2952
15.8
11.6095
7.87619
7.11429
11.6
6.33333
4.58095
29.9905
18.4286
7.40952
18.6762
39.4381
20.7524
4.60952
11.8
20.2476
21.4381
8.84762
16.7429
34.7524
33.1333
4.48571
32.0571
25.6762
26.4381
19.9143
7.47619
4.2
30.2095
13.619
24.1143
14.0762
18.0476
4.42857
9.78095
17.4476
27.1905
13.2667
22.1524
6.32381
26.4476
26.781
8.31429
23.9429
23.9714
21.5048
7.75238
24.1238
14.981
26.1333
6.27619
10.4381
11.3714
21.6
17.019
24.619
25.1524
28.6762
4.3619
5.06667
4.32381
6.54286
13.0952
17.7619
21.0381
30.1905
15.0095
25.2762
5.72381
9.11429
28.3143
7.82857
19.0095
16.8952
22.1238
31.0857
9.54286
4.26667
27.6381
4.87619
10.0286
24.5143
23.4952
4.34286
8.37143
6.92381
11.3905
6.49524
8.93333
20.581
9.70476
21.4476
24.7619
31.7714
26.6667
28.7905
18.8381
21.2952
8.98095
10.181
21.3429
6.05714
7.6381
21.9905
27.5333
4.2381
21.4857
25.8095
11.1714
33.8762
19.7333
16.2381
8.17143
10.8667
50.0095
10.3238
28.9429
42.8
8.55238
10.3905
17.9143
14.2476
16.1524
6.6381
7.72381
4.08571
19.9714
21.1619
20.7143
12.4952
17.1048
21.8
11.6476
30.2952
24.181
18.8476
20.2286
12.619
24.2
12.1905
17.8
24.5143
18.581
18.9905
6.01905
25.4
18.6
6.34286
20.4
4.38095
5.00952
9.32381
16.7619
9.72381
13.8952
29.7619
16.619
17.8857
5.54286
6.54286
20.4381
25.1619
6.67619
9.17143
6.68571
6.00952
11.3143
24.3905
8.39048
30.9333
14.1143
10.4952
6.55238
4.21905
28.8381
8.87619
31.7143
4.39048
7.14286
12.5238
28.2762
30.4476
18.1238
18.0286
25.6762
13.2286
5.53333
17.7429
7.45714
5.79048
10.8095
5.30476
21.7524
4.58095
17.419
7.73333
12.7333
13.9619
20.1143
28.2286
26.6571
14.8667
27.8095
16.819
19.0286
16.8667
5.02857
34.581
21.8952
14.9619
7.87619
16.8381
12.181
16.381
4.77143
13.2095
6.66667
10.0286
17.0095
4.49524
17.8952
4.31429
10.1333
26.3714
32.4952
17.4286
20.2476
10.4571
8.21905
4.82857
4.14286
12.8571
11.6571
14.2952
26.1619
4.37143
6.7619
7.17143
20.8952
42.6667
20.3238
14.5333
15.4667
4.20952
21.0857
16.1333
9.2
15.6381
22.8762
19.1333
41.381
12.819
6.92381
28.181
6.99048
9.30476
25.7524
9.34286
21
15.0571
15.2
13.3238
4.01905
7.18095
5.37143
15.3048
7.62857
12.781
14.1714
4.86667
29.6476
15.1429
24.5429
23.0857
17.7714
4.6
14.5714
24.1714
11.581
14.1714
4.38095
15.0857
28.0667
14.0286
22.0762
13.4762
4.93333
5.07619
13.1238
6.60952
8
11.3238
22.4381
8.68571
7.52381
13.381
32.0571
5.07619
15.6
20.8286
5.69524
16.6095
9.48571
27.581
14.2286
8.54286
16.7714
17.6571
15.9429
10.8286
4.4
4.92381
9.04762
26.3429
4.08571
6.64762
4.05714
24.9333
11.1905
11.5048
24.3619
18.8476
15.4
7.5619
4.29524
16.4857
8.55238
29.9333
8.38095
23.4381
13.3714
16.419
11.4762
4.14286
24.181
5.44762
5.60952
10.0286
12.2762
31.819
29.6571
15.3905
24.6667
19.1714
14.7524
12.8476
12.5333
17.7429
18.1619
25.2762
11.6857
33.0762
12.6952
12.0857
8.32381
14.0476
7.68571
6.26667
11.1619
30.0762
11.3619
21.9429
16.4381
4.6
10.0381
7.50476
8.11429
15.8381
19.7524
6.10476
24.7143
16.2857
15.2476
4.20952
11.1524
6.1619
9.64762
14.0667
8.22857
18.3619
8.79048
17.2476
6.94286
27.0381
12.1048
31.8762
8.11429
28.581
11.1619
14.6381
8.64762
17.6095
20.8857
27.7333
13.8
11.9619
32.2857
28.7429
10.7143
25.6095
12.781
25.9333
30.7714
10.8
10.4095
7.48571
9.46667
11.2762
11.6667
14.1429
9.53333
8.58095
7.90476
26.3333
6.01905
5.8
14.8952
24.8667
12.6
8.99048
6.74286
7.57143
25.4952
20.4
10.9619
13.581
10
12.0095
21.181
4.54286
18.5429
5.92381
6.13333
19.6952
14.4095
22.0286
14.4952
14.0286
4.40952
10.2381
14.3143
15.0952
18.2286
7.66667
13.6667
21.7333
4.75238
6.93333
11.8857
8.07619
10.5048
44.7619
4.21905
4.60952
14.3238
9.74286
7.0381
29.8095
16.3619
6.3619
17.9524
5.78095
8.65714
19.1333
16.6381
4.14286
18.0571
6.05714
15.6476
22.219
12.0095
12.8667
8.95238
7.59048
4.44762
26.8
15.5048
4.06667
22.2857
10.7333
6.1619
18.4762
15.5048
10.0857
21.4667
22.9143
12.1143
23.1429
4.42857
14.8952
13.8762
39.4571
15.8952
19.1619
23.0286
19.6762
4.26667
22.219
11.3048
14.2667
20.1143
11.2
10.6857
14.7429
12.219
11.8571
9.72381
28.5333
6.40952
19.8476
4.35238
9.78095
12.219
6.67619
27.8
14.9048
48.419
7.74286
4.31429
26.2476
17.5714
8.2
31.6952
10.1238
14.419
43.2476
35.1048
7.41905
12.3048
10.6952
22.981
16.1143
8.9619
18.1429
4.51429
10.4476
17.1524
7.40952
15.4667
20.3619
27.2952
22.9905
6.32381
4.13333
11.4667
19.8
20.1238
16.8857
25.8
12.7333
5.98095
29.0476
10.1524
36.419
20.8857
17.2286
21.3238
22.8952
14.1333
20.0476
23.1333
14.2762
21.5143
13.7619
12.781
29.6
31.3333
14.9905
4
13.1143
11.5619
16.2857
19.0952
25.8095
20.981
5.50476
16.2571
10.019
21.1619
20.7905
35.0476
11.6381
10.9619
4.45714
4.21905
11.0857
21.1524
6.2381
17.7238
19.4762
33.1905
18.219
15.6857
12.3048
27.9333
6.46667
14.5333
6.70476
28.1333
34.4952
10.4952
10.8286
9.0381
23.3143
12.0857
14.1429
13.4095
5.71429
5.84762
14.8
4.7619
5.6381
12.1905
10.6381
20.1238
21.9048
30.419
14.9238
4.13333
10.8667
8.14286
25.5429
12.6857
38.1905
8.66667
4.24762
21.9905
10.9714
13.7429
10.8667
16.9905
13.4762
8.2
20.0762
15.9619
31.8857
4.31429
20.0571
13.0286
4.70476
25.6286
21.3048
28.1429
10.0762
9.7619
15.981
20.4952
16.6286
23.2571
5.17143
18.1238
13.0762
29.6762
14.2857
18.6381
25.6476
26.4381
28.3905
12.0286
8.48571
15.381
23.2476
9.88571
16.0857
12.1143
4.99048
9.14286
7.44762
23.1524
25.6095
15.6762
12.3238
30.3333
13.2476
17.1905
4.27619
8.29524
15.6286
12.6286
9.02857
4.91429
4.73333
5.26667
5.40952
5.88571
10.3048
4.04762
10.0667
10.3048
30.2857
10.9333
30.4952
4.12381
12.781
12.1619
13.5143
22.3714
27.6286
5.93333
5.75238
4.08571
20.9714
16.419
14.7143
4.18095
19.6381
29.4
14.5619
15.5238
21.5905
16.7524
11.9143
38.9905
9.60952
4.64762
4.89524
17.2571
15.4095
20.3714
19.4571
13.2476
34.7238
15.0381
25.4571
6.11429
4.22857
13.1143
12.7048
9.85714
7.38095
4.31429
18.619
25.9333
9.77143
8.99048
18.1143
12.581
12.3429
8.37143
4.40952
12.6381
12.0952
5.51429
22.3048
21.0952
16.4476
16.8381
4.51429
5.87619
6.24762
36.3333
22.2762
5.69524
4.3619
16.4762
6.6
12.2095
7.49524
24.2476
24.9619
20.1714
28.2286
16.4952
5.0381
18.5238
5.3619
12.6476
35.6762
11.1619
15.181
21.6857
22.2762
4.20952
8.38095
7.50476
20.0857
6.72381
6.09524
11.419
4.21905
4.54286
4.38095
40.8286
15.4762
15.2857
6.1619
9.70476
12.5143
6.29524
8.61905
10.3524
12.3429
6.9619
5.00952
9.45714
12.4857
28.781
23.4476
18.2286
32.7524
5.59048
23.8286
28.0286
18.0857
23.381
13.8286
5.85714
15.7429
28.1238
20.1524
4.86667
5.61905
13.2
21.9429
4.62857
5.00952
15.2476
40.6857
5.35238
25.1524
20.0286
4.64762
6.68571
31.3619
10.8762
9.64762
10.1524
25.2381
5.99048
6.58095
18.4381
4.88571
14.1048
24.219
11.7619
16.8095
4.97143
25.4571
13.7714
13.2857
9.46667
6.71429
11.6095
9.57143
5.12381
19.581
27.0952
8.37143
14.7905
23.8381
11.6857
11.6
5.21905
4.48571
5.11429
10.7714
16.7048
8.12381
7.18095
21.0762
9.7619
4.05714
23.819
6.69524
7.39048
19.019
6.08571
14.6095
5.25714
11.6476
4.74286
10.5048
9.34286
10.6
70.2
23.0667
18.3619
14.8
9.55238
23.1714
11.8286
33.619
23.3905
20.1429
14.219
26.1714
18.4667
23.6762
15.1143
16.2095
8.15238
8.62857
4.7619
13.0476
33.1048
10.381
23.1619
23.5333
10.8381
21.4095
6.10476
21.7333
4.75238
9.27619
16.6571
19.1905
4.32381
9.59048
16.2381
5.52381
14.1619
10.8667
19.5048
20.219
7.86667
12.5619
6.84762
12.1238
26.5143
31.5143
12.2095
15.9429
5.73333
7.70476
32.2667
7.31429
11.7048
12.581
12.0571
4.34286
19.3619
7.55238
10.4571
16.8857
5.79048
28.1524
11.4476
16.5238
26.819
32.1619
22.5048
12.7905
18.7429
15.0667
11.6667
28.7524
12.7238
10.7048
7.60952
15.9333
17.419
7.54286
17.0095
12.1143
18.181
15.6286
6.5619
29.3524
26.6
28.4571
24.2381
16.3429
26.2381
14.1048
11.1238
5.52381
21
14.6667
23.4667
19.5333
5.6
13.4571
10.3905
22.4762
6.34286
18.9619
5.20952
4.08571
7.40952
15.9619
24.0095
4.4
17.9238
8.14286
21.219
6.92381
22.4381
14.6762
15.3714
7.40952
7.0381
17.6952
18.4381
29.1238
19.8667
9.17143
13.1333
4.46667
4.17143
4.42857
19.581
6.14286
4.32381
20.1524
15.9714
11.8476
17.8095
8.40952
8.01905
13.4667
4.30476
15.581
4.2
15.2857
25.1238
17.4476
27.2
20.3524
8.92381
12
7.58095
4.55238
4.94286
9.58095
4.01905
19.1238
22.7333
23.5905
12.0857
13.6667
5.14286
7.54286
14.6571
16.8286
17.2095
14
20.2857
7.69524
16.7905
8.02857
16.0667
22.0857
21.0381
7.73333
20.4762
7.60952
4.35238
27.5714
10.419
16.8952
16.6
6.75238
9.52381
13.5333
28.8095
22.381
5.18095
20.5143
40.9619
16.219
17.2286
46.2476
11.7714
12.4476
8.21905
16.1905
9.13333
17.7714
8.87619
20.3714
19.1619
27.1429
4.27619
6.9619
6.05714
13.8952
6.40952
15.6
4.17143
22.4
7.12381
32.4286
9.62857
14.0952
11.8095
4.41905
7.90476
11.6571
6.8381
7.19048
20.6286
9.4
5.04762
13.1524
9.6381
11.4857
12.7524
13.1048
8.91429
26.8
15.1619
6.38095
18.5143
4.92381
20.0095
9.27619
11.8857
12.2
31.619
16.2857
21.3048
9.62857
4.5619
17.3238
16.7429
7.8381
11.4667
8.08571
10.3429
13.6
30.0476
15.781
6.71429
19.3905
46.0857
8
4.09524
26.1429
4.29524
15.8571
35.3238
23.7714
24.9048
19.9619
12.1714
11.4762
12.8857
4.80952
17.8762
16.6952
14.6762
6.57143
15.2095
8.71429
21.019
6.20952
17.7143
16.6095
4.06667
20.1619
14.8095
12.3143
20.0381
6.13333
11.3619
20.3048
9.41905
7.27619
23.3238
6.5619
5.9619
10.5524
4.38095
23.2
15.0381
23.7429
18.8095
5.78095
16.0476
13.1238
4.34286
22.1238
7.09524
28.1619
15.3714
33.6667
4.77143
10.9333
10.3048
9.50476
11.781
15.2286
30.6571
18.6857
5.38095
18.1333
8.19048
25.9429
24.381
12.1048
25.819
15.8952
13.1714
16.7905
22.8286
6.67619
14.8667
8.89524
11.4095
7.34286
25.1429
11.8381
4.01905
21.9905
30.4667
15.3048
9.09524
7.35238
20.6
13.4
27.4762
26.6095
9.59048
14.0762
11.6
21.3714
14.1048
14.3048
4.69524
5.4
4.13333
35.2476
6.53333
23.3333
15.2381
6.27619
9.47619
16.7238
14.4476
22.8857
9.37143
4.44762
25.4857
4.79048
4.53333
12.6286
26.181
9.89524
14.5143
24.1429
31.9048
33.2286
13.8667
22.3714
14.5048
20.7429
25.9905
4.75238
27.3048
14.619
7.09524
4.10476
7.64762
6.93333
14.4476
8.4381
6.89524
4.86667
24.3143
15.781
20.8381
22.2286
12.019
14.5238
4.91429
29.3619
18.3333
11.8
6.68571
20.6667
13.2286
14.4
18.7714
22.9524
12.0762
15.6571
13.2857
4.07619
4.29524
16.0571
14.0571
17.4095
10.9048
4.65714
5.8381
36.5238
11.8857
8.45714
11.7619
29.1048
13.3238
6.71429
13.9429
5.20952
4.22857
30.6857
4.06667
6.0381
4.77143
27
4.38095
13.8286
5.09524
17.6667
20.3238
8.06667
4.65714
19.6952
25.6857
15.7619
4.45714
17.7333
13.7905
13.8
31.0667
16.7524
10.1333
4.8381
18.9714
22.2476
11.3333
10.4762
10.619
4.34286
8.58095
5.57143
6.17143
5.3619
15.5619
16.8
5.38095
19.1143
27.3429
21.2857
5.2381
29.9238
17.6
13.4095
25.9238
14.6952
23.7333
11.1238
4.73333
13.8476
13.6571
15.4476
31.3333
4.48571
26.8286
24.9143
5.01905
8.42857
26.7714
28.9905
4.04762
9.30476
17.7048
16.5429
7.84762
21.3905
16.5524
27.7048
18.8571
33.7143
10.9429
25.3905
9.52381
8.9619
4.38095
10.7714
23.2
7.11429
9.47619
28.1905
17.0381
19.0095
11.6095
4.41905
46.981
9.82857
27.7524
34.1905
11.7429
6.9619
4.15238
17.5143
12.2952
11.181
27.581
4.11429
13.1714
16.2762
12.181
27.9905
23.2667
26.8
16.0286
18.2952
10.9524
21.9429
10.0952
35.1619
8.06667
10.4476
11.8476
10.2381
14.7524
6.35238
9.81905
14.1238
8.5619
4.84762
40.3048
6.12381
5.91429
12.181
9.84762
17.3429
22.8286
14.3333
12.5714
15.5048
11.5048
7.24762
6.06667
17.8857
9.9619
6.1619
21.8857
4.41905
8.53333
26.2857
16.8286
13.4286
13.019
10.7238
10.2667
5
11.419
6.08571
6.4381
24.9143
20.9619
8.75238
12.2286
34.7714
31.9143
22.1619
12.7429
4.85714
12.0286
12.6095
11.3429
20.7048
17.5429
18.9619
23.019
8.82857
7.51429
25
21.2286
8.14286
8.09524
11.4381
11.4286
13.5905
11.619
10.4476
10.9429
14.7143
19.2286
9.86667
31.2762
4.64762
6.45714
14.5048
4
16.5524
4.04762
27.8
17.9333
11.2286
29.419
7.70476
21.3619
9.84762
4.52381
7.73333
10.0095
8.21905
15.7048
27.2
8.85714
11.0667
11.5905
8.53333
5.0381
5.73333
21.7048
10.8476
5.50476
7.1619
18.7714
20.2952
7.2381
38.3905
15.2667
14.0476
18.9238
4.05714
11.1429
4.8
23.7143
20.8381
24.3333
31.9143
19.619
7.93333
6.1619
18.7905
22.5905
8.89524
25.2952
18.1333
19.4571
10.0571
23.2952
17.8857
9.49524
22.5238
13.3524
6.49524
19.3238
17.5429
9.47619
29.1905
5.49524
8.72381
15.9333
15.4762
13.4762
5.49524
26.819
9.06667
20.0381
31.4762
25.4
22.2571
5.02857
11.3333
6.26667
8.08571
4.27619
31.1905
12.7714
4.1619
8.38095
9.7619
6.28571
10.8667
5.77143
10.9429
18.0857
14.1333
5.89524
4.50476
10.8381
4.93333
11.9333
7.13333
21.7619
11.3524
17.1238
16.2952
7.71429
11.9619
19.4667
6.70476
13.5048
10.8857
10.7143
10.8857
28.2286
14.9905
5.15238
26.4381
17.1333
4.75238
5.61905
13.781
16.6952
12.8476
11.0857
5.27619
38.2762
8.28571
4.8381
8.86667
26.8952
26.6667
11.3333
13.0667
10.5048
27.3905
17.9619
17.619
4.02857
16.3905
14.2571
23.7905
8.89524
6.4
15.8476
13.7714
36.7714
7.91429
9.61905
38.1619
8.30476
39.4
11.3714
10.9714
16.8952
8.62857
7.06667
26.819
25.781
7.15238
38.2381
4.11429
10.0286
19.5429
7.33333
4.86667
21.8476
18.2095
15.0952
13.8571
12.3143
28.7714
26.7238
6.68571
10.7905
4.4381
4.53333
4.12381
13.0857
34.5333
11.0952
14.7143
21.5905
12.981
8.92381
21.4286
6.62857
13.2476
22.9238
4.67619
20.7714
10.4667
18.0762
5.6381
12.7048
25.2857
21.781
11.3714
4.86667
4.8
13.2
11.019
16.7238
21.2286
13.7238
28.0952
14.219
7.50476
22.1333
12.2762
24.381
17.8381
25.3143
11.6095
11.7429
16.7143
4.92381
22.0571
16.4762
28.3238
22.781
23.8381
11.2286
30.4762
22.7905
12.981
12.5429
6.98095
4.8381
69.381
10.6095
6.52381
25.7333
12.3429
9.94286
16.9524
27.3524
6.92381
26.0952
13.6571
4.87619
4.57143
23.2095
4.84762
4.61905
13.4381
30.7429
4.11429
10.2286
20.3238
15.1905
25.8476
23.7429
16.5048
4.33333
21.8857
5.86667
25.3905
7.95238
26.2667
13.6095
4.86667
10.4857
6.09524
6.92381
4.13333
4.74286
6.38095
10.0952
20.8286
15.6381
5.08571
19.6095
16.3429
9.4381
10.4381
25.6952
4.50476
13.9048
4.40952
20
25.181
21.7524
9.66667
11.8381
23.4667
23.0095
28.0857
6.21905
14.3238
14.9333
14.9714
5.32381
4.92381
6.70476
10.381
12.9429
21.8476
29.3238
15.2762
13.4381
11.1238
4.92381
13.2667
21.2857
8.9619
15.8571
21.5619
9.10476
13.7714
5.6381
4.49524
12.419
19.7333
21.1238
4.38095
13.619
31.8381
20.3619
9.35238
36.219
18.4381
4.13333
9.32381
36.4952
25.9524
13.0571
15.819
26.7333
11.5238
9.64762
13.3429
12.781
24.4
13.2286
15.4762
17.1143
15.6762
30.9905
5.02857
10.9238
7.06667
15.9714
12.8381
12.2095
15.6571
9.78095
8.92381
13.3143
12.3429
8.54286
4.38095
6.52381
8.99048
9.7619
16.2
4.97143
17.0857
13.5429
16.3048
11.3143
14.0762
11.4095
5.30476
11.419
12.6952
4.38095
13
26.9048
17.9905
11.7714
9.8381
6.08571
10.8667
9
9.41905
22.619
14.7714
12.2667
26.1905
17.1619
10.4286
13.381
11.0857
4.74286
15.5333
5.6
35.1429
10.8476
11.1143
5.94286
4.91429
14.9333
4.44762
24.819
16.3905
10.0571
11.8476
5.91429
32.7714
6
11.3048
7.64762
19.5905
9.66667
4.3619
15.9143
16.2476
14.9429
13.8
8.71429
4.53333
6.20952
16.4571
8.9619
12.1429
15.8857
6.5619
20.0286
20.9048
22.181
16.0286
26.3048
12.8762
16.8286
11.1048
29.3905
8.12381
15.5429
19.4381
11.6952
12.981
11.8952
5.05714
4.60952
21.2857
5.1619
19.3048
5.38095
8.6381
22.4571
14.5333
17.8667
11.5524
4.25714
12.4857
17.0381
5.42857
5.66667
9.86667
13.1238
15.8476
11.8667
4.35238
12.1143
13.4381
4.72381
7.91429
10.7143
16.2381
30.1238
12.0286
33.6476
20.3429
11.7238
4.27619
10.219
9.29524
4.02857
16.2571
4.54286
12.8857
29.5143
15.9333
24.5429
10.7048
8.15238
30.2381
4.06667
23.2667
18.5143
12.9714
9.28571
22.2952
23.3143
16.4095
4.26667
6.09524
23.8762
4.2381
21.3048
4.05714
11.0381
17.7714
20.1238
29.0095
28.1905
26.5524
4.45714
7.24762
13.8
23.9333
4.45714
7.53333
19.3429
17.219
4.62857
6.34286
4.24762
6.48571
22.4095
25.181
5.85714
16.8095
4.4
20.8
17.3238
4.61905
4.80952
10.7143
17.2381
13.1238
36.0952
24.9143
4.78095
26
33.3905
5.31429
17.2381
9.79048
8.33333
13
4.6
33.3143
8.07619
27.6286
18.0286
4.40952
4.15238
37.0476
13.7905
7.53333
30.4381
12.2667
4.05714
15.1905
10.4857
4.53333
28.0286
6.92381
12.9905
8.32381
13.581
7.86667
6.12381
16.8952
22.3429
15.7238
16.4
31.6667
14.5143
9.5619
37.819
12.3905
23.0476
15.0571
7.67619
4.19048
5.70476
7.28571
13.1905
4.17143
22.9238
18.2
11.6857
14.381
6.25714
5.85714
11.1905
14.781
20.3333
4.55238
7.7619
15.9143
28.819
14.1143
15.0952
12.7048
37.3333
6.98095
8.29524
16.8762
22.219
30.2
24.7048
9.77143
15.3905
17.8857
21.419
4.62857
4.93333
14.4857
13.2381
18.8095
13.1048
22.4571
19.7143
6.59048
13.0381
14.2
4.41905
15.5238
31.1048
25.4381
14.2286
10.2571
23.2381
21.8286
16.5238
10.1524
4.15238
19.019
5.9619
9.1619
15.6762
16.6381
19.2
6.35238
9.55238
12.9048
23.2476
14.581
17.4762
8.66667
5.18095
15.4
7.39048
9.18095
4.22857
25.1143
4.87619
26.5333
26.6667
6.07619
5.29524
5.01905
23.4286
12.0857
29.9429
4.08571
10.2476
4.8381
19.3333
20.3429
14.2952
4.92381
15.4381
13.5619
18.7048
20.3619
22.619
19.4476
12.0381
8.35238
16.8095
30.8286
4.22857
32.381
26.0857
5.84762
29.7143
12.2857
6.66667
4.71429
25.2762
11.0762
10.9714
4.25714
20.5048
7.05714
7.30476
5.04762
26.5048
26.8857
28.1905
7.21905
4.31429
28.5619
41.019
12.0381
15.819
13.4571
39.0095
12.9429
10.581
11.6
21.7143
5.12381
4.41905
16.0667
13.0952
32.1524
22.3238
26.1429
4.40952
6.86667
30.2857
5
25.8667
7.65714
16.419
7.49524
29.8
19.5905
17.4286
4.27619
7.77143
19.8762
7.86667
8.87619
18.2095
21.9048
8.20952
12.1524
27.5238
42.9238
8.51429
20.7143
10.9429
4.41905
13.9429
17.4095
27.8
6.19048
7.65714
15.2
19.619
17.4571
6.33333
4.20952
13.6857
13.7429
10.7524
6.47619
11.9238
9.90476
14.0571
8.1619
13.9238
13.5714
12.0857
19.7714
16.3429
16.5524
5.73333
32.5238
6.6381
13.5619
8.66667
10.219
9.5619
8.67619
11.7714
9.90476
11.0952
25.3238
11.7048
4.18095
15.0762
5.88571
4.62857
4.51429
14.381
10.4952
15.0857
4.33333
21.0381
10.6
8.73333
4.60952
15.6571
9.97143
20.2381
15.0476
6.78095
18.8952
8.40952
4.27619
8.28571
16.9905
14.1429
23.7429
4.27619
4.69524
4.14286
15.0857
7.2
8.48571
17.4952
8.88571
13.3905
12.9333
11.7238
13.2762
23.9048
14.8381
4.98095
4.2381
6.87619
4.52381
14.6857
10.9524
10.4952
14.6286
29.8857
15.0286
11.8095
22.2762
7.48571
26.6571
10.6571
12.819
7.5619
15.6381
5.06667
25.8762
5.49524
7.33333
16.4
14.5048
5.92381
4.30476
15.0381
13.2286
13.5048
6.38095
34.0952
35.1524
20.019
4.47619
8.44762
16.1143
4.48571
7.47619
8.64762
16.0952
22.1048
6.41905
4.34286
7.38095
10.8381
11.381
32.2476
14.7619
9.8381
24.4476
10.3524
18.4952
7.2
7.39048
15.419
7.42857
7.60952
6.46667
14.9524
4.25714
10.581
19.7619
14.7619
17.8571
22.1429
11.8
19.4857
23.8952
13.6381
11.7714
4.74286
4.62857
12.2857
27.9905
4.67619
15.1143
21.4381
20.3238
12.0667
4.71429
12.7238
9.22857
18.2667
19.3714
4.61905
21.9238
25.9714
5.77143
9.94286
4.46667
18.4
12.8762
13.6381
17.2952
12.4762
10.4762
4.44762
24.1524
33.7048
13.8762
18.3714
18.3143
5.79048
122.781
6.88571
15.7238
12.4381
17.2286
26.2571
6.4381
7.26667
8.24762
5.32381
22.3524
4.33333
28.7714
6.68571
24.9714
39.8571
4.35238
22.2857
5.33333
19.4571
12.4952
6.9619
10.419
14.5238
23
4.81905
21.581
27.5143
21.8857
23.5048
19.2571
49.2667
27.7333
23.381
21.619
11.2095
25.8286
18.9333
13.4
15.5524
25.6571
24.8476
14.1619
17.6
4.2
12.0095
15.8952
19.0952
4.78095
9.48571
5.54286
18.981
17.6952
7.12381
23.6857
9.05714
18.2
21.4476
24.8952
13.219
6.98095
8.35238
6.55238
4.21905
15.9524
24.2
4.93333
9.42857
24.6476
13.381
9.89524
4.01905
6.91429
4.4381
10.9714
16.2095
14.0667
13.0381
5.9619
29.5333
20.7048
14.981
4.24762
4.84762
5
15.0857
28.6571
12.5619
24.6667
30.7143
9.50476
10.6476
10.1905
9.6381
22.181
34.7143
15.8095
9.41905
5.87619
19.6762
6.48571
6.58095
23.7905
16.0095
9.41905
4.55238
14.981
21.3429
12.2
11.3524
16.3429
11.7619
4.26667
11.8
13.8762
5.79048
10.3429
9.94286
13.6952
4.09524
16.7048
4.71429
16.981
11.6667
22.2
23.9905
19.8
14.7048
7.86667
26.7238
22.3238
7.06667
12.0952
4
19.4857
25.5048
9.51429
14.5619
25.5905
17.9905
9.72381
19.8381
30.1619
7.33333
12.6095
18.1333
15.3238
10.2381
4.05714
7.50476
5.07619
22.3429
4.46667
12.2
17.1333
10.1143
7.13333
16.5333
4.06667
21.981
20.3429
5.54286
22.3238
11.2667
6.84762
7.41905
15.8286
9.3619
17.8857
12.7238
15.4381
10.6667
22.3333
26.4381
14.8571
4.8
6.20952
22.4
17.0286
7.66667
4.38095
7.49524
7.84762
16.2952
17.6667
13.3333
31.6
4.48571
19.381
5.39048
5.9619
12.5524
7.18095
9.68571
4.8
28.4857
8.98095
4.44762
15.0952
13.6667
20.7524
6.02857
16.2571
20.2476
7.51429
11.3333
19.4667
11.1905
16.581
4.37143
18.9619
5.18095
47.3714
4.59048
20.4667
13.6476
29.4
9.21905
23.1619
22.3429
10.0952
10.9429
9.04762
18.9238
21.8667
5.39048
4.57143
10.1714
12.4381
21.7048
11.2095
13.1048
13.4667
6.88571
14.4381
22.1429
12.3429
26.6762
8.2
14.6095
12.4762
12.8571
8.53333
22.5714
6.17143
15.5619
4.71429
4.44762
8.01905
4.33333
28.9238
6.54286
12.981
28.7524
4.68571
12.1429
5.64762
4.8
4.4381
15.219
7.6381
19.8857
4.6381
29.5333
6.89524
27.7714
26.4857
22.1143
17.419
10.1524
13.7048
16.7619
24.0476
22.019
4.68571
15.4762
5.4381
22.9524
21.4381
12.1619
8.82857
6.25714
25.3905
26.0952
19.5143
7.9619
12.781
31.1429
8.65714
11.5905
28.4095
11.3429
14.5524
15.3714
6.74286
20.581
11.2286
8.65714
20.7619
16.4476
18.4095
13.7429
19.4286
20.1143
8.60952
8.55238
4.21905
9.62857
4.13333
13.7048
37.7619
11.6762
4.12381
9.09524
24.4
9.47619
17.1238
10.5905
16.981
4.20952
21.1143
28.8667
26.6381
29.6
29.4381
12.0667
12.0857
12.181
22.5143
8.17143
25.1238
12.5524
14.6571
37.7714
11.3238
9.55238
4.2381
19.1333
9.68571
4.13333
14.4762
12.0571
26.7524
8.97143
8.87619
22.4952
34.4952
4.14286
16.7714
14.4476
7.77143
15.1714
21.4571
24.7333
30.0476
20
10.0952
8.4
9.10476
17.581
16.9714
5.2381
8.66667
9.77143
15.1048
4.2381
21.6476
21.5905
15.019
20.4
14.6857
4.05714
18.1238
11.4857
12.6286
16.0762
17.1905
29.2571
11.6476
7.02857
15.6762
14.6952
6.58095
24.4762
8.82857
39.8571
7.06667
16.3524
15.1143
6.2381
9.54286
10.8381
6.3619
16.0381
4.45714
7.15238
4.1619
15.7619
7.11429
16.0762
13.1048
11.6857
9.46667
7.33333
6.44762
41.6762
15.2476
5.95238
7.57143
16.1238
6.42857
28.8286
8.2381
4.32381
10.1619
22.4762
11.1905
18.4952
37.4667
14.8762
32.3048
16.6952
8.01905
19.5619
9.47619
11.181
23.7905
25.7238
11.181
20.3429
7.53333
24.6286
26.181
14.3238
9.67619
7.06667
9.7619
7.2
6.70476
15.1714
4.53333
12.2095
31.8952
11.3048
12.5429
21.5429
8.02857
4.20952
26.7048
30.8476
10.0476
10.3143
19.7619
5.88571
17.4476
4.93333
12.7619
20.3619
23.9429
18.1143
4.28571
11.8571
5.80952
4.39048
5
18.8857
12.0476
10.4381
4.62857
12.9048
4.47619
10.4762
10.7905
4.29524
13.1048
20.6476
9.33333
13.5429
4.44762
7.4
12.9238
4.14286
18.2762
12.9143
18.2
9.82857
11.2095
16.6762
12.2571
20.1905
20.2571
41.5048
20.9048
12.3143
15.8571
19.3143
16.3143
18.1048
11.9714
44.6762
12.2381
9.84762
10.7905
11.7714
17.2381
8.52381
9.93333
5.8381
16.7333
16.2762
4.27619
9.67619
17.7143
16.0476
24.4286
18.3143
33.7429
12.4476
26.0571
4.40952
13.0095
4.40952
10.8762
15.7619
21.981
20.1143
31.3238
15.0667
18.2762
5.57143
4.33333
5.78095
12.6762
9.84762
15.1429
12.5619
20.9143
12.8
13.7714
27.3333
11.4667
24.1238
24.1238
24.6
26.019
13.9238
18.2286
14.5143
26.3429
12.4667
28.419
7.72381
12.2857
5.58095
18.6095
35.1429
9.04762
11.6667
9.80952
5.11429
10.4286
7.9619
5.82857
6.01905
7.15238
23.0667
13.9238
16.0571
12.4571
10.9429
19.2667
5.92381
4.25714
16.9048
8.32381
6.99048
14.2762
23.019
36.5238
17.819
18.5619
14.1143
11.7905
4.05714
5.93333
21.819
14.6667
11.2
4.28571
7.2381
14
21.2952
7.53333
6.97143
15.2095
27.4
7.15238
12.3905
12.9333
16.3714
4.97143
4.29524
13.6381
18.6095
4.6381
5.14286
4.42857
9.10476
5.97143
16.9619
18.4
7.78095
39.0095
20.5333
15.1714
4.33333
10.4857
14.9905
23.781
21.219
13.9429
21.2381
7.6
17.7524
22.4286
9.14286
6.71429
18.181
4.21905
15.181
20.5905
8.12381
33.6381
30.4571
14.8
15.7714
16.4762
4
9.57143
4.38095
9.81905
4.60952
28.2
9.8381
4.7619
4.51429
13.9238
20.6571
8.44762
13.4667
4.97143
24.6476
17.8381
19.2476
15.981
12.3524
5.77143
13.4952
17.5238
26.181
4.8381
40.9143
6.61905
12.781
13.8571
8.00952
11.8476
11.219
6.19048
29.981
10.181
8.86667
12.5524
4.0381
13.0381
14.5333
17.8095
11.7333
10.6381
18.781
23.8762
27.1714
16.3714
4.67619
17.4381
4.42857
4.66667
11.4857
11.8476
21.0571
7.51429
16.1143
5.00952
11.7048
30.1048
26.5238
4.48571
16.3524
14.9238
26.2
13.7524
8.2
11.7143
35.3714
6.21905
28.6571
7.04762
8.34286
8.82857
9.51429
23.5714
5.73333
12.4571
17.9333
4.12381
24.181
10.7714
12.9238
23.1714
13.581
4.46667
8.81905
8.49524
10.8476
6.35238
14.181
9.79048
10.0952
5.8
7.26667
13.9905
17.8762
8.8381
35.9429
7.3619
4.39048
24.0762
4.05714
8.59048
17.5048
13.9143
28.2095
4.94286
17.7714
7.49524
7.95238
33.2095
31.2571
6.10476
4.50476
16.781
7.58095
16.0476
14.8667
4.28571
8.26667
4.17143
16.4667
9.32381
16.9524
10.3238
39.1048
4.2
12.7714
12.7714
51.1048
17.8095
12.7524
6.30476
4.40952
8.29524
4.87619
23.7238
13.0762
23.3238
11.2952
12.6952
18.3333
18.0667
14.5905
13.0667
27.0571
20.4095
5.08571
13.1524
13.419
36.5524
10.2286
11.1429
12.9714
19.4
23.3143
22.219
28.2667
7.68571
12.0571
26.0476
11.5429
12.4095
4.47619
12.5143
4.51429
7.6
5.80952
16.8
4.29524
25.1143
34.1238
8.5619
31.5619
6.00952
19.0667
4.52381
8.20952
19.6571
4.9619
6.55238
21.9048
34.2571
11.1333
19.5524
18.2762
20.7143
17.8762
21.4381
5.79048
7.50476
25.0952
28.219
16.219
4.69524
10.7714
5.10476
6.62857
5.8381
4.50476
21.4952
8.69524
21
4.48571
28.7905
16.7048
24.6381
9.65714
26.7238
26.9619
11.0667
7.33333
15
8.8381
15.5429
4.11429
4.22857
12.5714
5.21905
10.6095
12.0476
19.4762
19.0286
11.6381
24.7238
9.26667
19.2762
13.781
15.1714
24.4
19.5238
16.7429
39.6
20.0476
6.5619
9.09524
12.3333
16.219
13.6476
32.0095
12.4571
4.14286
25.6
29.1524
20.8667
7.3619
19.8095
14.6095
18.2095
12.2762
18.7333
24.4762
4.38095
23.7905
5.77143
23.1905
18.2952
10.9524
9.31429
23.6381
8.5619
18.5714
31.0286
4.21905
15.2381
20.4095
28.381
26.7714
18.3905
10.9048
4.70476
4.53333
16.2286
22.8286
4.95238
28.8381
51.8857
29.0857
29.8952
13.181
11.4571
20.2857
13.3524
4.13333
6.64762
6.4
8.9619
4.66667
4.07619
4.29524
18.5524
15.5905
31.1048
18.7905
4.38095
6.09524
12.5619
19.0762
4.88571
4.75238
26.1048
18.3619
23.3524
12.2952
12.2095
12.6952
14.219
16.3524
14.0571
14.8667
34.5238
22.2857
34.7905
9.05714
11.0476
4.72381
7.42857
12.1714
25.0476
10.3143
30.1143
14.419
13.819
12.7048
15.5238
6.1619
4.42857
7.82857
8.04762
4.46667
11.6762
5.08571
4.90476
8.49524
24.9238
22.3429
7.73333
9.55238
4.64762
4.94286
8.78095
8.44762
11.5333
22.1238
4.12381
22.1524
9.27619
8.32381
7.77143
5.0381
34.5238
11.8857
25.9714
14.1048
12.6476
15.7905
9.20952
13.7333
18.2
28.0381
10.781
16.0381
4.2
17.7619
26.6857
4.48571
27.4095
25.3143
6.65714
7.86667
4.3619
4.1619
14.1524
21.3905
15.6286
12.5524
10.2381
9.55238
32.9429
21.7524
12.0381
9
28.1238
4.41905
11.7714
19.9429
8.27619
4.33333
7.40952
19.2381
9.81905
17.7238
9.61905
15.7619
10.9524
7.06667
6.31429
4.79048
19.5429
14.6762
15.7429
14.7048
7.32381
6.27619
9.52381
21.0286
8.92381
5.92381
7.93333
15.8
9.3619
7.21905
16.0857
6.81905
4.44762
9.30476
10.6952
21.4095
23.8762
8.7619
22.6571
6.64762
21.9143
8.11429
25.2286
11.4
4.14286
4.42857
5.54286
6.07619
9.55238
7.07619
10.019
33.781
15.7048
13.0476
34.4
25.6667
6.95238
34.5905
14.1619
18.2476
21.9333
7.0381
22.7429
23
4.27619
18.0286
13.3143
31.8381
30.5429
10.181
10.6571
14.2381
14.619
17.9524
5.91429
7.73333
5.91429
24.9048
9.9619
4.09524
14.8381
13.9143
4.65714
13.7143
11.9333
12.4952
26.7429
24.9619
6.45714
8
7.59048
12.7524
8.31429
18.219
15.6286
32.4667
25.7333
15.9714
12.9905
4.66667
14.4095
15.1238
11.9524
19.0286
6.0381
9.41905
14.0095
16.3714
13.4095
4.79048
23.7905
10.4476
44.0952
20.8476
27.5333
13.0286
8.91429
15.8476
25.8952
4.04762
16.7048
15.6
4.6
8.1619
25.2667
19.5143
4.46667
4.09524
10.8762
4.07619
21.8381
17.1905
22.8667
40.3429
12.7714
28.4571
37.5429
14.5333
24.3143
6.10476
7.97143
17.6476
7.73333
14.8
13.0476
13.0286
6.62857
5.72381
17.1333
16.7714
4.08571
7.34286
27.3143
11.2286
7.9619
26.3619
14.5238
22.8286
12.4762
4.01905
22.1524
18.9333
21.7524
11.3333
13.3048
19.1048
28.019
25.3333
20.7905
12.7524
19.4476
9.15238
9.55238
38.6
15.7429
14.8286
8.2381
4.92381
5.53333
11.7714
5.92381
9.05714
4.82857
8.35238
8.87619
6.40952
20.3238
13.0952
9.90476
13.0286
15.819
19.9619
11.1333
11.5714
4.27619
7.04762
29.3238
8.00952
5.3619
9.85714
7.5619
27.4857
5.74286
8.6381
14.5714
11.0476
20.0571
9.51429
11.1524
4.97143
9.74286
4.6
6.22857
19.3048
10.8476
14.9143
12.4095
7.94286
7.7619
17.8762
10.1429
25.5714
7.65714
20.7333
16.1238
15.0286
9.32381
15.3429
27.4095
8.7619
18.8
19.3143
6.08571
21.981
21.9905
18.5048
21.1143
8.9619
8.87619
9.94286
4.87619
6.49524
5.93333
16.5524
36.581
4.28571
16.7333
7.32381
21.5714
27.819
17.5714
11.5524
28.1524
8.01905
5.25714
9.64762
12.3714
15.3714
11.3048
23.3143
4.84762
15.6381
15.581
6.09524
23.8286
14.8095
5.35238
5.97143
4.3619
14.9333
9.65714
13.2095
20.7714
29.9429
9.46667
15.5333
10.9619
9.00952
11.1143
25.8095
17.6286
6.06667
25.1524
4.25714
15.4476
6.51429
27.4
20.4762
8.60952
12.5429
20.5905
16.2
4.3619
4.35238
8.51429
15.7333
6.60952
20.8476
15.5524
7.42857
25.5524
7.65714
8.85714
4.10476
8.90476
6
21.2476
11.7238
10.9143
24.9143
11.8952
9.91429
13.8857
12.9143
13.5143
18.9524
4.08571
10.6
6.13333
9.79048
10.5143
7.08571
24.2095
6.01905
4.3619
10.4381
8.75238
5.59048
6.70476
16.7429
5.84762
14.5238
5.05714
14.2
6.62857
21.5429
13.1429
13.6667
4.25714
16.1238
16.4095
20.1524
14.8857
13.581
4.68571
14.181
7.88571
4.68571
14.1524
30.8857
12.7524
5.31429
12.0667
11.2762
7.31429
17.8381
5.17143
4.08571
38.0762
31.5619
14.4095
20.5238
21.5048
12.819
4.15238
8.62857
7.1619
17.0952
4.27619
32.7143
15.1524
20.381
8.01905
4.18095
20.3238
4.98095
19.6095
5.77143
12.1048
10.3905
10.0667
26.0095
11.8667
5.80952
4.09524
4.11429
11.9905
17.1429
4.32381
12.7905
9.8381
24.9333
4.39048
12.7333
8.21905
5.17143
4.39048
31.0857
35.219
5.90476
10.4286
13.1619
17.7333
20.9333
4.1619
31.2381
13.0762
22.9333
7.86667
6.79048
17.4762
30.9714
28.0667
13.4667
33.3619
7.31429
7.90476
13.6952
7.51429
14.0095
11.9905
8.14286
6.13333
26.0286
15.4095
4.3619
11.8
4.7619
12.419
20.2381
9.59048
10.7429
39.9143
27.3048
10.4476
5.98095
9.04762
7.32381
12.5619
11.3048
29.9048
23.8667
9.6
12.2857
24.1619
9.97143
10.1143
18.8667
9.2
13.8476
9.54286
34.6571
4.78095
11.3524
10.5238
9.19048
12.0476
13.0476
11.1429
9.01905
4.08571
7.48571
11.8095
12.1905
4.70476
7.14286
6.51429
9.72381
7.26667
28.2952
14.0286
5.66667
20.1143
8.00952
18.1429
5.06667
12.4381
35.2095
11.5619
9.39048
4.22857
10.8
14.0286
6.10476
7.60952
8.06667
7.14286
12.1714
19.8381
8.99048
8.71429
7.92381
7.1619
12.8952
29.8381
5.27619
5.27619
12.8857
23.0286
15.4667
8.32381
4.12381
4.20952
24.5048
7.75238
31.6381
7.30476
28.1524
6.73333
11.8476
9.72381
17.7048
20.7619
14
38.8095
11.6857
18.6667
8.54286
4.40952
4.15238
32.4381
17.2667
10.5524
7.66667
12.3238
13.5048
10.9714
18.381
4.9619
13
10.0381
8.12381
16.7905
19.7619
17.4857
19.981
7.64762
11.6952
9.45714
4.22857
4.1619
6.5619
24.2952
5.20952
12.781
7.69524
5.3619
8.45714
4.13333
10.7619
31.1905
6.37143
4.58095
8.60952
11.0095
31.8667
21.6952
16.181
8.27619
17.5714
6
16.7333
4.59048
17.7143
8.8381
4.11429
9.35238
18.5429
8.44762
23.9048
17.0476
12.6762
18.219
7.3619
20.9524
14.7524
13.3905
11.4857
15.2952
14.9238
8.22857
19.3905
11.4952
23.5048
7.94286
7.01905
19.8857
26.5714
14.6857
10.9333
5.91429
24.2952
7.37143
4.10476
30.5048
6.89524
12.019
5.10476
25.1524
26.8571
13.5905
21.3238
8.48571
14.4667
14.0952
14.1714
21.381
31.5524
8.37143
4.66667
5.94286
21.9048
17.819
14.6952
5.20952
13.9714
11.4
24.6857
18.5429
22.1714
16
24.5238
28.0381
22.381
4.59048
6.60952
24.4571
18.9238
6.1619
12.6381
5.02857
11.0095
9.59048
4.20952
23.2857
5.08571
11.6667
5.60952
7.14286
5.44762
8.8381
5.7619
6.84762
20.7429
31.581
15.781
4.35238
30.1333
18.9714
18.6
9.65714
17.6476
5.40952
14.9524
10.2857
11.5238
13.3048
13.9143
4.08571
6.49524
13.4286
7.60952
9.3619
17.2952
9.50476
18.4952
4.46667
23.3905
10.7619
5.58095
4.98095
12.2476
10.6952
20.4095
4.24762
16.5524
5.58095
28.4667
7.72381
10.8667
9.69524
18.5905
19.5905
4.61905
32
6.89524
17.181
31.9048
4.40952
5.8381
18.9143
15.2762
15.5048
11.8381
5.60952
4.18095
17.0476
4.15238
18.7905
4.33333
19.1905
6.87619
14.581
4.52381
14.5333
22.9524
26.3905
6.20952
28.5143
30.2381
6.8381
27.7333
9.15238
4.45714
4.88571
25
36.9714
22.1905
17.8095
10.4476
14.1905
4.28571
20.9619
7.34286
10.2857
20.3905
17.8381
23.1619
11.2762
8.88571
8.75238
20.0571
9.11429
6.9619
26.5143
24.3333
19.4571
29.8762
17.9524
25.381
16.7238
27.1429
11.2476
8
19.8857
4
4.6
4.58095
33.2381
9.86667
20.8095
10.8286
19
5.12381
7.69524
6.87619
13.2952
10.9333
22.6952
25.4952
10.4381
14.619
4.1619
5.87619
4.46667
8.79048
12.7238
8.47619
10.2667
25.0762
21.5333
19.819
6.28571
4.34286
12.2762
6.2381
13.5238
4.53333
5.24762
4.21905
20.0857
4.65714
5.06667
7.28571
7.0381
10.0762
15.0476
9.10476
9.26667
16.5429
16.8
26.219
18.9524
19.3048
11.6381
29.6476
13.4381
7.7619
8.66667
19.2286
14.419
4.25714
7.73333
4.28571
22.1429
24.1905
23.3714
25.2762
7.59048
9.28571
4.73333
8.85714
11.3333
5.38095
4.2381
4.57143
10.8476
9.70476
24.4476
6.09524
14.3619
16.5238
14.181
10.4095
12.3048
26.2762
8.09524
13.7429
24.8381
18.2476
4.2
26.781
14.3048
10.419
7.24762
10.2952
17.3048
5.64762
27.2571
24.5524
4.19048
5.15238
8.70476
18.4857
21.0381
28.8
13.8667
10.8286
10.8571
16.0476
27.7714
12.7429
21.4095
20.2095
7.79048
7.69524
13.4095
31.8286
7.52381
5.21905
13.1048
6.2
19.6
6.84762
9.26667
4.6
9.80952
8.2
7.46667
6.80952
19.8952
11.1619
15.8095
20.419
4.71429
21.2
16.819
25.9048
21.5429
25.7905
9.04762
4.35238
4.01905
7.2
10.8286
10.0286
18.6571
30.3143
24.0286
16.3048
12.1143
4.41905
4.17143
7.90476
10.9048
5.92381
4.65714
9.40952
6.81905
13.2571
12.181
4.44762
18.3143
21.4762
6
27.8095
11.4286
21.381
9.15238
23.2762
13.7238
27.4
37.2095
26.0286
10.5429
12.5619
6.35238
16.4
4.84762
9.00952
6.04762
6.04762
10.3429
17.3238
10.6476
11.4952
4.55238
4.6
13.1429
7.2
17.6762
26.8095
7.45714
9.48571
19.181
7.34286
17.3619
6.5619
10.2571
9.33333
4.4381
7.35238
8.85714
13.7048
12.2762
5.01905
5.27619
12.6286
6.14286
9.1619
6.65714
4.89524
19.6857
9.02857
12.0095
15.8476
30.2857
5.8
4.8381
11.5619
17.4857
10.3238
4.02857
14.5143
12.6952
9.77143
20.019
6.38095
16.4762
11.5429
13.3714
5.02857
12.7905
4.09524
4.89524
11.7143
6.93333
12.9905
25.5143
21.4
8.8381
4.3619
18.1905
4.31429
19.1714
18.4381
6.7619
27.2667
15.8476
5.68571
4.17143
25.2381
4.90476
7.51429
19.9333
24.6667
10.4762
7.26667
7.57143
15.6381
10.4762
5.72381
25.5619
27.5048
26.4571
5.31429
10.4857
12.4571
33.6
5.68571
9.9619
23.2571
30.4667
7.41905
28.3333
29.8
4.07619
10.9429
24.0476
13.819
5.26667
12.9143
6.92381
12.0667
24.8476
10.5048
11.981
15.2
12.7905
6.14286
20.8095
13.6857
10.0095
10.9524
9.88571
9.30476
7.30476
18.5619
4.12381
19
8.7619
13.3333
12.2286
12.7429
5.60952
4.50476
4.18095
4.86667
23.9238
25.3714
9.53333
4.22857
7.14286
4.88571
27.8381
8.81905
12.8571
6.05714
35.6571
14.6667
5.28571
10.5048
19.181
21.2476
9.22857
4.2381
5.22857
5.0381
11.5048
4.33333
16.0667
28.2571
4.22857
30.9714
42.4381
4.66667
14.5143
15.7048
4.7619
19.0667
14.7143
6.14286
15.9238
6.91429
19.3429
14.6857
13.781
18.2952
22.5143
4.3619
20.6952
16.219
37.0571
4.30476
30.7619
32.0095
24.4
38.4476
11.3714
4.65714
5.44762
14.2286
7.26667
13.4857
18.7524
10.0381
4.20952
4.4381
9.74286
4.73333
9.3619
32.3333
4.27619
5.61905
13.5619
17.1714
27.2667
20.9619
32.381
11.5333
7.34286
15.5714
18.4095
10.3429
16.4762
10.5619
21.1143
7.13333
23.9429
6.25714
4.1619
6.92381
7.28571
4.07619
5.3619
11.0286
12
4.29524
29.2667
27.819
11.8571
12.2857
8.19048
12.219
13.5048
25.2286
8.38095
8.99048
23.2286
21.0381
23.6095
5.64762
12.3333
6.6
30.6286
16.1619
9.71429
23.3429
12.1048
8.53333
18.3714
9.0381
21.2476
18.6
26.1429
10.7905
27.1238
22.0571
7.33333
6.95238
4.93333
17.219
16.4857
22.5619
8.49524
23.0952
4.28571
11.8571
9.93333
14.8857
23.6095
4.07619
18.781
9.59048
19.7048
12.4857
9.54286
5.01905
4.30476
11.7333
4.29524
8.2381
4.66667
16.4762
4.91429
4.44762
4.57143
8.8
26.9905
20.3905
10.8381
7.95238
10.8476
7.91429
11.3238
22.4571
20.1619
4.78095
5.02857
14.4952
18.1048
16.1333
12.7333
13.2
11.2571
14.5238
13.1714
16.5619
15.3333
10.2667
12.5524
19.781
4.49524
4.52381
18.7048
5.50476
9.6381
16.019
42.5714
22.019
18.0476
10.181
13.9333
32.1429
5.70476
5.2381
13.4762
4.82857
20.6571
8.99048
25.9905
14.3048
14.1429
16.2476
7.4
5.19048
25.4476
13.4571
7.59048
4.26667
9.25714
4.67619
6.13333
8.95238
33.3429
18.7333
23.019
8.84762
12.9429
9.11429
33.8286
8.6
14.7524
20.181
12.1333
20.1619
14.6381
28.0095
10.8571
6.84762
8.98095
49.2762
16.8762
15.419
24.0286
17.5333
7.31429
7.86667
11.0762
19.6286
4.06667
29.6
32.1524
26.1905
13.3429
16.6095
6.48571
11.9714
5.5619
23.3238
34.0952
8.93333
4.34286
36.581
10.9333
19.6571
6.47619
13.8952
13.181
36.2571
15.3524
28.4095
11.4667
21.5333
12.7429
9.97143
21.7048
36.3238
10.2381
4.46667
11.7238
11.0667
16.1048
11.2762
7.0381
4.65714
6.99048
4.47619
9.28571
7.53333
14.619
7.38095
19.8667
4.26667
16.5238
7.46667
4.30476
4.42857
27.2667
4.57143
15.9524
5.61905
10.5429
16.6381
7.89524
8.31429
6.34286
23.181
8.66667
15.8571
4.06667
22.3429
4.42857
24.3429
8.13333
4.50476
8.12381
24.3143
26.0857
10.8095
23.0095
13.219
36.0667
6.30476
13.581
4.6381
4.81905
4.38095
8.89524
31.2381
8.38095
31.6381
4.50476
4.21905
21.0667
12.4762
7.58095
24.4095
7.89524
5.02857
12.4857
25.3619
4.88571
8.15238
9.74286
6.2
8.77143
12.781
18.6286
9.72381
9.07619
4.66667
5.24762
4.82857
19.8667
14.9905
11.8667
21.7143
12.9238
9.6
5.65714
11.1143
23.3619
11.0286
19.9333
7.33333
10.4286
17.5238
18.2381
4.29524
8.12381
6.49524
17.3048
4.18095
38.9429
25.2762
6.18095
16.0381
4.24762
12.4762
5.09524
5.41905
12.9048
20.4095
17.6
11.5333
4.08571
9.57143
9.18095
7.41905
16.381
15.3238
11.3048
11.6476
7.98095
14.5905
6.64762
20.9143
13.3714
8.69524
4.22857
5.71429
4.32381
7.11429
7.27619
11.4571
15.3429
33.3619
4.27619
5.87619
5.20952
13.3524
7.88571
4.50476
17.2667
11.219
7.22857
6.44762
8.97143
5.04762
4.69524
26.4095
11.7143
4.5619
10.7048
10.0476
26.3143
4.00952
5.31429
16.4381
9.6381
28.8
5.95238
15.8952
11
20.0952
25.4857
22.8476
8.02857
11.5905
26.6571
13.7619
11.5238
34.5333
16.381
14.0667
27.4476
11.4381
4.02857
21.2476
17.381
9.21905
4
15.4476
10.2286
45.6571
21.2286
11.7524
24.5048
25.0286
24.2762
10.7429
17.5619
29.2
12.2571
9.01905
17.0095
19.0857
12.6476
11.9429
12.3143
14.581
15.419
9.44762
8.62857
27.1905
4.21905
8.79048
4.3619
5
17.5905
17.0571
12.6286
13.6095
4.34286
18.7619
4.99048
31.3524
21.4762
21.5048
28.3905
7.00952
13.981
9.45714
13.8476
14.619
12.219
4.67619
6.45714
9.95238
30.4286
14.3429
19.0095
23.6762
4.54286
5.27619
4.82857
20.8476
6.41905
10.6857
5.29524
15.6857
16.6
9
27.1048
5.34286
33.5333
14.7333
19.6571
5.19048
21.5429
16.9524
12.219
13.619
18.819
14.6286
6.13333
9.1619
14.1143
11.981
21.5619
15.6667
20.6571
25.1905
5.70476
6.78095
16.5905
4.35238
9.20952
5.10476
4.30476
9.00952
7.17143
4.26667
9.31429
4.01905
12.4952
5.10476
19.2762
14.5524
5.41905
17.8381
4.24762
10.9619
7.33333
13.6762
10.7429
10.0571
17.0952
4.44762
4.70476
4.62857
11.6571
10.3143
12.7714
20.8381
4.07619
9.59048
11.9619
15.9714
6.02857
5.06667
15.5524
8.13333
4.42857
16.9429
13.8095
11.819
19.5143
14.5905
10.8381
9.0381
4.64762
13.4667
24.8857
16.2667
17.0571
10.6857
6.97143
9.48571
4.9619
15.0952
8.10476
16.4095
8.93333
10.7143
20.2762
13.3143
5.35238
11.6286
24.2667
4.2381
9.97143
7.54286
20.7238
23.5048
12.2381
11.2286
8.8381
7.22857
9.64762
4.50476
11.0952
5.91429
7.54286
4.17143
20.4381
27.6095
25.7429
15.0476
31.5524
4.97143
7.49524
5.42857
12.181
22.7714
17.381
20.7333
28.9905
22.9143
18.2476
12.6762
14.0381
11.2381
16.3619
17.6762
4.61905
7.85714
14.219
39.8952
14.7619
12.0571
9.01905
5.50476
16.7619
9.58095
4.14286
16.5429
22.6762
12.7905
19.0476
4.44762
6.27619
12.7048
16.0667
5.33333
21.7238
10.8286
56.9048
23.8381
9.71429
29.3333
12.5619
9.81905
14.1429
7.06667
19.1714
5.02857
12.981
4.25714
23.9048
9.91429
20.0857
17.9143
28.8857
11.5143
4.24762
7.49524
4.2381
15.5905
25.3048
4.79048
20.0667
5.33333
9.50476
21.8286
11.9143
10.781
11.5333
5.15238
5.9619
5.9619
11.2381
11.4476
12.8476
8.41905
15.1429
8.89524
15.4286
4.31429
4.34286
4.64762
6.44762
10.5905
20.6952
7.92381
15.6
10.6952
4.40952
4
4.54286
4.78095
5.35238
7.6381
19.9905
35.1143
4.2381
11.9619
13.9619
24.2857
13.8571
9.13333
22.3714
4.6
22.8762
39.2667
19.2667
20.6286
4.13333
4.25714
4.69524
4.65714
23.5905
39.8286
13.8286
30.981
6.85714
31.9333
22.2952
22.6476
12.5714
34.8667
4.38095
27.0571
4.4
14.0095
19.7524
16.6381
15.2857
8.53333
4.45714
14.1048
9.0381
4.71429
7.4
4.53333
5.8
11.9619
9.35238
25.0762
4.42857
17.9619
29.7238
4.9619
17.4476
17.1238
13.7524
4.99048
5.64762
17.7238
10.8571
6.42857
4.75238
19.3238
12.0286
17.781
23.3238
43.8857
9.35238
11.2286
8.4381
26.4857
18.6857
9.24762
16.0571
6.59048
9.8381
13.419
8.73333
10.8571
8.90476
46.3905
23.1238
4.72381
6.38095
5.90476
19.1048
22.3429
5.57143
11.5619
4.25714
4.21905
14.8476
5.25714
13.0095
4.84762
23.7333
18.6571
4.30476
5.91429
8.10476
22.7714
4.89524
10.8286
12.8095
7.6
15.3524
33.1524
17.1238
9.62857
8.2381
4.08571
5.30476
4.68571
10.581
18.219
11.781
10.3048
13.7238
10.1714
6.73333
15.8
13.5333
6.91429
7.0381
22.981
7.25714
7.42857
9.65714
20.8571
10.1619
11.019
4.57143
7.51429
4.07619
4.02857
16.7714
16.9524
4.5619
15.781
12.2095
25.1333
4.48571
4.54286
5.00952
4.46667
27.619
19.0952
9.02857
4.26667
4.32381
12.5238
8.42857
6.68571
4.29524
5.07619
13.8667
9.35238
4.42857
14.7524
15.1238
20.4381
11.0571
4.48571
23.181
4.05714
23.5048
11.781
21.4476
19.5143
17.3143
5.67619
20.4
10.9238
19.2857
16.9048
23.5048
11.8857
14.8667
12.9048
23.9714
24.8476
4.01905
13.5714
16.619
7.67619
10.7238
8.86667
4.5619
11.6095
4.6381
17.3238
11.5905
6.00952
15.1048
9.31429
12.8952
4.52381
25.1333
4.55238
4.50476
9.93333
12.1238
20.0571
4.8
19.4952
11.2952
20.9429
32.6571
4.26667
4.1619
14.0571
10.8286
12.5714
6.99048
5.84762
14.5048
32.3714
20.2762
25.1524
7.04762
24.0286
11.7333
13.9714
11.4667
11.7619
4.4
25.9143
5.6381
12.9238
23.1048
4.31429
4.05714
4.17143
4.67619
4.42857
23.1048
12.8
9.89524
10.4952
9.20952
14.0857
17.9238
3.20952
4.64762
25.581
15.5333
9.5619
9.2381
21.2857
3.21905
7.11429
4.33333
10.1238
20.2952
21.5048
8.65714
3.78095
3.3619
12.7524
3.05714
10.2952
3.20952
3.46667
3.18095
16.1048
14.2762
7.13333
17.2571
6.6381
7.99048
26.2
15.2571
9.19048
3.37143
4.30476
7.97143
25.9048
8.4
18.0952
7.57143
6.5619
13.9238
27.8952
3.32381
7.61905
20.2286
14.4952
37.1429
9.89524
6.71429
7.29524
6.68571
15.219
19.5333
5.73333
15.6667
9.67619
4.0381
3.55238
5.38095
11.619
10.7333
3.95238
5.11429
13.0476
21.7619
3.24762
23.3524
16.2286
4.13333
6.92381
3.11429
36.4476
8.8381
13.6952
23.3524
8.13333
9.27619
17.4762
16.1524
29.9714
20.9524
17.6095
21.2381
23.6381
8.8
7.38095
15.2571
3.08571
3
11.1714
4.64762
12.2952
3.86667
3.27619
3.21905
7.81905
10.019
4.18095
6.72381
6.9619
3.10476
16.4381
15.5714
7.87619
3.6381
16.0381
21.7238
3.89524
4.91429
12.8571
25.8667
20.8571
3.21905
9.45714
5.68571
16.8
3.24762
3.89524
6.29524
4.05714
5.33333
16.0952
8.19048
12.8381
7.51429
13.7048
3.39048
8.95238
7.37143
8.10476
9.14286
11.2762
7.65714
5.6
12.7238
10.3333
8.78095
3.2381
3.09524
3.25714
9.80952
7.53333
3.41905
20.2286
11.9048
15.0476
3.22857
18.2667
3.24762
16.8667
3.45714
4.45714
5.8
8.38095
4.2
10.0857
6.72381
7.44762
5.80952
13.9048
6.93333
3.9619
3.70476
3.67619
24.5333
32.0476
7.6381
4.34286
8
14.0381
23.3905
14.0857
15.019
3.71429
27.2952
28.4
4.34286
5.20952
23.4
8.18095
15.5143
13.3619
14.1143
4.90476
17.2476
3.19048
8.32381
3.67619
4.17143
3.18095
18.0381
3.07619
8.34286
11.7524
4.11429
9.77143
55.4857
5.67619
5.17143
3.40952
13.8857
3.19048
12.9238
3.42857
14.9905
3.51429
15.6667
11.3143
7.74286
24.8667
8.98095
6.0381
7.87619
10.1333
4.08571
10.8476
7.02857
17.5238
6.15238
23.9714
17.8667
3.09524
26.4286
4.19048
11.9143
3.51429
3.05714
9.78095
7.62857
15.7048
3.00952
9.6
15.4952
12.3048
7.4381
6.99048
6.15238
10.8286
9.84762
20.7619
12.4571
4.91429
3.51429
19.9905
28.2571
25.1524
4.44762
27.3524
6.25714
9.72381
3.32381
38
3.08571
19.8762
3.02857
22.0571
11.6857
29.981
3.8381
7.92381
3.21905
5.82857
17.019
28.0381
4.42857
3.95238
25.7333
7.39048
3.50476
18.4571
20.3143
11.1048
15.8286
9.49524
15.3238
8.06667
12.0095
18.2286
29.7619
8.92381
17.4
3.32381
3.02857
12.4762
10.2095
23.7333
10.0095
3.31429
3.19048
3.68571
3.62857
15.7429
3.12381
24.5714
3.90476
11.0476
12.0571
24.6476
5.20952
17.781
16.1905
9.21905
3.07619
12.3714
14.5524
7.14286
4.8
3.26667
10.381
14.1714
12.0381
17.1524
3.2
19.4667
3.6381
3.06667
11.4
7.0381
3.24762
25.181
3.71429
4.22857
3.5619
4.57143
3.52381
3.45714
9.08571
3.04762
3.55238
5.38095
3.35238
5.15238
12.6381
8.94286
3.48571
11.2095
13.4286
3.8
12.8381
20.8095
6.73333
10.981
3.06667
18.2476
9.87619
3.65714
15.8286
4.35238
7.54286
13.8952
3.58095
12.6952
8.02857
13.5905
13.6857
11.4476
14.9619
25.7524
3.27619
19.4381
5.39048
17.7048
27.3238
27.2286
9.91429
6.58095
14.3524
3.19048
3.4
3.18095
10.5238
12.2952
3.38095
9.93333
3.07619
23.0476
13.581
18.0476
20.1524
24.8952
41.4095
3.6381
9.02857
4.46667
12.2
13.7048
12.8476
4.3619
13.2571
3.04762
7.32381
6.71429
12.5905
27.8571
19.1905
12.6762
13.4381
97.0381
17.7714
13.8857
3.35238
4.06667
3.02857
5.8381
12.3143
19.1524
11.0381
12.2
21.5524
3.94286
29.1048
3.37143
3.2381
3.4
4.52381
26.2095
4.44762
19.819
10.2667
16.9048
9.37143
19.9143
6.64762
9.48571
8.12381
5.25714
4.40952
15.1524
16.2857
29.3333
3.45714
3.71429
7.70476
8.2381
14.1524
5.90476
7.20952
11.6571
17.8667
18.8476
4.53333
3.18095
8.58095
7.9619
3.27619
17.4095
3.06667
22.5905
12.4762
7.01905
3.01905
14.8381
3.12381
12.1714
5.85714
3.81905
14.619
8.74286
8.27619
7.85714
16.2762
9.93333
12.9143
3.55238
8.8
12.1429
16.6952
7.99048
28.1714
14.5619
3.40952
7.95238
3.26667
14.8
10.1524
15.3524
3.13333
5.27619
6.69524
9.14286
3.02857
5.54286
3.0381
7.8381
8.05714
5.32381
17.8952
20.0952
7.3619
5.6
5.6381
14.4667
7.11429
4.37143
16.0381
6.60952
3.85714
5.1619
3.15238
3.85714
17.8476
25.6476
6.69524
8.33333
6.27619
26.6286
3.27619
14.3905
8.04762
15.2095
14.0476
14.9619
4.74286
7.08571
11.8095
6.58095
3.00952
30.781
29.9143
27.5524
16.2381
15.7905
27.6381
22.5524
7.46667
15.7905
35.0952
5.62857
21.2762
19.3714
8.71429
11.8857
13.981
3.60952
3.08571
15.8476
3.32381
3.21905
3.42857
19.1048
6.77143
12.4476
4.74286
6.9619
9.4381
3.04762
4.77143
7.88571
3.5619
8.80952
13.6286
3.27619
3.3619
7.69524
15.5238
3.12381
7.88571
6.50476
17.8286
4.15238
3.07619
3.41905
14.2476
3.12381
3.24762
4.87619
3.44762
4.39048
4.32381
8.66667
3
12.9429
10.3524
24.819
7.95238
14.1429
5.71429
9.99048
22.5524
5.35238
3.12381
3.01905
3.15238
8.41905
5.31429
9.98095
23.2667
29.3333
9.6
3.19048
18.1429
10.5905
10.7619
3.37143
3.6
3.00952
3.26667
9.46667
14.4762
31.7905
4.94286
18.2857
19.4476
16.5524
7.92381
10.3714
9.59048
22.1143
28.1238
3.2381
4.34286
3.13333
12.4286
16.1524
7.09524
7.19048
23.4381
13.9333
3.2381
7.41905
13.1143
3.70476
4.2
9.07619
16.1143
3.11429
44.581
7.0381
15.9333
19.5238
18.3238
14.7333
3.5619
11.4762
3.57143
3.21905
3.24762
10.6286
22.4095
3.51429
12.019
14.3714
3.53333
3.13333
3.2
9.94286
15.1524
13.3143
5.50476
13.181
3.05714
7
3.91429
12.0667
23.8286
10.8381
8.53333
9.34286
10.6
13.019
3.3619
4.41905
10.6667
4.06667
7.74286
8.18095
3.13333
25.8381
7.38095
4.00952
3.10476
9.09524
3.89524
12.4
16.2095
3.14286
3.18095
3.21905
3.2381
11.3429
5.72381
8.44762
4.42857
21.4095
7.32381
12.7524
3.67619
11.8762
3.12381
4.06667
5.53333
11.5429
3.27619
3.10476
10.4667
15.8952
10.0381
3.46667
6.37143
8.38095
4.54286
3.38095
5.19048
22.9714
5.0381
4.22857
6.17143
10.7619
18.4381
8.80952
10.8667
3.79048
21.6381
3.58095
4.12381
26.0667
3.64762
23.7048
3.21905
12.3905
7.02857
3.6
11.2952
3
14.1524
12.4095
3.65714
4.21905
3.17143
27.4952
16.1714
6.67619
3.3619
23.2095
3.22857
9.69524
10.8381
15.2286
3.26667
3.45714
6.50476
3.08571
3.26667
30.1429
3.1619
21.9714
4.10476
27.6
4.59048
13.4857
9.17143
7.98095
3.6
5
3.08571
28.4286
19.619
12
10.819
3.14286
10.3714
15.8952
4.91429
14.0857
23.2381
3.62857
17.3333
3.18095
14.1905
25.6762
10.219
6.30476
13.0952
10.6571
8.51429
29.3619
16.8857
9.37143
4.09524
3.20952
3.12381
3.2381
7.17143
27.3905
3.09524
3.8381
3.49524
3.04762
3.01905
3.2
12.7524
5.71429
3.38095
11.2476
3.22857
27.3048
23.2952
10.9905
18.1714
11.6667
3.09524
7.58095
3.06667
19.0952
6.8381
8.4381
3.0381
12.4476
9.67619
3.47619
3.20952
3.54286
9.81905
12.8667
3.18095
13.0857
3.68571
24.4857
15.7619
3.13333
4.52381
10.1714
11.3333
13.7905
9.13333
11.3429
13.2857
5.7619
8.89524
15.9333
9.61905
4.1619
15.4952
8.00952
3.06667
3.71429
7.86667
5.41905
3.58095
3.92381
12.181
19.0952
3.09524
4.39048
18.4286
13.1333
8.40952
13.3524
18.5238
29.2286
15.2381
11.2667
22.4
7.1619
3.48571
3.26667
3.5619
3.19048
15.5714
4.0381
3.45714
3.20952
13.8571
15.9238
6.73333
19.4381
15.0286
7.40952
13.4095
8.22857
5.7619
12.3714
4.09524
10.3238
6.19048
10.2667
13.8381
5.48571
23.7619
19.3524
7.4
14.1524
14.5429
3.44762
12.1619
11.8381
4.58095
15.7238
16.3238
23.381
5.55238
19.6
3.5619
8.06667
15.3048
13.8095
9.00952
8.69524
3.60952
3.78095
8.42857
30.2571
19.3238
3.69524
6.69524
9.20952
5.64762
17.0762
18.4762
15.4762
22.4762
23.6381
18.5619
11.619
19.2857
15.2857
3.94286
19.1333
16.8952
3.90476
15.9143
16.0571
15.2762
6.87619
6.1619
3.78095
20.3143
16.7333
17.3143
3.15238
10.3143
4.42857
3
6.92381
14.3429
3.22857
3.2
16.781
14.619
22.981
3.78095
3.3619
3.94286
7.04762
6.1619
3.75238
10.4
4.13333
3.05714
3.44762
6.97143
8.71429
13.5143
15.2762
12.6571
16.8286
6.71429
46.4667
3.22857
5.59048
15.0095
3.07619
3.2
3.08571
20.0952
8.0381
4.41905
3.18095
5.92381
3.10476
3.02857
4.85714
8.17143
8.28571
3.48571
5.75238
6.88571
6.27619
3.6381
9.38095
9.13333
15.0857
9.30476
10.9619
11.1143
8.82857
21.019
7.47619
9.48571
3.52381
9.58095
3.41905
3.33333
8.65714
21.0952
6.51429
3.70476
3.26667
5.91429
11.1905
3.06667
3.8
22.4095
18.4476
16.1143
13.5714
4.02857
9.17143
11.2095
12.4476
5.79048
14.5905
8.42857
7.21905
3.60952
19.4667
6.04762
8.8381
20.0286
11.419
14.2381
10.581
16.2
17.5333
3.11429
9.9619
17.1524
10.7333
3
10.5143
9.35238
20.6952
10.8476
4.31429
21.5524
4.02857
3.46667
4.4381
3.34286
3.65714
14.0286
9.26667
10.4286
7.89524
4.41905
16.6762
26.2476
12.3143
23.5143
3.01905
5.15238
3.40952
8
13.5524
18.5714
7.73333
5.0381
15.1333
3.3619
18.419
8.52381
12.6571
3.54286
24.4381
18.9524
12.619
6.1619
9.04762
13.5905
3.75238
3.17143
17.4286
6.55238
7.51429
11.8762
17.2571
3
8.01905
34.5333
3.18095
9.67619
4.37143
4.93333
14.3333
16.819
6.39048
8.50476
19.1714
7.94286
18.381
10.3714
17.3143
3.64762
3.2
4.28571
13.381
3.85714
8.8381
9.48571
27.7429
3.27619
13.1714
11.619
7.8
3.3619
23.4
37.3143
22.3238
11.2476
11.3905
22.581
6.92381
15.7429
29.7143
13.2476
11.7714
18.4762
20.2952
19.9429
11.1143
18.1048
18.4857
7.80952
14.4381
3.22857
8.14286
24.0667
13
22.3524
29.4
11.181
15.7143
31.7333
12.219
3.62857
18.8571
20.5429
3.37143
9.15238
14.1524
20.0667
10.3143
6.64762
31.2476
3.02857
10.0667
3.10476
15.581
8.54286
3.19048
3.4381
18.8571
7.31429
11.7238
4.40952
32.2667
21.8095
9.18095
4.07619
13.5238
13.1524
3.31429
17.381
8.72381
3.89524
6
15.2
3.67619
14.781
6.79048
8.57143
9.14286
3.01905
17.4762
19.5143
26.5143
22.7524
3.08571
3.42857
7.4
23.1143
4.09524
23.0095
4.15238
4.40952
17.6952
4.39048
3.31429
28.6476
8.84762
10.7905
23.7905
15.6857
11.0667
5.31429
12.9333
11.4667
27.8571
6.7619
6.40952
9.87619
16.4
18.1619
4.41905
6.32381
14.3143
10.1905
3.52381
5.35238
7.33333
3.00952
31.1048
3.69524
16.8571
17.3143
18.2571
25.5714
19.3333
3.20952
14.6
7.25714
10.9524
8.13333
23.0857
13.7524
9.82857
3.4381
3.88571
3.37143
3.39048
8.59048
13.2381
8.89524
3.19048
13.1619
3.19048
8.58095
3.68571
4.4
3.65714
10.0476
11.6762
22.0952
6.1619
3.82857
17.7619
3.08571
24.8476
3.17143
19.4857
25.181
9.42857
3.40952
37.0095
24.581
3.00952
3.15238
15.2952
23.3048
19.019
3.66667
13.8
3.0381
35.819
8.15238
18.6476
9.82857
15.7143
4.77143
3.01905
13.0095
3.21905
9.86667
23.7619
13.2476
16.3714
8.6
20
12.7238
7.65714
7.07619
33.0571
13.3619
4.18095
13.3619
19.2286
3.41905
4.72381
7.5619
10.3905
4.22857
24.0857
18.8286
3
6.57143
25.3238
9.1619
8.24762
16.8667
9.21905
3.04762
7.10476
14.6476
10.0095
7.2
17.2476
3.11429
17.7524
11.3905
14.2857
14.7143
3.67619
29.4762
9.4381
3.32381
10.7714
20.6952
16.5429
3.15238
10.6667
3.33333
17.3714
3.69524
16.2
10.7524
10.2286
3.10476
10.2952
3.21905
19.3238
4.25714
26.4571
13.4952
3.34286
3
10.781
3.01905
17.4857
26.781
8.38095
3.34286
3.25714
9.40952
10.3619
12.1143
3.38095
13.5143
3.08571
8.52381
34.6667
14.9429
22.7429
12.2095
7.41905
3.69524
7.33333
24.5238
3.38095
7.55238
3.7619
3.53333
23.7905
9.91429
3.53333
5.68571
3.02857
25.6857
3.67619
9.85714
17.2476
8.24762
8.73333
8.59048
18.781
7.3619
10.6857
11.4095
3.33333
3.37143
4.17143
8.00952
8.30476
10.2667
3.07619
11.9333
18.819
3.6381
3.59048
7.11429
3.00952
3.01905
3.17143
9.2381
10.3048
6.22857
3.58095
11.4952
9.37143
7.30476
3.49524
18.5905
17.1905
3.34286
3.22857
3.15238
14.6381
3.53333
4.60952
27.7714
3.10476
3.15238
3.97143
22.2952
3.11429
3.05714
21.581
3.25714
5.68571
8.34286
12.7714
5.52381
4.75238
10.0952
16.9333
11.1619
20.9048
11.4476
12.0762
25.6762
14.2667
6.01905
25.2571
14.9048
8.73333
7.08571
3.40952
4.61905
7.90476
10.6571
10.0571
4.0381
3.14286
8.85714
12.5714
9.82857
5.10476
5.77143
7.4
5.90476
12.5429
3.89524
3
31.6476
11.3143
14.3333
15.9238
5.38095
12.2476
12.2857
3.60952
3.19048
11.781
9.68571
3.84762
3.07619
13.2952
45.2667
12.5714
10.2
30.619
16.8667
9.25714
3.15238
3.67619
3.35238
9.79048
7.70476
7.64762
3.34286
6.25714
7.18095
30.2857
12.7429
14.7619
12.0857
3
4.41905
12.9238
8.75238
33.0667
31.0762
11.7333
8.10476
21.2381
11.0286
12.8952
10.0571
3.26667
3.04762
4.99048
3.34286
7.47619
3.12381
4.01905
27.3714
14.3048
14.4667
25.1619
5.92381
14.8952
3.06667
14.9714
17.3429
9.37143
8.31429
27.6095
10.2857
3.13333
5.49524
29.6571
35.2952
3.01905
8.12381
3.52381
14.6095
3.12381
3.72381
9.70476
6.8
7.94286
3.18095
10.5333
16.0571
6.4
5.40952
3.6
17.6095
5.82857
10.5429
3.74286
3.27619
5.88571
11.4952
5.38095
17.3333
9.10476
3.59048
22.6571
13.3619
4.34286
22.6667
14.6857
10.2381
4.19048
15.1619
11.9048
11.2
10.4286
18.0476
7.17143
6.32381
22.8952
3.49524
14.9714
7.39048
13.781
8.39048
10.6762
3.02857
16.7905
26.419
4.8381
18.1619
3.13333
5.46667
14.4095
8.52381
13.2952
3.93333
4.66667
13.3524
20.8286
18.2
17.9238
17.3333
3.5619
3.21905
18.7143
3.86667
3.09524
5.9619
10.619
22.2762
5.41905
25.8286
3.0381
10.6476
12.8
7
5.48571
11.6476
7.77143
12.181
7.46667
8.3619
3.48571
10.6
34.2857
3.29524
16.5429
19.2571
4.11429
27.1524
12.6095
10.4381
13.4381
4.12381
20.3619
3.27619
10.1333
21.8
7.45714
3.12381
12.4381
27.5714
16.3143
15.5143
11.219
5.44762
19.3524
3.31429
7.55238
3.50476
9.93333
3.08571
20.7905
3.45714
11.6095
4.4
3.8
3.69524
12.9238
9.9619
13.019
22.9905
5.32381
11.4
6.78095
22.6381
11.7429
7.85714
7.53333
27.219
9.34286
3.49524
5.85714
23.9619
3.46667
8.2381
16.2571
3.40952
8.79048
11.9714
19.3333
7.2
12.1429
3.42857
6.87619
31.2476
10.5429
3.24762
14.1905
3.9619
5.0381
9.94286
3.6
22.3429
6.25714
3.50476
3.22857
13.9524
23.3619
8.65714
14.9619
7.47619
18.8952
4.34286
3.9619
3.3619
4.50476
11.6095
3.06667
22.1619
5.85714
4.6381
3.09524
3.38095
30.9524
5.65714
6.55238
3.86667
3.14286
16.4286
5.01905
3.06667
9.15238
3.24762
3.85714
20.9048
3.24762
14.1524
6.01905
16
19.1524
6.88571
10.7143
8.06667
29.7619
19.4286
3.48571
13
3.24762
17.7524
13.4667
4.64762
9.61905
26.7619
4.22857
34.6
15.381
9.17143
3.4381
6.28571
3.32381
10.6762
22.4286
13.8571
12.2762
21.2476
3.40952
7.87619
3.11429
21.1619
17.5524
3.0381
3.06667
4.88571
9.53333
11.4
36.4571
17.5143
27.6476
13.5143
3.72381
9.4
18.2857
5.67619
22.8476
18.8857
23.9905
9.64762
3.15238
6.40952
7.30476
9.00952
7.78095
9.79048
8.67619
6.53333
12.8095
3.39048
3.3619
20.7619
24.3619
3.44762
20.3619
3.18095
18.2952
6.84762
8.48571
8.41905
11.0286
14.2095
18.3143
12.4381
12.381
3.18095
12.019
18.8952
12.2286
18.2476
23.2857
16.8571
13.8286
3.2381
16.5905
6.26667
21.981
4.31429
3.21905
4.67619
15.0762
7.86667
14.0952
9.26667
7.18095
4.04762
4.75238
9.38095
10.6095
13.5524
3.28571
25.0571
14.4762
17.819
19.9524
13.0476
3.70476
3.28571
8.94286
3.2381
13.4095
3.21905
16.4095
10.4762
3.04762
3.05714
3.55238
13.1714
3.28571
10.2857
27.419
15.581
12.5238
22.3143
10.1429
9.11429
7.11429
12.1524
10.5905
21.4286
9.77143
13.5524
16.4095
4.27619
13.3333
6.93333
12.7714
16.581
3.82857
3.66667
19.7143
9.3619
4.2381
3.21905
3.38095
14.819
3.42857
11.3714
4.42857
6.57143
3.15238
11.6
3.8381
7.5619
20.1048
4.06667
5.24762
17.1619
8.38095
6.2
20.5429
19.7619
10.2952
11.7524
9.0381
12.9714
3.05714
7.82857
5.81905
6.51429
3.32381
16.7905
16.8381
6.67619
3.38095
17.9238
9.12381
24.7048
10.3143
12.0667
18.5524
21.5905
7.25714
9.32381
3.91429
18.419
19.1524
13.6857
3.1619
4.48571
8.84762
10.0667
3.07619
3.53333
32.6857
16.5048
15.7619
8.15238
3.21905
16.5048
3.46667
4.65714
6.9619
32.2857
9.8381
7.94286
4.05714
19.0762
9.86667
5.88571
21.5524
7.05714
15.6095
4.91429
26.5905
3.11429
13.4857
5.10476
8.65714
10
21.2286
3.19048
19.5905
4.01905
15.9048
4.17143
27.3143
10
3.93333
8.46667
19.5048
15.9619
6.22857
3.41905
20.3905
4.2
8.17143
8.89524
7.81905
3.00952
4.6381
9.53333
16.581
17.3238
3.67619
10.2095
3.4381
11.819
9.26667
6.97143
31.3048
18.4952
19.5048
3.80952
5.55238
3.24762
24.9048
3.27619
3.05714
21.1619
3.48571
3.18095
11.3905
18.8762
4.13333
3.32381
4.14286
12.8381
3.08571
3.38095
14.4
6.84762
12.7714
5.86667
7.53333
3.92381
5.01905
14.6571
6.46667
7.34286
22.5333
9.70476
7.04762
6.86667
8.66667
3.51429
25.2095
17.7143
11.3524
12.4952
3.19048
3.70476
3.68571
14.5619
3.10476
57.3524
3.29524
12.0667
17.2667
7.17143
3.01905
21.7429
3.25714
11.5048
3.30476
16.5714
10.8381
8.71429
3.14286
6.39048
3.37143
3.45714
6.95238
9.92381
3.28571
10.9429
3.55238
10.6286
3.02857
6.24762
13.7238
14.6667
12.7905
9.80952
7.6381
3.73333
6.77143
13
3.19048
10
9.18095
11.8286
22.9524
8.42857
15.9619
15.3524
3.24762
6.19048
7.44762
18.4476
3.34286
14.9238
11.9714
4.79048
27.1048
21.8
3.04762
3.86667
9.25714
3.33333
10.6762
3.29524
3.02857
10.2667
9.28571
9.59048
8.82857
19.019
16.8476
10.6381
28.0286
3.3619
16.419
9.61905
13.4952
3.82857
14.5619
8.66667
7.11429
8.5619
8.33333
10.5143
17.981
4.95238
10.1905
6.14286
25.7619
18.7333
11.1429
19.7048
14.1333
9.2
3.71429
3.1619
21.4667
12.9619
16.0095
7.06667
8.31429
9.94286
8.11429
6.27619
3.66667
3.27619
11.1143
28.3619
3.31429
3.54286
3.04762
3.51429
3.07619
16.3524
3.06667
14.019
18.5714
18.4095
13.9619
7.39048
6.11429
23.8571
8.74286
3.33333
3.05714
10.4571
3.32381
3.21905
15.2571
7.62857
19.9714
3.2
5.5619
7.66667
3.14286
7.55238
3.19048
21.3048
3.37143
26.9714
8.3619
14.2476
27.7429
11.3429
5.66667
9.02857
3.05714
9
18.5524
13.419
6.82857
3.20952
27.2857
20.6571
3.21905
3.97143
3.35238
9.58095
9.47619
8.47619
3.11429
6.01905
22.2476
19.219
14.6667
9.4
3.42857
6.32381
7.82857
19.019
4.65714
12.5714
10.0381
18.7524
23.9048
13.0286
8.32381
21.4952
25.5048
6.93333
9.93333
18.2
24.7619
14.8952
18.4
8.85714
9.38095
4.71429
8.81905
9.00952
10.1714
27.5905
18.2571
12.7238
8.91429
13.5333
8.88571
13.5619
5.3619
6.42857
6.00952
6.13333
28.2762
18.9619
7.05714
4.18095
12.6952
12.7524
30.0857
9.79048
9.66667
20.7524
5.80952
11.7905
7.40952
9.26667
14.2
9.09524
7.48571
4.59048
3.19048
3.64762
29.0286
6.65714
3.77143
10.9238
3.41905
6.58095
19.0762
19.8381
16.7714
8.72381
5.8
6.31429
3.2381
10.3048
8.89524
14.4476
28.9714
7.54286
11.219
6.61905
4.32381
12.7333
4.50476
4.08571
3.15238
9.82857
5.0381
13.0476
3.00952
3.22857
4.60952
3
3.49524
4.85714
4.49524
9.25714
5
20.6762
14.9714
16.1619
11.8762
18.4762
17.0667
21.9619
13.981
21.3143
29.5905
4.00952
11.7238
15.7524
7.82857
9.28571
3.3619
11.0762
17.1048
27.7619
3.00952
13.4286
3.28571
18.8571
20.1714
3
22.4667
3.2
9.5619
7.26667
15.9429
20.3714
10.6762
10.3619
17.6095
3.34286
5.8381
14.9524
12.7905
8.00952
6.24762
3.24762
22.2857
6.10476
24.9905
16.1905
4.02857
7.38095
25.4857
13.4952
7.10476
7.62857
12.419
20.3333
7.89524
3.42857
8.02857
19.3524
13.3714
27.6857
18.9143
11.8476
14.7143
21.8857
5.9619
7.46667
17.7714
3.15238
3.17143
9.62857
3.93333
10.3619
7.80952
6.60952
14.4952
8.6381
4.08571
7.35238
3.52381
17.7143
20.9143
7.92381
3.59048
3.04762
3.45714
13.4476
7.44762
31.8381
15.0095
3.41905
3.75238
10.6667
17.4952
23.5333
15.6667
10.0476
3.40952
3.12381
9.3619
6.45714
3.4381
3.95238
3.33333
7.55238
4.04762
3.87619
8.48571
16.2667
19
10.0286
10.2476
3.0381
7.09524
3.2381
8.99048
16.1333
22.0381
9.07619
8.50476
3.89524
3.27619
9.59048
10.3048
28.0095
28.8762
3.24762
9.51429
17.6286
17.5238
10.7333
13.2476
10.4
4.37143
18.1905
14.8857
3.04762
20.5429
3.27619
3.42857
11.781
13.4667
4.6381
4.87619
14.4381
11.9905
3.28571
9.11429
3.47619
9.10476
3.74286
12.3429
30.3143
27.0667
4.0381
25.3905
6.08571
11.1619
12.7714
10.7143
18.8
23.4476
2.10476
19.2762
10.3619
4.87619
2
2.88571
2.94286
5.49524
2.10476
2.08571
7.94286
6.53333
2.07619
7.46667
2.88571
8.17143
2.18095
10.4762
14.8857
2.2
5.5619
2.89524
4.90476
2.59048
2.22857
7.06667
16.7143
2.06667
30.2286
4.00952
2.50476
2.04762
2.19048
8.61905
2.06667
2.12381
5.74286
2.2
2.19048
2.7619
6.93333
2.32381
2.00952
8.01905
2.41905
2
5.49524
19.819
5.22857
8.5619
2
2.2381
16.2476
2.34286
9.44762
2.18095
14.3048
3.02857
2.45714
2.22857
11.3048
2.8
2.27619
20.5429
3.2381
31.7429
65.8857
4.86667
21.6286
4.95238
6.59048
2.04762
12.7905
23.4857
2.34286
2
2
2.04762
2.08571
5.77143
3.62857
2.14286
11.1143
2.44762
2.0381
2.93333
6.4
2.22857
12.819
22.4286
18.2952
21.4286
9.11429
2.22857
13.6095
2.14286
6.91429
7.11429
13.4286
23.3714
2.44762
7
2.00952
9.2381
5.25714
2.75238
3.6
9.30476
2.05714
2.18095
6.75238
6.49524
2.1619
3.2
2
2.00952
2.22857
3.69524
19.8762
6.93333
2.15238
2.00952
9.15238
10.0571
14.6952
3.32381
3.4381
11.3333
15.6476
1
5.77143
1.22857
13.0952
16.6952
1.02857
9.61905
4.67619
1
1.11429
1.01905
11.7429
7.41905
1.32381
6.98095
1.00952
2.8381
1
1.04762
14.9429
4.94286
1.22857
1
5.5619
6.17143
3.75238
16.7714
1.19048
1
1.18095
1
1.25714
1.20952
1.38095
19.5048
1
1.01905
1.35238
1
8.11429
1.37143
11.4476
31.6571
8.21905
1.00952
1.00952
17.2286
1
1.09524
1
1.20952
14.1429
11.2857
1.12381
1.14286
9.61905
1.04762
1
1.08571
11.0857
12.2381
3.35238
5.82857
1.00952
1.00952
1
1.02857
11.0571
12.781
1.01905
5.91429
3.92381
1
1.45714
1.55238
1
4.50476
1.13333
1.01905
1
1.01905
8.5619
1.00952
1.09524
1
1
1.79048
1
1.58095
25.0476
1.01905
1.01905
17.1048
17.6476
7.46667
14.4286
1.07619
14.2571
1
1.11429
7.71429
16.0857
1.22857
1.21905
14.2762
1.01905
1
21.1333
1
1.01905
1.15238
1
9.40952
12.8571
1
12.8952
1.31429
1
14.2286
1
12.7333
1.0381
1
1.13333
12.2286
1.04762
4.06667
16.3429
1.26667
1.0381
1.00952
1.02857
8.3619
1.19048
1.20952
3.81905
1
1.00952
13.1238
1.06667
11.8381
1.01905
7.58095
1.19048
4.10476
1.51429
17.4952
10.0952
2.5619
1
13.4095
13.8952
11.3714
2.09524
1.02857
1.01905
1
1.02857
1.41905
2.21905
1
1.33333
8.54286
10.381
1.39048
3.99048
1
10.2286
19.981
1.02857
1
1.05714
13.381
10.6381
8.18095
1
15.0857
1.07619
1.86667
1.04762
1.02857
1
1
1
1.1619
12.2381
9.97143
14.7238
1.30476
1.39048
1.64762
1
9.66667
12.6571
10.3333
1
14.8952
1.00952
11.7429
12.7714
1
1.47619
1.12381
2.9619
1.02857
1
17.981
18.2286
1.8381
1.02857
1.21905
1
3.60952
4.44762
11.1714
1.2381
10.5429
7.0381
1
1.04762
1.02857
1.15238
12
1
1.2
1
1.01905
1.5619
1
2.05714
1.58095
5.77143
1.25714
1.09524
1.19048
3.35238
6.29524
1.00952
1.13333
2.42857
1.67619
1.10476
10.4
1.04762
3.68571
1.19048
1.06667
1.01905
1.19048
1.15238
15.1048
1.0381
1
1.02857
1
1.00952
1.15238
1
1.00952
1.01905
1.40952
1.1619
1.05714
1
1.06667
24.4857
1
1.29524
1.13333
8.04762
20.619
1.65714
1.1619
1.00952
19.1238
1.05714
12.8857
15.9143
1.01905
14.0762
1
1.06667
1.0381
1
5.80952
6.80952
1.37143
1
1.00952
12.4762
1
6.64762
1
10.1524
17.3714
8.20952
11.0762
26.419
8.24762
14.781
1.05714
1.10476
1.58095
7.82857
1.02857
1.50476
1.29524
1.09524
1
1.00952
12.7905
8.38095
1.02857
1.51429
21.2952
14.6381
1.29524
1.00952
15.0476
1
1
1
8.39048
1.09524
1.00952
14.981
14.4952
1
18.7429
14.4286
1
9.92381
11.3905
1.02857
21.4762
11.7238
16.5619
2.75238
1.3619
1
1.0381
11.4571
1.00952
1.00952
7.87619
1.6
1.06667
2.71429
1.35238
1.19048
1.27619
3.65714
9.18095
9.04762
1.25714
14.0762
7.82857
1.07619
1
1.0381
1.74286
1
1.35238
4.00952
1.97143
9.35238
15.7714
12.8667
16.981
1.18095
1.21905
1.15238
8.84762
2.8381
1.0381
1.4
11.6952
1
4.41905
9.66667
9.4
18.1619
1.00952
10.7429
1.10476
13.6571
3.5619
1.27619
4.4381
2.97143
9.93333
14.219
1.12381
1.01905
13.4762
1.02857
1.20952
1.2381
15.3714
21.8
1.00952
1
1.01905
1.13333
2.26667
9.77143
18.0857
9.11429
1.02857
1.14286
1
1
9.71429
4.7619
6.89524
12.8095
1
2.47619
17.2
1.02857
1.00952
2.01905
2.12381
1.41905
21.6286
9.40952
10.4476
1.62857
13
1.31429
15.181
10.2667
1.07619
12.0952
21.7143
7.54286
1.28571
1.2
1.00952
1.01905
1.00952
1.07619
1
11.1048
1.0381
1.00952
6.59048
2.47619
1.0381
1.2381
1.32381
1.02857
11.5048
1.00952
1.25714
1.18095
1
1.01905
10.5143
1
1.04762
17.781
20.3143
1.00952
1
1.00952
1.02857
1.00952
16
3.18095
15.6381
1.25714
1.18095
9.25714
2.90476
1
15.9143
9.4
1.53333
11.3333
1.22857
1.66667
1.14286
2.2381
1.04762
1.01905
7.51429
1.05714
1.04762
12.5524
1.07619
1.13333
12.9429
1.07619
7.95238
1.33333
1.09524
1
1
1.4381
8.78095
2.02857
12.4952
17.1048
10.419
1.10476
1.4
17
1.08571
1.04762
16.4762
7.86667
1.69524
1.0381
18.4286
9.3619
1
7.98095
12.1429
2.13333
15.1143
1.24762
1.45714
1.0381
1.00952
1.1619
1.14286
1
1.11429
8.46667
1
1.24762
1.0381
10.6667
12.1619
1.00952
1.01905
1.60952
1.18095
1
1.3619
15.6952
1.21905
1.06667
1.00952
1.06667
15.3429
15.4667
18.6952
10.4857
1.11429
1.02857
26.6381
1.10476
8.17143
1.26667
14.4762
15.3714
26.7143
1.69524
8.7619
1.01905
1.00952
1.47619
1
2.72381
13.0381
1.6
1.02857
1.05714
18.5238
1.2
1
1.3619
1.00952
18.0762
1
3.11429
1.0381
1
1.02857
21.781
1.0381
1.48571
1
1.13333
1.30476
1.10476
12.5048
1.01905
12.419
1.02857
8.18095
1
10.8571
1.08571
7.75238
8.42857
17.2667
2.17143
1.07619
2.11429
16.1905
1.2381
1.39048
1.12381
1.67619
1.42857
1.05714
19.4667
1.01905
1.02857
1.25714
1.04762
6.33333
1
19.1714
1.07619
1.04762
1.31429
1.02857
1.42857
12.0286
5.17143
1.20952
1.17143
1.97143
1.15238
25.0762
1
13.5238
16.6095
1.53333
10.8
1
1.06667
2.90476
8.02857
1.15238
1.09524
1.15238
1.50476
1
15.3714
1
14.8762
1.01905
10.5429
1.24762
1.00952
1.0381
1.20952
1.00952
6.1619
15.1333
1.19048
1
1
1
9.11429
15.8952
1.21905
2.6381
8.05714
1.35238
1.85714
1.53333
1.07619
1.07619
1.32381
20.9619
1.13333
11.3333
8.65714
11.9714
1.00952
1.22857
16.5143
1.11429
17.3905
1.30476
1.39048
26.4857
1
5.07619
1
13.3619
13.9048
1.09524
1.13333
8.10476
17.8667
1.09524
1.24762
1.00952
1.6
16.7524
1
7.86667
7.90476
1.1619
1.02857
1.01905
17.6762
1.25714
1.1619
21.4381
1.07619
1
12.3238
1.08571
19.5714
1.84762
1.31429
1
1.25714
19.6286
1.15238
11.1333
8.07619
10.3905
23.8381
5.99048
1.0381
1
1.05714
1.55238
6.15238
2.19048
1
8.07619
1.01905
6.14286
7.92381
1.22857
1.2
1.3619
1.01905
1.13333
7.60952
1.11429
9.51429
10.0381
1
1.19048
24.9619
8.9619
10.7333
1.0381
1.02857
1.97143
1
1
1.0381
7.10476
1
22.819
1.01905
2.37143
1.30476
1
10.0762
9.75238
1.07619
1.32381
1.05714
1.55238
7.48571
1.32381
1.47619
1.10476
1
1
1.14286
1.01905
1.00952
9.33333
1.32381
12.981
1.22857
9.87619
1.0381
1.65714
1.00952
17.9238
1.07619
1.14286
7.20952
1.06667
7.49524
1.2
1.55238
1.2381
6.78095
12.5619
5.73333
1.52381
6.81905
7.97143
1.31429
1.06667
2.90476
15.9524
1.00952
1
1
1.55238
13.0857
1.06667
8.87619
1.02857
1.4381
1
1
16.4095
6.3619
1.06667
1.12381
1.31429
1.09524
2.8
1.02857
1.01905
21.181
1
1.32381
1.29524
1
6.99048
1.47619
1.26667
1.31429
10.1333
1.28571
2.32381
12.0952
2.12381
1.00952
1.27619
1.34286
1
5.30476
6.07619
1.04762
1.10476
1.01905
22.3048
1.27619
15.5714
1.02857
1.02857
9.17143
1.28571
1.01905
1.21905
1.07619
1.45714
1
1.44762
1.73333
6.30476
6.24762
9.74286
5.77143
12.5714
1
1.00952
1.13333
1.02857
5.4381
14.2095
1.45714
1
7.67619
1.0381
1
2.94286
1.15238
1.75238
14.8
1.01905
1.00952
1.00952
1
1.2
1
15.8667
11.6095
1.2381
1.45714
1
1.2381
8.09524
1.02857
25.4095
24.9524
24.8857
1.00952
1.32381
4.53333
1
11.7143
1.00952
1.26667
1
14.4762
12.8762
1.1619
1
4.01905
1.82857
1.00952
14.5619
1
1
1
1.24762
20.9143
3.66667
16.381
5.85714
1.60952
1.89524
8.30476
1.01905
18.7619
1.13333
5.91429
1.06667
1.69524
5.82857
1.05714
1.30476
1.15238
1.98095
1.13333
1
17.5048
28.1333
7.32381
1.21905
18.2381
1
1
1.09524
1.05714
16.1333
1
23.7333
2.59048
8.50476
8.09524
16.9238
1.0381
1.05714
7.60952
1
20.3524
1.22857
1.01905
1.15238
1.0381
13.619
1.0381
1.18095
14.6286
1.8381
1.04762
10.1143
1.0381
1
1.33333
1
11.8476
25.9905
13.8857
1.25714
1.00952
1.20952
1
19.9238
2.52381
12.581
1
3.6
17.3524
4.66667
1.01905
1
1.30476
6.48571
12.5714
10.5429
1.04762
1.06667
10.0095
1.5619
7.99048
1.00952
1
1
1
1.60952
15.4381
1.08571
13.8
1.24762
14.7429
3.68571
1.7619
5.73333
1
1.0381
1
1.04762
7.55238
10.1143
8.73333
20.019
1.15238
1.07619
2.21905
4.44762
13.2095
1
22.0286
1.11429
1.01905
1
16.1238
1
1.08571
27.6286
28.619
11.1143
1
6.86667
1
10.5714
1.05714
1.00952
1.21905
1.09524
3.10476
1.02857
26.4857
1.09524
6.06667
1
1
13.7238
1
1
17.5333
15.3238
11.219
1.34286
1.29524
1.3619
1
1.31429
1
1.34286
7.08571
8.86667
1.00952
1.46667
1.13333
1
1
1.04762
5.55238
1
7.2
12.219
1.01905
13
1.10476
1.06667
1.21905
1.4
1.32381
1.02857
1.22857
1.00952
1.00952
1.50476
2.87619
1.01905
1.19048
1.02857
1.02857
10.219
18.5429
2.10476
1.0381
1.02857
1.55238
1.49524
1.00952
1.20952
1.26667
1.21905
1.33333
1.06667
1.08571
1.10476
1.08571
12.3619
19.9238
1.39048
9.91429
1
6.8
8.4381
1
1.07619
1
1.26667
1
1.02857
1.48571
1.06667
1
1.17143
1.27619
1
1
1.22857
1.00952
7.81905
5.48571
1.00952
1.00952
1.32381
1.06667
10.6476
9.29524
1.05714
1.95238
1
4.71429
9.81905
1.27619
17.0381
1.00952
9.07619
5.53333
9.89524
1.13333
19.3429
1.0381
1.26667
9.64762
1.02857
19.1429
1.26667
17.3619
1.8381
1.05714
16.6381
19.581
1
16.1143
1
1.01905
1.1619
12.5143
22.0857
2.53333
19.3714
1.84762
11.5714
16.4571
13.5619
1.25714
11.3143
2.5619
1.78095
1.08571
1.08571
21.2857
1.73333
15.1333
16.1714
10.1333
5.32381
1
17.4476
16.9143
1.13333
1
15.2476
1.2381
1.13333
1.2
1.12381
3.02857
16.0571
1
1.12381
19.381
1.09524
15.7714
8.84762
1.10476
1.11429
12.8095
1.20952
1.07619
1.13333
15.8571
1.02857
2.8
13.6571
19.2
1.01905
1.30476
1.06667
1.00952
12.7619
1.07619
18.2857
1.01905
1.2381
24.1524
1
1.09524
1
2.88571
12.6952
19.3429
8.44762
1
13.4381
1.29524
1.15238
1.10476
15.2762
1.08571
3.11429
1
23.9429
12.4952
10.0762
1
2.11429
3.29524
1.0381
1.11429
1
1
7.55238
1.25714
7.59048
1.19048
1.05714
11.4571
1.06667
1
9.95238
2.53333
1.07619
1.48571
1.37143
1.0381
22.2667
1
1.09524
1.12381
1.57143
5.04762
1
1
2.85714
3.09524
1.07619
1.4381
1.21905
1
26.1143
7.87619
10.1619
1.51429
1.21905
5.6
3.6381
1.01905
1.11429
3.01905
1.04762
7.97143
7.32381
1.2381
1.94286
4.33333
8.22857
15.9429
3.32381
9
20.6095
6.15238
15.6286
1
2.25714
33.1905
8.94286
8.69524
1.02857
15.781
1.00952
1
1
13.9905
1
1
2.33333
4.2381
1.01905
1.18095
1.07619
1.00952
11.1714
11.3714
3.10476
11.1429
1
15.3143
3.27619
1.17143
1.31429
8.66667
9.72381
12.9143
5.70476
16.3333
1
1.06667
12.8286
10.6857
8.79048
1
6.54286
1
1.22857
1
1
1.07619
1
1.05714
2.73333
1.24762
1.27619
1.39048
1.08571
1.02857
1.10476
1.05714
1.00952
1
1
1
1.06667
12.0476
1.09524
1.17143
1
15.0667
1.31429
1.19048
1.6
10.4762
19.7619
1.35238
1
11.4
14.3905
4.49524
1.01905
1.00952
5.3619
1.01905
2.10476
1.22857
1.02857
21.8
17.2571
11.4
1
5.82857
1
12.9619
1.15238
19.9048
10.7905
8.13333
10.8571
12.0286
3.6
1.18095
5.68571
15.1048
23.8857
1.01905
4.60952
2.59048
1.37143
1.46667
1.25714
6.29524
1.06667
6.49524
9.26667
1
1.40952
2.20952
3.25714
1.04762
22.8667
1
1.21905
1
5.80952
8.55238
1.06667
1
10.1619
1.39048
1.02857
16.4095
10.8667
1.01905
1
1.29524
1.00952
11.6952
6.4381
8.46667
14.7905
1.17143
1.26667
11.8381
2
1
11.1333
1
20.9429
10.9619
1.02857
1
1.17143
9.71429
17.6095
1.11429
1.51429
1.61905
9.14286
1.07619
18.7238
1.35238
1.08571
1.01905
1.22857
1.06667
1
1.05714
1.08571
1.06667
1.00952
1
1.06667
2.8
1
15.6952
3.3619
1
1.10476
1.0381
1
1.00952
32.3429
1
1.02857
9.8381
1.42857
14.7238
1
7.2
4.20952
1
1.11429
1.21905
1.09524
5.91429
1.00952
2.75238
11.1619
1.14286
1.27619
1.01905
1.07619
1
1.13333
1
17.5333
24.9048
9.77143
1.0381
1.2
1
3.5619
22.7524
8.78095
1.12381
10.8
15.0857
2.46667
1
1.05714
7.92381
1.0381
5.72381
1.51429
1.06667
1.47619
1
21.7905
1
3.4381
4.39048
1.0381
1
6.15238
1
1.2381
1
7.41905
1.12381
1.2
14.0952
1.06667
1
1.01905
18.2667
13.5048
1
1
6.37143
1.14286
1.06667
12.7238
1
1.18095
18.8286
1.17143
22.6571
21.3619
8.33333
1.34286
1.85714
1.10476
1.31429
1.00952
9.29524
1.09524
1
1.31429
8.6
1
1.01905
1.04762
13.8571
1
1.39048
1.10476
1
1.07619
1.35238
15.8667
11.019
1.04762
1.2381
13.6286
12.4667
1.42857
6.30476
1.12381
1.00952
17.6286
17.2095
1
2.45714
8.98095
4.8
1.17143
10.9333
5.6
1.11429
16.181
1.11429
14.1714
1.33333
15.8095
1.00952
1.28571
10.219
1.05714
11.1143
11.2571
4.40952
1.05714
1
1
1
1
1.01905
1.05714
5.01905
17.2762
19.2762
13.1619
1.33333
1.01905
6.53333
13.1143
9.86667
1.06667
1
1.41905
1
7.90476
1.10476
1.77143
3.11429
1.07619
3.04762
1
5.99048
1.4
12.3238
11.8
1.30476
1.17143
7.39048
15.6286
1.2
27.6
1.39048
1.46667
4.90476
10.4476
8.9619
24.4
1.01905
1
1
1.06667
6.89524
11.8286
18.4762
1.00952
10.9714
15.0476
1.00952
1.06667
8.91429
24.0762
1
3.2381
5.41905
4.39048
10.3048
6.21905
1.05714
1.07619
1
13.781
4.4381
1.21905
10.1524
1.00952
11.5905
1
10.581
1.31429
1.22857
1.00952
12.2095
26.0381
1.28571
1.0381
1.00952
1.01905
16.8952
1.19048
1
1.21905
10.3905
8.45714
13.3619
1.06667
1.06667
1.2
12.0952
16.2667
1
1.5619
20.7905
18.7333
4.41905
1
15.1143
1
1
14.7048
1.93333
1.17143
8.77143
1.29524
1
1.17143
1.32381
3.8381
12.981
1.80952
1.04762
1.02857
1.40952
2.18095
20.3619
20.0762
6.50476
2.01905
1.14286
1.01905
12.4952
22.6762
11.219
5.3619
1.02857
6.39048
1.02857
8.02857
17.8762
9.52381
1.21905
9.59048
1.0381
1.00952
2.22857
11.4
1
1
1.31429
1.24762
1.27619
9.13333
1.29524
1.00952
11.2286
16.2857
15.8762
18.3143
1
1.08571
1.09524
1.2381
2.05714
12
4.99048
1.06667
12.2667
1.01905
1.11429
20.6857
4.47619
1.14286
1.07619
18.7714
26.7905
3.24762
11.2762
1.60952
1.00952
1
1.07619
1.08571
1.07619
1.38095
1
1.07619
1
1.07619
3.22857
7.57143
1
1.27619
1.65714
8.91429
1.0381
1.10476
4.58095
9.86667
3.20952
1.15238
1
15.2952
1.19048
1.13333
13.219
1.28571
1.20952
1.08571
1.4381
1.00952
1.40952
14.4762
1.01905
1.00952
1.2381
18.9619
12.419
1.13333
1
1.00952
10.2476
9.00952
1.52381
15.6667
4.55238
1.47619
1
1
16.419
14.9714
1.46667
10.8952
1.2381
1
1.22857
1.27619
15.1905
7.00952
2.29524
1.05714
10.1048
1.11429
24.6667
18.9333
1
7.72381
1.59048
1.00952
1.28571
1.21905
1
1.1619
1.05714
23.1238
1
1.12381
1.21905
1.19048
1
20.7048
1.02857
1
13.9524
16.4286
1
8.04762
1
6.90476
1.25714
5
11.4476
1
5.8
1
19.1524
1.02857
1.14286
1.53333
13.1143
1.45714
11.9619
1.22857
13.3619
11.6857
1.8
19.2286
1.12381
1.71429
12.4286
1.14286
7.28571
12.7048
1
1.00952
13.1143
1.40952
1.51429
12.9048
1.47619
1.28571
9.99048
5.22857
1.0381
1.9619
15.3619
16.5238
7.77143
7.66667
2.09524
12.5143
1
8.32381
1.00952
1.06667
29.4095
11.2762
1
1.29524
12.4952
1.57143
1
1.22857
7.00952
1.2
16.3905
1.01905
10.4857
1.01905
11.4667
1
4.81905
1.14286
7.2
1
1.00952
1.15238
1.31429
8.01905
1.19048
29.4381
13.7048
1
10.0667
1
1.1619
1
1.18095
1
10.2095
9.77143
13.0857
1.15238
1.15238
1
1
3.68571
1.02857
24.3238
1.0381
9.91429
1.04762
1.27619
15.4381
7.21905
1
1
4.62857
1.18095
1
22.5238
1.2
1.14286
1.12381
1
1.31429
1.10476
18.3333
1
6.39048
10.5905
1.06667
1
1.04762
12.6286
6.8
22.4857
9.65714
4.65714
1
10.0381
3.6
13.8
14.0095
11.181
1.13333
9.17143
4.1619
12.7048
1
9.99048
12.2762
1.1619
1.01905
1.65714
1.13333
1
12.4476
1.41905
1.13333
1.15238
6.85714
1.29524
1.37143
1
1.08571
1.11429
1
1
1
1.26667
1.28571
11.8476
1
1.39048
