27770 45761
33.8
13.9
25.4
97.4
30.2
6.4
6.4
18.8
39.8
6.7
40.6
6.5
10
38.5
23.5
6.6
6.6
38.9
7.8
33.8
46.5
11.5
6.4
25.4
7.3
49
42.6
6.6
6.3
48.4
21.2
17.2
22
8
20.1
7.3
8.2
11.7
30.7
17.1
10.7
31.9
14
25.6
17.2
7.8
17.5
12.1
8.1
35.9
18
9.6
6.7
6.6
9.6
22.6
6.7
9.2
73.6
53.5
65.7
21.8
40.9
27.1
32
9.7
8.3
6.2
47.6
6.9
67.8
25.2
6.3
40.3
43.3
7.6
6.8
48
17.4
6.4
7.2
7.2
48
15
12.3
9.2
68.9
20.3
6.8
6.2
6.4
22.2
6.1
11.8
6
6.1
6.1
32.3
6.1
17.2
6.5
35.2
6
7.1
11.2
8.5
9.6
7.9
26
23.3
14.3
7.9
66.9
8.3
7.2
9.7
13.3
6
17.5
9.2
20.7
6.7
6.4
40
6.3
19.4
14
70.8
34.4
23.2
16.9
47.3
34.9
6.5
27.3
52.2
12
18.3
6
6
29.6
9.4
33.9
39.5
13.6
133
16.3
39.5
8.6
6.3
6
73
22.8
6.4
6.7
8.1
54.2
6.5
6
32.6
88.3
47.7
65.3
66.2
12.2
40.1
6.5
7.3
7.5
7.1
9.6
54.9
6.4
32
6.3
7.4
14
20.1
29.3
12.4
34.3
19.1
15.8
21.8
32.9
6.2
67.3
6.6
16.2
49.2
66.3
6.8
7.9
8.9
133.1
11.8
16.7
6.5
12.8
54.5
10.2
8.6
6
11.3
6.3
6.9
38.3
28.7
14
33.9
6.2
33.8
6.5
8.5
35.4
6.6
10.5
6.3
13.9
6.3
50.3
6.7
6.5
21.4
21.7
6.2
9.5
6.6
6.6
33.1
44.5
7.7
6.4
6.4
6.7
10.6
29.1
6.5
6
6
12.5
6.1
7.2
12.8
22
23.8
30.6
27
56.9
47.6
14
6.1
26.9
7.6
14.5
34.7
6.5
17.4
79.6
6.1
6.9
6
44.7
7.6
15.3
6
39.6
57.2
17.9
78
71.2
42.5
42.4
7.1
9.6
20.9
9.7
6
28.6
6.2
27
6.9
6.1
7.7
17.7
22.8
46
41
6.2
6.1
6.1
37
12.3
28.7
6.3
36.4
6.2
17.6
11.3
6.2
7.4
12.2
25.5
15.1
26.9
38.3
55.9
12.7
6.2
115.3
17.4
45.5
20.5
50.4
23.5
6
6.1
9.1
6.4
27.4
6.7
6.2
45.5
15.7
9.5
16.3
6.5
62.1
95.1
30.1
6.9
58.2
6.6
6.4
34.1
40.3
14.9
6.5
6.4
74.7
21
8
6.8
11.7
6.2
8.1
45.7
10.6
26.3
6.6
36.1
9.8
6.2
7.7
6.1
7
17.6
6.1
6.6
7.4
7
6.5
6.3
6.2
9.8
6.4
6.4
23.2
6.5
6.1
6
6.9
6.6
6.6
8
6.8
6.4
6.4
19.6
22.8
8.9
9.8
19.3
6.2
6.1
39.4
15.4
37.2
18.2
53.5
8
12.5
9.2
15.6
15.7
16.6
12.7
12.4
12.6
35.5
6
21.3
6.3
70.6
6
6.3
6
15.7
84.5
38.5
20.6
6.7
20.8
6.7
28.5
6.4
11.6
6.4
9.2
6
72.5
14.6
51.3
6.2
77.1
6.5
21.5
14.6
20.5
9.6
17.5
6.2
28
12.4
8.7
11.8
38.8
6.5
18.8
29.8
6.6
7.6
6.8
15.9
27.9
6.2
13.9
6.7
6.6
6.9
7.2
6.6
16.7
8.1
10.8
10
6
7.4
66.8
38.8
13.8
11.7
8.5
10
7.6
7.2
8.8
6.3
8.6
62.5
53.8
13.8
20.1
26.1
42.9
24.1
92.8
93.6
28.6
48.4
20.1
6.3
22.2
62.2
29
6.7
59.2
50.7
58.5
22.9
89.3
26.4
34.6
7.5
13.9
76.6
57.5
8.3
21.9
6
17.8
59.1
46.7
6.7
8.1
13.1
27.6
115
83.8
36.6
7.1
40
7.1
6.4
14.3
6.3
20
63.6
6.2
8
7.8
7
37.2
6.2
6.3
34.1
86
6.2
6
20.5
10
11.7
6
16.7
64.7
7.5
16.3
77.4
27.4
7
8.6
8.1
11.1
94.7
88.7
41.8
82.4
6.6
26.3
46.8
24.1
81
7
6.3
6.4
6.2
27.1
6.7
7.4
21.1
6
17.9
12.6
9.1
8.8
19.6
45.2
8.7
15.7
6.4
15.1
40.3
42.1
37.2
6.7
8.1
6.6
67.9
6.7
32.8
17.1
6.2
6.4
10.2
13.2
22.4
10.7
54.4
7.1
21.8
48.3
7.5
9
6.4
6.1
6.3
6
13.7
6.4
32.8
11.4
6.6
8.5
19.8
7.8
6.4
7
106.7
41.5
6.2
6.4
40.3
7.3
6.7
10.8
7.2
36.5
8.9
22.5
23.8
11.1
6.4
7.4
32
6.2
51.8
7.2
9.5
17.5
6.7
6
6.4
6.1
6.9
6.2
7.7
11
49.9
6.2
36.8
6
8.2
34.6
6.8
33.6
6.4
6.1
6.3
60
15.9
9.2
7.3
6.1
6.4
51.9
6.4
79.4
32.8
6.9
34.3
11.9
6.4
11.2
14.7
26.9
6.4
21.1
24.1
36.7
12.6
38.8
12.4
7.1
6.1
14.6
10.2
43.9
28.6
7.3
6.2
6
30.7
17.9
44.3
18.2
6.6
29
67.1
8.3
6
63.6
7.4
95.8
12.6
13.8
32.3
14
13
6.4
63.8
6.6
46.1
10.1
6.5
14.1
11.5
24.2
26.4
28.7
7.5
29.6
16.7
9.5
7.7
22.9
12.3
17.7
86.4
23.5
6.2
108.2
29.3
29.2
33.5
77.6
41.4
12.3
6.1
88.4
6.3
13.8
39.1
42.5
53.3
38.5
14.4
15.2
12.8
32.5
92.1
9.9
6.8
9.9
18.2
6
13.8
51.3
40
13.8
14.1
26.3
11.4
8.8
10.4
6.2
6.6
33.4
6.7
41.9
50.4
37.7
22.6
7.9
9.3
14.7
15.3
6.7
44.9
94
65
40.3
13.5
35.3
40.9
19.6
107.5
60.8
14.5
39.8
15.6
66.8
26.9
25.9
22
11.6
20.7
36.9
13.5
19.5
7
8.3
27.3
34.1
63.1
50.5
12.6
56.3
30
31.9
16.1
20
6.6
63.5
9.9
6.4
6.6
63.2
6.6
9.7
18
24
25.4
6.1
11.6
6.8
19.7
29.2
7.5
12.2
19.5
19.1
61.6
15.3
22.4
6.3
12.7
27.8
8.2
6.5
11.6
25.1
54.3
8.3
40.4
9.3
36
32.7
28.7
13.3
8.4
6.2
11.6
6.7
6.6
6.9
7.2
6.6
14.4
6.9
53.8
11.9
14.9
6.6
14.9
8.8
14.9
6.6
9.4
7.1
9.6
8.9
11.8
7
6.1
6.2
8.9
22.3
10.5
6.5
45.9
18.8
7.1
17
7
6.3
6.1
6.2
49.1
30.5
6
21.5
6.6
6.3
6.4
6.3
17.2
22.4
57.8
6.6
6.1
7.6
6.4
73.1
18.9
39.1
94.9
44.6
6.6
10.6
19.3
7.3
6.2
27.7
7.3
64.9
23.3
6.5
6.5
19
6
6.3
6
9.9
67.6
6.3
18.5
8.5
14.1
31.5
7.7
12.9
26
48.3
6.7
6.2
6.8
6.3
7.3
6.4
32.5
41.5
18.1
8.9
26.3
73.1
43.5
25
7.5
55.3
60.2
11.1
16.7
64.8
66
7.7
24.5
10.6
57.2
29.6
14.2
7.3
92.6
12.1
20.2
23.6
80.4
6.4
6.1
23.4
42.1
17.8
8.8
16.4
49.9
85.4
7.2
12
69.9
22.2
9.1
26.2
6.1
31.9
6.2
10.1
13.7
7.2
50.7
53.4
32.5
21.1
7.9
7.7
7.1
13.8
6.1
65.1
36.4
15.2
64.2
67.8
44.4
15.5
39.7
9.4
30.8
17.9
38.6
68.5
6.7
6
45.1
6.5
8.1
120
34.8
6.4
6
6.3
15.6
6.2
24.9
18.7
13.9
25.4
10.4
83.8
39.9
45.7
19.7
52.4
12.7
49.4
7.4
6.1
11.1
46
55.9
6.4
24.4
18.8
6.5
14.3
14
10.2
19.8
6.3
27
6.2
34.2
14.9
6.2
6.4
22.1
6.2
6.4
9.2
6.1
6.1
12.3
11.5
6.9
59.1
25.9
26.1
27.8
12.1
6.5
10
16.5
21.1
13
6.9
9.4
9.7
49.9
37
28.6
24.7
19.1
8.7
8.8
17.6
6.1
9.1
20.9
7.2
13.4
64.7
50.3
9.3
8.4
6.3
31.4
47.7
7.2
17.7
6.3
7.7
38.5
24.3
7.3
77.6
85.7
11.7
7.4
24.8
17.1
8.8
15.9
6
12.5
10.7
11.3
45.5
8.4
7.6
11.8
58.5
6.3
6.4
10.7
6.4
7.6
7.4
47.1
6
27.2
15.7
29.3
8.1
17.4
50.5
10
6.5
19.3
17.9
19.9
15.5
7.4
14.5
7
6.9
6.8
6.1
9.1
6.6
22.1
7
7.4
6.1
27.7
6.2
17.9
6.8
10.3
17.3
17.3
10.6
6
14.7
7.4
18.8
6.7
6.4
6.4
7.4
39.8
6.2
27.5
6.3
6.3
42.5
134.5
35.2
6.3
8
50
25.5
6.4
8.2
33.2
36.9
123.4
24.3
6.1
24.4
24.5
16.4
67.6
27.6
6.2
8
32.7
12.2
6.6
12.5
6.8
12.2
6.7
7.1
13.4
6.1
84.6
64.6
42.6
32.1
17.5
23.4
7
76.9
6.3
6.2
6
6
54.1
49.9
14
7.1
7.6
7.1
14.3
6.1
7.6
25.6
35
12
9.1
9.2
6.9
6.2
75.3
41.4
6.5
37.2
10.1
35.5
29.5
18.2
19.7
13.7
34.9
7.5
6
6.6
6.6
8.2
6.1
6.8
6.1
6.3
6.8
6.6
30.3
20.6
25.1
8.2
19.9
6.8
6
33.2
13
22.6
11.1
6.4
6.4
6.6
13.9
12.1
17
6.8
6.6
89.5
24.4
20.9
14.3
7
6.3
6.8
13.5
47.9
44.7
32.9
6.3
54
9.6
38.9
42.6
10.9
6.9
8.1
15.9
15.2
7.8
17.2
45.8
6.5
19.2
38.3
10.8
35.6
59.1
6.6
17.1
75.4
8
7.1
6.8
7.3
10.9
6.5
6.4
43.8
6.3
6.8
7.3
55.9
13.1
14.6
6.3
36.7
6.4
7
9.1
11.2
38.1
33.4
31.4
6.3
34.2
64.3
32.1
54.7
10.7
11.3
24.9
7.3
7.5
6.6
8.2
9
6.1
7.4
9.1
7.7
6.6
28.9
6.1
8.4
6
13.4
12.8
6.4
7.4
10.6
22.7
21.5
37
6.6
6.3
55.6
32.2
7.4
16.1
6.3
6.6
33.1
10.8
18.2
8.2
22.3
61.3
79.9
12.5
11.7
78.3
13.7
26.6
30.2
6.2
10.4
21.3
6.2
16.6
92.9
7.8
18.8
20.5
6.5
6.4
57.1
13.7
6
6.5
6.9
17.3
77.2
6.7
6.7
6.1
6
15.7
27.9
6.1
10.9
7.1
7.2
6
16.4
6.3
6.1
10
13.4
6.4
95.1
24.5
17.1
76.3
7.1
8.2
11.4
6.3
21.7
17.4
14.3
17.5
28.3
7
6.1
6
16.7
10.1
10.5
31.6
7.7
36.9
16.8
9.3
6.2
6.1
35.4
6.3
46
6.5
9.9
11.2
6
44.6
8.4
42.1
6.2
6
14.5
17.1
6.4
61.4
6.9
18.6
59.9
11.7
8.2
6.1
6.4
6.1
37
13.8
6.1
35.3
12
6.4
13.6
6.6
25.6
73.4
17.9
6.1
6.3
12
21.9
48.6
6.2
15.5
34.5
9.2
68.6
6.3
12.3
11
22.9
28.8
9.7
6.6
19.2
73.9
11
90.2
6.3
16.3
31.4
40
13.2
9.5
13.3
43.6
76.2
9.7
20
44.1
24.6
14
13.3
35.8
80.9
13.6
6.3
26.2
7.5
6.1
28
15.6
13
6.3
44.2
18.3
62.9
6.1
6.1
18.4
6
17.6
6.2
13.3
56.5
6.1
6.3
6.3
6.5
7.8
40.4
13.9
6.5
9.2
7.9
6.4
7.4
36.2
6.6
10.1
29.6
51.5
6.1
6.1
6.4
14.7
43.3
8.5
22.8
6.8
22.5
9.9
6.9
16.5
6.7
6.2
6.1
6.6
12.2
28.3
8.9
7.2
27.6
6.2
6.1
21.2
29.9
21.3
57.9
7.2
17.7
34.9
7.8
9
6
6.3
46.6
11.5
13.9
67.3
10.5
34.2
63.5
14.8
6.6
6.6
40
29
49.7
7.3
7
13.2
7.3
6
85.7
43.3
7.1
68.2
7.2
50.2
9.1
6.8
7.4
8.3
10.5
6.3
7
6.2
8.9
6.1
9.2
7.2
7.6
11.3
85.5
14.1
26
6.6
8.4
6.3
14.8
51.6
33.5
12
11.2
6.4
17.1
22.4
6.3
6.4
47.5
20
6.3
7.2
7.6
18.8
10.2
92.7
8.1
6.3
7.6
57.4
6.3
6
6.6
23.5
18.7
11.4
20
6.2
6.1
12.3
11.1
26.8
6.4
6
20
44.1
6
6.1
6.1
6
13.1
6.4
6
49.9
7.3
6.2
33.7
13.5
9.6
11.2
6.1
6.4
15.2
37.4
31.7
38.1
6.7
38.3
25.6
42
6.1
20.4
44.4
21.3
73.6
11.8
6.1
68
6.2
9.6
102.1
9.7
38.6
22.8
20.8
6.6
7.9
17
26.3
6.8
7.8
11.9
6
7
9.2
43.7
15.7
15.3
12.2
13.5
46.7
6.1
6.1
6.1
6
6.2
6.2
6.2
6.4
49.7
40.1
91.7
71.9
6.1
24.5
28.9
18.5
62.2
7.6
6.4
12.2
76.1
53.1
6.3
7.1
7.1
52.4
6.2
6.2
17.3
13.3
6.9
50.7
60.3
6.1
19.2
56.8
13.4
6
18.7
40.2
7
7.4
18.4
7.6
44.4
14.5
6.6
6.7
18.7
12.8
28.1
6.6
6.6
6.9
6.9
6.8
6
6.1
128.1
7.4
6
85.2
7.1
9.5
8.5
26.9
6
13.8
18.7
20.4
6.4
24.8
6.2
6
56.8
6.3
6.3
16.4
6.2
6.2
9.5
10.1
6.5
19.1
6.5
9.1
167.6
35.7
71.3
24.5
6.5
31.3
6
26.1
10.5
62.1
20
19.1
6.3
6
50
11.1
6.4
6.1
6.2
6.1
47.6
28.9
17
21.7
6
20.3
6
6.3
8.8
7.5
30.1
16.5
7.4
10.1
6.3
6.1
12.9
6.1
6.7
59.4
6.2
7.9
6.3
6
9.3
18.3
60.4
9
6.5
53.7
44.8
16.7
11
7.2
6.2
6.8
55.8
15.9
12.9
19.8
6.1
72.7
6.8
107.4
34.4
60.8
10.5
6
6.2
6.1
6.4
43.6
6.4
6.3
6.2
6.5
13.1
6.1
6.9
7.2
7.5
6.9
6.9
63.3
18.3
6.6
23.6
6.5
27.5
10.9
19.6
6.4
44
18.3
20.8
13.3
6.5
56
6.7
10.4
7
14.9
6.8
6.2
10.7
35.2
40.3
6.2
36.3
6.1
116.9
6.1
55.6
11.9
32.7
6.8
21.5
6.3
9.9
46.4
18.7
6.3
7.8
6.3
6.4
6.1
84.6
11.8
7.1
16.9
9.9
6.6
20.2
10.2
6.5
6.5
9.1
17.1
6.3
8.8
64.1
17.5
33.2
26.4
6.4
39.1
6
6.3
7.1
6.5
7.5
26.6
11.3
69.4
13.6
21.9
8.1
8.9
15.3
12.2
35.2
7.6
10.9
6.3
14.7
6.1
14
22.8
15.8
6.1
28
6.1
6.1
47.5
7.1
6.6
25
18.1
6.6
6.1
16.6
31.5
6.1
23.9
26.5
49.2
45.1
55.7
21.7
7.4
15.8
29
23.2
79.9
6.2
17.6
40.8
15.9
6.3
34
6.2
6.1
29.5
6.7
15.2
6.2
8.4
65.7
6
12.8
6.3
6.2
6.1
17.8
6.3
6.2
132.8
6.4
7
6.1
6.6
7.4
6.5
7.1
6.2
6.4
6.7
7.2
46.3
8.9
9.9
6.1
11
20.2
22.6
10.7
27.5
6.4
7.3
6.8
7
6
9.6
6.7
7.6
7.1
22.1
10.9
6
6.2
77.6
6.4
6.2
68.7
6.1
6.2
47.3
43.4
43.9
6.6
20
6
7
6.5
7.1
6.3
11.6
8.4
30.1
6.6
7
6.2
97.9
6.9
6
15.1
20.5
6.8
6.1
6.3
9.8
36.1
13.8
24.2
15.8
9.6
9.2
6
6
10.1
11.1
19.6
17.2
20.6
23
6.8
6.7
9.8
6.1
41.1
6.2
86.1
6.2
6
44.3
7.2
6.3
10.3
12.6
9.8
6.1
6
6.1
9.1
13.7
6.2
20.1
6
6.3
10.3
54
6.4
6.1
6.6
6.1
10
18.3
7.2
6.2
34.3
17.3
6
6.2
6.1
6.1
6
32.1
6.2
6
6.3
6.4
18
6
7.5
6.5
6.1
6.3
22.9
7
55.6
6.1
6.1
6.5
16.5
6.3
8
7.1
6.4
17.9
34.9
6.2
6.5
11.9
6.1
15.9
11.8
89.6
29.2
9.5
33.9
23.8
64.2
23.9
6.7
49.4
7.2
6.6
6
6.3
6.1
6.1
34.1
6.8
9
6
6.3
11.1
16.8
7.7
11.8
6.6
39.8
20.6
13.1
14.9
29.9
56.7
39.6
95.4
20.8
13.9
6.7
6.3
11.9
11.8
14
11.8
8.1
6.4
7.1
6.9
21.4
46.9
33.7
6.5
45.9
8.9
6
6.6
6.1
6.7
40
6.1
7.6
6.5
13.1
6.3
6.1
6.5
12.2
25.9
7.1
6.5
7
45.5
16.1
7.4
19.5
6.8
7
142.7
10.1
6.5
6.8
29.6
53.6
6.1
6.4
6
6.2
6.7
6
8.6
7.6
6.2
20.4
6.3
27.9
34.4
14.6
7.3
31
57.3
9.8
51.8
6
12.7
6.5
6.2
6.5
8.4
9.3
31.2
11.3
47.3
40.8
52.2
24.6
18.6
15.1
6.1
6
14.6
6.4
6.4
26.1
30.5
45.2
8.3
67.8
7.8
7.4
6
6.4
6.2
6
25.1
7.2
6
56.8
38.8
11.6
67.4
6.6
42.9
7
37.7
33.6
6.3
23
6.1
10.8
6.1
69.7
17.8
6.5
7.8
7
6.5
50.4
28.8
10.3
28.9
9.3
6.7
14.1
6.7
17.4
6.1
6.9
7.7
6.4
6.6
12.3
7.7
12.5
11.7
6.1
26.7
6.3
6.4
6.1
6.6
6.4
39.8
8.5
15.5
12.5
6.1
6
8.8
14.9
6.9
6.4
59.9
7.3
11.4
29.9
20.8
28
6
6.5
6.2
6.2
6.2
14.8
6.7
24.7
27.6
16.8
6.2
17.4
31.9
67.3
9.9
6.9
7.1
89.5
6.5
97
84.8
8.9
15.1
53.1
6.4
37.2
14.4
33.1
8.6
7.5
10.3
7.3
34.6
6.4
6.8
7.6
52
6.3
75.1
6.3
6.5
8.7
17.9
6.7
6.9
33.2
21.3
6.2
17.7
6.8
14.8
11.4
6
6.6
7.8
7.1
29.1
24.4
6.4
10.6
53.8
7
6.1
6.7
21.6
6.9
6.5
7.7
16.4
39.1
6.1
24.7
61.6
23.8
23.5
6.4
6
6.5
27.2
6.3
90
26.3
6.4
11.9
6
6.1
11.1
6.5
36.2
8.5
6.1
6.2
16.9
75.5
6
6
12.4
6.5
6.1
8.6
6.2
13.1
6.4
6.5
69.3
6.3
58.8
6.3
39.5
27.8
6.4
48.3
51.8
29.6
21.1
6.4
6.3
6.8
6.1
25.7
6.3
7.5
6.3
18.6
6.1
7.5
7.5
8.7
6
6.1
6.1
6.4
22
6.5
6.1
8.2
11.5
15.9
12.9
17.8
6.3
7
12.2
7.1
12.8
7.1
14.1
29.9
50.8
23.7
6.2
46.9
6.6
6.4
6.8
11.7
27.6
18.8
6
12.4
28.9
6
6
6.7
6.2
22.5
9.3
6.1
6.2
22.9
50.7
23.1
6
32
33
38.4
7.6
9.5
21
7.1
33.8
6.3
14.4
64.2
13.7
30.7
13.9
7.1
6.5
6.1
6.1
17.2
120.4
35.2
63.8
6.5
30.1
85.7
6.3
17.2
10.8
7.9
6.3
6.4
6.3
10
28.8
36.6
9.5
11.1
17.7
6
6.1
38.1
31.1
8.5
6.4
15.6
6.5
24.8
6.6
6
31.3
6
44.1
9
63.9
6.2
18.5
63.1
45
12.3
48.1
10.5
15.1
8.9
7.6
24
6.4
20.5
6.9
6.9
24.3
31.3
17.8
14.4
17.2
44.6
19.3
6.5
6.3
43.7
8.8
7.9
66.9
7.2
6.7
69
75.6
6.2
7.1
7.2
6.1
77.8
15.1
9.1
10.8
38.9
8.8
12.4
11.5
6.3
14.3
6
23.2
6.1
40.5
48.2
6.4
8.6
16.9
6
73.1
12.7
6.9
43.7
34.1
7.6
6.8
6.4
9.2
38
6.2
8.1
6.2
6.7
23
6
6.1
7.1
6.2
6.1
27.2
6.4
14.1
8.4
30.4
43.8
58.2
28.8
30.4
8.3
18.1
6.6
15.7
27.7
23.5
7.9
6.1
17
29.5
39.4
6
18.7
6.1
53.2
21.2
6
8.6
10.6
30.9
18.3
16.6
39.2
6
19.9
7.2
6.6
8.8
7.2
6.4
13.7
6.5
6
6
9.8
8.3
25.8
31.1
6.4
13.4
12.6
6
6.5
36.2
9.8
6.2
6.2
28.5
34.9
11.7
6.3
150.4
11.3
6.5
6.2
18
16.3
7.1
6.9
8.6
32.8
50.4
6.1
8.2
6.9
17.3
14
28.5
6
6.5
6.7
15.1
6.6
6.5
6
6.4
35.9
6.4
6.2
11.1
6.2
12.7
19.2
7.3
8.1
17.2
7.4
6.7
6.5
7.9
6.4
9.3
31.1
7.3
13.4
8.9
8.7
6.7
7.2
49.7
8.1
6.3
20.2
6
6
6.3
16.4
8
7.4
11.8
25.4
7.4
28.9
8.9
6.4
12.6
6
85.4
9.2
6.4
6.3
6.2
55.1
37.2
8.3
6.4
9.2
9.1
6.3
10.9
6.1
6.2
6.1
6.1
6.4
6.2
26.6
6.3
7.3
6.2
6.2
48.7
46.7
24.1
11.8
6.8
6.1
21.1
6.3
55.9
6.2
7.6
21.3
6.2
18.2
9.3
6
6.1
29.9
6.6
36.3
6.7
6.9
42.1
6.2
16.3
8
6
33.3
16.7
6
16.4
7.2
6.4
6.3
7.2
6.4
6.7
7.3
7
54.1
13.4
13.1
75.5
6.3
84.2
12.5
6.2
93
7
6.2
6.6
26.2
33.4
77.9
20.2
6.3
39.6
6.1
6.3
53.2
6.5
7.5
84.3
6.2
7.8
33.2
15.8
15
6.8
7.3
80.2
6.7
9.8
27
6.3
6.5
6.3
30.1
16
42.8
6.3
7.7
7.6
26.2
6.4
6
16.8
30.6
6.5
6.4
7.2
6.4
39.7
18.4
9
7.1
7.3
44.5
14.1
6.1
11.2
34.9
11.9
19.9
25.9
37.8
7.8
13.8
56
7.9
7.2
46.5
6.1
6
14.7
22.6
6.1
28.8
9.7
6
6.5
20.6
6.4
16.4
52.4
6.8
6.2
27.7
9
7.5
13.5
6.2
6.2
6.5
40.8
6.4
7.9
6
6.2
6.2
47.7
22.7
29.2
7.3
45.5
16.1
58.2
6.2
6.9
6.5
7.7
7.1
6.3
6.5
6.2
16.4
8.4
6.1
8.6
6.4
6.8
16.2
8.7
6.3
6
13.7
24.6
35
11.3
6
60.8
6.5
6.1
22.2
13.7
56.4
46.4
6.1
30.5
35.6
44.7
6.2
6
11.5
10.7
6.5
6.3
10.7
6.4
8.2
6.3
23.4
6.4
6.3
20.1
67.8
6.3
7.1
27
65.1
27.4
8
6.5
53.1
6.4
28.5
6.8
6.1
32.6
6.4
16.6
6.4
7.8
8.2
7.5
8.3
15.3
11.9
9.1
24.9
7.5
22.5
6.5
19.7
30
6.6
6.6
6.4
29.8
6.2
54.8
9.5
8.7
8.8
6.4
8
6.3
6.8
13.1
6.5
10.2
33.9
27.8
20.1
6.2
6.5
70
22.7
6.5
37.3
41.8
6.9
40.9
11.5
6.3
6.9
46.6
6.3
6.1
7.1
11.1
6
8.5
6.4
6.8
47.2
18.4
6
8.7
49.2
26.7
6.1
11.1
8.5
40.4
6.2
6.3
8.1
24.7
6.1
27.8
12.3
24.2
60.8
32.8
26.3
6.9
6.7
75.1
6.1
16
6.9
7
6.6
53.5
16.1
16.1
6.1
7.5
14.5
6.8
7.7
29.3
35.8
6.6
7.9
15.8
25.4
8.2
59.3
6.2
6.6
7.4
18.5
6.1
7.7
26.7
7.2
15.7
13.9
6.9
6.6
92
24.6
6.2
6
12
6
7
6.8
6.3
11.5
6.1
31.4
35.2
36
6.3
18.5
18.4
71.8
6.3
6.7
6.6
6.8
6.1
12.4
6.6
34.7
10
6.5
12.7
6.2
9.6
6.9
8.3
13.3
37.2
6.5
12.4
31.7
7.9
6.9
61.9
10.8
37.1
21.6
7.1
58.1
6.4
6.6
6.2
23.1
7
63.9
6.2
6.5
7.5
6.7
7.4
10.1
18.8
6.2
7.2
17.4
25.5
21.8
54.1
102.5
7.3
7.5
13
6.7
7.4
60.1
67.6
16.8
80.2
7.5
6.7
72.8
6.9
47.3
6.7
12.6
6.7
8.5
6.7
6.2
6.9
11.6
6
39.1
6
13.9
6.2
8.7
11.2
7
18.4
27.5
21
6.9
19.9
6.5
7.3
8.2
8.4
17.7
51.5
6.6
6.3
7.3
6.2
7
10.6
6.8
9.1
17.6
46.4
11.6
7.1
6.5
6.9
9.7
6.6
6.1
6.5
7.2
6.7
8.2
39.6
11
11.8
6
6.5
52.9
11.2
6.1
7.1
6.2
20.1
37.2
6.2
46.1
17.3
24.9
7.3
6.2
9.2
6.4
50.6
6.6
8.1
19.6
21.4
6.5
8.4
6.9
6
10.4
6.2
46.9
6.7
6.6
6.8
46.1
30.8
6.7
47
7.2
6.4
185.5
6.2
7.2
28.8
6.1
17.8
6.5
8.3
6.5
10.6
14.8
11.8
18.4
7.6
62.5
34.4
6
30.8
7.1
6.2
6.1
6.7
16.7
10.4
24.6
6.4
6.5
55.7
50.8
13.2
14
32.4
43.5
48
44
6.8
26.9
7.6
15
6.5
39.7
12.9
6.2
39.6
85.5
8.4
21.6
9.9
6
7.2
8.7
14.8
23.2
7.9
21.2
10.6
10.5
6.2
16.3
6.3
6.1
9.7
6.8
6.3
14
35.9
6.1
6.8
64.5
8
6.4
6
8
6.7
6
16.9
6.8
8.1
7.5
32.4
19.9
14.3
6.7
6.4
6.8
6.4
30.4
17.2
31.2
67.9
8
17.8
6.9
6.4
25.4
48.3
7.7
6.9
6.6
8.2
8.1
6.7
38.1
8.3
6.5
11.2
14.3
80.6
6.5
6.2
49.6
34.6
6.3
10.5
18
9.4
49.5
6.5
7.9
6.9
7.1
6.4
22
37.1
34.8
47.7
22.3
39.1
9.2
8.3
14.7
7
11.5
22.8
8.5
44.9
12.8
8.9
33.2
10.7
7.9
13.6
70
6.3
15.1
18.6
6.3
6.4
6.2
6.3
6.5
16
6.6
6.4
7.3
6.7
6.4
6.8
6.4
8.6
7.3
9.8
27.4
7.4
6.1
6.7
37.1
6.4
58.8
17.4
7.4
6
17.7
7.2
123.1
8.5
11.8
36.2
13
6.3
6.2
6.5
6.7
6.5
41.1
12.7
20.8
6.4
6.7
6.3
7.8
14.5
8.8
12.6
6
17.9
10.9
6.5
6.4
13.5
41.8
6.2
9.3
17.2
6.1
6.7
40.1
11.9
7
8.1
6.3
6.1
17.8
6.9
10.1
7.5
26.4
6.7
21
13.4
7.2
6.2
6.1
6.2
8.6
8.1
7.4
6.3
7
6.3
8
6
6.1
6.3
6
6
11
6.3
11.5
34.1
6
6.3
6
32.6
6.3
6.3
6.4
6
6.6
6.2
30.8
6.3
7.2
17.3
6.3
6.6
6.6
8.1
67.5
11.8
35
6.8
6.4
42.9
6.2
123.8
88.5
73.8
10.8
6.2
6
6.4
80.6
99.6
12.6
9
7.8
7.1
14.2
29.2
6.5
7.8
23.6
35.7
55.2
6
6.7
21.4
6.1
6.1
29.6
6
6.2
6.7
6.2
6.6
6
8.4
14.2
6.7
6.1
6.8
40.1
10.7
6
18.5
6
6.5
6
6.7
23.1
7.6
6.1
6.5
32.9
7.5
47.2
18.6
9
28.5
24.5
25.2
63.5
54.6
11.7
65.7
7.8
8.3
19.2
6.7
37.2
7.3
26.6
21.6
6.9
7.4
6.1
47.4
9.1
6.6
7.2
6.1
29.6
6.5
6.2
24.2
43.3
6.7
6.4
21.7
7.4
6.5
6.1
67.9
27.9
6.1
7.5
6.3
6.3
42.4
36.5
8.8
10.1
21.4
6.2
6.2
6.5
44.7
6.7
7.2
24
6.4
12.3
6
6.3
6
17.3
36.1
6.5
6.7
15.6
35.9
6.3
45.9
6
24
6.1
17.5
9.9
6.1
6
8.6
6.5
10.7
6.6
6.8
6.3
13.3
6.6
7.9
6
6.1
6
6.5
16.4
15.9
15.3
7.3
6
31.6
9.4
18.4
11.9
14.9
77.6
18.7
13.7
9.1
78.7
9.5
47.4
9.9
8.7
6.2
20.1
6.1
35
57.8
6.7
38.1
7.9
24.8
24
6.7
68.9
6.3
15.1
9.8
6
42.5
7.1
9.3
87.5
6.1
20.4
71.7
6
6.2
8.8
6.5
6.8
6
6.8
9.3
6.6
6.2
6
35.7
28.2
6.2
6.2
6.4
6.1
6.5
6.2
34.5
6.1
11.3
6.3
14.2
6.1
13.8
13.2
6.2
12.4
19.8
6.2
11
7.3
6.2
10.2
6.5
6
21.4
6.1
6.7
6.6
7
14.6
111
11.6
46.2
8.2
39.6
14.6
21.4
6.7
6.6
6.7
31.9
7
26.5
6.7
6.8
6.2
6.3
6.7
6.1
6.5
54.7
6.3
6
15.1
7.1
32
6.2
22.1
6.1
78
6.5
8.1
6.4
6
55.1
20.8
32.7
16
26.7
26.8
14.8
6
6.1
28.8
6.5
32.4
6.6
34.8
6.2
23.5
11.5
14.2
34.6
15.3
24.9
12.6
24.3
6.4
15
69.7
6.5
72
6.2
12.4
6.4
8.7
44
6.4
17.6
6.8
6.6
9.1
13.9
6
6.1
6.2
41.7
42
17.6
11.5
6
20.5
6.4
9.1
16.2
12.3
9.1
18
7
18.8
22.1
11.5
30.9
6.3
6.4
6.1
9.6
6.2
70.9
6.1
6.3
6.1
22.6
15.8
6
9.1
80.6
6.4
14.4
7.1
6.3
8.3
6.3
38.6
30.8
6.3
6.4
6.6
7.9
7.1
36.9
12.9
6.9
34.9
22.1
34.3
6.5
6.1
7.1
12.3
9.6
6.5
30.3
6.5
66.3
32.4
6.7
31.3
8.2
6
9.7
14.5
6.1
74.4
44.2
7
15.2
62.8
9.1
11.2
6.7
6.6
7
57.1
6.7
6.7
7
6.5
29.8
6.2
6.3
6.8
44.3
6.5
44.6
11.4
6.6
6.3
9.8
8.4
6.4
6.3
100.6
6.1
16.6
6.5
6
6.1
17.1
11
79
6.5
6.7
10.3
6.7
6.7
6.3
6.5
47.2
14
6.3
6.9
33
24
6.2
27.8
6.5
6.5
9.5
6.4
61.1
12.5
29.8
25.7
13.5
41.8
21.3
6.1
33.6
21.5
39.2
6.1
6.5
9.3
24
6.7
17.6
35.3
6.4
6.6
6.7
52.7
11.6
6.3
6.3
7.4
10
16.7
7.3
9.8
21.1
6.3
6.7
6.6
6
6
6.2
6.9
12.5
6.9
6.5
12.1
6.5
7.7
20.4
6.2
28.4
10.9
7
23.1
9
9.9
108.6
6.1
15.3
6
12.6
58.6
37.1
11
6.3
8.3
6
80.7
7
6
10
6.5
10.2
6.1
10.7
42.2
29.6
13.8
6
6.1
82
34.1
12.6
6.6
6.2
6
6.1
33.2
6.1
21.3
6.4
6.5
41.1
42.9
8.3
6.9
38.3
9
6
6.3
6.2
45.5
6
6.3
6
6.4
36
39.1
103.9
6.2
15.6
6.3
6
6.3
6.4
6.2
15.1
6.3
6.2
10.9
6.2
6.2
36
6.1
53.2
6.2
6
6.8
6.6
29.1
6.4
6.2
17.3
42.3
6.2
13.2
77.7
37.2
6.6
15.7
7.6
8.2
73.4
15.9
7.8
6.5
6
6.6
7
6.1
6.9
43.1
6.3
115.2
9.3
56.6
25.9
47.6
9.1
13.1
54.9
9.9
6.7
6.2
7.1
16.9
6.4
6.8
6.1
6
6.5
6
21
6.2
9.9
95.8
8
27
7.6
16.2
11.7
19.8
36
65.4
8
7.5
6
6.2
32.5
107.4
51.9
23.5
6.6
26.3
14.2
16.5
8.5
14.8
6.1
6.4
54.9
19.3
17.8
6.3
66.6
12.3
37.5
6.1
6.2
13.2
12.7
6.1
22.9
24.5
6.2
17.5
78.2
25.8
29.3
31.3
69.1
6.8
6.6
11.8
39.8
6.8
44.2
67.7
11.6
39.9
8.9
6.5
32
15.5
6.9
6.7
6
7.4
6.2
7.1
6.9
20.9
21.2
18.4
75.8
6.6
30.9
78.9
42.9
6.6
6.4
12.9
21.4
95.5
52.2
8.2
11.6
38.4
6.3
6.8
11.9
24.3
20.8
75.2
7.2
10.7
6.6
14.2
7.2
36
10.4
43.8
7.5
7.6
12.7
29.4
6.5
6.4
7.4
7.7
7
6.3
6.4
6.1
6.8
34.4
31.3
6.6
11.9
6.9
7.3
7.9
8.2
11.7
65.3
7.2
20.4
7.6
6.1
7.7
13.3
8.9
6.3
54.2
12.3
25.6
51
6.3
10.4
6.2
56.3
10.7
66.3
6.2
94
85.6
7
107
105.8
6
6.4
6.2
6.1
12.8
16.4
21.9
6
8.8
6.9
27
31.3
6
6.7
18.8
6.3
30.5
9.3
6.2
6.3
6
12.5
19.2
44.1
20.9
6.1
6.2
7.7
6.5
6.1
28.4
11.9
13.9
22.3
7.8
6.8
6.6
12.8
11.5
6.9
6.1
38.6
6.2
6.2
25.2
13.5
6.3
6.2
6.1
36.9
17.5
11.9
6.4
6.1
10
6.1
22.2
46.8
27.1
6.1
8.2
6.1
6
6
6.1
29.6
7.4
15.4
93.3
12.1
8.6
27.7
6.9
6.4
14.1
6.1
10.5
26
6
12.9
51.5
30.5
89.9
8.6
6.2
10.5
6.2
52.9
7.9
6.2
6
21.1
6
6.5
6
6.3
6.7
6.2
6.6
6.7
16.5
18.2
8.2
6.5
6.3
41.3
6.3
6
27.9
87.2
23.6
6.3
6.4
6.5
6.2
6.1
18.7
14.7
6.2
6.1
24.9
13.1
7.3
9.8
35.6
6.1
45.9
6.4
13.2
13.3
6.1
29.8
9.9
6.1
6
32.1
7.7
6.6
85.5
10.7
6.4
6.9
10.4
6.9
87
11.8
12.3
34.7
19.6
10.3
8
7.9
63.7
6.7
6.4
26.1
6.6
6.1
21.3
6.2
6.2
6.4
91.4
18.9
6.1
6.5
6.1
11.2
16.9
32
20.6
6.6
8.7
6.2
29.8
22.5
67.1
6.6
6.7
32.3
31.2
18.9
35.7
8.3
83.2
23.3
6.3
9.9
29.2
64
7.3
8.4
6.2
6.8
7
6.6
6.1
6.7
6.6
6.8
9.4
8.8
6.7
6.9
11.1
6.7
6.4
6.1
6.8
6.1
58.3
6.2
6.3
8.1
6.1
13.9
6.1
6.2
27.2
9.4
18
8.5
14.9
6.3
6
6.7
6.2
21.5
31.8
35.6
10.3
6.6
6
8.3
6.4
89.6
6.1
6
6.1
6.1
6.3
6.3
44.9
6.2
6.1
13.6
6.2
6
35.8
16.3
11
6
6.3
53.2
7
16.6
6
7.4
40.6
6
18.4
7.3
58.9
18.6
12.2
6.5
36.5
6.8
6.2
6.6
6
6.3
6.3
56.3
6.5
12.4
12.9
9.1
6
59.1
6.4
6
6.5
6.4
12.3
59.6
6
115.2
6.4
6.4
6
9.3
18.5
31.4
20.7
6
48
6.1
6.1
6.1
6.4
31.8
6.4
13
7.3
42.9
12
6.9
11.9
6
15.7
12.2
6
6
20.4
10.9
6.1
6
9.1
6.3
19.1
40.2
6.1
94.6
9.7
6.4
10.2
29.1
30.5
21.9
15.1
6.6
6.4
6.3
6.3
75.5
37.5
6.2
7
8.9
7.9
8.4
6
12.9
6.7
8.5
6.1
11.4
7.8
9.2
8.7
15
6
26
24.4
12.3
6.4
11.8
8.7
12
6.6
6.1
50.4
12.4
6.2
13.4
6.3
24.2
8.9
6.3
6
6.5
67.3
25.5
73.2
15.9
84.5
6.8
7.9
6.2
6.3
50.1
63
40
6.1
17.1
6.5
6
6.1
6
27.6
6.8
8.9
6
6.3
111.7
6
6.1
6
6
6
19.1
6.1
13.3
15.6
67.1
6.2
6.5
6
6.2
6.5
21.1
34.9
6
17.6
6.1
43.4
25.5
8.6
67.5
13.8
10.1
6.5
6.6
21.6
20.5
25
6.6
44.8
8.6
10
39.6
6.7
6.3
7
6.1
6.1
10.8
41.8
6.1
6.6
6.2
13.4
31.7
6
13.4
25.9
6.1
6.2
10.4
6.1
12.2
6.6
10.7
32.1
13.6
6.7
15.1
11.5
6.5
7.4
8.4
7.4
49
12.6
15
7.4
6.6
6.3
6.5
7
18.9
6.2
6.6
6.1
6.8
6
49.8
6.1
6.5
40.5
8.5
7.3
7.4
62
6.7
97.1
7.4
63.3
6.1
6.3
69.5
16.8
6.2
7.1
21.4
7.3
6.4
7.2
7.2
11.8
30
14.9
6.3
6.2
6.1
6.2
9.4
55.3
6.7
6.4
8.8
50.5
11.1
6.9
10.4
6.1
14.3
6.4
52.5
6.2
24.5
11.4
6.2
15.9
43.8
26
63.3
74.3
6.2
8.8
6.6
6.2
7.5
78.4
18.3
6.1
6.2
26.4
14
11.8
21.3
6.6
11
7.1
6.4
8.8
6.4
57.9
55.1
8.7
6.6
6.6
8.2
6.1
6
7.4
6.3
17.8
8.7
7.4
8.1
6.3
6.1
68.9
7.7
6.4
8
6.6
43.5
51.7
15.5
9.5
60.1
6.1
6.3
6.2
47.7
6.1
6.2
6.4
9.6
6
44.8
6
25
6.1
6.3
6
6
6.4
6.2
6
6.2
6.2
22.8
6.7
12.8
6.2
6.5
6.2
14.8
6.2
6.8
6.4
30.8
6.3
6.2
44
6
6.5
6.5
48
17.3
6.3
11.5
6.8
6.2
6.1
13.2
24.4
27.2
6.2
7.4
6
8.6
19.3
7.1
6.2
15
7.1
6.6
14.3
39
54.4
23.9
42.4
64.3
6.1
7
30.1
29.2
6.1
10.4
6
6.1
6.1
6.7
6.1
6.1
8
8.4
6.2
6.3
7.8
6.1
6.3
6.3
10.2
6.6
7.2
20.6
25.3
14
6.1
6.2
6.4
6.5
10.9
6.2
36.3
17
7.7
6.5
8.3
6.9
6.5
15.6
6.3
13.4
6.5
33.4
54.8
6.2
6.2
6
6.1
9.7
6.1
6.2
6
15.9
6
17.9
7.3
19.4
10.8
6.1
103.1
7.3
8.3
80.7
6.3
6.1
13.3
6.4
19
20.1
10.2
6.2
13.6
6.2
6
6.1
9.1
6.2
7
6.5
30
8.2
6.1
6.1
52.9
11.2
6.1
37.5
7.9
7
6.3
10.2
43.6
55.5
6.2
6.7
8.5
6.4
6.4
6.7
8.8
50.7
16.3
22.7
8.5
6.6
11.3
103
9.6
6.3
27.7
15.5
8
55
10.9
25.7
7
14.6
6.4
8.7
10.4
7.1
6.2
6.9
13.3
11.4
21.6
6.7
31.3
7.8
6.1
6.8
6.2
6.4
65.7
42.1
6.1
6.9
6.5
6.6
6.4
23.6
50.4
6.1
30
56.5
10.2
9.8
8.6
14.2
6
6.9
12.3
6.2
6.7
14.4
17.2
6.3
18.6
15.4
6
6.1
23.8
6.6
14.4
8.4
8.6
6.5
11.5
7.1
11.3
28
6.1
6.7
7.7
34.5
8.5
15.1
6.5
6
25
25.8
36.4
73.2
6.1
15.4
7.7
16
21.7
7
6
6.1
6.2
6.1
12.2
6.6
6.2
6
10.9
6.3
6.4
14.8
6.3
6.1
13.7
13.8
6.4
14.4
27
11.3
6.1
13.6
6
8.9
15.4
23.5
6.6
6.4
6.1
6.5
12
34.2
26.8
6.1
6
31.3
6.8
6.6
11.2
21.5
6.3
52.3
6.4
39.2
6.4
6
7.6
6.1
6.3
6.5
6.4
6.8
6.6
6.3
6.4
6.6
18.2
7
7
51.7
6.2
33.2
20.5
6.1
13.1
49.5
6.2
6.6
6.6
45.5
14.9
9.6
26.9
13.1
27
10.7
7.3
7.3
22.8
6.2
6.2
10.7
6.5
6.3
6
6.7
6
7.8
33.4
11.4
6.9
22.6
9.3
23.5
6.1
105.8
6
15.5
46.1
16.8
7.2
8
6.8
6.6
6.2
6.4
6.3
6.3
15.4
6.4
6.6
8
6
6.3
7.8
6.7
7.7
28.5
10.2
6.7
7
46.3
29.1
6.8
9.7
6.3
6.3
6.6
6.4
21
9.5
6.2
6.5
27
6.5
6.6
6.9
6
40
6.1
14.2
12.8
37.8
6.3
12.8
6.5
6.4
6
6
9.5
17.1
6.8
89.4
6
6
11.3
17.3
7.4
10.6
6.3
6.9
9.3
6
6
64.2
25.1
8
6.7
21.7
6.5
50.7
30.6
6.5
6.9
10.9
7.6
6.5
12.3
6.5
6.1
11.9
6.2
12.5
6.2
6.1
13.1
6.2
6.2
95.8
46.3
65.8
6.2
9.5
6.2
26.5
21.4
17.2
25.2
20.8
11.8
86.2
6.1
7.5
6.9
7.1
24
11.4
9.6
7.2
6.2
12.1
7.5
22.1
11.4
6.2
7.5
36.9
8.4
18
15.6
6.5
6.2
7.3
8
6.2
8.8
6.1
6.1
6.4
17.9
6.9
6.2
6.2
6.4
56.7
13.8
6.3
6
6
6.3
6.1
6.8
6.2
6.3
21.8
7.2
6.8
6.4
6.6
53.5
15.2
6.5
6.6
7.2
41.2
6.5
50.5
19.3
7.2
77.6
31
6.7
47.4
9.2
6
11.6
11.2
6.3
7.3
8
6.3
7.3
8.3
9.1
28.9
13.1
21.4
95
16.7
6.7
11.9
41
38.1
46.5
7.9
7.5
7
7.8
7.5
9.2
63.6
6.1
6
6
6.2
6
6.2
21.5
6
6.3
8.8
6.4
49.8
14
19.3
6.2
9.3
51.6
6.2
6.3
61.8
6.4
55.4
10.9
6.7
6.3
6.6
6.2
6.5
6.8
6.5
8.4
12
6.7
30.9
80.3
6.2
24
6.5
7.8
6.1
59.3
6.9
6.1
28.3
54.4
41.5
6.8
6.1
6.2
11.9
17.1
27.5
8.6
10.9
6.1
50.6
6.3
21.1
10.9
63.2
25.9
59.9
24.3
10.2
6.7
6.7
38.1
6.7
24.3
6.9
24.3
6.1
12.7
23.8
6.7
7.3
6.7
67.9
6.1
23.9
6.6
33.9
10.7
6.1
21.2
8.5
7.1
7.4
20.4
6.1
6.1
17.8
6
6.7
19.9
6.5
6.2
6.4
11
6
41.9
94.8
6.8
6.1
104.9
10.7
13.9
23.7
61.2
6.7
38.6
10.3
6.8
6.2
6.2
41.2
81.8
8.1
9.9
16.9
11.5
6.3
10.7
31.4
9.1
34.1
6.3
65.6
33.9
6.1
6.7
12.5
6.6
17.3
6
21
6.6
7.3
9.8
7.5
6.1
6.7
42.5
6.1
8.9
7.3
6.1
7.2
10.7
26.3
59.7
34.7
7
6.2
9
37.4
6.2
24.6
7.6
6.1
20.8
12.7
17.6
6.4
6
11.2
56.3
8.6
6
12.1
10.9
7.7
6.3
6.1
21.4
6
42
77.4
57.6
6.1
9.6
6.3
6.1
8.5
36.2
23.8
7.1
7.3
67.8
6.4
7
6.5
106.8
7.5
52.3
48.8
40.6
6.5
32.1
6.3
9.9
30.4
16
8.1
6.4
6.2
6.3
10.5
6.5
6.2
7.1
14.1
8
8.1
7.4
19.5
6.3
12.7
6.2
22.1
6.4
6.5
6.3
31.3
6.1
51.8
6.7
6.4
6
9.3
6.1
6.1
37.1
6.4
17.8
6
54.7
6.1
23.9
6
6.3
6.1
11.7
34.3
10.6
51.1
6.2
11.3
6.5
7.8
6.2
6
6.2
106.5
31.6
9.8
48.5
7.4
6.1
21
6
6.8
23.7
8.7
6.2
6.1
29
6.1
6.2
6.2
6.3
6.4
6.3
6.6
15.2
34.7
8.1
6.5
6.4
33.5
6.2
6
18
10.2
6
6.1
6.5
52.3
6.2
6.3
6.4
6.2
15.8
6.4
6.1
10.2
6
21.3
6.2
11
44.3
6.3
6.2
6.8
8.2
6
6
6.2
53.5
19.7
6.6
6.3
6.2
6.3
29
6.3
6.3
10
9
7.3
7.6
6
7.4
7.5
6.7
9.7
6.3
6.2
6
8
7.9
17.6
25.7
6.1
6.2
6.2
6.1
7.2
9.7
42.8
6.4
6.3
6
6.3
6.2
6.5
75.3
6.3
9.2
6
61.8
10.8
13.6
6.3
7.7
11.8
33.5
11.7
8.4
18.8
12.2
13.2
7.6
7.1
6
21
7.1
6.6
84.7
6.6
7.3
48.1
18.8
6.2
20.7
13.7
6.3
6.4
6.8
6.1
46.5
6
6.3
9.2
25.1
48.3
6.6
54.4
91
17.3
6.4
6.6
22
6.1
7.4
7.9
6.6
16.7
7.1
7.8
51.8
6
6
10
6.1
6.2
15.3
6.2
6
6.3
27.5
6.2
82.1
128
6.1
66.3
6.3
29.3
9.5
6.9
6.1
10
6.1
16.1
6
27.5
6.1
39.1
102.2
6.1
6.6
6.6
6.3
6.1
7.3
17.1
6.1
10.1
6
16.9
6.3
72.8
27
6.4
6.8
46.4
26
7.4
20.1
6.4
19.6
6.3
6.3
6.3
7.2
13
14.4
55
13.3
7
6.6
6.3
47.3
6.6
6.6
6.8
6.4
7.3
10.3
6.3
6.2
14.5
6.6
6.6
8.1
6.4
6.2
6.1
6.3
8.4
11.6
9.7
6.5
6
6.3
6
6.3
7.5
6.8
6.9
16
6.9
6.8
11.8
11.4
6.1
6.2
48.8
6.6
6.3
114.4
6.2
6.5
7.1
10
7.1
6.8
6.6
6.5
9.6
22.3
21.6
28.2
15.5
6.6
6.3
7
6.5
13.2
6.1
6.4
15.4
6
6
6.2
80.6
6.4
6.3
6
12.7
8.3
6.2
6
15.5
6.4
6.1
6.1
6
6
6.7
6.5
9.4
20.8
6.1
6.4
48.7
6.3
6
6
6.2
6.1
37
7.7
6
6
8.6
6
6
6.4
6.4
7.8
6.3
6.2
47
50.2
6.7
6.8
6.2
6.1
7.7
10.1
6.2
11.6
85.3
6
6.2
6.2
6.4
30.1
7.1
19.5
23.1
6.6
98.1
102.4
6.1
22.1
10.5
6.7
6
6.6
20.2
6
11.2
6.2
21.9
6.5
12.2
11
33.3
9
6
6.1
6.1
14
21.2
6.6
32.6
6
6.1
148.2
15.1
6.1
6.8
6.3
6.1
6
6.2
6.7
6.3
16.3
6.1
6.3
12.9
13.3
6.1
6.3
6
6.1
6.3
6.2
12.7
9.1
6
7
7
7.2
6.4
6.4
52.8
89.5
7.2
7.1
14.8
12.7
12.5
6.4
32.1
6.6
29.3
18.4
45.3
6.9
8.5
7
6.8
6.5
23
29
8.5
37.7
6.8
13.2
6.2
12.8
6.4
16.5
6
31.3
6.7
10.2
20.5
6.4
13.6
6.4
6.5
14.4
12.9
6.2
8.5
6.2
7.3
6.3
6.9
7
6.4
42.8
30
6.1
6.1
11.8
26.8
6.2
6
6.8
6
6.1
6.1
60.3
6
6
6.2
51.1
14.6
6.4
7.2
114.8
6.3
6.1
92.1
6.9
7.2
7.4
6.3
7.4
6.2
6.8
14.2
6.1
8.7
6
47.7
10.2
6.8
6.1
6.4
6.3
37.9
7.6
19
6.9
10.1
66.7
18.6
16.7
8.9
23.2
6.1
6.3
25.8
7.4
16.1
16.9
23
9.7
6.2
6.4
8.8
6.1
6.4
22.6
6.1
6
11
8.6
6.1
13.3
7.1
6
6.3
24.9
6.4
8
6.1
26.6
25.2
6.1
12
6.3
6.4
6.8
11.3
22.6
20.8
6
20.9
14.5
6.3
6.3
6.4
6.5
30.2
32.3
9.5
6.2
6
6.3
6.5
6.7
6
6.1
6.5
6.1
15.7
7
50
66.5
7.1
6.3
24.9
6.3
58.1
6.8
12.7
108.7
30.8
9.5
6.5
6
6.6
6.7
48.4
6.7
18.3
42.4
29.5
17.5
6.6
6.5
15.4
8.7
14.8
7.7
6.3
19.7
7.4
18.7
10.4
6.1
6.7
6.1
6
6.2
11
6.2
6.2
6
29.7
6.3
6.4
21.4
7.1
31.8
20
6.5
6.6
61.9
6
8.9
6.1
6.5
47.1
75.5
34.7
12.7
6.1
27.7
6.2
23.4
6.8
6.2
6.6
59
6.5
44.8
11.1
7.7
6.2
6.3
6.1
6.9
21.4
6.4
16.3
10.8
6.2
12.8
6.4
7.3
9.2
6.6
15.2
6.8
6.2
16.3
6.3
6
6.9
13
22.1
20.8
7.3
6.7
6.8
27.6
6.4
6
7
7.5
12.7
15
117.2
43.1
12.2
7.4
8.3
90.7
46.9
9.3
6.1
7
6.5
29.2
6
155.3
6.2
37.9
8.4
32.5
6.2
6
6.1
9.4
38.4
6.3
6.9
6.9
38.7
28.1
113.6
6.2
18.4
6.4
6.1
7.8
8.2
21.3
9.8
6.3
6.8
6.8
16.6
6.2
18.1
19.6
6.1
14.5
6.3
45.9
6.4
13
34.3
6.4
6.6
10.5
11.8
11
27.7
42
77.7
15.5
24.6
7.8
6
6.6
6.3
51
6.1
17.5
6.2
6.6
6.5
6.3
6
6.7
14.7
6.5
6.9
10.9
13.8
6
6.2
9.3
6.2
6.2
7.2
6.6
56.5
16.9
7
7.4
8.9
43.9
6.2
6.2
6.3
11.7
7.6
6
6
6.3
8.6
8.3
6.3
6
6.8
7.7
31.8
6.7
6.6
7.1
6.1
11.8
6.3
6.1
8.1
7.4
6.1
7.3
6.3
11.9
15.9
19.6
6.6
45.1
6.1
34.4
6.4
6.6
6.2
6.9
8.8
25.9
6
6.8
7.1
6.7
6.1
6.4
6.6
6.9
22.2
49.7
6.8
6.6
6.8
6.6
39.2
24.2
6.7
6.9
11.4
46.1
6.5
6.1
76.3
17.2
16.7
6
29.9
6.3
45.9
6.7
23.6
6.7
6.9
6.9
81.5
6.1
6.9
10.6
6.5
6.2
85.3
6.4
11.4
6.7
21.5
6.1
15.6
9.3
60.9
6.4
22.2
6.1
7.3
126.9
7
6.1
44
6.2
6.7
11.1
6.4
57.3
9.4
85.5
29
6.5
16.9
6.6
11.3
6.9
6
12
6.5
16
6
7.5
90.9
6
8.3
9.1
6.5
42.1
13
7
18.5
6.3
6.5
31.5
69.3
27.3
10.1
49.8
6.7
6
6.4
19.6
6
6.6
6.6
17.4
6.4
6.1
6.5
12.3
6.2
6.4
19.1
66.1
6.7
6.7
13.6
6.3
6.4
6.3
12.1
6.6
6.8
7.1
14.5
6.3
6.5
14.6
12.4
13.5
27.7
6.9
6.1
8.2
6.3
41.6
6.2
6.4
6.7
6.5
6.2
10.1
6
29.5
6.6
16.5
6.6
41.8
6.4
41.4
64.4
6.1
6
6.2
45.2
6.9
6.6
6.2
15.5
14.4
6.8
6.2
6.1
45
7.1
6.1
16.7
20.5
6.3
36.3
6
6.9
6.2
6.2
6.5
6.7
22.1
9.5
6.6
6.1
6.2
6.4
19
7.9
6.7
12.3
17.4
10.4
6
19.9
6.1
7.4
6.3
19
6.2
6.3
6.3
6.6
7.5
7
6.8
6.9
6.8
6.2
30.9
6.3
88.1
64.3
6
6.3
6.2
39.8
42.1
41.7
7
22.3
6
6.1
6.4
6
6
6
6
6.7
6.1
29.7
6.7
6.9
6.2
27.7
46.6
6.6
6.5
6.1
20.2
6.1
30.9
6.2
6.2
6.1
7.6
6.2
20
60.2
23.5
19.1
60.6
24.5
23.2
17.9
6.1
6.3
21.4
6
7.2
19.6
26.8
6.3
23
6
28.4
6.4
7.8
7
6.1
6.5
6.5
49.5
9.2
8.1
6.2
6.7
7
6.1
6.2
6.3
9.8
12.2
32.2
61.6
7.1
6.4
6.9
12.1
23.6
8.4
6.3
6
11.3
51.2
6.2
6.1
6.4
22.9
6.6
56.4
6
56.8
6
6.1
6.1
14.2
6.1
51.8
6.1
6
14.1
10.5
6.5
6
35
6.4
6.3
20.7
7.6
25.7
6.4
8
14.9
33.8
6
6.3
6.2
13.6
7.4
21
6.2
6
6.4
6.7
6.2
6.7
6.4
6.3
6.1
8.8
29.6
21.9
6.3
6.4
6.5
7
8.1
6
46.1
6.4
6.3
6.4
6.2
6.6
17.9
71.3
6
9.1
6.1
31.5
6.7
7.6
8.2
6.6
6.2
6.1
7.8
6
22
6.5
6.1
16.6
31.1
26.3
11.7
12.9
24.5
6.5
6.3
6.8
29.1
6.2
23.3
33.4
9.3
6.3
15.4
6.3
6.3
6.2
7.5
7
10.3
31.6
8.7
6.6
6
6
6.6
6.1
6.4
6.6
6.6
6.2
10.2
6
6
6
72
6
6.1
9.8
6
6.1
6.2
6.2
6.1
7.3
6.9
6.1
7.5
6.6
6
7.1
7.1
6.5
6.7
6.1
6.2
21
6.1
6.3
55.8
6.3
6.1
6.3
6.2
9.3
6.1
8.5
59.4
10.4
8.4
8.5
6.1
13.9
6
6.1
6.3
12
6.4
6.3
6
100.5
6.2
14.8
9.8
6.5
6
27.5
8
37.2
32.1
6
7.1
6
6.5
6.2
6.2
6.3
57.7
17
6.2
6.2
31.9
6.3
6
6.2
20.4
6
23.5
6
26.9
29
6
18.9
6.1
6.2
6.1
6
6
6.4
16.3
6.8
6.4
13.4
6.1
7.1
6.1
6
19.1
8.6
6.5
47.2
6.1
6.5
7.1
18
53.3
6
6.6
6.4
6.1
6.1
6.6
6.5
6.5
6.7
6.4
6.3
7.3
48.2
7
6.5
6.2
6.1
6.4
16.4
23.8
6.3
6.8
6.5
6.9
19
6.6
6.1
6.4
61.4
7
15.4
6.4
8
6.8
6.4
6.2
30.6
6.7
6
6.2
34
6.7
6.8
6.4
6.1
6.1
6.3
6.1
9.8
6.8
6.5
6.7
6.9
16.6
6.7
6.1
7
34.8
6.6
6.3
13.7
7
20
6.4
6.7
6
6.4
6.2
6.1
12.6
6.2
6.2
6.3
6.1
71.6
15.6
7.9
6.1
20.1
6.1
6.5
20.6
6.5
6.5
6.3
6.4
6.3
6
47.9
6.9
78
6.8
79.5
6.3
30.8
6.8
6
6.4
6.1
6.2
27.4
25.3
10
6.5
6.5
11.8
43
14.1
15.5
20.3
6.3
14.3
6.2
6.5
43.3
6.2
6.8
30.2
6.5
8.1
42.5
16.8
6.1
6.5
6.3
6
6
6.1
75.6
6.1
6
6.2
6
6.4
6
11.2
6.6
6.1
6.7
6.1
38.2
62.2
6.2
14.5
6.1
6.8
6.6
11.3
9.5
6
6.1
6.3
10.2
6.7
6.5
6.2
6.8
6.3
6.3
6
15.4
5.2
87.9
5.2
5.1
6.1
5.2
5
37.3
9.2
5.1
5.5
5.1
5.6
5
5
5.1
5.4
12.3
5
7.7
5.4
5
9
5
7.1
13.3
5
5.7
5.5
12.8
5
5.1
5.2
55.4
8.9
5.4
11.2
5.5
5.1
5.2
5
5.1
12.8
5
5.1
5
5
8.1
5
5.4
15.2
5.2
22.3
5
5.2
5.1
5
5.1
5
5.1
5.1
5.2
27.4
43.8
5
10
5
5
5.2
10.4
5
11.2
13.1
31.4
5.3
23.9
5.4
5.4
5
17.8
5
10.3
5.5
5.8
5
21.8
17.1
5.1
5.4
5
5
25.7
5.2
6.9
10.2
69.3
29
5.2
31.3
22.2
5
24.9
24.9
5.2
9.4
38.8
19.5
5
5
6.5
19
5.2
7
5.1
5.4
5.2
5.1
10.1
5.6
5.8
5.2
5.5
9.3
49.8
5.1
5.1
5.2
5
5.2
5.2
5.1
5
5
5.1
5
5.3
7.3
10
5.6
25.5
6.6
13.2
6.3
6.7
13.9
5
5
5.1
5
5
5.3
5.1
5.1
5
5.1
5
5.5
5
5.4
5.9
5.1
7.6
5
8.4
5.4
14.7
5.6
10.5
9.8
5
41.7
5
5
5
9
5
5.1
5
50.2
5
5.2
5.1
5.1
5.1
5.3
5.6
32.3
12.1
5.4
30.9
5.5
5.8
5.1
6.3
5.5
5.2
6.7
5
5
41.4
5.5
5.4
33
6.7
5
5.2
7.5
11.5
5.1
5.4
51.7
5.3
5.2
5.1
5.2
13.7
20.9
5
50.5
5.2
5
5.5
5
5.1
5.5
5
7
5.3
5.2
34.6
25.9
5.4
20.1
5
5.3
5
5.4
6.2
25.1
5.3
5.4
5.3
5
67.9
5.7
31.9
5.2
13.2
41.9
15.7
5
5.1
19.6
5.5
5.4
15.9
7.2
5.4
13.9
8
5.1
6
15.5
5.3
5
5.1
5.4
25.8
34.6
5.7
5
5.1
5.3
19.7
8.1
8.4
6.4
5.2
5.3
7.5
6
5.3
5.4
14.6
5.5
11
5.5
5
5.3
64.3
16.3
5.3
5.2
5.5
47.9
5
13
22.9
5
32
5.4
25
18.9
30.5
5.3
45.8
5.1
55.9
5
27.2
7.9
5.1
11.1
26.6
5
29.1
71.6
11.4
5.1
20.1
19.3
5
5.9
5.3
5.5
5
5.1
54.1
5.1
5
5
20.8
5.2
5.2
5
33.2
5
40.4
5.2
54.8
73.9
6.1
5
34
5
5
18.4
5
5.2
5.3
15.1
5
5
15.6
5.1
5.1
5.1
16.9
5.1
26.9
19.6
5
5.4
5.2
15.7
5.1
38.9
5
5.2
45.7
11.2
5.2
43.4
9.2
5.4
106.8
14.2
5.3
5.2
5.3
5.4
41.6
10
5.4
13.9
12.8
29.6
5
5.2
5
59.5
5.2
5.3
25.9
5
45.2
5
27.9
15.1
19
28
11.5
5.1
5.5
5
5
5.1
55
5
5
5.2
5
5.3
5.3
31.6
9.9
5.5
5.8
18.3
5.2
5.2
6.1
7.8
5.1
5.1
30.2
14.3
5
5.1
21.5
5
69.3
5
5
26.1
5.3
5.7
70.5
5.4
5
5
8.6
20.3
63.8
5.1
5.1
5.6
35.8
5.2
10.6
5.6
5
5.1
5.1
21
5.3
17.6
19
5.4
46.4
5.3
18.7
46.2
5
5.3
44
5.8
5.1
17.9
9.2
5.4
6
5.3
5.6
5.2
34.3
14.4
5
5
41.4
57.2
5.2
22.9
5.2
5.2
5.4
15.7
5.2
5.4
29.1
5
103.9
8.8
10
5
5.4
37.7
19.2
5.3
5.1
21.6
42.7
5
5.3
5.2
11.7
5
5.1
19.2
5.1
5.3
8.7
5
7.3
5.1
23.2
38.1
5.9
5.6
10
5.6
49.6
22
5.3
5.3
5.2
5.2
6.1
7.2
5
6.7
5.8
5.5
42.8
6
85.4
5.3
5.1
5.2
5.1
8.1
5.2
5.1
5.2
5
5.1
25.9
5.2
5.7
5.5
5
5.1
5
5.6
5.6
5.3
5.5
5
5.1
30.3
5.4
5.3
5.2
5
5
5
5.1
5.2
5.2
23.3
5.2
5.1
5
6.2
5.2
5.3
6.5
5.4
10.8
5.3
13.4
5
5.2
5.2
23.9
5.1
12.3
5
5
5.5
5.2
5.2
42.2
5.5
14.3
5.6
41
5.2
5
12.6
5.4
8.2
8.8
5
8.3
5
5
28.5
11.3
8.9
12.5
7.4
10.2
5.1
5.3
13.6
37.5
5.4
5
5.2
5.4
5.7
6.9
5.2
6.6
5
5.5
5.6
5.2
5
5.1
5.2
5.3
27.6
5.1
5
105.6
5
25.4
19.5
6.2
22.6
6.7
5.2
5.2
10.3
5.1
5.4
5.1
73.5
56.2
5.1
5.1
33.3
5
5.5
5
5
5.1
5
5
5.3
5
5.1
8.3
10.9
8.4
5
5.2
5.8
5.1
30.3
5.1
26.4
25.8
59.1
5.1
28.1
12.3
35.5
8.8
5
5
5
5.1
5.2
5
5.3
15.1
23
31.4
28.6
5
5.2
5.1
17.7
5
5.1
5.2
29.8
5.1
5.4
5
5.3
48.1
5
11.8
5
5
5.3
5
5.2
5
5.1
5.1
13.3
28.2
5
8.5
5.5
26.1
5.1
15.2
5.7
6.1
5.1
5.6
5
5.2
5.4
5.1
17.2
24.3
5.1
8.4
43.1
5.3
5.2
35.5
6.1
6.1
9.3
21.5
9.6
9.2
25.4
5.7
14.8
5.4
18.6
5.1
5.6
5.1
5.7
39.4
6.7
5.3
5.5
5.5
5
5
22.1
5.1
8.2
7.2
96.3
15.1
6.2
8.6
5.1
6.5
19.8
5.6
5
6.2
5.1
37.2
5
28.9
5.1
6.5
5.5
5.2
5.9
5.3
5.1
5.4
15.5
5
5.2
5.3
40.9
5.2
5.2
26.7
5.3
29.9
35.8
5.3
6.5
6.6
23.9
5.6
5
5
5
5.2
11.7
32.8
5.2
53.2
5.2
5
6.2
5.4
8.9
5
5.5
5.7
5
5.8
5.6
5.3
5.2
5.2
5.2
5.4
5.3
60.7
5.8
7.6
5
26.2
5
6.2
5
101.7
5.1
5.2
5.2
24.1
5.6
11.2
18.7
5.5
5.4
5.3
61.1
5
23.7
5.1
5
73.3
5.2
5.1
34.8
5.2
5.5
5.3
5.1
124.2
5.1
5
5.2
5.3
8.8
6.2
29.5
5.4
39.3
5.8
5.1
5
5
5.3
5.3
26.2
5.3
5.2
5
5
23.7
5.3
5
5.9
5.7
13.2
5
7.6
5.5
5
5.1
5.3
5.2
15.1
6.3
5
27.6
5.7
5.9
5.1
34.9
9.3
5
5
5.5
7
5.1
5.7
9.5
40.8
5.1
22.8
7.7
10.3
5.4
5
5
5
75.8
52
42.2
36.8
5.4
5.1
5.1
29.6
34.7
5.1
5.2
16.5
18.1
17.2
65.4
5.5
47.5
10.7
6.2
5.1
5.1
5.7
64.6
5
24.4
6.5
5.4
6
14.7
8.9
5
5.4
5.7
5.4
5.4
5.3
5.3
42.6
15.6
5.5
49.5
5.5
78.5
5
20.2
5.4
12.3
13.4
36.6
5.3
5.2
5.1
58.5
37.3
5.1
40.3
78
5
6.3
5.2
5.2
5.1
47.1
5.2
5.2
5
14
5
5
11.8
6.6
5.6
5
5.1
5
5.6
5.5
25.5
5.9
6.8
5.8
35.6
5.2
5.3
5.5
5
5.8
5.3
9.8
5
5.3
5.1
5.3
23.4
5.3
5.6
33.5
5.2
5
13
5
5
5.1
9.2
5.1
73.9
5.3
5
9.4
5
10.7
6.9
17.2
7.3
5.2
5
5.2
5.3
5.2
5.3
5.8
14.8
5
6.3
5.1
5.1
5.5
11.1
5
5.2
20
5.5
7
16.8
5.1
5
26.6
25
5
11.9
9.6
5.9
5.5
5.2
5.1
6
5
5.6
25.9
5.7
5.1
23
5
114.2
6
5.1
5.1
32.6
5.6
17.6
5.1
40.6
35.5
5.1
5
5.1
7.8
5.4
5.6
5
64.5
5.1
12.4
5
5.1
5.2
5.1
5
36.3
19.3
7.5
26.2
5
51.8
9.9
5.2
14.2
5
8.8
5
28.4
5
5.6
5.3
10.1
5.4
52
5.1
16.8
6.1
5.2
5
33.2
5.1
5
5.5
86.1
36.5
5.6
5
7.2
5.2
5.4
5.1
7.1
5
5
9.6
18.5
57.6
5.1
5.2
5.9
5
5
5.1
16.5
7.8
5.2
5.3
5.4
5.3
30
5.6
5.3
5.3
5.4
6.2
6.3
21.7
5
5.1
5
23.4
5
5.5
156.7
5.7
15.5
5.2
16.3
5
5.5
18.3
5.6
38.8
25.2
8.4
5.1
28.6
5
5
54.3
11.8
16.2
5.3
5.1
5
5.2
5.1
5
39.7
5.7
28.4
25.9
5.5
5.1
12.8
5.1
5.2
5.6
34.3
7.6
5.1
5
5
5.1
5
5
6.6
5.3
5
5.2
5.4
5
5.4
10.3
5.2
5
5
8.7
5
5.5
5
6.4
10.2
10.3
5.2
18.9
5.9
6
6
5.6
5
6.4
53.3
5
5.3
5.5
12.2
47.3
17.7
5
5.1
5
5.3
5.1
5
5.2
5.3
12.1
5
5.2
23.8
68.3
5.1
119.9
5
93.3
5.1
8
5.1
5
5.1
5
5
5
5.1
17.3
7.9
67.5
5.5
22.5
8
5
16.7
5
5.2
5.8
6.4
114.4
5.5
5.4
5.1
5.3
12.4
9.4
5.2
5
5.1
5.3
29.2
5.3
5.2
5.1
5.7
5
5
5
17.4
5
89.8
10.8
5
6
61.2
5.2
5.1
5
11.5
5
5.1
5
11
38.7
5.4
5
5.5
5
5
5
13.5
5.3
46
5.2
5
28.1
5.2
5.5
5.2
5.1
5.3
48.7
5
5
5.1
44.3
47.1
5
5
5.4
6.1
5
5.1
5.1
5
69.5
13.7
7.2
6.2
5.4
9.5
5.1
12.6
5.1
5
6.2
16.9
10.8
5.1
5
64.6
9.5
9.9
5.7
38
14.9
17.4
5.2
5.2
5
30.8
5.5
5.2
5
31
5.1
12.6
6.7
5
5.5
43.1
5.2
5
5
5
26
23.6
5
5.2
7.3
8.5
8.8
11.6
14.1
119.2
5.3
7.5
5.1
5.3
12.3
5
5
5.2
5.2
5
16.1
6.3
5
5
5
5.6
19.4
14.5
27.7
5.1
5.3
5.3
5.1
5.2
5.1
18.2
48.2
5.3
5.2
5.3
5.3
5.1
5
5.7
5
5.1
5.3
42.8
5
5
5.4
5.1
5
5.1
5
5.1
6.9
20.3
9.6
30
38
19.9
30
15.8
8.3
24.6
52.9
5
27.2
5
7.1
5.9
5
5.1
54.4
52.7
5
5.2
5.1
12.3
26
5
13.8
5.1
5.2
5.3
5
5.7
5.2
7.4
5.1
5.1
5.1
5
5
5.2
5.7
6.7
70.2
5.1
28.3
17.2
5.1
9.7
38.8
5.2
5.2
5
5
35.4
5.2
5
5.1
15.9
12.2
66.7
23.4
6.4
61.1
40.2
5.2
5.1
58.2
5.2
5
5.1
5.1
31
7
5.1
5
5.1
5.1
5
5.1
43.5
49.9
5.5
5.1
5.5
5
5.2
5.1
41.5
23.1
5.2
5.1
32
19.6
14.2
12
5.2
5
5.1
5.3
5.5
5.4
5.1
5
5.4
5.5
5.5
5.1
21.5
14
5.2
7.3
5.1
5.7
5.2
5.3
13.2
17.3
5.1
6.2
6.3
5.1
5.6
5.1
87.2
8.5
5.1
5.2
5.9
25.4
50
5.5
40.4
5.2
56.1
18.5
5.5
23.9
5.3
5.2
5.1
6.5
5.3
5.3
12.6
5.2
5.1
5.3
5.1
5
5.3
5
23.3
56.2
5.4
59.8
5.4
5.1
24
5
5
61
5.2
15.9
5.2
5
5
5.2
5
8.7
5.7
5.1
5.3
7.7
5.2
5.1
5.4
5
5.5
5.3
20.1
5
5.1
5.4
5.9
5
5.5
6.2
21.6
5.2
19.4
5
5
5.8
5.3
5.1
5
5.3
5.2
5.1
5.1
5.2
5.1
5.1
5.3
17
5.1
5
5.4
17.6
7.4
7.4
5
5.2
15.4
5.1
8.9
5
95
5.5
5.2
7.2
7.5
5
6
52.2
5.9
79.9
115.4
5.2
44
5
5
5.1
32.4
31.6
5.6
5.3
5.2
5.1
5.1
5.1
5.3
5.3
8.9
5
5.2
5
5
5
131.6
34.6
17.1
71.5
7.6
5.5
20.8
5.6
5.3
5
15.8
9.6
5
13.7
5
24.4
12.6
5.2
5.1
17.4
5.1
5.3
5.6
5.2
5
5.1
5
5
5.1
5.4
30.8
7
5
5.2
22.8
5
37.9
9.3
5
10
91.8
5.7
24.8
5.2
24.6
21.9
5.9
19.2
13.4
5.7
5.2
5.1
31.2
14.2
5.4
10.1
5.3
18.8
5.3
6
63.3
7
5.2
5
7.5
21.6
7.3
45.6
5
5.7
5.3
5
5.4
5.3
5.6
77.3
5.2
5
5.3
5.1
17
5.8
25.8
48.8
18.3
5.6
5.3
62.4
5.6
5
5.4
5.1
70.4
24
5.3
5.3
11.7
5.5
5.6
5.2
51.1
10.2
6.9
10.3
5.2
5.1
5.3
5
18.9
44.3
5
19.6
7.6
5.1
5.5
5.2
5.1
10.1
5.2
5
5
5
28.9
5.1
5.1
5
5
5.3
5
5
32.7
5.2
5
26.5
97.8
11.4
65.6
5.9
41.7
5.7
5.1
14.3
31.6
5.2
5.1
37.6
5
5
36
5
5
5
5.6
23.9
17.5
5.2
20.1
5.1
5.4
57
5
20.4
5.1
5.2
5
22.4
5.1
8.8
78.8
5.4
5.2
5
5.6
7.4
5.5
5.6
30.9
5.2
6
32.2
5.2
13
5.4
18.2
5
6.1
5.8
13.9
16.4
6.1
5.1
17.8
17
68
6.2
5
5.1
5
5.2
5
8.9
5.5
6
35.3
24
5
6.7
5
27.4
24
5.8
5.2
5.5
34.1
17.7
44.3
5.1
68.8
5.4
5.3
5
5.3
5.2
5
5.2
6.1
18.7
22.2
37.7
5
5.6
5.5
5.3
15
39.1
7.3
5.1
46.8
5
22.9
41.5
5
5.2
5.2
8.2
5
5
54.4
36.1
5
5.1
5
5.1
38.1
5
35.1
5
18.6
50.5
5.4
5.1
5.3
6.4
8.8
5.1
5.3
5.2
5.5
5.6
11
5.8
5.2
8.2
5.7
6.4
5.2
33.1
13.2
5.2
5.1
6.6
9.1
5.3
9.3
5
6.7
5.1
5.2
5.2
5
5
49.9
5
5.2
5.3
5
5.2
5.2
5.2
5.1
5.2
5.9
5.1
5.5
5.8
5.2
20.7
5
5.1
5
29.1
108
5.3
5
5
11.6
5
54.1
25.3
5.1
16.4
5
5.1
5.2
5.3
8.3
44.7
5.4
5
5.8
13.8
5.2
17.9
5.1
12.8
38.7
8.7
41
127.3
13.7
25.9
5.1
5.1
17.8
25.5
5
5.2
5
6.1
5.5
5
96.2
15
5
5.5
45.2
85.4
5.6
5.3
34.1
5.1
6.6
6
65.2
5
5.3
26
61.2
7.1
37.3
29.4
5.3
7.5
17.4
5.1
96.9
13.9
36
6.1
5.5
5.1
5.7
14.4
5.2
5.8
26
5.4
5
6.8
5.6
7.3
5.1
6.3
34.1
9.7
5.1
55.7
9.2
5.5
5.2
5.8
5.2
5.1
5
6.3
5.4
11.3
64.1
12
9.7
5
5.1
10.8
19.5
5.1
5
5.6
47.6
5.2
8.4
22.9
10.7
46.2
5
13.2
5
14.9
34.4
5.2
14.2
5.2
33.4
69.8
5.1
5
14
5.1
5.1
5.4
22.2
27.5
5.2
5.3
5.2
5.2
5.5
49.4
24.7
61.9
5
5.1
5
5.2
26.7
6.9
9.5
50.1
5.1
5.8
36.6
6.4
6.5
5.5
5
5
27.1
24.4
12.5
5.3
19
5
65.1
9.2
5.2
9.3
34.9
18.2
5.2
5.8
5.1
5.2
7.1
5.6
6.5
19.5
5.6
40.9
6.7
5.7
6.4
5.1
5.6
5.2
15.1
5.3
5.3
5.5
5.4
5.1
54
5.3
5.2
27
69.8
5.3
5.1
5.1
5.2
5.1
68.3
7.7
20.3
5.6
5.2
56.9
7.4
5.4
21.9
74.6
5.3
18.3
5.1
5.8
5.8
6.4
5.2
5.1
18.6
5.3
5.3
11.5
5
5.7
33.4
5.6
84.1
5.8
5
5
5.2
5.8
9.8
7.2
16
45.7
41.1
5.4
5.6
21.8
5.3
5.6
22.9
36.7
5.1
5.3
54.1
16.1
5.6
13.7
13
5.6
11.8
5.7
5.3
5.4
5
5.7
6.7
6.9
5.4
8.7
5.3
6.3
5
30.7
23
5.4
5.2
5.1
5.9
6.6
5.1
42.7
5.1
5.3
5.1
5.1
46.2
132.5
91.9
52.1
5.7
5
87.8
5.4
7.2
5.4
16.7
20.1
24.2
5.3
26.4
6.2
5.3
6.3
5.3
5.6
42.8
5.1
5
5.1
19
5
6.2
5.8
5.7
35.2
5
6
6.8
5.7
5.2
13
5.1
22.5
5.8
5.3
5.4
5.5
19.2
6.2
15.2
9.5
7.4
5.3
11.2
5.1
8.6
16.8
28.9
5
6.7
5.9
24.2
5
6.3
5.2
5.4
5.7
5
43.2
5
5.6
5.5
5.1
9.4
5.2
76.1
5.1
5.1
5.3
5.1
5.8
51
6.1
5.7
5
5
5.2
46.1
5.2
9.4
47.1
5
24.4
7.3
5.3
5.5
9
5.8
5.6
5.2
5.2
5.5
30.9
18.8
21.2
5.4
23.4
5.9
6.1
5.7
9.2
5
6.6
21.4
5.3
5.3
5.5
5
17.6
63.4
5.1
23
57.9
5.4
5.1
5.2
5.1
6.4
5.2
26.7
5
84.4
9.8
42.2
5.4
5
59.3
6.9
75.3
5.1
5.2
42.7
5.1
7.5
5
11.6
16.9
6
5.2
7.8
32.2
5
5.9
5
5
42.4
5.3
10.3
8.8
5
5.9
5
45.7
5
13.3
34.7
5
5.3
20.4
5.1
53.1
5.7
5
6
5.3
16.1
5
44.8
12.3
15.6
33
15
5.3
5.1
5
5.2
9.4
5.1
5.5
51
5
10.2
50.5
5.3
5.1
5.1
5.5
5.2
44.2
5.1
48.7
27.8
7.5
5.4
44.6
35
13.3
5.1
5.2
6
5.2
5
5
8.2
5.1
42.7
5.3
6.9
5.7
5.3
8.2
8.9
5.4
5.2
5
5
14
5.2
5
5.3
5.1
7.2
5.1
5
5
72.1
5.5
47.6
5.4
18.4
5.4
5.1
5
21.7
5.1
5
6.6
5
63.1
5.1
5.1
5
17.4
72
8.5
6.3
8.1
9.5
5.2
5
7
27.9
5
5.9
5.2
5.1
8.7
5
7.5
5.1
5
5.3
5.1
22
21.1
5.2
5
6
5.4
7.7
5.8
5.3
37.8
5.4
5.6
5.1
5.1
7.7
5.3
5.7
5.6
21.6
5.1
7.1
26.2
5
5
5.6
5
5.1
10.5
42.8
5
5
5.1
54.7
5
75.1
5
5
31.1
5.2
5.2
5
5
5.4
5
5.3
5
31
13.5
19
8.4
24.8
5.1
5.2
5
5.1
6.7
25.5
5
5
32.3
5
5
8.9
5.4
8.4
67.3
5.1
5.2
5
7.1
5.3
5.3
51.1
29.8
5.1
5.5
5.2
5.2
13.5
5.1
46.1
33.7
41.9
5
5.2
15.6
7.8
50.7
5
5
5.1
20.5
12.3
5.6
5.1
15.4
5
5
23.9
5
5.2
5
5.2
14.7
15.6
16.7
37.6
5.3
5.3
22.4
5.3
84.8
5.1
59.6
5.2
5.2
28.9
5
5.2
6.5
5.8
6.2
6.4
54
114.2
46.8
5.9
26.4
9.6
5.9
6.3
5
50.7
5.5
51
6.1
40.4
11.4
21.8
5
5
50.2
5.2
117.7
11.2
5.1
5.1
5.1
30.4
6.3
5.3
28.9
5.5
5.2
56.7
5.7
5.1
5.6
5.3
46.6
14.8
8.4
5.2
5
5.1
5.1
16.6
5.4
13.5
5
21
29.5
29.7
5.1
5
5.8
36.5
34.2
31.6
5.3
5.2
22.5
5.6
9.3
5
5.1
5.1
6.7
5.2
17.9
5.3
25.2
5.3
22.4
9.1
5.5
16.1
5.2
5.1
5.1
5.3
18.8
20.5
15.4
39.9
5
5
22.9
25.7
46.5
5.6
12.1
5
5
5.1
59
5
5.1
28.3
47.2
32
5.5
15
5.6
7
5
5.5
5.4
5
7
5
48.1
5.2
7.5
5
5.1
38
5
6.3
9.7
14
21.6
5.1
5.8
5.7
5
5.3
5.9
8.3
15.6
10.1
5.6
5.1
5
5.1
5
5.1
7.1
5.2
9.5
15.2
5
20.1
5.1
5.1
5
5.4
5.4
5.1
5.4
5.2
5.2
5
17.2
5.3
5
5
5.2
108.6
14
7
5.4
5.6
5
5.1
5.1
5
5.2
5.1
5
6.8
5.1
5.3
5
33.7
91.6
5.9
9.6
5
24.6
22.7
5.5
5.3
5
5.2
5.1
5
5
5
5.1
5.5
5.1
5.1
5
5
5.1
11.8
11
5
5.1
5.1
5.1
19.1
15.5
5
6.2
5.1
9.8
11.6
5
43.4
5
19.1
8.3
7.8
5.3
38
5
5.2
22.2
5
23
5.1
60.7
6
5.1
58.7
52.3
6.2
35.6
5.5
5.3
5.6
7.9
18.9
5.8
89.8
5.6
29.4
25.6
34.8
5.6
16.5
9.4
5.1
5
5
15.9
5.1
37.9
40
12.1
37.8
5
12
106.1
5
5.2
28.5
5.3
5
8
5.2
8
18.6
5.6
5.3
18.2
5
17.7
50.2
5
5.1
41.3
5
5.1
5.1
84
5
6.4
21
28.7
5.2
5.5
5
5
14.5
5.1
36.8
5
5.1
65.3
6.3
5.2
5.6
6.5
11.7
21.7
57.1
5
22.8
5.1
5
5.1
17.9
5.1
5.6
5
34.4
62.6
33.5
5.1
5.4
7
5.4
5
5
5.4
18.8
5.2
43.4
5.2
5
23
5
5
24.3
5.9
5.7
5.1
5
5.1
42.4
5.4
5.4
5.6
5
8.5
5
5
5.3
7.2
5
5
5.6
5.1
59
12.4
18.5
5.2
5.3
9
7.3
5.1
5
12.2
5.5
13
14.2
5.3
6
6.6
20.4
30.5
6.9
64.6
42.6
6.6
85
5.3
6
84
66.8
10.8
5
18.7
5.1
5.9
5.1
17.6
5.5
5.5
6.5
7
5
5.4
5.2
6
20.5
19.2
7.1
15.8
5.3
22.7
5.5
6.1
6.1
9.7
7.3
12.9
7.7
64.5
5.5
6.1
60.9
10.9
61.7
5
8.6
5.2
5
5.9
5.3
5
5
5.1
71.7
5.4
5.1
5
5
5.2
5
5.2
29.9
5.3
5.2
5.5
5
42.7
5
5
5.2
14.8
5.9
7.7
11.5
65.1
88.6
5.1
5
14.7
16
8.6
5
5.1
13.1
5.1
5.3
9.3
5.2
62.3
27.7
15.4
5.2
16.2
5.1
17.3
5.3
113.7
16.3
7.6
39.7
9.4
5.1
5.2
13
38.3
83.8
5
9.2
61.2
5.1
5.3
5
7.4
5.1
11.6
9.8
5
5.5
6.2
5.8
5.8
45.1
20.4
5.1
5
10.9
7.8
5
5.2
44.9
5.2
5.1
27.8
11.4
5.1
5.1
5.1
5.6
11.7
10.7
33.4
27.7
5.2
13.9
47.7
5.2
5.3
41.2
5.1
49.5
20.5
5.4
5
6
25.2
39.8
5.1
5.1
5.4
30.2
5.2
85
5
5
5.1
5.9
5
5
5
5
5.3
5.1
5.1
5.1
7.5
5.3
61.5
22.9
5.1
5
5.1
7.8
5
71.1
5
5
99
5
72.6
5
12.3
5.3
5.3
5.1
5.2
5
10.6
5.1
6
25.9
5.2
5.1
5
5.1
5.2
5.2
5.6
34.1
21.5
24.1
5.2
5.1
5
6.6
31.4
22.3
5
22.9
58.3
6.6
5.3
5.6
13.5
5.2
6.1
20.4
5.6
5.4
5.2
47
5.1
5.1
24.8
5.5
5.1
6.2
5
5.5
5.1
9.4
5.2
5.5
9.9
5.7
5
5
30
18.2
5.1
5.3
15.9
5
5.5
61.1
5.1
5.5
40.7
5
32
59
9.5
5.2
6.8
5.3
5.7
5.2
19.8
5.1
5
5.2
56.7
5.9
5.3
6.9
27.5
5.3
5.2
5
5
5.2
5.8
30.1
14.7
5
5.2
36.9
21.7
5.4
10.4
5.2
5.2
57.3
47.8
5.3
5.7
7.7
34.3
5
56.9
10.4
5
38.5
5.1
8.6
5
56.6
5.3
5.1
16.1
5
25.6
18.6
6.3
5.2
5.3
5.1
6.1
5.9
5
5.1
42.3
52.5
71.1
62.5
5
6.3
11.6
36.8
13.8
5
5
5.2
5.1
9.6
5
5.2
5
5.1
7.9
5.8
27.2
7.2
29.8
38.1
5.3
10.9
13
19.2
5
47.5
5.7
5.6
7.8
18.4
58.9
18.1
5
5.1
5
5.4
7.1
25
87.5
5.4
67.1
34
5
5.1
13.6
13.2
5
6.5
5.3
21.2
62.5
8
5.8
5.2
5.3
19.2
5.3
5.1
11
5.1
21.5
5
20.4
5.4
5.1
5.3
12.7
17.5
5.1
5.1
5.1
5.2
107.3
5.5
5
6.1
10
29.3
9
5
5.2
5.2
31.3
29.5
5.5
6
47.2
35.6
23
5.1
31.7
5.2
5.2
49
5.5
5.1
6.6
5.3
6
6.2
5.3
6.9
21.5
9.5
5.3
5.2
5.2
11.5
56.2
29.2
19.9
6.6
5
5
42.5
26.8
55.1
8.3
5.5
16.5
5
11.9
36.5
42.2
6.4
10.5
5.1
5.1
5.2
10.9
5.3
5.7
5.1
5.1
6.4
19.6
5.2
5.3
26.1
54.2
151
20.2
5
5.4
5.2
5.6
17.7
28.3
30.2
5
33.7
5
5.1
79.4
7.6
5.4
5
14.6
23.6
45
8.5
5.2
5
5
5.5
5.2
5.2
5
5
5
5.4
5
6.5
9.6
5.3
5.1
5.6
25.7
6.3
5.4
7.6
7.3
8.2
5.1
5.3
25
5
5.5
56.5
5
5.3
5.1
5
5.1
5.2
14.7
5.2
5
5.8
74.1
9.1
6
5.2
5.1
31.2
37.4
5.6
58.4
7.1
5
5.1
5
19.9
9.7
5
8.4
5.2
5.3
5.3
5.1
21.4
60.6
5
5
8.8
5.3
35.4
75.8
5.2
7.9
6.8
5.4
5.1
5.5
5.2
6.2
6.2
90.2
5
5
5
5.9
6
49.4
5
5.3
39
14.8
5.2
7.7
5.3
7.1
5.3
7.7
12.8
5
7.6
6.2
13
5
6.1
5.7
20
5.2
20.1
7.2
29.6
12.4
5
64.8
5.2
5.3
19.9
5.1
19.3
28.2
5.3
5.3
32.7
5.2
6
42.8
5.8
5.1
34.5
15.1
5.4
5
51.7
52
12.9
13.5
5.7
12.4
5.2
40.7
5
5
58.7
11.6
7.4
5.6
12.6
5.1
5
5.3
10.2
5.4
24.3
5.2
12.9
5.1
18.5
5
7
5.4
10.8
5.2
5.1
5.1
5.3
29
5.1
79.9
17.8
5.1
30
5.2
5
5.1
5.3
5
29.8
21.1
37.3
5.1
5.2
5
5.1
5.1
5.1
34.7
55.6
15.7
5.1
5.5
15.5
17.2
5
5.3
11.3
5
5.4
59.7
5.6
5.9
5
5.1
5.1
5
23.7
5.1
12.4
16.3
5
5.1
5.5
17.7
71
66.3
7.8
11.2
5.2
14.9
5.2
24
54.5
17.1
5.3
30.6
7.6
17.8
5.5
28.2
6.2
5
5
5
5
5.1
35.7
6.4
5.1
5.4
9.3
5.2
5
5.2
5.2
5
5.2
5.3
5
5.2
8.9
12.6
5
5.1
4
4
4.5
4
4.3
4
4
4
5.6
4
4.1
4
4
4
4
4
4
4.2
4
4
4.1
4
4.1
4.1
4
4
4.1
4.1
4
4
4
4.7
4
4.6
4
4.1
4
5.1
4.1
4
4
4.1
4.1
4.1
4
4
4
4
4
4
4
4.3
5
4.2
4.1
4
4.4
4
4
4.5
4.1
4
4.2
4.1
5.1
4
4
4
4.4
4
4.1
4.2
4
4.1
4
4
4.1
4.4
4
4.4
4
4
4
4
4.3
4.1
4.2
4.1
4
4.1
4
5.4
4.1
4.1
4.2
4
4.1
4
4.1
4
4.3
4.2
4.1
4.3
4.1
4.5
4.1
4.1
4.2
4.2
4
4
4.3
4
4
4
4
4.1
4.3
4
4
4.5
4.1
4.3
4
4.2
4
4.1
4
4
4.1
4.1
4
4
4
4.1
4
4
4
4.2
4
4
4.2
4
4
4.2
4.1
4.3
4
4.5
4
4.6
4
4.1
4
4
4
4
4.3
4.5
4
4
4
4.2
4
4.2
4
4.1
33.6
4.2
4
5.1
4
4.1
4
4
4.3
4
4
4.2
4.5
4
4
4
4.1
4
4
4.3
4.3
4.2
4.9
4.1
4.6
4.4
4.3
4.1
4.6
4.3
4.9
4.3
4.1
4
4
4.1
5.8
4.4
4.6
4.3
4.4
4.5
4
4
4.1
4
4
4
4
4
4.3
4.1
4.5
4
4.4
4
4.2
4.1
4
4
4.1
6
4
4
4.5
4.3
4
4
4
4.4
4
4.3
4
5
4
4
4
4
4
4.1
4
4.7
4.3
4.2
4.1
4.3
4.1
4
4.1
4
4.2
4
4.1
4
4
4
4.2
4
4.2
4.1
4.4
4.5
5.1
4.1
5.2
4.1
4.3
4
4.2
4
4.2
4
4.2
4
4.1
4.1
4
4
4.1
4.1
4.3
4.2
4
4.2
4.8
4
4
4.1
4
4.2
4
4.1
4
4
4
4
5.8
4.8
4.1
4
6.6
4.2
4.3
6.7
4.1
4.1
4.6
4
4
4
4
4.5
5.1
4
4
4
4
4.1
4.1
4
4
4
4.2
4.3
4
4.4
4
4.7
4.2
4.2
4
4.1
4.8
4
4.7
4.2
4
4
4.1
4
4.1
4.3
4
9.2
4
4.1
4
4
4
4
4
4
4.7
4.1
4
4.4
4
4
4.1
4.3
8.1
4.4
4.7
4.6
4
5.3
4.1
4
7.3
4.1
4.6
4
4
4.4
4
4.5
4.1
4.3
4.1
4
4
4.3
4.2
4
4
4
4
4
4.2
4
4
4.1
4.2
5.4
4.1
4.4
4.1
4.2
4
4
4.1
4.1
4.2
4.1
4.4
4
4
4.2
4.1
4
4
4.1
4
5
4.2
4.6
4.2
4.1
4
4.1
4.3
4
4.1
4
4
4.1
4
4
5.1
5
4.2
4.1
4
4
4.2
4
4
4.7
4
4.2
4.2
4.3
7.1
4.3
4
4.9
4.6
4
4.1
4.6
4
4
4
6.2
4
5.1
7.2
4.3
4.1
4
4
4
4.1
4
4
4
4
4
4
4.1
4
5.4
4.3
4.1
4.1
5.2
4.1
4
4
4.3
4.3
4
4.1
4
4
4
4
4.2
4
4.2
4.2
4
5.4
4
4.2
4
4.6
4.3
4.2
4.5
4.1
4.2
4
4.2
4.2
4
4
6.7
4
4
4.3
4.5
4
4
4
4
4.1
6.8
4.1
4.4
4
4
4
5.2
4
4
4.2
4.5
4.1
4.1
5.4
4.2
4.4
4
4
4.3
4.3
4.2
4.1
4
4
4.2
4
4.1
4.6
4
5.7
4.8
4.2
4.2
4.2
4
4.1
4
4
4
4
4.1
4
4
4.1
4
4.1
4.8
4.7
4.8
4.6
4.8
4.2
4.2
4.2
4.2
4.2
4
4.1
4.1
4.3
4.9
4.1
4.1
4
4
4
4
4.6
4.5
4.4
4.1
4
4.9
4
4.4
4.1
4
4.3
4
4.1
4.1
4
4.2
4
4.3
4.3
4.1
4.1
4
4.1
4.1
4
4.1
4
4
4.1
11.2
4
4
4.1
4.1
4.3
4.2
4.8
4.8
4
7.5
4.4
4.4
4.3
4
4.1
4.1
4.1
4.1
4.2
4.1
4.3
4
10.4
4
4
4
4
4.3
4.6
4.6
4
4.2
4
7.2
4
4.2
4
4.1
4.2
4.2
4.1
4
4.1
13.3
4
4
4.8
4
4
4
4.4
4.1
4
4.1
4.1
4
4
4.2
4
4.2
4
4
4.3
4
4.5
4
4.6
4
4.1
4
4.5
4.2
4.4
4.7
11
4.3
4.8
4
4.1
4
4
4.1
4
4
6.5
4.3
4.4
4.6
4.5
4.1
4.2
4.5
4
4
4.1
4.2
4
4
4.5
4
4.1
4
4.1
4.4
4.1
4.1
4
4.1
4
4
4
4.4
4.8
4
4.1
4.2
4
4.3
4
4.4
4
4.4
4.2
4.2
4.5
4.5
4
4
10.2
4.3
5.2
4
4.3
4
4
4
4
4.3
4.2
5
4
4
4
4
4
4
4.8
4
4.2
4.3
4
4.1
4.1
4.1
4
4
4.1
4
4.3
4
4.3
4.2
4.7
4.4
4.2
4
4.3
4
4
4.2
4.1
10.2
4
4.2
4.2
4.1
4.4
4.1
4
4.3
4.6
4.6
4
4
4.1
4.1
4.2
4
4.1
4
4
4.3
4.1
4
4
4
4.1
4
4
4.1
4.3
4
4
4
4.1
5.7
4
4.1
4
4.2
4.2
4.3
4.5
4.6
4
4
4
4
4
4.1
4
4.1
4
4.1
4.1
4
4.1
4
5
4.2
4.2
4.3
4
4
4
4.1
4
4.2
4
4.2
4.2
4
4
4
4.1
4.1
4.1
4.7
4.2
4
4
4.3
4.9
4
4
4
9.4
4
4
4.9
5
4.5
4.3
4.2
4
4.4
4.1
4
4.1
4.1
4
4.2
4
4
4.1
4.3
4.6
4.1
4
4
4.3
4
4
4.8
4
4
4.9
4.5
4
4
4
4
4
4.1
4
4.2
4
4
5.3
4
4.1
4.1
4
4.1
4.1
4
4
4
4
4
4
4
4
4.1
4.1
4.1
4.5
4
4
4.2
4.2
6.5
4
4.3
4.1
4
4.1
4
4.2
4
4
4.1
4
4.7
5.2
4.4
4.2
5
4.1
4
4
4
4.4
4
4
4.1
4.4
4
4
4
5
4
4.6
4
4.2
4
4.3
4.4
4.2
4.2
4.3
4.1
4
4.2
4
4
4.4
4.2
4.2
4.1
4
4.2
4
4.1
4.2
4
4
4.1
4.4
4.1
4
4
4.2
4
4.1
4
8.3
4
4
4.8
4.4
4
4.5
5.1
5.1
4.1
4.1
4.3
4.1
4.3
4.5
4.5
4.6
4.4
4
4
4
4.1
4.2
4
4
4
4
4
4
4
4
4
4
4.3
4
4.1
4.2
4
4.2
4.1
4
4
4
4
4.1
4
4
4.9
4.3
4.1
4.2
4
4.1
4.1
4
4.1
4
4
4.6
4.1
4.1
4.1
4.3
4
4
4
4.1
4
4.8
4
4.4
4
4.3
4.3
4.1
4.4
4.1
4.1
4
4
4
6
4
4.1
4
4
4.1
4
4.2
4
4
4
4.3
4
4
4.2
4.7
4.1
4.9
4.1
4.4
5.1
4
4
4
4
4
4.1
4
4
15.6
4.9
4.2
4
4
4
4
4
4.1
4.2
4.6
5
4.1
4.3
4.5
4.2
4.3
4.7
4.1
4.1
4
4
4.1
4
4.3
4.3
5.1
4.8
4
4
4.2
5
4
4
4.2
5.2
4.1
4.2
4.3
4
4.1
4.1
4.2
4
4.1
4.2
4.2
4.2
4.6
4
4.2
4.1
5.3
6.1
4.4
4.3
4.1
5
4.2
4
4.6
4
4
4.1
4
4.2
4
4.1
4.3
4
4.3
4.3
4
4.3
4
4.2
4
4.3
4
4
4.7
4.5
4.6
4
4
4.2
4
4.1
4.1
4
4.2
4.1
4
4
4
4.1
4.3
4.3
4
5.2
4.1
4
4
4.1
4
4
4
4
4.4
4.4
4
8.1
4.3
5
4.1
4.6
4
4
4.1
4
4
4.7
4.2
7.3
4.2
4.2
4.6
4.1
4
4
4.2
4.7
4.4
4.1
4.2
4.2
4
4.1
4
11.8
4.3
4
4.3
4.4
4.2
4.3
4.4
4
4.2
4
4.7
4.1
4
4
4
4
4
4
4
4.6
11.2
4.2
5
5.2
4.5
5.5
4
4.1
4.1
4.3
4
4
4
4
4.1
4
4.1
4
4.1
4.1
4
4.1
4.1
4
4.1
4.4
4.4
4
4
4
4
4.1
4.1
4
4
4
4.1
4
4.3
4
4.3
4.4
4.7
4
4
4.7
4.2
4
4
4.1
4
4.2
4
4
4.2
4
4.1
4.1
4.2
4
4.1
4.1
4
4.1
4
4
4.1
4.2
4.3
4.1
4.2
4.4
4.3
4.2
4.2
4
4
4.1
5.1
4.1
4.7
4
4
4
4
4
4.3
4
4.7
4
4
4
4
4
4
4.1
4.4
4
4
4.1
4.1
4
4.1
4.6
4.5
4.2
4.7
5.1
5.4
4.3
4.2
4.6
4
4
4
10.7
4
4
4
4.4
4.1
4
4.1
4.3
4.7
4
4
4.4
4
4.1
4
4
4.1
4.4
4.1
4.1
4.5
4
4
4.1
4.2
4
4
4
4.4
4
4
4
4
4
4.3
5.3
4.9
4.2
5.1
4
5.6
4.4
4.1
4
4
5.5
5.2
4.8
4.6
4.2
4.2
4.5
4.8
4.3
5.7
4
4
4.3
4.1
4.1
4
4.4
4
4
4
4
4.1
4.2
4
4.1
4
4
4.3
4.2
4.1
4.1
4.1
4.1
4
4
4
4
4
4
4
4
4.2
4.1
4
4
4.1
4
4
4.1
4
4
4
4.5
4
4.1
4.2
4
4
4.1
4.2
4
4.1
4.1
4
4
4.1
4
4.1
4.1
4
4
13.8
4
4.2
4.1
4.2
4
4
4.2
5.4
4
4
4.2
4
4.1
4
4
4
4
4.3
4.4
4.4
4.3
4
4
4.3
4.9
4.1
4.3
4
4.3
4
4.2
4.1
4.2
4.6
4.1
4.2
4.3
4
7.1
4
4.3
4
4.3
4.3
4.4
4
4.2
4
4
4
4.3
4.1
4
4
4
4.4
4
4.6
4
4.7
4
4.3
4
4.4
4.8
4.3
4
4
4
4.2
4.1
4.1
4.2
4
4
4.3
4.1
4.6
4.5
4.1
4.2
4
4.1
4
4
4
4.2
4
4.9
4.6
4
4.1
4
4
4.3
4
4.3
4.1
4.5
4.2
4
4.2
4.1
4.2
4
6.1
4.2
4.5
4
4
4.2
4.3
4
4.6
6.6
4.1
4.1
4
7.8
4.9
4
4
4.2
4
4.3
4
4.2
4
4
4
4
4.1
4.4
6.6
4.1
4.5
4
4.4
4
4.2
4.1
4.3
4.1
4.1
4
4.6
4.3
4.2
4.2
4.1
4
4.2
4.2
4.1
4
4.3
4
4.1
4
4.1
4
4
4.2
4
4.1
4.3
4.3
4.1
4.1
4
4
4.1
4.2
4
4.1
4.8
4.4
4
4
4
4.1
4
4.3
4.1
4
4.6
4.3
4.4
4.1
5
4.2
4.2
4.1
4
4
4.2
4
4.4
4
4.4
4.3
4.1
4
4.1
4
4.2
4
4
4.1
4.1
4.6
4
4.3
4.8
4.2
5.1
4.7
4
4.9
4.6
4
4.7
4
4.8
4.2
4
4.3
4.1
4
4.1
4.1
4.3
4
4
4.1
4.2
4.2
4.1
4.1
4
4.9
4.8
4.1
4.1
4
17.9
4
4
4
4
4.3
4.1
4
4.1
4.2
4
4.4
4.8
4
4.1
4.3
4
5.3
4.1
4.8
4.1
4
4
4.3
6
5.3
4
4.8
4
4.7
4.5
4.5
4
7.1
4
4.1
4.9
4.5
4.1
4
4.2
6.3
4.1
4.3
4
4.5
4.4
4
4.2
4
4.1
4
4.9
4.4
4
4.9
4.2
4.1
6.9
4.7
4
4
4.2
4.4
4
4.2
4.1
4
4.1
4.2
4.6
4
4
4.1
4.1
4
4
4.1
4
4
5.3
5.2
4.1
4.2
4.3
4.2
4.1
4.1
4.2
4.3
4.2
4
4.2
4.1
4.2
4
4.3
4.2
4
4.1
4.2
4.1
4.2
4.3
4
4.1
4.3
4
4
4.1
4
4
4
4.9
4.3
4
4
6.7
4.3
4.5
4.2
4
4.2
4.2
4.4
4
4
4
4.5
4.3
4
4
4
4.1
4
4.2
4
4
4
4.4
4.1
4.5
4.2
4
4
4.5
4.2
4
4
4.4
4.1
4.1
4
4.4
4
4.1
4
4.6
4
4.3
4.5
6.9
4
4
5
4.2
4
6.3
4
4
4.5
4
4
4.2
4.5
4.1
4
4.1
4
4.4
4
4.2
4
4.3
4
4
4.1
4
5
4.1
4.2
4.1
4
4.3
4
4.1
4.2
4
7.6
4
4.1
4.3
4.2
4.3
4
4.7
4
5
4.9
4
4.3
4.2
4
5.2
4
4.5
4.2
4
4
4.1
4
4
4.2
4.2
4
4.1
4
4.3
4
9.1
4
4.2
4.3
4.1
4.3
4.5
4.1
4.1
4.5
5.3
4.2
4.2
4
4
4.3
4.1
18.4
4.1
4.1
4.4
4
4.9
4
4.7
4
4
4
4
4.2
4.1
4
4
4
4
4
4.1
4.5
4.6
4.2
4.1
4.2
4.2
4.1
4.4
4.7
4.2
4
4
4.1
4
4.1
4
4.1
8.7
4
4
4.2
4
4.5
4
4.2
4
4.1
4.3
4.3
4
4.2
4.2
4.2
15.5
4.8
4.1
4.5
4.2
4
4.1
4.7
4.2
4
4
4.7
4
4.4
4.1
5.3
4.4
4
4
4
4
4
4.3
4.3
4.2
4
4.2
4.1
5.8
4.1
4.4
38.4
4.2
4.1
4.2
4.2
4.4
4
4
4
4
4
4.2
4.6
4.1
6.5
4
4.1
6.5
4.3
4.2
4.1
4
4
4
4
4
4.1
4.6
4.2
4
4.7
4.3
4
4
4.2
4
4.2
4
4
4
4.5
4.2
4.5
4.2
4.4
4.2
4.5
4.1
4
5.2
4
4
4
4.3
4.2
4.3
4
4
4
4.2
4.3
4
4.2
4
4
4.2
4.5
4.1
4.1
4
4
4.2
4
4
4
4
38.2
6.9
4.1
4
4.1
4.7
4.1
4.5
4.4
4.1
4
4.3
4.2
4.3
4.5
4.1
4.8
4.5
4
4.2
4
4
4.2
4
4.3
4.6
4.9
4
4
4.7
4
4.1
4.1
4.1
4
4
4
4
4
4
4.1
4
4.6
5
4
4
4
4.9
4.1
4.5
4.1
4.6
4.6
4.2
4
4.1
4.1
4
4
4
4.5
4.6
4.4
4.1
4.3
4.2
4.2
4
4.1
5
4.1
4.2
4.1
4.2
4.6
4.1
4.2
4.9
4.1
4.1
4
4.4
4
4
4.2
4
4.5
4
4.8
4
4
4.1
4.3
10.6
4.1
4
5.2
4.5
5.2
4.8
4.3
4
4
4.1
4
4
4
4.2
11.9
4.3
4.4
4.1
4
4.6
4.3
4.5
4.8
5.8
4.3
4.4
4.1
4
4
5.1
4.1
4.1
4.1
4
4
4.3
4
4.3
10.2
4.3
4
4
4.2
4
4.6
4.1
4.1
4
4.2
4.7
4
4
5.4
4.1
4
4.4
4
4
4.2
4
4.1
4.3
4.2
4.1
4
4.3
4.1
4.2
4
4.1
4
4.1
4
4
4.1
4.8
4.2
4
4.1
4
4.3
5.7
4.4
4
4.1
4
4
4.1
5.1
4
4.1
5.1
4
4
4
4
4
5
4.1
4.3
4
4.1
4.2
4.6
4.4
4.7
4.1
4.2
4
4
4.2
4
4.1
4
4
4.3
4.2
4
4
4
4.1
4
4
4.3
4.3
5.3
5.5
4.3
4
4
4
4.3
4
4
4
4.1
4.1
4
4.1
4.8
4.4
4.3
4.2
4.3
4.2
4
4
4.1
4
4.1
4.1
4.1
4.3
4
4
4
4
4.1
4.2
4.3
4
4
4.2
4.3
4.1
4
4.2
4.2
4.5
4.1
4.3
4.3
4.4
4
4
4
4.5
4.3
5.1
4.1
4.4
4
4.6
4.1
5.3
5.3
4.1
4
4.3
4.2
4.3
4.4
4
4.1
4
4.1
5.1
4.1
4.4
4.1
4.5
4
4
4
4
6.4
4.8
4.2
4
4
4.1
4.5
4.5
4.4
4.1
4
4
4
4.1
4.4
4
4.1
4
4.1
4
4
4.2
4.5
4
4
4.2
4.5
4
4.2
4
4.2
4.1
4.5
4.2
4.1
4.1
4
4
4.2
4.6
4
4
14.7
4.1
4.8
4
5
4
4
4
4.1
4
4
4.2
4.2
4.1
4
4.5
4
4.2
4.1
4
4
4
12.1
4
5.5
4.1
4.4
4.1
4.2
4.3
4.5
4.2
4
4.1
4
4.2
4.1
4
4.1
4.4
4
4.1
4
4
4
4
4
4
4
4.2
4.2
4.7
4.5
4.2
4
4.5
4.1
4
4
4.3
4.4
4
4
4.1
4
4.3
6.1
4
4
4
4
4.2
4.2
4.7
4.2
4.1
4.6
4
4
4.1
4
4
4.2
4.1
4.2
4.6
4
4
4.1
4
21.7
4.2
4
4.4
4.3
4.4
5
4
4.3
4.5
4
4
4
4
4
4.7
6.7
4.1
4
4.2
4
5.4
4.6
4
4.2
4.3
4.4
4
4.1
4.1
4.1
4
4.9
4
4.1
4
4.6
4
4
4.2
4.2
4.1
4
4
4
4
4
4
4
4
4.1
4.1
5.7
4.3
4.1
4.1
4.2
4.2
4.2
4.1
4.3
4
4
4
4
4
4
4.1
4
4
4.3
4.1
4.3
4.2
4.1
4
4.1
4.1
4.8
4.2
4.7
4.1
4.1
4.2
4
4.6
4.4
4
4.1
4.1
4.2
4
4.5
4.9
4.4
4.4
4.1
4.7
4
4.1
4.2
4.3
4
4
4.2
6.5
4
4
4.1
4.2
4.4
4.4
4.2
4
4.4
4.1
4.1
4.1
4
4
4
4.1
4.1
4.1
4
4.2
4.1
4.2
4.1
4
4
4.2
4.2
4
4
4
4
4.2
4.1
4.1
4
4.2
4.3
4
4.3
4.5
4.2
4.1
4
4.2
4
4.2
4
4
4
4.2
4.2
4.9
4.3
4.3
4.1
4.6
4.1
4.3
4.4
4.4
4.2
4.1
4
4
4
4
4
4.1
4
4
4.8
4.8
4.7
4.2
4
4
4.8
10
4.7
4.1
4.1
4
4.1
4.1
4.1
4
4
4
4
4.3
4
4.3
4
4
4.1
4
4.4
6.5
4.1
4
4.2
4.2
4.1
4.4
4.8
6.5
4.1
4.3
4.1
4.2
4
4.1
4.1
4
4.3
4
4
4.1
4.8
4
4
4
4.1
4
4
4
4.4
4
4.3
4
4.6
4.3
13.6
4.3
4
4
4
4
4.3
4.2
4.3
4
4.2
4.1
4.1
4.1
4.1
4
4
4.1
4.5
4.1
4
4.1
4.2
4
4.2
4.2
4
4.2
4.2
4.1
4.4
4
4.1
4.1
4.1
4.1
50.4
4.1
4.3
4.3
4.4
4.1
4.3
4
20.1
4.3
4.1
4
4
4.2
4.1
4.4
4
4
4.1
4.1
4.2
5.3
5.5
4
5
11
4.1
4.1
4.1
4
4
4.1
4
4.9
4.4
4.8
4.1
4.7
4.3
4
4.2
4
4
4
4
4
4.2
4.9
4.1
4.1
4.2
4
5
4.3
4.3
4
4.2
4.1
4.1
4.2
4.3
4
4.4
4
4
4
4
4.4
4.2
4
4.1
4
4
4.1
4.4
4
4.1
4
8
4.3
4
4.1
4.1
4.1
4
4
4.2
4.2
4.1
4.1
4
4.1
4.3
4
4
6.5
4.7
4.1
4.2
4.1
4.4
6.9
4
4
4.2
4.3
4
4
4.4
4.4
4
4.2
4.1
4
5.3
4
4.1
4.2
4.1
4.1
4.5
4
4
4.1
4.3
5.1
4.1
4.1
4.4
5.1
5
4.4
4.5
4.1
4
4.1
4.2
4
4
4
4
4
4.8
6.2
5
4.1
4
4.1
4
4
4.3
5
4.5
4.1
4.1
4.2
4.1
4
4.2
4.5
4.1
4.1
4.2
4
5
4
4.3
4.1
5
4
4.1
4.1
4.2
4.4
4.3
4
4.9
4.1
4.1
4
4.1
4.2
4
4.5
4.4
4
4
4
4.1
4
4.1
4.1
4
4.2
4.1
4
4.6
18.2
4.2
4
4
4.1
4
4
5.2
4
4.2
7.6
4
5.1
4.1
4.4
4
4.5
4
9.7
5.1
4.1
4
4.4
4.9
4.7
4.1
4.2
4
4.3
4.1
4.2
4.1
4.3
4
4.5
4.1
4.9
4
4.1
4
4
4
4.3
25.7
4.2
4.7
5
4.5
4
4
4
4
4
4
4
4.3
4.1
4
4
4
4.2
4.1
4.2
4
4.1
5.2
4.1
4.4
4.1
4
4.1
4
4.3
4
4.3
4.1
6.6
4.3
4.3
5
4.7
4.4
4.5
4.1
4.1
4.2
4.1
4
4.2
4
6.7
7.3
6
4.7
4.7
4.4
4.1
4.1
4
4
4.1
4
4.2
4.3
4.2
4.1
4
4
4.1
4.3
4
4.1
4
4.2
4.1
4
5.1
4.7
4
4
4.1
4.1
4.6
4.4
4.9
4
4
4
4.2
4
4
4.3
4.3
4.3
4
4.3
4
4.8
4.1
4.2
4.1
4.7
4.6
4
4.1
4.3
8.7
4
7.2
4.3
4.1
4
4.1
4.2
4.2
4.2
4.1
4.4
4.4
4.1
4
4
4
4
4
55.6
4.8
4.1
4.9
4.9
4.2
9.2
4.3
4
4.2
4
4.3
4
4.2
4.1
4
4.1
4.5
4
4.1
4
4.2
4
4.3
4.4
4
4.2
8.3
4.4
4.4
5.1
4
4
4.1
4.1
4.3
4
4
4.4
4
4.6
4
4
4.3
4
4
4
4
4
4
4.7
4
4.1
4
4
4.8
4.6
4.2
5.3
4.1
4.6
4.1
4.2
4.5
4.1
4
4.1
4.1
4
4.1
4.2
14.5
7.2
4
4
24.3
4
5
4.8
4
4.4
10.1
4
4.2
4.2
4.3
4.7
4
4.4
4.4
4.1
4
4
4
4
4.6
4.5
4.2
4.1
4.1
5
4.2
4
4
4
4
4.1
4.1
4.4
4.2
5.2
4
4.2
4.1
4.2
4
4
4.6
4
4.1
4
4
4
4.3
4.3
4.1
4
4
4.3
4.1
4
4
4.8
4
4
16.2
4
4.1
4.5
4.6
4.4
4.4
4
4
4
4.2
4
4
4.2
4
4.3
4.3
5.6
4.9
4
4
4.8
4.4
4
4.3
4.1
4.4
4
4
4
4.5
4.2
4
4.2
4.7
4.8
4
4.6
4.1
4.2
4
6.9
4
4
4.5
4
4
4.5
4.5
4.3
4.9
4.8
4.3
4.2
5.1
4.8
4
4
4.1
4.1
4.3
4.1
4.1
4.1
4
4
4
4.2
4
4.2
4.9
4
4.1
4
4.2
4.5
4.1
4.8
4
4
4.4
6.1
5.4
4.1
4.1
6.2
7.6
4.1
4
4.7
4.7
4
4
4.3
4
4.3
4
4
4.1
4
16.7
4
4
4.5
4
4
4.3
4.4
4.2
4.1
4
6.4
4.1
5.9
4
4.1
4.7
4.3
4.2
4.2
4.3
4
4.1
4
4.3
4
4.5
4.1
4.2
4
10.7
4.2
4.2
4.9
4.1
4
4.2
4.4
4.3
4.3
4
4.2
4.5
4
4
4.2
17.9
4
4.3
4.3
5
4
4.3
4
4
4.1
4.1
4
4
4.2
4
4.2
4
4
4
4.1
4.1
4.1
4
4.4
4
4.4
4.1
4.2
4.8
4.1
4.2
4.1
4.1
4.1
4.4
4.6
4.1
4.1
4.1
4
4
4
4
4
4.2
5
4.2
4.4
5.7
4.9
4.2
4.3
4.3
4.1
4.3
4.2
4
4.4
4.5
4.1
4.1
7
4.2
4
4.3
4.2
4.2
4.6
4.6
4.1
4.2
4
32.3
4.6
4.7
4.1
4.1
4.3
4.4
4.2
4.5
4
4
4.1
4.1
4.2
4.4
4.4
4.3
4.1
4.1
4
4.6
4.3
4.2
4.3
4.3
4
4
4.1
4
4.5
4.1
4.3
4
5.7
4
4
4.9
4
4
4
4
4.2
4
4.8
4
4.1
4
8.4
4.2
4.8
5.2
4
4.3
4.2
4.1
8.4
4.1
4.7
4.3
4.1
8.2
4.1
4.1
4
4.1
4.9
4.4
4.5
4.6
5
4.1
5
4.1
4.5
4.7
5.1
5.3
4.1
4.1
4
4.3
4
4
4
4.1
4
4
4
4
5.3
4.2
4.4
9.4
4.1
4.9
4.1
4.8
5.7
4
6.5
5
4.5
4.6
5.6
4
4.4
5.4
5
4.5
4.3
4
4
24.1
4.1
4.4
4.1
4.2
4.1
4.2
4
4.4
4.2
4.2
4.9
4.5
4.4
4.1
4.8
6.5
4.5
4.4
4.9
4
6.5
4.9
4.1
4.2
4
4.3
4
4.1
4.3
4.3
5.4
4
4.2
5.3
4
4.1
4
4
4.9
4
4.3
5
4.7
5.4
4.1
4
4
4.2
4.5
4
4
4.3
4
4
4.1
4
4.3
4.2
4.7
4.2
4
4
4
4.6
4
4.1
4.3
4.3
4.5
4.2
4.1
4.1
4.3
4
4
4
4.2
4.4
4.1
4.3
4.2
4.2
4.4
4.9
4.9
4.6
4
4.6
4.3
4.2
4.7
4.4
5.5
5.2
4.3
4.1
4.1
4.5
4
4.1
4
4
4.1
4
4
4.4
4.1
4.6
10
4.1
5.2
4.4
4.7
4.4
4.2
4
4
4.1
4
4.2
4.1
4.1
4
4.1
4
7.1
4
4
4.1
4
4
4
4
4
4
4.1
4.2
4
4.3
4
4.1
4.2
4.6
4.3
4.2
5.2
4.1
5
4.6
5.1
4.4
4.4
4
4.4
4.1
4
4
4
4
4
4
4.2
4.1
4.2
4.1
28.9
4.2
4.1
4.1
4.1
4
4
4
4.8
4.2
4.1
4
4.5
4.4
4.1
4.1
4
4.5
4
4.1
4.8
4.2
4.4
4.6
4.4
4
4.2
4.2
4.1
4.1
4.1
4
4.1
4
4
5.8
4.1
4.5
4.4
4
4.1
4.1
4.9
4.4
4.1
4.4
4.4
4.1
4.2
4.2
4.2
6.8
4.1
4
4
4
4
4.4
4
4.2
4
4.6
4.2
4.6
4.5
4.6
4.3
4.2
4.2
4.2
4
4.1
4
4.5
4
4
4
4.3
4
4.1
4
4.1
4
4
4
5
5.9
11.2
4.2
4.2
4.2
4.2
4.1
5
4.1
4
4
4
4.1
6.4
5.2
4.1
4.3
4.9
4
4
4
4.2
5.3
4.1
4
4
4
4
4.1
4.1
4.5
4.1
4.8
4
4
4
4
4.3
4
4.3
4.2
4
4
4.3
4.1
6.1
4.1
4.6
5
4
4.5
4
4
4
4.3
4
5.2
4.2
4
4.7
4.1
4
4.6
4.2
4
4
5.1
4
5.1
4.1
4.8
4.1
4.3
4
5.2
4.4
4
4
4.5
4.3
4
4.1
4.7
19.2
4.3
4.2
4
4.6
4.3
4
4
4
4.3
4.1
4
4
4.2
4.2
5.7
4
4.2
4.4
4.5
4.2
4.3
4.1
4.2
4.1
4
4.3
5.7
4.5
4.4
4
4.1
4.1
4.1
4
4
4
4.1
4
4
5.9
4.2
4.7
6.1
4
4.4
4.3
4.2
4.6
4.1
4.1
5
4.2
4
4
4
4.4
4
4.1
4.1
4.3
4.2
4.1
4.6
4.7
4.7
4.2
4.2
4
4
4.1
4.1
4.1
4
4
4.5
4.1
4.3
4.1
4.1
4
4
4
4.1
4.2
4
4.1
4
4
5.8
4.1
5
4
4
4.1
4
5.8
4.3
4.3
4
4.5
4
4.3
4.3
5
16.1
4
4.9
4
4
4.3
4
4
4
4.1
4.3
4.7
5.6
4.1
4.5
4.1
4.2
4
4
4.2
4.2
4.2
4.3
4.3
4.2
4.2
4.3
4.4
4.4
4.2
4
5.2
5.1
4
4.3
4.4
5.2
4
4.1
4.2
4
4
4
4
4
4.1
4
4
4
4
4
4.1
4
4
4.2
4.1
4
4
4.4
4
4.4
4
4.3
4
4.2
4.1
4.3
4.1
4.3
4
4.5
4.4
4.2
4
4.7
4.5
4.1
4
4.1
4.5
6
4.6
4
5
4.4
4
4.1
6.9
4
4
4.2
4
4
4
4
4.1
4.1
4
4
4.2
4.3
4.1
4
4.3
4.1
4.1
4.2
4.5
4.1
4.4
7.3
4.4
4.1
4.3
4.6
4
4
4
4.3
4.1
4.4
4.4
4.3
4.8
4
4
5
4.1
4.2
4
4.5
4.1
4
4
4.1
4.4
4.1
4
4.1
4
4.6
4
4.3
4.5
4.1
5
4.7
4.6
4
4
4.1
4.6
4.1
4
4
4.1
5.3
4.3
4.3
4
4.9
4.1
4.3
4.1
4.2
5.2
5.2
6
4
10.6
5.1
4.3
4.6
4.1
4
4.5
4.1
4.4
5.8
5
4.3
5
4
4.4
4
4
4.5
4
4
4.4
4
4.3
4.1
4.7
4
5.1
4.3
4.1
4.1
5
4.8
4
6.3
4
5.9
4.9
4
4
4
4.5
4.8
4.3
4
12.2
4.9
4
4.6
4
4.2
5.9
4
4.2
4
4.2
6.7
5.4
4
11.9
5.5
4.4
4.1
4
5
4.1
4
4.1
4.1
4.1
5.1
4.1
4.1
4
5.8
16.9
4.7
4.6
4.2
4
4
4
4
4.3
4
4.2
4.6
4.1
4.8
4.8
4.1
4
4.3
4.2
4.3
4.1
5.8
4
4.1
4.4
4
4.1
4.7
4.2
7.5
4
4
6.1
4
4
4
4.5
4.8
4.5
4.8
4.3
5.3
4.6
4.6
4.6
4.8
4.8
4.1
4
4.2
4.1
4.1
4
5.8
7.1
4
4.3
4
5.1
4.4
4.2
4.4
4
4
4.4
4.1
4.2
4.1
5.5
4.1
4
4.2
4.5
4
4.2
4
4
4.3
4
4
4
4
5.8
4.1
4.1
4.1
4.1
4
4
4.1
5
4
4.2
4.4
4.2
4
4
4.6
4.2
4.3
4
4
4
4
4.1
4.8
4.6
4.3
4
4.1
4.1
4
4
4.4
4.4
4.1
4.1
4.2
4
4.1
4.3
4.5
4.1
4
6.2
5.2
4.4
4.1
5.1
4.3
4.4
4.3
4.2
4.5
4.1
4
4.1
4.1
4.8
5.8
4.3
4.3
4
4.4
4.7
4
4
4.1
4.2
4
4.1
4.1
5.3
4
4
4
4
4.2
4.3
4.5
4.3
4.1
4
4.4
4
8.9
4.1
6.5
30.5
4
4
4
4.3
4.2
4.1
4.2
4.1
4.1
4
4.4
4.1
4.2
4.2
4
8.3
4
4.2
4.1
4
4.7
4.2
4
4.1
4
4.5
4.2
4.2
4.1
4.2
4.2
4
4.1
4
4
4.5
4.1
4
4.6
4.1
4
4.1
4.3
4.2
4.4
4
20.6
4.2
4.1
4.1
4.1
4.1
4.1
6.3
4.4
4
4
4.4
24.6
4.3
4
4.5
4.1
4.3
4.1
4
4.1
4.1
4.4
4.4
4.1
4
4
4
4
5.4
4.5
4.2
4.7
4.5
4
4
4.1
4
4
4.1
4.2
4
4.8
4.1
4
4
4
4.2
4.8
4.1
4.5
4.3
4
4.1
4
4.4
4.2
4.6
4.4
4.1
4
4
6.6
5
4.3
4.3
4
4.4
4.2
4
4
5.9
5.4
4.1
4
5
8.7
4.5
4.9
4.1
4.4
4.2
4.2
4.2
4.1
4.1
4.1
4
4
4.1
4
4.1
4.3
4
4.4
4
4.4
4.1
4.1
4
4.3
4.3
4
4
4
4.3
4
4.6
4
4.1
4.4
4.4
4.2
4.1
4.1
4
5
4.2
4.2
4.2
4.6
4.1
4.4
4.2
4.2
5.2
4.2
4.1
4.6
4.1
4.1
6.8
4.1
4.1
4.6
4
4.2
4
4.1
4
4
4.3
4.1
4.1
4.1
4.2
4.2
4.3
4.1
4.2
4.4
4
4
4.3
4.6
4.8
4
4
4.2
4
4.4
4.1
4
4
4
4.1
4.7
4.3
4.8
4.1
4
4.3
4.3
4.1
4.2
4.1
4.2
4.5
4
4.3
4
4.1
4
4
4.1
4.1
7.6
4.8
4.4
4
4
4
4
4.1
4.1
4.1
4.3
4.4
4.2
4.9
4.7
4.1
4.6
4.3
4.3
4
4
4.7
4.1
4
4.1
4.2
4.2
4.2
4.9
4.3
4
4.1
4.2
4
4.1
4.2
4.2
4.2
4.1
4.2
6
4.1
4.2
5.6
4.3
4.1
4.1
4.3
4.4
4.6
4.3
4.4
4
4
4
4.1
4.1
5.6
4
4
4.2
4
4.1
4
4
4
4
4.4
5.2
4.7
4.1
4.2
4.4
4
4
4
4
4.4
4.5
4.1
4
4.1
4
4.1
4.1
4
4
4
4.3
4.4
4
4
4.3
4
4
4.1
4
4.1
4
4
4
4
4.2
4
4
4.1
4.1
4
4
6.8
4.1
4.3
4.5
4
4
4.1
4
4
4.3
4
4.6
4
4.4
4.1
4
4.4
4
4.4
15.3
5.2
4
4.1
4.4
4
4.3
4.8
4.7
4.1
4.8
4
4.2
4.2
4
4
4.2
4.3
5
4.1
4
4
4.1
4
4
4
4
4.2
5.3
4.5
4.2
4
4.4
4
4.4
4
4.1
4
4.2
4.1
4.2
4.5
5
4
4
6.8
4.3
4.3
4.5
5.9
6.9
4
4.1
4.2
4.4
4.1
4.1
4.4
4
4.6
4.1
4.1
5
4.3
4.3
4
4.1
4
4
4.1
4
4
4.1
4
4.4
4
4.3
4
4.3
4
4
4
4.1
4
4.4
4.1
7.4
5.7
5.6
6.9
4
4
4.3
4.1
5.6
4.2
18
4.7
4.2
5.3
7.1
4.3
4.1
5.5
4
4
4.5
5.3
5.4
4.6
4
4
4.1
4
4.1
4.6
4.1
4.4
4
4
4.4
4
4.2
4.1
4.2
4
4
4.3
4.5
7.2
4.1
4.2
4.1
4
4.4
4.8
4.4
4.1
4.8
6.3
4
4.9
8.4
4
4.6
4.2
4.2
4
4
4.4
5.3
4.1
4.1
4
4.4
4.1
5.1
4.1
4
4
4
4
4.8
4
4.2
4
4.2
4
4
4.3
4
4
4.1
4.2
4
7.3
4
4.2
4
4.4
4.3
4.3
4.4
4
4
4.4
4
4.4
4
4.1
4.1
4.1
4.7
4.3
6.1
4.1
4
4
4
4
7.3
4
4
4
4.2
4.1
4.9
4
4.2
4.6
4.5
4
4.2
4
4.2
4.5
4.3
4
4.4
4.1
5.3
4
4.4
5.7
4.1
4.7
4.6
4.2
4
4.1
4.3
4
4.1
5.6
4.3
4.1
4.3
4.1
4.2
4.1
4.4
4
4
4.1
4
4.4
4.6
4.1
4.4
4.1
4
4
4
4
4.1
4
4.4
4
4
4.4
4.2
4.6
4
4.5
4.1
4
4
4.1
4.8
4
4.2
4.1
4.1
4.7
4.7
4
4
4.9
5.4
4
4.3
4
4.2
4.3
4
4
4.1
4
4.2
4.1
4
4.9
4
4.1
4.1
4.2
4
4.2
4.1
4.2
4
4.3
4.3
4.2
4.2
5.4
4.1
4.2
5.7
4.5
4
4
4
4.3
4.4
4
4.1
5.5
5.7
4.6
4.2
4.2
4
4.1
4
4.4
4.8
4.5
4
4.3
4.2
4.7
4.2
4
4.3
4
4.2
4.7
4.1
4.1
4
4
4.1
4.2
4.5
4.1
4.3
5.4
4.3
4.2
4
4.3
4
4.3
4
5.2
4.2
4.2
4.3
4.2
4.4
4.1
4.3
5.4
4.4
4
4
5.5
4.7
4.1
4
4
4.1
4.3
4.1
4.4
4.2
4.1
4.1
4.9
4
5.5
4.1
4
4
4
4.7
4.1
4
4.1
4
4.1
4.1
4
4
4.1
4.1
4.3
4.1
4.3
4
4.1
4
4
4.1
4
4.7
27.4
4.1
4.4
4.1
4.5
4.6
4.2
4.3
4.1
4.7
12.3
4.6
4.8
4.2
4.3
4.4
29.8
4.3
4.1
4.3
4.9
4.7
4.4
4
4
4
4.2
4
4.2
4
4
4.4
4.2
10.6
4.5
4.1
4.7
5.1
4.5
4
4
4
4.1
18.7
4
4
4.2
4.2
4
8.8
4.3
4
4.2
4
4.2
4
7.7
4
4.1
4.4
4.2
4.3
4.2
4.7
4.6
4.1
4.4
4.9
4
4.8
4.2
4.2
5.2
4
4
4.1
4.1
4.1
6.3
4
4.1
4.3
4.2
4.2
4
4.1
4
4
4
4.5
4.5
4.2
4
4
4
4
4
4.2
4
4.2
5.9
4.9
4.1
4.3
4
4.2
4.4
4.1
4
4.3
4
4
4.8
4.9
5.5
4
4.1
5
4.5
4.1
4.5
4.1
4
4.1
4.1
4
4
4
6.7
4.9
4
4.2
4
4.2
4
4
4.9
4
5.1
4.3
4.2
4.7
4.2
4
4.3
4.4
4
5
4.5
5
4.5
4
4.9
4.4
4
4.1
4.1
4.4
4
4
4.4
4.1
4.1
4.3
4
4.4
4.4
4.5
4.1
4.1
4
4
4.3
4
4
4.6
4.1
4.2
4
6
4
4
4.5
4.3
4.1
4.2
4
4
4.1
4
4
4.1
4
4.4
4
4.1
4.1
4
4
4
4.2
4.1
4
4
4.1
4.1
4.2
4.1
4.7
4
4
4.3
4.1
4.4
4
4
4
4.1
4.1
4.2
4.1
6.6
4.1
4
4.1
5.9
4
4.2
4.1
4.9
4
5.3
4.2
4
4
4.4
4.1
4
4
6.2
4.3
4
4.1
4.1
4
13.8
4
4.4
5.6
4.2
4.3
4.3
4.1
4.3
4
4
4.5
4.5
4.2
4.3
4.3
4.9
4.4
4.1
4
4
4
4
4.1
4.5
4
5.8
4
4
4
4.1
4.1
4
4.4
4.2
4.5
4.2
4.2
5.3
4
5.3
4
4.8
4
4.2
4
4
4
4.5
4.8
4.4
4.5
4
4
4.4
5.1
4.6
4
4
4.4
4
4
4
4
4.4
4.1
4.1
4
5.7
4.2
4.3
4
4.2
4.4
4.2
4
4
4
4.4
4.2
4.2
4.1
4.6
4.3
5.1
4
4.1
4
4.4
4
4.8
4
4.4
4.1
4.1
5.2
4
4.2
4.5
4.5
4.8
5.1
4.5
4.1
4.4
4.4
4.5
4.1
4.1
4.5
5
4.4
4.8
4.2
5
4
4.1
6.2
4.1
4
4
6.5
4
4
4
4
4.5
4.6
4.7
4
4.3
4.1
4
4.1
4.1
4.1
4
4
4.1
4.4
4
4.2
4
4.1
4.2
4.5
5.6
4.1
4.2
4
4.6
4
4.4
5.1
7.4
4.1
4.1
4
4.1
4.4
4
4
4.1
4
4.1
4
5.5
4
4.4
4
5.3
4.1
4
4.1
4.3
4
4.7
4
4
4
4.4
4.1
4.3
4
9.4
4.1
4.2
4.1
4.3
4
4.8
4
4.2
4.2
4.7
5
4
4.2
4.5
4
4
4
4.7
4.1
4.3
4
4.1
4.3
4
4
4
4.1
5.3
4.1
4.3
4.1
4.2
4
4
4.2
4.2
4.2
4
30.9
4
5.5
4.2
4.2
4
4.3
4
4.5
4.3
4
4.1
4.3
4
4.4
4.1
5.1
4
4.6
4.3
4.4
4.4
4
4
4.2
4.1
4.2
4.1
4.2
26
4.1
4.6
4.2
4
4
5.9
4
4.9
4.3
4.1
5.8
4
4.5
4.9
4.5
4.7
4.9
4.3
4.6
5.2
5.8
4
4
4.7
6
9
4.4
4
4.5
4.3
4.1
4
4.3
4
4.2
4.4
4
4
4
4.1
4
4
4.2
4.1
4.1
4.1
4.1
4
4
4
4.1
4
5.4
4
4.1
4.5
4.1
4
4
4.1
4
4.5
4.1
4.4
4.5
4.2
4.2
4.3
4.3
4.2
4
4.2
5.4
4.1
4
4
4.2
4
4
4.2
4
4
4.4
4.4
4.8
4
4
4.3
4
4.7
4.1
4.4
4.2
4.1
5.2
4.3
4.3
4.4
4.2
4
4.1
4.1
4.8
5
4.4
4.3
4.2
4
4
4.7
4.1
4
4
4.3
4.2
4.5
4.1
4.1
4.2
4.1
4.5
4.2
4.1
4.4
4.1
4
4.1
4.3
4.1
4.5
4
4
4.2
4.7
4.5
4
4
4.1
5
4.1
4.2
4
4.7
4.1
5
4
4
4.5
4.1
4
4.1
4.3
4
4.5
4
4
4
4
4.6
5.3
4
4.6
4
4.1
4.6
4.1
4.3
4.5
4.1
4
4
4.6
4.3
7.8
6
4.2
5
5.1
4.9
4
4.1
4.7
4.4
4.3
4
4
4.8
4.2
4.1
4.4
4.5
4.2
4.3
4.3
5
5.1
4.3
4.4
4
4.2
5
4
4.6
5.1
5
4.4
4.5
4.6
4.5
4.2
4
4.1
4.3
4
4.3
5.5
4.7
4
4
4
4
4
4.1
4
4.1
4
4.6
4
5.1
4.6
4
4.1
5.2
4
4
4
4
4.1
4.6
5.2
4.8
4
4.5
4
4.6
4.1
4.6
4
4.7
4
4.1
4.3
4.2
4
4.2
5.9
4.6
4.2
4
4.2
4.1
4
4.1
4.3
4.1
4
4
4
4.1
4.1
5
4.2
4.1
4.1
4
4.2
4.2
4.3
4
4.1
5.6
4.2
4.1
4.3
4.4
4.4
4.2
4.3
4.1
4
4
4.3
4.7
4.9
4.4
4
4.6
4
4
4
4.1
4
4
4.1
4.2
4.2
4
4.1
4.7
4.1
4.4
4.3
4.2
5
4
4
4
4.5
4.6
4.2
4.5
4
4
4.1
4.3
4.3
4.5
4
4
4.3
4
4
4.1
4.1
4.5
4.2
4.1
4.4
4.4
4.4
4.9
4.2
4.2
4.2
4.1
4
4.4
5.1
4.6
4.7
4.5
4.1
4.3
4.4
4.3
4
4.6
4
4.2
4.5
10.2
4.4
4.2
4.7
4.1
5.1
4
4.4
4.3
4.5
5.3
4.1
4.2
4.4
5.3
4.3
4.7
5.3
4.2
4
4
4.2
4.2
4.7
4.7
4
4
4
4.4
4.6
4.3
4
4.1
4.8
4.1
4.6
4.3
4
4.2
4
4
4.2
4.2
4
4.6
4.4
5.9
4.1
4
4.3
4.1
4.1
4.2
4.1
5.3
4
4.6
4.1
4
4
4
4.6
4.2
4.3
4.1
4
4.1
4.2
4
4.5
4.3
5.8
4.3
4
4
4.2
4.2
4
4
4.9
6.4
4.1
4.1
4
4.1
4.1
4.2
4.1
4
4
4.1
4.2
4.4
4.6
4.2
4.2
4.5
4.1
4
4.1
4.2
4.6
7.3
4.4
4.9
4.3
4.3
4.8
4.2
4.1
4.3
4.1
5.9
4.3
4.3
4.2
42.3
4.7
4
6.2
4.7
4.7
4.2
4.4
4
4.1
4
4.2
4.2
4.1
4.1
4.3
4
4.1
4.1
4
4
4.1
4.3
4.2
5.3
4.1
4.6
4
5
4.5
4.2
4
4.4
4.2
4.9
4.5
4.2
4
4.2
5.1
4.1
4.1
4
4.3
4.7
4.4
4.1
4
4
4
4.6
4
4.3
4.1
4.2
4
4
5
4.6
4
4.1
4.2
4
4.1
5
4.7
4.2
4.1
4.4
4
4
4
4.2
4.2
4.6
4.3
4
4
4.8
4.4
4.3
4.1
4.5
4.2
4
4.1
4
4
4.5
4.2
4.4
4.7
4
4.3
4.1
4
4
4.2
4.3
4.3
4
4.5
7.5
4.1
4.1
4.6
13.5
4.3
4.9
4.8
5
4.5
4
6.6
4.1
4.4
4.9
4.9
4.7
4.9
4.4
4.8
5.3
4.3
4.9
4
13.8
7.9
4.2
5.2
4.6
4.7
10.6
4.6
9.7
4.2
4.4
4.2
4.2
4
4.8
5
4.1
4.9
4.1
4.1
4.3
4.3
4.2
4
4.1
4
4.4
4
4
4
4.1
4.2
5
4.8
4.5
4.3
4
4
4
4.4
4.1
4.6
5.2
4.2
4.8
4.2
4.2
4
4.1
4.1
4.5
4.2
4.7
4.1
4.5
4
4
4.6
4.2
5
4.4
4
4.4
4.3
4
4.7
4.2
4.1
4.5
4
4.3
4.6
4.6
4.1
4.5
4
4.8
5
4.3
4
4.3
4.1
4.1
4
4.2
4.4
4.3
4.7
4.1
4.4
4.4
4
4
4
4
4.4
4.3
4
4.4
5.8
5
4.4
4.5
4
4
4.1
4.8
4.8
5.4
4.1
4.3
5
4.4
4.4
7.4
4.8
4.7
4.3
4
4.9
4
4
4.1
9.1
4.9
4.1
4.2
4
4
4.5
4.1
4.4
4.7
4.9
4.3
4.1
4.5
4.6
4.2
4.1
4.1
4
4
4
4
4
4.1
4
4
4.2
4
4
4.5
4.6
4.1
4
4.1
4.9
4.2
4.1
4.1
4.6
4
4.5
4
4
4.4
4
4.2
4.6
4
4.4
4
4.1
4
4.3
4
4
4.8
4.5
7.3
4.2
4.9
4
4
4
4
4.4
4.6
4
4.3
4.8
4.2
4.1
4
4
4.5
9.6
7.7
4.3
4.1
4.2
4
4.1
4
4.3
4.4
4.3
4
4
4.3
5
4.2
4.2
4.2
4.9
4
4.1
4.2
4
4.7
4
4.4
4.1
4.2
4.3
4.6
4
4
4.2
4.2
4
4.2
4.3
4
4.6
4.2
4
4
4.1
4.5
4
4.2
36.5
4.2
4
4.1
4.2
4
7.1
7.8
5.2
4.1
4
4.3
4
4
4.2
4.3
4
4
4
4
4.1
4
4
4
4
4.3
4
4
4
4
4
4.4
4
4.1
4
4
4.2
4.1
4
4.3
4.1
4.2
4
5.1
4.1
4
4
4.5
4
4
4.5
4
4.2
4
4.4
4.5
4
5.9
4
4.4
5.3
4
4.1
4.2
4
4
5.1
4.1
4.1
4.1
5.8
7.1
4.2
4.5
4.4
4
4.4
4.4
4
4.2
5.6
5.1
4.3
4.5
4.2
4.8
4.5
4
4.1
12.3
4.4
5.2
4.4
4.4
5.4
4.5
4.1
4.6
4.5
7.6
4.2
6.5
4.2
4.5
6.2
4.1
4.6
4.8
4.7
4.1
4.3
4.5
6.2
5.3
4
4.9
4.7
4.4
4
4.2
4.3
4.1
4
4
4.4
4.9
4.1
4.1
4
5.3
4.1
4.3
4.4
4.4
4.1
4
4
4.1
4.1
4
4.3
4.3
4.3
4
4.4
4
4.4
5.2
4.6
4.5
4
4.1
5.4
4.2
29.4
4
4
4.2
4.7
4
4.2
4.6
4.1
4
4
4
5.1
4.4
4.3
4
4.2
4.4
4.5
4.2
4.8
4.5
4
4.2
4.7
4
4.3
4.3
4.1
4.4
4.9
4.6
4.7
5.6
4.3
4
4.4
5.1
4.5
4
4.9
4.2
4
4
4.6
4.2
4.1
4.4
4
4.4
5.3
4.1
4
4.3
4.1
4.1
4.8
4.1
5.4
4
4.1
5.6
4.1
4.3
4.1
5.5
4.1
4
4
5.1
5.1
4.5
4.8
4.6
6.1
4.1
4.4
4.1
4.6
4.1
4
4.7
4.1
4.2
4
4.1
4
4
4
4.1
4
4
4.4
4.2
4.4
5.2
4.3
4.1
4
4.7
4.6
4.5
4
4.3
4.5
5
4
4.1
4
4.3
4.1
4.4
4.1
4
4
4.1
5.1
4.8
4.1
4.3
4.6
4
4.2
4
4.2
4
4
4
4.1
4
4.1
4
4.4
4.1
4.1
4
4.3
4.2
4.6
4.1
4.1
4
4.1
4
4
4.6
5.1
4.1
7.2
4
4.1
4
4.6
4.9
4
12.2
4.4
4
4.2
4.1
4
4
4.1
4.1
4.4
4
4.2
4.2
4
4.5
4.1
4
4
4.1
4
4.6
4.5
5.2
4.3
4
5.1
4.2
4
4.3
4.1
4.1
4
4.1
4
4.2
5.7
4
4
4.6
4.3
4.2
4
4.2
5.4
4
4.7
4.8
4.7
4.4
4.7
4.1
5.2
4.4
5
5
4.9
4.1
4.4
4.8
4.1
4
4
5
4.3
4.4
4
4
4.1
4.1
4.3
4.4
4
4
4
4
4
4
4
4.1
4.6
4
4.2
4.2
9.5
4.1
4.4
4.1
4.1
4.1
4.4
4.2
4.3
4.4
4.9
4
4
4.2
6.1
4.3
4
4.3
4
5
4.2
4
4.4
4.2
4
4
4
4.3
4
4.1
4.4
4
4.3
4.2
4.1
4
4.1
33.3
4
4
4
4.7
4
4.1
4
4
4.4
4.1
4.1
4.2
4.1
4
4.2
4.2
4.3
4
4.2
4.2
6.8
4.5
4.1
4
8.8
4.2
4.8
4.1
6.8
4
4.7
4.8
4
4.2
4.8
4.3
4.2
4
4.3
4.2
4
4.8
5
4.5
4.7
4.6
4
4.8
4.6
4.4
4
4
4
4
5.5
4.2
4.8
4
4.8
4
4.1
4
4.5
4.3
4
4
4
4.1
4.2
4.5
4.7
4.2
5.2
5.4
4.6
4.9
5.5
5.3
4.1
4.2
5.3
4.1
10.3
4.1
16.3
4.5
4.7
4.8
4
5
4.6
6
7.9
4.4
4.6
4.6
4.6
4.3
4
4.8
4.8
6.5
5.2
4
4.2
4.4
4
4
5.7
4.1
4.3
5.3
4.3
4.3
5
5.1
4.3
4.3
4.1
4.1
4
4.8
4
4.3
4.8
4.7
4.5
4.8
4.1
4.5
4.8
4.8
4.1
4
4.1
4.3
4.2
4.2
4.1
4.5
4
11.5
4.1
4.5
7.4
4
4.1
4.2
4.4
4
4.1
4.8
4.2
4.6
4.3
4.2
4.4
4
4
4
4.2
4
4.1
4.1
4.1
4.1
4.1
4.3
4.4
4.2
4.5
4
4.4
4.2
4.6
4.1
4.1
4.1
5
4.3
4.2
4.1
4.1
5.1
5
4
4.1
4
4
4.1
4.1
4.7
4
4.1
4
4.4
4.5
4.1
4
4
4.7
4
4
5.6
4.3
4
4
4
4.1
4.2
18.1
4.3
4.2
4.5
4.6
4.1
4
4.7
4
4.2
4.1
4.1
4
4.8
4.8
4.3
4
14.9
4.1
4.3
4.6
5
4.1
4.3
17.2
4.2
4.1
4.4
4
4.5
4.1
4.4
4.1
4.1
4
4
4
5.2
4
4
4.1
4.1
4
4
4.9
7.6
4.5
4
4.7
4.1
4.1
5.1
4
4.7
4.2
5.4
4.6
4.5
4.2
4.4
4.8
4.2
4.4
4.1
4.4
4.3
4.1
4
4.1
4.6
5
4.1
4.3
4.4
4.2
4.3
4.9
4
4
4
4.1
4
4.1
4
4
4.2
4.3
4
17.5
4.4
4.7
4
4.1
4
4
4.7
4
10
4
4.4
4.1
4.8
4.5
4.3
4
4.4
4
4.1
4.1
4.5
4.2
4.7
4.2
4
4.1
4.1
4.3
4.1
4.1
4
4.1
4.4
9.3
4.2
4.3
4.3
4.1
4
4.1
4.3
4.6
4.1
4.9
5
6.5
5
4
4
4.2
4.3
4.1
4
5.2
4
4.3
4.7
4.5
4.1
4.5
12
4.1
4
4.4
4.2
4.3
4.1
4.1
4
4.3
4.1
5
4.2
4.1
4.4
4
4.3
4.4
4
4
4
4.3
4
4
4.3
4.2
4.1
4
4
4.1
4.7
5.9
5
4.2
4.5
4.3
5.2
4.8
4.7
4.1
5.6
4.2
4.2
4.8
4.1
4.1
4
4
4.3
4.3
4.5
4.1
4
4.1
4.2
4.1
4.1
4.3
4
4.2
4.2
4
4.2
5.8
4.4
4
4.9
4.9
4.5
4.2
4.1
4.5
4.9
4.5
4
4.4
4.2
4.5
4.6
4.4
4.2
4.4
4
4.3
4
4.1
4
4.1
4.2
4.1
4.9
4.1
4
4.4
4.2
4
4.1
4.1
4.2
4
4
4.2
4.4
5.4
4
4
4
4
4.1
4
4.2
5
4.2
4.4
4.3
4.6
4
4.3
4.1
4.2
4.1
4.1
4.9
4.3
4
4.3
4.5
4
4.3
4
4
4.3
4.5
4
7.2
7.1
4.7
4.5
4
4.2
4
4
4
4.3
4
4
4.1
4
4
4.2
4.1
4.6
4.2
4.8
4.4
4
4.4
4.2
6
4.1
4
4
4
4
4.3
4.7
4
4.5
4.2
4.9
4
4.3
5.2
4.2
4.5
5
4
4.7
4
4.3
4
4
4.2
4.2
7.2
4.2
5.7
4.2
4
6.1
4
5
4
4.3
4
4.2
4
4.2
4.8
4.4
4.2
4
4
4
4.5
5
4
4.1
4.2
4.2
4
4.1
4.4
4
4
4
4.2
4.2
4.6
4.5
4.2
4
4
4.2
4
4.2
4.1
4.2
4.2
4
4.2
4.2
6.4
4.2
4.2
4
4.6
4.2
4.2
4.2
4
4
5.3
4.8
5.1
4.3
4.9
4.3
4.4
4
4.1
4.5
4.3
4.8
5
4.5
4.2
4.3
4.2
4.6
4.1
4.6
4
4.1
4.5
4
6.5
4
4.4
4
4.1
4.1
4
4.3
4
4.3
4.1
4
5.4
4.3
6
4.4
4
4
4
4
4.4
10
4
4
4.1
5.3
4
4.2
4.2
4
4.1
4
4.5
4.2
4.9
4.1
4.8
4.2
4.3
4.9
6
4.2
4
4.2
4.1
4
4.1
4.6
5.2
4
4.1
4.1
4
4.2
4
4.8
4.6
4.4
5
5
4
4
4.6
4.4
4
4.1
6.8
4.3
5.9
4.6
4.7
4
4
4.2
4.4
4.1
4.7
4.1
4.9
4.8
4.4
4.1
4
4.1
4
4.1
5
4.2
4.4
4.3
4.2
4.1
4
5
4.9
4.9
4.8
4.2
5.5
4.4
4.3
6
5.2
7.1
4.5
5.1
5.8
4.5
4.4
4.7
5.2
4.8
4.4
4
4
4.1
4.4
4.1
4.1
4.3
4.3
4
4.3
4.1
4.3
4
4.6
4.1
4
4
4.6
4
4.7
4
4.5
6.1
4.2
4.1
4
4.3
4.4
4
4.2
4
4.3
4
4.1
4
11.3
4.3
4
4.2
4
4.1
4.5
4.1
5
4
4
4
4.3
5.2
5
4.3
4
4
4.2
4.1
4.2
16
4
7.6
4
4
4
4.1
4.1
4
4
4
4.1
4.1
5.1
4
4.8
5
4.2
4.1
4.1
4.7
4.9
4.6
4.6
4
4.2
4
4.7
4
4.5
4.1
4.7
4.1
5.5
4.7
4.7
4.1
4.2
4
4.3
4
4.6
4
4.3
48.1
4.2
4.3
4.1
4.3
4.4
4
4.5
4.1
4
4
4.2
4
4.1
4
4.2
4.4
4.3
4.8
4
4.1
4.9
4
5.6
4
4
5.8
7.3
4.3
4
4
4
4.2
4.2
4.2
4.1
4.1
4.5
4.2
4.7
4
4.1
4.3
4.8
4
4
4.4
4.1
4
4.3
4
4.4
4.5
4.2
4
4.4
4.1
4.1
4.4
4.3
4.1
4.1
4.1
4.1
4.1
4
4.6
4.8
4.1
4.2
4
4.1
4.9
4
4.1
4.1
4.1
4.1
4.1
4.4
4.2
4.2
4.8
5.3
4
4.1
4.1
4.1
4.6
4.3
4.1
4
4
4.4
4.5
4
4.5
4.1
4.4
4.3
4.2
4.2
4
4.2
5.4
4.3
4.3
4
4.5
4
4
6.6
4.2
4.1
4.9
4.3
4.3
4
4.2
4.1
4.1
4.3
4.9
4.1
4.2
4.5
4.5
4.3
4
4.2
4.3
4.4
4.3
4.5
5.5
4.3
6.4
4.2
4.4
4.2
4.6
6.3
4.4
5.2
4.7
4.8
4.2
4.1
4
5.4
4
4.4
4.1
4.2
4.1
4.1
4.2
4
4.1
4
4
4.3
4.1
5
4.1
4.3
4
4
4.4
4.5
4.2
4.2
6.5
4
4.2
12.2
4.1
4
4.1
4.1
5
4.2
4.3
4
4.3
4.6
4.8
4.8
4.1
4
4.1
4.2
4
4.8
4.6
4.8
4.3
10.2
4.1
4.5
4
4.2
4.2
4.5
4.1
4
4.4
4
4
4.4
4.1
5.4
4.2
4.8
5.1
4
4
4.2
4.1
4
4.5
4.3
4.3
4.9
4.2
4.3
4.2
5.7
4.2
4
4
4.3
4.1
4.1
4.3
4.8
4.4
4.2
4.1
4
4.1
4.1
4.5
4
4.4
4.2
4.1
4.1
4.1
4.8
4.1
4.3
4.2
4.1
4.2
4.3
4
4.7
4
4.9
4
4
6.1
4.4
11.1
4.2
4.1
4
4.2
4.3
4
4.7
4.8
4.3
4.5
4
4.2
4
4.2
4
4.1
4.6
4
4.1
4.6
4.8
4
4
6.8
4
4
4
4.3
4
4.1
4.1
4
4.5
4.5
5.1
5.2
4
6.4
4.2
4
4.4
4
4.1
4
4.1
4.1
4.1
4.3
4.8
4
4.5
4
4
4.5
4.1
4.1
4.1
4
4
4
4.8
4.6
5.6
4.3
5.2
5.3
4.9
4.3
4
4
4
4.1
4.1
5.6
4
5
4
4.6
4.7
4.2
12.2
4.3
5
4.5
4
4
4
4.1
4.5
4.8
4.8
4.1
4.6
5.5
4.2
4
4
4
4
7.6
7.1
4.1
4.3
4
5
4
4
4
4.2
4.2
4.2
4.2
4.1
4
4.1
4
4
4.1
4.1
4.6
4
4.3
4.3
4.9
4.1
4.1
4.1
4.4
4
4
4.3
4
4.1
4.2
4
4.1
4.6
5.1
4
4.2
4.1
4
4.3
4.1
4
4
4
4.1
4
4.1
4.2
4
7.4
4
4.1
4.6
4.9
4
4.1
4.1
4
4
4.3
4
4
4
4.2
4.5
6.1
4
5.3
4
4.4
4.6
4.3
4.1
4.1
4.1
4.2
4
4.2
4
4.1
4
4.1
4.1
8.9
4
4
4.2
4.1
4.5
4.5
4
4.2
4.2
4.7
4.3
4.1
5.4
4.1
4
4.2
4.2
4.3
4.8
4.2
4
5.1
4.2
4.8
4.1
4
4.4
4.3
4.2
4.5
4.1
4.1
4
4
4.5
4.4
4.1
4.2
4
4
4.4
4.1
4.2
21.2
5
4.1
4.6
4.1
4.5
4.3
7.7
4
4
4
5.4
4
4.4
4.9
4.3
4.2
4.2
5.8
4.2
4.2
4.5
12.6
4
4.1
4.2
4.1
4.4
4.2
4.2
4.1
4
4.7
5.1
5
4.7
4.4
4.1
4.2
4
5.4
4.4
4.9
4.3
4.1
4.1
4.5
4.2
4.2
4.5
4.5
4.5
4.6
4.3
5.2
4.5
4.2
4.2
4.4
4.7
4.3
4.2
4
4.1
4.1
4.4
5.2
4.7
4
4.4
4.1
4.1
4.1
4
4
4
4
4
4.1
4.1
4
4.1
4
5.2
4.1
4.1
5.3
4.2
5.1
4.1
4
4
4.2
4
6.6
4.6
5
4
4
4.1
4
4.7
4
4
4.7
4.5
5
4.1
4.6
4
4
4.2
4.2
5.4
4.7
4.7
4
4
4
4.1
4
4.1
4.8
4.1
4.2
4.4
4.3
4.4
6.2
4.1
4.1
4.1
4.8
4
4.2
4
4
4.1
4.2
4.4
4.1
4.1
4
4.3
4
4
4.6
4.1
4
4.7
4.3
4
4.6
4.1
4.6
4.3
4.3
4
4.2
5.6
4.6
4
4.3
4.9
4.3
4.1
4.9
4.6
4
4.1
4
5.5
4.1
52.6
4.2
4
4
4.1
4
4.2
4.3
4.2
4.1
4.7
4.5
4.7
4.3
5
4.4
4
4.5
6.1
5.4
4.4
4.1
4
4
4.7
4.6
4.1
4.2
4.4
4
4.1
6.5
4.3
4.1
4.1
4.1
6
4.5
4
4
4.2
4
4.1
4.4
4.6
4.1
4.5
4.1
4.3
4.1
4.3
4.2
4.5
4.4
4.4
4
4.1
4.6
4.3
4
4
4
4
4
4
4.5
4.1
4
4
4
4.3
5.2
4.2
4.5
4.1
4
4.2
4
4
5.6
4
4.2
4.3
4.7
4.1
4.1
4
4.3
4
4
4
4.2
4.1
4
4
4.1
4.2
4
4.1
4.2
4.1
4.3
4.6
4.1
4.8
4.4
4.3
4.6
4.5
4.4
4.1
4.4
4.6
4.8
4.4
4.4
4
4
4.6
4.3
4.3
4.4
5.1
4
4
4
5.1
4.1
4.7
4.4
4.3
4
4.2
4.1
4.1
4.4
4.3
4
4.5
4
4.2
4.1
4.1
4
4
4
4.2
4
4.1
4.2
4.1
4.4
4
4.1
4
4.2
4.5
4.8
4.1
4.1
4
4.1
5.9
4.3
4.1
4.1
4
4
4.1
4.1
4
4
4.3
4.2
4.3
4.1
4.4
6
4.1
4.5
4
4
4.4
4
4
4.1
4
4.2
4
5
4
8.1
4
4.2
4
4.1
4.7
4
4
4.1
4
4
4
4
4
4.7
4.1
4.5
4.1
4.2
4
5.1
4
4.4
4
4.2
4
4.1
4.1
4.5
4.1
4
4.1
4.4
4.2
4.9
4
4
4
4
4.9
4
4.2
4.4
4.1
4
4
4.2
4.2
4.5
4.9
4.1
4.1
5.1
4.3
4
4.2
4
4
4.4
4.7
4
4.3
4.1
4.7
4.1
4.1
4.8
5
4.2
4.2
4
4.1
4.3
4
4.6
4.3
4
4.4
4.2
4.1
4.1
4.4
4.1
4
5.1
4.4
4
5.3
4
6.3
4.3
4.1
7.1
4.1
4.5
4.2
4
4.1
4
4.4
4.9
4.7
4.5
4.9
4.1
4.2
4.1
4.9
4.5
4.4
5
4.6
4.2
5.4
4.1
4.7
5.1
6.5
5.3
4.7
4.9
4.9
4.2
4.8
4.8
5
4.9
4.9
5.5
4.6
4.9
5.8
4.7
4
4.6
4.6
6.1
5.3
4.4
4.2
4.7
4
4.1
8.5
4
4.2
4.1
4.1
4.1
4
4
4
4
4
4.1
4.1
4
4.7
5.9
4.9
4.4
4.3
5
4.2
4.9
4.4
5.8
7.2
4.8
4.5
4.1
4.3
5.5
5
4.3
4.2
4.3
4.2
4
4
4
4
5.3
4
5.1
4.1
4
6.1
4
4
4.1
4.2
4.1
4.8
4.1
5.1
4
4
4
5.3
4
4
4.3
4.2
4.8
4.4
4.3
5.5
4.1
4.1
4
4.2
4.1
4.5
4
4.1
4
4
4.5
6.1
4.1
4.5
4.1
4
4
4.5
4
4.2
4.2
4.5
5
4
4.5
4.3
4.2
4.2
4
4
4.3
5.1
4.3
4
4.6
4.1
4.5
15.4
4.4
4
4.1
4
4.3
4
4.1
4.1
4.4
6.6
4.1
4
8.7
5.9
4
4.1
4.1
6.4
4
5.4
4.3
4
4
4.2
5.1
4.5
4.2
5.6
4.1
4.6
4
4.2
4.4
4.1
4.1
4.3
4
4
4
5.1
4.4
4.9
4.3
4.4
4.2
4.2
4.2
4.5
4.3
4
4.1
4.4
4
4.4
4.8
4.6
4.2
16
4.1
4.4
4.1
4.2
4.3
4.2
4.2
4.2
4.3
4.1
4.6
4.1
4.4
4
4.3
4.4
4
4.2
4.3
4.8
4
4.1
4.2
4
4.9
4.4
4.1
4.1
4
4.3
4.2
4.9
5.5
4
4
4
4
4.6
4.1
4.1
4.5
5.3
4.1
4.9
4
4.1
4.2
4.3
7.1
4
4.3
4.4
4
4
5.9
4.4
4.4
4
4
4.2
4.2
4.1
4.1
4.4
4.7
4.5
4.1
4.3
4.1
4.3
4.2
4.2
5.7
4
4
4
4
4
4.1
4.7
4.1
4.6
4.2
4
4.1
4
4
4.1
4.1
4.1
4.1
4.1
5.5
4
4.7
4.6
4.5
4
4.1
5.6
4.3
4.2
4.6
4
5.9
4.1
4
4.1
4
4.1
4.1
5.1
4
4.6
4.7
5.1
4.7
4.4
4.4
4.6
4.3
4
4.1
20
4
4.3
4
4.6
4.2
4.1
4.9
9
4.1
4.3
4.2
4.1
4.1
5
4.9
5.1
4.2
4.3
4.5
4.2
4
4
4.9
4.2
4.2
4.1
4.3
4.1
4.2
4.1
4.1
4.1
4.1
4.8
5.8
4
4
4.1
4.3
4.6
4
4
4.1
6.1
4
4
4.6
4.1
4.3
4.3
4
4
4.3
4
4
5
4.1
4
4
4.2
4
4.2
4.3
4
4.3
4
4.2
4.1
4
4
5.9
4.6
4.1
8.2
5.5
4
5
4.5
4.5
4
4.1
4.4
4.2
4.7
4.3
4.2
4
4
4
4.3
4
4.1
4.1
4.6
4.2
4
4
4.4
4
4.2
4.2
4.2
4.1
4.2
4.7
4
9.3
4
4.1
4
4
4.3
4
4.4
4.1
4.3
4
4
6
4.1
4
4
4
4.8
4.7
4.2
4.2
4.2
4.1
4
4.2
4.4
4
4.2
4.4
4.3
4.1
4.1
4
4
4.3
5
4.4
4.7
4.1
4.1
4.4
4.4
4.1
4.4
4.1
4.1
4.1
4
4.3
4.5
4.2
4
17.1
4.5
4.1
4.5
4
4.1
4.1
4.3
4.1
4
4.3
4.6
4.5
4
39.2
5
4.2
4
4.4
4.9
4.5
4.1
4.9
4
5.6
4.1
4.7
5.2
4
4.2
4.2
4
4
4
4
6.1
4.2
4
4.2
4.2
6.6
4.1
4.2
4.2
4.2
4
4.3
4.8
4.5
4.2
4.3
4
4.1
4.1
4.4
4
4.4
4.6
5
5
5.4
4.3
4.4
5.1
4.8
4.2
4.1
4.3
4.2
4
4
4
4.2
4.1
4
4.2
4.2
4
4.8
4.1
4.1
4.2
4
4
4.2
4
4
4.1
4.3
4.3
4.3
4
4
4.5
4
4.3
4
4
4
4.4
4
4
5.2
18.1
4
4.3
4.1
4.3
4.3
4.2
5
4.1
4.1
4.5
5.1
5.3
4.9
4.3
4.7
4.4
4.6
4.1
4.1
4
4.3
5.5
4
4.1
4
4
4
4.1
4
4.2
4.1
4
4.2
4.3
4.4
4.5
4
4.1
4.8
4
4.5
4.3
4.7
4.5
4
4.1
4
4
4.3
4.1
4.9
4.1
4
4.7
4.1
4
4
4
4.6
4
4.1
4.2
4
7.5
4.2
4.9
4.4
4.1
4
4.2
4.5
4.1
4.1
4.1
4.2
5.3
4.6
4.1
4.7
4.2
4.1
4
4
4
4.6
4
4.2
4
4.1
4.7
4
4.2
4.4
4.1
4
4.1
4.4
4
4
4.2
4.7
4.2
4.1
4
4.1
5.2
4.1
4
4.1
5
5.4
4.3
4.2
4
4.6
4.1
4
4
4.3
4.4
8.5
4.5
4.5
4.5
4
4.3
4.3
4.3
4.6
4.1
6.4
4
4.1
4.4
4.2
4
4.5
4.1
4.1
4
4.8
4
4.2
4
4.1
4.5
4
4.2
4.1
4.7
4
4.2
4
5.1
4.1
4.4
4.1
4.1
4.2
4.8
4.1
4.6
4
4.1
4.3
4.6
4
4
4.7
4.1
4.1
4
4
4
4.1
4.2
4.3
4
4
4
4
4.2
4.4
4.3
4.9
4.4
5.2
4.3
6.7
4
4.1
4.4
4.3
4.4
5.2
4
4.6
4.2
5.1
4
4.9
4.3
4
4.2
4.1
6.5
4.4
4.5
4.4
4
4.4
4
4
4.1
4.1
4
4.1
4
4.1
4.1
4.5
5.3
4.1
16.2
4.6
4
4.4
4.2
5.7
4
4.1
4
4.5
4.4
4.1
4
4.1
4.3
4
4.5
4.2
4.4
4
4
4.3
4.3
4
4.6
4.1
4
4.4
5.4
4.1
4
4.7
4.1
4.1
4
4
4.3
4
4.2
4
4.3
4
4.4
4.5
4.2
4.6
4.4
4.3
4.1
4.1
4.1
4.1
4
4.6
4
5
4.1
4.3
4.2
4.5
4.1
4.1
4
4.2
4.5
4.1
4.7
4.6
4.4
4.3
4
4.1
4.4
4.3
5.5
4.1
4.1
4.1
4
4.3
4.1
4
4
4
4.1
4
4.2
4
5.6
4.1
4.2
4.8
4
4.2
4.2
4
4.1
4.4
4.1
4
4.2
4.2
4.1
4.9
4.4
4.8
4.2
4.3
4.4
4.3
4
4.2
4.6
4.1
4.2
4
4
4.1
4.2
4
4
4
4.7
4.7
4
4
4
4.2
4
4
4
4
5.4
4.5
4
4.5
4
4.1
4
4
4.3
5.4
4
4
4.1
4.2
4.4
4.8
4.2
4.3
10.2
4.1
4
4.1
7.3
10.6
4.2
4
4.1
4
4.7
5.6
5.3
5.3
4.1
4.2
4.9
4.4
4
4.3
4.4
4.5
4.1
10.2
4
4
4.3
4.6
4.4
4
5.1
5
4.3
4
4.7
4.6
4.1
5.5
4
14.3
4
4.5
4
4
4.8
4.9
4.3
5.1
4.1
4.6
4.5
4.3
5.2
4.8
4.3
4
4.9
4.6
4.2
4.1
5
5
8.5
4.1
4.2
9.6
4.3
4.7
4.4
4.8
4.4
5
4.4
4.4
7.2
4
4.1
4.6
4.1
4.1
4.2
4.1
4
4.4
4.1
4.2
4
4
4
4
5
4.2
4.1
5.6
4.3
4.2
4.3
4
4.5
4
4.3
4.2
4
4.6
4
5.3
5.1
4.6
4.1
4.5
4
4.2
4.2
5.4
4
4.1
4
4.1
4.5
4.3
4
4.9
4.4
4
4.1
4.2
4
4.5
4.2
4
5.7
4.3
4
4.8
4
4
4
4
4.1
4
4.1
4
4.4
4.5
4.5
4.6
4.7
5.2
4
4.5
12.6
4.1
4.4
24.9
4.4
4.4
4.7
4.2
4.2
4.4
4.5
5.2
4.1
4.6
4.6
5.4
4
4
4.3
4
4.8
5
4.7
4.1
4.3
4
4.5
4.6
4.2
4.2
4
4
4.1
6.1
4.3
4.2
4.8
4.4
4.1
4
4.6
4
5.4
4.2
4.1
4.1
4.1
4
4
4
4
4.4
4.5
4
4.2
4.4
4.1
4
4.9
4
4.2
5.3
4
4.1
4.3
4.7
4.7
4.2
4.1
4
4.2
5.1
4.3
4
5.8
4
4
4.2
5.2
4.5
4
4
4.1
4.2
4.1
4
4.1
4.1
4.7
7.7
4.4
5.5
4
4.9
4.1
4.7
4.1
4.7
4.1
4
4.6
4.3
5.8
4.7
4.1
4.3
5.2
4.8
4.2
5.6
4.9
5.3
4.9
4.6
4.3
4.3
5.7
4.1
4.2
4.2
4.2
4
4.1
4.1
5.7
4.2
5
4.8
4.9
4
4
4.2
6.5
4
4.1
4.1
4
4
4.6
4.8
4.1
4
4
5.1
32
5.6
4.3
4
4
4
4.8
4
10
4
4.5
4
4.1
4.2
4.3
4.1
4.1
4
4.9
6.8
4.2
4.8
4.1
4
4
4.1
4
4
4
4
4
4.8
4.1
4.4
4
4.1
4
4.1
4.2
4.2
4.5
4.3
7.3
4
4.3
4
4.3
4.8
4.1
4.8
5.4
4
4.6
6.4
4.9
4.1
4.5
4.2
4.8
4.3
4.2
4.1
4
4.4
4.7
5.1
4.8
5.8
4.7
4.4
4.3
7.5
4.3
4
13.3
4.6
4.5
4
4.1
4.2
4.3
4.6
4
4.1
4.7
4.2
4.4
4
4.3
6.7
4.5
4.5
4.2
6.2
4.7
4
4.2
4.2
4.1
4.4
4.4
4.3
4
4.2
4.3
4.1
4.1
4.3
4.2
36.9
4.1
4
4.6
4
4.1
4.4
4.2
4
4.5
4.1
4.1
4.2
4.2
4
4
5.7
4.2
4
4.4
4
4.8
4.6
4.1
4.1
4
4
4
6.1
4.5
4.4
5.7
4.1
4.6
4
4
5.2
4
5
4.6
6
4.3
4.5
4.1
4.6
4
4
5.2
4
4.1
4.3
4
4.5
5.2
4.5
4.3
4.1
6.9
4
4.8
4.1
4.8
4.1
4
4
4.2
5.1
4.4
4.2
4
4.5
4.2
4.8
4.2
4
4.2
5.1
4.5
4
4.2
4.8
4.5
4
4.6
4.2
4.4
4
4
4.5
4.1
4.7
4.1
4.8
4.4
4
4.6
4.7
4
4.5
4.1
4
4
4.3
4.6
4.3
4.1
4
4.3
4.1
4.5
4.1
4.7
4.1
4
4
4.9
4.3
4
4.1
4.1
4.1
4.2
12
4
4.3
4
4.8
4
5.1
4.5
5.2
4
4.4
4.5
4.5
4.3
4
4
4.4
4.1
4
4.2
4.2
4.5
4.2
4.3
4.9
4.3
4.4
4.1
4.6
5.1
4.1
4.1
4.5
4
4.1
4.6
4.1
4
4.5
4.7
4.4
4
4.1
4
4
4
4.2
4
14.5
4.8
7
4.1
4.5
4.5
4
4.2
4
4
4
4
4.5
4.1
4.1
4.1
4.2
4
4.7
4.5
4
4.1
4.2
4
4
4.9
11
4.2
4.1
4
4
4
4.2
4.5
4.3
4
4.5
4
4.2
4.1
4
4.1
4.1
4
4.3
4
4
4.4
4.5
4.6
4.5
4.3
4.3
4.1
4.5
4.4
4.8
4
4
4.2
4.6
4.1
4
4.6
4.1
4
4.1
4.4
4.3
4
5.5
4
4.9
4.1
4.2
4.1
4.7
4.6
4.1
4.6
4.2
4.6
4.3
4.6
4.7
7.4
4.1
4.6
4.8
4
4
4.4
4.6
8.3
6.2
4.7
4
4.2
4
4.4
4.8
4.3
4.1
6.2
4.3
4.4
7.3
5.2
4.1
4.3
4.7
4.7
4.7
4.6
4
4.5
4.1
4.1
4.1
4.2
4.5
4
4.5
4.4
4.9
4
4
4.1
4.6
4
4.2
4.3
4
4.2
4
5
4.6
4
4
4
4.7
4
4.2
4.7
4.3
5
4.2
4.2
4.5
4.8
4
4.2
4
4.3
4.3
4.3
5.4
4.8
4.9
4.3
4.1
4.6
4.4
4
4.8
4.2
4
4.1
4.7
4.1
4.1
4
4
5.1
4.4
4.2
4
4
4.1
4.3
4.7
4.3
4.1
5.1
4
4.7
4.1
4.2
4
4
4.1
4.1
4.2
4.7
4.2
4.2
5.1
4.3
4.7
4.1
4
4.1
4.2
4.6
4.5
4.7
4.6
4.4
4.1
4.8
4.1
5.4
4
4
4.1
4
4.1
4.2
4
4
4
4.1
4
4
4.2
4.4
4.1
4.1
4
4
10.6
4
4.2
6.2
4.3
4.1
4.2
4.1
4
4
4
4.1
4.3
4
4
4
4
4.1
4
5.1
4.1
4
4.1
4.5
5.2
4.2
6.4
5.6
4
5
4.1
4.2
4
4
5
4
4
4.2
4.1
4
4.4
4.2
4.2
4.1
4.2
4
4.4
5.8
5.8
4.3
4.4
4.8
4
4.4
4.1
4
4.3
4.6
4.5
4.1
4.1
4.1
4.2
4
4
4.2
4.4
4.3
4.2
4.8
4.4
4.4
4
4
4.1
4.7
4.4
4.3
4.2
5.8
5
4.3
4.3
4.2
4.4
4.1
4
4.5
4.3
4.3
4.5
4.3
4
4
4
4.1
5.9
5.1
4.4
4.1
5.1
4.7
4
4
4.7
4.2
4.1
4.3
4.1
4.1
4.2
4.4
4.1
4
4.4
4.6
4.1
4.2
4
4.2
4.2
4
4.4
6.3
4.2
4.1
4.2
5.7
6
4.3
5.4
4.2
4.2
4.2
4.1
4.3
4
4
4
4.1
5.8
4
4
4
4.1
4.5
4.7
4.1
4.3
4
4.3
9.3
4
4.4
4
4
4
4.1
4.1
4.1
4.4
4.2
4.1
4.3
4.3
4.1
4.4
4.4
4.8
4.2
4
4.2
4.7
5.1
4
4.5
4
4
4.1
5
4
4.1
4.4
4.2
4.1
4.2
4.1
5.9
4
4.1
4.1
4
4.3
4.3
4.2
4
4.1
4.5
4.1
4.3
4
4.8
4
4.2
4.5
4.1
4
4.6
4
4.1
4.3
5.8
4
4
4.7
4.1
4
4
4
4
4.1
4.2
4.1
4
4.5
4.7
4
4.2
4.5
4.2
4
4
4
4.1
5.1
4
4.2
5.8
5.3
4
4.2
4
4.3
4
4.1
4.5
4.1
4.1
4.3
4.1
4.4
5
4.4
4.7
4.4
4.3
4.1
4.3
4.1
4
4.2
10.3
4.3
4
4.2
4.1
9.4
4.4
4.2
4.1
4.3
4.1
4.4
4
4
4
4.3
4.6
5
4.4
4
4.1
4.3
4.4
4
4
4
4
5.8
4.2
4.3
4.5
4.2
4.1
4.2
4.9
4
4.4
4
4.2
4.2
4.1
4.1
4.3
4.2
4
4.6
4.1
4.7
4.1
4.1
6.2
4
4
4.2
4.2
4.1
4.1
4.2
4.6
4.7
4.1
4
4.8
4.7
4
4
4.1
4
4.1
4
5.9
4
4.1
4.2
4.3
4.5
4.1
4.1
4.1
4.2
4.5
4
4
5.2
5.6
6.2
4.2
5.3
4
4
4
4.1
4.1
5
4
4.2
4.3
4.1
4.5
4
4.4
4.3
5.4
4.3
4
4
4.1
4.3
4.1
4
4
4.4
4
4
4.1
4.4
4
4.4
4
4.1
4.2
4
4.4
4.2
4.2
4.9
4.1
4.1
12
4.1
20.6
4
4.2
4.3
4.5
4
5.8
4.2
4.1
4
4.1
4.1
4.1
4.8
4.3
4
4
4.1
4.2
6
4.1
4
4.1
4.5
4.1
4.5
4.2
4.2
4.1
4
4.2
4
4
4.2
7.4
4.1
4.1
4.7
4.3
4.6
4.1
4.3
4.3
4.6
4.2
4
4.2
4.1
4
4.4
4.1
5
4.4
4.6
4.5
4.6
4.1
4.5
4.4
4.2
5.4
5.2
4.3
4.3
5.2
4
4.3
4
21.8
6.1
15.7
4
4
4.2
4
4.2
7.9
4
4.1
4.2
4.7
4.2
4
4.1
4.2
4.1
4.4
4.2
4.3
4.2
4.4
4.2
4.1
4.8
4.6
4.4
4.5
4.4
4.2
4.6
4.9
4
4.4
4
4
5.5
4.6
4.5
4.2
4.7
4.6
4.9
4.1
4
4.1
4.4
4
4
4.3
7.9
4.3
4.6
4.5
4.3
4.3
5
4.2
4.1
4.8
4.5
8.2
4.1
4.3
4
4.3
4.7
4.1
4.2
5.6
4.7
4.5
6.3
4.8
4.1
4
4
8.5
4.3
4
4.7
4.1
4
4.5
5.2
4.2
4.3
4.3
4
4.1
4.1
5.4
4.4
4.3
4.2
4.1
4.7
4.3
4
4
4
4
4.3
4.4
4.2
5.1
14.2
4.9
4.4
4.8
4.4
4.3
4
4.3
4
4.3
4
4
4
4
4
5.9
4
4.2
4
4
4
4.1
4.9
4.8
4.1
5.2
4
4.3
4.2
4.1
4
4.7
4
4.2
4.1
4.3
4
5.1
4
4.4
4.3
4.3
4.1
4.1
4.1
4.1
40.6
6.5
4.1
4.2
4
4.3
4.2
4
5.1
4
4
4
4.1
4.3
4
4.3
4
4.5
4
4
4.3
4.3
5.5
4
4.3
4.3
5.8
5
4.3
4.7
4.8
4.2
4.6
4.1
4.8
6.8
4.3
4
4.1
4.1
4.2
4.1
4.5
4.6
4.1
4
4.2
4.3
4.2
4.1
4.2
4.2
4
5.2
22.6
4.4
4.5
4
4.2
4.3
4
4
4.1
4
4.1
4
4.2
4
4
4.5
4.1
4.3
4.4
4
4.1
4.1
4
4.5
4
4.2
4
4
4
4
4.5
4.2
4.4
4
4
4.9
4.2
4
4.7
7.7
4
4
4
4.2
4
4.5
5.7
4.2
4.1
4
4.7
4.8
4.1
4
4
4.8
4
4.2
4.2
4.5
4.3
4.1
4.1
10.6
4.8
4.2
4.5
4
4
5.1
4.3
4
4
4.1
4.9
4
4.1
4
4.3
4.6
4.1
4.1
4
4
5.2
4
4
4.5
4.1
4.8
4.1
4.5
4.4
4.8
4.1
4
4
4
4.4
4.3
9.9
4.3
4.6
4.8
4
4
4.3
4.9
4
4.5
4.3
4.2
4.2
4.5
4.2
4
4.3
4.2
4.1
4.1
4.2
5.7
5.4
4
4.2
4.1
4
19.8
4.9
4.6
4.2
4.4
4.3
4.1
4.3
4.2
4.4
4.4
6.1
4.2
4
5.2
4.5
5.1
4.4
4.3
4.1
4
4.4
4.6
4.6
4
4.1
4.6
4.2
4
4
4.1
4.8
4.2
4.2
4.8
4.3
4.4
4
4
4.1
5.4
4.2
4
4.6
4.8
4.1
4.1
4
4
4
4
4.1
4
5.6
4.5
4
4.3
4
4.1
4
4
4.2
4.1
4.3
4.3
4.9
4
4.1
4
4
4.5
4.3
5
4.2
4.1
4.3
4
4
4.1
4
4
4.1
4
4.4
4.1
4.2
4.1
4
4.1
4
4.3
4
4.4
4.1
4.3
4.4
4
4.1
4
4.4
4
4
4.3
4.7
4
4
4.2
4.2
4
4.2
4.2
4
4
4.2
4.3
4.1
4.3
4.2
4.7
5.6
4.1
4.3
4
4.7
4.1
4.1
4.1
5.2
4.2
4.2
4.2
4.8
4.3
4.2
4.5
4.7
4.4
4.1
5.5
4
4
5.8
4
4.6
4.1
4.1
4.8
4.5
4.6
4.6
4
4
4.1
4
4.8
4.2
4.1
4.4
4.1
4.2
4.3
4
4.4
4.2
4.2
4
4.3
4
4.1
4.3
4
4.4
4.3
4.2
5.5
4.7
4
4
4.4
4
4.1
4.3
4
4.2
4.6
4.2
4.8
4.1
4.2
4.9
4.5
4
5.5
4
4.6
8.2
4.1
4
4.1
22.8
4.2
4.3
4.3
4.4
4.5
4.6
4
4.5
4.9
5
4
4.4
4.1
4.1
4.1
4.9
6.3
4.8
4.3
4
4.4
4
4.6
5.2
5.3
4.1
4
5.1
4.4
4.5
4
4.2
4.4
4.2
4.4
4.8
4.3
4.1
4
4.1
4.2
4.2
5.3
4.1
4.2
4.5
4
4
4.9
4.4
4
4.1
4
4
4.1
4
4.4
4.2
4.1
4.1
4.2
4.7
4.1
4
4.7
4
4
4
4.1
4.2
4.4
4.9
4.1
4
4.2
4.2
4.2
4.5
4.8
4.4
4
4
4.7
4.4
4.7
4.1
4.1
4.2
4.5
4
6.8
4
5.3
4
5.4
4.8
4.5
4.3
4.1
4.1
4.1
4.5
4.1
4.2
4.1
4.1
4.2
4.1
4.7
4.1
4.1
4.2
5.6
4.5
4.5
5
4.3
5.6
5.2
4.7
4.1
4
5.8
5.1
4.1
4
4.3
4.1
4
4.4
4.1
4.1
4.6
4.4
4.2
4
4.7
4.2
4.1
4.2
4
4
7.9
4.4
4.1
4.9
4.1
4
4.3
4.1
4.4
4.2
4.5
4.3
4
5.2
4.1
4.2
4
4.3
4.1
4.3
6.2
6
4.1
6.1
4.2
4.7
4
4
4.1
4
4.1
4.1
4.2
4
4.9
8.2
4.2
5.2
4
4.8
7.6
4.1
4.3
4.3
4.6
4.2
4
4.3
4
4
5.9
4.5
4
5.4
4
4
4.8
4
4
4
4.1
4.2
4.4
4.2
4
4
4.5
4.1
4.4
4
5.2
4.6
4.5
4.5
4.8
4.2
4.9
4.8
4.4
4.4
4.7
4
4.1
4
4.1
4
4
4.2
4.2
4.3
4.8
4
4.7
4.1
4.1
4.1
4.2
4
4
4
4.1
4.4
4.2
4.7
4
4.1
4.2
4.8
4.2
4
4
4.4
4
4
4.6
5.3
4
4.1
4.1
6.7
4
4.4
4.2
4.3
4.5
4
4.3
4.2
5
4.3
4
4
4.7
4.2
4.4
4.6
5.2
4.1
4.1
5
4.5
4.9
4.5
5.2
4
4.1
4.9
4.8
4.6
4.1
4.5
4.1
4.5
4.5
4.3
4.1
4.4
4.1
4.1
4
4.8
4.6
4.3
5.8
4.1
4
4
4.2
4.1
4.3
4.3
5.1
4.2
4.3
14.7
7.6
4.3
4.1
4
4.8
4.6
4.1
4
4
4.4
4
5.7
4.3
4
4.9
4.2
4.4
4.1
4.8
5.1
4
5.2
4
4.5
4.1
6.9
4.2
4
4
5.1
4.1
4.2
5.6
4.3
4.9
4
4.3
4.2
4.2
4.3
4.2
4.4
4
4.8
4.6
4.1
4.1
6.3
5
4.3
4.2
4
4.5
5.3
4.1
4.4
4
4.1
4.1
4.5
4.2
4.6
4
4
4.2
4.3
4.5
4
4.3
4.1
4
4.1
5.8
4.3
4
9.5
4.3
4.6
4.1
4.1
4.4
4.2
5.1
4.7
4.1
4.3
4.2
4.1
4.9
4
4.4
4
4.1
4.1
6
4.5
4.2
5.2
4.2
4.1
4.3
4.4
4.1
4.1
4.9
4.1
4
4.1
4.5
4.4
4.6
4.1
4.6
4.1
5.5
4
4.3
4.2
4
5
4.4
4.8
22.6
4.1
4.2
5
4
4.1
4.8
4.7
4.1
4.1
4
5.9
4.2
4.1
4.2
4.1
5
4.4
4.1
4.2
5.4
4
4.5
5
4.2
5.2
4
7.6
4.3
4.4
4
4.2
4.9
4
4.1
4.3
4
4.8
4
4.1
5.2
5.1
4.6
4.6
4.2
4.7
4.1
4.4
4.3
4.5
4.5
12.8
5.7
4.6
4
4
5.5
4.2
5.3
5.1
4.4
4.1
4
5.5
19.2
4.4
4
4.3
4
4
4.9
4
4.1
4
4
4.1
4
4.6
4.3
4
4.3
5.2
4.7
4
4.9
4.4
4.5
4.3
4.1
5.8
12
4.1
4
4.2
4.2
4
4.2
4.8
4.4
5.5
4.1
6.1
4
4.7
4.9
4
4.1
4.1
4.2
4.1
4.1
4.5
4
4
4
4.4
4.3
4
4.6
4.9
4
4.2
4.3
4
4
4.1
4.2
4.2
4
4.2
4.6
7.6
4
4.4
4.8
4.9
4.1
4
4.3
4.2
4.2
6
4.6
4
4.6
4.1
4.7
5.3
4.6
4.2
4
4.2
4.1
4.5
4.6
4
4
4.1
4.9
4.2
4
4
5.7
4
4.5
4
4.3
4
5.4
4.1
4.3
4.1
4
4.4
4.5
4.3
6.8
4.2
27.5
5.1
4
4.5
4.3
4.1
4
4.1
41.8
4.2
5.3
4.1
4.6
4
10.5
4.5
4
4
5
5.2
4
4
4.5
4
4.4
4.1
4
4.6
4
4
4
4.1
4.9
4.5
4
4.3
4.7
4.3
4.1
4.5
4.7
4
4.5
4.2
4.1
4.1
5.2
4
4.2
4.3
5.5
4.2
4.1
4
5
4.2
4
4
4.2
4.1
4.4
5.6
4
4.4
4
5.2
4.3
4.5
4
4.1
4.7
4.6
4.1
4.6
4.3
72.6
5.8
5.5
4.4
4
4.2
4
4.1
4
4
4
4.1
4
4.3
4.3
5.2
4.4
4.2
4
4
4.6
4.6
16.3
6.6
4.7
4
4.1
4.9
4.1
4.1
4.3
4.1
4.5
4.9
4.2
4.1
5.6
5
4.8
5
4
4
4.1
4
5.3
4.1
5
4
4
4.8
4.4
4
4
4.2
4.2
4.2
4.3
4.1
4.5
4
4.9
4.8
4
4.5
5.2
4
4
4
4.2
4.3
4
4
4.2
4.9
4.2
4.4
4.4
4.2
4
4
5.1
5.5
4
4.9
4.3
4
4
4.8
4
5.3
4.3
4.5
4.3
4.2
4.1
4.8
4.4
4
4
4.8
4
4.3
4.1
4.1
4.1
4.2
4.4
4
4.3
4
4.1
4
4
4
4
4.2
4.5
4.4
4
5.4
4.2
4
4
5.9
4.6
4.1
4
4
5
4
4.1
4
4
4.2
10.4
4.3
4
4.3
4.6
4.2
4
4.5
5.1
4.3
4.1
6.1
4
4.4
24.1
4.1
4
4.3
4.2
5
4.2
4.3
4.9
4.7
4
4.2
4.3
4
4.2
4.3
4.1
4.1
5.2
5
4
4.1
6.8
4
4
4
5.3
4
4
4.1
4.1
4
4
4
4.6
4.2
4
4.3
4.1
4.1
4.2
5
4
4.1
4.3
4.3
4.6
6.1
4.9
4
6.1
4
4.1
4.1
4
4
4.3
4
4.1
4.3
4
6.9
4
4
4.3
4
4.1
4
4
49.9
4.3
5.8
4.2
4.9
4
4.3
4.9
4
4
4.6
4.5
4.2
4.5
4
6.1
4.3
4.1
4.7
4
4.8
4.1
4.5
4.2
4.4
4.1
5.5
4.2
5.6
4
4.2
4
4.9
4.1
4
4
4.3
4.5
5.2
4.4
4.1
4.2
4
4.1
4
4
4.1
4.3
4.6
4.3
4
4
4
4
4.1
4
4.8
4.3
4.2
4.6
4.1
4
4.1
4
6.9
4
4.1
4
4.1
4.1
4.5
4.3
4.3
4
4
4.1
4
4.1
4
4.2
4.6
4
8.2
4.8
4.8
4.4
4
4.1
4.1
4.1
4.7
4.1
4.2
4.1
5
4.2
4.3
4.1
4
4.6
9.3
4
4.4
4.3
4.3
4.5
4.3
4.5
4
6.3
4.7
4.3
4.4
4.2
4.6
4
4.1
4.4
4.8
4.5
4
4.4
4.2
4.3
4.1
4.2
4
4.6
4.1
4
8.2
5
4
4.6
4.2
4.2
4
4
4.2
4.4
4.6
5.4
4.4
4
4.4
4.5
4.3
4
4
4
4.1
4.2
4
4.2
5.4
5.1
4.1
4
7.1
5.3
4.1
4.4
4.1
4.1
4.5
4.2
4.3
4.7
4.2
4
4.1
4.6
4.5
5.3
4
4.3
4.2
4.1
4.6
4
4.1
4
4.2
4.1
4
4
4.3
4
4.1
4
4.1
4.2
4
4.5
4
4.6
5.2
4.1
4
4
5.6
4.2
4.5
4.1
4.1
4.1
4.8
4.1
5.2
4.5
4.1
4
4.1
4
4.3
4.2
4.5
4.4
4.7
4.1
7
4
4.9
4.9
4
4.3
4
5.6
4.7
4.4
4.2
4
4
4
4
4.4
4
4.2
4.3
5.2
5.3
5.1
4.1
4
4
4
4
4.3
4.1
5.4
4.5
5.1
5.3
5.5
4.3
4
4.1
4.1
4.2
4
4
4.3
4.1
4.2
4.1
4.4
4.3
4.6
4.8
4.3
4
4.3
4.1
4
4
4.9
4
4
4
33.3
4
4
4.1
5.6
4
4
4
4.2
5
4
4.1
4.1
4
4.1
7
4.5
4.2
4.6
4.2
4
4.4
4
4.1
4.2
5.9
4
4.1
4.1
5.4
4.1
4.2
4
4.3
4
4.2
4.2
5.9
4.2
4
4.3
4.2
4.4
4
4.3
4
4.8
4
4.1
4.5
4.1
4.1
4
4.2
4
4.3
4.3
4.1
4.1
5.3
4
4.1
4
4.5
4
4.5
4
4.2
4.3
4.9
4
4
4
4.8
4.4
4
4
4.2
4.1
4.2
4.2
4
4
4.4
4.2
4
4.1
4.1
4
4
4.2
4.1
5.7
4
4.4
4.7
4.5
4.2
5.2
4.6
4.1
4.1
4.1
4
4.2
4.1
4.2
4.9
4.2
4.6
4.1
4
4.1
5.5
4
4
6
4.4
4
4
4.4
4
4.1
4.2
4
4
4.1
11.3
4.3
4.2
4.1
6.9
5
4.1
4
4
4.1
4
4
4
4
4.2
4.2
4.7
4.1
7.5
4.7
4.3
4.1
4.4
5.7
4.3
5.3
4.8
4.3
4
5.3
4.5
4.2
4
4
4.3
4.8
4.8
4.2
4.1
4.9
4.9
4.2
5.4
4.3
4
4.3
4.8
4.2
4.1
4.1
4.1
4
5.9
6.1
4.5
4.7
5.3
5.7
4
4.5
4.1
4.9
4.1
4.1
4.1
4.1
4.5
4.2
4.1
4.2
4.5
5.5
5.3
4.6
4
4.1
4
4.1
4.1
4.3
4.2
4.2
4.1
6
4.3
4.1
4.1
4
4
8.1
4.9
4.7
8
4
4
4
4
4
4.2
4.1
4.1
4
4
4
4
5.2
4.3
4
4.2
4.4
4.3
4.2
4.3
4.5
4.4
4.3
4.2
4.6
4.5
4.8
4.5
4.3
4
4.5
4.1
4
4.2
4.2
5.4
5.8
4.3
4.2
4.2
4
4.5
4.2
4.2
4.5
4
4.1
4
4
4.5
4.1
5
4.5
4
4.1
4.1
5.1
4
4
4
4.8
4.3
7
4
4.6
4
4.3
4.3
4.2
4.1
4.4
4
4.3
4.8
4.9
4.8
4
4
4.6
4
4.1
4
4
4
4.2
4.3
4.2
4.1
4.1
5
4
4.1
4.1
4.2
4.1
4
4.2
4
4.2
4.4
4
4.1
4
4
4
4.7
4.1
4
4.2
4.4
19.6
4.2
4
4.2
4
4.1
4
4.2
4.2
4.1
4.6
4.1
4
5
4.3
4
6
4
4.2
4.1
4
4.2
11.3
4.3
4.2
4.1
4
4.6
4.7
4.1
4
4
5.7
4.4
4.1
5
4.1
4.3
4.1
4.1
4.3
4.7
4.1
4.3
4.1
4
4.1
4.1
4
4
4.1
4.2
4.2
4
5.1
4
4
4.2
4.1
4
4
4.1
4.3
4.2
4
4.9
4.2
4.3
4.2
4.3
4.5
4.1
4.1
4
4.3
4.5
4.1
4.5
4.1
4.1
4
4.1
4.7
4.4
4.3
4.1
4
4
7.6
4.7
4
4.6
4.1
4
4.2
4.1
4.2
4
4
4.1
4.2
4.8
4.1
4.4
5.6
4.2
4.8
4.7
4.2
13.3
4.1
4.1
4.1
4.8
4.5
4.2
4
4
4
4.4
19
4.2
4.2
4.7
4.1
4.3
4.3
4.5
4
4.2
4
4.1
4.6
4.4
4
4.5
4.6
4.1
4.5
4.1
4.4
4
4.4
4.2
4.5
4.3
4.5
5.4
4.6
4
4.2
4.5
4.1
4.5
4
4.4
4.2
4.2
4.9
4.4
5.6
4
4.6
4
4.4
4.4
5.5
4.4
4.1
8.2
4.1
4.3
4
4.1
4.1
4.7
4.2
4.1
4.6
4.4
4.3
4
4.4
4
4.2
5
4.4
4.1
4.6
4.5
4.7
4.3
4.7
4.3
4.8
4.8
4
4.2
4.1
4.4
5.2
4.4
5
4.6
4
4.2
4
4.2
4
4
4
4
4.2
4
4
4
4
4
4.1
4
4.2
4
4
10.8
4
4
4
4
4
4.1
4
4
4
4
4.2
4
4
4
4
4.1
4.4
4
4
4
4.1
4
4.2
4.1
4.1
4
4
4
4
4.1
4.3
4
4
4
4.3
4
4
4
4.9
4
4
4
4.6
4.3
4.1
4
4
5.9
4
4
4
4.1
4
4.1
4.1
4.2
4
4
4.1
4.1
4
4.1
4
4
17.7
4.1
4
4.1
4
4.1
4
4
4
4
4
4.1
4.1
4
4
4
4
4
4
4.1
4
4.1
4
4
4
4.4
4
4
4
4
4
4
4.3
4.4
4.1
4
4
4.1
4
4.1
4
4.3
4
4.1
4.2
4
4.1
4
4
4.1
4.1
4
4
4
4
4
4.1
4.1
4.1
4.1
4
4
4
4
4.7
4.1
4.1
4
4.2
4.1
4.5
4
4.2
4
4.1
4
4
4.1
4.1
4
4
4.8
4
4
4
4
4
4
4.1
4
4
4
4
4
4.1
4
4
4.7
4.2
4
4.1
4
4.1
4.1
4
4
4.1
4.1
4.1
4.1
4
4
5.8
4.3
4.3
4
4.1
4
4
4
4.1
4
4
4.3
4
4
4
4
4
4.1
4.1
4.1
4.1
4.1
4
21.4
4.1
4
4
4.1
4.1
4.1
4
4
4.2
4.2
4
4
4
4
4.2
4.1
4.1
4
4
4
4
4
5
4.1
4
4.3
4.1
4
4.1
4
4.1
4.1
4
4
4.2
4
4
4.1
4
4
4.1
4
4
4.1
4
4
4
4.5
4.1
4
4
4
4
4.1
4.1
4.1
4.3
4
4
4
4.2
4
4
4
4
4.4
4
4
4
4.1
4
4.1
4
4.6
7.6
4
4.1
4
4.1
4.1
4.2
4.1
4
5.4
4.1
4.1
4
4
4
4
4
4.3
4
4
4.1
4
4
6.1
4
4
4
4
4
4
4
4
4.2
4
4.1
4
4
4.1
4
4
4
4
4
4
5.6
4.1
4.1
4.1
4.2
4
4
4
4
4.1
4
4
5.6
4.5
4.1
4
4
4
4
4
4
4
4
4
4
6.4
4
4.6
4
4
4
4
4
4
4
4.1
4
4.3
4
4
4.1
4
4
4
4
4
4.1
4
4.1
4
4
4
4.1
4.2
4.1
4
4.2
4
4.1
4.2
4.2
4
4
4
4.1
4.2
4.2
4
4.3
4
4
4
4.3
4
4.3
4
4.3
4
4
4
4
4.9
4.1
4
4
4.1
4
4.1
4
4.2
5.8
4
4.1
4
4.2
4.1
4
4.1
4
4.1
4
5.1
4
4.1
4.1
4
4.1
4.1
4
4
4
4
4
4
4
4
4.2
4
4
4
4
4.2
4
4
4.3
4
4.1
4
9.6
4.1
4
4
4.1
4
4
4
4
4
4.2
4
4.2
4
4
4
4
4
4.1
4.1
4.1
4.1
4
4
4
4
4
4
28
4
4
4.4
4.1
10.7
4.2
4.1
4.1
6.2
4.3
4
4.4
4
4
4.1
4
4
4
4
4
4
4
4
4
4.3
4
4.3
4.2
4
4
4
4
4
4
4.1
4
4.1
4
4
4
4
4
4.1
4
4
4
4
4
4.1
4
4.1
4.1
5.5
4
4
4.1
4
4
4
4
4.1
4
7.5
4
4.1
4
6.4
4.2
4
4.1
4
4
4.1
4
4
4
4
4
4.3
4
4
4.3
4.3
4
11.3
4.2
4
4.2
4.1
4
4
4
4.2
4
4
4
4
4
4
4
4
4
4
4.2
4
4.2
4
4
4
4
4.1
4
4
4
4
4
4
4.1
4
4
4.1
4
4
4.1
4
4
4
4
4
4.2
4.1
5.7
4.1
4
4
4
4.2
4.1
4.1
4.1
4.1
4
4
4
4
4
4
4
4.1
4
4
4.1
4
4
4
4
4.1
4
4.1
4
4.4
4.1
4
4
4
4.1
4
4
4.1
4
4
4
4.1
4
4.1
4.1
4
4.1
4
4
4
4
4
4
5.1
4.1
4.6
4.1
4
4.2
4.1
4.1
4
4
4
4
4
4.1
4.3
4.2
4
4.1
4
4
4.2
4
4
4.1
4
4.2
4
4
4
4
4
4
4
4
4.1
4
4.1
4
4
4
4
4
4
4.3
4
4
4
4.1
4.1
4
4.1
4.1
4.2
4
4.1
4
4
4
4.1
4
4
4
4
4.1
4.4
4
4
4
4.1
4.3
4
4.2
4
4.1
4
4.1
4
4
4
4
4
4
4
4.1
4.3
4.5
4
4.2
4
4.1
4
4
4
4
4.2
4.2
4.2
4
4
4.1
4.1
4.1
4.1
4
4
4.1
4.1
4
4
4.1
4.1
4.2
4
4.2
4
4
4
4.2
4
4.1
4.1
4.2
4.1
4
4
4.9
4.3
4.1
4.1
4.1
4
4.2
4.1
4
4
4.1
4.1
4
4
4
4.2
4.1
4
4.2
6.7
4
4
4
4
4.1
4.2
4
4
4
4
4.2
4
4
4.1
4
4
4.2
4.1
4
4
4
4.2
4
4.1
4
4
4
4
4.1
4
4
4
4
4.1
4.1
4.3
4.1
4
4
4
4.1
4.4
4
4
4.2
4.1
4
4.2
4
4.1
4
4
4
4
4
4
4
4
4
4
4.1
4
4
4
4.1
4
4
4
4.1
4
4.1
4.1
4
4
4.1
4.1
4
4.2
4.2
4
4.1
4
4.1
4
4.2
4
4.1
4
4.1
4
4
4
4
4.6
4.1
4.1
4
4.1
4.2
4
4
4
4
4
4
4.1
4.5
4.2
4
4.1
4
4
4.1
4.3
4
4
4.3
4.1
4.1
4.2
4.2
4
4.4
4.1
4
4
4.1
4
4.2
4
4
4
4
4.1
4
4
4.1
4.4
4.1
4
4
4.2
4
4
4.1
4
4
4
4
4.1
4.1
4.2
4
4
4
4
4
4
4.1
4
4.5
4
4
4.2
4
4.1
4
4
4.1
4
4
4
4.1
4
4
4.4
4
4.1
4
4
4
4
4
4
4
5.7
4
4.1
4.1
4.1
4.5
4
4
4
4.1
4.1
4.1
4.1
4
4.1
4.1
4
4
4.1
4
4.4
4
4
4.2
4.1
4.2
4
4
4
4
4
4
4
4
4.1
4
4.1
4.1
4
4
4.1
4.9
4.1
4
4.1
4
4.1
4.4
4
4
4
4
4
4
4.1
4
4.1
4
4
4
4
4
4
4.1
4
4
4.1
4.1
4
4.4
4
4.1
4
4.2
4.4
4
4
4
4.1
4
4.3
4
4
4
4.1
4.1
4.1
4.1
4.3
4.1
4.1
4.1
4
4.3
4.1
4
4
4.1
4
6.4
4.2
4.1
4
4
4.1
5.1
4
4
4
4.1
5.6
4.2
4
4.1
4
4.2
4
4
4
4
4.1
4.1
4.2
4
4.4
4
4.2
4.3
4.1
4
4
4.1
4
4
4
4
4
4.1
4
4
4
4.1
4.2
4.2
4
8.9
4.2
4
4
4
4
4
4
4.2
4.2
4.3
4
4
4.1
4.2
4
4
4
4.1
4
4
4.1
5.1
4.1
4.1
4
4
4.4
4
4.3
4.1
4.1
4.1
4.2
4
4.1
4
4
4.1
4.2
4.1
4.1
4
4.1
4.3
4
4
4.2
4
4
4.1
4.5
4.3
4
4
4.2
4
4.2
4
4.1
4.1
4
4
4
4
4.1
7.9
4.1
4
4.1
4.3
4.2
4
4
4
4.2
4
4
4
4
4.1
4
4.4
4
4.3
4
4.1
4
4
4
4
4
4.1
4.2
4
4.1
4
4
4.1
4
4.1
4
4
4.5
4
4.1
4.9
4
4
4
4.1
5.7
4
4
4.3
4.4
4
4.3
4.1
4
4
12.5
7
4
4.1
4
4
4
4
4.1
4
4
4
4
4
4
4.2
4
4
4
4
4
4
4
10.4
4.8
4
4
4.2
4
4.2
4.3
4
4
4.2
4.1
4.1
4
4.1
6.1
4
4.3
4.9
4.1
4.5
4
4.5
4.3
4.3
4
4.1
4
4
4
4.2
4
4.1
4
4.3
4
4
4
4
7.2
4
4
4.1
4.2
4.1
4.1
4.1
4
4
4
4
4
4
4.1
4.8
4
4
4.2
4.1
4
4
4
4
4.1
4.1
4
4.8
4
4
4
4.1
4
4.1
4
4
4.3
4
4
5.8
4.1
4.1
4
4
4
4.1
4.3
4
4
4
6.9
4.1
4.1
4.4
4.2
4.1
4
4.1
4.3
4.1
4
4
4
4.1
4
4
4.2
4.2
4.1
4.1
4.1
4
4
4.1
4
4
4.2
4
4.1
4
4.1
4
4.1
4
7.1
4.1
4
4.1
4.1
4.4
4.2
4
4
4
4
4
4
4.1
4.1
4
4.2
4
4.2
4.1
4.1
4.4
4
4
4
4.3
4
4
4.1
4.1
4
7.6
4
4.1
4
4
4
4.2
4
4
4.1
4
4
4.1
4.1
4
11.4
4.2
4.1
4.2
4
4.6
4.1
4
4
4
4
4.1
4.1
4
4.1
4
4.7
4.4
4
4.1
4
4.1
4
4.1
4
4.2
6.4
4
4
5
4
4
4
4.1
4.1
4
4.2
4
4
4
4
4
4.1
4.2
4
4
4.6
4
4
4.2
4.2
4.1
4.1
4.3
4
4.4
4
4.2
4
4.3
4
4
4
4.1
4
4.1
9.4
4.1
7.2
4
4
4
4
4.1
4.2
4.1
4.1
4
4
4
4
4
4
4
4.1
4
4
4.2
4.1
4.5
4
4.3
4
4.2
4
4.2
4
4.2
4
4.1
4
4.1
4
4.1
4
4
4.1
4
4
4
4
4
4.1
4.1
4
4.1
4.5
4.1
4
4
4.2
4
4.6
4
4.1
4.3
4
4.2
4.4
4
4.3
4
4.2
4
4
4.1
4
4
4
4
4.1
4.3
4
4.1
4
4
4
4
4.2
4.1
4
4.1
4
4.2
4
4
4.1
4.3
4.6
4
4
4.1
4
4
4
4.1
5.6
4.3
4.1
4.2
4
4.1
4.1
4.1
4.2
4
4.1
5
4
4
4
4
4
4.1
4.4
4.2
4
4
4.1
4
4
4
4.1
4.2
4
4.8
4
4.3
4.1
4.3
4
4.2
4.1
4.1
4
4
4
4.4
4
5.5
4
4.1
4.1
4.2
4
4.3
4
4
4
4.2
4
4
4.2
4
4
4
4
4
4.1
4
4
4
4.2
4
4.2
4
10.9
4.1
4
4
4.3
30.2
4
4.2
4.1
4
4
4.1
4.1
4.1
4.9
4
4
4
4
4
4
4
4
4
4
4.2
4.2
4
4
8.7
4
4
4
4.3
4
4.2
4
4
4.2
4.1
4.3
4.2
4
4.2
4.4
4
4.1
4
4
4.7
4.1
4
4.1
4
4
4
4
4
4.1
4.4
4
4.2
4
4.1
4.1
4.1
4.1
4
4
4.1
4
4
4.2
4
4.2
4.2
4.4
4
7.9
4
4.1
4.1
4.1
4
4.1
4.1
4
4.2
4.5
4
4
4
4
4
4.1
4.2
4.2
4
4
4.1
4
4.1
4
4
4
5.7
4
4.1
4.2
4
4.1
4
4
4.1
4.2
4.2
4
4.6
4.2
4
4
4
4.1
4
4.3
4.1
4
4
4
4.1
4.1
19.8
4
4
4.2
4.1
5.6
4
4.4
4
4.3
4
4
4
4
4.1
4
4
4
4
4.1
4
4.9
4.2
4
4.1
4
4.1
4
4.1
4.1
4
4
4.1
4.1
4.2
4
4
4
4
4
4
4.3
4.1
4.1
4
4
4.1
4.2
4
4.3
4.1
4
4.8
4.1
4.1
4.1
4
4
4.1
4
4
4.2
4
4.5
4.2
4.2
4.1
4.2
4.1
4
4.3
4.3
4
4
4
4
4
4.1
4
4
4.2
4
4
4.1
4
4
4.2
4.1
4.2
4
4.1
4
4
4.1
4
4
4
4.3
4
4
5.1
4.2
4
4.2
4
4
4
4
4
4.1
4
4
4
5.3
4
4
4.2
4
4.1
4.1
4.1
4.1
4.1
4
4.1
4.1
4.1
4
4
4
4
4
4.1
4
4
4.1
4
4.1
4
4.1
4
4.2
4
4.2
4
4
4
4
4
4.3
4.2
4
4
4.2
4
4
4
4.1
4
5.3
4
4
4.2
4.3
4
4.2
4
4
4.2
4.5
4.1
4.1
4
4.2
4
4.5
4.2
4
4.1
4.8
4.8
4
4
4
4.1
4
4
4.1
4.2
4.4
4
4.3
4.3
4
4.5
4.3
4.1
4
4.1
4.1
4.4
4
4
4
4.2
4
4
4.2
4.1
4.1
4
4
4.1
4.1
4.1
4.1
4.2
4
4.1
4
4.3
4.2
4
4
4.1
4
4
4
4
4
4.1
4.1
17
4
4
4.3
4.1
4.1
4.1
4
4.1
4
4.3
4
4
4
5.2
4.2
4
5.8
4.2
4.1
4
4.1
4
4
4.1
4
4
4.5
4
4.1
4
4.1
4
4
4.6
4
4
4.2
4
4.2
4
4
4
4.1
4.2
4.1
4
4.1
4
4
4.1
4.1
4.1
5
4.2
4
4.1
4.1
4
4.2
4
4
4
4
4
4.1
6.7
4
4.6
4.5
4
4
4.1
4
4
4.1
4.1
4
4.1
4.1
4
4.2
4.1
4.1
4
4
4
4.5
4.5
4.1
4.2
4.1
4
4
4.2
4
4.1
4
4.1
4
4
4
4
4
4.1
4
4.5
4
4
4
4.6
4.2
4.2
4.1
4.1
4
4.3
4
4.1
4
4
4
4
4.1
4.4
4.2
4
4
4
4.1
4
4.1
4
4
4
4
4
4
4
4
4
4.3
4
4
4.3
4.1
4
4.1
4.1
4.1
4.3
4.2
4.1
4.2
4
4.1
4
7.2
4
4.1
4
4.1
4
4.2
4.7
4.2
4.3
4.3
4
4
4.1
4.1
5.6
4.2
4.3
4.1
12.3
4.1
6.6
4
4
4
4
4
4.3
4.7
4.5
4
4
4
4.1
4
4.1
4.1
4.3
4
4
4
4.1
4
4.1
4
4
4.3
4
4
4
4.2
4
4
4
4
4
4
4
4
9.7
4
4.1
4.2
4.2
4.4
4
4.5
4
4
4
4
4.1
4
4.2
4.1
4
4
4
4
4.2
4
4
4.1
4.1
4.2
4
4.1
4.1
4
4.2
4
4
4
4
4.1
4
4
4.2
4
4.4
4
4.2
4
4
4.4
4.1
5
4.8
4
4
4
4
4
4.3
4.3
4
4
4.1
4
4
4.1
4.1
4.1
4.5
4.3
4
4.2
4
12.6
4
4.1
4.1
4
4.8
4
4
4.1
4.2
5
4.1
4
4
4
4
4.6
4
4
4
4.3
4
4.2
4.1
4.5
4.1
4.5
4.2
4.1
4.2
4
4
4
4.2
4.1
4
4
4.1
4
4.2
4.1
4.4
4.2
4
4
4.3
4.3
4.1
4
4.2
4
4.1
4.1
4.1
4.1
4
4.8
5.7
4.1
4
4.2
5.6
4
4
4.1
4.6
4.3
4.8
4
4
4
4
4.2
4
5.1
4
4
4.9
4.1
4.1
4.1
4.1
4.1
4
4
4.8
4
4.3
4.1
4.1
4
4
4
4.4
4
4
4.1
6.1
4.4
4
4
4.3
4.2
4
7.6
4
4
4.1
4
4
4
4
4.1
4.1
4
4
4
4.1
4.1
4
4
4.3
4
4.1
4
4.3
4.1
4
4.2
4
4.1
4
4
4
4.1
4.1
4
4.2
4
4.3
4
4
4
4.1
4
4
4.1
4
6
7.8
4
4.1
4.5
4
4
4
4
4.2
4
4
4.2
4.3
4.3
4.4
6.1
4.8
4.2
4
4
4
4
4
4
4
4
4.6
4
15.1
4.3
4
4.1
4.2
4.2
4.1
4
4.1
4
4.3
4
4
4
4.2
4
4
4.5
4
4
4.3
4
4
4
4
4
4
4
4.3
4.1
4
4
4
4
4
4.1
4.1
4
4
4
4
4
4.1
4
4
4.1
4.6
4
4
4.1
4.1
4.4
4
4
4
4.1
4.2
4.2
4
4.1
4.1
4
30.3
4.2
4.2
4.1
4
12.5
4
4
4.3
4
4
4.1
4
5.4
4
4
4.1
4.2
4.3
4
4.2
4
4
4.2
4
4
4
4
4
4
4.1
4.2
4.1
4.1
4.1
4.2
4
4
4
4.2
4.3
4.1
4.2
4.2
4.3
4
4
4
4
4
14.6
4
4.3
4
4.2
4.1
4
4.1
4
4
4
4
4.6
4.1
4
4.5
4.6
4
4.2
4
4.2
4
4
4.1
4.2
4
4.2
4.1
4
4
4.1
4.2
4.1
4.3
4
4.3
4.1
4
4
4
4
4.3
4.1
4.2
5
4
4
4.3
4
4.2
4.8
4
4
4
4.1
4.3
4.3
4.1
4
4.1
4
4
4
4.1
4.4
4
4.1
5.6
4.1
4
4.2
4.3
4
4
4
4.1
5.8
4
4.1
4.1
4
4
4.1
4
4.1
4.1
4.1
4.3
4
4.5
4
4.3
4.1
4.1
4
4.2
4.3
4.2
4
4.2
4
4.2
4.3
4.1
4
5.7
4
4
4.4
4.1
4.1
4
4.1
4.2
4.3
4.2
4.1
4.1
4
4.3
4.7
4.2
4.1
4.2
4.4
4
4
4.1
4.1
4
4.2
4.1
4
4.8
4
4.3
4.1
4.1
4.4
4.5
4
4
4.1
4
4.1
4
4
4
4
4
5.3
4
4.1
4.5
4.2
4.1
4.2
4.1
4
4
4.1
4
4
4
4.2
4
4.1
4
5.7
4.3
4
4.3
4
4.2
4.3
4.4
4.1
4.4
4.3
4.2
4.1
4
4
4
4
4.3
4
4
4.1
4.1
4.9
4.1
4
4
4
4.1
4
4
4
4
4
4
4.7
4.1
4.5
4
6.9
4.8
4
4.2
4.1
4.1
4
4.1
4.8
4
4.3
4
4
4.1
4.1
4
5.7
4.3
4
4
4.3
6.7
4
4
4
4.3
4
5.2
4
4
4.2
4.4
4
4
4
4
4.5
4
4
4.1
4
4.1
4.3
4
4.3
4
4
4
4.1
4.1
4.1
4
4.3
4
4
4
4
4
4.3
4
4.2
4.3
4.1
4.3
4.2
4
4.3
4
4.1
4.6
6.3
4
4.4
4
4
4.2
13.4
4.4
4
4
4
4
4.1
4
4
4
4.3
4.1
4
4.2
4.1
4.2
4.1
4
4.4
4
4
4.1
4
4
4
4.1
4
7.9
4
4.1
4.4
4
4
4.1
4
4.2
4
4
4
4.1
4
4
4
4
4.9
4
4.2
12.3
4.2
4.7
4
4.4
4.2
4.1
4.1
4.1
4.1
4
4
4.3
5.4
4.1
4
4.1
4
4.1
4
4
4.1
4.2
4.3
4
4.2
4
4
4
4.1
4.3
4
4
4
4.1
4.1
4.8
6.8
4
4.2
4
4.2
4.1
4
4.5
4.2
4
4.1
4.4
4
4.1
4.4
4
4
4.6
4.1
4
4
4
4
4
4
10.3
4.1
4
4
4
4
4
4.3
4
4
4
4.2
11.7
4.5
4
4.8
4
4.1
4
4
4.1
4
4
4
4
4
4.2
4
4.1
4.3
4.1
4
4
4.2
4
4
4
4.2
38.3
4.1
4
4
6.6
4.2
4
4
4.2
4.2
4.1
4
4.3
4.1
4
4.1
4.1
4.6
4.1
4
4
4.1
4.1
4
4.2
4.1
4.2
4
4.1
4
4
4.2
4
4
4.4
4
4
4
4
4.1
4.2
4
4
4.1
4
4
4
4.5
4.1
4.2
12.7
4
4
4
4.2
4
4.2
4
4.2
4.1
4
4.8
4
4.1
4.1
4.1
4.3
4
4
4
4
4.2
4.4
4
4.5
4.4
4
4
4
4.2
4.2
4
4
4
4.2
4
4
4
4.1
4.1
9.8
4.7
4
4.4
4
4
4.8
4
4.1
4.5
4
4
4.1
4
4
4.2
4.1
4
5.2
4.1
6.6
4
4.1
4
4
4.6
4.1
4.1
5.6
4
4
4.3
4.1
4
4.3
5.6
4.1
4
4.5
4
4
5.3
4
4.4
4
4.1
4.6
4.7
4.1
4
4
7.2
4
4
4.2
4
4
4.1
4
4.8
4
4
5.2
4
4
4.1
4
4.1
4
4
4
4
4.4
4.4
4
4
4.1
4.1
4.1
4
4.2
4
4
4.2
4.3
4.3
4
4
4.1
4.3
4.5
4.2
4
4
4.2
4.1
4
4
4.2
4.1
4.1
4
4
4
4
4
4.1
4.2
4
4
4
4
4
4
4
4.3
4
4.2
4.4
4
4.3
4
4.2
4
4.1
4.3
4.1
4
4.1
4
4
4
4.1
4
4.7
4.2
4
4.8
4
4.2
4
4.1
4.1
4
4
4
4
4.2
4.5
4.1
4.1
4
4
4.1
4
4
4.1
4.1
4.4
4
4.2
4.1
4.5
4
4
4.3
4
4
4
4
4.5
4
4
4.1
4.1
4.2
5.5
4.4
4
4.4
4
4
4.6
4
4
4
4.1
4.4
4
4.2
4.8
4.2
4
4
4
4.2
4
4
4
4.1
4
4
4
4
4.3
4.2
4
4
4.1
6.1
4.2
4
4
4
4
4.1
4.1
4
4
4
4.9
4
4
4.2
4
4
4.1
4.2
4
4.2
4.4
4
4
4
4.3
4.1
4
4.5
4
4.3
4
4
4.4
4
4
4.1
4
4
4
5.2
4
4.1
4.2
4
4.2
4
4.1
7
4.1
4
4.3
5.4
4.1
4.3
4
4
4
4
4.1
4.1
4
4
4
4.4
4.3
4
4.7
4
4.9
4.2
4.1
4
4.4
4.2
4
4.3
4
4
4
4
4
4.2
4
4
4
7.4
4
4.1
4.1
5.1
4.1
4.1
4
4.2
4.2
4
5.1
4.6
4
4.3
4
4
4.2
4
4
4
4.1
4.2
4.1
4.1
4
4
4.3
4.6
4.6
4
4
4.1
4.1
4.2
4.3
4.5
4.3
4
4.4
4.2
4.1
4
4
4
4.2
4.2
4.1
4.2
4
4
4.1
4.4
4
4
4
4.4
4
4
4
4.6
4
4
4
4.1
4.1
4
4
4
7.2
4.1
4
4.1
4
4
4.2
