10876 34740
25.9238
17.0381
4.14286
14.3048
5.49524
8.06667
15.8381
7.44762
19.781
17.2571
28.0381
7.13333
14.6762
10.2095
24.9429
11.2095
4.84762
22.8381
6.64762
31.8857
30.1429
14
4.50476
15.4952
4.01905
31.0286
25.2667
4.38095
4.61905
5.60952
5.25714
6.75238
9.2
9.49524
7.37143
5.69524
16.0762
16.2
22.6857
16.4286
4.25714
17.8381
39.6095
20.1714
7.73333
9.47619
25.4857
16.6286
4.53333
20.9524
8.57143
11.0381
18.6571
7.08571
13.9048
30.4
5.55238
13.7714
9.87619
8.19048
20.7714
23.1905
45.181
17.3238
5.72381
19.3048
7.74286
5.65714
28.619
4.6381
33.7143
12.7619
13.3333
10.6476
36.0571
11.981
10.2571
11.4857
14.3333
14.181
12.0857
7.12381
6.78095
21.4286
9.13333
15.5905
29.1714
17.1048
7.40952
11.4286
8.75238
10.5905
4.24762
21.1619
7.88571
8.62857
17.1429
23.7333
6.68571
17.3238
26.1048
24.5333
16.7333
4.34286
11.9905
22.6476
17.2857
4.17143
4.21905
23.9048
14.8
11.2381
22.5048
11.5429
11.5238
11.2762
7.2
13.6571
22.6476
11.8857
32.5143
8.33333
9.75238
8.21905
4.42857
34.7619
21.5238
31.6095
37.6476
34.5905
14.6381
19.1333
16.3333
5.84762
23.4476
19.7619
22.2571
17.4857
16.8762
6.12381
17.5333
31.8381
13.9048
20.9714
5.34286
26.6095
21.1524
18.7905
16.0381
13.9048
9.26667
26.9524
21.7714
15.1524
12.5524
18.2667
19.8095
10.3333
6.97143
8.98095
13.8571
25.381
15.4286
14.9905
25.2381
17.8857
12.9429
9.45714
20.1238
6.86667
14.1048
13.5714
8.99048
10.4667
4.62857
4.6381
14.8667
19.7905
23.5143
21.5524
18.8762
28.7048
7.21905
37.0476
18.5048
11.6667
10.819
9.69524
13.981
46.7714
23.8286
17.781
13.6095
13.4857
29.3333
13.8571
5.6
10.6667
6.7619
24.9048
15.4476
9.4381
16.9905
15.181
4.14286
4.6
26.581
10.3905
21.7619
23.0857
12.7619
25.0381
4.8
16.3714
21.2381
10.981
13.5429
5.94286
16.7905
4.44762
10.7524
7.24762
12.8
36.1619
12.0952
6.33333
13.5333
4.46667
6.24762
5.91429
13.5524
8.54286
11.1238
8.26667
9.54286
6.25714
16.9619
8.86667
4.50476
10.2857
5.20952
7.53333
4.07619
14.9238
18.3429
34.1429
21.4286
27.8095
15.619
13.9905
13.3143
12.219
18.4762
4.50476
14.2381
11.6381
16.4762
14.0952
17.7524
11.419
14.6571
13.619
20.7714
5.30476
10.2952
4.05714
21.1429
26.8286
29.2476
21.419
24.5429
26.9238
39.9524
13.7905
5.89524
17.3238
14.7619
4.61905
25.7143
25.2
24.019
16.5905
4.70476
9.68571
25.1714
19.5714
8.87619
27.4667
22.0381
19.4095
17.1714
20.9143
22.9714
23.1714
18.3333
21.8857
8.52381
27.3143
18.2667
7.39048
5.99048
15.4762
16.9429
27.6
20.3429
16.9714
18.0476
8.60952
4.87619
18.4381
25.7048
25.2952
19.8476
22.5429
21.2952
8.93333
4.42857
14.2952
28.8095
19.3143
6.88571
4.40952
14.6476
13.8762
12.1333
8.52381
13.6381
24.6571
25.1048
12.1429
4.24762
35.2476
4.34286
4.52381
8.32381
9.31429
5.31429
4.30476
14.8095
17.2
18.2952
5.00952
5.05714
12.8286
4.34286
10.0476
32.9238
5.28571
14.6
11.1905
16.6476
16.9714
20.3905
4.21905
11.7619
9.73333
19.6571
5.72381
11.1048
4.18095
4.10476
18.7524
4.10476
11.9048
11.6476
15.4476
14.9048
14.8762
7.31429
10.8571
10.8762
9.73333
7.38095
10.6857
4.20952
4.20952
6.91429
10.1333
14.8571
23.1619
9.81905
8.10476
33.9048
20.819
6.46667
43.0667
24.819
24.3619
17.1143
21.6286
14.8571
21.4
24.3429
20.1714
27.2
20.2
24.3333
23.2762
10.5143
11.6857
5.85714
20.819
10.4286
26.3429
4.19048
7.6381
24.1714
33.3238
20.7619
26.7429
4.24762
8.06667
16.6762
11.0762
19.6
10.3524
6.14286
15.1714
17.5619
5.87619
37.4286
11.3905
14.8667
4.3619
18.3905
11.8857
15.4952
6.87619
4.30476
8.61905
13.9619
8.39048
11
4.1619
14.4
12.5905
16.7143
9.57143
11.4286
11.7143
15.9143
11.0857
10.9905
8.11429
15.381
18.419
25.3048
12.1143
7.38095
10.7429
18.8476
15.219
29.7238
7.40952
19.2476
16.7143
20.019
13.5714
21.2667
9.30476
12.6952
13.4762
18.219
11.5333
10.0476
6.32381
9.28571
4.26667
4.39048
13.2667
24.4667
9.85714
4.11429
14.4762
11.7619
14.1619
26.419
24.6762
13.9143
18.5429
11.6571
15.8095
16.0857
4.85714
22.181
10.5333
21.7524
19.8571
26.1333
26.0095
44.4286
12.4286
16.9048
20.4286
16.1429
17.1905
11.2
13.2857
17.6667
6.35238
13.7619
29.5429
21.619
4.80952
15.6095
11.3905
26.0476
17.1619
32.7048
27.5429
15.0952
4.41905
9.39048
12.0952
21.8857
6.90476
29.9619
11.7714
4.58095
11.8571
4.65714
18.6
22.8476
13.1619
6.6
25.6762
13.3714
9.38095
21.6762
19.2286
19.0381
4.2
5.52381
5.69524
19.8857
4.86667
11.7619
29.9048
21.0476
4.12381
10.7143
9.69524
19.2286
31.5429
23.1238
17.6762
21.0095
15.6095
10.5143
12.2571
12.7143
19.1905
8.87619
6.2381
13.0095
7.7619
22.619
13.2095
4.84762
12.8095
8.7619
17.2762
13.3429
5.30476
5.85714
30.5429
22.6762
23.8476
25.9238
14.0667
36.5524
20.819
21.6095
19.6857
12.1048
23.6095
17.6762
31.1238
4.40952
37.1143
22.5238
8.37143
16
13.8476
4.65714
6.1619
10.4476
37.8286
18.9429
15.1524
24.8952
4.21905
20.1143
15.6762
6.77143
22.2381
5.91429
10.6
8.84762
20.9238
15.7238
8.48571
16.1524
15.819
12.1333
5.6
12.5905
24.4667
13.2476
15.019
26.9714
35.6762
7.54286
4.65714
8.37143
4.33333
19.0571
4.59048
24.8476
15.2476
7.14286
5.00952
11.2286
10.8095
17.6952
39.1238
6.81905
11.2286
16.6571
10.7429
6.07619
11.1905
7.4381
5.6381
4.18095
12.6286
7.7619
20.3238
16.6286
33.9905
8.51429
9.10476
32.019
10.6095
4.2
7.47619
5.29524
4.73333
13.3429
13.5238
8.54286
10.2762
19.3905
11.7714
36.9143
9.66667
17.2381
18.1143
21.6571
20.0762
6.7619
9.07619
11.2667
23.7238
24.1905
9.19048
10.9619
26.5714
15.5905
22.7143
16.581
20.6
4.07619
4.81905
16.2
13.981
19.2095
14.9048
15.5048
16.4095
10.2857
22.8095
22.1143
16.381
18.0857
8.82857
23.7143
32.5714
16.8381
8.6381
11.3143
8.29524
26.4095
12.819
15.0095
12.219
22.6857
7.11429
13.7619
8.31429
7.32381
29.8571
27.8952
10.9333
11.3143
9.27619
30.2095
4.85714
12.6095
8.44762
8.05714
23.7905
12.3619
13.8381
11.5524
4.64762
12.0476
19.5714
16.5524
4.51429
27.3714
8.19048
24.0857
27.2286
15.3619
13.7333
17.8667
23.181
31.7524
6.91429
11.0095
26.6571
19.2
24.4857
4.28571
5.40952
5.04762
19.019
10.7714
22.6667
4.41905
4.49524
17.3524
7.67619
4.2
18.6095
7.80952
26.0286
11.0762
12.7333
21.1714
21.0952
7.55238
9.05714
4.1619
5.20952
12.3905
25.7905
4.70476
34.8762
17.619
9.27619
11.6476
14.9524
7.93333
28.819
7.70476
18.5714
16.2095
20.9429
27.1905
4.77143
11.4571
39.781
8.13333
24.8571
18.0381
18.2476
27.6476
11.1143
26.3333
25.0476
24.4952
16.4095
13.219
11.5429
15.1905
5.04762
22.6857
11.3524
7.47619
24.9238
18.7619
31.9429
20.1714
10.2381
37.2381
21.1619
20.9714
14.419
4.98095
30.1048
29.8667
18.5048
13
9.98095
23.6571
4.2381
5.13333
34.3429
22.8381
13.8381
4.29524
14.4571
4.18095
26.3143
18.0857
7.37143
19.3048
23.5238
20.0476
20.4476
28.819
44.8762
4.61905
12.4952
21.9619
15.3238
8.10476
10.4667
29.9333
21.3619
12.3905
11.2952
13.1429
21.6381
15.6095
8.88571
8.71429
11.6571
15.7524
11.9524
5.95238
5.41905
4.44762
9.30476
12.781
9.5619
12.8286
23.4857
13.9714
19.1619
5.31429
12.0286
17.1619
17.1714
5.2
21.9333
7.08571
4.47619
4.29524
17.2286
11.5333
4.13333
5.06667
18.181
20.9429
12.7048
10.2381
18.6381
15.0095
11.3429
30.9905
7.37143
11.5333
4.07619
10.1714
12.019
25.9143
6.11429
20.7905
7.98095
11.2857
9.53333
19.3905
10.4476
7.26667
7.9619
7.61905
5.0381
11.0476
4.39048
11.6952
42.9048
26.4476
27.1143
22.7619
4.71429
11.4476
8.8
9.26667
16
21.5714
4.33333
8.24762
13.2476
9.64762
10.0857
20.9048
13.1619
11.0762
16.0476
7.34286
21.619
11.1238
17.7905
12.1238
21.4095
12.6476
16.7905
7.39048
10.8952
23.6
13.8286
11.2
7.2381
6.91429
13.8286
4.45714
4.25714
24.381
19.0952
8.4381
22.2
31.2381
29.781
4.29524
12.8286
25.4571
20.181
9.59048
14.2952
25.7619
24.5143
4.6381
28.8952
29.9048
21.6952
21.9333
7.00952
4.4381
34.3714
14.2857
25.581
16.1905
16.1619
4.10476
8.67619
15.6857
19.819
15.5619
20.7048
6.67619
26.1429
27.4095
7.67619
23.9238
20.1619
23.0286
7.57143
20.8857
15.3333
20.7619
7.59048
9.91429
17.1619
21.2667
17.1048
31.9905
22.1905
29.2952
4.40952
4.15238
4.71429
6.69524
10.7143
18.019
20.1619
27.6286
11.6571
25.819
6.79048
10.0952
22.5143
8.06667
16.0762
15.619
24.7905
20.4476
7.52381
4.46667
20.2286
4.6381
11.5905
20.6
24.7524
4.51429
9.8
5.50476
10.6476
6.2
6.4381
21.4762
8.77143
23.0381
21.3238
36.1524
17.7714
21.3143
16.8762
22.1048
9.77143
13.1238
17.2095
5.57143
6.66667
22.7714
23.6
4.44762
15.0381
24.6571
13.0667
38.1048
18.2952
13.8762
9.3619
10.2952
45
8.8
21.8381
47.219
7.26667
8.64762
13.7143
15.4571
14.6952
6.06667
7.94286
4.14286
17.4095
20.3429
17.8476
10.7524
12.4952
20.2667
13.0571
27.3048
15.2762
19.4381
16.0952
14.3905
27.7524
13.019
17.2857
26.7238
17.1048
21.419
4.53333
22.9524
16.4857
5.47619
16.9429
4.22857
5.93333
10.8476
22.4286
7.25714
17.8762
34.219
21.8857
18.619
6
7.10476
16.9619
21.619
7.12381
7.49524
8.92381
6.57143
10.6667
22.2857
8.08571
29.9333
9.4
9.54286
4.72381
4.71429
37.2095
8.48571
30.1333
4.18095
6.06667
10.2476
26.581
29.8381
19.6571
17.1143
24.0476
20.6095
5.62857
15.419
9.15238
6.88571
10.4952
4.92381
16.5905
4.4381
20.9619
9.18095
14.6571
15.6
17
22.2667
27.0857
10.2667
26.3143
17.4286
18.0476
12.2095
4.86667
28.5143
20.2
17.2762
7.58095
15.4952
11.1143
14.0095
5.46667
13.3619
7.21905
9.95238
20.0857
4.40952
16.8381
4.8
8.5619
24.1905
31.6476
19.9905
17.9048
13.7143
8.17143
5.54286
4.15238
11.7238
13.2762
15.381
24.6857
4.46667
7.4381
7.12381
20.7524
36.6762
27.6857
16.1048
12.2762
4.46667
19.3905
17.3714
6.93333
16.981
23.2476
20.7333
34.4095
9.93333
6.8381
27.9429
7.42857
9.66667
16.7714
9.51429
20.2381
16.0762
14.5048
14.7048
4.69524
6.58095
4.99048
18.0095
6.71429
7.91429
12.6952
4.28571
24.019
10.981
18.7048
19.3524
13.819
4.44762
17.0952
20.2381
10.8476
12.3714
4.10476
13.4667
26.4095
14.5524
23.819
11.9238
6.32381
6.15238
15.4381
6.94286
7.66667
10.4
18.0667
7.78095
7.52381
15.3619
21.1143
5.4
16.2952
23.0667
5.1619
20.219
8.99048
30.8
13
7.45714
15.819
15.2381
16.1048
9.8
4.18095
4.81905
6.49524
19.7238
4.22857
6.29524
4.18095
23.2476
10.8857
12.819
27.4762
17.6762
11.381
6.65714
4.15238
16.1905
7.4381
27.3333
8.45714
27.4571
13.019
17.0286
10.3143
4.11429
20.9905
5.94286
4.41905
8.94286
11.6381
24.019
33.1238
13.2762
21.7143
16.5619
17.5905
12.8
13.6
18.981
14.1524
24.5048
11.2476
31.0095
11.1714
14.6286
7.25714
14.219
5.98095
7.92381
12.2571
20.5714
12.3524
21.8476
17.6286
4.2381
8.80952
7.11429
8.66667
16.1429
15.981
6.44762
29.1238
14.5619
12.8667
4.49524
10.2762
4.68571
13.3238
10.1619
8.2381
16.7048
8.58095
16.8571
6.31429
36.981
8.47619
36.3905
6.84762
21.219
12.8571
11.619
8.85714
14.9619
16.2857
27.7429
14.9333
8.3619
23.9714
29.8571
13.1429
28.5238
11.0571
22.3143
34.3429
8.05714
7.5619
6.25714
8.19048
11.7714
7.37143
12.5143
10.219
10.6952
11.2952
26.4952
6.22857
5.00952
14.781
14.1238
14.8286
11.2857
6.58095
6.68571
25.1143
22.4667
11.0286
13.8381
9.3619
16.1143
17.5238
4.32381
15.181
6.14286
5.60952
18.2857
12.8667
17.7524
13.0571
11.7524
4.34286
12.2
16.3238
18.5048
19.3333
6.06667
19.5429
19.8476
4.4
6.1619
12.8952
6.82857
10.4286
42.1619
4.32381
4.38095
18.4381
10.781
6.29524
29.1524
14.2
6.66667
18.2667
4.7619
10.181
21.219
16.5905
5.01905
13.7143
5.44762
15.8762
23.6571
10.8476
15.8095
6.6
8.94286
4.4381
24.1714
14.0857
4.57143
23.219
8.4381
6.4
16.8762
13.1714
11.2762
21.1333
20.619
11.1524
19.9905
4.87619
14.4476
11.5048
29.4667
15.781
22.219
24.0667
18.9333
4.31429
22.0762
12.9238
12.2857
18.7619
13.1714
11.4762
11.0476
8.20952
8.53333
7.24762
28.1619
6.79048
16.3619
5.1619
12.2286
11.2
6.22857
20.2286
14.1143
53.6667
6.11429
4.79048
26.7619
16.1048
9.57143
26.0095
8.34286
17.2667
39.8286
34.9619
7.47619
10.6667
9.98095
21.219
17.781
8.38095
13.2381
4.51429
10.5429
14.7714
6.62857
13.419
21.7524
21.4286
18.781
5.99048
4.25714
12.5619
16.8571
24.3048
16.2476
25.5905
21.4
5.24762
23.8667
11.5524
28.9905
20.7429
18.6667
20.0286
24.3429
13.7143
14.819
16.6381
9.44762
24.6952
13.4286
12.2857
25.8095
39.2476
18.5714
4.55238
12.9048
11.2381
13.4095
15.2857
25.2381
18.9143
4.77143
15.019
8.55238
22.9048
16.8762
24.4857
11.3524
8.45714
4.17143
4.55238
9.85714
20.619
4.86667
14.3905
17.7619
33.7619
15.9143
17.6952
9.80952
29.8095
6.04762
12.7905
6.35238
28.1905
29.8857
9.64762
12.9048
7.5619
21.5238
13.1333
12.4952
10.9524
4.50476
6.42857
21.7429
5.08571
6.04762
12.2667
8.38095
18.2857
20.5619
26.0952
13.0095
4.26667
8.69524
7.92381
27.2571
11.6381
31.8762
9.34286
4.34286
20.7905
10.3619
16.981
12.3619
15.1619
13.1048
9.90476
18.4381
13.9143
39.181
4.58095
15.1238
9.65714
4.32381
18.7524
20.181
36.6476
10.1619
12.1905
14.8286
22.6476
16.6571
23.0857
4.50476
16.5429
9.91429
29.3429
14.1905
18.1619
20.3714
26.9238
21.8952
14.9619
8.47619
13.2476
26.3905
12.6857
22.0286
8.66667
4.13333
7.50476
7.42857
20.6667
27.0762
17.819
12.3429
28.4
10.9429
18.5333
5.00952
8.99048
12.0476
11.1714
11.2095
6.18095
4.61905
4.28571
4.21905
7.28571
9.2381
4.22857
10.7524
11.019
32.1619
9.97143
25.4571
4.24762
19.4
9.92381
18.1429
17.2381
37.8571
6.25714
5.61905
4.64762
16.8286
15.6
13.6952
4.77143
19.419
25.019
12.1143
13.8571
22.7143
13.8762
9.54286
32.3143
10.0857
4.1619
4.46667
14.2476
18.6667
25.2762
18.5619
12.2571
30.7048
13.8095
22.3619
6.33333
6.08571
12.4381
15.2571
10.219
6.88571
4.40952
15.0571
19.619
12.819
10.5905
19.1333
13.8762
13.7429
9.12381
4.11429
15.7333
9.29524
5.86667
17.8381
23.2095
15.6476
13.5429
4.40952
6.10476
7.34286
29.9524
21.3619
4.25714
4.15238
17.3714
10.0857
13.0952
7.72381
18.5048
24.2857
22.5905
25.0476
13.5333
4.2
17.4286
4.55238
9.17143
31.2286
11.2571
13.581
19.2762
20.019
4.19048
8.01905
6.49524
19.4857
6.82857
5.93333
8.61905
4.46667
4.18095
6.41905
34.1619
14.981
14.019
6.48571
11.1905
14.0952
5.33333
9.69524
7.79048
16.1429
7.14286
5.24762
9.87619
7.65714
28.1048
21.419
25.8952
41
5.68571
23.219
26.9714
21.3333
16.7048
16.7619
5.14286
20.0952
26.6857
23.5905
4.60952
5.4381
10.4571
21.1048
4.33333
4.69524
16.6
38.3905
4.85714
22.5524
24.5143
4.75238
6.6381
27.581
14.5619
9.45714
7.86667
17.2857
6.67619
6.70476
13.4857
4.90476
12.8286
32.5524
12.1048
16.8571
5.4381
14.619
18.7905
11.2286
9.84762
4.59048
9.9619
9.7619
5.35238
15.4381
28.2095
7.52381
12.5905
23.1238
11.1905
12.4857
4.49524
4.17143
4.59048
8.80952
15.9048
9.25714
6.02857
19.3905
10.219
4.74286
30.019
6.9619
7.75238
23.7048
5.7619
14.9714
5.87619
11.4476
4.2
13.8762
7.69524
9.52381
59.2286
20.1143
18.2381
22.9333
10.3333
22.981
9.94286
25.0762
18.8095
15.6667
17.0476
28.7143
18.1524
21.9524
14.9714
15.8381
6.8
6.94286
4.10476
11.2571
35.8381
10.5048
16.7619
26.9143
6.21905
24.1333
6.66667
20.8
4.66667
9.57143
17.2
24.7238
4.12381
10.8571
21.8571
5.44762
11.819
11.8476
22.0286
20.2286
7.82857
12.6952
6.7619
9.3619
23.3429
28.7143
12.7524
13.7905
6.39048
7.21905
25.4
7.6
9.18095
15.0476
11.1048
4.19048
18.381
7.89524
9.69524
10.0952
5.17143
24.4857
12.1333
18.1333
26.6952
25.9333
14.8667
11.419
21.9905
12.9143
11.0571
23.6667
10.1333
9.60952
7.86667
12.5905
16.3905
4.95238
17.4667
13.1143
20.0571
12.8286
7.6
25.9143
19.3524
28.6286
29.1048
11.5905
22.1429
14.2286
13.0762
4.59048
21.7143
22.3429
22.0476
21.1714
5.6381
17.8
10.7238
23.0952
5.70476
17.4381
6.53333
4.45714
7.40952
22.8857
20.5143
5.27619
15.8095
7.79048
22.381
5.6
12.981
15.3429
13.9238
8
7.37143
17.1048
17.8286
34.2476
26.4667
7.10476
14.1524
4.91429
4.31429
5.15238
14.3048
5.53333
4.38095
16.8667
15.381
11.8381
13.981
7.58095
7.61905
11.4286
4.49524
14.781
4.22857
17.3429
22.4476
22.0762
27.0762
27.1048
11.2286
14.9143
8.45714
4.62857
4.42857
13.581
4.77143
14.6762
16.5143
20.6667
10.6286
14.4095
4.15238
8.65714
10.3905
17.8857
23.0571
13.9524
17.6095
7.7619
17.2667
9.2
18.6286
24.4952
19.3238
7.88571
19.0667
6.55238
4.41905
26.4286
9.87619
12.3143
14.6476
7.65714
10.781
13.2762
22.9619
27.4667
4.25714
22.3333
33.3333
12.7143
17.6286
34.7619
15.1429
15.8381
10.2095
12.219
9.34286
23.1619
7.42857
19.019
19.3905
21.4762
4.74286
7.55238
6.0381
14.4286
6.66667
11.3143
4.4
21.5143
5.95238
36.1143
11.0762
12.4762
11.9333
4.22857
7.40952
13.219
7.39048
7.6381
13.9714
6.28571
4.26667
12.0952
8.89524
12.5143
12.9048
10.9524
5.9619
23.5143
10.7905
6.53333
18.0571
4.52381
19.4286
8.51429
12.6857
11.4
24.9905
15.1905
14.2476
9.5619
4.49524
16.1905
14.9143
7.07619
9.69524
7.59048
9.91429
13.2857
29.3429
14.1238
5.74286
21.2762
45.2
8.09524
4.74286
28.1429
4.15238
17.9238
27.2476
27.0381
20.2762
22.3333
9.73333
8.54286
12.9429
4.32381
17.8381
15.9714
22.9619
6.82857
15.6
11.9619
17.4286
5.88571
15.1143
18.4095
4.92381
15.8
14.5429
9.84762
16.8476
6.84762
12.5238
15.3238
9.8381
6.26667
15.8857
6.48571
5.7619
10.981
4.44762
25.8476
11.4286
28.6952
19.8095
5.53333
15.6762
14.1333
4.34286
23.6095
7.8
22.4571
12.2286
33.581
4.34286
10.0952
11.9524
16.3333
8.57143
21.3524
28.6762
14.6857
4.48571
16.8571
8.2
24.019
23.5238
10.1524
31.3524
11.981
11.3238
11.7619
21.8762
7.26667
15.6095
8.65714
11.2762
6.88571
16.1238
10.9905
4.21905
21.819
30.8381
16.381
8.04762
9.66667
18.9524
13.7619
25.6381
23.9714
10.2095
11.8
11.4952
23.1619
15.2762
13.9429
4.33333
4.4
5.30476
31.6667
4.65714
23.4857
11.7238
6.52381
9.51429
14.9238
15.0476
21.9524
7.68571
4.60952
29.5429
4.5619
4.26667
12.1619
21.5619
9.10476
13.8286
27.2095
26.6381
31.6667
16.2
27.3524
12.9619
28.6095
25.7333
4.75238
18.3619
17.5143
7.31429
4.28571
10.8286
7.49524
11.8667
7.50476
9.79048
4.24762
20.581
14.4286
18.181
24.0762
14.2286
11.5238
4.10476
25.3143
27.9714
12.181
6.59048
18.3048
15.0857
22.3143
16.4286
25.2762
15
14.8095
11.0952
4.72381
5.19048
15.4762
16.4
18.3619
10.219
4.37143
4.32381
33.9714
16.5524
7.38095
14.4381
25.219
12.1905
7.29524
14.2571
4.07619
4.8381
26.4
4.54286
5.0381
4.55238
19.4476
4.81905
18.3429
4.6381
18.5429
21.5714
8.20952
4.59048
18.8762
28.9524
19.0762
4.00952
13.5238
11.981
13.1238
20.6381
14.8
9
4.38095
16.6286
20.4476
10.1619
11.7524
11.8571
4.59048
6.93333
6.02857
5.62857
4.7619
17.8952
15.2381
6.30476
13.6952
23.8571
17.6286
6.02857
37.619
17.2857
13.2286
20.7333
13.5238
25.8381
11.2762
4.09524
16.0667
16.0857
14.2762
24.5238
4.67619
19.6571
27.5714
4.9619
8.86667
25.4667
20.9333
5.8
7.25714
14.4571
16.8476
9.01905
14.0667
16.3619
27.0571
22.2095
27.2857
8.8
24.7048
10.5143
12.2476
5.22857
9.44762
22.3238
6.26667
8.25714
27.8571
11.6571
19.9048
7.68571
4.41905
29.3238
15.6571
21.9619
32.981
10.981
6.93333
4.37143
15.7714
13.419
8.91429
19.2667
4.17143
11.9524
14.981
13.2857
21.2
18.7143
19.6381
12.6571
18.1238
11.8762
20.5333
8.02857
40.0952
9.8
11.6952
7.49524
10.4286
14.2286
5.93333
12.7238
10.019
8.0381
4.90476
34.3048
4.12381
4.4
10.4381
12.981
14.9619
24.5429
17.9429
13.2286
18.1143
10.5524
7.26667
4.7619
21.7524
8.17143
6.68571
22.2571
5
10.4952
22.1048
15.5619
13.5238
10.219
11.019
9.5619
4.1619
11.9524
6.7619
4.25714
19.1524
22.3143
7.14286
13.3905
33.8667
25.4095
22.4667
11.1524
6.42857
11.7524
10.6095
11.5048
17.4381
12.581
18.8
19.8476
8.0381
6.24762
26.3524
17.8095
8.49524
8.02857
12.0286
14.0571
12.7238
9.21905
12.2476
13.2857
14.7238
19.9333
9.67619
27.1619
4.35238
7.4
13.2952
4.37143
14.5143
4.27619
28.4
16.381
8.48571
19
8.69524
21.181
14.4571
4.4381
6.87619
12.8381
7.37143
15.0476
28.6952
7.4381
8.6
11.3905
7.66667
4.82857
6.44762
18.219
8.17143
4.5619
6.98095
14.0762
15.4857
6.06667
36.4571
27.0857
13.3714
18.2762
4.20952
11.4095
4.78095
28.6952
19.0286
20.9238
29.4
14.9429
7.71429
6.22857
16.3905
19.8381
11.6667
20.7333
19.8095
13.5714
10.819
25.0952
18.0952
9.50476
23.5143
11.3524
7.01905
16.8476
22.2476
8.49524
24.3524
5.61905
15.0952
17.7048
9.8381
14.2857
5.66667
18.5333
10.4952
16.2286
26.4667
28.3524
22.6286
5.81905
10.2571
7
7.90476
5.19048
27.3429
13.2571
4.50476
7.8381
9.53333
6.30476
10.2381
5.89524
11.2952
14.6762
14.5714
6.24762
4.37143
10.2571
4.46667
12.0857
6.74286
21.981
9.5619
14.0476
16.9238
7.28571
12.1714
23.8095
6.62857
14.0762
12.7143
9.20952
9.70476
34.1524
12.6476
5.05714
30.3333
13.8952
4.64762
5.72381
16.1619
19.1143
16.4667
8.92381
5.4381
33.7333
8.31429
4.42857
13.1524
26.019
27.581
10.0286
15.5524
11.1714
31.819
14.581
16.9143
4.41905
18.3524
16.8667
28.7333
10.8381
6.37143
19.8476
9.44762
34
7.74286
10.9905
34.3333
8.59048
30.0571
14.3143
10.7429
20.3524
8.3619
6.69524
22.2286
27.8571
6.20952
23.419
4.60952
7.8381
17.2381
8.08571
4.35238
17.8
17.4667
12.7905
13.2762
10.2095
26.2381
25.181
6.48571
10.0381
4.11429
4.46667
4.61905
11.2476
26.381
7.59048
13.7429
16.619
18.2476
9.27619
22.9905
5.5619
12.4381
21.0857
4.3619
20.4095
7.31429
18.6667
4.04762
17.5333
23.4857
29.9714
12.2381
4.24762
5
17.8
12.3619
16.2857
22.4286
12.7429
26.5048
14.4857
7.20952
20.2571
12.3238
25.6476
16.7905
21.4
8.31429
13.619
17.6
4.57143
26.0571
21.1905
24.5333
18.4952
22.019
11.8
34.2952
20.6
14.8381
13.9238
6.13333
4.5619
70.819
8.49524
6.24762
25.1429
15.2952
10.5429
14.4
27.0952
7.49524
28.2857
17.1238
4.49524
4.69524
19.8762
4.14286
4.29524
14.1238
24.3333
4.14286
12.2286
24.5333
13.7333
39.7714
25.5524
15.1714
4.14286
16.5429
6.6
25.2095
7.54286
22.4762
13.581
4.15238
7.22857
6.84762
6.30476
4.47619
4.07619
7.04762
12.2762
18.0286
20.6857
5.25714
20.2952
17.2381
10.4857
11.6286
26.3619
4.46667
12.1048
4.3619
19.3048
20.981
24.181
10.381
9.37143
21.2
25.9048
29.6571
7.05714
15.9143
14.8952
15.9143
5.44762
4.55238
7.38095
10.8952
13.4286
23.9143
31.219
26.7048
15.5429
13.6667
4.35238
14.2667
15.6381
8.15238
11.9048
17
10.4286
14.3429
4.71429
4.04762
12.2095
19.9238
17.1238
4.48571
14.7143
23.6667
21.3143
10.8571
39.4762
20.781
4.32381
10.2762
35.4667
31.5333
12.1429
14.8952
20.2476
10.5905
9.55238
13.181
11.9905
23.5429
9.89524
13.4571
16.6476
14.3619
26.6952
4.11429
11.4762
6.89524
14.1238
12.3143
11.5048
12.0857
8.22857
7.2381
13.8
11.2476
11.381
4.41905
6.05714
12.5905
11.219
17.6571
4.49524
19.5429
14.4
14.2857
9.58095
15.9143
11.5048
5.27619
9.4381
17.1619
4.70476
9.66667
23.4762
17.219
7.55238
8.51429
6.18095
10.1143
7.95238
9.79048
30.0286
18.219
15.0381
20.7905
12.7238
8.89524
13.0571
12.3905
5.85714
10.7048
7.28571
40.019
9.9619
9.22857
6.78095
4.67619
18.581
4.21905
25.581
19.7048
10.2952
10.4381
5.72381
25.3333
5.91429
13.619
5.52381
13.0762
7.72381
4.24762
14.6857
16.8571
11.6476
10.6571
6.46667
4.3619
5.17143
9.39048
7.99048
11.4667
10.9429
6.24762
21.8762
21.5714
24.5333
18.1048
18.8857
15.4
17.8381
11.1143
42.5714
7.57143
15.5619
20.019
11.819
11.0095
9.54286
4.80952
4.27619
16.6857
4.93333
19.2857
4.8381
8.14286
19.3238
13.5238
19.781
10.7333
4.13333
10.0952
17.381
6.0381
6.08571
8.1619
10.981
11.0762
9.93333
4.08571
9.93333
12.0762
4.52381
7.64762
9.01905
19.9714
23.619
10.4857
25.6095
18.1429
11.2571
4.34286
10.381
7.59048
4.29524
18.419
5.4
15.4952
27.7905
14.1238
20.8381
10.1524
6.70476
29.4762
4.92381
23.2381
19.8095
10.8762
9.15238
17.4381
19.8762
16.1905
4.19048
5.92381
18.6381
4.4381
19.0286
4.2381
16.4381
14.9048
15.8762
26.4857
40.6667
29.1429
4.75238
7.61905
11.8476
26.7429
4.28571
6.05714
14.7905
20.5048
4.38095
5.64762
4.04762
6.79048
28.2
28.0857
5.99048
15.619
4.3619
17.781
20.5714
5.28571
5
12.8286
16.4381
11.2476
37.8571
24.619
4.25714
25.0381
32.7143
4.14286
14.8667
8.65714
8.99048
15.8286
4.14286
38.6571
8.92381
22.4
18.7905
4.13333
4.20952
32.181
11.0381
9.41905
35.9143
13.3714
4.35238
18.9714
7.84762
4.69524
22.2095
5.21905
10.8667
11.6381
20.0571
9.31429
6.01905
14.0857
18.9048
15.7333
18.6095
26.9143
13.6952
10.5524
35.7619
10.6095
23.3524
15.2476
7.75238
4.61905
4.93333
6.86667
13.2571
4.15238
19.7429
20.2381
11.2286
7.18095
4.04762
7.64762
10.8476
13.619
16.781
4.93333
8.9619
22.0762
22.9333
14.6952
12.4095
11.4762
28.6952
6.68571
7.78095
14.3714
25.2
18.4476
26.6762
8.91429
13.8381
8.48571
20.0762
5.09524
5.25714
12.4476
11.0667
19.9714
11.8857
21.7714
20.4952
7.22857
11.3714
12.5333
4.24762
14.8857
27.9333
24.6
15.8571
12.219
25.9048
21.9619
16.2857
7.95238
4.8
16.9619
7.48571
8.40952
15.9048
14.581
19.3905
7.42857
12.1714
13.0095
20.2476
12.5714
15.8952
8.58095
6.84762
12.7333
7.00952
9.24762
4.2
29.5048
4.6
28.6286
21.019
5.60952
5.8381
5.94286
27.4952
14.219
22.9905
4.06667
10.0571
4.74286
13.8286
22.0857
10.8952
4.10476
15.6667
11.0952
15.7238
17.2857
19.3143
19.0286
11.8762
8.65714
18.2
33.2095
5.4381
30.3619
26.0286
6.61905
24.819
14.3429
7.70476
4.3619
22.4762
8.78095
10.581
4.30476
19.2952
6.53333
7.4
4.05714
24.8857
25.6476
27.2095
8.62857
4.3619
24.6952
40.9333
12.0095
17.3238
13.3238
23.6286
12.5905
10.6381
10.2476
20.7524
4.29524
4.38095
13.7238
14.5619
19.9619
23.7714
26.4857
4.41905
7.55238
30.7524
4.42857
27.3143
7.79048
15.3905
6.58095
21.7143
20.7619
18.2762
4.6381
8.05714
22.8762
8.5619
9.4381
20.1429
20.6286
8
11.1143
23.6952
36.4095
7.12381
13.0381
9.93333
4.25714
15.0286
10.9524
21.5048
6.64762
6.84762
12.5905
17.8667
16.2286
5.85714
4.48571
10.381
11.6762
11.9429
7.15238
11.581
8.09524
20.0762
6.67619
13.2095
13.2
12.1143
17.1048
16.9619
16.0762
4.22857
33.4381
7.34286
16.5238
7.69524
7.46667
8.75238
8.82857
11.9333
9.78095
9.47619
23.7429
8.93333
4.3619
14.5333
6.13333
4.42857
4.45714
12.8762
8.41905
13.7905
4.25714
26.2
8.66667
9.81905
4.31429
14.2095
10.4476
21.5238
14.7238
6.48571
18.7238
11.2667
4.40952
8.80952
11.3143
13.1143
20.1905
4.37143
4.59048
4.14286
13.7048
7.65714
10.819
22.1905
8.18095
12.3524
11.3048
9.14286
11.0571
24.6
17.2857
4.09524
4.47619
6.22857
4.85714
10.3714
13.9333
11.1619
13.8571
23.5048
13.9905
14.7143
21.4762
6.61905
20.3905
9.01905
11.2381
7.15238
15.8762
4.49524
28.6381
4.2381
6.81905
15.8381
15.9238
4.37143
4.68571
13.0667
13.4571
11.3905
5.24762
34.0381
35.6952
20.3048
4.42857
8.58095
17.0095
4.13333
10.7524
9.10476
16.0095
22.9429
5.82857
4.7619
8.27619
8.52381
10.3143
35.7714
14.5238
10.1143
19.381
14.4
20.8476
7.77143
6.6381
10.6857
9.20952
5.82857
7.72381
15.5143
4.75238
7.67619
14.9333
21.0286
17.219
21.4952
11.2
19.5048
20.2381
12.3333
13.7048
5.3619
4.54286
11.0667
31.1238
5.57143
15.8952
22.7524
17.6762
11.0286
4.74286
9.1619
15.019
12.0381
20.0571
4.2381
18.1429
19.981
5.7619
6.86667
4.11429
13.6857
12.0571
6.55238
13.7619
12.0381
9.52381
5.19048
21.9048
39.3619
15.0762
16.0952
16.419
4.2381
133.848
6.05714
13.981
11.3143
16.8952
19.7619
6.8381
8.33333
8.62857
4.06667
14.6381
4.41905
25.1238
6.2381
18.4286
35.5524
4.2
20.2
5.84762
18.9429
10.6571
6.44762
9.39048
14.4667
16.6952
4.62857
24.3238
32.6762
19.7714
23.5143
18.5905
41.8095
24.5619
17.7714
28.1143
11.2952
24.4762
18.2381
11.219
11.4476
21.0381
18.1619
12.8762
17.4
4.64762
12.1238
13.9905
21.1905
4.46667
8.34286
5.54286
17.6476
16.6
8.25714
23.0286
8.95238
12.4095
23.7905
23.1524
13.181
7.8
8.65714
6.91429
4.85714
10.9905
22.6476
4.15238
8.57143
20.9429
11.7333
8.15238
4.60952
6.28571
4.22857
11.2095
15.2286
13.8
12.3905
6.18095
29.1429
18.619
16.1619
5.12381
4.38095
4.49524
15.3143
18.0952
11.4095
24.4476
24.1619
11.8286
6.45714
10.1143
11.8286
22.019
26.3905
14.0286
9.50476
5.39048
20.219
6.82857
5.41905
20.7524
15.0095
8.75238
4.68571
13.3238
22.1905
9.0381
13.9524
13.2667
9.73333
4.20952
13.0667
10.8952
5.48571
18.2667
9.04762
13.8571
5.67619
12.2286
4.41905
18.8857
12.3143
23.7714
18.4667
20.4571
15.1333
8.60952
24.7619
22.981
7.8
12.7524
4.25714
21.181
20.1238
9.5619
13.5048
19.219
15.9429
8.72381
28.2095
21.819
7.02857
16.0095
21.5429
11.8571
10.3905
4.3619
7.70476
4.34286
24.8286
4.25714
14.8476
14.7238
7.50476
6.50476
17.0095
4.71429
21.9143
17.0571
5.2381
19.3524
8.68571
9.48571
5.66667
20.2476
6.8
20.0286
13.0857
13.3619
9.41905
16.0381
23.4667
14.1143
4.45714
4.35238
23.5143
17.4095
7.49524
5
6.80952
10.8
20.2381
14.9333
14.019
25.2857
5
20.581
5.04762
4.80952
10.6857
7.20952
8.60952
4.40952
31.9238
7.81905
4.7619
12.5524
13.219
20.2
6.11429
16.4
13.9143
7.10476
10.4286
20.8095
9.29524
16.2667
4.29524
18.3619
4.8381
41.1143
4.72381
18.5714
14.4762
29.1714
8.70476
21.019
21.6762
7.2381
10.1048
8.8
13.0667
20.4952
4.99048
4.58095
5.92381
10.5905
19.8571
10.7429
15.3429
16.7048
4.06667
13.5238
18.8952
12.2381
23.1048
8.26667
13.5714
10.0476
10.1143
10.3905
20.8
5.95238
19.3714
4.54286
4.07619
8.6381
4.27619
35.0857
5.3619
10.4
27.5143
4.44762
13.4095
5.49524
4.64762
4.71429
17.7333
6.29524
20.8
4.59048
20.581
7.6
26.2762
34.2476
24.219
21.8952
7.14286
11.381
13.9048
19.2
22.4
4.44762
15.6762
6.34286
21.4
24.5619
12.7238
8.71429
5.95238
27.9429
24.2857
15.2286
8.75238
13.2952
23.4381
9.55238
11.2762
22.219
9.38095
19.1238
16.0476
6.33333
21.1524
13.6286
7.90476
16.1143
12.9619
12.6095
14.2762
17.1333
20.0571
11.2571
10.1524
4.22857
8.84762
5.32381
12.9429
32.8476
10.4571
5.15238
11.6952
26.2857
9.68571
15.6476
19.9333
13.1619
6.33333
27.2667
28.3619
24.9714
33.8286
18.0095
16.6
9.49524
12.419
17.1429
7.06667
24.4571
13.3048
18.7429
34.4571
10.4
8.5619
4.13333
18.2476
11.1333
4.57143
12.2095
13.8476
28.8381
9.84762
9.59048
18.0762
34.1333
4.11429
20.3048
12.6667
6.09524
14
18.219
23.2571
27.9143
20.2762
11.5905
9.35238
8.1619
16.7429
13.7714
4.42857
9.95238
10.0571
15.3333
4.94286
16.3238
24.7905
15.1333
21.5238
15.8286
4.12381
19.9048
10.381
13.6476
15.181
11.9905
25.0857
12.4
8.24762
21.9238
13.5048
6.74286
30
6.75238
33.2667
6.62857
18.7524
12.1333
8.07619
7.3619
8.21905
6.85714
14.2286
4.4381
7.87619
4.19048
15.619
7.28571
14.4381
13.381
11.5143
8.44762
4.90476
6.30476
34.2952
12.1524
5.05714
7.8381
20.1333
5.84762
25.0762
7.72381
4.24762
8.35238
25.2095
12.5619
14.1429
39.2
13.8571
33.2
13.619
9.6
18.7238
12.0286
8.88571
24.5333
21.9429
8.29524
16.6381
6.12381
25.2667
28.0286
15.8476
9.05714
6.19048
8.48571
6.25714
6.06667
17.2
4.29524
15.2667
35.4
10.4381
7.8381
21.2952
6.80952
4.19048
23.619
20.0857
8.69524
8.93333
15.1619
4.46667
17.0571
4.52381
18.6286
21.2667
19.619
18.0857
4.35238
10.219
6.61905
4.59048
4.68571
25.0571
8.72381
11.5048
4.78095
14.0667
4.27619
10.7048
17.0571
4.17143
13.2762
22.8286
9.22857
13.9429
5.18095
7.15238
10.0667
4.06667
17.3048
10.3048
16.6571
8.44762
12.5048
11.981
12.3238
28.0476
19.2476
41.3429
21.6762
14.3619
15.581
22.8762
15.8857
17.0571
11.2571
42.219
10.7048
9.47619
10.019
7.91429
18.381
8.22857
9.57143
5.50476
14.8952
19.1619
4.6381
9.32381
20.2381
17.5333
22.1048
17.8571
25.6857
13.0667
27.0762
4.25714
10.7905
4.91429
13
18.0381
25.5905
27.219
31.7238
16.8857
19.4
6.87619
4.71429
5.72381
15.7048
9.6
18.4286
12.2
27.6381
15.0667
16.819
25.9619
9.85714
24.1143
16.7429
29.381
21.7048
11.8
14.0286
19.9714
31.0571
14
26.7714
6.52381
13.6667
4.85714
20.5429
33.2476
9.80952
18.5143
8.39048
4.60952
13.4762
7.40952
6.06667
5.8
8.85714
22.8952
14
16.1905
14.4667
9.2381
21.4381
5.0381
5.39048
13.8857
10.1048
7.75238
15.1714
20.8571
36.419
13.1238
14.9905
18.2
10.9429
4.22857
4.95238
25.581
11.5714
10.5048
4.50476
6.64762
14.5238
20.0286
5.97143
7.47619
20.1524
24.8095
7.02857
11.5524
10.8667
14.4095
5.95238
4.51429
15.9714
15.5429
4.64762
4.11429
4.21905
9.49524
6.4381
13.1714
17.8667
5.92381
36.5429
17.7714
19.9714
4.44762
9.95238
15.0667
25.0667
19.8667
12.6095
20.6
9.77143
20.0095
19.9619
7.42857
5.89524
13.5714
4.87619
12.4762
18.4095
7.22857
36.1238
29.1905
13.381
13.4286
14.2762
4.27619
8.38095
4.4
10.7333
4.74286
21.9619
10.2476
4.94286
4.64762
10.9524
20.1619
9.27619
15.1333
4.48571
21.1524
19.2857
21.2952
17.9619
11.6857
4.97143
11.5714
15.4095
23.6476
4.50476
47.2762
5.94286
13.7429
12.9429
6.29524
10.381
9.68571
5.91429
25.8476
9.00952
7.13333
10.5429
4.26667
11.7524
13.3333
16.1524
11.581
10.2571
17.9619
17.3619
25.819
11.4286
4.28571
16.6762
4.26667
4.4
11.3143
14.2095
24.3333
7.53333
18.8476
5.6
8.75238
28.4762
22.181
4.46667
18.419
16.7238
23.5714
12.6095
8.50476
11.7238
23.9429
5.4381
26.7333
5.70476
12.7905
10.0286
9.31429
22.6952
6.26667
15.581
17.2095
5.90476
19.0381
14.1619
14.8762
20.5429
11.7143
6.00952
6.86667
8.05714
10.6381
6.08571
13.381
11.2381
10.0286
6.90476
5.97143
11.7905
18.0381
10.7714
34.2286
6.73333
4.41905
23.4286
4.42857
7.75238
17.1238
13.4
21.1333
4.09524
17.0857
7.70476
8.42857
33.7238
40.6667
7.11429
4.54286
16.6286
9.92381
11.9238
18.3524
4.71429
7.54286
4.46667
15.9905
11.9429
16.4762
9.25714
34.381
4.20952
9.54286
13.2
51.3333
23.819
14.0952
8.28571
4.26667
8.53333
4.53333
32.419
14.9048
24.981
11.8095
11.0095
20.2095
16.0286
12.8
11.0952
26.3524
17.381
5.75238
12.019
14.8381
27.7905
10.2095
10.5524
12.4857
18.2952
22.3238
29.7238
34.5143
6.69524
16.8286
22.4
13.3905
11.6476
4.2
12.8286
5.05714
7.60952
4.10476
18.8476
5.1619
25.5619
38.3143
7.79048
25.4286
6.74286
11.8857
4.2381
7.8
18.8
4.4381
6.7619
18.8952
36.219
8.7619
19.5905
16.6857
24.3333
19.181
22.7619
4.65714
12.2095
21.0381
21.981
18.2762
4.59048
8.01905
4.60952
9.72381
5.48571
4.72381
18.2857
9.25714
20.7524
4.34286
25.2381
13.4952
19.2667
10.1524
21.7333
24.981
9.81905
8.99048
14.8762
7.48571
17.7619
4.55238
4.07619
12.3714
4.2381
9.25714
12.9714
25.8952
15.3238
15.7048
28.0381
10.019
21.3429
10.2571
15.2476
25.2857
15.819
19.1238
43.4667
18.3048
6.0381
6.26667
14.2381
16.3333
16.3333
35.181
14.3238
4.21905
22.3333
26.581
18.0952
7.51429
18.5333
16
15.819
17.9333
22.1238
23.8286
4.04762
22.019
4.40952
18.9238
17.3714
8.95238
10.2381
22.0095
7.53333
21.7238
24.5524
4.6381
11.2952
23.4952
23.1238
24.1143
19.3619
9.0381
5.24762
5.54286
16.3429
20.6286
4.97143
28.8762
54.7714
33.3714
28.2571
13.2476
8.8381
22.4
11.9714
6.46667
7.42857
5.84762
9.49524
6.79048
4.2381
4.69524
17.1238
16.3619
27.0952
24.1048
5.37143
6.05714
17.7429
19.0952
4.30476
4.85714
25.2381
17.9238
28.7333
14.2762
16.2762
12.819
20.9429
15.6
17.4
17.2095
27.3714
18.6476
36
11.5143
9.86667
5.49524
6.20952
15.019
21.7905
11.0381
24.8
13.5905
10.8667
11.5524
19.019
8.14286
4.13333
7.22857
5.70476
4.08571
14.3905
4.67619
5.0381
8.18095
27.3619
20.0857
7.71429
9.66667
4.30476
4.40952
7.68571
7.41905
11.4
24.2095
4.18095
19.9905
7.81905
8.42857
7.47619
4.68571
26.4857
9.78095
30.7333
13.5714
14
15.5429
10.1524
10.6
17.2095
28.9524
10.5333
24.6857
4.45714
19.1714
28.6381
4.37143
25.2381
23.219
5.93333
8.8381
4.80952
4.8
17.1238
16.5619
12.0476
10.5905
13.1524
10.5238
26.4381
20.3429
13.6476
8.33333
28.7714
4.45714
12.2476
19.9333
6.26667
5.04762
7.51429
21.5905
8.52381
19.0095
10.2857
16.8095
9.93333
8.82857
7.25714
4.4381
20.4476
18.019
15.981
14.3905
7.99048
7.58095
7.15238
24.781
8.24762
4.70476
7.9619
21.9048
4.99048
6.87619
18.9143
4.19048
4.19048
7.32381
8.75238
17.9619
22.1429
7.47619
17.6286
5.53333
19.0286
8.81905
22.8
11.8667
4.72381
4.32381
4.54286
7.01905
6.18095
5.58095
8.73333
29.2095
12.7905
12.3048
37.1333
25.0857
6.55238
28.9048
16.7429
15.6667
22.419
8.34286
26.2381
20.2
4.70476
15.8095
14.9429
29.8
32.9238
9.30476
8.93333
11.8667
10.981
17.3048
6.54286
7.87619
5.73333
23.9429
8.85714
4.51429
16.1429
15.8381
4.39048
10.7143
14.581
12.1905
22.3905
16.0667
4.58095
6.09524
6.84762
13.3333
8.30476
19.3429
14.8667
30.3238
28.5048
13.2857
11.1429
4.48571
11.4667
14.4381
10.9048
17.1048
4.06667
11.4381
14.4571
14.4381
15.7238
4.86667
20.7905
10.3524
39.9048
12.3238
27.9333
10.3429
7.86667
19.9905
24.4381
4.35238
13.619
15.2476
4.45714
9.46667
28.2762
18.9429
4.2381
4.59048
7.70476
4.05714
20.2762
16.6857
23.3429
34.0571
12.7048
25.5238
35.8952
15.5238
21.8667
5.05714
8.04762
18.181
7.34286
12.9238
12.019
9.82857
6.8381
5.24762
16.6286
14.819
4.51429
6.75238
19.3238
12.3905
7.39048
20.9333
13.4952
18.2381
10.9429
4.25714
20.8762
17.9143
17.8286
10.3429
11.7143
15.2571
24.3905
25.6476
20.5143
14.0381
24.8857
9.67619
10.2952
32.6952
14.0762
12.7238
8.05714
6.09524
5.37143
10
7.00952
9.28571
4.00952
7.6
9.31429
6.62857
18.3714
11.3143
11.8571
14.3905
15.419
18.3143
10.019
10.7333
4.26667
5.9619
30.8
6.75238
5.15238
8.39048
7.88571
27.7429
4.30476
8.60952
24.0476
15.2667
19.6571
7.6
11.9429
4.2381
8.37143
4.2
7.01905
22.7333
11.5143
16.419
13.8095
8
7.74286
18.3619
9.78095
25.4381
7.12381
20.219
17.9238
14.2857
9.07619
13.5143
23.1048
9.32381
21.781
15.419
5.8381
15.6
17.0952
20.1238
14.1619
8.77143
10.6286
10.4381
4.75238
6.91429
5.46667
17.4286
37.1238
4.4
13.6571
6.54286
17.2095
17.2571
15.8667
13.7333
23.7905
8.91429
4.54286
8.27619
13.6
14.4286
12.2
23.0762
6.67619
15.0571
14.5905
5.95238
21.4952
10.7905
4.54286
6.44762
4.30476
12.6095
10.9905
12.0667
19.419
23.2571
12.0095
15.619
10.581
9.21905
10.7619
15.1524
13.5238
5.68571
23.4476
4.15238
19.8667
7
27.6762
23.4286
10.1905
14.6857
14.5714
19.2857
4.31429
4.11429
6.8
14.0952
6.50476
18.781
13.0571
6.42857
28.2095
6.75238
6.81905
4.68571
9.45714
5.50476
17.619
10.7905
11.3143
20.7429
15.9714
9.01905
17.019
16.7238
13.3714
18.2286
4.07619
9.7619
6.14286
11.7619
14.3143
4.50476
24.0762
5.38095
4.20952
13.0286
10.1238
4.8
5.97143
15.6571
5.92381
14.5238
4.4381
15.6095
6.02857
17.0381
11.781
14.0952
4.11429
16.2571
16.2952
15.4095
15.1333
14.2667
4.97143
11.5238
9.57143
4.17143
15.3238
20.5429
12.4286
4.17143
10.0667
11.3143
6.21905
13.3714
4.52381
4.78095
38.7048
29
18.5238
19.4571
18.9048
10.5048
4.1619
6.27619
6.74286
20.7429
4.32381
29.9238
15.3429
15.7429
8.13333
4.30476
22.1714
6.29524
17.5714
6.24762
14.7619
12.0286
8.57143
30.1333
10.981
4.17143
4.3619
4.20952
12.4571
17.419
5.12381
13.3333
8.20952
30.0762
4.72381
14.8381
7.75238
5.26667
4.84762
24.6952
30.3905
5.75238
11.6952
8.99048
18.4762
25.6476
4.38095
26.9238
10.9238
17.4381
7.4381
5.95238
19.3905
21.1048
26.8571
12.2
27.4381
8.4
7.42857
14.0667
8.78095
13.1238
12.7905
9.21905
6.61905
16.8667
17.4095
4.26667
13.019
4.35238
14.2571
21.0095
9.73333
11.3333
31.1524
22.7524
12.6381
6.2381
10.781
7.62857
9.77143
12.0762
21.9333
35.4762
8.54286
15.1143
21.1429
10.4
11.4952
15
9.35238
14.6
9.22857
21.1143
4.07619
12.4
9.13333
10.8095
10.1048
11.7619
10.2857
6.44762
4.2381
6.02857
11.019
7.89524
4.35238
5.79048
6.10476
10.0762
7.21905
22.7905
15.4857
4.66667
17.819
6.49524
15.2667
5
12.0381
33.4381
15.1714
10.1048
6.47619
15.3048
11.6667
6.54286
8.33333
6.6381
6.06667
14.1619
16.9143
8.3619
9.26667
7.62857
7.92381
11.219
29.981
5.91429
6.33333
10.4762
18.1619
14.9333
11.6857
4.21905
5.09524
26.9143
8.44762
23.981
7.42857
20.8857
7.74286
9.4381
10.6667
19.1429
17.5048
14.6857
34.5238
9.77143
16.2381
6.99048
5.33333
4.07619
23.8667
19.5619
13.0667
7.26667
14.1048
13.4476
12.8571
17.2762
5.13333
11.5524
10.5905
8.44762
13.1714
13.4762
14.7714
26.7905
9.79048
9.4381
6.33333
4.20952
4.80952
6.27619
25.6
4.5619
11.2762
6.44762
5.79048
8.00952
4.3619
12.3238
28.4381
5.99048
4.17143
8.30476
13.1238
24.3905
22.9905
15.1238
9.60952
19.7429
7.8
15.8952
4.24762
15.2571
9.06667
4.49524
9.71429
18.4
7.94286
18.9714
13.9905
12.2667
15.4
7.21905
17.3524
15.581
10.8667
10.4762
16.419
14.9143
9.06667
20.781
11.0381
24.8857
11.2476
6.41905
18.5429
26.2286
13.781
9.20952
6.20952
19.2476
7.0381
4.6
28.7238
6.98095
10.9238
4.50476
29.0571
23.581
12.9619
21.8
9.75238
17.7714
14.9429
17.4762
16.3714
26.5333
8.60952
4.09524
5.79048
14.8762
18.6952
12.9333
4.55238
14.0476
13.8095
18.0762
19.019
22.1905
16.3429
28.0476
31.8381
24.2
4.64762
8.11429
20.1714
14.3238
6.75238
8.09524
4.99048
8.54286
9.8
4.10476
16.9048
4.39048
13.219
5.81905
5.82857
4.42857
7.19048
6.81905
7.79048
19.4286
34.1524
13.0476
4.34286
29.9619
18.8286
24.7619
10.5524
17.0095
6.73333
12.7619
9.01905
7.41905
12.6762
13.6095
4.73333
8.05714
13.819
7.5619
11.4
14.9333
9.80952
16.7238
5.09524
18.7429
13.9048
5.8381
5.3619
13.781
12.3429
19.9619
4.32381
17.0476
4.5619
31.8
7.70476
11.7048
10.7524
22.3048
16.7524
4.40952
29.6381
8.84762
18.4476
33.7619
4.07619
6.49524
18.5619
15.2
16.1048
9.44762
4.47619
5.19048
12.9333
5.26667
16.419
4.30476
21.2857
6.25714
14.8571
5.25714
21.6095
15.4952
25.0476
6.74286
31.8952
24.5905
7.60952
27.7238
8.98095
4.0381
4.35238
22.1524
27.9714
17.8381
14.3238
14.1143
14.981
4.4
20.8
6.7619
11.981
14.0476
20.8667
19.2667
14.9429
7.17143
9.53333
22.0381
9.49524
6.47619
26.3905
21.981
22.4857
30.3429
18.6667
26.3048
15.2476
24.8095
11.5333
7.8381
16.5333
4.6381
5
4.87619
41
8.58095
15.4762
12.981
22.7905
4.37143
6.82857
7.11429
12.0095
10.581
20.8762
24.0095
10.9714
14.4381
4.29524
6.46667
4.3619
7.74286
12.6
8.58095
16.6762
25.5238
15.219
26.1333
6.70476
4.64762
13.8952
5.29524
14.9143
4.15238
5.82857
4.22857
22.6
4.08571
4.4
7.22857
7.85714
8.51429
21.6952
7.94286
10.6667
13.7905
16.2667
22.2571
22.381
15.7238
12.4952
29.4381
8.79048
7.45714
7.70476
19.4381
13.0952
4.64762
8.64762
4.11429
18.981
31.1238
26.981
20.5333
7.49524
9.72381
5.59048
7.81905
9.04762
5.2
4.0381
4.33333
11.1048
10.7238
19.5333
5.87619
13.5429
14.3048
14.9048
7.68571
10.7048
22.1143
8.19048
13.1333
23.0667
18.9905
4.11429
23.3048
16.419
10.8
6.10476
10.8762
20.1048
6.18095
24.4857
26.0762
4.47619
5.07619
10.8381
16.781
22.6571
31.6286
14.4571
13.3333
11.5333
14.8381
17.2857
11.3048
22.4
23.7143
7.1619
7.32381
12.0952
30.9048
6.62857
4.6
14.4
6.15238
18.7429
6.27619
9.21905
4.61905
8.90476
9.71429
8.29524
4.13333
18.581
11.7238
15.3143
22.3429
4.46667
19.1238
18.8952
23.9524
25.2381
26.219
9.27619
4.7619
4.15238
6.86667
13.0857
11.0857
21.1619
30.3048
23.0667
17.981
10.9714
4.86667
4.58095
8.05714
7.60952
7.27619
5.37143
10.181
7.66667
11.8952
12.1714
4.38095
19.1905
19.8857
6.47619
25.6476
10.1714
16.5333
9.7619
22.8952
13.8667
25.5048
34.6286
22.3333
10.1524
12.9714
4.74286
13.1619
4.65714
7.58095
5.93333
6.84762
10.4095
14.8476
9.87619
10.4476
4.4
4.77143
11.0762
6.39048
20.7524
29.4095
6.73333
8.15238
20.6857
7.70476
21.3619
7.46667
10.2286
8.01905
4.45714
8.60952
10.9048
12.6381
12.1524
4.90476
4.80952
12.4095
5.71429
8.5619
7.19048
4.37143
18.1714
12.0476
15.5238
16.9429
31.4571
6.3619
4.4
9.21905
18.4667
10.8762
4.89524
16.8286
17.9619
11.9714
16.7524
6.8381
14.5048
14.2095
17.7429
4.59048
17.5238
4.31429
6.14286
10.4381
6.2
18.4667
17.6667
22.9143
10.9238
4.45714
20.419
4.42857
14.7619
24.019
6.2381
22.8952
13.9524
5.78095
4.26667
22.219
4.75238
6.57143
19.8095
22.3429
12.381
7.3619
7.84762
12.5238
7.40952
4.85714
25.1619
28.6762
27.619
4.45714
9.30476
14.2667
19.7905
7.25714
9.31429
22.3143
32.2952
7.07619
26.8286
24.2
4.27619
9.40952
20.2381
13.219
4.42857
12.5524
4.71429
12.4095
25.9524
12.3524
11.3238
15.7714
8.80952
5.80952
17.2571
10.4667
7.8381
16.4857
11.4381
10.0667
7.13333
16.1714
4.22857
24.7619
8.92381
14.3524
11.9905
10.8762
4.78095
4.75238
5.27619
4.52381
22.1238
22.2571
7.47619
5.12381
7.3619
4.52381
28.7143
7.79048
11.7714
5.89524
35.5524
17.2095
5.89524
8.17143
16.3905
23.6952
7.02857
4.14286
4.2
4.88571
10.1429
6.30476
12.9905
29.6952
4.21905
23.0762
37.581
4.44762
14.6095
11.7429
5.52381
15.3429
19.2857
6.69524
12.4095
6.93333
18.8857
12.2667
15.1333
12.2952
21.7238
4.40952
24.3619
16.5429
23.0476
4.57143
42.4762
29.5238
25.2
33.9524
9.12381
4.46667
6.39048
11.1333
7.01905
10.0286
18.6952
8.11429
4.47619
4.73333
8.95238
4.81905
8.28571
31.219
5.42857
4.24762
12.8571
22.9524
29.3333
22.419
29.5048
10.9429
7.45714
15.581
16.3238
11.2667
25.1238
12.9429
18.019
6.62857
27.3619
5.8
4.74286
7.40952
4.11429
4.09524
5.45714
10.4571
10.5524
4.0381
23.1238
21.8
10.7238
14.2571
9.64762
14.5333
16.4571
30.8952
7.0381
10.4476
17.8
20.6
19.019
5.08571
14.8762
7.09524
29.8095
18.4857
13.6762
19.5429
12.0095
8.19048
16.1619
9.70476
18.5619
17.3143
24.6857
12.0857
26.9619
19.3714
6.59048
5.73333
4.33333
17.2667
15.9524
18.4762
10.219
19.2
4.13333
11.2476
8.6381
13.3429
22.5905
4.53333
16.5714
8.95238
16.0762
13.8762
8.27619
5.2381
4.50476
15.6857
4.53333
8.8381
4.4381
16.3143
4.48571
5.27619
4.42857
7.70476
28.1238
17.3619
9.88571
7.5619
9.50476
6.57143
11.1524
19.2857
26.3238
4.58095
4.37143
18.2667
18.4857
17.2857
13.7429
10
12.8762
9.71429
10.8095
16.181
10.7333
12.5524
10.6095
26.4571
4.27619
4.37143
20.1619
5.05714
9.09524
17.1905
41.8667
27.4762
15.0571
9.69524
14.1524
25.4857
4.86667
4.10476
16.1333
4.42857
20.2571
6.8381
29.0667
13.181
11.6095
14.0286
8.46667
4.3619
23.6762
15.0095
6.84762
4.42857
7.4381
4.25714
5.70476
8.58095
34.1143
19.2
20.4381
10.1714
9.53333
10.6476
31.8381
7.72381
20.5714
20.2571
12.1333
19.8
14.5429
31.7905
7.41905
4.13333
8.40952
47.0095
12.5714
16.9048
19.4476
19.5048
7.7619
8.77143
11.6381
22.019
4.54286
32.5333
35.5333
19.6381
12.3619
15.8667
6.67619
12
4.61905
17.5048
28.8857
8.8381
4.51429
40.619
9.22857
17.181
4.85714
20.0286
15.2476
28.6095
23.4667
32.6667
11.1905
15.7429
16.2476
7.84762
15
27.181
8.87619
4.46667
10.4
11.7429
18.9524
10.6
5.99048
4.2381
6.20952
4.28571
9.01905
6.27619
13.381
6.06667
20.019
4.22857
14.4762
7.69524
4.89524
4.49524
30.0476
4.35238
18.4762
5.10476
13.0571
11.9619
7.29524
8.70476
7.65714
21.8286
7.04762
19.1524
5.01905
17.6476
4.69524
22.0095
9.80952
4.33333
7.85714
15.6952
23.419
10.3524
27.6857
11.8952
28.8381
7.4
14.2
4.34286
4.39048
4.6
6.73333
27.219
9.14286
20.7905
4.32381
4.60952
19.4952
12.6667
8.44762
31.4476
5.25714
5.19048
10.4476
19.7905
5.55238
8.1619
9.77143
5.8
8.88571
10.8952
17.5429
8.17143
7.35238
4.08571
5.62857
5.07619
22.5429
12.6952
10.6952
21.2095
10.7238
9.44762
5.95238
9.02857
21.3238
8.39048
12.3048
9.45714
15.9143
20.1429
16.0476
4.70476
7.67619
5.74286
17.1429
4.09524
41
19.8667
4.72381
18.6667
4.45714
13.9619
4.94286
4.1619
16.8952
24.1714
13.1333
17.6857
4.14286
10.3524
8.81905
7.42857
18.5619
14.6571
11.6762
8.55238
7.84762
13.9619
9.71429
19.3524
10.2
9.25714
5.00952
6.06667
4.57143
6.22857
6.8381
8.40952
15.1333
25.3333
4.31429
6.05714
5.13333
11.9143
6.97143
4.26667
16.6095
9.75238
8.17143
6.2
6.57143
4.20952
4.12381
21.5714
11.2952
4.68571
9.7619
12.4952
19
4.06667
4.93333
16.7048
11.4667
30.4762
5.78095
13.5524
10.5619
20.7429
19.8762
20.7238
8.13333
9.87619
25.9905
11.3714
9.6
30.8286
13.4381
12.7238
31.3333
15.419
4.26667
20.9333
14.6286
8.54286
4.7619
13.2476
10.5048
45.3048
29.2286
10.3238
25.4476
13.8667
26.3333
8.61905
16.9048
25.1619
12.7714
9.29524
15.819
19.581
10.9524
10.7714
14.0857
16.6857
19.3143
9.2
8.20952
23.0476
4.29524
9.6
4.22857
4.6
13.5429
20.7143
11.7905
10.4476
6.86667
17.4762
4.17143
29.6667
22.8095
22.2286
30.9048
7.3619
17.019
11.181
12.4571
12.6762
12.0571
5.06667
6.28571
10.0476
26.4
14.7905
20.5714
20.019
5.15238
4.22857
4.12381
20.7143
7.02857
10.8095
4.15238
16.0286
15.9524
7.79048
14.4952
5.98095
23.419
14.2476
14.2857
4.2381
22.3905
18.4857
11.9238
12.4952
21.5333
11.981
5.12381
7.18095
10.3524
12.1905
20.6762
14.4762
13.5905
22.181
5.27619
7.92381
15.6857
4.85714
9.60952
5.59048
4.11429
7.00952
6.46667
4.37143
13.0952
5.20952
13.1048
4.2381
16.7905
10.4571
5.78095
18.0286
5.99048
11.1048
6.00952
17.5238
10.5048
13.8286
15.2476
4.40952
4.39048
4.24762
13.6095
11.7048
17.6286
19.2952
4.64762
8.21905
14.4952
12.4476
5.90476
5.09524
17.2762
7.99048
4.20952
18.419
16.3143
10.5905
13.3333
10.219
11.3714
9.06667
5.05714
10.6667
23.3238
14.6857
15.8857
13.3905
6.9619
8.71429
5.2381
15.619
5.67619
14.1143
6.71429
8.17143
21.2857
12.019
6.30476
7.50476
21.7905
4.62857
11.5238
7.00952
13.981
20.5048
12.019
9.92381
6.8
6.69524
9.79048
4.69524
9.41905
6.15238
7.65714
4.55238
20.5048
29.6667
25.0286
13.6952
24.3524
4.61905
6.6381
4.89524
10.6
24.1619
20.0286
20.1524
19.8095
19.6571
13.2571
11.2857
13.2286
13.7429
14.3333
14.2
4.19048
7.45714
13.3619
39.8762
10.1238
13.1333
9.85714
6.18095
17.5905
7.61905
4.29524
17.0667
21.6381
12.1429
22.619
4.35238
5.86667
11.2476
11.819
5.52381
15.4571
9.8381
60.019
22.5429
10.6381
23.4857
10.8476
10.8286
12.9905
6.8381
21.5429
4.89524
13.9429
5.09524
20.7238
10.5143
14.7238
19.1905
29.2952
7.9619
4.69524
7.26667
4.8381
21.3048
27.8667
4.86667
19.9238
4.62857
10.381
20.7143
13.2952
8.59048
16.3048
4.59048
6.81905
5.94286
9.33333
9.89524
12.3048
8.29524
14.819
6.84762
15.6857
4.79048
5.06667
4.54286
5.98095
11.0571
13.4571
8.4
12.8381
13.3524
4.42857
4.66667
4.61905
4.10476
4.25714
6.57143
14.1905
29.9048
5.02857
8.34286
11.7524
26.8095
11.8762
9.19048
25.9619
4.50476
26.3429
34.0667
18.3524
15.5524
4.49524
5.26667
4.4381
4.15238
24.619
40.9238
13.1143
24.7524
8.98095
26.2952
19.581
21.9333
15.5524
31.6762
6.78095
25.8571
4.57143
18.3905
15.0095
13.3905
17.1905
8.48571
4.37143
13.2857
10.5143
4.94286
8.80952
4.35238
5.74286
11.581
8.38095
20.7143
4.86667
17.219
26.1333
4.71429
20.1048
21.2762
16.9143
4.68571
6.52381
16.6857
10.7905
8.14286
4.88571
21.7524
10.419
15.5333
26.7238
36.7714
8.55238
13.7429
9.25714
25.9619
11.7429
9.94286
17.419
7.49524
11.1429
15.8952
11.1524
8.05714
8.8381
51.8667
22.2571
5.09524
5.62857
6.6
13.781
16.0762
4.45714
10.5333
5.09524
4.5619
13.1714
5.64762
21.3905
4.1619
18.1619
15.419
4.75238
6.44762
8.33333
23.0762
4.57143
11.6762
12.2
7.97143
12.1143
36.7238
19.0571
8.57143
10.7429
4.70476
4.31429
6.53333
7.19048
18.1429
11.2095
9.85714
13.7619
8.31429
7.8381
14.2476
11.3905
6.06667
7.55238
23.2952
7.01905
4.61905
8.61905
28.6381
10.6286
10.2762
4.52381
5.73333
4.04762
5.10476
11.5333
18.9048
4.94286
13.3143
11.4667
18.9619
4.68571
4.44762
5.7619
4.24762
22.0762
17.7714
9.41905
4.26667
4.2381
12.9143
8.59048
6.5619
4.47619
4.59048
12.8857
7.87619
4.1619
19
11.0571
17.0286
11.619
4.82857
18.581
4.46667
26.6
13.5524
24.8952
14.9333
19.5619
5.57143
23
10.1048
24.7429
14.7619
25.5429
9.15238
13.9524
14.8
27.6095
23.419
4.40952
13.7619
13.8762
7.51429
13.0476
8.55238
4.40952
18.4857
4.72381
16.2667
10.4571
5.82857
13.2667
8.6
13.6571
4.79048
26.9905
4.44762
4.34286
12.4
16.1905
19.981
4.44762
13.7048
13.8
17.4571
27.9905
4.34286
4.95238
19.5048
8.64762
11.9714
6.84762
5.11429
16.1619
29.3429
18.8381
26.2286
8.94286
19.8857
10.2095
17.6762
13.0952
14.3238
4.45714
19.2286
5.82857
14.8381
27.2476
4.30476
4.40952
4.61905
4.48571
4.07619
18.1143
13.0952
11.1524
10.2571
10.219
16.8095
14.2286
3.33333
6.78095
22.3238
19.6095
8.68571
8.54286
17.8952
3.28571
6.97143
3.32381
8.54286
23.5905
15.7143
8.37143
4.62857
3.38095
9.71429
3.18095
8.61905
3.2381
3.41905
3.2
12.619
19.8476
5.4
15.3619
6.31429
7.92381
27.7143
18.7619
7.28571
3.35238
4.48571
7.82857
21.9619
5.55238
25.8952
6.78095
8.2
7.10476
19.8095
3.2
7.71429
16.6476
14.3619
33.0952
11.2762
6.6
7.07619
5.59048
14.5238
22.3143
5.7619
13.5905
9.60952
3.97143
3.19048
5.3619
9.40952
12.8476
4.0381
6.34286
14.019
24.8762
3.27619
15.5905
17.2667
3.34286
3.47619
5.20952
36.7714
10.8762
11.181
23.2381
8.4
7.64762
16.4857
11.0381
24.2476
24.8667
16.3714
18.3048
23.8095
10.1143
7.6381
12.0571
4.28571
3.19048
11.6571
6.65714
12.4857
3.91429
3.11429
3
7.07619
8.20952
4.08571
5.71429
6.12381
3.24762
21.6476
14.819
7.89524
3.02857
10.2286
23.1238
4.22857
3.8
11.019
25.381
19.1714
3.31429
7.14286
6.9619
13.7714
3.50476
3.22857
6.42857
3.18095
4.90476
13.9905
7.85714
12.381
8.50476
12.4095
3.38095
11.9619
5.57143
8.09524
7.8
11.181
7.2381
4.67619
18.1048
8.8381
7.51429
3.8
3.2
3.39048
9.85714
6.35238
3.2381
19.3048
10.2381
11.419
3.17143
18.4
3.11429
16.9238
3.59048
3.60952
6.94286
9.11429
3.45714
11.6857
5.41905
7.38095
5.28571
8.14286
7.29524
4.1619
6.55238
3.8
21.5333
19.9333
7.98095
4.88571
7.69524
14.6952
24.5905
16.6476
13.6667
3.39048
23.4667
27.581
3.93333
6.40952
22.3714
6.01905
18.619
10.419
12.0857
6.0381
16.4762
3.29524
10.8381
3.53333
3.21905
3.8
16.9048
4.62857
5.75238
9.17143
3.6
10.5429
47.8952
5.89524
5.71429
3.55238
13.6952
5.33333
12.2476
3.39048
7.75238
4.39048
20.4762
11.6952
8.58095
22.9619
9.37143
5.67619
8.47619
7.5619
3.50476
12.6095
7.72381
12.2667
5.87619
26.2857
15.6857
3.21905
21.7048
4.5619
12.4095
3.8381
3.46667
10.8381
9.72381
12.4857
3.30476
8.74286
14.2
11.3619
6.57143
6.50476
5.90476
16.381
9.24762
13.3429
12.9333
4.06667
3.09524
15.7048
19.4286
27.181
3.86667
26.9524
5.07619
8.21905
3.4
30.3714
3.10476
19.8286
3.45714
19.3333
10.6286
28.419
3.34286
6.98095
3.10476
6.35238
16.1714
27.9619
4.1619
3.24762
25.3905
6.7619
3.11429
15.0667
18.3333
8.69524
14.9143
8.85714
18.0667
6.84762
9.35238
19.219
26.019
9.06667
17.0762
3.40952
3.12381
13.1429
7.69524
25.3619
10.6571
3.25714
3.66667
3.11429
3.02857
10.9143
3.25714
17.4857
3.39048
9.10476
13.1048
20.4857
4.92381
19.3714
20.4476
10.3714
3.50476
15.2476
22.7429
5.69524
5.08571
3.42857
11.4762
12.6571
12.2381
17.6476
3.19048
20.1048
3.29524
3.12381
14.8762
5.24762
3.42857
31.6667
3.22857
3.31429
3.17143
3.08571
4.04762
3.55238
10.9143
3.10476
5.21905
3.09524
3.18095
4.04762
10.6476
7.67619
3.4381
14.2762
19.3333
4.09524
9.93333
16.9429
6.30476
11.381
3.1619
25.3714
10.8667
3.31429
14.5048
4.78095
6.79048
11.6095
3.88571
12.8857
7.69524
19.9238
14.0762
13.1333
13.4476
27.6381
3.19048
19.0476
5.20952
17.6476
37.2381
20.8952
8.71429
5.62857
14.0667
3.26667
3.31429
3.3619
7.77143
10.819
3.28571
11.3619
3.00952
25.1905
12.6286
16.4571
12.619
20.6381
39.6286
3.27619
11.1714
5.2381
7.47619
15.6952
12.3143
3.3619
16.1048
3.20952
9.24762
8.00952
12.9429
31.7905
25.981
13.3524
16.2571
78.6667
14.5524
10.5714
3.44762
3.11429
3.22857
5.39048
12.1333
15.0286
12.8571
16.6476
21.9619
3.27619
20.0952
3.27619
3.95238
3.31429
3.30476
24.5333
3.77143
20.9333
9.2381
14.5333
11.3524
19.7905
7.70476
7.57143
8.72381
5.51429
3.2
10.7333
18.1619
31.3048
3.50476
3.12381
11.3238
6.28571
16.6762
6.66667
6.84762
10.381
16.5524
23.1524
4.07619
3.44762
10.3905
12.3333
3.6
15.2286
4.45714
21.8381
12.2476
7.42857
3.8
17.4857
3.67619
11.1524
5.46667
3.20952
13.1619
8.10476
8.80952
7.81905
16.419
11.1619
6.97143
3.22857
8.35238
13.6381
16.7333
7.68571
23.8095
15.2952
3.26667
8.80952
3.19048
15.581
8.01905
13.581
3.44762
4.81905
7.97143
7.24762
3.45714
5.54286
3.48571
9.14286
9.93333
6.46667
13.6571
25.419
6.48571
7.58095
6.26667
13.4667
6.86667
3.14286
15.8952
7.4
3.67619
6.32381
3.90476
3.22857
18.2381
21.381
6.98095
6.78095
6.09524
26.8667
3.00952
12.2762
8.22857
20.4286
15.819
15.9714
5.15238
6.82857
10.1905
6.84762
3.6
33.1429
31.3714
24.4381
12.7143
11.5143
27.0571
20.6
6.92381
14.8476
23.7524
6.41905
17.3238
19.8286
10.4
10.2857
10.181
3.55238
3.26667
17.3143
3.66667
3.1619
3.57143
18.381
7.57143
11.5714
4.29524
6.42857
10.0952
3.11429
4.15238
8.3619
3.54286
8.1619
16.0476
3.05714
3.46667
6.30476
10.819
3.20952
8.95238
7.31429
15.581
3.29524
4.54286
3.86667
12.581
3.37143
3.37143
4.68571
4.82857
4.3619
3.49524
7.18095
3.1619
11.419
8.64762
22.4667
8.81905
13.2476
7.72381
9.27619
21.0857
6.00952
3.42857
3.61905
3.38095
8.30476
6.19048
6.12381
24.7619
33.3714
9.41905
3.04762
17.2381
10.1143
9.07619
4.79048
3.50476
3.33333
3.10476
11.1905
11.2667
23.7333
3.44762
15.6095
17.5048
16.2857
7.98095
10.6
9.62857
23.4952
21.2571
3.2381
6.18095
3.1619
10.219
12.5714
7.8
8.33333
16.1714
13.6476
3.19048
10.3524
13.0476
3.52381
3.93333
11.0381
17.1238
3.24762
29.4762
7.87619
19.9333
17.7333
14.781
15.0762
3.25714
11.8095
4.28571
3.02857
3.24762
9.60952
17
3.20952
8.47619
14.8762
3.6
3.85714
3.09524
11.3714
15.6952
12.4762
4.91429
14.7048
3.24762
7.21905
4.33333
12.0667
25.581
10.4476
7.67619
8.31429
12.1333
12.2667
3.25714
3.27619
15.2857
4.05714
9.2381
6.10476
3.09524
17.1238
6.93333
3.25714
5.71429
6.59048
3.39048
18.5714
19.1429
3.4
3.17143
3.12381
3.46667
9.34286
6.19048
9
3.34286
22.6857
6.14286
16.1714
3.1619
11.8
3.37143
3.22857
5.54286
13.8286
3.3619
3.11429
7.69524
18.3524
7.49524
3.4381
6.54286
8.17143
4.8381
3.14286
5.54286
21
4.8
3.80952
3.1619
8.75238
19.3524
7.8
10.781
4.33333
20.619
4.32381
6.25714
26.2476
3.38095
16.9524
3.22857
8.53333
8.37143
3.05714
9.54286
3.19048
13.781
10.619
3.17143
4.49524
3.26667
25.8952
15.381
6.25714
3.17143
22.8571
3.62857
8.82857
11.9333
11.2571
3.31429
3.09524
6.68571
3.15238
3.4381
27.0095
3.0381
25.6667
3.91429
28.4
4.59048
12.0476
10.6095
6.80952
4.27619
3.5619
3.30476
32.7905
24.9905
14.0286
12.0762
3.08571
9.57143
15.5143
3.98095
15.9333
19.9333
3.19048
14.6476
3.09524
10.4952
22.3143
10.6762
6.34286
12.2571
11.9524
16.2476
35.5048
16.3524
7.89524
3.44762
3.58095
3.53333
3.44762
7.92381
25.019
3.53333
4.3619
3.72381
3.1619
3.39048
3.1619
14.8667
3.25714
4.08571
13.7429
3.3619
24.8857
17.9143
13.0381
19.6
11.8857
4.47619
7.25714
3.08571
15.9048
6.86667
6.73333
3.1619
7.21905
7.62857
3.1619
3.06667
3.35238
10.5905
12.0762
3.15238
12.1714
3.13333
32.819
13.8
3.15238
5.21905
9.21905
12.8286
14.1619
8.8
11.4571
10
3.28571
10.2571
14.2095
9.81905
3.44762
16.1143
10.5524
3.13333
3.19048
6.6381
4.85714
3.52381
3.48571
10.1905
17.0095
3.1619
3.02857
14.0952
20.5238
8.64762
11.3238
14.4476
28.9905
12.8
10.2857
24.7905
6.6381
3.21905
3.42857
3.13333
3.97143
16.8286
3.24762
3.39048
3.22857
12.6
15.7048
6.65714
17.9619
13.7524
5.3619
19.9333
6.98095
5.65714
12.2095
3.26667
6.10476
5.68571
9.94286
10.8381
10.1524
25.2857
14.2286
7.77143
12.0857
14.3905
3.2
11.3429
13.3048
3.67619
16.4857
17.0762
19.6095
5.78095
16.2857
4.30476
7.08571
11.7905
10.2762
7.70476
7.09524
3.68571
4.17143
7.02857
26.3619
23.6
3.44762
7.07619
8.35238
5.12381
15.9524
13.5143
13.9524
25.5905
21.6286
20.8
13.6857
17.0571
16.1524
3.14286
17.7048
18.0857
3.10476
18.2857
23.0476
15.9619
6.27619
6.21905
3.1619
21.0095
16.9714
14.1333
3.17143
10.219
4.67619
3.1619
7.24762
13.1524
3.17143
3.35238
15.6667
13.7143
18.6952
3.38095
3.21905
3.70476
7.42857
6.10476
3.01905
9.44762
3.73333
3.19048
3.97143
5.2381
7.2
13.0667
14.619
8.89524
15.9048
8.72381
35.019
3.91429
5.8
16.0571
3.14286
3.3619
3.0381
17.3143
8
3.69524
3.31429
4.81905
3.13333
4.4
4.7619
6.7619
8.28571
3.44762
4.82857
8.47619
6.24762
3.19048
8.38095
8.80952
14.981
7.9619
11.2381
9.42857
6.33333
15.5429
7.55238
9.74286
3.27619
12.6095
3.08571
3.26667
7.19048
22.8667
7.28571
3.15238
3.04762
3.62857
7.27619
3.4
3.14286
24.5238
18.9333
14.6762
11.819
4.0381
8.07619
11.2952
12.819
6.05714
11.419
9.32381
6.88571
3.04762
25.7714
3.77143
8.06667
17.3429
12.7238
13.1714
9.0381
16.9619
18.4476
3.26667
8.51429
15.1905
13.4381
3.46667
8.07619
7.84762
18.6286
10.4952
3.26667
29.8667
3.10476
3.18095
3.95238
3.1619
3.81905
13.7238
7.8
9.30476
7.48571
4.94286
13.8857
27.7143
13.0857
19.3143
3.33333
3.80952
3.37143
8.62857
13.8
17.2
6.57143
3.77143
12.419
3.39048
18.1048
8.08571
15.6381
4.47619
19.8381
21.7143
12.9048
5.46667
7.65714
16.2762
3.69524
3.29524
18.2286
5.98095
8.71429
12.219
20.8095
3.14286
7.78095
25.8571
3.68571
9.0381
4.67619
3.26667
11.619
19.5524
7.79048
11.7048
18.9524
8.17143
16.4857
12.9524
17.1333
3.55238
3.14286
3.17143
10.5143
4.07619
7.20952
7.33333
21.6857
3.58095
13.2476
13
6.94286
3.24762
19.819
29.9333
21.3714
9.13333
15.5619
22.9429
8.0381
20.3714
34.0381
17.7333
9.84762
16.9905
16.2381
17.6952
10.7429
19.2381
15.2571
7.1619
10.5905
3.11429
6.46667
24.5143
10.8286
22.0667
22.819
9.81905
15.7524
37.4286
13.2762
3.84762
17.4
16.4571
3.52381
10.3714
13.4476
20.6857
10.3714
8.6
27.7714
3.21905
7.42857
3.35238
18.2381
8.60952
3.15238
3.28571
16.6667
7.01905
13.3048
3.87619
27.2857
27.8381
6.57143
3.8381
9.87619
12.3905
3.19048
18.419
8.14286
3.45714
7.27619
15.219
3.10476
14.4476
6.61905
6.65714
10.1905
3.24762
14.2286
23.7905
27.781
18.6381
3.10476
3.30476
7.7619
21.6667
4.11429
18.8095
4.19048
3.61905
22.4286
4.06667
3.1619
27.6667
12.5238
10.0762
27.9905
24.419
11.3524
5.24762
14.219
11.581
30.381
7.11429
5.6381
13.2381
18.6
22.819
6.79048
6.99048
12.8667
12.8667
3.19048
5.6381
7.40952
4.07619
26.381
3.21905
13.5333
21.4952
24.6
25.5143
12.2286
3.11429
11.8667
7.53333
7.6
6.57143
21.781
12.4667
8.05714
3.85714
3.54286
3.84762
3.61905
10.8
12.5524
9.82857
3.30476
12.4762
3.6381
10.1429
4.0381
6.94286
5.32381
8.15238
12.019
20.2286
6.92381
3.39048
13.2381
3.10476
15.1143
3.4
18.0857
27.9524
6.40952
3.51429
37.8
19.2762
3.27619
3.06667
13.3333
19.381
20.9238
3.50476
13.2095
3.13333
23.1619
8
24.1333
7.65714
15.8381
5.55238
4.17143
10.9048
3.27619
11.4095
17.819
9.72381
14.2381
8.6381
15.0381
12.8667
5.92381
3.0381
24.9048
12.5524
3.92381
9.17143
17.1619
3.14286
3.12381
6.87619
9.09524
3.22857
24.3238
17.0667
4.18095
7.22857
26.4571
13.1905
6.89524
16.4667
8.12381
3.67619
7.17143
14.4762
11.2952
8.20952
18.219
3.19048
23.5143
13.019
12.3429
11.9619
3.46667
15.6762
10.1714
3.21905
10.5143
21.8
15.9429
3.05714
8.93333
3.39048
15.0476
4.17143
17.2286
8.05714
10.0667
3.27619
10.4286
3.27619
24.1048
3.55238
28.1905
15.3619
4.75238
3.40952
9.12381
3.22857
17.5333
31.9143
9
3.2
3.2
9.79048
7.39048
10.0667
3.46667
11.2381
3.52381
5.99048
36.1714
12.8571
21.6762
11.3714
6.61905
3.24762
7.37143
22.619
3.6381
7.77143
3.13333
4.2
19.8286
10.8381
3.86667
5.8381
3.27619
20.6
3.00952
9.40952
20.3524
7.46667
7.02857
6.31429
18.4476
5.74286
16.7524
12.4
3.15238
3.2
3.26667
6.72381
8.28571
8.02857
3.08571
14.4476
14.0762
3.3619
3.18095
6.74286
3
3.18095
3.4381
11.619
10.8381
6.02857
3.66667
15.6381
11.2857
8.6381
3.32381
21.0857
16.2857
3.35238
3.34286
3.7619
10.8857
3.2381
3.15238
26.8667
3.08571
3.48571
4.62857
23.2571
3.07619
3.80952
18.381
3.2
7.45714
11.5333
14.2667
5.07619
4.51429
7.77143
16.6
10.6762
15.1714
9.68571
9.67619
25.3619
11.5619
6.37143
18.581
14.019
7.06667
8.1619
3.57143
4.33333
6.4
9.89524
11.6667
3.55238
3.21905
7.26667
11.3048
11.9333
3.86667
5.40952
6.61905
6.3619
13.6857
3.21905
3.17143
26.2381
9.07619
16.019
11.6571
5.70476
16.5619
14.819
3.02857
3.44762
11.2476
9.22857
3.19048
3.07619
12.581
34.5048
9.50476
11.2762
31.1619
23.1619
6.45714
3.2
3.2381
3.40952
8.6
8.6
8.49524
3.01905
6.14286
6.85714
24.4381
16.5333
14.2857
11.6286
3.17143
3.14286
12.7238
10.4286
25.419
30.1238
10.1619
11.5619
21.0286
10.6762
12.6571
9.73333
3.19048
3.52381
3.5619
3.46667
6.07619
3.3619
3.28571
23.4381
15.9333
18.5524
22.5048
5.77143
15.4571
3.19048
15.2667
18.9714
10.219
6.6381
27
11.7524
3.34286
5.25714
29.2476
37.6095
3.0381
8.82857
3.22857
14.3619
3.59048
3.57143
9.46667
4.8381
8.57143
3.40952
10.5619
15.981
3.27619
3.65714
3.25714
13.2476
7.40952
9.94286
3.78095
3.09524
5.25714
10.3714
5.8381
16.9619
6.33333
3.32381
19.0476
10.6667
3.21905
24.2
15.0095
9.89524
4.02857
15.9238
16.0571
10.8571
7.14286
14.8762
7.11429
8.46667
22.8952
3.53333
10.3048
10.8952
15.6476
8.89524
10.6095
3.34286
14.7905
19.1238
3.61905
18.781
3.00952
4.58095
16.9429
8.17143
15.2667
4.17143
5.38095
13.5333
25.3619
21.981
18.4857
15.8381
3.30476
3.33333
14.9619
3.17143
3.08571
8.21905
10.7619
21.4952
4.45714
27.7714
4.17143
7.51429
11.1524
5.89524
4.26667
8.81905
8.6381
11.9238
7.5619
7.08571
3.06667
12.0095
26.8095
3.19048
14.3143
13.5429
3.60952
30.8762
13.4762
14.2476
10.6
4.05714
19.4762
3.2381
8.52381
16.0762
8.73333
3.15238
13.381
31.3238
12.6857
13.8476
7.93333
5.98095
17.5905
3.74286
6.12381
3.35238
6.95238
3.38095
19.3429
3.64762
9.49524
3.65714
4.4
3.13333
8.60952
9.35238
10.6095
19.8952
5.42857
11.9619
7.12381
17.2571
11.2952
8.7619
6.88571
19.9619
9.80952
3.01905
5.41905
15.7714
3.8
10.419
11.0381
3.30476
8.26667
12.2667
20.0095
5.73333
11.581
4.61905
7.31429
30.1429
8.74286
3.35238
18.2667
3.52381
7.57143
8.67619
3.62857
17.6762
6.37143
3.64762
3.2
12.1333
18.781
8.69524
10.9524
6.31429
22.4
3.89524
3.97143
3.6
4.4
8.68571
3.15238
19.0762
6.6381
5.78095
3.4
3.13333
24.2762
5.7619
5.95238
3.1619
3.12381
17.8571
5.40952
3.26667
10.2952
3.81905
3.21905
22.0857
3.27619
14.2667
5.82857
21.7429
19.5048
12.7333
12.6667
8.25714
32.7905
19.8571
3.25714
12.4286
3.29524
21.4952
9.18095
3.99048
10.8476
24.9048
4.2381
27.8857
9
10.3143
3.48571
6.26667
3.25714
7.54286
20.7333
10.4381
16.2095
22.8952
3.1619
8.34286
3.33333
24.4
21.5048
4.08571
3.3619
7.73333
10.5714
14.2857
40.7238
12.5524
23.781
17.9048
3.91429
8.98095
16.5429
6.85714
21.1524
14.5143
28.2857
14.6952
3.44762
6.2
7.79048
8.45714
6.94286
10.0571
9.78095
6.98095
15.1905
3.54286
3.35238
20.3714
20.419
3
20.2
3.17143
21.5429
5.87619
11.9714
10.9238
10.6667
13.6762
14.7429
8.6381
8.81905
3.28571
22.5429
19.781
13.3524
15.2857
19.5048
14.2762
13.1333
5.1619
15.5619
9.34286
29.6
3.91429
3.37143
4.61905
12.4
6.86667
11.1143
7.75238
7.9619
3.2
4.6
7.37143
9.33333
11.981
3.35238
17.0667
14.1048
17.0476
19.8762
12.1048
3.53333
3.4
7.32381
3.3619
9.29524
3.21905
13.4286
11.381
3.17143
3.37143
3.68571
8.90476
3.4
11.1429
29.5143
16.8095
10.1524
27.7524
8.27619
8.30476
5.90476
11.4095
8.09524
20.1619
9.30476
10.4095
16.7714
3.79048
8.70476
6.59048
21.2476
16.6667
3.54286
3.20952
17.6667
10
3.89524
3.28571
3.25714
18.5333
3.29524
12.5333
3.31429
5.75238
3.26667
11.4857
4
7.39048
15.8
5.31429
6.2381
16.019
7.33333
8.12381
15.3143
15.7143
9.88571
8.7619
13.8476
15.0762
3.57143
6.82857
6.69524
5.51429
3.02857
13.2381
7.60952
6.01905
3.20952
22.4286
11.419
16.3333
9.60952
11.1619
16.181
24.9429
8.26667
8.60952
3.6381
11.8571
17.9143
12.219
3.24762
3.18095
10.419
9.6
3.26667
6.90476
31.4762
19.3333
15.4667
8.42857
3.04762
17.4476
3.19048
4.67619
7.17143
23.1238
10.6095
5.94286
3.67619
21.981
6.7619
8.18095
20.4286
5.73333
16.6381
4.69524
19.8857
3.15238
15.3905
3.11429
7.18095
5.74286
13.8952
3.4
20.2286
4.21905
14.3048
3.58095
23.0571
10.5619
4.06667
8.37143
26.0857
20.0857
4.6381
3.1619
18.819
4.35238
8.86667
9.04762
10.3429
3.37143
4.86667
12.581
16.3238
18.419
3.5619
7.8
3.02857
11.4095
10.381
6.98095
34.2571
14.9619
19.5048
3.30476
5.60952
3.38095
20.8476
5.35238
3.49524
20.1905
3.62857
3.61905
9.04762
22.1619
5.77143
3.75238
3.26667
12.8857
3.46667
3.49524
18.6476
7.41905
14.8762
5.74286
9.08571
5.66667
3.17143
15.8952
5.07619
8.94286
17.8857
11.8476
6.71429
6.84762
8.37143
3.97143
23.781
17.8476
8.73333
10.7429
3.75238
3.33333
3.15238
15.7238
3.12381
55.6571
3.31429
8.41905
18.0381
9.06667
3.24762
20.8381
3.14286
12.6286
3
18.7333
17.0286
7.94286
3.74286
5.97143
3.09524
3.24762
5.7619
9.14286
3.49524
13.5238
3.50476
9.31429
3.06667
5.34286
15.819
14.3429
12.0476
13.9619
8.97143
3.21905
5.45714
8.42857
3.67619
8.19048
7.93333
11.1143
25.9524
8.24762
19.7714
15.2
3.54286
6.70476
8.7619
14.8
3.91429
18.2571
14.7143
4.28571
25.2952
17.8476
3.14286
3.25714
10.8
3.34286
11.4667
3.62857
4.15238
11.6095
9.14286
9
8.72381
15.5143
17.8571
12.2095
24.9143
3.13333
15.181
7.80952
15.7333
3.9619
12.5238
8.30476
6.74286
9.04762
6.69524
13.4667
18.5238
5.91429
17.1048
4.55238
28.5429
13.3429
9.72381
14.2476
14.7333
6.4
3.34286
3.32381
27.8381
19.9524
12.0095
6.64762
7.88571
10.7905
7.10476
7.02857
3.7619
3.2381
10.7524
23.1238
3.47619
3.89524
3.2381
3.46667
3.17143
16.0381
3.18095
11.8476
20.0095
16.6
13.9905
10.0667
6.1619
27.0667
9.7619
3.20952
3.22857
8.94286
3.17143
3.40952
17.7905
6.15238
30.4476
3.25714
4.42857
9.53333
3.0381
10.0381
3.4381
13.9333
3.26667
22.781
8.29524
11.4762
18.9333
9.21905
3.68571
9.05714
3.38095
14.5524
25.2
12.3714
6.05714
3.14286
24.3714
23.3619
3.6
3.33333
3.07619
9.24762
8.35238
4.82857
3.02857
6.58095
29.4286
19.8667
16.4286
7.97143
3.27619
6.46667
9.67619
15.6667
4.71429
13.9429
9.2381
16.0762
17.5524
12.5524
8.91429
16.5905
17.6667
12.9524
9.06667
17.3429
24.6762
13.3333
15.5429
9.79048
10.3143
7.58095
8.02857
8.84762
6.99048
26
21.9143
16.181
8.49524
15.8857
10.6286
9.52381
5.57143
5.8
5.1619
6.08571
25.1524
20.7619
5.2
5.25714
13.4857
15.5429
26.8381
11.4952
9.21905
21.1905
5.90476
12.6286
8.82857
9.9619
14.6
6.22857
4.75238
3.34286
3.29524
3.42857
24.3048
7.37143
3.06667
8.82857
3.24762
6.11429
19.1238
17.5524
17.3905
8.34286
8.01905
5.00952
3.1619
11.7714
10.4476
14.7714
21.3143
6.35238
10.4
6.6381
3.09524
14.0476
3.30476
4.22857
3.68571
8.9619
4.21905
17.419
3.47619
3.21905
3.61905
3.18095
3.0381
3.10476
3.08571
9.7619
5.72381
20.981
12.8667
19.8667
11.7524
15.619
20.0571
19.219
16.0476
22.1333
20.9714
4.59048
11.1238
15.8381
6.86667
9.2381
3.34286
10.1333
16.5714
27.8857
3.65714
14.5143
3.31429
18.6286
21.781
3.12381
18.7429
3.68571
7.22857
8.01905
14.1238
19.6857
8.25714
7.2
19.1143
3.25714
3.5619
11.3619
11.5619
8.4
9.06667
3.32381
22.7619
6.04762
27.0667
13.6286
3.2
9.98095
25.8095
12.1619
6.13333
7.90476
12.2095
23.5048
9.91429
3.32381
10.0762
22.5524
14.8
23.8571
11.1524
11.5905
20.7619
22.3048
5.66667
10
19.6
3.28571
3.14286
7.62857
3.46667
11.2286
7.37143
7.59048
14.4952
12.5619
3.55238
6.54286
3.46667
20.9524
21.4857
8.4
3.44762
3.08571
3.28571
18.7524
6.45714
25.6952
16.2571
3.64762
3.21905
15.2476
16.8095
20.3429
10.819
9.30476
3.29524
3.17143
7.62857
7.00952
3.44762
4.37143
3.22857
7.26667
3.48571
4.04762
11.9714
18.2667
22.2571
9.88571
9.60952
3.15238
7.06667
3.35238
8.13333
12.7619
19.3333
8.18095
8.53333
3.39048
3.2
8.88571
9.75238
29.0952
22.1333
3.12381
10.0381
16.3714
16.2762
8.93333
9.2
10.0667
3.91429
16.7429
14.8667
3.2381
20.0667
3.49524
3.55238
10.6571
9.8
4.73333
3.26667
12.5429
10.5905
3.09524
8.3619
3.64762
12.7238
3.46667
7.93333
28.8667
25.381
4.65714
25.2476
6.09524
9.02857
14.3905
11.1048
13.581
25.3905
2.07619
19.6571
7.58095
4.10476
2.01905
2.20952
2.00952
5.59048
2.14286
2.28571
7.33333
5.38095
2.31429
9.77143
2.50476
7.34286
2.33333
5.66667
15.7905
2.49524
5.49524
3.70476
3.09524
2.35238
2.41905
8.05714
13.6857
2.00952
21.9048
3.28571
2.04762
2.27619
2.21905
7.53333
2.11429
2.00952
7.01905
2.20952
2.60952
2.5619
6.31429
2.01905
2.18095
6.51429
3.70476
2.37143
6.37143
18.1333
4.71429
6.11429
2.06667
2.05714
14.1143
2.42857
10.1905
2.4
8.77143
2.52381
2.17143
2.73333
10.1905
2.14286
2.01905
19.5524
3.12381
31.7524
68.581
5.15238
17.619
4.81905
6.27619
2.15238
13.1524
19.4857
2.46667
2.26667
2.54286
2.48571
2.26667
6.33333
2.30476
2.52381
8.4381
2.05714
2.07619
3.61905
4.41905
2.0381
19.9238
18.6
17.4095
18.6095
13.1429
3.14286
12.6952
2.2381
6.10476
6.50476
13.1048
18.8381
2.00952
9.4381
2.02857
10.1619
5.22857
3.47619
3.1619
15.4381
2.13333
2.29524
5.8
8.19048
2.00952
2.11429
2.21905
2.42857
2.12381
3.53333
15.1524
4.45714
2.05714
2.54286
8.35238
11.8381
16.981
4.7619
3.10476
18.1238
20.8762
1.80952
12.0381
1
11.9429
23.8
1.10476
6.87619
4.8
1.02857
1
1.4381
10.5238
7.47619
1.2381
10.8476
1.19048
3.4381
1.02857
1.22857
17.019
4.80952
1.35238
1
7.46667
9.28571
3.97143
13.9048
1
1
1.04762
1.02857
1.00952
1
1.85714
18.981
1.00952
1
1.28571
1.04762
5.78095
1.72381
15.8571
22.3333
6.75238
1.0381
1.6
13.8095
1.01905
1.11429
1.01905
1.04762
17.5048
11.5143
1.21905
1.39048
9.46667
1.18095
1.04762
1.0381
14.7429
9
2.37143
5.33333
1.00952
1.2
1.10476
1.0381
5.98095
13.6667
1.21905
8.09524
7.99048
1.22857
1.17143
1.95238
1
3.1619
1.06667
1.13333
1.06667
1.05714
15.1619
1
1.22857
1.04762
1.0381
1
1.0381
1.01905
20.4286
1.0381
1.1619
17.5524
20.5429
8.4
10.0571
1.09524
12.0286
1
1
12.8381
11.9619
1.02857
1.05714
15.1143
1
1.15238
13.5524
1
1.0381
1.0381
1.01905
8.9619
13.1619
1.20952
9.82857
1
1.24762
17.5905
1.02857
17.7714
1.06667
1.10476
1.09524
13.7619
1.0381
3.50476
18.4286
1
1.00952
1.00952
1.02857
5.34286
1.30476
1.11429
3.4
1.06667
1
12.4857
1.22857
13.5333
1.15238
10.9238
1.35238
2.65714
1.35238
15.3714
6.98095
2.44762
1.13333
14.6952
20.4857
13.0667
1.94286
1.05714
1.06667
1.13333
1
1.04762
4.97143
1.02857
1.40952
6.45714
9.01905
1.01905
3.3619
1.08571
12.7429
25.9714
1.39048
1.04762
1.01905
15.7048
9.5619
6.8
1.10476
13.0762
1.12381
1.14286
1.07619
1
1.21905
1
1.05714
1.00952
10.7714
11.2381
11.181
1.02857
1.51429
1.11429
1.07619
11.219
10.6286
9.95238
1.00952
14.1714
1.05714
8.58095
13.1524
1.44762
1.71429
1
3.2
1
1.2
17.0381
11.3143
1.02857
1.04762
1.01905
1.42857
1.7619
2.85714
13.9238
1.06667
5.10476
14.8762
1.10476
1.06667
1
1.0381
12.2381
1
1.19048
1.00952
1.17143
1.4
1.20952
2.18095
1.08571
6.73333
1
1
1.02857
2.81905
5.64762
1.00952
1.0381
2.65714
2.67619
1.19048
7.1619
1.01905
1.70476
1.06667
1
1
1.09524
1.07619
10.419
1.10476
1.14286
1.41905
1.01905
1.02857
1
1.07619
1.00952
1.01905
1.20952
1.04762
1
1
1.06667
16.781
1.28571
1.62857
1.11429
8.82857
17.8762
1.29524
1.05714
1.06667
14.2857
1.07619
11.6571
13.5048
1.00952
8.86667
1.13333
1.07619
1.2
1.2
7.81905
7.92381
1.02857
1.04762
1.05714
10.4857
1.02857
4.73333
1.19048
12.8762
20.8381
5.80952
12.8286
13.5429
17.2286
19.5333
1.07619
1.04762
2.12381
10.8381
1.02857
1.06667
1.08571
1
1
1.69524
11.2476
6.41905
1
1.06667
25.6095
14.2762
1.20952
1.21905
8.84762
1.15238
1.00952
1.10476
6.14286
1.02857
1.0381
11.0571
14.9238
1.00952
14.7143
13.9048
1.34286
17.419
13.1524
1.01905
18.8857
14.3714
12.8
3.27619
1.15238
1.00952
1.0381
15.2857
1.30476
1.22857
6.57143
1.09524
1.39048
1.87619
1.64762
1.00952
1.00952
3.22857
11.181
9.6
1.02857
10.8667
6.51429
1.02857
1.02857
1.07619
1.14286
1.09524
1.22857
2.39048
1.32381
5.67619
15.5524
7.50476
10.5905
1
1.04762
1.38095
12.8571
3.04762
1.2
1.61905
11.4952
1.12381
2.62857
8.01905
8.32381
10.6381
1.24762
9.38095
1.0381
10.2857
4.08571
1.71429
2.72381
2.41905
11.5619
12.1048
1.08571
1.08571
12.8762
1.0381
1.08571
1.22857
17.2
22.2476
1.08571
1
1
1.2
1.28571
8.65714
18.181
11.2381
1.01905
1.19048
1.50476
1.10476
9.71429
4.92381
8.60952
12.981
1
1.0381
21.8762
1.13333
1.24762
1.20952
1
1.25714
20.3714
11.2571
8.4
1.33333
18.6381
1.02857
15.619
9.24762
1.11429
16.9619
16.2095
9.98095
1
1.04762
1.00952
1.05714
1.1619
1.00952
1.07619
14.219
1.09524
1.08571
8.1619
1.31429
1.22857
1
1.28571
1.0381
12.7143
1.02857
1.0381
1.19048
1
1.35238
10.819
1.08571
1.32381
11.819
19.5333
1.19048
1.00952
1.01905
1
1.0381
11.0667
3.6
18.2381
1.19048
2.21905
16.7524
4.59048
1.04762
16.2476
8.68571
1.13333
7.68571
1
1
1.02857
7.58095
1.10476
1.12381
9.92381
1
1.00952
12.0476
1.00952
1.15238
16.7619
1.11429
6.40952
1.05714
1
1.02857
1.07619
1
6.46667
2.01905
12.2952
9.02857
8.39048
1.00952
1.2381
14.0381
1.28571
1.04762
15.781
11.419
1.78095
1.05714
18.3714
7.00952
1.28571
5.6
9.59048
1
9.44762
1.05714
2.46667
1.10476
1.01905
1.20952
1
1.0381
1
5.05714
1.00952
1.29524
1.10476
11.3619
7.14286
1.05714
1.24762
1
1.33333
1.05714
1.0381
16.2095
1.4
1.54286
1
1.0381
15.7048
14.5143
19.3429
8.72381
1.10476
1.01905
35.8
1.02857
7.85714
1.14286
12.8762
10.5524
23.4
1.69524
10.0095
1.00952
1
1.91429
1
2.35238
17.619
1.04762
1.10476
1.02857
21.0095
1.85714
1.14286
1.13333
1.20952
20.8
1
3.21905
1.19048
1.02857
1.07619
11.3619
1
1.13333
1.69524
1.00952
1.21905
1.22857
13.5238
1.02857
14.3714
1.04762
7.45714
1.00952
10.419
1.00952
4.82857
11.3619
16.0952
1.0381
1
3.41905
11.0476
1.01905
1.01905
1.10476
1.05714
1.18095
1.35238
16.8476
1.05714
1.2
1.24762
1.00952
7.35238
1.10476
17.0857
1
1.11429
1.59048
1.08571
1.02857
14.0857
2.41905
1.30476
1.00952
1.0381
1.05714
24.1905
1.0381
10.7143
15.4667
1.12381
15.3905
1.2
1.05714
2.6381
6.11429
1.0381
1.09524
1.06667
1
1.02857
19.1429
1.09524
10.6952
1.07619
8.25714
1.01905
1.12381
1.0381
1.30476
1.00952
4.95238
11.8
1.32381
1.04762
1.05714
1.00952
10.7143
16.619
1
4.19048
6.13333
1
1.06667
1.01905
1.08571
1.07619
1
14.5429
1.33333
9.15238
8.26667
17.5619
1.32381
1.22857
19.6476
1.09524
13.981
1.08571
1.01905
18.2286
1
5.17143
1
11.9429
16.8095
1.02857
1.10476
8.57143
13.6286
1
1.17143
1
1.11429
15.819
1.06667
8.97143
3.90476
1.06667
1.06667
1.15238
17.5524
1.35238
1.29524
14.0952
1.31429
1.0381
17.9048
1.08571
19.1905
2.02857
1.44762
1.01905
1.02857
12.1429
1
7.58095
6.08571
5.55238
16.1714
4.38095
1.01905
1.01905
1.05714
1
5.22857
1.06667
1.02857
10.4
1.21905
6.14286
7.87619
1.08571
1.05714
1.1619
1
1.17143
6.40952
1
9.1619
4.87619
1.09524
1.15238
16.6286
9.33333
8.91429
1.04762
1.06667
1.51429
1.01905
1.04762
1.22857
5.66667
1
10.6095
1.09524
2.86667
1.37143
1.27619
5.13333
7.6
1.00952
1.17143
1.04762
1.12381
7.41905
1.34286
1.2
1.27619
1
1.0381
1.24762
1.02857
1.06667
9.90476
1.31429
10.0381
1.13333
11.6762
1.10476
1.27619
1.07619
13.4857
1
1.07619
3.37143
1.02857
10.5238
1
1.05714
1.06667
6.05714
11.781
9.08571
1.10476
10.3143
4.8
1
1.11429
2.42857
20.2381
1.0381
1.32381
1.05714
1.0381
15.7429
1.00952
5.26667
1.18095
1.02857
1
1.00952
14.7905
4.45714
1.4
1.0381
1.20952
1.06667
2.81905
1.32381
1.05714
20.3619
1.07619
1.27619
1.02857
1.01905
7.25714
1.21905
1.06667
1.25714
13.5429
1.02857
2.20952
19.6
1.21905
1.05714
1.35238
1.01905
1.07619
4.74286
5.68571
1.01905
1.00952
1.0381
20.4
1.05714
18.1333
1.06667
1.10476
7.18095
1.12381
1.24762
1.1619
1.31429
1.01905
1.17143
2.32381
1
4.78095
6.25714
10.1524
8.05714
11.7238
1.19048
1.08571
1.27619
1.17143
5.27619
12.781
1.09524
1
11.0857
1.0381
1.09524
2.94286
1.1619
3.12381
18.7524
1.02857
1.01905
1.17143
1
1.26667
1.08571
16.3524
11.5238
1.09524
1.19048
1.10476
1.04762
4.8
1.06667
16.9048
20.2952
17.0667
1
1.04762
4.52381
1.00952
10.2476
1.09524
1
1.02857
10.6571
13.1333
1.19048
1.2381
1.85714
4.82857
1.0381
18.0381
1.5619
1.00952
1.04762
1.07619
15.5238
4.13333
17.3524
8.34286
1.2381
1.38095
9.40952
1.07619
14.2857
1.14286
8.26667
1
1.1619
12.9429
1
1
1.15238
1.09524
1.02857
1.02857
15.419
23.4762
9.35238
1.21905
17.0952
1.04762
1.41905
1.21905
1.00952
20.0571
1.08571
23.3524
1.69524
7.70476
8.31429
10.7238
1.06667
1.02857
6.35238
1
29.3619
1.30476
1.18095
1.28571
1.00952
12.9143
1
1.13333
15.8
1.6
1
9.71429
1.01905
1.07619
1.21905
1.24762
12.6952
22.6571
11.6
1.01905
1.00952
1
1.21905
13.819
4.44762
9.0381
1.04762
2.88571
11.8095
2.94286
1.40952
1.00952
1.21905
6.4381
11.0952
18.5333
1.26667
1.09524
9.72381
1.17143
4.1619
1.08571
1.01905
2.31429
1.09524
1.05714
9.87619
1.09524
11.5524
1
14.7524
2.92381
4.8
4.37143
1.02857
1.15238
1.00952
1.0381
5.3619
12.9238
8.71429
19.4381
1.10476
1.39048
2.34286
6.37143
12.9048
1.05714
18.781
1.19048
1.06667
1
12.1143
1.01905
1
21.2762
23.5619
13.9905
1.01905
7.01905
1.68571
5.47619
1.22857
1
1.30476
1
3.25714
1.15238
21.7429
1.1619
5.42857
1.01905
1
14.9143
1.11429
1.35238
15.2095
13.1048
18.2762
1.20952
1.45714
1.29524
1.07619
1.30476
1.2
1.0381
6.99048
10.1524
1.00952
1.00952
1.07619
1.2381
1.21905
1.02857
5.22857
1.10476
7.91429
9.15238
1.1619
15.5143
1.12381
1.37143
1.04762
1
1.25714
1
1.39048
1.06667
1.02857
1.02857
2.27619
1.10476
1.00952
1.1619
1.10476
15.8667
14.2
2.53333
1.00952
1.01905
1
1.20952
1.10476
1.07619
1.26667
1.41905
1.01905
1.01905
1.14286
1.21905
1.29524
12.6286
22.8571
1.31429
9.88571
1
7.31429
10.6762
1
1.21905
1.06667
1.2
1.17143
1.08571
1.0381
1.02857
1.01905
1.01905
1.2
1.10476
1.11429
1.08571
1.13333
8
5.69524
1.14286
1.10476
1.06667
1.07619
9.3619
9.41905
1.05714
1.93333
1
5.79048
5.88571
1.00952
17.219
1.09524
10.381
5.02857
11.2667
1.02857
15.0476
1.07619
1.00952
10.2571
1.01905
31.4952
1.05714
14.1333
2.18095
1.01905
13.6952
20.4571
1
14.8095
1.89524
1.05714
1.19048
9.81905
17.5905
1.95238
19.7333
1.80952
12.2381
22.1238
11.1619
1.01905
12.9714
2.87619
1.12381
1.02857
1.14286
16.4952
1.27619
14.6857
14.8095
9.68571
5.05714
1.05714
10.4
12.7429
1.02857
1.05714
8.54286
1.2
1.11429
1.08571
1.04762
1.85714
14.9143
1.0381
1
15.6952
1.0381
9.82857
9.9619
1.01905
1.0381
18.3143
1.12381
1.04762
1.35238
16.581
1.07619
2.04762
17.2857
19.381
1
1
1.54286
1
14.0476
1.12381
12.019
1.26667
1.04762
17.381
1
1
1.01905
2.12381
21.1524
19.0952
11.0571
1
17.181
1.04762
1.00952
1.00952
10.9905
1.05714
2.2
1.11429
21.1524
13.4667
9.84762
1
1.3619
5.57143
1.02857
1
1
1.1619
8.42857
1
4.6
1.21905
1.15238
9.45714
1.07619
1.04762
10.6
5.10476
1.02857
1.12381
1.27619
1.11429
18.7905
1
1.01905
1.52381
1.02857
4.74286
1
1.46667
3.68571
2.39048
1.00952
1.05714
1.13333
1.17143
25.2
7.01905
9.4
1.27619
1.28571
5.55238
6.06667
1.02857
1.05714
2.40952
1
10.6286
4.9619
1.33333
2.10476
1.81905
6.2381
17.6476
3.12381
9.52381
20.5238
3.70476
16.8857
1.01905
2.28571
34.7429
3.11429
9.4381
1.28571
14.7143
1.28571
1.02857
1.00952
21.2381
1.02857
1.39048
2.79048
3.78095
1.05714
1.4
1.04762
1.22857
8.27619
11.2095
2.87619
9.78095
1.2
9.33333
3.61905
1.20952
1.19048
11.7714
7.27619
10.981
6.2
22.5333
1
1.19048
9.64762
6.02857
8.02857
1.2381
8.73333
1
1.11429
1.00952
1.4
1.00952
1.08571
1.02857
4.95238
1
1.17143
1.0381
1.10476
1.19048
1.14286
1.18095
1.11429
1.2381
1.02857
1.24762
1.13333
17.6381
1.00952
1.0381
1.02857
12.4667
1
1.1619
1
16.4381
16.7143
1.00952
1.05714
12.2571
8.82857
4.73333
1.08571
1.05714
4.11429
1
1.08571
1.11429
1.00952
19.3905
14.9714
13.6571
1.04762
5.12381
1.0381
16.2
1.17143
15.381
10.8476
12.2381
9.5619
11.0762
3.32381
1.06667
9.10476
19.3524
16.3524
1.10476
4.10476
2.41905
1.09524
1.30476
1.15238
9.2381
1
6.15238
7.20952
1.01905
1.44762
1.32381
4.78095
1.0381
16.8381
1.1619
1.57143
1.2
5.41905
8.61905
1.01905
1.08571
9.8381
1
1.29524
12.181
4.71429
1.31429
1.0381
1.02857
1
7.51429
6.87619
8.30476
8.99048
1.08571
1.35238
9.15238
1.02857
1.37143
9.17143
1.09524
23.3143
12.9143
1.05714
1.0381
1.0381
8.60952
15.3333
1
1.04762
1.17143
11.6762
1
12.2
1
1
1.12381
1.01905
1.0381
1.13333
1.11429
1.09524
1.19048
1
1
1.06667
3.01905
1.19048
11.5524
4.41905
1.04762
1
1
1.26667
1.14286
33.2762
1.09524
1
9.13333
1.05714
9.90476
1.09524
8.47619
2.04762
1
1.18095
1.1619
1.07619
7.06667
1.13333
2.22857
13.2476
1.25714
1.34286
1
1.0381
1
1.25714
1.07619
10.8667
16.019
9.17143
1.2
1.02857
1
3.04762
17.219
7.88571
1
7.01905
14.1048
1.58095
1.0381
1.02857
9.85714
1
2.71429
1.12381
1.30476
1.19048
1.00952
16.4
1
1.79048
4.01905
1
1.02857
3.29524
1.00952
1.06667
1.08571
5.3619
1.02857
1.28571
11.6
1.12381
1.1619
1
20.5238
14.9619
1.11429
1.02857
4.88571
1
1.19048
15.6952
1.08571
1.2
20.6286
1.19048
21.3619
21.1714
6.68571
1.2
1.80952
1.26667
1.08571
1.02857
7.74286
1.64762
1.00952
1
8.58095
1.69524
1.07619
1.0381
9.87619
1.09524
1
1.17143
1.0381
1.0381
1.12381
23.1333
10.7905
1.10476
1.24762
14
7.0381
1.21905
7.14286
1.06667
1.04762
17.1619
15.5619
1.10476
2.70476
7.0381
2.31429
1
12.4667
5.47619
1.12381
13.0857
1
10.5143
1.10476
17.9429
1.07619
1.1619
7.80952
1.08571
13.3429
7.2381
6.84762
1.17143
1.0381
1.09524
1.08571
1.02857
1.85714
1.01905
6.55238
15.181
18.4476
20.1238
1.02857
1
6.75238
17.5238
10.6095
1.05714
1.39048
1.89524
1.01905
9.73333
1.06667
1.4
1
1.1619
3.94286
1
6.89524
2
9.7619
15.619
1.04762
1.10476
8.09524
18.2571
1
18.6381
1.00952
1.24762
5.89524
12.9333
8.79048
17.4571
1.39048
1.07619
1.12381
1.12381
6.74286
17.7048
16.2
1
6.99048
16.8762
1.17143
1.11429
25.0476
19.5143
1.1619
3.27619
1.06667
5.0381
9.3619
9.98095
1.00952
1.09524
1.09524
18.1714
6.5619
1.02857
9.64762
1.02857
9.6381
1.02857
15.4381
1.29524
1.12381
1.62857
8.8381
15.8952
1.19048
1.04762
1.11429
1.06667
13.9333
1.09524
1.08571
1.25714
9.7619
15.1048
10.7714
1
1.20952
2.84762
8.97143
17.8857
1.25714
1.4381
25.0476
20.7619
5.87619
1
13.4667
1.15238
1
20.6857
1.74286
1.12381
4.72381
1.27619
1.01905
1.02857
1.02857
3.68571
12.9333
2.1619
1.07619
1.08571
1.77143
2.0381
11.1905
23.1333
11.3714
3.66667
1.05714
1
16.3143
19.3524
13.0857
4.37143
1.04762
3.81905
1.08571
9.91429
15
10.9048
1.33333
10.581
1.01905
1.46667
1
12.7238
1.17143
1.02857
1.02857
1.20952
1
10.3048
1.35238
1
11.6381
17.2476
11.3143
18.8476
1
1.01905
1.10476
1.49524
4.2
10.5714
3.15238
1.05714
10.8857
1.07619
1
18.1905
3.97143
1.34286
1.01905
12.5143
11.3238
5.66667
7.4
1.48571
1
1.87619
1
1
1.01905
1.08571
1.12381
1.25714
1.15238
1.17143
2.89524
9.27619
1.14286
1.07619
1.21905
9.12381
1.01905
1
7.13333
9.26667
2.59048
1.14286
1.02857
15.4857
1.04762
1.09524
12.6286
1.11429
1.19048
1
1
1.2
1.00952
13.9143
1
1.00952
2.37143
21.781
13.3524
1.1619
1.06667
1.25714
9.39048
7.86667
1.00952
12.5905
2.86667
1.11429
1.13333
1
15.4381
8.82857
1.04762
11.2095
1.06667
1.01905
1.17143
1
16.819
8.02857
1.14286
1.47619
13.0571
1
21.9905
15.619
1.01905
5.2
1.28571
1.01905
1
1.14286
1
1.14286
1.00952
15.0381
1.0381
1
1.02857
1.05714
1.01905
16.581
1.00952
1.01905
14.1333
13.1238
1
7.80952
1
8.69524
1.00952
5.11429
10.3429
1
7.31429
1.10476
12.4667
1.22857
1.01905
1.17143
8.67619
1.00952
7.91429
1.11429
8.29524
12.8952
1.08571
14.5714
1
1.22857
11.381
1.12381
7.28571
14.0952
1.05714
1.02857
14.9048
1.08571
1.22857
8.8381
1.28571
1.12381
12.019
9.81905
1.08571
1.91429
12.1524
16.2571
10.7238
6.58095
1.2381
8.07619
1.42857
8.51429
1.02857
1.01905
25.9714
14.8476
1.26667
1.05714
7.85714
1.02857
1
1.24762
8.32381
1.27619
18.8667
1.0381
9.75238
1.08571
12.381
1.02857
4.38095
1.25714
9.5619
1.01905
1.13333
1.37143
1.20952
7.07619
1.13333
24.4952
16.1905
1.09524
8.93333
1.06667
1.10476
1
1.14286
1.02857
10.1143
11.4857
13.5714
1
1.0381
1.0381
1.05714
4.98095
1.0381
24.981
1
10.1143
1
1.22857
13.5524
6.04762
1.02857
1.11429
5.17143
1
1.09524
21.6857
1.00952
1
1
1.07619
1.4
1.09524
15.4952
1.00952
5.20952
8.30476
1.00952
1.17143
1
13.0286
5.37143
19.6571
10.4381
4.69524
1
14.581
2.81905
12.7143
13.8667
9.80952
1.0381
10.6286
6.24762
15.6476
1.07619
10.819
4.18095
1.1619
1.14286
1.11429
1.29524
1.09524
11.5238
1.68571
1
1.25714
3.98095
1
1.0381
1.24762
1.08571
1.37143
1.01905
1.22857
1.04762
1.19048
1
13.4571
1.14286
1.06667
