10876 34740
32.7
20.7
8.7
36.1
10.3
13.5
16.6
8.8
14.5
34.6
31
9.2
17.1
11.8
29.6
20.9
8.4
22.2
10
32
29.4
12
30.7
15
8
23
27.9
8
8.6
8.6
11
24.8
12
11.8
12
9.5
14.8
11.3
17.2
26.2
8
22.3
30.8
19.1
11.3
13.5
17.7
30
8.4
18.2
9.6
14.1
15.9
10
13.8
30
8
13.2
14.2
11.3
28.9
34
25.6
22.7
9.6
27.2
9.1
10.3
35.4
8.2
31.4
11.8
14.5
11.6
40.9
16.8
12.6
11.5
14.1
16.8
15.9
11.1
15.4
17.4
10
17.3
27.9
26.8
10.2
12.2
10
14.8
8.1
21.9
18.9
12.2
13.9
24.1
9.7
25
32.7
20.3
13.8
8
10.9
24.5
15.7
9.4
8.6
26.3
16.1
11.4
23.7
16
11.2
11.5
9.4
12.7
34.8
14
21.6
12.1
9.9
19.8
8.2
33.7
39.3
40.6
52.2
27.1
29.4
22.6
18
9.4
19.9
24.7
33.3
15.7
20.5
10.4
24.4
19
14.3
18.1
8.6
23.2
14.7
16.5
32
16.6
13.4
30.5
17.1
15.1
14.6
24.1
21.7
12.1
10.6
12.8
19.6
21.7
18.8
12.7
23.1
11.4
12.7
15.1
25.8
11.8
15.7
14.6
11.4
20.1
8
8.1
38.9
16.4
26.4
26.8
20.5
35.5
15.7
32.9
16.4
15.6
11.5
10.6
12.7
34.2
43.1
16.4
22.3
12.7
31.7
31.9
9.6
12.7
13.2
19.6
16.6
13
13.2
16.3
8.1
8.2
15.5
10.6
22.8
14.8
14.8
23.9
8.6
20.9
15.9
11.6
12.1
8.4
14.9
8
13.2
9.5
15.2
35.6
13.7
10
21.7
8.1
10.1
16.5
13.6
12.3
13.3
12.1
11.9
9.2
17.5
11.5
15.1
11.4
8.3
10.2
8
12.5
24.7
26.2
33
18.5
17.6
16.6
16.6
9.6
19.1
8.3
11.7
11.2
17.5
14.9
40.7
10.6
15.2
19.7
20.1
8.6
10.3
8
15.3
29
33.6
19.4
27.6
31.7
41.3
23.4
9.4
18.1
16.5
8
44.7
26.1
21.1
18.1
8.5
10.9
28.4
28.3
9.7
22.5
13.4
22
19.7
23.2
19.3
29.9
16.5
19
14
32.5
32.2
9.9
9.2
15.8
17.2
21.5
13.7
22.7
15.9
12.2
8.1
27
23.8
24.4
24.7
33.9
12.7
9.2
8.1
15.1
34
29.5
8.8
8.4
13.5
19.2
20.9
10.1
18.8
31.8
19.6
16.1
8.4
30.7
8.2
8.6
28.3
10.4
25.8
8.1
33.7
12.9
22.7
9
8.1
14.5
8.2
14.3
37.5
9
15.4
10.9
19.8
19.5
19.2
8.1
12.2
13.4
12.9
10.5
12.8
8.1
8
21.7
8.1
13.4
16.8
15.2
11.7
16.2
10.1
12.4
15.5
10.7
8.9
19.4
8
9
9.8
10.2
21.1
21.9
10.3
10.7
34.8
19.1
12.3
38.2
21.8
22.9
26.4
13.2
22.4
40.1
43.7
15.7
24.9
40.4
38.1
22.6
13.3
21
8
27.3
13.6
25.8
8
12.8
29.1
37.1
19.8
29.6
10.3
10.4
16.7
15
13.5
21.2
11.6
17.2
32.5
11
24.3
10.6
12.9
8
14.6
15.8
15.1
8.4
8
13.9
14.7
10.3
16.8
8.3
29
12.6
22.8
11.1
13.5
13.8
18.4
10.9
14.1
13.4
20.9
18.7
12.2
10.8
11.8
12.3
25.4
20.5
22.9
15.7
17.6
24.4
31.1
20.9
28.7
15.5
26
15.5
16
14.7
14.3
9.5
10.7
8.1
8.4
11.8
18.3
11.5
8.4
15.3
18.4
22.7
16.1
18.2
15.9
18.6
11.5
12.7
31.7
8.3
60.5
17.8
23.9
29.4
40.6
20.6
38.8
11.4
15.8
16.6
28.4
15.9
18.1
11.7
28.4
12.2
17.8
46.3
29
8
24.9
15
20.1
13.6
37.1
17
19.2
9
17.4
25.3
21.7
9.6
22.2
13.5
8
16.3
8.1
20.5
45.5
12.3
11.1
51.8
33
12.7
17.6
22
16.9
8.1
8
8
13
8.3
11.5
32.6
16
8
13.9
11.2
39.9
24.2
21
20.4
18.7
20.8
11.2
12
23.5
15.8
10.3
9.3
16.7
10.4
16.4
10.9
8.6
11.4
11.1
25
12.2
8.4
9.3
30.4
34.6
32.4
31.7
13.2
30.2
22.2
15.4
15.7
38.2
20
11.5
23.6
8.3
32.8
25.6
12.7
14.5
30.5
8
20.4
14.6
33.5
15.1
24.6
53.4
9.2
32.8
15
9
28.2
12.6
15.7
12.1
31.5
19.9
11.6
14.8
22.5
12.2
8
14.7
35.6
23
13.4
41.7
42.8
8.1
8.1
9.7
8.5
26.1
8.2
21.7
29.2
10.5
8.1
17.7
26.6
21.5
27.4
9
15
15.3
14.2
10.9
13.2
9.8
9.5
8.8
12.1
12.8
14.5
18.9
42.2
12.8
19
27.6
12
8.3
8.4
9.1
8
14.6
24.3
9.7
18.1
24.9
10.6
32.9
9.8
12.1
29.1
22.2
16.3
10.2
13.4
12.4
28.9
26.4
11.7
15.6
21.6
14.1
23.4
26.7
16.2
8.6
8.3
15.2
23.9
17.8
15.8
21.7
21.8
14.7
20.3
29.1
25
20.8
13.2
35.4
24.2
23.2
13.7
15.8
10.6
25
15.6
14.1
14.9
36.3
11
17
8.8
11.4
28.5
35.1
10.8
11.1
12.7
18.8
8.2
29
11
10.8
14.1
14.4
14.1
15.1
10.1
16.2
35.3
13.5
9.7
41.8
10
21.9
22.1
18.2
15.1
28.7
23.2
36
9.6
12.5
27.5
38.7
30.3
8.7
8.2
9.8
14.1
19.3
35.7
8.2
8.3
15.8
11.9
8.3
17.1
10.3
19.1
12.8
11.9
22.6
21.1
10.5
12.2
8
8
11.9
25.6
8.3
38.4
17.7
11.9
13.5
12
9.6
28.1
9.2
15.7
29.2
27.2
28.8
8.2
11.7
43.3
10.2
46.6
28
20.3
20.7
14.6
27.1
41.6
24.2
14.8
16.8
15.8
21.1
8.2
14.2
9.6
14.6
42.7
18.9
24.6
26.3
11.4
20.2
14.5
22.7
14.6
8.4
24.2
26.3
17.8
13.3
21.6
33.7
8.2
8.5
72.1
30.6
18.7
8.2
13.9
8
22.3
17.9
11.8
16.6
31.5
25.8
31.1
44
52.8
8.1
12.7
17
19.6
10.2
12.3
33.7
22.6
16
16.4
14.5
40.3
11.1
16.2
11
13.5
16.8
18.7
10.2
10.2
8
9.5
13.9
19.2
23.1
38.8
9.9
23.1
9.4
16.8
15.9
16.6
8
25.9
8.1
8.2
8.3
17.2
15.3
8.2
9.2
20.6
21.7
18.3
11.7
30.6
19.5
13.1
32.1
11.3
19.8
8.6
12.7
17.1
19.6
8.1
17.6
8.6
11.2
11.7
40.6
14.4
9.5
11.8
16.7
8.2
14
8
16.7
34
28.8
48.8
13.3
8.1
19.2
10.2
19.8
15.4
18.1
8.1
11.5
12.4
10.1
11.8
19.5
12.2
13.5
20.6
12.4
21.5
8.5
20.6
18.4
29.4
14.6
25.5
10.3
14.6
34.5
15.7
16.4
14.4
10.2
19.1
8.5
8
22
18.2
16
20.6
59.5
26.9
8.1
17.3
14.7
22.3
16.8
17.5
18.8
28.9
8.4
20.9
21.9
24
36.3
11.3
8.2
24
37.6
27.4
12.5
12.3
8.3
14.3
25.6
18.7
19
22.7
17.1
28.8
18.9
9.7
21.7
27.8
25.3
11.5
20.1
20.2
23.4
14.2
11
22.1
24.4
22.2
34.7
28.2
32.5
8.7
8.6
8.1
9.9
11.3
28
24.7
34.3
12.3
36.4
9.3
10.6
39
12.3
37
24.1
23.9
37.3
9.3
8
25
8
12
21.4
19.7
8.1
11.7
8
14.9
15
10.1
20.7
13.1
16.5
15.2
53.1
63.4
39
18
28.5
12
19.8
19.1
9.4
9.9
25.1
30.5
8.1
19.2
21.6
14.6
39.4
13.9
16
10.9
14.1
47.6
11.3
29
41.9
9.7
12.4
14.3
16.5
21.3
10.7
8.9
8.3
19.7
23.3
15.4
16.2
16.4
30.7
11.7
34.1
22.6
18.1
9.6
22
17.7
13
24.1
30.1
17.5
17.8
8
23.2
25.8
9.4
15.5
8.1
8.1
15
18.2
11.1
12.6
33.8
30.2
20.3
9.1
9.1
28.9
16.8
10.1
8.8
22
12.4
12.6
17.1
10
30.6
11.6
15.4
8.3
8.2
32
13
37.2
8.2
8.7
12.1
39.9
44.4
17.1
18.7
32.3
21.8
8.5
18.7
9.5
10.1
13.2
10.8
22.7
9.9
36.7
11.5
25.7
17.6
17.1
25.7
25.1
13.9
23.7
20.1
20.8
13.3
8
47.2
28
22.9
11
17.4
18.1
17.4
8.9
15.1
11
12.5
16.5
8.1
19.5
8.1
17.8
18.8
48.8
24.4
19.3
12.2
11.1
10
8.6
13.8
13.5
10.7
28.1
8.2
10.5
11.1
26.9
42
26.2
27.3
19.7
8.4
17.9
14.8
9.2
15
26.9
35
31.3
10.7
10.7
40.6
8.5
12.9
16.3
12.2
21.5
12.8
18.8
11.5
8
12.9
8.9
17.1
9.5
22.9
11.5
8.6
26.8
12.7
15.3
33.8
28
8.1
13.4
22.6
17.2
20
8.1
14.4
25.8
16.1
20
13
8.4
9.3
12.8
11
11.1
17.3
23.3
11.9
13.1
12.6
26.9
8.6
24.3
16.2
9.6
18.9
11.6
40.4
14.8
9
18
17.7
25.1
12.1
8.3
8.1
10
22.7
8
8.8
8.2
23
11.1
12.9
27.5
17.4
10.4
9.4
8.1
20.4
10.3
22.8
9.4
33.7
11.7
21.7
14
9.9
25.7
11.2
8
13.9
12.4
20.3
32.2
11.8
15.8
22.1
23
15.6
10.5
16.9
13.5
20.4
13.1
28.1
16.5
10.6
12.7
17.8
9
12.3
10.4
24.2
18.2
22
13.4
8
21.5
10.2
10.7
12.4
19.1
12.6
16.1
15.3
15.5
10.3
12.5
8.9
11.9
21.7
10.9
22.4
10.1
18.6
10.6
21.4
12
59.8
9.7
21.3
12.6
23.8
13.8
25.2
25.4
22.8
44.2
24.3
23.5
37.1
12.8
29.9
12.7
29.8
34
12.2
13
11.9
18.4
12.8
19.6
16.8
14.3
10.7
13.2
23.5
10.8
8.7
14.3
12.3
15.4
13.1
9.2
9.2
28.9
19.4
20.5
14.8
10.4
13.5
21.8
9.5
18.7
9.6
8.7
30.5
15.2
29.4
14
16.7
11.2
10.8
12.9
14.9
21.3
9.3
15.8
23.3
8.2
9.9
12.8
9.3
11.8
30.6
8
8.2
30.4
11.1
9.6
27.4
12.9
8.8
14.9
8
11.2
11.7
19.1
8.5
20.4
8.8
29.6
21.3
14
15.3
11.8
11.4
8.2
28
15.1
8.4
34.8
14.2
9.2
17
13.5
12.7
36.8
26.6
16.2
17.8
9.4
30.3
13.6
35.4
24.7
16.7
20.8
16.7
8
32.9
16.5
15.2
22.6
22.7
12.2
12.7
16.2
13.9
9.6
22.3
10.7
15.8
8.7
12.5
22
9.5
34.2
19.5
77.2
9.1
8.2
26.9
19.2
13.9
29.2
10.8
18.7
39.8
34.8
8.7
11.6
12.6
20.4
20.7
13.3
24.3
8.5
10.1
14.9
10.6
16.2
25
19.1
33.6
9.3
8
14.5
17.4
37
22.3
17.4
19.7
9.4
34.1
13.2
28
19.9
18.2
25.3
36.6
10.2
18.6
23.8
12.5
39.2
16.9
12
52.4
59.5
16.8
8.3
16.5
33.6
16.1
18.6
22.9
43.2
8.1
12.4
15.2
24.2
20.4
26.5
15.3
13.1
8.1
8.1
11.6
37.7
8.5
12.9
27.7
39.9
12.9
19.1
10.3
16.8
9.7
15.1
9.3
20
27
10.2
19
10.5
23.6
17.7
13.2
14
8.2
10.5
24.6
10.5
9.4
23.8
11.3
25.7
18.2
33.4
14.4
11
11.1
14
45
19.9
48.3
11.6
8
35.2
13
15.9
16.3
15.7
14.6
16.4
16.2
16.9
31.6
8.1
20.8
12.8
8
17.2
17.3
45.1
12.6
13.4
21.6
20.8
19.5
19.2
8.4
19.4
15.9
46.9
18.9
19.5
32.4
29.7
24
21.6
14.2
12.6
26.4
13.1
23.5
16.7
8
13.1
10.2
24.5
22.5
14.7
12.8
24.3
15.1
30.4
8.2
11.2
14.2
12.1
17.8
8
8.6
9
8.5
8.7
11.1
8.2
13.5
16.5
42.2
12.8
21.2
8
23.1
12.6
16.3
17.8
23.5
9
9.4
8.9
16.8
16.1
15.6
8.2
19.6
30.3
20.4
12.8
20.2
14.8
13.8
53.8
11.7
9
9.4
22.2
18.6
38.6
36.1
16.5
25.4
20.1
34.2
10.9
8
18.3
17.6
15.1
9.6
8
17
22.1
11.4
12.1
20.8
14.5
14.4
10.7
8
25.3
22.8
10.3
14.6
15.2
19.6
13.2
8.5
9.1
10.3
70.9
23.9
8.6
8
28.1
11
13.3
9.9
30.9
22.9
17.8
32
16.5
8.6
24
10.3
15.1
33.9
12.2
14.3
19.5
18.2
8.2
9.9
11.7
19.6
10.4
13.6
13
8.3
8.2
8.7
27.8
17.9
15
9.8
16.4
14.8
9.2
14.1
9.8
25.5
10.3
8.7
13.4
11.8
26.6
14.5
15.8
44.2
8.3
19.2
30.3
19.6
13.9
21.7
8.9
17.6
23.5
31.9
8
9.5
17.9
33.4
8
11.9
13.7
27.5
8
30
21.5
8.5
9.6
31
14.6
11.4
9
26.7
14.2
12
18.1
8.7
15.4
26.7
15.3
23.8
8.2
13.7
13.9
15.6
12.4
8.3
13.7
11
9.1
12.4
21.4
9.7
17.2
35.6
17.9
13
8
8.9
8.2
11.4
13.8
9
9.7
19.7
10.1
8
20.5
11.8
11.8
36
10.7
11.9
10.3
16
9
18.4
11.1
14.6
46.1
19.6
38.5
25.3
13.6
28.9
19
50.5
32.2
13.5
27
29.1
20.6
17.5
17.2
13.9
9.8
12.7
8.5
15.4
34.5
12.2
23.8
19.8
10.9
18.2
8.1
27.6
8.1
14.1
24.7
30
8.1
12.3
19.8
9.2
13.3
18
26.9
16
9.7
13.7
11
13.6
22.2
30.4
11.5
14.5
10
12.8
21.6
13.2
17.3
16.4
15.9
8.2
21
13.6
14.9
15.1
11.1
39.4
16.8
15.9
19.2
30.3
14.7
17.9
27.7
14
10.5
24
14.8
10.9
9.6
16.8
14.1
8
14.5
17.1
14.6
12.2
9.2
22.7
37
22.2
21.3
15.3
23.6
13.3
17.1
8.1
23.3
14.8
25
11.5
9.1
15.7
17.1
36.2
9.7
19.1
11.2
8.3
13
18.4
17.3
8.1
12.6
13.5
46.7
9.1
20.5
15.7
13.3
11.1
10.9
15.8
17.2
27.6
14.2
10.8
21.8
9.3
8
11.4
14.3
10.1
8.1
25.7
30.9
10.2
15
12
12.4
15.7
8.1
12.7
8.1
12.2
26.2
25.3
28
42.5
13.2
14.5
12.4
8.1
8.9
14.1
8
21.5
16.7
33
10
14
8.1
11.3
12.8
27.5
18.9
15
23.1
13.9
17.2
11.9
24.8
22.3
24.7
10.4
38.3
10
8
29.4
10.5
12.9
19.4
12.1
14
11.6
21.9
31.7
8.3
18.6
30
16.9
20.2
24.8
14.7
19.5
10.1
23
11.6
17.8
11.3
17
27.8
59
8.2
10.6
19.4
48.1
9.1
17.9
8
19.2
11
32.7
12.2
18.9
15.5
8.5
15.1
13.7
9.3
9.9
30.6
20.6
9
16.3
12.8
11.9
13.4
12.3
9.5
54.4
12.6
10.7
20.1
8
18.2
11
12.5
19.1
23.4
17.1
29.2
9.9
8.6
17.6
17.4
9.1
12.5
12
13.5
13
37.1
14.3
9.1
26.2
39.9
9.8
8
31.3
8.1
24.1
27.9
16.7
23.1
17.4
11.2
15.4
10.4
8.3
21
24.2
19.1
9.8
16.5
13.6
21.4
11
21
24.7
8.2
18.4
16.7
14.5
21.8
9
11.9
43.2
19
9.4
21.2
10.3
9.1
13.6
8.3
22.7
10.2
28.4
18.5
9.4
17
19.5
8.5
22.1
10.1
18.4
14.6
26.2
8.2
11.3
17.1
14.3
10.7
15.1
33.8
15.6
8
21.3
9.9
27.1
37.6
14.8
21.8
20.1
13.4
13.9
32.1
10.3
29
18.4
13.2
9.7
17.5
11.7
8.2
18.3
23.4
21.5
10.5
14.3
23.5
13
24.1
25.1
10.9
21.5
11.6
26.9
17.3
12.8
8.4
8.6
8.3
22.3
8.7
23.8
13.9
10.2
13.1
23.5
12.5
18.5
10.9
8.1
24.4
8.4
8.5
12.7
18.4
12.9
17.7
21.9
23.3
27.3
23.9
19.3
33
33.5
29.5
9.6
28.7
30.3
10.2
8
9.8
10.4
16.2
12.5
10.1
8.3
23.5
17.7
15.7
14.7
16.7
12.3
8.2
27.5
34.6
18
10
22.6
12.1
16.9
13.1
15.7
17.8
15.7
13.7
8.4
8.2
20.3
13.5
14
9.6
8.7
8.3
29.8
24
13.3
22.6
35.5
13
13.7
23.6
8.1
8.6
48.8
9.1
10.7
8
28.4
8.9
14
8
20.3
49.7
11.1
8
20.9
31.2
25.6
8.8
16.2
30
13.5
31.8
17.7
13.6
8.7
23.2
19.5
12.6
16.4
11.2
8.5
10.8
8
9.6
8.8
13.8
15.7
9.5
18.8
31.1
19.5
10.2
38.2
13.7
14.3
20.2
26.7
48.4
19.5
8.1
13.8
12.2
14.9
36.6
8.1
21.9
34
8
26.4
29.4
15.9
8.9
10.9
20.1
16.3
10.8
17.2
21.2
33
18.4
44.9
14.9
26.8
13.9
12.7
8.5
14.5
27.6
8.7
11.3
30.4
29.5
15
12.7
8.5
47.6
14.8
33.3
34.3
29.8
10.7
8.6
23.7
17.9
21.3
20.7
8.5
14.9
15.1
14.8
22.3
22.7
39
17.2
12.8
18.8
19.8
10.6
34.4
13.4
23.6
14.3
12.5
17.1
8.9
15.1
13.2
40.3
8.1
20
8
8.2
13.5
13.7
23.7
21.6
18.6
12.2
21.4
11.5
12.7
8.6
24.4
10.2
11.5
24.7
8.2
27.9
37.6
18
40
15.5
16.3
13.8
8
18.8
10.4
8.1
19.5
30.4
11.9
27.7
30.7
30.4
32.2
12.5
8.2
19.4
14.5
11.5
29.6
16.3
23.6
16.8
10.5
10.8
15.8
19.6
8.6
12.9
19.7
11.9
13.1
12.7
18.7
11.5
20
20.4
12.2
41.2
8.2
12.2
26.6
8.2
18.4
8.3
26.3
16
13.6
22.3
11
30.9
22
8.1
9.9
18.8
10.4
23.1
26.8
11.2
12
16.3
13.3
10.9
8.9
18.5
10.9
9.4
9.6
13.5
24.2
8.8
39.9
21.5
14
17.9
8.2
12.9
8.1
19.5
27.5
25.8
29.5
19.4
10
12.8
21
19.2
16
19.6
12.4
15.6
14.1
23.1
17.2
11.5
37.4
14.6
9.9
22.7
19.3
12.7
30.5
10.7
14.7
14.1
13.5
17.1
8.1
20
18.4
15.5
28.6
15.3
21.3
8.6
13.8
11.5
16
8.5
28.2
12.9
8.4
12.4
11
9.4
11.1
9.6
9.1
17.2
23.3
8.9
8.4
17.9
8.3
16.1
9.2
18.2
11.8
20.1
14.8
16
12.2
21.7
9.5
21
10.2
15
15.8
32.3
11.8
8.5
17
13.7
8.6
8.8
30.7
27.4
10.7
11.9
8.7
34.3
9.9
8.5
12.9
23.2
40.3
14.2
14.9
11
34.1
20.4
19.1
8
13.6
33.9
30.5
11.4
9.4
14.9
13.5
71.2
9.5
17.2
47.5
12
75.4
15.3
13.4
22.1
13.4
11
23.6
27.1
8.9
56.6
8.1
13.7
21.7
10.7
8
15
17.4
23.1
12.4
11.6
29.3
33.9
9.6
10.5
8.1
9.8
8
11
22.9
11.7
13.1
18.7
13.1
10.4
23.5
10.9
14
12.8
9.4
24.3
9
20.1
10.1
20.8
22.7
33.1
50.7
8.1
8.8
11.9
14.9
18.6
21.2
13.1
23
26.9
9.8
14.1
20.2
23.2
17.9
27.8
9.9
19.1
14.9
23.8
16
19.4
34.1
21.2
42.2
13.3
44.1
30.9
33.3
17.6
12.8
8.4
71.7
16.2
11.6
38.9
26.6
12.1
16.4
22.6
10.8
24.2
16
8.1
8.3
24
9.6
8.8
11.9
16.9
8.5
18.2
23.2
15.9
32.5
22.7
13.9
8.1
16.1
10
33.8
11
34.3
14.8
9
10.4
12.3
12.6
8
8
9.7
27.7
19
28.4
9.1
15.7
21
11.6
22.7
20.3
8.1
18.8
8.5
31.4
31.7
35.9
15.4
13.5
28.9
21.4
35.3
10.6
15.1
14.8
24.8
8.4
8.4
13.7
13.9
24.8
23.5
38
13.1
22.2
10
9.4
13.1
15.4
11.3
14.3
30.8
12.2
13.7
8.5
8
11.7
13.6
22.9
8.1
16.9
20.7
28
12.2
24.5
33.8
10
12.1
80
25.9
13.5
22.7
27.5
15.9
13
13.1
15.3
25.4
17.8
13.6
13.3
14.1
14.5
8
15
12.8
13.8
13.6
11.9
12.9
11
9.6
14.1
18
10.3
8.3
8.7
13.9
11.8
17.8
8.6
16.4
31.1
15.4
12.7
18.8
17.9
8.9
12.7
25.4
8
14.6
34.8
19.5
13.6
13.4
8.6
16.9
11
12.9
12.8
17
20.9
23.1
20.1
13.9
13.4
12.8
8
13.1
10.5
43.3
17.2
13.3
9.9
8.8
31
8.4
17.1
33.4
18.8
13.7
8.4
34.9
11
16.3
11.1
26.4
11.4
8.6
24.9
15.3
12.8
13.5
9.8
8.3
9.9
13.2
14.4
17.2
15.9
9.5
23.7
17.2
20
27.1
24.1
25.6
18.9
14.5
40.9
11.2
17.5
20.5
27.8
11.8
12.9
9.4
8.2
19.3
8.6
16.1
9
12.2
20.6
14.1
19.1
13.6
8.5
25.5
14.2
8.5
10.5
12.2
24.3
31
10.4
8.1
11.3
13.1
8.2
12.3
11.3
18.5
23.4
13.6
23.1
40.8
12.7
8.1
13.9
10.2
10
23.1
9
28.4
16.3
16.1
28.2
12.5
11.6
34.7
8
27
24.6
13.4
11
13
22.6
30.3
8.1
9.2
18.8
8.5
17.9
8.2
14.4
17.3
16.2
25.6
43.3
44
8.8
10.9
16.4
16.3
8
9.3
23.7
23.1
10.9
10.7
8.5
10.4
33.6
19.2
9.9
15.9
8
16.7
16.2
9.6
8
17.7
14.3
14.8
38
21.3
8.5
44.5
22.6
8
10.7
20.2
11.7
15.7
8.6
36.6
10.8
34.6
38.6
12.9
8.1
35.2
18
10.6
37.4
14.4
8
18.5
11.4
8.1
14.5
9
22.4
14.2
15.2
11.4
10.2
21.5
29.2
13.7
28.4
29.8
18.8
16.4
40.1
13
16.7
22.8
9.6
8.4
8.8
11.3
13.2
8.2
34.3
18.8
17.1
11
8.2
10.3
13.3
14.1
28.3
9.3
12.2
16.3
25.7
12.6
18.6
20.1
37.3
12.1
12.9
42.8
16
21.8
25.2
14.2
14.7
11.4
29.5
8.1
8.2
17.7
17.4
22.5
26
28.6
13.1
10.7
10.8
18.7
8
20.5
24.1
29.9
21
13.2
36.6
30.4
23.4
16
8.1
19.4
9.9
10.9
18.9
15.9
15.9
9.9
13.5
12.4
16.1
24.3
19.8
9.9
11
19.1
10.4
17.4
8.1
31
8.1
26.7
16
10.1
9.6
9.9
35.6
15.4
16.8
8.1
15.6
8.4
15.5
22.4
20.3
15.2
17
13.6
19.1
21.6
25.6
13.2
12.1
10.1
14.4
35.9
8.1
33.5
24.2
11.5
36.3
15.5
12.2
8
19.5
15.9
11.3
8
17
9.5
11.6
8
37.6
25.4
32
11.1
8
38.7
32.3
11.6
18.3
15.4
34.5
14.8
13.7
11.4
34.8
8.2
9.2
13.9
16.1
19.6
22.4
25.1
8.4
9.7
20.6
8.6
18.7
13.2
19.9
10.5
19.1
27.8
14.3
9.1
11.6
27.8
12.3
9.2
15.8
25.7
13.8
29.6
26
23.6
9.6
14.8
12.1
8.7
19.3
14.3
20.2
10.7
15.7
13.6
53
21.3
11.7
11
14.4
14.8
13.3
9.2
13.9
12.8
17.6
10.7
16
21.8
13.5
16.7
17.9
18.6
8.1
40.2
8.2
11.6
9.3
10.1
11.2
13.1
12.4
16
11
24.4
10.1
8
14
8.9
8
8.4
20.4
15.1
22.3
10.4
18.5
9.5
9.8
8
13.3
12.7
26.3
15.7
9.2
21.2
17
8.2
10.8
17.1
15.5
27.8
8.1
8
8
20.3
10.7
12.4
18.2
10.7
10.6
14.9
12.1
18.4
30.3
35.2
8.2
8
9.3
8.2
13.3
30.1
17.1
31.9
16.9
13.4
18.9
43.5
11.8
26.4
11.5
14.3
11.1
12.3
8.5
38.5
8
9.6
17.1
20.9
8.1
8.5
14
14.1
11.4
9.3
52.4
43.2
21
8
10.6
23.5
9.4
12.9
10.4
17.7
19.8
8.5
8.2
10
16.4
14.3
48.4
12.7
11.6
26.5
27.5
24.7
11.7
10
18.3
13.1
9.1
9.3
13.5
8.5
9.3
15.1
15.8
14.6
22.9
13.6
27.6
22.6
11.8
14.1
8.6
8
18.8
39
9.6
12.6
30.1
15.8
10.9
8
12
13.9
19
24.9
8
14.2
27.6
11.3
9.9
8.2
11.1
14.5
10.8
13.9
14.3
13.5
8
29.4
35.6
16.9
22.7
17.7
8.1
121.1
9.4
30.1
13.2
36.5
30
9.4
10.7
10.5
8.1
53.5
8.1
34.2
9.8
23.9
43.3
8
16.1
11.4
14.5
18.6
9.3
14.2
25.6
29.5
9.1
18
30.8
18.8
23.3
37.1
32
22
36.3
19.2
11.8
21.5
17.3
14.3
17.6
18.6
18.3
14.1
23.1
8.2
12.8
31.4
15.9
8.6
15.1
9
25.4
20.5
10.1
27.9
11.8
25.7
23.6
30.2
12.7
15.4
11.5
10.1
8.1
15
22.5
15.7
13.5
29.8
13.9
13.2
8.5
9.7
9
12.7
20.5
16.4
14.5
10.7
28.1
29.5
15.7
8
8
8.3
11.9
27.3
13.6
25.7
27.4
10.8
11.1
11.3
16.7
24.9
29
14.8
15.6
9.4
28
9.9
9.4
17.7
18
12.8
8.4
16.6
18.9
11.8
12
18
13.9
8.1
11
12.8
9.4
18.5
11
14.9
8.1
13.7
8.1
34.3
11.9
38.9
29
33.8
14
11.2
23.5
14.5
9.7
15.9
10.5
32.7
26.9
11.8
13.8
18.4
20.4
10.9
25.3
21.9
10.1
36.4
42.3
12.2
13.5
8.2
12.4
8.1
36.6
8.1
12.5
19.7
9.2
9
14.8
8.7
14.3
13.9
8.3
30.6
27.2
10.2
8.1
25.1
10.6
19.7
15.1
17.6
15.1
19
29
53.5
26.4
8
18.9
17.4
17.5
8
11.9
10.4
18.1
14.9
22
30.4
8.3
19.7
9.7
8.7
22.8
9.4
13.7
8
23.5
11.9
8.1
19.7
14.2
28
9.4
17.1
17.9
13.4
11.8
22.2
18
20
8.2
15.1
8.3
43.1
9.1
20.4
15.4
32.5
12.7
25.7
16.9
10.1
16.9
11.1
15
21.8
9.2
8.3
12.2
16.3
27.2
11
16.9
16.4
8.1
17.9
23.1
15.5
28.1
10.3
28.4
13.2
13.6
19.3
35.9
9.6
20.8
8.7
8.3
10.8
8.3
35
8.9
10.5
32.3
9.4
21.1
9.7
8.3
8.5
17.6
10.6
15.9
8.2
25.6
13.5
22.6
34.6
19.4
15.8
12.3
12.3
16.4
23.4
57.1
8.1
19
9.2
17
24.2
9.9
11.4
11.1
13
21.1
30.1
10.1
15.7
18.6
16.2
13.7
22.8
17.5
15
22.5
10.3
28.3
17.4
13.7
14.7
14
17.3
17.6
15.4
15.9
12.4
13.5
8
9.4
8.2
16.5
45.1
11
8
11.2
26.1
12.3
20.2
17.8
18.8
8.1
25.3
21
34
35
23.4
14.9
17.2
13.2
21
13.8
15.4
11
24.6
39.6
17.1
11.4
8
15.2
13.4
10.7
16.1
14.1
34.2
10.6
11.6
45.4
33.8
8.9
10.8
14
10.4
20.6
21.1
19.9
23.5
15.5
14.8
12.7
13
18.1
18.1
8.3
10
13.3
14.4
8.1
35.1
29.7
12.3
15
14.7
8
30
11.1
12.3
29.1
13.2
27.3
16
8.7
15.7
18.8
11.8
26.4
10.6
43.7
9.6
17.3
19
26.1
22.6
11.3
10.1
13
9.3
10.7
8.1
16.6
10.8
15.5
19.8
23.2
14
8.7
10.2
36.2
16.4
9.4
9
26.1
11
19.2
8.8
9.3
12.4
22.8
15.4
14
28.3
20.5
32.2
12.5
10.9
17.8
11.5
11
24.8
28
14.7
10.3
9.1
19.3
29.8
12.9
14.8
9.6
11.7
10.2
11.2
21.5
8.4
16.7
34.3
11.7
10.2
40.4
8.6
8
26.2
19.7
12.2
13.2
19.4
13.6
14.8
8.4
13.4
28.5
25.8
17.2
8
14.8
9.1
8.1
8.1
31
10.2
16.6
8.4
15.4
8.2
12.9
20.6
8
17.4
20.1
11.7
17.1
8
11.3
15
8.1
32.7
14.8
24.4
10.4
13.2
24.5
12.6
24.7
42.1
40.7
13.9
15.7
14.1
28.4
18.3
24.7
13.5
42.5
11.9
15.7
14.8
16.7
17.1
10.9
23.7
10.1
12
14.7
8.3
12.9
21.4
13.6
24.9
15.9
33.2
13.3
29.4
8
23.1
8.3
11.9
15.1
33.2
28.8
25
15.7
14.5
9.3
8
8.8
12
9.7
17.8
19.1
18.8
14.4
14.4
17.8
14.4
64.5
13.1
32.6
20.2
16.6
17.1
14.3
34.1
12.2
34.1
8.9
11.8
16.2
13.7
41.2
14.5
12
13
8.3
13.1
12.3
9.6
9
10.8
32.4
21.5
18.5
16.4
10.2
21
8.4
9.6
13.8
10.2
10.7
15
16.6
49.2
17.3
12.9
15.1
11.3
8
8.3
25.6
14.2
13
8.2
8.7
17.9
22.6
8.4
11.6
19.7
27.4
10.9
29.4
15.4
20.1
8.2
8
11.7
19.2
9
8
14.9
12.9
10.1
15.9
19.1
9.3
28.7
31.3
13.6
8.1
14.6
17.3
30.5
21.1
16.3
41.9
10.2
24.8
22.2
11.6
10.6
20.9
8.4
19.3
14.5
9.5
28.7
30.2
16.4
10.5
12.2
8
11.6
8.3
11.8
8.2
33.5
15.7
8
8.8
13.9
32.7
11.6
16.3
8
19.4
21.4
21.6
16.5
14.4
8.5
34.3
17.5
54.2
8.2
32.5
11
10.5
23.1
9.9
12.6
11.2
10.7
34
10.8
12.5
12
8.1
15.2
15.7
25.8
14.5
14.1
33.6
20.1
44.8
20.3
8.2
15.4
8
8.1
13
24.7
39.9
10
14.7
10
10.8
28.3
27.2
8.1
18.1
17.4
37.2
14.7
12.9
18.6
48.5
9.3
19
11.4
12
16.2
11.2
21.8
10
15.7
19.2
8
25.9
13.1
19.5
19.9
15.4
9.3
11.5
10
21.3
9.8
12
12.9
10.6
9.7
8.8
25.5
12.4
11.6
30.6
15
8.3
16.9
8
10.1
17
19.9
22.7
8.1
17.6
10
10.5
51.6
21.1
9
9.4
11.8
10
14.2
21.5
8.2
12.5
8
16.7
13.4
28.8
14.4
25.9
8.1
14.4
13.5
52.2
18.4
13.2
9.2
8.3
12.2
8.4
42.4
17.3
48.8
12.8
14.6
26.2
16.8
15.7
13
19.4
22.6
9.5
11.9
16.2
47.6
11.9
15
16.6
27.1
48
40.8
27.5
10
13.7
32.9
12.5
10.7
8.8
13.1
8.4
10.3
8.2
22.3
8
30.3
46.3
9.6
22.2
10.6
12.8
8
15.5
22.1
8.1
9.8
16.8
36.8
12.6
18.2
20.9
24.4
20.2
32
8
10.3
47.3
21.8
15.5
9.1
9.3
8.2
10
9.4
8
19.3
10.6
37.9
8.2
16
13.7
27.9
11.6
30.5
31.2
10.5
11.2
20.5
9.6
23.5
8.4
8
12.7
8.2
11.2
20.8
31.5
21.5
16.2
25.2
10.4
23.2
14.1
17.6
20.4
25.7
17.9
52.2
23.5
9.9
10
14.5
23
18
45.1
12.4
8.2
22.3
35.5
17.5
27.8
24
14.5
46.1
13.5
26
23
8.1
38.2
8
13.5
12.3
10.2
20.9
23.8
18.7
17.5
22.6
11
11.9
39
29.4
43.2
26.5
12.8
8.1
8.1
29.5
18.1
8
47.8
47.7
24.6
43.8
16.7
11.2
22.7
12.9
8
9
10.6
12.1
8.8
8.2
8
13.1
18
22.5
12
8.1
10
13
12.6
8.5
8.1
20.7
18.9
52.1
14
13.7
20.1
18.6
20.6
29.7
20.2
21.2
32.2
30.3
15.2
19.1
8.8
10.7
20.5
18.3
16.2
19.2
17.7
13.8
15
22.2
9.6
8.3
10.7
10.8
8.2
14
8.7
8
10.5
32.1
24.4
10.8
13.7
8.3
8.5
12.9
10.1
12.5
19.4
8.1
20.2
10.5
10.1
11.1
8.2
33.7
16.4
33.9
18
26.1
25
14.1
34.1
27.7
22.5
9.6
17.5
8.4
22.8
50.2
8.2
20.3
21
8.8
9.9
8.1
8.1
14.6
23.3
28.7
15.4
10.1
12.7
27.6
18.3
18.9
10.3
31.4
8.3
12.6
15.2
9
8
9.6
17.2
11.9
20.7
10.4
29.2
16.1
11.5
8.9
8
20.4
15.4
13.4
17
12.1
9.2
21.5
19.9
16.6
8.5
10
16.7
9.7
9.2
42.7
9.1
8.2
10.1
11
34.3
28.8
12.8
24.9
8.4
39.7
12.9
31.4
14.2
8.6
8.1
8
8.8
9.9
10.6
10.2
26.9
19.4
19
38.1
42.8
9.6
32.5
22.8
18
27.7
10.7
28.6
32.8
8.3
17.2
17.6
27.7
21.5
24.7
10.4
10.5
18.9
16.1
9
10.7
9.9
33.5
12.1
8.8
11.2
16.2
8.7
11.1
13.1
13.9
29.6
13.2
8
11
11.1
18.1
13.5
17.6
19.6
23.6
21.3
29.2
14.1
8.2
14.3
11.9
15.8
18.6
8.1
15.8
17.5
16.8
18
8.2
22.6
12.6
35.1
10.1
38.4
13.1
13.7
28
25.7
8.7
13.7
25.9
8.3
11
29.3
19.5
10.2
8.2
10.7
9.1
16
12.5
13.4
60.6
13.6
42.2
20.6
25.9
31.8
8.9
10.5
21.7
9.5
11.6
13.6
13.8
13.1
8.1
18.4
15.2
8.1
12
32.8
10.6
11.2
18.3
16.5
19
13.4
8.1
15.2
25.3
12.6
11.3
13.2
18.8
23.2
19.1
19.2
21.2
19.7
11.9
10.8
53
18.5
15.6
10.5
9.2
8.8
12.5
9
14.5
8
10.1
12.1
9.9
27.6
22.7
18.9
16.6
18.1
18.3
14
9.6
8
11.5
32.5
14.9
8.7
9.8
9
27.5
8
9
14.8
13.6
25.2
11.3
13.9
8.7
13.8
8
10.2
33.2
18.2
47.7
14.3
11.2
12.1
21.2
11.3
17.4
9.7
28.2
22.5
24.2
10.9
13.3
14.9
10
16.6
18
8.7
34.4
15.6
25
18.1
14.8
9.9
9.9
8.7
10.3
8.3
16.5
30.5
8
20.6
9.9
15.3
22.2
32.7
15.9
30.1
9.7
15.4
10.8
37.9
15.1
13
35.2
8.4
21.3
14
8.8
21.2
14.4
8.8
10.1
8
17.6
11.9
12.6
20.3
34.2
18.4
16.7
21.1
15.5
19.7
15.5
15.3
8.3
22.6
8.2
18
12.2
33.1
19
9.7
15.8
16
19.8
8.1
8.6
10.6
12.9
9.4
23.5
14.5
10.5
19.5
11.1
12.7
8.2
14.1
9.6
20.4
12.9
11.4
35.5
16.3
11
25.1
17.8
15.7
24
8.3
12.8
8.7
17.6
17.2
8.1
23
9.6
8.1
20
11.6
8.2
9.5
20.4
9.7
16.6
8.3
18.1
10.3
24.8
12.2
18
8.7
29
19.3
27.5
17.7
15.3
8.5
16.3
11
8.9
24.7
18.7
16.5
8.3
12.3
10.9
8.9
14.2
8.4
8.2
76.9
33.8
21.8
15.8
15.5
11.8
8.3
10.4
10.8
26.9
10.6
42.9
15.3
18.7
9.7
8.2
18.9
8.1
21.8
10.3
15.7
16.6
11.4
20.6
11.4
8
8.2
8
18
30.4
8
19.2
12.5
21.3
8.7
16.6
13.2
8.4
8.1
25.3
48.2
18.1
11.7
12.3
20.1
28.6
8.1
20.5
13.5
15.9
11.1
10.2
19.7
29.3
29.5
15.7
37.9
10.7
10
19.8
12.1
23.2
22.7
9.7
10.1
30.2
41.9
8.4
12.2
8
17.5
21.4
11.8
19.1
35.6
18
13.3
9.6
15.1
11.5
13.4
11.5
53
23.7
11.3
12
20.2
13
13.3
14.2
12.2
14.4
10.4
24.3
8.9
13.8
10.5
29.8
20.5
16.3
12.5
11.3
8
9.9
21.8
9.7
8.2
10
14.4
14.7
10.2
17.6
14.3
9.2
13.1
11
21.9
10.3
18.4
22.5
13.5
14.9
8.1
14.1
12.3
9.2
10
9.8
9.6
11.6
35
15.1
11.9
12
10.2
11.8
34.6
9.3
8.7
12.3
14.2
27.9
10.5
8
8.2
24.6
9.9
37.7
12.7
26.5
10.4
16.7
11
19.2
40.9
10.4
40.9
9.6
20.6
14.9
8.3
8
42.7
27.1
13.1
11.1
18.9
14.2
14.2
28.4
8.4
12.1
16.9
10.8
15.9
23.1
16.6
30
12.8
10.6
19.3
8.2
8.1
13.7
26.1
8
13.5
9.4
9.7
12.8
8.7
10.9
26.7
11.2
8.3
11.9
12.5
30.9
30
15.4
11.4
13.5
10
12.4
8.1
13.9
10
8.1
11.2
12.9
13.9
30.5
21.1
18.1
21
11
12.4
13.7
12.5
16
21.2
16.3
12.7
17.8
13.3
24.2
11.6
9.3
17.7
25.2
16.1
10
12
25.8
10.6
8
30
9.6
11.6
8.3
18.7
18.8
14.3
33.5
11.9
19
25.3
17.8
25.5
27
11.1
8.4
9
20.8
23.8
20.2
8.3
17.4
31.1
41.8
16.5
17.5
15.6
27.2
25.2
20.4
9.3
10.7
12.9
28.7
10.5
14.1
9.1
12.5
13.7
8.1
20.4
8.3
16.9
9.8
9.8
8
10.5
10
10.2
20
30.3
22.1
14
35.1
17.9
23
13.4
15.3
9.2
16.4
10.7
9.7
20
15
8.3
10.9
20.5
12.9
12.1
20.5
13.7
12.5
8.3
22.9
16.4
9.4
8.4
13.4
12
28.3
8.2
19.7
8.1
39.3
9.9
18.9
10.6
20.8
18.2
8
24.1
14.3
17.2
70.7
9.4
8.4
34.1
13.6
19.6
11.3
8.6
8.1
20.3
9.4
20.9
8
20.4
9.4
24.5
9.2
18.5
16.3
29
11.5
30.3
23.6
9.8
30.4
9.5
8.7
8.6
23.4
42.9
24.3
26.6
11.2
16.8
8.9
20.7
12.5
16.1
21.9
24.3
15.6
12.5
12.6
12.9
51.4
14.4
10.1
15.1
17.6
28.2
21.3
23.4
30.8
19.5
23.1
11.5
10.7
14.9
8.4
9.6
8
32.5
30.6
29.4
11.9
23.2
8
10.2
10.2
10.2
11.8
17.1
28.9
10.2
36.5
8.1
9.9
8.3
11.1
11.9
11.7
12.8
24
32.8
26.1
8.8
8.2
14.7
9
13.7
8.1
8
8
15
8.1
8.9
10.4
11.1
11.3
12.7
10.4
18.1
13.6
18.7
40.1
21.8
24.7
13
34.3
16.8
12.5
10.2
18.9
14.7
8.3
12.2
8
18.5
19.2
49.8
28.2
19.9
11
8.1
11.4
11.1
8.8
8
8.9
12.5
13.4
13.8
8.5
21.6
16.7
16.3
11.8
16.9
20
10.5
12.8
29.3
19.4
8
26.3
16.9
12
9.7
11
20.9
9.6
37.9
30.8
8.3
9.3
9.5
19.5
25.8
41.1
17.1
15.1
14.6
10.1
14.5
18.3
17.9
17.9
13.4
10.1
30.2
23.9
10.4
8
15.7
9.2
11.7
11.5
11.7
8.6
16.2
11.6
15.1
8
24.7
15.2
32.7
28.8
8.8
23
15.4
13.6
40.9
34.2
15
9.1
8.1
10.7
11.1
11.6
15
26
38.2
20.2
13.4
8.5
8
11.8
10.6
9.8
8
10.8
9.1
28.1
12.6
8.3
21
16.8
11
29.5
12.2
16.2
15.7
14.2
26.5
36.1
36.6
21.4
12.8
13.1
13.4
16.7
8.6
9.4
14.5
8.7
17
18.2
11.6
12.5
8.2
8.2
15.8
9.5
32
26
9.6
24.2
12.4
9.4
32.3
9.4
14.9
10.1
8.8
10.6
11.5
27
14.1
8.2
8.5
16.4
12.6
17.4
9.4
10.1
19.2
12.8
18.2
19.6
18.4
10.3
8.1
13.6
18.5
18.9
8
13.8
19.2
9
26.7
9.7
17.5
13.8
23.4
8
11.3
8
9.5
16
9.8
23.4
40.9
22.3
12.2
8.1
14.5
8.8
21
20.8
10.9
30.2
19.7
8.8
8.1
23.7
11.2
11.4
21.2
38.8
13.6
10.4
11.4
11
10.4
8.1
25
31.2
30.9
8
9.9
27.9
23.5
8.8
11.3
17.1
24
10.5
21.3
19.3
8.1
12.8
27.8
13.5
9.8
15.2
8.3
14.5
24.2
14.2
12.8
14.3
12.2
9.6
15.8
15
8.5
15.1
14.7
11.2
10.1
27.6
8.4
18.4
13.1
20
24.2
14.6
12.7
8.5
8
8.4
23.3
27.2
9.5
8.3
11.1
8.9
35.9
10.3
19.5
9.1
30.6
18.9
8.7
11.4
17.3
28.3
17.4
8.3
8
8.2
12.3
8.5
13.8
35
8.2
25.8
44.1
11.3
25.5
22.3
9.1
32
15.3
9.4
15.3
10
15.5
13.9
13.5
15.6
25.8
8.1
19.5
21.3
36.5
8.1
25.3
47.7
25
42.9
14
8.1
8.9
11.8
11.2
16.3
25.6
9.4
8.2
8.1
13.9
8
11.3
35.2
8.1
8.3
22.8
36.5
38.8
17.1
24.2
22.5
9.1
14.6
16.9
14.7
27.5
15.6
19.7
10
19.8
9.1
8.1
13.9
8.4
8.3
8.3
11.3
9.3
8.3
18.3
75.3
14.3
24.9
16
16.8
23
21.1
10.8
16.2
24.4
21.1
18.9
8.3
21.5
11.7
32.2
29.9
21.6
28.2
11.6
9.4
18.9
11.4
35.4
13.7
91.1
13
25.5
20.8
10.2
9
8
28.5
15.9
27.7
15.9
18.3
8.4
10.6
11
16.3
28.5
14.2
45.2
13
25.6
13.3
11.3
8.9
8.1
11.1
8.1
11.8
8.3
13.5
8
8.3
8.2
9.9
26.8
21.5
12.9
34.1
9.9
8.3
14.1
20.6
31.5
8.2
8.1
19.4
27.2
11.2
21.4
17.8
12.8
13.4
15.2
14.5
12.9
13.4
12.1
35.8
8
8.4
12.3
8
13.9
24.5
38.3
20.8
27.1
12.1
20.1
23.3
9.7
8.1
14.8
8.7
23.7
9.4
22
15.8
19
22.6
13.5
8
21.8
11.9
13.2
8.1
11.7
8.2
9
12
28.3
23.6
17.8
14.4
10.5
10.1
23.5
10.2
15.7
26.9
13.7
22.2
15.7
26
32.4
8.1
10.9
39.2
30.7
19.9
18
18.3
11.8
11.5
12.1
21.6
8.1
27.8
31.1
26.4
23.6
37.6
10
14.6
8.1
16.9
34.9
10.1
8.2
23.3
13.9
16.8
9.5
28.6
16.1
37.5
21.7
22.4
15.8
37.4
15.7
10.9
15
24.4
11.1
8
12.9
17.5
24.9
12.2
9.4
8.1
8.3
8.5
11.4
10.2
24.2
10.2
17.9
8.9
24.9
9.6
8.1
8
24.2
8.4
21.3
8.3
10.5
14.2
11.9
11.1
9.4
18.9
12.3
13
8
22.8
8.2
41.3
12.6
9.1
15.9
40.2
28.6
12.4
26.2
30.1
29.1
12.1
40.8
8.2
8.1
8.1
10.2
16.6
17.5
24.2
8
8.2
31.2
13.9
10.9
26.7
8.4
8.3
11.3
31.5
8.6
10.8
11.8
9.4
13.6
11.4
22.3
13
12.5
8.1
8.3
8.4
16.6
15.7
19.6
29.1
18.9
9.7
11.8
13.2
32.4
13.1
19.6
11.1
12.9
20.1
17.1
8.1
10.5
8.5
21.7
8.1
29.8
27.5
10.3
27.5
8.2
22.4
8.5
8.8
12.3
24.9
14.2
16.6
8
14.6
15.9
8
24.9
16.2
11
10.4
11.7
15.4
12.8
18.6
12.3
13.8
8.2
8.3
10.2
10.9
9.8
15.7
30.2
36.9
8
9.1
8.7
11.9
8.7
8.1
16.2
12.5
11.4
9.8
10.1
12.2
8.1
21.5
12.9
8
17.5
16.2
24.5
8.1
9.1
23.4
15.3
30.9
8.9
17.6
11
35.2
15.8
44.7
17.7
12.1
22.5
23.1
15.7
83.5
15.5
14.1
21.4
12.3
9.5
12.4
23.1
12.9
8
11.3
14
53.1
16.5
12.4
24.8
26
38.4
9.8
17.2
29.1
15.5
11.9
17.6
24.3
16.5
12.9
11
19.6
12.5
17.2
14.4
53
8.5
14.6
8.2
8.3
17.4
25.7
15
12.1
8.2
12.5
8.1
41.6
29.9
23.5
23
18.4
18
12.1
11.3
19.8
15.3
8
10.7
12.9
27
15.8
46.1
20.2
8.4
8
8.1
24.9
12.5
13.6
8.1
13.5
17.3
9.3
15.3
12.4
23
15.4
20.6
8.6
16.8
15.2
12.3
16.4
21.4
30.7
10.6
12
12.6
15.5
17.3
24.3
20
25.8
8
10.1
18
8
13.9
8.5
8.2
12.7
9.9
8.8
14.9
8.1
15.4
8.3
19.8
12.9
9.6
15.8
8.5
18.4
8.7
20.8
11.6
12.7
16.2
8.1
8
8
13.8
16.4
28.5
16.5
8.2
12.4
14.7
12.5
12
8.3
31
12.2
9
30.4
13.2
13.2
14.4
10.8
19.8
11.1
8.1
18
16.5
18.9
17.9
32.8
10.4
11
8.1
28.8
10.6
30
11.5
11.6
29.4
12
8.7
9.4
21.4
8.8
13.8
9.4
21.1
25.9
11.2
12.4
9.3
10.8
12.6
11.5
14
8.6
11.8
8.5
18.4
34.2
28.2
15.5
49.3
8.6
10
8.3
11.9
32.2
28.1
19.9
24.4
21.3
37
14
10.9
14.5
25.5
24.7
8.2
10.9
11.7
84.5
15.9
13.1
24.9
10.4
30.1
14.5
8.4
22.1
15
11.2
30.7
8.6
10.6
16.2
19
8.6
20.7
10.5
72.7
17.3
10.4
46.6
15.9
20.3
14.6
9
17.2
8.4
24.4
8.6
18.7
15.2
17.7
20.2
23.2
13
8.1
10.3
8.2
26.3
35
8.9
26
8.3
11.4
29.9
15.6
12.5
12.9
8.4
10.8
9.4
11.2
12.8
12.7
10.4
18.3
9.9
13.7
8.4
8.4
8.4
9.2
12.8
12.8
9.5
17.7
13.4
8.1
11.9
8.5
8.1
8
11.7
17
45.1
8.4
18.9
19.7
15.7
14.8
12.6
18.6
8
28.3
25.4
22.4
22.8
8
9.4
8.1
8.3
19.2
35.5
15
23.2
12.4
38.3
19.6
38
18.3
32.1
8.9
21.4
8.3
14.7
17.9
16.8
21.5
14.1
8.2
14.3
11.4
8.1
9.4
8.2
18.9
20.5
10.6
20.6
8.8
17
15.3
9.3
19.2
19.3
14.4
9
9.8
15.1
16.2
10.5
9.7
20.2
14.7
14
19.7
25.4
10.7
14.3
10.4
33.4
16.6
9.8
18.6
9.4
15.3
13.1
14.5
11.9
14.8
31.2
15.5
8
9.9
8.1
16.7
21.4
8.3
12.6
8.2
8.2
15.8
9.3
24.2
8.1
28.1
20.6
8.1
9
10.7
30.8
8.6
14.1
14.6
13
11.5
47
20
10.5
9.7
8.7
8.4
8.4
10.2
20.3
9.9
10.5
19.7
18.6
9.5
19.3
17.3
9.9
11
18.8
11.2
8.3
11.4
17.6
12.6
13.1
8.3
10.2
8.4
8.4
11.5
15.7
8.1
16.7
14.4
49.7
9.1
9.6
8.9
8.1
22.5
18.9
10.5
9.4
8.1
22.4
25.2
11.3
8.6
9.7
17.8
13.1
8.1
37.4
15.1
17.5
10.7
8.3
16.8
8
17.9
21.5
25.3
13.2
17.3
8.4
21.3
11.6
23.9
16.3
16.9
9.5
12.9
13.1
29.3
27.3
8.1
13.2
19.3
10.9
12.5
9.5
8
13.9
8.6
19.3
17.3
8.4
19.8
11.6
11.6
8.3
36.2
8.2
8
13.7
15.8
19.7
8.5
14.1
18.7
22.1
38.7
9.7
8
12.1
9.6
14.7
11.1
8.5
10.5
23.1
27.2
28.4
9.5
36.1
13.4
16.3
21.9
12.8
8.4
37.1
9.4
14
21.6
8
8.1
8
8.1
8.1
24.7
16.9
11.6
11.4
11.2
13.8
17.5
7.2
7.5
16.1
21.1
10.9
10.8
27.3
7.2
9.6
7.1
15
11.2
54.4
12.4
8.2
7.2
21.4
7
11.4
7
7.3
7
17.6
16
8.3
21.2
10.1
12.5
44
13.4
18.4
7.1
8
9.7
26.2
9.8
18.1
9.3
14
10.4
15.4
7.2
12.6
20.8
14.1
16.2
9.9
9.7
12.3
25.5
13.9
22
10.9
14.2
10.7
7.4
7
8.6
14.2
12.5
7.1
8.6
15.4
26.8
8.1
19.9
14.1
7.2
10.2
7.2
44.5
23.6
12.5
31
9
10.3
9.7
19.9
51.4
18.1
24.6
17.8
17.4
16
12.2
12.2
7.3
7
9.5
8.5
26.8
7.3
7
7.4
12.6
10.1
7
8.8
11.1
7.2
16
27.8
15.9
7.1
15.8
30.3
7
10.4
14.8
21.4
12
7.4
28.7
8.8
22.5
7.3
7
9.3
7
8.2
15.9
13.4
21.2
10.5
18.4
7.4
9.4
9.6
13.6
25.4
12.6
8.8
10.3
12.9
18.4
11.5
7
7.4
7
14.1
10.1
7
19.3
21.2
15.7
7.5
17.3
7
12
7.1
7.2
9.2
13.1
7
28.2
11
11.3
7.6
10.9
9.8
7.3
7.3
7.1
33.5
22.2
12.8
7.5
12.2
25.2
42.8
16.2
16.3
7
13.3
31.7
8
9.4
24.7
10
19.7
10.4
18.4
7.1
20.5
7.4
12.7
7
7
7.5
12.5
7.1
11
9.9
7.2
14.1
60.2
9.9
8.5
10.9
14.8
7
26.2
8.7
25.6
7.1
16.8
17.7
10.1
56.8
20.7
9.5
14
9.7
7.5
14.8
11.9
16.8
9.9
21.2
17.3
7
28.3
10
10.9
8.1
7.2
10.5
11.7
18.5
7.1
23.7
32
16.9
8.8
18.6
13.9
11.4
13.2
15.8
15.3
7.4
7.1
31.8
32.6
21.1
8.3
22
10
13.2
7.8
30.6
7
29.3
7
20.1
10.8
27.1
7.6
10.6
7.3
12
17
46.8
7.8
7
24.5
9.7
7
15.1
36.6
9.7
14.8
12.4
11.8
9.3
9.8
11.3
33.5
14.1
18.2
7
7.7
13.7
10.4
23.5
14.5
7
8.4
7.3
7
12.3
7.5
19.8
7
12.9
22
19.6
8.8
22
20.7
11.7
7
14.8
12.4
9.5
13.3
7.3
18.1
22.2
20.8
10.8
7
24.5
8
7.2
19.2
7.1
8.1
20
7.3
7
7
7.5
10.2
7
17.4
7.2
8.1
7.2
7.2
9.5
21.7
15.6
7.1
16
31.5
7.1
20.6
46.4
9
14
7
25
14.7
7.1
20.2
14
10.1
15.9
7.3
11.9
11.3
21.7
14.5
9.5
21
26.3
7
33.1
8.1
20.9
32.7
19.1
14.4
11.7
13.9
7.1
7.1
7.1
13
17.4
8.9
18.8
7.1
16.2
11.1
13.9
14.5
18.7
61.4
7.6
12.9
12.2
9.4
26
15.6
7.3
38.5
7.1
14.5
11.1
31.1
32
23.6
13
12.8
100.2
10.8
10
7.3
7.4
7.4
9.2
19
24.1
18.6
18.2
53.1
8
19.3
7.4
7
7.2
7.2
18.6
8
16.3
15.4
17.1
8.6
17
9.2
12.5
9.1
9
7.3
14.2
10.5
26.9
7.1
7
16.2
10.7
13.3
7.8
9.1
15.3
17.6
20.8
8.1
8
10.8
11.3
7.4
18.1
7
24.9
20.6
9.6
7.1
11.3
7
11.3
7.6
7.7
17
8.8
10.5
8.5
36.9
11.5
21
7.7
11.8
15.2
9.8
11.4
27.9
18.4
7.7
10.3
7.9
16.1
15.4
11.3
7
8.5
9
10.3
7
7.5
7
13.4
9.2
9.6
17.9
22.6
8.3
7.9
8.2
14.4
10.6
7
14.5
22.8
8.1
8.3
7.1
7.4
25.5
14.4
11
10.7
13.7
31.3
7.3
22.5
8.8
22.7
13.1
14.7
8.8
9.8
14.4
9.3
7.4
27.8
54.8
24.3
11.5
18.9
39.1
16.5
8.8
18.7
24.6
8.6
25
17.4
10.1
20.3
15.6
7
7
19.1
7
7.1
7.4
15.4
7.6
15.8
7.3
9.1
9.9
7.2
8.7
10.4
7.3
12.6
16.1
7.5
7
9.2
11.1
7.3
10.7
12.8
15.1
7
7.1
7.1
11.4
7
7.1
10
7.3
7.7
7.1
10.7
7
12
10.9
27.1
9.7
22.1
8.2
20.8
30.7
8.2
7
7.5
7.5
11.3
7.9
10.4
40.1
30
12.3
7
26.6
17.1
12.5
7.4
7.2
7.2
7.9
8.5
10.2
26.5
7.2
18.6
24.8
17.6
9.1
11
14.3
57.4
29.9
7.2
7.2
8
9.5
12.1
8.5
10.2
25.6
14.2
7.1
8.4
13.1
7.5
11.4
13.4
13.6
7
38.9
13.1
14.7
40
16.8
12.7
7.1
9.5
7.8
7
7.2
15
21.3
7
21.8
21.4
7.4
7.7
7.1
12.3
23.5
14.5
9.2
15.5
7.3
10
8
10.9
24.1
17.7
12.3
9.7
15.3
8.8
7.7
8.2
14.5
7.1
10.1
10.3
7.8
25.8
9.6
7
7
11
7.3
13.2
19.5
7.1
7.7
8.2
7
12.9
8.5
9.4
7
23.8
10.4
14.5
7.2
13.8
7
7.1
9.2
15.3
7.4
7
11.1
29.8
10
7.1
8.8
8.2
14.1
7
8.1
22.8
9.7
7.9
7.1
12.9
12.6
15.2
12.4
7.1
18.5
7.2
8.1
19.5
7.1
29.1
7.7
18.4
9.9
9.8
14.6
7.2
20.2
15
7.4
7
7.3
18.6
18.5
9.8
7
38.3
7.1
11.3
12.3
23.5
7.7
7.1
8.9
7.1
7.1
28.3
7.2
27
7.4
23.5
8.9
22.1
16.6
16.1
7
7
7.2
37.6
15.9
11.9
12.2
7
13.7
26.7
7
20.7
37.7
7
18.5
7.1
24.9
19.3
8.4
8.3
12.3
17.1
11.4
19.7
18.6
9.6
7.9
7
7.3
7.2
11.7
38.3
7
10.7
7
7
7.8
7.1
17.6
7
7.2
14.4
7.2
17.4
27.7
14.5
23.3
16.6
7
10.1
7
20.6
9.9
11
7
11.1
14.9
7.1
7.1
7.2
13.9
16.5
7
18.1
7.1
41.3
21.5
7
7.4
10.8
16.8
12.1
12.9
24.6
12
7
13.7
16.2
17.5
7
23
11
7
9.9
9
8.4
7.2
7.4
12.6
13.8
7
7.3
19.1
10.7
11.2
10.5
18.5
44.1
11.1
16.1
21.1
9.5
8.4
7.7
7.1
7.1
27.2
7.6
7.4
7
20.2
24.3
8.4
35.2
16
9.4
18.7
9.6
11.3
15.7
7.3
9.7
9.6
13.5
14.3
9.9
30.2
27.2
8.6
12.1
16.9
7
13.3
19.2
7.2
22.3
22.8
30.2
12.7
19.2
7.2
13.7
18.4
13.3
9.7
9.5
7.2
8.5
9.5
48.9
17.2
7.2
10.3
12.2
7.4
19.2
16
12.1
16.1
36.3
20.1
24.8
15.1
35.8
7.1
16.3
19.7
7.3
18.6
16.2
14.3
10.3
11.5
7
23.2
17.4
15.2
7.3
11.1
7.5
7
10
12.3
7
7
34.9
16.6
15.9
7.1
7.5
7
10.2
8.8
7.2
12.4
11.9
7.2
7
9.7
9.2
16.7
13.4
12.4
19.1
11.9
48
7.4
11.7
19
7.6
7.3
7.8
19.1
10.1
8.5
7
7.9
7.3
7.4
8.6
12.3
11.7
8.1
8.3
13
8.7
7.2
12.1
10.3
15.5
12.5
11.3
35.3
10.5
14.3
7.7
14.3
7.4
21.7
7.1
7.1
13.5
33.1
10.8
9
7
7.4
11.7
7.3
7.2
23.8
23.3
19.5
19.8
8.3
12.9
14.2
21.2
9.8
23.2
10.3
10.2
7
16.7
7.2
8.5
23.7
24.3
16.9
14.1
20.5
17
14.1
13.3
17.9
19.8
7.2
21.3
13.7
11.8
10.1
7
22.2
7
7.2
14.8
7
7.3
13.4
10
11.3
10.5
9
25.4
39
12.3
28.4
7.4
10.3
7
10.1
12.7
19.2
11.5
7.3
12
7.2
19.1
11.1
9.6
7.1
22.3
11.7
13.7
9.1
10.4
13.2
7.3
7.1
33.4
10.2
12.7
19.1
19.5
7.6
9.6
35.1
7
12.1
7.5
7
18.3
18.6
8.1
18
22.9
8.7
13.7
13.3
25.9
7.5
7
7.1
12.9
7.8
11.8
9.6
45
7.1
21.9
23.2
10
7.2
23.2
31.3
35.4
8.5
16
41.3
11.8
13.3
24.4
15.9
14
13.9
24.3
23.8
10.2
15
28.9
12.1
19.8
7
8.9
20.6
22.6
37.5
22.8
9.6
56.2
22.2
14
7.2
20.7
11.4
7.4
17.4
10.6
40.3
15
17.6
23
7.1
10.5
7.1
26.6
10.7
7.1
7.3
15.5
9.8
9.7
7.9
31.3
17.4
11.8
7.2
17.6
12.4
7.3
17
12
7
9.8
15
7.1
16.8
10.7
9.1
17.5
7.2
9.7
13.8
24.1
31.6
7
7.1
9.2
19.3
8
29.5
7.3
7.2
18.9
9
31.3
56.5
40.1
10.6
23.7
19.5
12.4
8.8
18.6
12.6
24.6
9.6
11
60.2
19.5
18.2
9.9
8.8
12.4
15.7
7.2
10.1
12.7
7.2
33
7.1
8.7
25.2
24.1
38.5
13.8
8.6
22.5
11.4
12.2
9.5
19.5
15.9
12.1
7.5
7.5
7.4
8.1
10.7
17.3
11.4
7.2
14.7
7.2
11.9
7
7.4
7.6
9.1
24.4
22.9
10.5
7.8
23.7
7
31.9
7
17.1
36.7
9.9
7.2
37.6
26.2
7
7.5
17
26.5
15.5
7.7
17.2
7
22.4
9.6
20.2
12.3
12.4
7.1
7.4
11.7
7.3
18.1
25.5
10.5
19.2
11.3
13.6
10.4
9
7.2
40.8
16.7
7.1
16.4
18.6
7.1
7.7
10.8
10.7
7
19.8
13.4
7.1
15.6
14.7
12
9.2
22.3
9.5
7.1
8.1
19.2
11.3
16.1
22.9
7.3
19.1
13.7
19.1
11
7.3
53.6
10.1
7.3
19.8
22.9
18.8
7
17.4
7.1
32.5
7.1
10.9
15.5
17.2
7.3
14.6
7.1
25.6
7.2
26
16.1
8.1
7
11.4
7.2
14.3
35.3
11.7
7.1
7.2
14.1
21.6
15.2
7.5
27.9
7.1
9.9
77.8
19.3
20.9
16.9
11.4
8.9
8.9
30.1
7.6
15.7
7
7.3
23.4
12
8.7
7.6
7.1
24.4
7
12.7
14
9
10.5
11
25
10.4
12.4
14.3
7.4
7.2
7
17.2
9.6
10.3
7.1
16.3
27.3
7.3
7
9.7
7.1
7
8
12.4
12.1
7.4
7.2
15.2
10.4
9.5
7
34.3
19.2
7.5
7.1
9.2
19.1
7.1
7
20.4
7.1
9.4
7.1
42.5
9.9
7
17.8
8.5
9.3
12.2
14
9.9
8.8
8.6
37.8
12.3
15.6
9.5
16
18.7
15.8
11.7
27.9
23.5
12.3
10.3
7
7.1
12.1
12.5
9.9
8.7
7.5
10.5
10.7
16.1
7.6
9.7
9.1
10.3
27.5
7.7
7.3
27.8
14.9
13.8
11.1
11.2
29
13.9
7.4
7.6
12.5
10.1
7.2
7
14
30.8
26.8
13.1
30.9
14.6
10
7
9.3
9.5
13.6
13.2
13.5
7
10.4
8.1
23.4
16.7
13.7
13.3
7.1
7.1
28.9
12
19.8
32.3
14.2
12.1
38.2
11.6
19.8
11.2
7
7.4
7
7
9.3
7.1
8.8
24.8
61.7
36
41.3
13.1
17.5
7.2
12.7
22.1
12.4
8.6
12.8
15.4
7.4
10.7
20.3
27.2
7.1
10.1
7.3
16.2
7
7
14.3
12.3
10.2
7.5
13.9
24.6
7.1
7.5
7
16.9
12.9
15.4
8
7.4
7.1
30.6
9.2
14.2
9.3
7.5
24.2
11.7
7
19.5
15.2
16.2
8.1
38.6
10
10.6
9.7
27.7
9.9
9.8
33.8
7.6
25.3
22.8
10.7
11.4
11.4
7.1
20.7
40.1
7.4
30.3
7.3
12.7
11.7
22.4
20.7
18.5
16.8
26.4
19.1
39.1
24.2
22.1
8.1
7.1
30.2
7.2
7.1
9.1
18.6
22.2
10.1
31.5
7.4
12.2
27
8
9.4
13
10.6
23.4
14.2
12.5
7.2
11.9
30.9
7.4
22.7
15.5
7.8
30.2
22.2
10
17
7.8
21.8
7.1
10.9
9.3
10.9
7
22.7
35.6
17.5
14.8
10.2
8.9
21.3
7.2
9.2
8.6
11.3
7
30.6
7.1
13.6
7
7.8
7
13.4
14.5
11.8
16.1
8.2
9.7
9.4
40.5
10.6
12.4
10
19.1
9.4
7
10
19.3
7.8
11.7
10.8
7
14.2
13.2
25.3
7.6
11.6
7.4
8.1
30.4
14.3
7.1
21.6
8.8
8.4
13.1
7.5
18.3
9.5
7.4
7
17.3
22.9
12.4
8.8
12.8
18.7
7.5
8
8.1
10.5
10.8
7
20.8
8.4
17.9
7
7.3
28.5
11.5
10.7
7.2
7.1
30.3
11.6
7.2
9.8
7.2
10.2
28.3
7
15.6
9.9
13.9
19.9
12.7
15.2
13.9
20.4
29.3
7.2
18.7
7.3
23.2
13.5
7
14.8
26
7.1
29.2
16.1
16.5
7.1
9.1
7.3
9.1
14.4
10.2
22.7
30.9
7.1
11.6
9.2
23.8
22.7
7.1
7
7.3
16.5
22.3
34.9
17.6
36
12.7
7.3
12.2
16.3
7.9
19.8
15.9
31.9
14
7
9.7
10.7
11.4
19.8
12.2
11.1
10.5
10.4
7
7.8
22.7
22.8
7.1
15.5
7.1
28
8
9.9
10.9
16.5
39.6
23.9
18.6
9.9
7.2
10.4
23.9
19.8
12.1
38.8
18.7
17.2
7.1
16.1
13.9
34.4
7.8
7.5
8.2
16.4
11.6
10.3
11.2
10.4
7.1
9.7
8.2
24.1
19.6
7
18.3
17
15.7
14.4
12.8
7.4
7.1
11.5
8
11
7
15.3
12
7
7.2
7.2
14.6
7
10.9
26.1
18.6
11.6
14.7
11.9
18
9.4
17.1
19
15.7
10.5
14.2
38.1
7.1
10.9
9.6
31.4
31.3
7
7.1
28.6
10.4
7.9
7.5
7.1
17.3
7
10.3
7.7
7.1
7.2
14.4
7.9
11.8
27
9.4
7.7
21.1
13.8
9.2
30.7
23.2
14.5
15.4
10
13.8
7.2
8.7
11.5
7.1
8.4
21.8
14.2
11.3
7
29.1
14.8
10.2
9.8
11.3
14.9
27.5
11.3
12
7.7
18.8
15.4
11.2
7
7.2
16
15.8
7.1
8.9
20.8
21.9
14.6
14.6
7
23
7.1
7.8
9.4
24.2
12
9.2
7.4
32.9
10.7
10.2
21.8
9.1
14.1
7.6
18.6
7.1
29.6
7.9
11.6
8
14.2
7.1
30.7
7.3
22.6
7.1
18.1
13.9
7.5
10.7
18.8
23.3
10.3
7
33
7.3
9.7
12.3
13.6
7.1
7.6
14.2
7.9
16.1
8.7
10.3
7.1
8.9
8.9
8.2
35.4
26.7
12.6
7.2
13.7
7.6
31.2
7.5
7
13.2
7.5
7.5
12.2
23.6
7.5
7.3
7.2
21
7.2
7
16.9
11.8
11.5
8.8
10.7
7.7
7
24.6
10
11.2
24.1
17.1
8.6
11.9
9.9
8.3
15.9
13.5
15.3
10
7.1
7
8.6
17
7.1
53.1
7.4
16.7
16.9
12.3
7
26.7
7.2
16.6
7.4
12.9
20.8
14.6
7.5
10
7.6
7
21.4
12.5
7.4
13.5
7.6
15.5
7
11
23.5
21
11
8.7
12.5
7.1
9.3
16.4
7
17.4
25.3
10.6
15.1
10.6
25.8
12.7
7.2
10.7
9.2
30.8
7.5
19.9
12.1
7.8
28
19.2
7.1
7.4
10.1
7.2
10.9
7.5
7.9
13.6
12.6
10.5
12.6
23.9
20.4
25.5
21.5
7
8.6
9.1
18.4
7.1
18.3
11.1
9.3
7.9
8.7
18.8
26.3
8.2
9.1
7.9
25.3
11.4
12.3
34.3
16.7
12.7
8
7
26.3
23.5
13.1
11
10.4
11.6
12.3
13.3
10.2
7.2
9.9
47.4
7.3
7.2
7.6
7
7.6
19.4
7.1
12
16.2
17.6
18.5
11.1
10
20.7
11.4
7
7
15.3
7.3
7
14.6
9.9
20.9
7.2
7.2
18
7.4
17.7
7.4
18.4
7.3
25.8
17.5
10.4
36
11.4
7.7
11.4
7
10.8
18.7
18.5
9.3
7
21.6
22.4
7.4
7.2
7.8
13.2
12.8
8.3
7
8.1
23.5
18.5
13.7
10.1
7.4
10.2
13.3
29.2
9.9
17.4
12
29.1
15.8
15.3
11.2
10.1
16
13.4
12.4
17.6
19.4
27.2
15.7
13.3
13.9
8
10.8
22.4
15.1
19.1
25.1
13.3
10.3
13.5
10
33.5
15.5
9.6
9.5
8.3
22
22.4
10.2
8.5
10.5
16.6
23
24.4
10.4
27.2
9.2
13.7
14.8
11.1
17.8
10.3
8.4
7.1
7
7
38.8
10.6
7
9.6
7.1
11.3
16.9
18.3
16.2
11.9
8.9
9.9
7.1
9.3
11.2
13.4
21.3
12.9
11.8
9.5
7.8
16.9
7.1
8
7.7
10.3
7.8
64.5
7
7.2
7.9
7
18
7.1
8
12.9
9.2
16.3
15.4
29.2
14.5
19.9
35.8
27.8
16.3
28.8
41.5
7.6
15.3
22.6
8.4
13.6
7
15.5
14
58
7.6
15.5
7.2
37.4
20.4
7.4
18.7
7
11.5
9.1
14
29.9
19.7
10.3
26.9
7.1
7.5
12.3
11.4
10.5
9.3
7.1
36.6
9.2
25.3
13.7
7.3
13.2
30.9
21.8
10.5
13.5
11.3
29.4
34.6
8.2
11.3
28.5
16.5
24.7
19.2
16.7
22
18
9.2
15.5
19.1
7.2
7
12.8
7.2
9.9
15.6
9.2
18.3
11.6
7
11.1
7.3
29.1
11.9
11.3
7
7
7.1
34.7
11
24
10.6
7.6
7.1
20.5
20.4
32.9
27.4
9.5
7.3
7.2
13.5
9.8
7.3
7
7.1
9
8
7.3
9.4
34
16
9
10.7
7
8.3
7
10.5
19.4
14.7
16.1
11.7
8.8
7
12.6
7.8
15
23.5
7.7
14.1
12
19.9
49.6
11.1
19.1
8.3
26.9
13.9
7.5
40.4
7.2
7.3
12.2
16.7
8
7
20
25.3
7.1
9.4
7.5
9.7
7
12.3
46.9
45.8
7.8
17.7
8.9
10.7
9.5
12.4
16
29.4
6
19.5
10.6
9.7
6
6
6
11.1
6.7
6.1
10.8
9.2
6
13.2
6.6
12.8
6.5
8
48.8
6
12
8.7
12.5
6.7
6.3
13.2
9.9
6
22.1
7.2
6
6.2
6.5
9.2
6.1
6
8.2
6
6.3
6
9.5
11
6.1
8.2
6.2
6
7.9
24
20
13.1
6
6.1
18.6
6
8.4
6.1
29.4
6.4
6.1
6.2
9
6.1
6
16.7
7.2
25.5
63.4
7.9
20.7
11.4
8.9
6
14.8
14.6
6.5
6.1
6
6.3
6
12.9
6.4
6.2
11.4
6
6
6.3
11
6.2
20.7
14.5
16.5
38.8
15.1
6
11.2
6
10.2
8.3
14
21
6
8.5
6.5
12.9
7.7
8.4
6.9
15.3
6
6.1
9.1
10.8
6.1
6
6
6.5
6.1
7.5
16.5
8
6.1
7
8.6
14.2
12.7
8.5
6.2
19.4
15.8
5
11.7
5
13.9
31.1
5.2
9.1
5.1
5.1
5
5
9.9
12.5
5.5
9.3
5.2
5.9
5
5
24.1
7.3
5.6
5
9.3
18.9
5.9
18
5
5
5
5
5
5
5.3
16.4
5
5.3
5
5
6.5
5.3
14.4
36.5
11.9
5
5.2
21.5
5
5
5
5.1
23
15.9
5.2
5.1
10
5
5
5
18.9
15.9
11.9
8.9
5
5.2
5
5
15.3
24.1
5
10.4
7.8
5
5.2
5.6
5
10.3
5
5
5
5
11.5
5.1
5
5.1
5
5
5
5
26.1
5
5.2
7
30.3
17.4
9
5
18.7
5
5
10.6
20.2
5
5
30.8
5.1
5
9
5
5
5
5.1
11.6
22.8
5
10
5
5
23.1
5
11.2
5.6
5
5.1
13.5
5
9.8
18.5
5
5.3
5
5
9.8
5.1
5.1
20.2
5.2
6.2
10.8
5
14.5
5
9
5.3
5.8
5.2
11.8
12.4
5
5
8.1
15.8
13.9
8.7
5
5.1
5.1
5
5.1
10.1
5
5.1
6.8
20.1
5
6.3
5
20.2
32.7
5
5
5.1
22.1
11.9
6.8
5.1
11.1
5
5
5
5
5
5
5
5
15.6
9
12.1
5
5.7
5
5
15.2
10
13.2
5
9.4
5
8.1
13.7
5
5
5
7
5
5
19.9
13.1
5
5
5
5.1
6.1
5.4
11.4
5
15.7
11.1
5
5.2
5
5
10.1
5
5.1
5.1
5.4
5.9
5
5
5
8.2
7.9
5
5.1
6
6.3
5.1
5.2
6.1
5
5
10.2
5.2
5.4
5
5
5.1
5
5
12.5
5
5.1
5
6
5
5
5.6
5.1
5
5.2
5.1
5.1
5.1
5
13.2
5
5
5
6.9
19.7
7.6
5
5
10.2
5
16.8
16.6
5.4
7.8
5
5
5
5.1
6.4
13
5
6.2
5
12.7
5
10.9
5
11.2
11.6
5.9
8.1
21
13.2
20.3
5
5
6.3
27
5
5.4
5
5
5
5
18.8
9.9
5.4
5.5
12.8
32.2
5
5
8.6
5
5
5
7.8
5
5.2
14.6
11.6
5
35
12.2
5.1
14
11.4
5
14.2
10.5
15
9.4
5.3
5.1
5.1
10.3
5
5
7.5
5
5.1
5.3
5.3
5.1
5
5.7
16.7
7.1
5
15.4
8.5
5.5
5
5
5
5
5
7.6
5
8.1
21.9
17
13.7
5.1
5
5.1
10.6
5
5
5.5
17.7
5
5.5
13.1
18.5
22
5
9.7
5
21
8
5.1
12.2
12.6
11.2
19.5
5
5
13.8
5
5.1
5.1
12.8
13.8
5.4
5
5
5
5.1
16.8
20.2
13.6
5
5.3
5
5
26.1
7.7
9.1
9.4
5
5.8
11
5
5
5.3
5.2
5
18
14.5
7.3
5.1
16.4
5
19.1
8
5
16.4
31.9
36.5
5
5.1
5
5
5.1
5.1
5
11.2
5
5
9.6
5.1
5.4
5.2
7.5
5
10.2
5
5
5.2
5.4
5.2
28.8
5
5
8.2
22.8
5
5
5
5
5.1
12.5
6.4
12.8
5.2
5
15.7
5.2
5
12.5
13.6
5
11.1
5
5
5.2
13.7
5
5.3
9.2
5
5
15.4
5
5
21.5
5.1
6.7
5
7.5
5
5
5
9.8
5.8
7.4
15.5
8.5
5
5.2
17
5.2
5
32.5
12.1
5
5
16.9
7.4
5
14.9
10.1
5
18.7
5
5.3
5
5
5
5
5
5
6.9
6.3
5.7
5
24.4
7.9
5
6.1
5
5.4
5.1
5
24.8
5.3
5.2
5
5.1
8.6
20.3
22.7
13.7
5.4
5.3
45.3
5.5
7.7
5.2
17.4
8.2
55.2
5
9.9
5.1
5
5.5
5.1
5
22.3
5.1
5.1
5
17.7
5
5.1
5
5.4
9.6
5.1
5.3
5
5
5
7.7
5
5.1
5
5.1
5
5.2
14.7
5
20.6
5.1
32.9
5
8.7
5
8.3
9.2
16.7
5
5.1
5.4
15.9
5.4
5
5.1
5
5
5.1
34
5.1
5
5.2
5
12.3
5
18.8
5.6
5
5.2
5
5
10.7
5.1
5
5
5.1
5.2
11.9
5
23.1
31.6
5
20.2
5
5
5.2
8.5
5
5
5
5
5.9
26.5
5
11.6
5
9
5
5.3
5
5
5
16.6
23
5.5
5.1
6.3
5
26.9
27.9
5
5.8
8.5
5
5
5
5
5.6
5
35.7
5
19.8
9.6
9.4
5.2
5
15.2
5
28.6
5
5
18.4
5
5
5.3
15.9
13
5
5
14.6
9.7
5
5.2
5
5
18.8
5.2
18
8
5
5
5
27.8
5
5.1
17.2
5
5
18.7
5.1
22.2
6.1
5
5
5
14.6
5
16.1
7.7
6.6
34.4
10.8
5
5.4
5
5
6.4
5
5
19.5
5.1
8.1
7.5
5
6.4
5.2
5
5.2
7.4
5.4
13.4
32.7
5
5.2
23.2
18.9
8.5
5
5
6.2
5
5
5
10.9
5
16.4
5
6.6
5.3
5
7
9.2
5.5
5.1
5
5
12.8
5.2
5.2
5.5
5.1
5
5
5.1
5.2
20.7
5.2
37.6
5.1
12.8
5
5
5
15.2
5
5
5.8
5
12.2
5.1
5.1
5.2
7.4
9.4
7.1
5
19.7
13.6
5
5.1
17.6
16
5.3
5
5
5.1
16.9
5
10.1
5
5.1
5
5
14
11.1
5
5
5
5
7.3
5
5.1
14.9
5
5
5
5
9.7
5
5
5
12
5.5
5.6
16.6
5.5
5.4
5.7
5.1
5
6.5
10.1
5
5
5.4
21.6
5
25.6
5
5
16.4
5
5
5.3
5
5
5
5.7
5
8.9
7.2
12.7
7.9
23.6
5.1
5
5
5
28.9
18.6
5.3
5.1
16.9
5.7
5
7.8
5.1
5.7
18.3
5.1
5
5
5
5.2
5.1
11.6
14.8
5
5.2
5
5
14.8
5
31.6
10.3
12.9
5
7.1
6.1
5
11.5
5.1
5
5
25.5
9.6
5.3
5
5.4
5.6
5
15.8
5
5.1
5.6
5
11.3
8.6
11.5
25.5
5.1
5.3
21
5
20.5
5
10.5
5
5
14.8
5.1
5
5
5.1
5
5
9.7
17.2
12.4
5.1
14.8
5
5
5
5
16.4
5.2
24.1
14.4
12.9
12.6
14.3
5.1
5
19.8
5
15.7
5.3
5
5
5
18.1
5
5.1
12
5.7
5
16.9
5.8
5
5.3
5
10.1
19.7
12.8
5.1
5
5
5
9.2
6
27.6
5
9.8
12.8
5.1
5
5
5.4
10.6
15.3
8.5
5.1
5
14.8
5.5
17.7
5.1
5
5.1
5
5
6.5
5
10.2
5
18.9
7.1
6
10.8
5
5
5
5.1
9.5
8.5
7.5
25.8
5
5
6.2
5.3
14.7
5.1
11.4
5.9
5
5.1
14.8
5
5
21.7
21.1
18.1
5.1
8.8
5
23.7
5.1
5
5
5
6.8
5
9.5
5
7.7
5
5.2
16.4
5
5
18.7
14.3
17.9
5.4
5.3
5.3
5
5.2
5
5
7
14.6
5.1
5
5
5
5.1
5
12.3
5.1
12.7
15.1
5
17.1
5
5
5.3
5
5.1
5
5.2
5
5
5
5.2
5.3
5
5.6
5
8.2
19.1
6.7
5
5
5
5
5.1
5
5.2
5.3
5.7
5
5.2
5
5
11.2
21.5
5.4
22.3
5
16.7
12.8
5
5
5
5.3
5
5
17.5
5
5.2
5
5.4
5.1
5
6.9
5
7.8
10
5.1
5
5
5
12.1
14.3
5
5.9
5
10.5
9
6.5
18.1
5
11.5
9.7
20.7
5
18.9
5
5
11.1
5
31.9
5
17.3
6
5
33.8
29.2
5
24
5.9
5.1
6.3
52.3
12.4
8.4
50.1
5.4
12.8
15.8
13.6
5
12.9
6.4
5
5
5.2
19
5
11.2
13.6
14.7
21.5
5.9
17.4
12.5
5
5
10.1
5.5
5.1
5
5
11.2
12.6
5
5.1
11.6
5
31.1
8.6
5
5
12.7
5
5
5.2
18.1
5
5.4
6.7
21.6
5
5
5
5.2
37.1
5.1
14.8
5.7
5
12.6
5.1
5
5.1
13.1
9.1
17.1
11.2
5.1
9.1
5.1
5.1
5
25.4
5.1
5.8
5
29
17.9
10.5
5
5.5
6.7
5.1
5
5
5
16.6
5
6.7
5.2
5
10.4
5
5.5
8.3
5
5
5
5
5
27.3
5
5
5
5
13.8
5.4
5.1
12
6.5
5
5.1
5.4
5
25
9.7
14.3
5
5.3
13.1
7.5
5.2
5
7.3
5
8
6.9
5.2
6.2
5.2
8.4
21.8
5.2
9.7
13.1
6.3
21.1
5
8.7
51
12.3
11.6
5
16.7
5
5
5
13.8
5
5.2
7.3
5.3
5.1
5.2
5
5
17.8
24.8
7.6
7.6
5.6
17.1
5.4
5.6
5.1
12.6
7.6
10
8.4
15.6
5
5
17.5
11.3
9.2
5.3
12.9
5
5
5
5
7.3
5.1
5.4
23.5
5
5
5
5
5
5
5
5
5
5
5
5
9.7
5
5.1
5
17
5
5
5.3
16
17.5
5.5
5
10.1
6.7
8
5.1
5
13.3
5
5.1
5
5
20.1
10.7
17.5
5
7.3
5
11
5
20.9
14.2
12.4
11.1
17.4
5.2
5
12.1
23.9
10.5
5
13.2
5.9
5
5
5
9.4
5
8.9
9.4
5.1
5
5.3
6
5
30.3
5.1
5.2
5
10.3
19.6
5.1
5
17.1
5
5
17.9
8
5
5
5
5
11.4
10.8
9.2
8.6
5.1
5.6
8.5
5
5
10.1
5
17.9
10.7
5
5
5
10.2
13.9
5
5
5.2
7.1
5.1
15.7
5
5.1
5
5.1
5
5
5
5.3
5
5
5
5
7
5
11.8
5.9
5
5
5
5.1
5
31
5
5
7.5
5
21.6
5
13.2
6.7
5
5.1
5.2
5
7.3
5
5
13.5
5
5
5
5
5
5.1
5
8.2
22.8
21.5
5
5.2
5
6.1
41.7
13
5
8.8
17.7
5.1
5
5
13.4
5
7
5
5
5.2
5
23.2
5.3
5
8
5.1
5
5.8
5
5
5.1
15.8
5
5.2
11.9
5
5
5.2
12
22.7
5.1
5
5.1
5
5
7.8
5
5.1
22.6
5.2
32.9
16.1
13.8
5
5.7
5
5
5
15.7
5.6
5
5
10.9
5
5
5
13.1
5
5
5
5.9
5
5.3
13.3
11.6
5
5.1
23
11.5
5.2
30.9
5
5
14.7
23
5
5.2
15
7.9
5.1
9.6
8.6
5.5
11.1
5
44
5.1
20.2
5
5
13.8
5
35.1
20.2
5.6
5
5
5
5
5
5
5
7.3
10.5
42.1
12.5
5
5
8.3
15.2
22.3
5
5.3
5.3
5
19.2
5
5.1
5
5
5.5
5
7.9
5
25.1
9.4
5
5
8.2
16.7
5
15
5
5.2
7.5
11.9
6.8
17.8
5.5
5
5
5.1
9.2
18.6
15.8
5
9.1
11.7
5.1
5
8.7
16.2
5.1
7.1
8.2
14.7
12.7
13.8
5.1
5.3
5.1
7.3
8.1
5
9.8
5
8.9
5
17.5
5
5.3
5
6.8
26.9
5.3
5
5
5
15.3
5.1
5.2
5.3
13.2
14.1
16.1
5
5
5
18.1
12.9
5
5.7
47.1
13.6
8.2
5
9.9
5
5.1
13.6
6.9
5
10.9
5.3
5
5
5
6.5
14.6
8.3
5
5
5.8
5.9
18.6
25
18.9
6.4
5
5
30.8
25.2
17.4
6.7
5
11.3
5
9.3
13.7
18.6
5.6
13.1
5
5
5.1
7.1
5
5
5
5
5
16.6
5
5.1
17.1
10
16.5
13.4
5
5.1
5.9
5.1
6.9
31.8
7.9
5
13.9
5
5.1
13.7
7.4
5
5
18.5
11.1
10.9
7.7
5.3
5
5
5
5
5
5
5
5
5
5
7.8
8.7
5.3
5.1
5
12.8
5
5
6.3
8.7
5.4
5
5
14
5
5
24.1
5
5
5.5
5.1
5.1
5
12.8
5
5.1
5.3
16
8.5
5
5.1
5
10.6
11.2
5
10.2
6.1
5.2
5
5
14.1
29.8
5.7
9
5
5
5.3
5
44.3
25
5
5
8.2
5
13.9
16.5
5
8.1
5.1
5
5
5.2
5
5.1
5
25
5.1
5.1
5.2
5
5.3
11.1
5.1
5
16.3
23.9
5
7.6
5
10.4
5.1
7.9
7.4
5
14.2
5
9.3
5
5
5.1
10
5
16.2
5.1
14.9
18.8
5.1
30.2
5
5.5
13.2
5
9.2
21.3
5
5
26.3
5
5.1
28.5
5.1
5.1
16.3
7.9
5
5.8
12.1
21.4
20.9
7.5
5.4
22.1
5
10.6
5
5
26.4
25.8
5
5
15.1
5
5
5.1
13.3
5.1
17.5
5
6.3
5.2
13.7
5
5.2
5.1
8.9
5.1
5
5.2
5.3
10.6
5
40.8
8
5.1
9.8
5
5
5
5.1
5.1
20.8
7
20.5
5
5
5
7.8
6.8
5
26.2
5
14.3
5
5.2
60
7.9
5
5.1
8.8
5
5
7.8
5.1
5.3
5
5.3
5
5
15.6
5
7.5
12.7
5.2
5
5
14.8
8.5
15.4
16.1
10.4
5.3
19.5
8.3
7.6
22.3
10.3
5
9.1
10.1
9.3
5
12.1
5.6
5
5
5
5
5
24
5
5.1
5.5
17.2
5
5
5
5
5
5
5
5
5
5
14.2
5
5
