10876 34740
24.47
16.13
11.45
17.51
10.86
14.07
17
10.98
16.22
19.15
19.07
11.27
16.84
13.07
23.27
14.85
9.59
15.48
12.76
22.09
22.26
15.12
10.49
17.65
10.38
18.72
15.63
10.61
10.33
9.54
9.83
12.35
15.15
13.96
13.27
10.39
15.26
15.07
16.17
14
11.3
17.08
26
19.11
11.93
14.72
20.45
17.52
8.46
20.26
12.03
13.67
18.44
11.27
14.09
21.52
9.29
15
15.19
11.78
19.39
18.8
18.44
17.14
11.59
17.15
14.22
9.24
20.8
9.58
24.53
13.31
14.97
12.81
17.24
13.74
11.69
11.45
12.89
18.85
14.49
11.32
12.43
17.41
14.39
13.33
21.59
16.95
13.56
13.1
13.56
14.69
9.21
16.8
12.13
11.49
16.46
20.28
10.63
18.46
20.82
19.03
13.48
10.52
14.8
20.2
15.5
10.54
8.99
20.73
13.56
14.16
18.34
11.77
14.29
14.41
13.08
14.27
19.06
16.04
25.5
13.16
11.93
12.46
10.49
22.29
20.46
22.82
20.57
25.17
15.08
19.55
13.13
11.96
19.15
16.49
16.95
16.52
14.89
12.95
19.54
23.99
16.42
16.22
12.87
23.45
17.81
17.42
15.14
17.35
14.08
19.84
18.35
14.72
15.86
16.45
16.85
13.76
11.48
12.72
15.2
21.71
15.07
14.31
19.66
15.08
13.92
11.82
17.96
10.85
15.87
14.92
14.65
13.63
10.05
8.93
14.32
16.8
18.83
17.53
16.43
21.8
12.86
22.07
15.06
15.15
14.69
14.87
17.01
26.41
18.42
17.33
14.37
17.04
19.95
14.76
11.8
14.55
14.33
20.6
16.06
15.75
13.23
15.51
9.83
10
18.62
11.97
16.66
19.11
13.12
15.47
11.1
15.9
17.43
13.22
13.37
10.61
16.7
8.45
13.98
11.83
15.47
21.77
14.37
11.43
16.63
10.5
13.86
10.63
14.9
13.25
14.35
13.65
14.56
12.49
17.12
10.58
9.73
15.14
10.43
11.14
9.92
13.02
18.91
21.87
18.38
19.72
17.5
16.08
13.81
14.67
15.18
9.91
16.07
14.73
12.95
13.89
17.16
14.3
15.31
15.77
19.87
9.42
14.87
8.88
19.41
21.03
20.56
19.85
19.01
21.34
24.23
14.38
12.35
16.48
18.69
9.71
18.66
19.38
18.23
16.93
10.44
15.65
19.05
21.25
12.7
20.42
16.61
23.14
18.64
18.53
18.28
19.13
16.53
18.4
12.67
20.49
19.05
11.28
9.68
17.78
14.35
24.45
15.94
15.76
15.56
14.93
10.97
20.33
21.52
20.5
17.02
19.75
16.84
11.82
10.62
16.51
20.17
19.29
10.51
9.98
15.63
16.61
13.82
12.66
14.84
18.11
22.69
17.27
8.28
28.62
12.12
10.24
12.67
13.17
11.94
9.52
17.81
15.28
19.29
10.09
11.83
14.59
10.78
15.9
23.71
13.63
12.47
12.62
17.18
15.76
15.56
9.24
15.12
16.24
14.09
11.71
13.27
10.49
10.57
18.95
9.64
15.9
15.96
16.49
13.88
16.67
12.19
15.74
15.25
11.45
12.79
14.34
11.57
9.16
9.74
12.01
15.17
19.24
11.96
12.06
21.23
20.55
10.4
28.09
18.32
24.96
18.53
14.85
14.56
19.27
21.36
17.36
19.22
18.33
23.22
17.1
13.77
17.29
9.36
17.66
15.42
19.31
9
12.07
19.7
22.39
17.42
18.73
8.95
11.9
17.27
15.4
14.99
14.09
10.95
15.45
15.94
12.14
25.74
11.9
14.18
10.49
16.92
15.67
15.11
12.6
13.66
11.32
10.77
14.78
16.78
10.13
17.96
13.86
17.71
10.6
16.14
13.89
15.2
12.96
13.96
13.83
16.27
17.14
15.59
14.63
11.53
14.55
19.03
14.24
22.11
11.25
15.88
17.83
17.59
13.37
23.65
14.79
15.71
12.74
22.19
15.78
14.01
12.53
11.92
9.2
12.63
14.51
18.71
13.96
10.17
13.03
16.63
15.87
16.49
16.98
15.26
19.82
13.31
17.58
17.37
11.33
21.43
13.45
21.59
15.46
15.57
18.79
29.46
13.31
16.69
19.2
16.93
15.49
12.43
16.4
15.72
12.65
15.45
19.41
16.88
9.81
14.67
14.82
20.72
15.59
22.72
24.3
16.66
10.04
11.66
12.44
18.05
9.97
20.66
14.49
10.1
15.89
9.44
18.51
18.69
13.78
10.63
19.35
13.81
12.46
18.49
16.02
19.22
9.34
11.48
9.2
14.84
8.92
12.4
21.28
21.34
9.73
12.73
11.89
17.68
19.57
17.52
17.28
18.82
14.79
14.02
12.94
14.71
16.61
12.35
11.95
16.28
11.99
18
13.9
10.11
13.77
14.55
17.81
17.6
11.18
11.35
20.73
17.7
19.18
20.19
15.45
29.84
17.95
15.99
14.18
16.06
17.45
17.01
20.34
9.67
21.61
15.56
14.98
16.15
14.42
9.92
10.32
12.67
22.75
17.68
15.75
20.21
10.02
21.34
13.67
10.65
19.71
10.98
15.03
12.53
17.63
17.57
11.99
17.74
15.43
14.87
8.72
14.44
17.88
15.32
15.32
20.32
20.57
8.8
9.82
12.57
9.83
15.58
9.48
19.81
16.34
10.61
8.74
15.96
13.66
19.37
23.06
10.03
14.52
16.52
14.22
11.94
14.33
11.94
11.24
8.98
15.45
12.44
18.48
19.49
25.84
12.04
12.17
21.25
14
9.14
11.69
10.16
8.46
14.33
14.98
11.08
13.21
16.67
12.79
23.58
14.22
13.78
17.98
19.81
16.19
14.34
12.92
13.55
17.01
18.81
12.75
14.02
23.94
17.84
16.48
17.81
14.76
9.74
10.37
15.31
16.3
14.22
15.63
14.63
14.84
15.13
16.61
15.81
15.28
16.48
13.7
17.35
21.59
18.25
13.3
14.1
12.05
20.65
15.55
14.4
16.09
19.5
11.17
15.43
11.35
10.04
20.47
23.43
13.35
13.05
13.86
22.36
9.31
14.15
10.01
13.42
17.28
15.06
14.64
12.76
9.44
13.41
17.8
17.06
9.12
19.81
12.75
19.17
19.05
15.13
17.3
14.3
17.54
20.44
11.53
13.71
22.43
15.63
17.65
9.74
8.8
9.57
16.06
13.06
19.95
8.82
10.7
15.3
12.89
8.86
17.25
11.25
20.56
14.69
16.06
16.21
20.23
11.15
15.16
9.93
9.91
14.28
17.71
9.5
21.16
19.23
17.6
13.07
14.7
11.09
22.5
11.76
20.07
14.92
15.8
19.14
11.2
13.9
26.54
11.02
20.74
16.58
15.88
19
14.9
22.82
19.36
18.9
18.44
16.83
14.83
16.26
9.32
18.89
12.96
12.46
20.12
18.6
22.29
18.82
14.37
24.17
16.85
17.59
16.36
9.91
17.29
22.71
18.74
12.87
14.31
16.88
10.24
12.73
21.46
19.04
13.47
8.56
14.27
9.86
15.99
17.19
12.82
16.21
16.44
18.05
15.27
18.89
28.26
10.04
17.34
13.52
16.67
12.79
15.36
21.21
19.21
14.42
13.02
12.16
18.96
14.37
13.4
12.84
15.38
15.41
15.31
12.13
11.18
9.73
13.45
15.61
14.99
16.9
18.65
15.03
18.11
11.38
13.81
17.4
16.65
11.03
18
10.73
9.6
9.71
15.31
12.46
9.42
10.59
22.81
19.76
13.76
12.52
17.22
18.54
13.25
23.55
13.46
16.21
9.55
11.64
15.11
17.07
9.74
17.67
10.98
17.04
11.23
17.11
15.18
12
12.59
12.69
10.53
15.73
10.49
15.74
22.67
18.93
18.17
18.01
9.39
12.52
13.38
12.39
17.58
18.4
9.42
12.09
14.15
13.29
12.37
21.07
13.39
12.68
16.73
11.79
17.04
11.76
17.57
12.69
19.89
16.96
17.15
12.08
13.43
16.92
16.91
15.42
11.21
11.46
12.76
9.03
9.36
20.53
14.65
12.89
15.68
26.87
15.44
8.99
15.69
15.16
16.11
11.96
14.39
22.07
19.32
11.66
23.62
20.06
20.49
19.35
13.71
9.6
20.62
14.37
16.52
14.26
15.18
8.87
14.88
15.07
19.89
16.14
18.51
12.24
21.02
19.11
13.93
15.29
18.98
17.19
11.59
20.52
14.43
16.72
11.71
11.94
13.44
18.26
16.13
25.62
18.05
22.13
9.13
9.62
10.84
12.69
13.91
19.47
17.52
22.32
15.83
18.36
10.98
11.83
20.16
10.91
17.33
14.8
17.5
19.98
11.43
10.3
17.77
8.81
14.41
18.88
16.39
9.65
13.28
10.68
14.64
13.41
13.93
17.33
12.94
17.85
17.75
19.82
18.96
18.18
18.18
19.09
15.21
11.69
17.98
13.46
13.18
20.07
17.53
9.97
15.33
21.88
13.04
23.26
19.52
15.01
15.85
13.01
24.09
15.03
19.26
27.34
13.63
13.63
16.05
15.35
18.63
13.5
13.34
9.01
16.68
18.28
19.13
13.35
12.74
18.65
14.14
17.87
17.59
20.39
16.7
11.97
17.31
13.23
17.02
19.37
19.16
17.53
10.53
17.3
16.45
11.88
15.77
9.34
9.28
12.36
17.88
12.58
15.08
21.41
14.42
15.87
11.15
10.98
15.46
18.16
12.13
13.39
11.91
13.46
13.41
17.45
11.93
21.6
12.93
12.65
11.11
8.46
21.49
11.53
24.21
10.17
11.56
14.37
22.34
17.76
19.48
18.88
18.56
16
10.71
15.25
13.99
11.87
13.21
12.48
17.73
8.85
19.44
10.71
13.75
16.34
15.85
17.62
20.99
12.73
23.88
19.69
15.92
15.18
10.6
20.32
19.32
16.39
12.08
18.25
13.73
15.41
8.8
15.52
12.32
12.64
17.13
9.43
17.84
9.92
13.97
18.49
26.29
17.38
14.27
13.54
11.98
10.34
8.8
13.01
15.44
14.33
16.05
10.08
11.2
11.93
17.8
23.61
17.84
13.97
14.13
11.06
18.68
19.21
10.75
16.48
19.91
16.55
20.3
13.24
13.65
20.06
12.25
13.55
17.85
13.63
16.47
15.59
18.12
12.46
9.44
13.67
11.74
18.45
13.17
14.28
12.71
10.01
17.9
13.29
16.69
16.83
14.81
9.54
15.82
18.15
15.69
12.16
11.13
16.52
19.26
15.21
18.88
13.44
10.09
10.66
15.2
12.5
13.35
12.81
17.77
14.42
12.42
17.09
18.15
10.19
17.5
17.98
10.16
17.22
12.64
19.88
15.2
13.38
16.48
17.04
16.23
13.98
9.67
8.94
11.12
17.18
9.44
11.47
10.51
18.62
14.42
15.84
21.09
17.12
13.47
10.82
8.8
15.86
10.56
22.08
13.1
17.46
13.81
16.51
14.41
9.46
18.38
10.54
10.62
13.22
13.82
22.19
22.8
14.64
17.55
15.24
14.8
12.74
13.14
19.07
15.56
20.28
14.14
23.09
14.32
12.79
12.78
16.76
11.96
12.03
14.1
20.14
14.16
15.45
16.26
8.68
10.88
11.47
13.12
13.19
14.16
14.05
20.68
15.87
15.5
10.03
13.12
11.04
15.66
12.5
13.42
17.61
11.16
14.3
11.38
20.58
14.28
24.96
11.73
20.42
14.83
12.72
12.7
15.63
17.52
15.7
13.92
11.73
14.75
20.01
16.1
21.81
11.97
22.01
23.28
11.61
13.31
10.15
13.13
14.15
11.91
16.27
12.99
13.16
12.6
16.88
11.4
11.08
17.3
14.41
15.43
13.41
10.82
11.35
18.6
17.04
12.82
17.35
13.58
15.45
14.52
8.4
17.66
12.44
11.35
17.15
14.41
16.7
13.04
13.07
8.98
12.67
13.94
16.19
16.57
10.24
15.43
20.03
9.34
11.89
16.27
10.77
13.13
23.57
9.34
8.89
16.47
12.57
10.9
20.54
13.74
12.45
17.17
10.04
12.13
17.34
16.29
9.9
13.76
11.44
13.97
18.39
12.31
13.68
12.23
10.8
10.33
21.23
16.07
8.98
17.35
11.78
11.68
15.41
16.56
12.4
17.1
20.87
12.19
16.12
10.59
15.42
14.2
21.54
15.81
18.35
19.15
18.74
10.67
16.78
16.68
15.49
18.04
14.8
13.21
14.06
13.5
12.73
13.89
17.63
11.99
17
9.5
12.47
11.35
12.72
16.14
14.72
17.33
12.83
10.06
21.7
18.08
12.52
22.73
13.88
15.48
27.52
27.46
9.74
11.23
15.45
18.83
16.96
12.71
16.35
9.05
12.2
15.36
10.94
17.18
18.95
20.17
19.46
11.56
8.94
16.02
16.97
22.08
17.82
18.8
15.71
10.59
19.77
15.21
20.97
16.3
18.4
15.92
16.16
14.02
16.5
15.62
12.7
18.37
14.91
14.34
20.36
25.2
15.49
10.22
15.9
14.04
17.24
17.32
20.03
17.05
9.03
15.06
11.02
15.37
17.58
22.69
14.59
14.7
9.36
10.92
18.09
20.93
10.49
18.38
18.04
22.44
17.98
17.54
12.71
19.43
10.14
13.07
10.16
22.88
23.66
11.29
14.18
12.83
17.99
15.49
14.36
13.38
9.62
12.16
15.15
10.09
11.21
13.98
12.08
20.73
16.93
18.5
15.24
8.16
12.56
13.97
18.07
16.95
25.03
12.12
10.48
18.99
16.6
16.04
15.87
15.82
15.56
12.68
20.12
13.49
22.48
9.76
17.77
16.59
8.88
21.67
17.5
24.18
12.92
12.48
14.97
19.09
16.95
18.99
10.58
17.52
14.48
19.11
16.44
16.87
19.44
16.38
20.43
14.11
13.24
12.29
18.45
14.06
15.38
12.57
10.05
12.18
11.81
18.36
22.01
15.13
16.31
17.02
15.4
16.05
9.21
10.93
12.7
11.2
13.7
9.9
11.72
10.75
10.01
10.77
13.77
9.92
14.34
11.19
21.66
13.2
18.45
8.84
17.64
15.61
14.93
17.58
25.27
12.05
10.71
11.13
16.37
16.23
13.86
11.23
18.06
20.28
11.9
16.97
17.8
15.18
11.36
20.14
15.84
10.87
9.87
16.14
17.24
19.15
17.71
12.86
20.15
18.07
17.32
10.97
12.11
14.28
16.54
11.13
10.53
10.34
17.24
18.73
13.24
13.48
16.54
14.34
14.64
13.51
9.86
15.39
13.08
11.65
17.27
20.16
17.98
14.33
10.19
11.03
11.5
22.36
18.67
9.79
11.33
14.57
11.33
13.73
11.54
16.12
21.5
17.9
18.36
15.67
8.7
17.48
9.68
14.83
21.59
14.45
16.17
19.67
16.09
9.87
10.69
10.93
20
11.06
10.11
11.76
10.17
10.05
11.24
22.48
15.7
15.43
10.73
14.57
14.12
11.5
13.38
11.19
11.74
14.13
10.54
13.12
11.21
19.83
16.1
16.29
27.6
10.15
17.95
21.39
16.43
16.38
15.79
12.04
15.87
18.45
18.83
9.06
10.09
16.66
18.22
10.22
8.95
14.26
21.24
9.85
18.13
20.75
9.09
11.31
17.34
15.39
14.37
12.44
16.01
10.85
12.44
16.18
9.26
13.73
20.06
15.59
14.98
10.44
18.01
14.25
14.5
13.09
11.89
14.99
14.1
11.14
17.37
20.49
11.86
17.06
21.41
14.16
13.8
10.35
9.48
10.81
14.71
13.74
11
11.71
17.05
13.57
11.87
15.69
12.22
12.02
14.61
11.69
16
11.49
15.03
9.23
14.82
12.24
11.83
35.62
17.86
13.52
18.16
12.73
17.42
12.67
19.77
19.23
15.88
16.3
18.75
18.72
14.71
15.02
14.38
11.81
12.69
10.94
13.19
23.23
14.11
18.32
17.18
11.67
15.1
9.89
15.57
12.62
12.91
16.53
15.03
9.88
13.23
15.57
10.71
16.21
13.64
17.92
16.81
12.78
14.34
11.28
13.34
19.51
21.96
15.03
17.97
10.23
14.76
21.88
12.78
12.73
12.79
16.49
11
19.46
12.44
13.87
14.08
10.2
16.8
17.36
15.09
18.29
17.39
14.85
17.48
18
13.13
12.76
20.06
14.21
12.88
11.62
19.25
16.54
9.89
14.66
15.51
18.57
13.39
11.32
20.28
14.07
23.65
21.09
16.3
20.42
12.7
14.43
11.09
18.27
16.47
17.42
16.53
10.69
12.55
15.63
20.52
10.68
17.82
11.05
10.22
12.99
15.66
18.95
9.55
16.74
11.95
18.53
9.61
18.33
16.92
12.76
11.97
12.42
13.45
17.93
20.49
14.78
9.87
16.88
9.28
8.7
10.46
16.55
10.82
9.84
17.18
18.14
14.48
15.34
12.85
12.82
12.93
9.75
14.19
8.71
13.9
17.94
16.91
20.73
14.76
14.16
12.19
11.59
11.38
10.36
14.54
9.26
17.47
17.62
18.38
13.48
15.44
8.81
12.72
13.83
19.71
17.89
13.68
19.1
11.96
17.32
12.07
18.82
15.7
20.39
12.26
22.48
11.15
9.73
18.06
14.02
15
19.83
11.75
12.61
12.95
18.92
16.86
9.7
18.6
26.76
14.24
15.75
23.61
12.67
13.14
11.73
16.3
12
18.75
12.6
17.75
15.33
18.46
8.68
12.07
11.69
15.84
11.62
14.52
10.63
20.28
10.59
22.73
12.65
15.95
14.25
9.02
14.2
14.08
11.8
13.25
16.43
12.25
9.41
14.95
11.92
15.52
16.6
13.89
11.56
17.57
14.61
10.75
17.28
9.9
17.74
11.65
15.08
15.14
19.2
16.14
14.53
13.31
9.44
15.93
14.12
14.11
16.47
14.48
13.81
13.76
20.55
15.14
10.95
18.76
30.54
11.09
9.55
18.93
10.94
18.66
25.42
15.7
18.12
14.67
14.54
13.37
14.47
12.03
19.2
16.02
16.74
11.64
17.47
14.03
16.6
11.17
13.18
19.57
9.17
17.15
15.3
12.64
16.85
10.73
12.15
12.96
14.1
11.75
18.36
12.37
12.48
16.22
12.57
20.93
13.52
19.62
16.46
10.73
14.97
15.74
13.09
20.63
10.86
19.11
16
20.97
9.75
15.08
16.05
12.04
14.66
18.21
21.12
14.36
10.58
17.64
11.3
20.4
22.58
11.03
19.9
16.06
12.11
16.28
15.81
11.87
16.64
13.89
13.68
11.95
16.55
11.72
10.4
18.32
20.57
16.24
13.59
12.54
20.85
17.32
23.56
18.77
14.85
13.91
13.8
17.12
15.66
15.59
9.51
10.38
9.78
21.65
10.91
18.7
14.96
13.27
12.8
16.09
16.47
16.9
12
9.39
17.96
10.15
10.08
14.2
20.33
12.91
13.34
20.67
20.53
23.58
16.07
16.21
15.49
18.45
17.31
10.86
15.55
15.43
9.99
10.96
12.09
11.64
14.12
13.29
11.38
10.19
20.69
15.69
14.63
17.73
14.87
14.58
9.15
20.58
20.51
13.33
10.98
18.04
14.17
14
15.63
18.8
14.52
14.09
15.28
10.06
9.33
17.84
17.13
15.77
10.44
11.61
8.46
25.69
14.27
12
16.07
21.7
13.45
10.52
16.85
10.13
10.77
19.77
10.45
11.73
8.79
14.03
10.53
15.24
9.29
16.97
17.34
12.86
9.67
17.51
18.41
15.42
10.43
16.4
15.84
15.03
15.21
15.8
12.56
10.17
15.85
16.11
11.39
13.51
14.34
9.39
11.78
10.97
11.14
12.33
13.29
14.31
11.03
14.91
17.3
14.71
10.4
29.97
13.79
15.49
15.87
14.66
18.21
13.71
9.81
16.89
15.4
15.25
25.16
9.82
16.23
19.2
10.33
13.04
19
18.33
9.12
11.96
17.97
15.35
13.3
17.31
16.32
22.27
19.03
18.47
14.89
21.68
14.69
15.07
8.74
12.21
20.08
11.77
13.02
23.45
16.22
19.36
14.95
10.04
23.72
14.23
19.76
27.34
12.87
11.35
10.68
16.49
15.91
12.19
21.84
10.44
15.6
15.42
14.66
17.29
20.25
18.93
15.39
14.65
13.15
20.42
13.64
23.42
12.8
12.85
13.94
12.55
14.85
10.29
12.7
14
14.63
10.06
21.42
11.11
9.94
11.3
14.67
14.17
19.35
17.75
14.95
22.65
12.83
11.21
9.21
17.19
12.92
11.53
18.13
10.01
12.84
22.38
13.73
13.59
15.47
15.06
12.67
10.93
13.73
13.48
10.53
17.53
15.56
12.92
16.05
19.51
21.67
17.58
17.81
9.03
13.68
14.76
13.18
17.58
14.46
15.97
19.78
10.84
11.7
20.37
15.89
11.78
14.1
13.32
12.77
19.43
11.63
16.75
15.12
17.82
14.77
14.72
23.13
10.86
10.09
15.81
11.19
17.14
11.64
20.78
14.85
14.41
18.26
11.81
18.51
15.32
9.69
11.81
14.05
9.65
16.07
20.61
14.23
13.56
13.81
13.6
11.15
10.47
17.88
12.91
9.04
10.97
15.14
17.28
12.36
24.66
17.43
13
18.35
9.49
13.97
10.88
18.74
17.15
21.22
21.47
13.61
12.19
12.01
13.71
18.22
13.48
17.35
19.16
15.51
12.15
19.75
14.86
12.06
21.08
12.89
11.06
20.17
16.6
12.01
19.51
10.02
15.77
15.99
12.35
16.35
10.07
19.73
12.19
19.52
20.1
19.6
17.28
11.03
13.64
11.97
12.47
9.91
23.39
14.13
9.61
12.72
13.81
10.42
13.49
10.49
10.63
15.12
17.27
12.24
8.84
14.2
9.25
14.63
11.56
17.92
15.73
17.78
17.02
12.09
14.79
19.08
10.85
13.98
13.77
12.93
13.97
22.24
15.01
10.84
21.31
14.67
10.18
11.07
13.65
18.79
12.83
12.59
11.78
21.61
13.35
10.27
12.21
23.52
19.84
13.62
13.87
15.03
23.38
13.82
16.15
9.31
17.29
14.49
18.82
12.88
11.28
15.21
13.55
21.67
11.3
11.69
24.49
12.57
24.06
14.38
12.35
16.2
11.77
12.61
18.5
16.55
10.89
18.3
8.98
12.62
14.77
11.72
11.02
19.45
17.16
15.31
17.87
15.08
20.57
19.34
13.7
13.16
9.96
8.47
11.01
16.28
22.78
13.1
15.75
18.34
13.96
13.26
18.49
11.2
15.37
15.99
9.78
14.81
12.64
16.19
9.93
15.13
18.47
20.7
14.14
10.15
11.36
12.98
12.33
17.55
20.29
16.44
21.01
16.34
11.54
15.88
14.28
17.98
16.35
16.86
12.77
13.3
16.5
11
23.75
16.76
20.7
19.14
19.71
14.51
23.14
17.97
14.84
13.35
10.31
8.77
37.04
14.18
12.27
18.85
14.65
13.58
15.71
23.4
10.95
18.95
13.36
11.81
10.14
20.28
8.69
9.65
15.39
18.04
9.66
13.26
19.85
17.05
22.34
20.83
16.2
10.02
13.23
10.24
16.69
11.66
20.22
14.04
10.92
11.58
11.03
10.63
9.66
9.92
12.18
13.84
17.1
16.5
10.52
16.55
15.15
14.36
14.44
17.23
9.21
16.21
9.21
18.1
20.11
17.75
13.7
13.76
19.67
18.09
17.53
11.87
14.5
14.94
16.46
11.61
10.3
11.97
14.45
16.73
15.96
18.56
17.27
13.95
12.89
10.87
14.82
17.09
12.43
15.74
18.58
12.09
17.2
10.96
10.54
15.1
16.83
18.16
11.14
15.98
17.79
19.6
15.32
21.51
18.9
9.33
13.46
26.32
22.39
14.28
15.4
16.04
12.87
14.43
14.34
14.09
19.7
13.78
13.84
16.6
14.67
19.63
10.52
10.4
11.49
14.19
13.29
13.75
14.5
13.83
12.95
13.12
12.44
12.89
10.08
11.6
11.99
12.71
14.59
10.2
13.45
12.88
16.22
15.49
14.05
15.76
10.88
14.56
15.47
9.56
11.91
19.98
18.86
11.82
12.53
11.66
14.67
14.98
13.36
17.2
17.31
11.49
19.5
16.26
15.91
14.05
14.38
10.66
15.67
10.27
22.45
13.62
13.02
11.32
9.95
17.15
10.54
17.22
17.9
11.94
15.07
9.36
16.78
10.79
18.05
11.75
14.57
14.08
8.97
17.4
20.13
16.09
14.06
10.8
9.88
10.56
14.54
12.92
15.17
15.8
11.14
18.9
16.45
21.8
17.6
20.69
18.06
15.99
14.33
23.71
12.61
16.03
18
13.19
14.75
14.04
11.76
10.12
19.43
9.22
17.66
9.85
12.51
16.85
16.2
17.84
13.75
10.21
10.99
15.54
10.07
11.78
14.61
13.2
14.26
11.4
10.41
15.01
13.05
11.62
11.09
11.6
12.96
21.54
15.58
21.33
17.57
14.89
9.14
12.88
11.6
8.99
15.29
8.74
14.02
19.46
15.57
17.57
16.18
10.57
23.53
10.24
20.14
17.89
13
12.82
17.48
19.44
15.11
9.55
10.82
16.77
9.39
19.44
11.13
14.81
16.58
16.24
17.9
21.97
20.32
9.7
12.3
12.55
18.35
8.74
11.39
17.59
14.97
9.97
11.14
10.11
11.11
19.23
19.98
13.32
14.47
8.34
17.35
18.58
11.26
10.16
15.13
16.7
14.31
24.91
20.25
9.82
20.11
20.92
10.01
15.3
13.55
12.58
17.36
10.32
25.03
14.62
17.3
20.27
9.09
9.19
23.54
13.67
12.14
21.09
15.37
9.66
14.7
13.27
11.68
17.91
10.46
16.28
13.21
13.98
13.79
11.94
14.08
17.2
18.12
17.39
22.21
14.31
13.62
23.69
14.15
15.44
15.38
12.14
12.38
8.96
12.02
14.43
9.96
18.96
17.98
13.4
11.1
8.72
11.54
14.1
15.21
16.34
11.19
13.04
17.81
22.63
12.24
15.61
15.46
23.66
11.77
12.61
15.73
17.52
17.5
16.47
13.5
16.52
14.1
14.63
9.5
8.43
16.07
14.05
17.95
15.13
19.38
14.59
11.53
14.55
15.79
9.46
14.83
25.31
18.84
16.72
14.17
16.82
15.16
15.6
12.68
8.79
17.27
12.47
13.48
16.93
15.94
15.09
9.37
16.22
16.23
15.76
15.38
18.37
11
13.72
16.81
11.03
13.75
9.25
19.46
10.13
19.63
18.66
10.54
10.12
10.58
18.54
14.05
18.66
9.85
13.98
10.61
15.46
15.7
16.7
11.53
14.36
13.33
14.48
18.04
16.71
15.83
17.32
12.63
17.12
25.29
9.3
21.96
21.35
10.57
23.66
16.2
10.89
10.08
20.02
12.28
13.73
10.68
16.25
12.39
10.75
9.68
19.93
18.9
19.29
12.25
9.44
18.42
26.33
13.09
16.31
14.62
18.94
13.76
13.6
13.2
19.17
9.99
11.45
17.84
14.19
19.3
20.46
22.45
9.38
12.1
17.16
11.53
16.9
11.73
14.61
13.99
19.84
16.7
17.8
9.79
11.62
15.9
12.42
14.68
17.15
16.53
12.11
14.86
21.85
23.89
12.46
16.32
11.91
9.53
17.64
14
22.57
11.42
10.91
15.11
14.69
15.92
11.13
8.93
12.56
12.67
13.53
10.04
15.12
14.81
14.38
12.53
13.87
11.72
15.45
18.46
19.03
18.28
9.72
23.31
10.76
13.86
11.3
10.14
12.96
13.96
15.94
13.85
14.92
18.17
12.33
10.87
16.61
10.19
11.02
9.49
15.17
11.47
16.4
11.75
18.14
13.28
13.54
9.94
15.53
13
15.23
16.89
10.3
16.32
11.73
9.53
12.65
13.82
14.23
15.62
8.93
10.06
8.8
14.2
13.83
12.97
16.84
14.43
12.71
16.29
13.54
13.89
18.64
14.25
8.61
10.93
12.56
8.54
14.92
15.25
14.32
15.91
17.43
16.28
14.74
17.7
10.11
18.28
14.25
13.78
13.04
16.05
10.75
18.39
8.83
12.97
12.61
17.96
10.95
9.69
16.69
14.54
14.47
13.13
21.52
24.13
18.12
9.36
12.44
14.48
9.6
11.37
13.69
18.12
18.6
10.17
9.01
10.08
14.29
13.79
24.17
15.72
13.42
16.51
13.25
16.4
12.87
11.77
13.26
14.83
9.77
10.77
12.95
8.77
11.49
15.92
14.53
14.27
20.52
13.52
17.52
15.12
14.91
13.84
8.67
10.02
15.17
19.44
11.02
15.45
19.29
14.73
13.23
10.09
13.75
13.53
14.4
15.24
9.16
15.81
19.78
11.06
11.45
9.89
16.57
14.98
12.82
13.79
15.44
14.64
10.12
19.51
20.74
14.74
18.55
15.68
10.76
60.24
12.11
14.12
13.42
15.75
18.77
10.77
12.66
12.09
10.36
14.9
9.36
19.4
12.83
16.71
21.08
9.95
17.57
10.18
16
11.01
11.46
12.05
13.59
17.21
10.77
19.31
25.63
17.31
18.58
18.45
26.92
17.74
15.64
14.73
11.96
21.92
14.76
14.18
14.28
18.4
22.15
14.27
17.68
12.34
15.73
15.25
17.46
10.38
11.6
11.05
14.41
13.07
10.83
19.39
15.02
17.39
17.17
17.56
14.37
11
13.25
11.27
9.29
12.93
17.42
11.82
13.17
17.87
13.97
12.17
9.81
11.35
9.48
12.9
17.32
17.41
15.49
12.33
19.52
16.47
13.49
12.76
11.11
9.1
14.13
17.74
14.71
17.6
21.6
13.76
12.73
12.88
13.96
18.07
19.63
16.35
15.51
9.87
16.88
11.36
12.25
22.49
15.76
13.46
9.35
16.78
14.67
14.84
15.3
14.42
13.14
10.13
13.31
13.17
11.11
13.19
12.77
20.02
9.07
16.86
8.54
19
18.22
18.62
17.95
16.75
18.41
12.36
20.99
22.67
13.44
15.35
10.95
18.66
18.36
13.29
15.87
18.99
14.79
11.57
20.05
20.52
11.7
13.11
18.33
16.6
13.73
10.6
13.35
10.01
19.53
9.62
13.32
17.1
11.73
9.77
14.12
10.94
19.91
17.03
10.1
17.65
13.26
11.26
11.52
13.94
13.1
16.12
14.98
16.98
13.06
18.23
22.74
14.46
8.56
10.11
16.42
20.05
12.58
10.6
11.71
12.75
17.13
15.2
14.59
19.6
10.03
17.41
10.12
10.13
12.19
12.09
11.56
9.04
21.28
12.14
9.2
16.77
14.17
14.64
11.82
16.67
15.87
10.32
14.21
13.4
13.26
19.01
11.26
18.13
10.31
21.65
9.98
19.41
14.15
23.7
12.97
18.34
16.39
11.93
13.57
11.04
15.01
19.91
9.95
9.65
13.33
13.78
18.2
13.4
14.78
13.63
9.06
17.08
18.04
11.83
16.63
11.79
18.55
15.05
14.47
14.47
18.1
11.35
14.87
10.84
9.99
13.52
11.33
19.55
10.17
14.05
22.83
10.85
14.66
12.28
10.31
10.05
14.71
10.42
15.25
9.56
18.59
11.97
18.63
22.84
15.45
18.01
12.69
13.29
14.85
19.85
19.46
10.29
16.22
11.84
17.21
18.9
13.26
12.56
10.3
22.55
18.84
14.66
12.33
14.35
16.48
14.03
14.77
21.94
13.87
13.47
17.4
9.36
15.51
14.19
13.4
17.07
14.44
16.76
15.95
17.2
20.36
14.92
13.99
11.09
12.57
10.22
16.8
21.91
13.57
10.29
12.67
20.06
14.37
17.2
13.15
12.92
10.17
18.32
21.82
19.5
22.15
15.22
15.22
13.98
14.16
17.42
11.56
18.2
13.39
15.22
22.97
13.73
13.36
12.23
18.04
15.88
10.63
13.7
13.78
19.25
14.05
14.81
16.02
23.3
10.27
15.68
13.48
10.48
15.97
18.69
17.67
24.55
14.84
14.3
14.06
12.79
14.1
15.5
9.67
12.95
12.89
15.94
10.04
17.59
21.57
14.84
17.13
17.63
10.75
17.12
13.86
14.02
14.34
16.02
19.49
13.3
10.9
17.1
15.15
10.28
22.27
12.45
27.17
10.72
18
12.73
12.42
11.13
12.35
10.76
13.91
8.44
10.24
8.46
17.73
10.15
13.94
16.76
13.4
13.2
10.5
10.19
22.21
15.68
9.81
11.35
17.95
10.24
20.29
14.06
9.64
13.17
17.35
11.94
17.03
27.34
14.54
21.8
14.61
12.13
17.94
13.09
13.4
16.76
18.39
15.61
17.69
14.96
18.8
22.18
18.91
14.04
11.04
14.03
12.53
10.94
16.23
9.04
13.84
22.55
13.71
13.59
17.88
11.79
9.75
19.98
18.63
13.46
12.89
16.6
8.98
16.2
9.65
14.23
17.35
18.53
17.33
9.36
12.86
12.65
10.49
10.1
18.23
11.98
14.57
11.03
13.64
9.48
14.61
14.29
9.44
16.15
19.2
13.55
14.65
9.37
11
13.79
11
14.55
15.14
15.83
14.43
14.41
14.55
13.78
17.94
17.28
26.94
16.06
19.1
16.14
17.43
18.12
16.07
16.54
24.15
13.81
13.28
13.7
13.66
16.95
11.17
12.3
10.95
15.28
15.37
9.7
14
17.77
13.6
21.57
16.14
24.54
14.07
17.89
8.98
14.28
9.19
14.21
14.18
20.79
18.33
22.13
18.6
18.87
10.87
8.99
11.3
16.22
12.08
15.59
13.5
18.91
15.05
15.98
20.26
11.58
19.83
15
20.09
17.88
14.19
16.08
15.84
19.99
13.14
16.06
10.69
14.87
10.12
16.38
25.39
13.52
13.83
13.81
9.72
16.1
11.19
12.35
10.09
11.42
19.55
14.36
15.19
12.89
10.58
20.4
10.2
10.16
14.22
12.25
13.86
13.58
16.74
22.68
16.81
13.72
17.72
14.72
10.28
8.79
23.53
17.92
13.93
9.54
12.05
16.04
20.13
11.09
12.3
14.59
17.63
11.9
15.64
13.42
17.26
10.33
9.59
17.58
13.76
11.86
9.69
9.79
13.16
10.76
14.92
19.67
15.24
25.48
14.83
14.93
11.57
13.65
15.03
17.03
19.41
13.04
17.65
12.28
15
17.67
13.95
9.39
18.2
9.04
15.84
17.24
11.58
21.85
19.95
18.23
14.25
13.71
9.31
12.42
10.26
13.22
9.3
22.99
14.18
9.67
9.55
12.34
15.97
14.48
12.87
8.4
18.66
16.51
16.43
14.31
14.77
11.24
16.3
17.68
20.74
10.2
30.45
9.72
14.19
13.36
12.48
13.46
13.65
10.45
24.48
14.53
13.25
15.04
9.87
15.8
15.59
15.47
15.05
15.2
17.45
16.73
19.79
16.6
10.21
16.25
10.14
10.03
12.85
16.5
19.56
10.85
14.32
12.04
12.8
17.57
21.74
11.46
20.19
18
19.46
14.98
11.85
16.54
18.23
11.08
17.58
10.72
12.47
12.59
11.88
21.8
11.29
15.43
17.09
10.27
18.98
12.02
14.54
20.42
12.85
9.25
13.14
11.77
12.09
12.09
14.83
12.17
12.16
8.86
10.82
14.3
17.37
12.41
19.34
14.08
10.8
18.74
9.51
10.89
17.41
15.92
17.34
10.03
20.23
11.95
11.02
18.81
21.24
10.31
8.75
16.93
12.18
13.97
17.58
10.51
11.77
9.91
14.63
13.45
17.28
12.33
21.87
9.07
15.02
13.15
31.51
18.22
13.77
12.53
10.08
14.24
9.86
20.31
15.96
21.69
14.23
13.13
19
15.3
13.35
15.77
19.73
16.15
10.79
13.94
16.11
19.26
13.44
13.35
13.2
19.91
22.11
21.53
18.52
12.97
14.07
16.16
12.97
14.95
9.88
15.06
11.76
11.15
9.72
19.15
10.94
19.53
25.04
12.78
23.6
10.94
15.79
9.73
13.47
17.3
10.78
11.51
17.28
21.14
12.36
19.25
16.76
21.43
18.95
18.44
10.35
12.83
18.79
19.39
17.64
9.54
10.7
10.44
11.29
11.04
10.51
15.12
11.42
17.15
10.02
20.84
14.73
16.49
14.2
18.15
20.77
13.37
12.12
16.2
12.13
18.63
11.83
9.89
14.12
10.7
15.76
15.76
20.99
13.57
14.45
18.87
13.81
16.72
14.55
15.74
15.71
16.04
16.64
25.37
17.19
11
11.51
14.28
16.97
15.21
19.39
15.33
10.35
16.98
24.22
15.88
11.83
15.84
15.62
15.38
13.79
15.74
21.7
9.56
17.46
9.14
17.34
16.83
11.84
11.59
17.21
13.74
18.95
20.94
9.89
15.33
15.48
18
21.88
16.12
12.71
11.36
10.21
16.46
18.58
9.78
15.85
28.65
21.63
21.06
15.09
12.82
17.9
13.98
10.84
13.11
10.82
13.49
10.27
9.09
8.46
14.81
16.58
21.85
16.28
9.25
10.73
15.48
13.96
9.39
9.58
17
15.48
18.36
14.34
14.58
15.75
17.03
15.96
14.87
18.06
21.89
17.92
21.27
13.96
13.16
9.96
10.65
15.26
22.81
12.7
22.59
15.73
14.06
14.71
17.69
10.81
9.98
12.09
11.49
8.81
15.94
9.98
9.28
11.93
23.23
18.43
14.44
15.22
9.15
10.52
11.27
12.99
15.09
16.16
9.61
19.18
11.32
13.73
12.32
9.11
24.1
12.02
21.34
16.58
17.7
16.14
17.13
15.09
14.45
19.09
11.46
16.29
10.7
14.17
19.5
10.1
18.96
16.44
9.93
13.8
10.44
9.35
17.2
19.1
15.42
15.25
13.97
13.92
22
16.3
15.29
12.13
22.44
8.92
13.97
19.52
10
9.34
13.16
20.93
12.95
16.51
14.02
17.98
15.01
13.01
9.59
10.06
17.52
15.18
14.76
14.88
13.54
10.7
12.54
14.11
12.66
9.23
11.81
18.16
10.81
10.47
19.37
10.75
12.61
12.9
13.64
15.31
17.47
11.55
19.23
9.57
19.36
12.77
18.96
14.68
10.01
9.25
10.25
12.78
11.68
11.16
13.52
24.55
13.37
14.21
28.62
19.22
12.43
23.05
14
16.19
17.13
12.03
19.4
17.22
11.09
18.73
17.56
22.37
24.44
12.14
12.07
13.74
14.71
17.77
11.27
11.1
11.83
21.39
14.39
9.1
15.65
13.45
10.88
14.1
14.75
12.91
19.21
18.68
9.71
11.24
11.45
15.29
11.93
19.14
17.63
19.59
19.66
17.78
14.22
9.44
12.55
13.72
14.39
18.76
9.26
13.75
15.62
17.1
15.38
9.26
17.62
13.04
28.29
15.39
17.68
13.75
12.93
13.55
20.67
10.1
15.19
18.33
8.9
14.49
18.39
15.66
10
10.31
12.2
9.6
18.63
17.09
16.09
24.77
14.94
19.52
23.06
16.15
18.47
8.41
12.8
15.82
9.68
13.84
13.26
14.22
11.39
10.4
14.75
16.33
9.73
12.17
16.41
14.77
13.27
17.58
17.08
18.9
15.2
9.33
18.36
15.43
15.04
13.34
13.81
15.05
21.6
15.42
17.43
16.02
15.02
12.24
13.63
26.63
15.52
14.13
12.18
10.06
11.46
14
9.11
12.76
9.11
11.27
11.67
10.31
14.36
16.52
14.17
14.44
18.98
17.99
13.89
14.02
9
11.05
26.68
12.51
10.19
14.03
12.05
22.93
8.98
11.91
14.56
16.29
17.14
12.47
13.31
8.52
12.92
9.74
10.9
16.05
14.37
15.92
15.52
11.85
13.52
22.26
13.49
20.32
12.75
15.78
17.52
16.65
14.62
11.71
18.59
12.36
15.76
14.28
10.47
14.72
15.78
16.34
15.71
13.34
13.31
13.31
10.07
11.27
10.56
16.18
25.34
9.34
15.77
10.58
16.77
18.38
17.42
16.1
18.11
11.52
9.85
12.91
15.05
18.4
14.44
19.62
10.34
18.04
12.78
11.71
15.85
14.5
10.2
12.55
9.51
14.61
13.97
14.15
16.3
22.96
12.18
15.21
14.04
14.63
15.83
18.12
17.83
9.15
16.13
9.31
17.43
11.5
20.9
19.79
14.88
16.17
16.01
18.19
9.88
10.09
11.06
14.17
12.57
15.44
15.69
11.43
20.18
11.18
12.81
9.78
15.95
10.98
19.12
12.78
13.45
17.89
13.25
12.09
13.95
14
15.7
17.3
10.88
12.79
9.8
13.6
12
12.38
18.29
10.36
8.44
12.71
12.99
10.65
11.1
17.61
11.19
17.81
9.97
14.96
11.14
17.27
13.24
15.87
9.47
17.18
13.09
14.25
17.15
14.12
9.6
16.18
12.41
10.18
14.7
19.54
12.49
9.11
13.19
13.77
10.99
17.01
10.63
9.28
23.89
23.74
16.39
18.93
16.6
13.75
9.38
11.53
11.52
15.68
9.33
21.33
15.43
16.93
11.96
11.13
20
10.16
19.12
10.97
14.99
17.13
13.51
17.27
13.13
8.84
10.33
10.9
12.42
17.05
10.6
14.67
12
20.56
9.06
15.18
12.02
9.16
9.76
17.73
20.89
11.09
12.72
13.46
16.96
18.94
9.43
15.07
13.81
16.78
12.94
11.53
14.45
17.26
20.09
13.62
22.7
13.1
10.64
16.23
13.02
17.23
15.72
12.8
11.13
16.65
15.79
10.05
15.37
9.41
16.3
15.3
13.34
13.24
27.23
19.27
16.95
11.88
12.69
12.57
12.7
14.63
19.13
18.06
12.18
14.21
21.21
15.39
15.34
16.74
12.73
13.09
12.19
20.26
10.59
12.98
14.23
14.27
15.26
15.07
14.14
12.82
8.98
12.11
14
13.38
9.36
10.4
10.08
12.34
12.42
17.87
14.77
9.4
18.52
13.32
18.37
10.45
14.35
19.53
14.9
14.17
9.07
12.11
15.45
10.93
14.26
10.39
10.1
14.48
18.08
13.39
11.98
11.68
10.92
15
21.13
9.6
12.02
13.4
19.73
15.24
12.67
9.29
9.03
21.16
13.34
20.92
14.33
17.57
11.15
12.28
14.76
15.77
17.14
17.04
24.87
12.54
16.71
11.82
9.17
10.74
20.76
17.49
13.75
12.39
14.59
13.62
15.51
17.46
8.37
15.21
11.47
12.93
17.28
13.64
15.87
16.92
12.42
12.13
10.7
9.47
8.93
12.84
19.83
12.2
14.66
11.85
10.94
12.74
12.28
14.22
24.06
12.79
11.27
12.64
17.26
18.91
17.67
17.6
13.31
15.36
12.54
14.4
10.01
14.36
12.03
9.33
12.89
15.6
12.73
17.01
17.02
13.4
17.36
11.06
17.62
14.58
12.65
12.38
15.75
16.54
11.9
17.36
15.32
23.09
11.99
11.27
17.94
21.75
16.31
13.97
12.27
17.41
12.96
10.42
19.59
13.19
14.78
9.88
18.65
20.92
13.98
18.37
11.55
16.51
13.63
16.59
19.21
19.35
11.24
9.89
9.38
17.26
16.83
15.54
10.2
14.28
17.32
15.48
16.19
15.83
18.04
22.14
15.6
15.23
9.89
11.84
14.43
15.76
11.43
14.55
10.52
11.72
12.06
10.62
16.46
10.05
15.16
11.01
10.93
10.84
11.58
11.07
11.4
17.45
22.38
14.67
10.06
22.37
16.67
18.27
12.9
16.79
9.31
16.49
14.15
13.41
14.9
13.77
10.11
10.98
13.98
11.94
13.58
15.39
14.94
16
11.24
18.35
13.96
9.98
10.16
13.87
14.48
20.59
10.29
15.96
9.23
20.72
10.92
14.67
13.64
16.61
16.68
10.27
21.4
11.54
15.38
25.26
9.52
11.34
15.48
15.87
16.38
11.67
8.8
9.27
16.49
10.49
16.1
9.77
17.47
10.92
19.69
10.4
14.06
16.98
19.06
9.02
22.53
20.16
12.47
23.41
12.64
11.04
9.84
20.56
20.51
15.36
13.12
14.07
16.63
8.78
17.52
12.54
12.02
14.67
15.09
16.35
17.73
12.67
11.96
14.75
12.68
12.49
19.1
15.69
17.19
18.91
17.22
21.45
17.01
21.38
17.69
11.32
19.77
8.64
10.69
10.11
24.08
14.7
15.9
13.3
18.72
9.84
12.98
12.53
13.31
11.23
18.94
19.87
12.64
15.09
8.73
9.44
9.45
12.05
14.22
14.43
14.49
22.13
17.73
19.68
9.78
9.92
15.62
10.24
17.06
11.53
9.31
9.57
17.09
10.31
10.58
12.6
13.06
12.4
14.05
11.82
16.08
17.72
16.07
20.73
18.09
17.67
13.85
20.01
15.39
12.38
11.86
18.54
14.14
9.48
12.28
9.48
18.01
21.16
19.44
14.2
11.95
11.3
10.96
12.63
12.79
12.73
9.63
9.47
14.42
13.47
19.33
10.72
14.23
15.12
13.54
11.37
12.83
17.96
11.97
13.19
19.34
19.39
9.94
19.45
15.65
13.85
9.78
13.41
16.12
12.41
22
23.37
10.22
11.38
15.12
15.55
19.18
21.16
14.51
13.57
12.79
14.36
17.39
16.75
18.86
15.63
12.94
11.92
14.23
17.84
11.83
9.82
17.44
11.88
13.09
12.64
14.72
10.84
13.61
11.62
14.12
10.74
19.05
13.23
15.64
16.82
9.23
18.19
15.86
17.54
18.27
19.08
14.32
10.19
9.59
12.47
14.69
11.74
15.48
17.93
18.87
17.77
14.41
9.37
9.11
13.27
11.27
10.5
10.18
11.58
12.96
14.76
16.7
9.62
15.32
18.48
10.73
20.42
12.76
15.93
12.78
15.33
15.16
20.66
21.28
19.13
14
14.09
10.13
14.35
9.75
12.08
13.93
12.85
14.32
16.33
12.78
13.76
9.55
11.42
15.15
12.81
18.55
18.55
11.53
11.63
16.7
12.5
17.18
10.41
15.45
11.07
10.4
11.61
12.47
16.45
14.51
11.04
10.14
13.34
11.49
15.06
12.91
8.46
15.78
11.44
14.19
16.92
22.19
11
9.68
14.12
18.22
14.97
9.69
15.35
15.22
14.22
14.07
10.75
14.69
15.89
15.32
9.16
14.77
10.45
12.79
15.2
13.39
14.69
18.62
16.23
11.01
8.95
20.66
8.61
18.33
17.58
10.73
19.21
16.06
8.98
11.16
21.63
10.4
11.1
16.56
18.84
15.55
9.81
11.6
15.18
12.22
9.89
18.01
23.11
18.61
8.91
11.65
13.48
15.7
12.98
14.85
19.43
23.18
11.5
19.28
18.89
10.55
14.42
17.1
16.91
10.03
15.35
11.28
13.08
16.03
10.85
14.49
14.95
12.25
10.16
16.61
14.04
10.67
13.47
12.65
14.3
10.51
14.96
9.95
18.49
12.74
14.11
13.96
13.49
10.6
8.34
8.84
9.4
17.08
17.56
12.5
11.21
11.24
10.05
21.92
11.5
16.24
10.78
20.59
18.98
10.52
14.31
17.76
18.69
10.14
9.15
11.55
8.52
13.97
11.13
13.77
19.04
11.54
20.68
24.59
10.66
14.42
13.89
12.02
13.04
14.36
10.67
16.11
11.67
16.88
13.82
19.01
15.71
20.18
10.03
20.3
15.89
22.41
8.94
26.13
23.67
18.42
22.39
12.92
10.02
10.6
13.55
11.67
15.43
14.67
10.41
9.94
9.73
13.44
9.46
15.87
21.67
11.82
9.26
17.85
16.62
20.68
17.71
22.46
13.2
11.27
12.59
15.92
16.09
15.18
14.28
19.22
12.11
17.92
11.3
11.06
12.1
10.76
10.63
10.35
14.78
13.41
10.23
20.97
17.81
12.82
16.53
11.41
12.85
13.82
21.76
12.77
13.61
17.29
19.42
17.82
10.74
15.38
11.55
20.01
16.11
12.83
17.72
14.58
12.24
14.87
13.18
13.85
16.04
23.93
12.51
18.73
17.98
11.52
11.07
10.17
16.14
16.93
15.89
12.19
18.1
8.96
13.49
11.31
14.87
15.27
9.29
18.61
12.43
15.72
13
12.9
10.08
10.09
13.73
8.07
12.06
8.68
17.46
9.39
8.99
9.88
12.55
27.35
16.35
13.84
13.3
10.25
11.3
13.24
15.69
16.52
9.75
10.72
16.71
18.19
15.53
16.09
13.59
15.43
13.13
13.16
13.59
14.66
15.33
13.92
20.44
8.92
9.39
15.51
10.12
13.13
16.73
23.46
20.18
13.57
11.55
17.17
21.03
11.51
11.83
16.28
10.46
17.45
12.22
17.24
14.39
13.13
15
14.14
9.41
18.91
15
11.08
9.86
12.03
10.78
10.71
12.61
20.63
17.07
17.03
11.14
13.11
11.18
19.48
10.66
15.84
18.99
14.65
17.84
14.08
19.1
12.42
10.55
11.8
27.47
15.53
15.56
19.69
16.93
11.83
11.44
14.8
18
10.03
20.11
23.87
17.06
14.53
18.22
10.92
14.22
9.21
18.01
24.31
11.19
10.45
19.73
14.14
17.25
9.82
14.27
16.85
23.05
17.41
21.73
15.2
16.85
15.85
13.21
17.09
17.97
11.88
9.53
14.99
13.11
20.2
13.55
11
10.13
9.86
8.94
12.09
10.76
15.39
10.4
15.71
12.61
16.52
12.57
10
10.24
19.99
11.13
14.99
9.97
14.78
14.87
11.16
12.2
12.26
14.98
11.65
14.71
11.55
20.3
10.07
17.79
12.15
10.67
13.24
18.76
19.45
12.97
16.38
15.93
25.12
12.65
15.3
9.98
9.38
9.88
11.44
17.24
10.76
18.62
9.48
10
20.67
15.61
12.02
18.28
10.58
11.22
13.02
16.45
9.78
12.1
12.53
11.92
12.97
14.74
14.87
12.9
11.46
8.47
10.86
9.18
16.53
12.89
14.24
19
13.86
13.23
12.18
12.06
21.42
14.57
13.67
12.79
12.73
16.37
16.91
9.2
12.49
13.23
16.12
10.16
25.75
17.46
10.47
15.86
10.79
14.99
9.16
9.93
15.68
19.85
18
13.78
12.5
14.46
12.11
10.24
17.59
15.43
16.41
13.79
12.9
14.37
12.33
15.99
11.74
12.31
10.98
9.8
9.14
12.36
10.72
12.64
14.13
21.57
8.28
12.36
11.47
14.88
13.48
11.12
15.28
13.53
13.59
11.21
10.87
8.91
9.6
16.23
12.6
9.67
13.31
14.53
16.31
9.06
11.67
17.07
13.64
19.74
10.3
14.9
14.36
19.13
21.18
17.36
10.62
15.96
20.94
15.07
15.1
25.42
16.91
14.44
19.92
13.99
9.26
15.22
15.44
13.58
11.16
15.77
13.32
24.7
20.66
14.12
17.61
13.65
18.56
11.86
15.99
16.77
13.03
14.11
19.74
17.77
15.6
14.46
17.07
12.6
15.24
13.54
12.27
19.39
8.85
13.93
9.27
10.29
16.46
18.94
11.97
13.15
11.01
15.68
8.88
26.63
19.59
19.49
20.88
11.15
15.73
13.76
13.04
13.82
13.82
10.42
12.86
13.46
19.73
17.17
15.05
18.16
11.62
10.55
8.77
18.14
11.31
14.39
9.82
17.6
15.47
10.65
15.74
12.58
18.93
14.05
17.27
9.01
18.4
15.75
15.09
15.24
17.32
13.16
9.51
12.48
14.41
14.09
16.62
16.33
15.9
19.9
9.95
12.67
17.59
10.62
12.82
11.09
9.4
13.36
11.21
8.97
13.55
10.66
12.84
8.34
17.41
12.79
12.78
15.38
9.59
12.91
11.98
16.36
13.82
13.6
15.95
8.55
11.06
9.6
14.92
13.61
14.43
14.47
10.45
14
15.61
16.87
12.09
9.53
13.84
12.61
11.38
13.61
14.47
12.42
12.75
15.12
16.66
12.82
12.76
15.1
19.85
15.76
16.27
13.91
11.02
15.72
10.24
15.49
11.21
17.91
10.67
13.9
16.1
15.09
12.38
13.19
19.67
9.94
12.33
13.12
15.29
18.53
13.63
13.5
10.08
10.54
14.03
10.02
14.16
10.63
12.59
10.68
14.84
21.14
20.48
14.95
23.4
9.71
12
10.38
11.3
19.83
16.64
19.6
17.69
17.47
15.46
13.94
12.17
13.59
17.03
16.99
10.16
12.02
14.98
32.43
13.82
13.43
14.85
10.05
19.07
12.9
11.7
15.52
15.69
14.59
19.49
9.18
12.31
13.32
14.19
10.31
17.53
12.43
33.25
16.07
14.22
18.33
13.66
13.34
17.17
10.45
15.32
9.32
17.36
10
14.51
15.12
15.82
17.38
21
12.64
9.43
10.7
10.78
17.39
21.4
10.96
18.5
9.27
13.48
17.46
13.33
12.59
13.83
11.02
12.06
11.2
12.63
12.42
14.9
11.37
15.04
10.74
16.93
11.53
9.34
8.24
11.01
12.9
12.94
12.24
15.18
14.42
10.61
13.17
9.04
9.58
10.92
11.47
15.55
21.07
9.75
12.72
12.72
20.25
14.12
12.48
20.18
9.63
18.81
23.92
18.13
20.13
9.19
10.34
9.63
9.21
19.51
22.88
16.97
21.2
11.67
19.14
18.21
18.37
13.82
20.1
9.67
19.67
8.66
17.1
13.48
16.62
18.45
14.37
9.52
14.84
10.94
9.5
11.66
10.27
10.66
13.29
11.86
19.02
10.45
15.18
21.68
10.22
18.68
15.84
16.1
8.33
10.86
16.92
12.99
11.58
10.52
19.62
12.65
18.1
17.02
22.27
12.51
15.53
13.6
20.74
15.3
13.23
14.11
9.65
16.05
16.31
14.93
13.48
13.98
33.6
13.84
11.31
10.69
10.33
13.8
15.48
10.75
12.05
10.12
8.53
14.09
10.97
15.05
10.53
21.35
17.18
11.57
10.28
11.61
18.87
10.58
14.21
13.52
13.38
13.65
24.02
16.84
11.95
12.12
9.36
10.33
9.1
13.89
18.19
14.55
13.8
14.99
11.81
10.92
16.24
14.27
10.86
11.73
20.22
12.26
9.27
13.79
15.15
13.41
14.04
10.55
11.81
9.86
10.55
15.38
13.05
11.27
17.49
13.76
22.51
11.18
9.98
10.61
10.81
19.74
15.56
13.52
9.01
10.14
13.36
12.12
11.84
8.63
10.37
13.47
12.35
9.58
15.84
12.8
17.45
12.76
10.41
16.97
9.3
20.02
16.96
18.57
16.26
18.59
10.52
16.83
13.53
15.7
15.79
20.81
13.66
14.67
13.21
21.51
19.46
9.89
12.87
16.44
13.03
13.82
11.64
10.75
14.69
10.74
14.16
14.63
12.38
16.17
14.01
13.87
9.7
20.31
9.96
10.96
12.78
15.9
18.42
10.99
14.54
15.62
16.8
21.75
9.52
8.73
18.23
11.36
15.79
12.62
10.23
14.67
19.84
16.86
18.07
11.69
16.43
14.79
15.05
13.2
14.13
10.07
18.62
12.41
15.11
16.41
11.46
9.28
10.55
9.18
8.88
18.08
15.8
14.09
14.11
12.41
13.51
15.5
9.04
8.74
14.53
12.32
12.94
10.72
12.64
8.59
10.28
8.62
13.15
18.73
16.29
10.64
9.41
8.78
11.83
8.87
12.94
8.28
8.3
7.35
12.48
14.25
11.01
16.62
11.49
9.82
18.74
14.98
9.61
7.26
8.29
11.03
16.07
9.4
15.85
11.89
9.89
13.44
15.07
9.04
10.43
14.24
14.19
18.91
11.36
12.59
11.47
9.82
13.76
15.93
10.97
13.08
14.07
8.93
7.69
11.73
12.48
15.09
8.03
9.74
14.2
18.55
8.57
16.37
16.4
7.66
10.59
7.18
22.11
11.33
12.04
16.86
11.13
13.7
14.42
14.37
20.76
17.7
13.84
16.82
17.52
10.65
12.18
13.01
8.18
8.96
11.08
10.23
13.78
7.88
8.26
8.09
12.45
11.18
8.94
11.01
11.58
9.42
12.69
14.02
12.29
8.12
11.43
14.74
8.61
8.36
13.48
16.9
16.17
7.36
11.02
9.67
16.59
8.33
8.59
11.21
8.19
9.74
12.77
10.11
13.36
10.48
13.37
8.59
11.77
11.81
11.23
10.9
11.68
10.87
7.97
15.1
13.34
10.37
8.6
8.75
8.81
12.22
10.28
9.01
15.14
13.96
11.97
7.9
15.39
8.39
13.91
8.09
8.52
9.44
9.92
8.85
15.38
10.48
10.42
9.17
13.75
12.57
8.46
7.94
8.24
17.45
16.53
11.93
8.54
10.67
14.3
16.97
12.72
17.07
8.97
20.43
18.54
9.77
9.92
14.14
8.79
14.93
10.5
13.44
9.98
14.17
9.24
10.54
8.4
8.48
8.56
14.37
8.9
11.5
11.39
9.55
12.9
36.07
11.13
9.03
9.82
14.38
8.59
14.65
8.53
12.87
7.4
14.85
15.71
13.39
18.34
11.03
9.63
11.49
10.97
7.89
12.56
12.07
14.77
10.9
18.62
14.34
7.72
16.35
9.54
14.15
7.64
8.53
10.74
11.64
12.25
8.49
11.01
13.41
14.02
10
9.76
11.17
12.52
13.08
15.17
15.66
9.32
8.61
16.37
16.94
11.78
11.04
18.59
9.71
13.1
7.32
25.4
8.48
16.84
9.53
15.54
12.09
22.38
7.65
11.16
8.89
11.61
13.67
17.88
10.03
8.35
18.65
12.18
8.28
15.22
14.37
12.83
13.76
10.24
14.59
10.89
12.74
18.26
17.59
12.1
12.82
10.04
8.03
11.77
11.34
17.28
10.99
10.44
7.65
8.43
9.3
11.59
8.25
12.91
7.45
12.25
11.97
14.74
10.88
16.96
13.84
12.26
7.83
12.31
15.24
9.3
9.38
7.17
11.41
12.23
11.68
16.05
8.35
14.73
8.75
7.42
11.61
8.62
11.2
16.68
8.35
9.33
8
8.24
8.59
9.09
11.78
8.68
8.03
8.78
8.43
10.49
13.28
11.93
7.89
13.33
16.67
7.97
13.44
16.67
10.74
11.38
7.56
13.89
11.65
8.97
14.63
8.82
10.42
12.96
7.85
13.87
10.36
15.83
12.71
12.97
16.53
18.36
8.65
15.15
10.24
13.23
20.74
18.71
11.11
9.96
11.34
7.28
7.62
7.91
11.66
13.13
7.48
12.81
7.32
20.66
11.21
15.43
11.92
17.2
22.05
8.77
12.13
8.12
12.08
15.67
14.44
8.59
13.87
7.87
9.55
11.26
11.5
22.2
16.38
14.35
13.76
50.75
15.69
13.68
8.46
7.77
9.05
9.43
15.28
14.77
12.56
14.46
14.17
8.53
14.04
9.31
10.48
7.72
8.32
17.65
9.46
13.21
13.41
13.5
12
15.8
10.22
11.33
11.26
9.47
7.26
14.62
15.9
16.24
9.59
8.71
11.65
11.55
14.71
9.4
11.87
12.91
14.38
16.58
8.6
7.31
11.99
10.7
8.21
16.13
8.41
18.34
13.89
11.66
8.91
13.77
8.61
12.97
10.26
8.07
15.03
12.5
10.85
10.82
13.71
11.9
15.58
8.2
11.07
14.6
15.45
12.18
17.88
13.33
8.05
10.2
7.3
13.7
11.03
13.29
8.51
10.49
11.53
11.15
8.32
8.42
7.41
11.31
12.37
9.61
14.26
16.38
12.8
9.33
9.62
14.48
10.21
8.21
12.41
9.98
7.76
9.95
10.9
7.89
16.99
17.69
10.56
10.84
10.21
21.24
7.82
14.8
10.7
14.18
12.84
14.7
11.89
11.94
14.22
10.05
7.34
19.23
16.74
12.67
11.5
11.75
19.75
16.38
12.32
17.02
18.58
10.26
14.96
14.63
12.13
9.28
14.5
7.76
7.97
16.2
8.33
9.3
8.52
15.75
10.64
12.99
9.04
9.56
10.7
8.11
9.11
11.21
8.86
11.99
15.84
8.59
8.17
11.16
15.24
9.2
10.31
10.08
13.29
8.13
8.32
7.2
14.17
8.33
8.32
9.09
7.96
8.57
8.73
10.39
9.55
12.3
10.08
18.32
11.12
12.51
9.47
10.85
18.29
11.63
8.8
9.51
7.48
11.24
9.72
10.63
17.1
19.33
10.67
8.16
15.1
10.92
11.55
9.52
8.27
9.44
8.62
10.16
12.35
15.71
8.31
15.72
15.66
15.74
11.09
13.29
11.84
17.41
17
8.35
8.32
7.48
13.73
13.11
10
13.86
15.36
13.98
7.39
10.41
12.58
7.95
8.14
11.47
17.76
8.91
24.42
9.91
17.38
17.51
12.7
14.77
8.52
12.63
7.96
8.72
9.08
11.94
16.12
8.18
10.74
14.81
7.84
9.91
7.24
13.78
13.05
12.51
10.15
14.81
8.07
11.13
9.34
14.49
18.96
10.61
9.95
10.81
13.21
14.03
8.12
8.56
12.24
10.22
11.41
11.08
8.69
19.45
10.29
8.58
9.74
12.38
9.17
14.12
16.08
8.19
8.18
9.3
8.84
11.55
9.49
10.99
8.67
17.32
10.26
12.22
9.41
14.1
8.51
9.26
10.4
10.63
8.27
8.66
10.7
15.4
11.05
8.24
10.46
11.3
7.91
10.22
9.54
18.91
9.48
8.68
9.05
11.03
14.01
12.16
12.84
9.58
15.86
9.44
9.28
15.71
8.36
13.55
7.97
12.32
11.29
9.33
12.96
8.28
13.97
15.53
8.57
7.79
7.34
16.65
13.4
10.74
8.61
17.32
8.6
10.39
12.48
13.02
8.2
7.94
11.66
7.83
9.56
19.34
7.81
14.35
8.45
21.96
9.02
12.75
12.19
10.6
8.24
7.48
8.56
16.49
14.05
12.18
12.76
7.95
12.28
16.45
8.68
14.03
18.44
8.83
14.16
9.31
10.89
17.96
12.86
8.46
12.18
13.53
11.72
22.33
16.54
11.39
7.57
8.71
7.69
8.07
11.15
19.29
8.58
8.62
9.78
7.78
7.87
7.65
13.63
7.92
9.81
13.98
7.8
18.54
17.96
12.92
17.15
13.1
8.51
11.07
9.07
15.35
10.51
10.02
8.12
11.93
12.48
7.86
9.19
7.87
12.13
14.5
9.2
12.2
9.29
16.36
11.28
7.08
9.55
11.32
13.27
13.71
14.5
14.24
12.23
9.22
11.82
15.72
12.28
9
14.15
10.27
7.89
9.14
10.2
10.32
8.26
8.59
12.94
16.22
8.72
8.14
17.43
14.5
11.35
12.51
13.92
17.89
12.8
10.13
16.55
11.69
9.31
8.23
7.96
8.59
14.9
8.07
8
8.03
13.93
16.53
10.82
17.39
12.04
10.8
14.32
10.22
9.54
14.24
8.13
11.29
9.58
11
11.07
9.76
18.14
15.75
11.35
12.79
15.09
8.03
12.48
13.66
8.69
15
12.37
18.63
9.43
16.13
9.59
10.45
12.82
12.28
11.77
10.43
7.83
8.99
11.37
19.51
18.25
8.53
10.88
13.07
9.83
15.61
14.29
15.7
17.95
15.84
15.12
13.07
15.5
13.79
10.24
11.1
11.63
9.03
16.91
15.48
14.63
10.55
11.42
8.93
15.69
16.84
14.37
8.02
13.21
9.37
7.88
10.61
15.25
7.51
9.36
15.62
13.76
17.16
8.66
10.57
8.42
10.94
9.3
7.95
10.61
7.76
8.15
8.84
8.93
11.55
12.61
12.34
11.51
15.61
14.12
19.68
8.76
8.73
13.35
9.1
8.53
7.41
17.05
11.96
9.49
7.6
9.78
9.59
8.38
9.93
11.13
9.89
9.12
9.86
11.78
11.02
7.22
10.4
12.1
13.34
11.72
12
14.37
10.76
16.95
10.99
12.5
9.45
13.94
8.92
8.86
10.88
17.05
9.42
7.22
8.14
8.44
11.12
7.97
9.29
14.92
17.43
14.75
12.26
8.6
11.54
12.79
14.35
10.48
15.44
10.07
9.64
7.87
16.17
8.25
10.69
15.07
13.27
14.25
13.46
14.47
15.14
8.09
11.64
11.47
11.35
7.58
13.59
13.28
15.44
13.82
7.66
20.86
8.31
8.81
8.13
7.95
9.96
15.71
12.49
10.35
11.33
9.53
13.35
18.47
12.86
16.67
8.94
8.82
7.84
12.47
14.07
16.77
10.85
7.95
13.27
8.21
16.63
11.28
15.99
7.48
17.45
16.85
12.58
9.31
10.78
16.01
9.73
7.83
13.41
11.12
11.92
12.56
15.25
8.67
11.39
21.63
7.8
12.57
9.28
7.68
14.82
17.08
9.74
11.71
17.81
12.03
15.75
11.78
15.46
8.56
7.91
8.39
12.32
7.75
10.46
12.33
21.84
9.96
11.77
11.12
12.11
9.21
16.59
23.52
16.04
11.39
15.05
15.48
9.65
14.32
18.69
12.62
10.6
14.36
13.85
18.77
12.11
14.53
15.06
10.1
12.9
7.66
11.66
17.17
10.39
15.4
16.03
10.66
14.81
18.29
12.24
9.76
13.39
17.86
10.03
10.6
12.77
15.75
12.27
11.13
20.49
8.53
11.88
9.59
12.12
11.33
8.48
8.22
14.75
10.89
12.91
9.65
18.4
16.67
10.77
8.66
12.14
12.08
8.54
13.57
10.46
7.81
10.58
13.77
8.6
11.13
10.68
10.03
10.95
8.89
12.53
13.13
17.4
16.39
9.32
7.84
11.02
18.43
8.67
12.46
9.23
8.65
17.24
9.13
10.28
19.6
13.01
13.15
20.33
17.2
12.9
10.09
15.46
13.35
20.44
11.84
11.49
12.85
15.27
15.31
8.5
10.54
14.18
15.8
7.59
9.7
10.74
8.15
18.25
8.99
12.81
16.32
18.27
18.46
13.32
9.35
13.74
9.82
10.73
10.75
16.03
14.53
11.64
10.19
8.35
8.89
7.7
11.79
15.05
13.19
8.15
13.28
8.38
12.91
8.12
8.99
9.2
13.71
11.06
12.21
14.83
8.1
15.91
8.02
14.23
8.68
16.25
21.01
9.78
9.59
21.42
15.18
8.63
7.64
12.03
15.54
14.55
9.12
14.13
7.08
17.38
13.01
17.92
11.08
14.95
8.86
8.24
13.6
7.71
12.75
18.32
13.95
15.47
10.02
13.23
11.17
10.72
7.71
18.95
14.11
9.22
10.29
15.81
8.59
8.65
11.38
10.94
8.62
21.12
17.25
7.96
11.99
15.55
14.59
10.64
12.92
11.76
8.98
11.27
14.56
11.41
9.86
13.96
8.01
13.83
13.35
12.79
10.62
7.82
14.73
13.45
7.59
12.57
17.5
14.66
8.96
10.63
8.39
14.83
9.5
12.97
12.25
12.44
9.01
12.33
7.98
15.18
8.26
16.34
13.65
8.79
9.26
13.74
8.91
12.76
18.04
10.58
7.68
8.22
12.02
10.74
12.95
9.4
13.14
8.95
10.82
23.89
15.39
15.11
11.34
10.45
9.39
10.2
17.99
9.32
12.45
8.23
7.79
15.9
10.22
7.71
11.24
8.93
14.73
9.63
11.36
15.8
12.63
10.9
10.01
14.93
10.25
11.2
12.63
8.58
9.07
7.88
11.02
12.68
10.33
8.2
14.06
13.73
8.1
9.2
11.47
7.8
7.73
8.84
12.39
12.04
8.31
8.65
13.38
12.86
9.5
10.07
15.95
15.02
8.96
7.33
8.31
13.41
8.56
8.96
14.8
7.72
7.78
8.76
17.51
7.27
9.15
18.82
8.45
10.11
12.04
14.37
11.8
9.94
9.76
15.21
12.47
12.03
11.36
13.29
20.19
13.47
10.07
12.23
15.13
11.54
11.76
8.67
8.39
11.12
10.98
14.96
8.42
8.81
11.7
11.23
11.73
10.4
12.88
11.08
10.25
13.22
9.01
9.52
20.93
10.69
12.68
11.88
11.31
12.82
13.47
8.34
9.65
13.29
12.02
8.44
7.19
13.55
23.15
11.73
12.91
18.87
17.69
11.29
7.78
8.75
9.46
11.54
11.2
12.8
8.19
10.38
10.72
21.37
16.06
13.39
12.1
8.52
8.2
14.57
11.63
15.5
15.43
12.44
10.84
16.63
12.66
11.99
11.81
7.71
7.49
8.75
9.19
10.34
7.86
9.35
17.61
14.74
14.58
19.92
10.3
16.43
8.59
13.85
15.18
11.5
11.51
20.69
11.93
8.05
10.47
15.96
20.48
9.39
12.02
9.91
16.26
7.25
10.33
11.44
9.79
11.89
8.6
13.33
12.66
8.59
8.41
8.38
14.04
9.68
12.64
8.83
7.83
8.84
10.72
10.44
15.94
11.05
7.79
16.74
14.65
7.81
20.53
17.02
11.11
10.62
13.9
11.53
11.5
10.58
12.35
11.23
10.38
16.69
7.77
12.58
11.05
11.56
13.37
11.38
8.7
15.6
16.51
7.95
14.04
9.13
8.63
12.34
10.98
11.88
7.46
8.93
13.31
12.7
16.76
16.72
15.52
8.75
8.13
13.22
7.81
8.24
11.4
11.8
17.34
8.96
19.78
7.29
9.82
12.94
10.93
9.91
13.34
9.95
13.52
12.02
12.47
8.63
11.47
19.92
8.95
16.06
13.69
9.05
18.36
12.77
13.72
15.1
9.22
15.26
9.22
11.68
14.49
10.21
7.76
14.04
21.97
11.18
14.97
13.12
10.3
17.47
7.77
12.1
9.23
9.83
9.03
20.74
8.9
13.28
7.85
7.38
8.55
9.94
10.88
11.83
17.57
10.59
11.56
10.96
16.1
13.62
9.53
13.47
15.91
11.32
8.11
10.13
16.05
9.23
10.57
13.95
8.44
9.34
14.19
14.96
8.94
13.13
8.53
10.08
18.85
12.52
7.56
15.06
8.1
8.81
10.76
8.5
15.21
10.3
8.42
7.28
12.74
17.96
11.62
12.68
10.06
16.47
9.28
8.66
8.33
8.63
11.4
8.62
14.71
11.26
7.83
7.9
8.7
18.74
11.18
12.67
8.04
9.06
16.81
9.76
8.18
12.26
7.46
9.14
19.41
7.42
15.39
10.81
15.92
19.2
10.53
11.22
9.81
20.03
15.83
8.98
13.92
8.17
18.42
12.43
9.8
12.32
18.79
9.42
16.92
12.38
14.01
9.7
11.28
7.26
10.7
16.37
12.59
15.43
17.05
7.72
11.36
8.06
14.66
16.61
7.82
8.11
9.31
10.72
15.87
17.28
14.9
18.06
16.07
9.54
11.23
15.1
9.07
17.89
13.6
17.56
12.26
8.69
10.34
11.17
12.02
10.7
15.17
11.15
11.38
15.02
7.85
8.96
13.59
16.54
8.6
15.39
8.37
12.74
10.76
12.35
11.87
11.86
12.61
13.14
13.19
12.4
8.38
12.26
15.65
16.69
15.35
15.21
14.58
13.17
8.64
16.43
10.18
16.84
10.06
8.48
9.42
11.99
10.92
11.7
15.54
10.59
8.68
9.54
10.66
12.62
13.05
7.73
15.03
13
14.12
15.18
12.71
8.91
7.79
11.58
9.1
12.22
9.19
14.9
12.19
7.81
7.34
9.28
10.87
8.3
12.97
19.45
16
11.67
17.72
11.67
12.7
10.35
11.93
11.8
15.45
11.96
13.09
16.03
8.51
10.9
8.46
15.09
11.95
9.47
7.84
17.71
11.8
7.68
8.31
9.69
12.01
7.79
13.76
9.55
8.16
8.69
11.7
7.89
10.28
17.84
9.98
10.63
14.88
11.66
10.11
14.04
16.14
11.17
11.98
11.89
12.91
7.79
10.91
11.33
9.16
7.76
14.75
11.98
10.91
7.51
16.94
13.43
14.46
11.68
12.32
14.56
17.63
11.87
9.91
9.76
13.24
14.42
13.37
8.72
8.33
11.71
12.1
9.12
9.23
20.76
14.66
15.52
11.12
7.13
15
8.54
9.99
9.92
17.46
12.99
10.97
8.37
15.75
10.28
11.74
14.83
10.74
13.79
7.76
18.67
7.85
13.43
7.45
12.14
10.41
12.35
9.38
14.87
9.36
13.4
9.67
17.79
12.11
8.31
13.23
14.68
13.8
8.86
7.18
15.42
8.18
10.81
11.59
9.89
9.81
9.19
13.59
11.71
14.8
7.9
11.2
8.05
12.69
9.74
9.73
21.98
15.36
15.22
8.31
9.27
7.72
17.62
8.22
8.37
13.55
7.89
8.62
11.94
13.52
8.8
8.56
7.36
12.42
9.46
8.25
14.96
10.49
11.57
10.13
11.33
8.29
8.91
12.45
8.92
11.22
16.81
11.9
10.69
10.51
10.04
7.7
15.23
13.56
13.64
11.95
8.63
10.4
7.92
14.13
8.22
27.29
8.67
9.9
13.95
10.42
8.85
13.52
8.41
12.81
7.66
14.53
13.53
11.34
8.28
10.81
8.1
8.42
11.55
11.1
9.03
12.31
9.34
10.43
8.56
11.45
14.99
16.85
14.99
9.74
11.28
8.72
9.36
11.17
7.59
10.31
13.53
14.29
18.46
9.65
16.19
16.51
7.43
10.43
13.29
15.81
9.3
15.71
13.18
9
16.85
16.08
9.01
9.09
13.26
8.9
11.65
8.02
8.33
12.2
11.85
10.73
9.47
13.91
12.83
12.06
20.79
8.28
10.8
9.96
14.82
8.64
13.12
12.59
11.8
9.99
11.97
15.07
14.88
9.35
11.09
9.43
20.58
15.05
11.97
13.5
14.51
9.89
8.87
8.55
16.49
18.27
13.72
11.72
11.88
12.29
11.22
9.85
7.96
8.31
12.06
20.97
8.56
7.64
7.78
8.89
8.3
16.73
8.63
12.85
15
15.93
14.38
12.56
10.51
13.78
13.55
7.89
8.44
11.04
8.14
8.56
15.86
11.39
17.43
9.67
8.78
10.22
9.33
11.92
7.65
15.44
7.87
17.55
12.4
14.55
14.76
10.16
8.75
10.61
7.9
12.31
16.53
13.83
12.23
9.42
16.88
14.3
7.49
10.86
7.51
11.9
11.23
10.66
8.51
11.35
13.5
13.8
15.34
10.75
8.38
10.49
10.65
13.51
9.36
14.94
12.91
12.1
14.91
13.39
10.26
16.46
15.87
12.49
10.44
17.85
18.07
13.2
14.59
11.85
12.71
9.83
11.15
10.93
11.81
16.13
15.1
13.94
10.19
14.35
11.54
11.93
9.95
9.53
12.3
12.03
16.59
14.64
7.92
9
12.95
13.23
19.2
14.56
12.55
16.34
10.8
10.73
9.23
10.81
15.13
11.52
9.35
8.75
7.23
7.31
17.68
10.91
7.5
12.6
9.47
10.53
16.74
15.13
13.72
12.68
11.57
9.07
8.45
15.55
10.99
12.36
16.73
10.82
11.29
12.28
10.3
14.65
8.09
8.21
7.89
10.49
10.34
11.95
7.35
7.9
7.91
8.86
8.41
8.87
9.6
14
9.27
16.15
13.85
13.2
12.9
16.7
17.06
15.69
14.61
15.38
19.63
9.75
13.05
13.9
9.88
14.74
8.85
13.44
16.33
21.42
8.92
14.14
7.59
14.11
13.7
8.15
13.25
8.15
12.06
11.32
13.64
14.61
11.9
11.06
14.47
9.16
9.36
13.19
14.27
11.29
10.57
8.14
20.18
9.05
18.75
16.05
8.57
10.53
19.29
13.38
11.15
11.23
11.75
18.46
11.83
7.63
11.78
18.35
14.02
18.8
13.15
13.38
14.68
18.13
9
11.62
13.54
7.64
8.58
9.99
8.42
11.61
8.94
10.15
15.29
11.5
8.69
10.58
8.45
12.41
15.24
13.26
8.82
7.91
7.38
15.17
11.42
18.97
14.59
8.61
7.58
12.85
14.46
16.72
12.02
12.04
9.65
8.21
10.79
9.57
8.19
8.03
7.74
11.66
8.54
9.79
10.15
16.46
18.09
11.76
9.95
9.24
9.24
7.75
12.04
14.97
16.02
12.52
11.33
8.2
7.83
11.9
12.17
17.02
18.54
8.75
11.26
16.59
15.97
10.45
11.83
12.7
9.35
13.18
13.43
7.06
13.21
8.66
9.11
12.37
13.12
11.99
8.29
11.92
13.2
8.03
11.85
8.77
11.15
8.53
10.41
20.37
16.94
10.06
14.92
10.51
11.69
11.48
10.47
15.35
17.87
7.7
10.15
10.54
8.39
7.3
6.42
7.01
9.89
6.28
7.17
9.69
7.96
6.22
8.68
6.54
9.28
7.31
10.24
14.17
7.79
8.69
7.16
7.34
7.09
6.71
10.36
11.71
7.19
16.43
6.97
6.26
7
7.89
11.59
6.7
8.05
8.84
7.09
6.61
7.08
10.13
6.7
7.31
8.68
7.27
6.7
8.93
14.21
9.1
9.61
6.46
6
15.67
7.29
11.77
7.12
11.28
7.1
6.94
6.61
9.92
6.59
8.82
17.64
7.03
17.11
39.05
8.81
11.71
8.39
9.32
6.69
13.28
14.63
6.73
6.48
6.18
6.89
6.12
8.3
6.02
7.65
9.79
6.87
6
6.15
9.19
7.19
11.7
12.95
13.35
15.09
10.77
6.55
12.17
6.45
9.43
9.6
11.95
18.19
7.28
7.78
7.06
10.84
9.13
6.79
8.33
12.03
6.79
6.35
10.04
9.93
7.07
6.32
6.59
7.07
6.43
6.94
10.22
8.61
6.3
6.32
10.41
13.04
10.39
6.75
8.43
11.86
11.44
5.75
8.67
5.91
9.74
12.48
5.6
7.89
5.99
5.22
6.02
5.25
10.46
8.3
5.92
8.51
5.18
8.03
5.24
5.01
10.2
7.93
5.19
6
6.74
10.29
6.96
11.77
5.31
5.75
5.76
6.01
5
5.31
6.71
11.35
5.11
6.32
5.89
5.1
8.49
5.32
12.05
12.9
9.86
5.07
6.44
13.34
5.37
5.09
6.1
5
12.53
10.89
5.21
5.16
9.84
5.61
5.3
5.27
11.07
8.8
6.55
7.89
5.15
5.27
5.93
6.09
9.63
10.49
5.92
9.97
7.61
5.17
5.62
5.34
5.4
6.4
5
5.5
5.33
5.37
8.71
5.63
5.69
5.1
5.72
6
5.54
5.75
12.56
5.66
6.37
10.59
11.4
7.53
9.74
5.04
10.49
5.1
5.1
9.2
12.55
5.26
5.3
12.59
5.38
5.74
11.21
5.23
5.01
5.08
5.22
9.57
9.17
5.16
9.32
5.27
5.2
10.89
5.94
9.51
6.16
5.16
5.15
9.76
5.66
8.51
13.15
5.45
5.84
5.45
5.28
9.91
5.51
5
5.96
5.25
5.86
9.78
5.18
9.52
5.33
9.54
5.49
5.99
5.35
10.09
9.59
6.24
5.16
10.51
11.51
10.04
6.07
5.93
5.23
6.04
5.47
5.4
6.37
5
5.58
9.6
8.7
5.1
5.69
5.11
10.91
15.35
5.26
5
5.21
11.06
9.43
8.94
5.88
10.47
5.42
5.41
6.61
6.01
5.27
5.21
5.04
5.05
9.55
8.2
10.05
5.2
6.02
5.2
6.07
9.31
10.4
9.86
5.04
12.03
5.51
10.88
10.96
5.87
5.17
5.47
7.56
5.06
5.38
11.47
12.1
5
5.65
5.24
5.8
5.44
6.22
9.46
5.02
8.37
9.97
5.11
5.55
5.17
5
9.67
5.5
5.06
5.39
5.05
5.4
6.47
6.8
5.23
10.2
5.57
5.52
5.53
6.23
7.95
5.2
5.09
5.93
6.17
5
9.8
5.41
6.47
5.04
5.48
5.2
6.06
5.69
11.81
5.1
5.49
5.14
5.18
5.4
5.53
5.01
5.05
5
5.22
5.56
5.41
5.51
5.04
10.17
6.31
6.38
6.15
9.91
13.96
5
5.48
5.27
11.34
5.07
11.71
11.95
6.34
8.08
5.86
5.33
6.18
5.76
7.68
8.55
6.04
5.45
6.07
9.86
5.12
8.68
5.8
10.49
11.46
8.18
11.47
12.18
10.78
10.21
5.82
5.01
5.46
9.42
5
5.77
5.37
5.12
5
5.92
8.06
8.99
5.43
5.54
11.47
10.57
5.14
6.03
9.8
6.12
5.1
6.01
8.37
6.32
5.11
9.84
11.43
5.69
10.58
10.34
5.08
10.52
10.82
5
13.83
10.77
10.39
6.84
5.88
5.12
5.43
11.84
5
5.13
7.35
5.13
5.02
5.8
5.93
5.33
5.26
5.85
9.51
9.09
5.18
8.94
8.65
5.83
5.7
5.89
5
5.82
5.02
6.97
5.57
9.03
11.05
9.6
9.45
5.21
5.46
5.65
9.2
6.03
6
5.93
11.01
5.28
6.97
9.8
8.22
9.01
5.92
9.56
5
9.02
6.83
5.84
6.84
7.17
8.6
9.47
5
5.85
11.77
5.66
5.61
5.54
9.61
12.69
5.44
6.45
5.79
5.41
5.27
10.66
11.69
9.59
5.23
5.85
5.46
5.69
11.44
7.59
7.94
9.35
5.04
5.06
11.72
5.14
5.26
5.85
6.24
5.56
11.13
10.69
9.06
5.1
9.34
5.4
9.64
7.99
5.75
10.6
13.97
8.11
5.4
5.02
5.34
5.09
5.55
5.66
5.43
9.59
5.18
5.47
7.7
6.81
5.11
6
5.84
5.54
9.05
5.2
5.11
5.16
5.26
5.47
10.12
5.78
5.78
10.27
12.85
6.92
5.35
5.31
5.11
5.54
10.14
7.13
11.8
5.38
6.24
11.74
5.29
5.72
10
9.09
5.29
9.19
5.16
6.06
5.12
5.95
5.79
5.31
8.6
5
5.73
10.57
5.3
6.17
10.11
5.49
9.61
5.1
5.33
5.29
5.6
5.41
9.32
5.97
9.51
10.75
8.32
5.04
5.29
11.95
5.03
5.89
12.47
7.92
5.4
5.34
12.78
8.67
5.39
9.52
9.44
6.22
11.73
5.48
7.67
5.52
5.62
5.53
5
5.05
5.88
5.95
5.91
5.4
5.74
10.49
9.43
5
5
5.8
5.11
5.06
5.03
10.39
5.28
5.47
5.47
5.78
12.15
9.83
12.35
9.78
5.01
5.32
13.76
5.18
10.1
6.13
9.48
8.33
12.48
5.14
9.61
5.99
5.54
6.14
5.24
6.59
9.88
5.61
5
5.54
14.54
5
5.48
5.22
5.42
11.49
5.12
5.95
5.53
5.43
5.62
12.11
5.15
5.6
5.28
5.61
5.04
5
10.12
5.03
10.52
5.14
9.16
5.06
8.68
5.19
8.13
9
10.55
5.14
6.17
5.75
11.74
5.01
5.05
5.48
5.46
5.3
5.34
11.55
5.81
5
5.17
5.63
9.11
5.07
14.29
5.09
5.43
5.71
5.62
5
10.21
6.01
5.87
5.12
5.64
5.86
13.79
5.56
10.22
13.67
5.07
11.45
5.35
5.96
6.05
8.95
5.88
5.11
5.56
6.13
5.71
12.95
5.16
10.65
5.43
8.83
5.59
5.6
5.15
5.42
5.03
6.7
10.29
5.81
5.1
6.66
5.97
12.89
10.77
5.39
6.09
8.95
5.21
5.17
5.71
5.13
5.92
5.13
9.07
5.05
10.01
8.3
10.63
6.03
5.37
10
6.39
11.36
5.16
5.63
12.51
5.66
5.81
5.84
12.54
12.83
5.7
5.13
9.59
12.28
5.24
5.27
5.01
5.13
12.45
6.19
8.98
7.99
5.43
5.7
5.35
10.51
5.42
5.75
12.69
5.13
5.52
11.83
5.11
11.63
5.78
5.12
5.31
6.02
9.16
5.66
9.16
8.85
9.18
12.43
8.56
6.22
5.57
5.22
5.19
7.58
5.59
5.4
9.26
5
8.15
10.7
5.77
5.11
5.56
5.55
5.4
8.38
5.15
9.78
9.52
5.46
5.38
15
10.62
9.34
5.23
5.54
5.88
5.81
5.08
5.26
8.88
5.49
10.74
5.08
6.08
5.46
5.87
8.55
10.53
5.31
5.06
6.01
5.69
8.63
5.37
5.19
5.39
5.44
5
5.43
5.56
5.12
9.48
5.3
9.88
6.02
11.04
5
6.27
5.09
10.47
5.06
5.43
6.56
5
9.73
6
5.37
5.01
8.59
8.86
7.17
5.61
7.4
7.71
5.91
5
5.8
11.43
5.34
5.84
5.19
5
9.31
5
8.63
5.25
5.63
5.65
5.29
11.05
8.03
5.2
6.54
5.03
5.67
5.75
5
5.07
11.33
5.12
5
5.77
5
9.83
5.15
5
5.1
10.51
5.11
6.99
9.7
5.4
5
5.21
5.26
5.06
8.39
8.45
5.04
6.19
5
13.27
5.15
10.42
5.87
5.07
9.38
5.63
5.24
5.69
5.65
5.36
5.86
6.33
5.1
9.15
7.56
11.33
8.47
10.18
5.07
5.21
5
5.01
7.07
11.04
5.69
5.13
8.31
5.29
5.53
7.9
5.37
5.8
11.49
5.11
5.6
5.24
5.03
5.13
5.79
10.33
9.14
5.29
5.91
5.16
6.34
6.44
6.25
15.8
11.41
12.36
5
5.53
8.02
5.52
10.38
5
5.2
5.04
10.31
9.76
6.84
5.88
5.53
7.43
5.48
9.89
5.18
5.03
5.41
5.77
9.62
6.76
10.39
10.81
5.8
6.06
10.74
5.02
11.59
5.49
8.19
5.36
5.52
8.03
5.43
5.92
6.35
5.31
5.27
5.77
9.83
13.78
10.18
5.25
10.8
5.03
5.04
5.46
5.24
9.58
5.24
14.14
6.53
7.73
9.12
9.14
5.06
5.1
9.22
5.5
13.81
5.59
5.78
5.6
5.13
8.93
5
5.33
13.5
5.44
5.42
13.03
5.58
5.95
5.57
5.24
11.2
14.31
9.5
5.02
5.37
5.47
5.4
10.18
5.97
9.13
5.5
6.08
8.32
6.11
5.19
5.52
5.55
9.08
8.92
10.12
5.27
5.55
8.16
5.99
7.86
5.11
5.49
5.43
5.39
5.21
10.24
5.3
9.31
5.2
10.97
6.5
6.63
7.26
5.86
5.21
6.31
5.25
8.11
11.62
8.58
12.25
5.11
5.22
6.7
6.32
9.39
5.69
11.46
5.54
5.04
6.26
10.71
5.15
5.05
12.45
12.21
9.35
5.05
8.93
5.84
7.98
5.32
5.68
5
5.2
6.92
5.27
12.46
5.12
7.15
5.25
5.38
10.52
6.45
5.74
10.07
10.01
11.56
5.94
5.21
5.61
5.07
5.45
5.83
6.02
8.09
9.12
5.08
5.54
5.37
5
6.01
5.19
6.85
6.28
9.56
9.35
5.56
12.84
5.75
5.1
5.83
5
5.76
5
7.45
6.01
5.52
5.07
6.35
5.01
5.15
5.17
5.47
9.94
12.72
6.94
5.67
5.99
5
6.02
5.75
5.99
5.87
5.46
5.43
5.22
5.53
5.16
5.29
10.2
14.41
6.28
9.86
5.19
9.23
8.68
5.61
5.14
5
6.76
5.77
5
5
5.58
5.06
5
5.88
5.56
6.09
5.73
5.84
10.66
8.6
5.72
5.13
5.22
5.72
9.58
10.53
5.63
6.11
5.5
8.6
9.09
5.03
12.58
5.13
11.72
9.87
10.28
5.58
10.83
6.05
5.01
7.42
5.46
10.75
5.01
11.14
6.02
5.91
8.94
11.72
5.71
9.49
5
5.71
5.12
9.68
11.31
5.91
12.35
6.44
12.91
11.74
10.21
5.4
8.98
6.37
5.03
5.13
5.31
9.34
6.4
11.29
10.84
10.39
8.3
5.96
9.04
11.78
6.28
5.17
9.93
6.04
5.55
5.04
5.12
6.33
10.83
5.42
5.78
12.47
5.19
8.92
11.28
5.19
5.05
10.39
5.16
5.57
6.06
9.1
5.85
7.08
9.81
11.26
5.28
5.67
5.34
5.12
11.17
5.19
10.47
5.2
5.1
12.49
5.21
6.5
6.13
6.84
9.86
10.98
8.77
6.03
9.92
5.43
5.02
5.02
12.15
5
5.8
5.92
12.22
11.48
9
6.21
5.95
7.34
5.26
5.81
5.09
5.17
10.05
5.31
7.02
5.92
5.3
10.67
5.64
5.83
10.31
6.5
5.28
5.98
6.02
5.07
13.15
5.89
5.04
6.65
6.61
7.98
5.12
5.51
7.07
5.63
6.28
5.7
5.64
5.43
13.24
8.99
9.39
5.13
5.35
9.1
8.18
5.9
5.95
5.68
5.48
9.94
10.15
5.82
5.71
6.22
10.59
10.41
5.51
12.71
9.77
6.84
11.77
5.13
6.5
20.48
6.52
9.68
5.28
10.56
6.11
5.75
5.21
11.45
5.06
5.33
6.86
6.36
5.84
6.52
5.67
6.35
10.87
10.8
6.74
10.45
5.8
10.51
6.44
5.77
6.31
9.27
8.98
8.31
7.45
12.79
5.17
5.18
9.12
10.69
9.29
5.39
9.25
5.5
5.81
5.28
5.11
5.63
5.18
5.7
5.47
5.92
5.12
5.21
5.05
5.7
6.39
5.59
5.97
5.54
5
5.1
5.69
11.09
5.31
5.38
6.2
9.65
5.35
5.41
5.05
9.69
11.2
5
5.91
10.33
7.64
7.48
5.36
6.14
8.28
6.01
5.72
6.41
5.42
11.67
14.07
9.25
5.15
8.63
5.25
12.65
5.22
11.8
10.8
10.2
10.3
8.4
6.17
5.69
9.86
12.54
12.27
5.2
6.83
5.99
5.2
5.46
5.29
8.96
5.99
7.49
8.51
5.68
5.76
5.37
5.91
5.86
12.28
5.81
5.89
5.03
9.42
7.22
5
5.34
9.1
5.64
5.01
11.91
8.27
5.02
5.41
5.16
5.6
9.53
8.07
8.76
10.02
5.16
5.37
7.94
5.15
6.33
9.24
5.44
11.61
9.34
5.01
5.86
5.15
7.47
9.56
5.04
5.29
5.41
8.91
5.07
8.93
5.29
5.93
5.18
5.94
5.54
5.01
5.06
6.21
5.04
5
5.05
5.03
6.82
5.09
9.62
6.09
5.82
5.24
5.2
5
5
16.51
5.3
5.34
8.52
6.39
10.91
5.05
10.44
6.48
5.15
5.39
5.15
5.86
8
5.72
6.85
10.1
5.25
5.02
5.51
5.71
5.83
5.84
5.03
11.02
10.07
8.68
5
5.26
5
6.67
12.16
9.15
5.82
9.67
10.4
5.96
5.14
5.1
8.66
5.53
6.9
5.97
5.11
6.05
6.39
11.12
6.37
6.45
7.8
5.71
5.37
7.71
5.51
5
5.84
7.71
5.03
5.58
9.02
5.31
5.25
6.1
11.07
11.03
5.06
5
6.16
5.17
5.03
10.52
5.78
5.1
12.92
5.72
11.65
13.04
8.95
5.45
6.09
5.98
5.46
5.66
8.19
5.26
5.45
5.69
7.51
5.27
5.84
5.89
9.7
6.22
5.34
5.01
5.19
5.01
5.92
11.57
8.15
5.1
6.57
12.74
9.03
6.29
9.45
5.01
5.78
12.1
8.53
5.2
5.52
9.4
6.71
5.24
9.41
8.02
5.14
10
5.2
11
5.61
11.82
5.22
5.33
9.55
5.17
11.2
8.16
7.06
5.54
5.07
5.14
5.29
5.61
5.78
5.1
8.43
10.88
10.23
11.05
5.75
5.02
7.07
13.82
10.03
5.26
5.67
5.92
5
7.93
5
5.31
5
5.82
5.97
5.38
8.47
5.15
8.65
10.82
5.41
5.93
8.28
13.24
5.31
12.72
5.11
5.6
7.14
10.51
8.18
11.77
5.69
5
5.37
5
9.37
9.22
10.3
5
8.78
12.18
5.25
5.69
9.62
12.03
5.21
6.09
6.81
6.31
9.85
8.9
6.59
5.03
5
9.15
7.01
5.68
10.83
5.25
8.46
5.29
8.87
5.27
5
5.61
8.87
13.16
5.39
5
5.41
5.09
10.71
5.15
5.43
5.66
9.6
8.78
10.16
5.05
5.27
5.59
8.75
11.63
5.05
6.11
12.44
13.68
8.69
5.11
10.36
5.73
5.04
11.6
5.22
6.21
6.77
5.66
5.6
5.16
5.24
7.44
13.59
6.04
5.22
5.45
5.59
5.74
12.56
13.75
9.37
5.89
5.18
5.77
10.83
13.72
10.83
8.56
5.27
8.65
5.31
8.86
10.18
11.13
5.56
9.44
5.6
5
5.36
9.16
6.59
5.54
6.56
5.76
5
9
6.1
5.18
9.66
14.5
8.66
11.73
5.08
5.05
5.69
5.89
5.47
9.35
6.82
5
8.49
5
5.14
14.7
7.43
5.85
5.05
9.99
11.34
7.53
9.5
5.25
5.35
5.03
5
6.59
6.4
6.19
5.95
5.6
5.9
5.68
8.28
9.97
5.09
5.25
5.56
11.5
5.3
5.42
8.07
8.49
6.42
5
5.65
12.22
6.02
6.29
10.34
5.57
5.66
6.1
5.65
5.03
5.04
9.39
5.74
5.01
5.25
12.95
11.27
5.1
5.28
6.61
10.52
11.6
5.19
9.03
6.47
5.28
5.02
5.1
11.24
9.84
5.33
10.06
6.2
5.17
6.21
5.52
11.89
10.85
5.15
5.6
9.92
5.01
11.25
9.56
5.44
8.01
6.09
5.02
5.37
5.35
5
5.19
5.53
11.05
5.74
6.49
5
5.31
5.16
13.51
5.59
5.29
9.86
10.72
6.03
8.82
5.39
9.22
7.03
7.38
9.09
5.69
7.24
5.05
11.65
5
5.8
5.64
8.25
5.39
8.96
5.51
9.5
9.1
5.08
9.49
5.08
5.79
9.35
6.02
9.42
12.04
5.11
5
9.38
5.34
5.77
9.48
6.01
5
9.81
8.98
6.59
6.57
9.27
10.06
10.11
10.2
6.29
9.47
5.29
9.1
5.7
5.41
18.28
10.05
6.5
5.36
9.62
5.19
5.67
5.37
8.72
5.44
10.93
5.47
10.47
5.55
9.75
5.07
6.05
5.17
9.8
5.12
5
5.99
5.48
8.01
5.55
14.11
12.1
5
9.43
5.36
5.58
5.7
5.67
5.86
9.7
9.48
10.25
6.01
5.58
5.74
5.73
5.69
5.8
12.01
5.16
8.59
5.29
6.17
11.05
7.87
6.02
5.36
8.93
5.01
5
11.29
5.94
5.35
6.21
5.23
5.02
5.63
11.81
5.73
8.46
9.7
6.09
5.11
5
10.28
8.17
12.62
10.27
8.91
5.03
8.6
5.75
10.13
10.46
8.85
5.02
9.22
6.59
10.12
5.05
8.99
6.98
6.3
5.67
5.53
5.89
5.47
10.56
5.25
5.11
5.45
7.35
5.02
5.47
5.41
5.8
5.23
5.86
5.33
5.58
5
5.66
10.67
5
5.24
