10876 34740
11.8667
9.05714
4.11429
8.7619
4.94286
5.73333
8.20952
6.04762
10.1714
8.71429
10.1143
5.21905
8.79048
6.01905
10.7714
6.81905
4.79048
8.61905
5.41905
11.8571
10.6857
7.97143
4.53333
8.82857
4.47619
10.7714
9.6381
4.59048
4.39048
4.7619
5.5619
6.05714
6.9619
7.17143
5.47619
5.31429
8.33333
7.4381
10.0095
7.7619
4.48571
9.66667
12
9.75238
5.37143
6.4381
9.40952
9.00952
4.78095
7.99048
5.5619
7.04762
9.68571
5.78095
7.84762
13.0952
4.60952
7.9619
7.4381
6.5619
10.1905
9.75238
11.0952
6.90476
5.6381
10.019
6.15238
5.24762
11.2857
4.91429
11.619
7.02857
6.54286
6.98095
8.2
7.15238
6.38095
6.59048
6.53333
8.58095
7.07619
5.14286
5.33333
8.70476
6.18095
6.38095
10.1143
9.2381
5.97143
6.82857
6.39048
6.6
4.08571
7.75238
6.15238
5.40952
9.40952
10.4952
6.7619
8.47619
11.5905
8.99048
7.53333
4.68571
5.8
9.59048
8.53333
4.65714
4.6
10.0762
6.8
6.8
9.5619
6.10476
6.32381
7.7619
5.19048
9.2
9.79048
8.30476
12.3238
6.82857
5.9619
5.81905
4.24762
12.4095
9.4
10.6571
11.4952
11.2476
6.79048
9.01905
7.33333
4.70476
10.3524
10.3143
9.51429
8.37143
7.81905
5.02857
9.92381
13.0952
8.52381
7.51429
4.69524
10.9429
9.14286
8.35238
7.51429
8.52381
5.77143
11.0857
10.1714
8.51429
7.51429
9.3619
8.6381
8.06667
5.33333
5.84762
6.14286
13.2476
7.19048
7.91429
11.0286
7.30476
7.85714
6.86667
8.26667
6.04762
7.67619
7.21905
7.5619
6.4381
4.20952
4.12381
8.4381
8.77143
9.94286
9.54286
8.42857
11.3619
6.41905
11.581
7.69524
8.02857
6.34286
6.3619
8.29524
13.4476
10.0571
8.89524
8.54286
7.01905
11.3619
6.44762
5.95238
6.40952
5.55238
10.4095
8.25714
6.72381
6.6381
8.29524
4.37143
4.6381
8.12381
5.06667
9.29524
9.04762
6.4381
8.65714
4.87619
9.07619
7.95238
6.82857
6.94286
4.5619
8.50476
4.45714
6.66667
5.5619
7.13333
14.2952
7.60952
6.08571
8.06667
4.05714
5.29524
6.47619
7.45714
7.26667
7.44762
7.12381
6.41905
5.0381
9.30476
6.45714
4.34286
6.61905
4.13333
5.06667
4.53333
6.06667
10.1619
9.4381
9.29524
8.95238
8.25714
6.51429
7.6381
7.37143
6.98095
4.0381
7
6.33333
7.73333
6.92381
7.26667
6.53333
8.9619
8.22857
9.52381
4.94286
6.61905
4.20952
10.619
10.9238
10.6571
8.34286
10.0952
11.0762
12.5143
7.73333
5.0381
7.94286
9.18095
4.04762
9.6
9.9619
9.95238
7.12381
4.18095
5.84762
9
9
5.13333
10.3524
8.06667
11.3048
8.71429
10.1143
8.64762
9.04762
8.55238
9.89524
6.02857
10.3048
7.98095
5.58095
5.08571
8.32381
7.68571
10.6762
6.60952
6.87619
7.78095
6.13333
4.41905
8.8381
11.219
11.0286
9.1619
10.2
9.47619
5.84762
4.71429
8.75238
13.1333
8.50476
4.90476
4.37143
8.26667
7.88571
7.62857
6.6
7.47619
8.45714
9.24762
9.33333
4.10476
14.4381
4.38095
4.52381
5.59048
6.24762
4.41905
4.37143
8.0381
7.68571
8.21905
6.42857
4.73333
6.41905
4.50476
6.90476
11.7524
5.47619
7.50476
6.41905
9.14286
8.2381
10.1619
4.82857
7.3619
7.46667
6.9619
5.30476
5.82857
4.19048
4.28571
8.85714
4.47619
7.42857
7.98095
8.87619
7.57143
7.4381
6.31429
8.75238
8.4
5.82857
5.00952
7.37143
5.0381
4.12381
5.21905
6.18095
8.48571
8.86667
6.17143
5.51429
9.67619
10.0857
5.95238
14.8952
10.2952
11.5333
9.3619
7.66667
7.20952
8.1619
11.0952
8.71429
10.7714
10.4571
11.4286
9.64762
6.94286
7.69524
4.49524
9.3619
6.61905
9.98095
4.60952
5.86667
9.59048
10.5524
8.95238
8.82857
4.01905
5.99048
7.86667
6.7619
8.00952
7.4
5.50476
7.82857
7.8381
5.32381
14.6667
6.67619
6.62857
4.09524
8.79048
7.57143
7.89524
4.54286
4.28571
5.94286
6.39048
6.34286
7.05714
4.39048
8.8381
7.28571
8.0381
6.33333
8.33333
7.54286
7.9619
5.97143
7.72381
6.88571
7.38095
8.19048
8.45714
6.91429
6.10476
7.40952
8.94286
7.94286
11.0952
6.13333
8.42857
8
9.21905
7.86667
9.1619
6.61905
8.11429
6.7619
10.6762
8.50476
6.87619
5.57143
6.4
4.77143
4.19048
7.0381
10
6.47619
4.49524
7.32381
7.90476
8.53333
7.99048
8.81905
7.81905
8.3619
6.57143
7.22857
7.74286
4.62857
10.0286
6
10.8286
6.88571
7.79048
10.181
13.8
6.17143
8.65714
10.0476
7.38095
8.17143
6.62857
8.28571
7.35238
5.8
8.84762
9.67619
9.48571
4.18095
8.39048
7.3619
9.1619
7.72381
10.4857
10.3524
7.92381
4.46667
6.41905
6.2381
8
5.24762
10.8381
6.88571
4.65714
7.51429
4.5619
8.78095
8.72381
6.64762
5.4
12.181
8.38095
6.93333
10.4571
7.74286
8.27619
4.31429
4.72381
4.57143
6.91429
4.54286
6.97143
10.0476
10.181
4.58095
6.11429
6.04762
9.1619
10.8095
8.71429
8.10476
9.07619
7.7619
5.9619
7.68571
7.38095
8.8381
5.79048
5.48571
7.3619
5.26667
9.2
7.38095
4.90476
5.8381
6.75238
10.2381
7.64762
4.72381
5.4381
11.8286
7.92381
10.3524
9.35238
7.85714
15.4762
8.46667
8.24762
9.01905
8.2381
8.50476
7.07619
12.1048
4.20952
11.4762
8.71429
7.0381
6.78095
7.98095
4.45714
5.02857
6.06667
13.2
7.78095
8.07619
10.7048
4.4
10.9238
6.40952
5.74286
9.8381
5.13333
7.25714
6.77143
8.6
7.86667
6.18095
8.29524
8.18095
7.20952
4.49524
7.28571
10.3905
8.17143
7.6381
11.2381
11.2
4.20952
4.59048
6.11429
4.41905
8.05714
4.50476
9.64762
8.80952
5.45714
4.35238
7.29524
6.38095
9.11429
12.3429
5.74286
7.75238
8.77143
6.59048
5.40952
7.11429
6.01905
5.2
4.61905
7.8
6.01905
8.92381
8.81905
13.6381
6.12381
6.2
12.3238
5.84762
4.17143
5.40952
4.81905
4.69524
6.79048
6.85714
6.29524
6.79048
8.68571
5.39048
12.6667
6.35238
8.27619
9.88571
9
7.94286
5.73333
5.6
6.26667
8.60952
10.1333
6.33333
5.61905
11.7048
9
9.74286
8.06667
8.20952
4.8
4.32381
7.89524
8.37143
7.61905
7.74286
7.45714
7.93333
7.00952
8.95238
8.29524
7.75238
9.08571
6
9.12381
11.2476
8.9619
5.69524
6.98095
6.13333
10.6286
7.85714
6.93333
7.8
9.53333
6.10476
7.9619
6.00952
5.07619
9.80952
12.4476
7.44762
5.88571
6.87619
9.82857
4.85714
6.0381
5.68571
6.55238
9.60952
6.79048
7.55238
6.32381
4.50476
6.86667
7.98095
6.93333
4.08571
9.71429
5.41905
9.33333
11.0286
8.27619
7.45714
7.80952
9.42857
11.7714
6.17143
7.46667
11.3143
9.10476
9.71429
4.18095
4.50476
4.34286
7.32381
6.70476
12.5333
4.53333
4.2
9.39048
6.15238
4.89524
8.2
5.47619
11.3905
7.44762
6.77143
8.51429
11.6952
5.95238
6.42857
4.39048
4.55238
6.9619
9.04762
4.88571
11.3714
8.0381
7.95238
6.49524
7.27619
5.77143
11.381
5.84762
10.2667
7.4
9.55238
10.8381
4.53333
7.17143
13.6857
6.07619
9.48571
8.53333
8.06667
8.61905
6.05714
10.5429
10.3238
7.62857
8.72381
8.49524
6.38095
8.01905
4.33333
8.57143
7.5619
6.28571
10.8571
8.59048
11.8952
9.00952
7.54286
12.3238
8.39048
8.85714
8.60952
4.81905
7.6381
10.9238
9.68571
6.39048
6.74286
7.95238
4.57143
4.93333
12.5143
10.9333
7.46667
4.27619
7.2
4.53333
9.37143
8.33333
5.40952
8.6381
8.79048
9.37143
8.94286
8.00952
17.5143
4.4
7.2381
7.34286
8.9619
6.14286
6.94286
10.4667
9.14286
7.64762
6.6
5.9619
11.2476
6.87619
6.44762
6.28571
7.14286
8.24762
7.80952
5.84762
5.08571
4.3619
5.86667
7.4381
6.70476
7.41905
9.78095
6.18095
9.4
5.30476
5.68571
8.8
7.37143
4.6
8.17143
4.38095
4.08571
4.54286
6.80952
6.52381
4.14286
4.31429
8.66667
8.7619
7.47619
6.18095
8.24762
8.99048
7.27619
10.6667
5.92381
7.10476
4.6
6
6.93333
9.46667
4.41905
7.90476
5.32381
7.62857
5.68571
9.19048
6.46667
5.47619
5.66667
6.12381
4.57143
6.94286
4.49524
8.30476
10.9905
8.13333
7.38095
7.75238
4.49524
6.69524
5.3619
7.20952
7.64762
8
4.4381
6.32381
6.80952
6.14286
6.50476
9.45714
7.14286
6.49524
9.40952
6.07619
9.01905
6.2
9.87619
6.29524
9.50476
8.19048
9.65714
5.32381
7.61905
9.4
7.01905
7.12381
5.90476
5.54286
5.75238
5.78095
4.38095
10.6762
7.07619
5.98095
8.19048
12.781
7.45714
4.67619
6.89524
9.02857
7.33333
5.73333
7.22857
10.381
11.0381
4.38095
12.0571
10.7619
9.98095
9.31429
6.26667
4.35238
11.8095
8.73333
8.33333
7.06667
7.29524
4.59048
6.41905
9.04762
11.781
7.75238
8.60952
5.41905
11.1524
9.37143
5.73333
10.0476
8.8
7.85714
5.39048
9.92381
8.92381
8.7619
5.05714
6.4381
7.68571
9.22857
8.21905
11.5905
10.2
12.7048
4.1619
4.88571
4.15238
5.57143
7.44762
9.65714
9.33333
11
7.32381
9.02857
5.17143
6.73333
9.97143
6.18095
8.99048
9.06667
9.52381
9.91429
5.51429
4.24762
8.68571
4.99048
7.20952
8.99048
8.6
4.6381
6.38095
5.20952
6.49524
5.15238
5.4381
8.88571
6.93333
10.1619
9.92381
9.79048
8.47619
9.70476
8.24762
10.0095
6.07619
7.71429
9.1619
6.28571
6.57143
9.8
9.28571
4.22857
9.02857
11.4095
7.24762
13.7524
7.6381
8.27619
6.19048
6.54286
12.4857
7.30476
9.41905
15.5429
5.84762
6.54286
6.6
7.39048
7.7619
5.92381
4.89524
4.20952
7.1619
8.7619
9.07619
7.2381
7.69524
11.2667
7.22857
9.91429
9.37143
11.4762
8.45714
6.88571
7.64762
7.77143
8.10476
11.7048
8.44762
8.6
5.02857
10.1619
8.72381
4.70476
9.34286
4.4
4.30476
6.08571
7.8381
6.07619
8.20952
11.7714
9.59048
7.89524
5.28571
4.87619
7.7619
8.87619
5.48571
5.85714
5.67619
4.88571
7.45714
9.13333
6.46667
9.33333
6.53333
6.72381
4.85714
4.6
10.4667
6.01905
11.2381
4.49524
5.69524
6.90476
10.981
10.3714
10.0762
10.8
10.0857
7.80952
5.17143
7.95238
5.94286
5.25714
6.92381
4.47619
7.51429
4.64762
8.93333
5.52381
6.38095
7.77143
8.50476
8.26667
9.30476
6.90476
11.8952
9.70476
9.17143
7.81905
4.4381
11.4952
9.06667
9.13333
6.35238
9.17143
7.50476
8.32381
4.71429
7.65714
5.30476
6.69524
7.93333
4.24762
8.7619
4.26667
6.1619
9.51429
12.781
8.25714
7.67619
6.93333
6.31429
4.59048
4.10476
6.80952
8.10476
8.26667
9.04762
4.46667
5.3619
6.7619
9.2
11.6667
8.86667
8.37143
6.86667
4.54286
8.2381
8.53333
5.33333
9.99048
10.0667
8.47619
9.91429
8.00952
5.47619
10.6
5.7619
6.6
8.28571
6.4381
8.89524
8.4
8.66667
7.17143
4.04762
5.46667
4.6
8.91429
5.42857
6.11429
5.9619
4.77143
9.4381
6.69524
8.68571
8.64762
8.57143
5.09524
7.79048
9.94286
7.55238
7.18095
4.69524
7.60952
10.9048
6.70476
10.4095
6.70476
4.77143
4.93333
7.99048
5.77143
6.29524
6.2381
9.40952
6.00952
5.86667
8.27619
10.4667
4.69524
9.53333
8.89524
5.04762
7.82857
6.47619
10.2667
8.29524
6.0381
6.85714
8.1619
8.40952
7.55238
4.10476
4.8381
5.8
6.90476
4.18095
5.22857
4.0381
8.99048
6.77143
7.00952
11.4571
8.01905
7.01905
6.15238
4.14286
8.42857
5.71429
11.7238
6.42857
10.8381
6.2381
7.38095
8.3619
4.20952
9.0381
4.88571
4.42857
6.31429
7.12381
12.419
11.3429
7.59048
8.4381
8.17143
6.77143
7.3619
7.08571
8.59048
7.52381
10.0381
6.62857
10.2286
6.5619
6.44762
6.47619
8.15238
5.19048
6.15238
5.93333
10.4286
6.1619
9.0381
6.97143
4.24762
5.64762
5.70476
6.5619
6.59048
8.88571
5.09524
9.33333
7.66667
7.02857
4.28571
6.58095
5.13333
6.74286
6.21905
5.97143
7.80952
5.57143
8.05714
5.22857
10.0762
6.9619
13.219
5.65714
10.9714
6.91429
9.14286
6.73333
7.9619
8.41905
8.40952
7.70476
5.80952
7.37143
10.619
6.82857
11.8857
6.77143
10.0095
10.4476
6.02857
6.30476
5.9619
5.75238
7.01905
5.77143
7.89524
6.75238
5.8381
6.17143
9.82857
5.02857
4.92381
7.59048
8.25714
7.29524
6.8381
5.77143
5.33333
9.25714
8.47619
7.2381
7.60952
6.88571
6.8
8.78095
4.65714
8.06667
4.75238
5.04762
7.00952
6.99048
10.0286
6.9619
6.4381
4.34286
6.60952
7.41905
9.15238
8.7619
5.59048
6.58095
9.99048
4.7619
5.79048
7.93333
5.80952
7.86667
10.6762
4.2381
4.51429
7.77143
7.0381
5.58095
8.7619
8.06667
5.66667
8.61905
4.29524
5.79048
8.52381
9.38095
4.22857
7.00952
5.25714
7.22857
9.4
5.38095
6.77143
6.26667
5.58095
4.40952
9.71429
7.53333
4.24762
8.19048
5.79048
5.28571
8.05714
7.29524
5.99048
8.67619
8.31429
6.2381
8.39048
4.50476
7.04762
6.4381
12.581
7.60952
8.86667
10.4952
9.08571
4.42857
7.41905
8.31429
7.61905
8.97143
7.14286
6.81905
7.54286
5.98095
6.14286
5.50476
8.87619
5.61905
7.66667
4.7619
6.5619
6.4381
5.92381
8.95238
7.8
10.1238
5.57143
4.89524
12.2857
9.32381
7.02857
11.6286
6.19048
7.59048
14.4381
13.3048
5.06667
7.38095
7.11429
9.79048
7.46667
7.32381
8.92381
4.0381
5.51429
7.58095
5.44762
8.00952
9.05714
10.1143
10.5714
5.14286
4.06667
7.9619
8.82857
8.40952
9.20952
9.95238
7.66667
4.67619
10.5238
7.26667
11.8095
9.14286
9.15238
6.97143
9.99048
6.21905
8.6381
8.33333
7.08571
9.61905
8.00952
6.66667
11.7238
11.3905
8.14286
4.00952
6.17143
6.6
8.6
8.4381
9.55238
8.77143
4.32381
7.4
5.78095
8.8
9.52381
11.4
7.40952
6.71429
4.5619
4.13333
6.88571
9.88571
5.01905
9.24762
7.93333
11.181
8.34286
8.52381
6.38095
10.3429
5.98095
7.04762
5.22857
10.6286
12.8286
6.29524
6.18095
5.41905
10.2667
8.09524
7.2381
6.93333
5.47619
5.75238
6.73333
4.88571
5.27619
6.54286
6.65714
8.78095
8.93333
12.2571
7
4.01905
6.15238
6.31429
8.92381
7.12381
12.2857
6.33333
4.31429
9.27619
7.69524
8.08571
7.50476
8.30476
7.19048
5.57143
9.82857
7.89524
11.8952
4.17143
9.6
7.5619
4.74286
9.28571
8.84762
11.8
7.32381
6.10476
7.73333
9.73333
7.95238
9.59048
4.71429
9.22857
6.15238
10.3333
7.6381
7.57143
9.54286
9.29524
10.1619
7
6.53333
6.5619
11.0667
6.85714
8.37143
7.49524
4.18095
5.71429
5.5619
9.33333
9.77143
7.54286
8.47619
10.1905
7.53333
7.62857
4.49524
6.57143
6.85714
6.32381
6.29524
4.57143
4.3619
4.73333
4.67619
4.85714
6.32381
4.08571
6.47619
6.4381
11.2571
7.05714
11.2286
4.25714
7.44762
6.84762
7.67619
8.10476
11.0381
5.08571
5.26667
4.08571
9.09524
7.37143
6.52381
4.11429
8.6381
10.2667
6.79048
8.48571
8.87619
7.55238
6.65714
10.7714
6.91429
4.65714
4.70476
8.02857
8.19048
9.2
9.66667
6.90476
10.6476
8.58095
8.90476
5.07619
4.61905
6.85714
7.38095
6.77143
5.91429
4.22857
8.65714
8.48571
5.84762
6.70476
8.37143
6.41905
7.74286
6.61905
4.26667
6.66667
7.06667
4.94286
8.6
9.10476
8.73333
8.02857
4.5619
5.1619
4.86667
12
8.12381
4.67619
4.46667
7.5619
5.04762
6.50476
5.61905
8.71429
8.99048
8.46667
9.87619
7.28571
4.59048
8.74286
4.80952
6.52381
10.2
6.60952
9.04762
8.89524
8.42857
4.26667
5.48571
5.25714
10.6476
5.1619
5.3619
6.00952
4.39048
4.22857
4.4
12.7143
7.98095
8.29524
4.85714
6.79048
7.26667
4.86667
6.15238
5.51429
7.28571
5.88571
4.59048
6.64762
5.92381
11.019
8.2
6.8
11.3619
5
8.45714
9.22857
7.91429
8.18095
7.82857
5.24762
7.9619
9.97143
7.61905
4.58095
5.15238
7.10476
9.17143
4.30476
4.89524
6.89524
10.4381
4.3619
10.0857
9.55238
4.69524
5.39048
10.1048
7.89524
7.02857
5.07619
8.46667
5.28571
5.5619
7.66667
4.81905
6.20952
9.27619
6.99048
9.32381
4.50476
8.33333
6.6
6.45714
6.35238
4.30476
6.80952
6.06667
5.00952
7.7619
9.30476
5.5619
6.32381
9.53333
7.87619
7.9619
4.78095
4.34286
4.94286
6.51429
7.2
5.31429
5.62857
7.75238
5.93333
4.10476
9.81905
5.75238
6.12381
7.81905
5.42857
7.41905
4.7619
7.50476
4.8
6.99048
5.41905
6.88571
20.2476
8.26667
8.12381
8.30476
6.40952
8.66667
6.51429
10
9.21905
7.02857
7.13333
11.2
8.91429
7.47619
7.68571
6.3619
5.82857
5.8381
4.35238
6.97143
11.8952
6.91429
9.68571
9.40952
5.6381
8.73333
5.09524
9.90476
4.4
5.89524
7.71429
7.31429
4.48571
6.8
7.37143
4.49524
9.1619
8.13333
10.8762
8.66667
6.08571
7.12381
5.34286
7.0381
10.6381
12.2476
6.57143
7.98095
5.09524
5.8381
9.66667
5.74286
6.67619
6.67619
6.93333
4.39048
9.49524
5.82857
6.34286
7.45714
4.91429
8.27619
7.19048
7.9619
10.0952
9.19048
8.3619
7.10476
8.18095
6.24762
5.5619
10.9524
6.98095
6.68571
6.13333
7.98095
7.2
4.70476
6.92381
7.01905
9.70476
6.87619
5.17143
11.581
8.2
9.67619
9.86667
7.00952
10.0762
6.99048
7.00952
4.78095
7.62857
7.51429
9.12381
8.72381
5.04762
7.52381
7.08571
11.9714
5.42857
8.39048
4.82857
4.08571
5.35238
7.82857
9.89524
4.31429
7.4
5.41905
8.14286
5.44762
7.5619
8.04762
7.53333
6.98095
5.81905
7.4
10
11.3714
8.37143
5.74286
7.51429
4.37143
4.50476
4.94286
7.90476
4.99048
4.71429
9.99048
9.22857
6.9619
7.07619
5.80952
5.78095
6.29524
4.81905
7.68571
4.41905
6.66667
11.9905
7.61905
11.4286
8.50476
7.0381
6.60952
6.49524
4.34286
4.50476
7.02857
4.00952
8.32381
10.0571
9.92381
6.52381
7.72381
4.7619
6.04762
7.65714
10.2857
8.4
7.59048
9.25714
5.44762
9.17143
7.21905
8.1619
8.38095
9.2381
5.90476
9.33333
5.42857
4.50476
9.34286
6.47619
7.31429
9.53333
6.11429
6.32381
6.86667
8.48571
8.71429
5.05714
10.6286
13.0476
7.30476
7.19048
13.3238
6.6381
6.75238
6.90476
7.7619
7.45714
8.93333
5.6
8.95238
7.65714
8.94286
4.38095
5.48571
5.6381
7.84762
5.58095
6.8
4.09524
8.41905
6.09524
11.9238
6.01905
6.48571
7.81905
4.25714
5.53333
6.79048
5.54286
6.10476
8.48571
5.33333
5.39048
6.6381
6.41905
7.34286
6.46667
6.52381
6.37143
9.6381
6.75238
5.97143
9.07619
4.50476
8.14286
6.2381
6.61905
6.57143
9.41905
7.45714
7.86667
5.78095
4.44762
8.2381
8.61905
5.62857
6.55238
6.97143
6.51429
8.09524
10.7429
8.42857
5.62857
9.40952
11.6476
5.97143
4.29524
9.55238
4.13333
10.1333
12.4
7.21905
10.5238
9.15238
6.54286
6.78095
6.08571
5.02857
8.53333
9.19048
8
6.12381
8
6.32381
8.33333
5.14286
6.78095
8.79048
4.09524
9.17143
8.28571
6.25714
8.08571
5.50476
6.89524
5.95238
6.89524
6.1619
8.97143
5.44762
5.12381
8.01905
4.26667
11.5048
6.86667
10.1524
8.98095
5.26667
7.21905
7.59048
4.38095
11.3238
5.91429
9.89524
7.27619
11.5238
4.46667
7.08571
6.67619
7.04762
6.11429
8.19048
11.5429
8.70476
4.65714
8.02857
6.28571
11.2476
11.9905
6.06667
12.019
7.8381
5.6
8.05714
9.22857
5.69524
7.97143
6.27619
7.32381
5.5619
7.2
5.64762
4.00952
9.60952
11.5048
8.12381
5.80952
6.04762
10.1619
8.6
10.0095
10.2857
6.52381
6.8
7.4
8.8
8.57143
7.0381
4.53333
4.5619
4.34286
9.28571
4.66667
7.86667
7.3619
5.4
6.6381
7.20952
7.4
9.6381
6.47619
4.4
9.94286
4.40952
4.55238
7.66667
10.4
6.52381
7.85714
10.5333
8.81905
11.7619
7.73333
8.66667
7.71429
9
10.8571
4.9619
7.46667
7.82857
5.68571
4.40952
5.74286
5.6381
6.2
5.8381
5.6381
4.54286
10.3238
6.68571
6.61905
8.32381
8.51429
7.08571
4.41905
9.59048
9.65714
6.9619
5.14286
9.59048
7.18095
7.52381
7.48571
11.2381
6.90476
7.82857
7.19048
4.29524
4.54286
9.3619
8.19048
7.54286
5.39048
4.62857
4.79048
12.8381
6.98095
5.6381
7.00952
10.5905
6.28571
5.51429
7.85714
4.78095
4.12381
11
4.15238
5.18095
4.6381
7.29524
4.58095
7.1619
4.4381
7.92381
8.29524
6.08571
4.46667
9.09524
9.38095
7.26667
4.67619
8.28571
8.54286
7.10476
7.26667
8.26667
5.99048
4.41905
8.84762
8.4381
7.01905
7.20952
7.57143
4.79048
5.70476
4.38095
5.77143
4.99048
8.21905
6.98095
5.24762
6.89524
8.59048
9.45714
4.67619
12.2762
8.20952
6.13333
10.4286
8.20952
7.87619
7.0381
4.57143
7.61905
7.52381
8.31429
9.82857
4.88571
9.7619
10.2571
4.62857
6.21905
10.9048
9.71429
4.07619
6.21905
8.48571
8.80952
5.69524
9
8.99048
11.0095
9.77143
10.3619
6.91429
12.781
7.07619
5.8381
4.57143
6.27619
9.3619
5.26667
5.40952
11.181
7.50476
9.20952
6.58095
4.8381
10.8
6.22857
10.7238
13.2095
6.72381
5.25714
4.26667
8.30476
7.54286
5.9619
10.7524
4.13333
7.7619
8.35238
7.95238
8.85714
10.8381
9.66667
7.39048
8.22857
8.08571
10.2667
5.99048
11.5143
6.28571
6.39048
6.1619
6.15238
7.86667
4.8381
6.64762
7.49524
5.11429
4.28571
10.9238
4.87619
4.8381
5.55238
6.78095
8.17143
11.1714
7.90476
8.4
9.48571
6.95238
5.52381
4.51429
9.08571
5.59048
5.24762
10.2
4.74286
6.69524
10.4762
7.68571
6.98095
7.82857
7.35238
6.29524
4.6
6.53333
5.52381
4.84762
9.59048
8.9619
5.84762
6.1619
11.7429
9.59048
9.25714
7.66667
4.8381
6.90476
8.68571
6.60952
8.53333
7.68571
9.40952
9.09524
5.68571
5.01905
10.181
9.64762
5.31429
6.31429
7.2381
5.78095
7.94286
6.26667
7.10476
7.4381
9.75238
9.41905
6.04762
11.7333
4.93333
5.01905
7.81905
4.04762
7.38095
4.20952
9.88571
7.4381
6.65714
7.40952
5.50476
8.79048
7.20952
4.66667
5.60952
7.68571
5.67619
7.46667
10.2476
6.29524
6.31429
6.80952
5.93333
4.75238
4.60952
8.37143
6.31429
4.66667
6.1619
8.29524
7.33333
5.06667
12.4286
8.75238
6.6
8.82857
4.24762
6.87619
4.37143
9.45714
8.49524
11.5429
11.019
8.18095
5.21905
5.24762
8.86667
8.5619
6.10476
8.6
8.28571
7.92381
6.07619
9.67619
7.84762
6.17143
8.90476
7.91429
5.52381
9.84762
7.68571
5.73333
11.1524
4.75238
6.02857
9.11429
7.8381
6.6
4.77143
10.2381
5.85714
8.99048
10.6476
9.52381
8.74286
5.01905
7.22857
5.48571
5.55238
4.41905
12.5524
6.9619
4.11429
5.29524
6.32381
5.54286
6.40952
5.12381
5.81905
7.13333
6.97143
4.85714
4.40952
6.70476
4.57143
7.54286
5.62857
8.84762
6.30476
7.93333
7.75238
5.8
7.9619
10.5143
4.84762
7.19048
6.65714
6.6
7.00952
10.1429
8.4
4.49524
10.2381
6.88571
4.46667
4.8
6.05714
7.14286
6.25714
5.78095
4.92381
11.419
6.08571
4.82857
6.54286
10.1905
11.6762
7.2
7.72381
6.1619
11.0952
9.19048
6.97143
4.06667
8.27619
6.44762
10.0286
5.87619
4.89524
8.41905
7.74286
11.7143
5.45714
5.52381
12.819
6.14286
13.5333
6.34286
7.29524
8.15238
6.39048
6.51429
9.5619
8.98095
5.88571
10.8381
4.02857
6.4
9.65714
5.69524
4.75238
9.29524
9.27619
8.13333
7.26667
7.90476
10.8857
8.53333
5.66667
6.10476
4.25714
4.73333
4.35238
7.49524
13.9429
6.53333
7.54286
8.33333
6.87619
5.94286
9.11429
5.70476
6.69524
8.91429
4.1619
7.11429
5.04762
7.28571
4.50476
7.2
8.53333
10.9429
8.39048
4.49524
4.68571
6.84762
7.31429
10.8286
9.50476
7.38095
11.9333
8.13333
5.4
8.62857
7.4381
8.49524
8.06667
8.94286
6.46667
6.45714
8.52381
5.09524
9.89524
8.71429
11.1238
8.00952
9.77143
5.7619
9.99048
9.55238
8.42857
6.39048
5.98095
4.73333
22.1143
6.66667
5.71429
8.8
6.2381
7.78095
9.64762
10.2952
5.92381
10.7905
7.64762
4.5619
4.69524
9.46667
4.47619
4.29524
8.24762
9.70476
4.13333
6.35238
8.85714
8.82857
12.0476
9.48571
8.19048
4.1619
6.79048
5.6381
8.46667
5.52381
10.1333
7.72381
4.41905
5.27619
5.17143
5.75238
4.0381
4.57143
4.81905
6.42857
9.1619
8.30476
4.7619
7.98095
6.72381
6.34286
6.53333
8.4381
4.79048
7.40952
4.30476
8.9619
9.62857
10.3238
6.8381
6.30476
9.50476
9.08571
9.60952
5.4381
8.4381
8.06667
7.64762
4.99048
4.45714
5.1619
6.25714
8.13333
9.71429
12.6762
7.99048
7.2
7.18095
4.51429
7.31429
8.58095
6.91429
6.85714
9.29524
6.4381
7.91429
5.0381
4.29524
7.94286
7.37143
8.84762
4.37143
8.02857
9.17143
9.17143
6.78095
11.1333
8.29524
4.17143
6.62857
12.9619
12.1429
6.99048
7.73333
9.71429
6.73333
7.18095
7.8
6.79048
10.019
7.62857
7.04762
8.11429
7.26667
9.8
4.48571
6.2381
5.62857
7.9619
7.29524
8.13333
7.7619
6.47619
6.39048
6.9619
7.18095
6.72381
5.06667
5.48571
6.26667
6.74286
6.64762
4.49524
7.72381
7.08571
7.29524
6.88571
8.64762
7.59048
5.17143
6.71429
6.8381
4.44762
6.74286
9.45714
6.97143
6.11429
6.58095
5.05714
7.78095
6.27619
5.64762
8.51429
7.55238
6.22857
9.08571
7.40952
6.1619
7.30476
6.39048
4.61905
9.72381
5.33333
10.7238
6.39048
5.40952
4.90476
4.61905
9.05714
4.68571
9.45714
9.69524
6.44762
7.24762
4.5619
7.84762
5.17143
7.60952
5.44762
9.19048
6.42857
4.18095
8.74286
9.60952
8.60952
7.51429
5.4
4.25714
4.93333
6.6
7.1619
7.01905
7.5619
6.0381
10.7143
8.40952
10.6857
9.3619
10.0762
8.12381
8.21905
7.10476
11.3714
5.94286
8.59048
10.3143
7.4
6.93333
6.02857
4.74286
4.48571
8.71429
4.87619
7.30476
5.09524
5.50476
10.1238
7
9.61905
8.06667
4.61905
6.53333
7.2
4.89524
5.42857
6.64762
6.94286
7.30476
6.62857
4.37143
6.6381
6.49524
4.81905
6.35238
6.51429
7.82857
10.7714
6.61905
11.3333
9.8381
6.11429
4.4381
6.37143
5.86667
4.05714
8.45714
4.65714
7.69524
10.8476
8.17143
10.1524
7.29524
5.66667
13.6286
4.08571
9.49524
9.58095
7.30476
5.70476
9.51429
9.49524
7.84762
4.3619
4.69524
8.61905
4.21905
9.47619
4.22857
7.4
8.84762
8.64762
10.4762
11.5619
9.52381
4.38095
6.39048
6.49524
9.4381
4.59048
4.66667
8.60952
8.4
4.82857
5.21905
4.40952
5.08571
10.3333
11.4571
5.05714
7.7619
4.52381
8.49524
9.38095
4.65714
4.24762
7
7.33333
7.04762
12.5429
9.14286
4.71429
9.6
11.181
4.42857
7.49524
6.21905
6.30476
8.73333
4.72381
12.1048
6.38095
10.0667
7.97143
4.4
4.26667
10.7905
7.2
6.25714
12.0571
7.64762
4.15238
7.88571
6.60952
4.39048
8.8381
4.70476
6.48571
6.41905
7.93333
6.09524
5.38095
6.97143
7.67619
8.40952
9.01905
10.5905
7.00952
7.07619
11.6857
7.51429
8.29524
7.33333
5.97143
4.18095
4.35238
5.17143
8.02857
4.4
8.75238
8.51429
5.97143
6.2381
4.57143
5.11429
6.71429
6.70476
8.62857
4.62857
5.74286
8.13333
9.3619
6.78095
7.68571
7.05714
11.6286
5.55238
6.21905
7.26667
10.5714
10.1333
8.2381
5.90476
8.94286
7.35238
7.65714
4.64762
4.66667
7.31429
7.05714
8.49524
5.69524
10.2857
9.12381
5.17143
5.69524
6.85714
4.66667
6.8
12.0762
9.80952
6.94286
7.67619
9.54286
8.28571
7.85714
6.44762
4.15238
8.79048
5.15238
6.01905
7.4
8.31429
8.11429
5.15238
6.52381
7.11429
10.6857
6.81905
8.45714
5.95238
4.30476
6.93333
5.57143
5.95238
4.11429
10.3714
4.33333
10.7429
10.1048
5.2
4.89524
4.53333
11.6095
7.53333
10.419
4.14286
7.02857
4.69524
8.30476
8.60952
8.10476
4.59048
7.74286
6.72381
8.68571
8.30476
8.50476
8.74286
6.74286
5.80952
8.60952
11.6095
4.22857
10.5619
9.42857
4.97143
11.8571
7.3619
5.70476
4.8
9.95238
6.05714
7.26667
4.2
7.80952
5.39048
5.82857
4.45714
9.95238
10.5524
11.781
5.98095
4.26667
10.1048
13.9524
6.18095
7.8
7.35238
8.74286
7.11429
6.17143
6.41905
9.12381
4.51429
4.34286
8.55238
7.46667
10.5333
10.1714
11.4857
4.2381
5.89524
9.37143
4.69524
9.26667
5.71429
9.14286
5.53333
10.7619
7.97143
9.12381
4.66667
5.61905
8.81905
5.20952
6.59048
8.9619
8.8381
5.67619
8.44762
12.4762
13.3429
6.27619
8.4
6.46667
4.57143
8.18095
8.20952
9.5619
5.26667
5.9619
7.72381
8.68571
8.39048
5.17143
4.38095
7.32381
6.08571
6.90476
5.53333
7.21905
5.94286
7.0381
5.62857
7.45714
6.1619
7.06667
8.48571
8.57143
8.44762
4.66667
11.9143
4.61905
7.20952
5.39048
5.73333
6.08571
6.25714
8.35238
7.12381
6.52381
10.4
6.79048
4.07619
7.65714
5.49524
4.57143
4.18095
7.49524
5.84762
7.70476
4.6381
10.7429
5.79048
6.57143
4.6381
7.2381
6.77143
9.14286
7.55238
5.4381
7.22857
6.61905
4.52381
6.0381
6.9619
6.93333
7.45714
4.15238
4.2381
4.21905
8.14286
5.70476
6.59048
8.00952
6.87619
7
7.04762
7.01905
6.61905
9.33333
6.32381
4.80952
4.6
6.05714
4.46667
6.74286
7.69524
6.30476
8.87619
9.71429
7.48571
6.98095
10.1333
5.88571
7.78095
6.68571
6.70476
6.06667
8.19048
4.6381
9.97143
5.02857
6.1619
6.57143
8.35238
4.29524
4.44762
8.08571
6.01905
6.73333
5
12.3143
10.4762
9.10476
4.51429
5.98095
8.67619
4.45714
6.08571
6.4
8.67619
9.51429
5.15238
4.3619
5.86667
6.52381
6.95238
12.2952
6.81905
6.20952
8.17143
6.14286
9.40952
5.92381
6.05714
6.82857
5.6
5.51429
5.13333
7.24762
4.32381
6.0381
6.19048
8.18095
7.85714
10.4762
7.07619
8.51429
7.93333
7.65714
7.51429
4.97143
4.4
7.8381
10.8286
4.3619
7.69524
10.4095
7.37143
6.9619
4.6
6.71429
6.2
6.55238
9.75238
4.4
8.13333
9.38095
5.50476
5.01905
4.41905
8.70476
6.4
6.34286
8.86667
7.35238
6.8
4.55238
8.75238
10.7714
6.91429
8.59048
8.35238
4.75238
35.0571
5.19048
7.3619
6.30476
8.32381
9.91429
5.58095
5.47619
5.9619
5.09524
7.70476
4.27619
9.75238
5.59048
9.17143
11.381
4.45714
8.95238
4.95238
8.31429
5.54286
5.66667
6.67619
6.7619
8.4
4.75238
7.4
10.6095
9.22857
10.8762
9.40952
13.2762
8.33333
8.1619
7.79048
6.87619
10.4667
8.13333
7.19048
7.34286
10.6381
10.5524
6.81905
11.0952
4.15238
7.42857
8.11429
9.45714
4.29524
6.05714
5.73333
8.09524
7.49524
5.1619
8.90476
6.53333
7.4
9.33333
9.57143
6.5619
6.10476
6.27619
5.71429
4.11429
6.97143
9.21905
4.4
5.84762
8.80952
7.07619
6.20952
4.30476
5.50476
4.4381
6.31429
8.6
8.62857
7.8381
5.40952
10.0857
8.24762
7.06667
4.21905
4.47619
5.00952
7.65714
10.2952
7.64762
8.85714
11.9143
7.74286
6.08571
5.61905
6.86667
9.13333
9.98095
7.87619
6.4
5.02857
8.2381
5.67619
5.49524
10.4286
7.80952
6.21905
4.69524
8.9619
7.87619
5.66667
6.9619
6.90476
6.69524
4.2
7.25714
7.01905
5.1619
7.01905
5.98095
9.06667
4.07619
8.54286
4.41905
8.19048
7.08571
8.6
10.2857
8.57143
6.61905
6.61905
10.0762
10.1048
5.25714
7.62857
4
10.6571
9.19048
6.3619
8.24762
9.79048
8.4
6.54286
9.71429
9.12381
5.68571
6.61905
8.62857
7.90476
5.47619
4.00952
5.9619
4.35238
10.8095
4.26667
7.38095
10.1333
5.50476
5.64762
8.5619
4.27619
8.39048
9.4
5.09524
8.53333
6.65714
5.33333
5.35238
8.2
6.33333
6.82857
7.68571
7.80952
6.8381
8.60952
11.9333
8.21905
4.61905
4.48571
9.26667
7.40952
5.95238
4.5619
6.57143
6.3619
8.6
6.93333
7.79048
10.5524
4.2381
10.5905
5.27619
6.01905
6.8
4.70476
6.01905
5.02857
11.5333
5.85714
4.57143
8.0381
6.69524
8.2381
5.29524
8.66667
7.77143
5.94286
6.97143
7.74286
6.4381
8.6381
4.39048
9.53333
4.78095
10.9524
4.64762
8.81905
6.87619
10.5905
6.10476
9.57143
9.12381
5.97143
6.46667
5.44762
6.79048
11.781
5.17143
4.52381
5.93333
7.02857
9.77143
6.6
6.94286
8.75238
4.50476
7.70476
9.22857
6.2
8.93333
6.35238
7.3619
6.4
6.21905
7.4381
9.75238
5.41905
7.29524
4.68571
4.44762
6.70476
4.68571
11.2
5.12381
6.95238
9.67619
4.71429
7.44762
5.19048
4.6381
4.25714
7.64762
5.32381
7.14286
4.4
9.26667
5.64762
9.19048
11.6857
9.18095
8.95238
7.11429
6.33333
7.90476
10.1238
9.73333
4.6
8.20952
6.0381
9.71429
10.219
6.69524
6.65714
5.14286
10.2667
11.9524
7.48571
5.51429
6.8381
8.20952
6.14286
7.35238
9.99048
6.62857
6.45714
9.25714
5.54286
8
6.28571
7.60952
9.4
7.7619
8.01905
7.57143
8.74286
8.74286
5.94286
5.38095
4.22857
6.68571
4.2
7.58095
12.0286
6.14286
4.28571
6.49524
10.619
7.01905
8.21905
7.25714
6.48571
4.10476
9.62857
11.019
10.6952
10.5524
7.92381
7.4381
6.90476
8.30476
8.8
5.58095
8.4381
6.80952
8.65714
12.4952
6.81905
6.22857
4.17143
7.72381
6.51429
4.21905
7.8381
7.25714
11.0762
6.10476
7.00952
7.55238
12.5333
4.22857
7.78095
6.84762
5.48571
7.75238
8.5619
8.39048
12.381
9.13333
6.17143
6.85714
5.93333
8.77143
7.26667
4.72381
5.90476
6.09524
7.60952
4.06667
7.94286
8.65714
7.3619
9.87619
8.73333
4.38095
8.73333
6.42857
6.97143
7.52381
9.06667
9.94286
7.49524
5.31429
8.53333
7.6381
5.27619
11.181
5.65714
12.4667
5.50476
8.75238
7.0381
5.39048
6.06667
5.8381
5.22857
6.54286
4.5619
5.50476
4.21905
8.02857
5.7619
7.57143
8.12381
7.09524
6.41905
4.65714
6.32381
13.1238
6.28571
4.47619
5.7619
9.2381
5.71429
9.87619
6.21905
4.41905
7
9.61905
5.48571
8.2381
12.9143
7.84762
10.0952
6.17143
6.41905
9.58095
6.29524
5.90476
8.11429
8.14286
6.05714
8.4381
5.01905
7.61905
12.1524
9.06667
6.28571
5.21905
6.47619
5.46667
5.52381
6.86667
4.51429
6.99048
11.9048
6.41905
6.92381
7.94286
4.95238
4.28571
9.29524
10.181
6.9619
6.91429
8.87619
4.98095
8.18095
4.97143
6.48571
9.1619
9.50476
9.60952
4.26667
6.39048
4.72381
4.29524
4.7619
10.1048
6.99048
7.12381
4.57143
7.2
4.2381
7.59048
7.00952
4.26667
7.34286
9.95238
6.41905
7.19048
4.48571
5.87619
6.67619
4.53333
6.88571
6.07619
8.22857
5.61905
8.18095
7.44762
6.80952
8.46667
8.5619
16.419
8.60952
8.72381
7.69524
10.7333
8.4381
7.30476
7.5619
14.3048
7.0381
5.2
6.68571
6.46667
8.41905
5.91429
6.89524
5.0381
8.06667
7.6
4.01905
5.7619
7.6
6.82857
9.90476
8.09524
10.5619
6.58095
10.1619
4.30476
6.64762
4.34286
6.87619
7.93333
11.781
9.40952
10.7905
9.37143
8.40952
5.11429
4.42857
5.50476
7.30476
6.5619
7.51429
6.42857
9.60952
7.6
7.22857
10.419
6.90476
10.6667
6.93333
11.4381
10.0571
6.7619
7.52381
7.52381
10.8571
6.38095
9.2
5.02857
7.77143
4.57143
8.60952
11.6762
6.20952
6.5619
6.60952
4.90476
7.22857
5.93333
5.24762
5.6
5.7619
9.84762
6.93333
6.9619
6.34286
6.2381
8.40952
4.75238
4.24762
8.18095
5.93333
6.19048
7.12381
8.17143
11.7429
7.77143
7.13333
8.32381
6.10476
4.06667
4.82857
9.98095
8.4
7.04762
4.37143
5.49524
7.53333
10.3905
5.6381
5.68571
7.8
7.02857
5.81905
7.66667
8.45714
8.21905
4.6381
4.26667
6.95238
7.89524
4.34286
5.24762
4.87619
5.80952
5.04762
7.40952
9.07619
5.20952
12.219
7.4
7.32381
4.6381
6.0381
6.7619
9.0381
10.8095
6.66667
9.31429
5.38095
7.17143
9.25714
6.42857
4.61905
8.49524
4.5619
7.31429
8.93333
6.04762
10.1333
8.9619
9.11429
7.28571
6.78095
4.04762
6.89524
4.55238
6.46667
4.48571
9.68571
7.39048
4.34286
4.6
6.04762
7.28571
6.78095
7.25714
4.39048
9.45714
7.59048
7.67619
7.4
6.75238
5.17143
6.74286
8.27619
9.51429
4.80952
15.4952
4.78095
6.06667
7.59048
5.49524
7.00952
6.9619
4.72381
9.85714
7.00952
5.80952
7.2
4.06667
7.41905
7.61905
7.51429
7.3619
6.5619
9.25714
8.77143
9.57143
7.02857
4.66667
8.0381
4.70476
4.59048
7.30476
8.44762
9.72381
5.86667
8.19048
4.60952
5.99048
9.53333
10.1048
4.32381
9.09524
8.39048
11.2
7.66667
5.66667
8.30476
8.47619
5.13333
10.3238
5.24762
5.60952
6.15238
5.8
9.40952
4.82857
7.55238
10.1333
4.05714
9.41905
6.81905
7.51429
11.2381
6.58095
4.21905
5.73333
5.58095
6.0381
6.15238
6.69524
5.51429
7.13333
4.90476
5.78095
8.41905
7.93333
5.86667
11.0762
5.65714
4.47619
10.1714
4.10476
5.42857
6.7619
8.21905
9.08571
4.61905
8.64762
5.71429
5.8381
11.4571
10.9524
5.70476
4.60952
8.8381
5.51429
6.94286
8.37143
4.14286
5.86667
4.17143
7.79048
7.06667
9.21905
6.48571
11.4476
4.11429
6.7619
6.57143
14.2286
8.2381
6.90476
5.04762
4.29524
5.70476
4.58095
11.781
7.61905
10.7143
7.22857
6.74286
8.8
9.48571
6.85714
6.99048
11.5524
8.4
4.72381
6.37143
7.01905
12.1714
6.88571
6.9619
6.45714
8.4381
10.6
9.49524
10.5619
5.35238
7.14286
10.581
6.62857
7.48571
4.38095
6.77143
4.24762
6.06667
4.18095
9.32381
4.42857
8.67619
12.2095
6.4381
11.2095
5.3619
6.59048
4.4
5.79048
8.74286
4.77143
5.8381
9.70476
13.3619
6.14286
8.81905
8.26667
10.8762
8.52381
9.00952
4.57143
6.12381
8.02857
9.4381
7.74286
4.7619
6.11429
4.71429
5.6381
5.7619
4.45714
7.02857
6.00952
9.05714
4.31429
9.21905
7.71429
9.04762
6.8381
9.08571
10.8095
6.01905
6.01905
8.74286
5.67619
8.04762
4.22857
4.33333
7.47619
4.73333
6.7619
7.91429
9.9619
7.66667
7.49524
10.7619
6.27619
8.80952
7.04762
8.1619
9.60952
9.02857
8.51429
13.8095
8.92381
5.7619
6.11429
6.87619
7.81905
6.25714
9.59048
7.92381
4.5619
9.20952
11.1524
9.74286
5.35238
8.78095
7.9619
8.98095
7.54286
8.15238
10.8
4.55238
9.00952
4.90476
8.57143
8.92381
6.39048
6.70476
8.86667
6.97143
9.6381
9.79048
4.50476
7.99048
8.07619
9.20952
12.1143
7.84762
6.02857
4.6
4.70476
9.0381
10.5905
4.53333
8.77143
15.0857
12.0571
11.819
7.61905
6.4
7.70476
6.99048
4.08571
5.70476
5.20952
7.73333
4.37143
4.45714
4.60952
7.2
7.77143
11.2762
7.8381
4.08571
5.2381
7.77143
6.37143
4.51429
4.52381
8.44762
8.31429
9.04762
8.40952
7.07619
8.79048
7.1619
8.78095
8.37143
8.31429
10.6
8.68571
11.1429
6.07619
7.34286
4.42857
6.2
7.7619
10.3714
6.34286
10.2857
7.66667
7
6.75238
9.21905
5.59048
4.31429
6.58095
6.27619
4.17143
7.41905
4.4
4.59048
6.29524
9.24762
10.2952
5.99048
7.75238
4.48571
5.05714
6.42857
5.53333
6.69524
8.94286
4.28571
7.66667
5.46667
5.91429
5.5619
4.91429
11.6857
6.99048
9.45714
6.91429
8.37143
7.38095
6.29524
8.13333
8.12381
10.6762
6.38095
7.70476
4.28571
7.3619
7.98095
4.38095
10.0476
8.21905
5.33333
6.12381
4.22857
4.29524
7.98095
7.99048
7.66667
7.26667
6.09524
6.85714
12.4476
8.64762
7.30476
6.14286
11.8857
4.62857
6.38095
9.2
5.54286
4.62857
5.20952
9.04762
6.4381
7.65714
6.00952
8.48571
6.61905
6.61905
5.4
4.3619
8.94286
8.40952
8.4381
7.06667
6.15238
5.74286
6.30476
9.19048
5.85714
5.09524
5.99048
7.99048
5.31429
5.70476
8.95238
4.69524
4.42857
5.95238
6.67619
6.93333
8.84762
5.6381
9.12381
5.44762
9.72381
6.08571
9.00952
6.79048
4.34286
4.41905
4.42857
4.9619
5.75238
5.4
6.3619
12.6571
7.48571
7.81905
13.3333
9.86667
5.4381
11.7048
7.39048
8.04762
11.2952
6.15238
10.9238
8.66667
4.4381
8.19048
7.88571
10.8
11.8476
6.77143
6.89524
6.98095
7.13333
8.00952
5.30476
5.50476
5.21905
11.3333
6.27619
4.26667
7.79048
7.22857
4.62857
6.11429
7.85714
7.32381
10.0571
8.85714
4.5619
5.50476
5.5619
6.4
6.2381
8.18095
9.05714
11.2381
8.91429
8.80952
7.08571
4.49524
7.50476
8.28571
7.32381
9.07619
4.90476
5.95238
6.4
8.70476
7.21905
4.78095
10.019
5.97143
13.5333
7.64762
11.3143
7.66667
6.17143
7.30476
9.40952
4.01905
7.5619
8.45714
4.79048
6.25714
11.5905
8.5619
4.50476
4.14286
5.73333
4.1619
9.71429
7.89524
8.2381
12.4762
7.51429
9.7619
12.9619
8.88571
8.67619
4.93333
6.44762
8.9619
5.80952
6.95238
6.79048
7.14286
5.41905
4.49524
7.13333
8.09524
4.15238
5.67619
8.31429
6.41905
5.49524
9.25714
7.46667
10.181
8.21905
4.04762
9.33333
6.69524
7.55238
7.54286
7.34286
7
10.5238
8.2381
10.5714
7.4381
8.12381
6.42857
6.82857
12.0286
7.40952
6.55238
5.81905
4.52381
4.78095
6.6
4.61905
5.57143
4.89524
5.45714
5.88571
5.60952
7.82857
6.89524
6.77143
5.55238
7.8381
9.54286
6.55238
6.48571
4.24762
5.32381
13.0762
6
4.90476
5.75238
6.05714
9.07619
4.50476
5.95238
7.11429
6.52381
9.68571
6.30476
6.17143
4.44762
6.28571
4.70476
5.27619
7.80952
6.4381
7.18095
8.15238
5.6381
6.8
10
7.89524
9.88571
5.78095
8.44762
8.52381
7.65714
6.44762
6.4381
8.70476
6.06667
8.18095
8.92381
5.40952
8.30476
8.15238
7.66667
9.33333
6.82857
6.86667
7.02857
5.07619
5.74286
5.07619
7.60952
12.1143
4.07619
8.20952
5.51429
8.72381
8.3619
9.68571
7.91429
10.7238
5.94286
5.80952
5.98095
7.25714
8.46667
6.93333
10.6381
4.42857
8.04762
7.42857
5.58095
9.14286
7
4.52381
5.60952
4.44762
7.89524
5.70476
6.25714
7.31429
11.3143
6.28571
8.58095
7.20952
6.81905
6.58095
8.90476
8.53333
4.33333
8.77143
4.19048
8.05714
5.30476
10.9333
10.0381
5.75238
7.31429
7.99048
9.18095
4.6
4.4
5.59048
7.42857
5.46667
8.48571
7.98095
5.45714
9.75238
5.78095
5.6381
4.07619
6.15238
4.79048
9.89524
7.22857
7.18095
9.35238
6.58095
6.02857
7.4381
7.06667
7.55238
7.52381
4.21905
7.75238
5.6381
7.32381
6.04762
4.48571
9.78095
5.13333
4.12381
7.30476
6.17143
5.25714
5.69524
6.89524
5.52381
9.2
4.2
8.6381
4.93333
8.71429
6.90476
8.10476
4.14286
7.3619
7.05714
7.4
8.26667
7.19048
4.44762
7.31429
6.62857
4.67619
8
9.95238
5.90476
4.71429
7.3619
6.05714
5.74286
7.30476
4.47619
4.34286
11.8857
13.7429
7.99048
8.32381
9.42857
6.37143
4.32381
5.25714
5.84762
8.17143
4.37143
11.2667
7.42857
8.9619
5.8381
4.40952
9.82857
4.46667
9.91429
5.11429
7.34286
7.53333
6.55238
7.78095
6.8
4.61905
4.18095
4.25714
6.67619
7.45714
4.4381
7.33333
6.33333
9.64762
4.58095
7.35238
5.8381
4.31429
4.27619
9.01905
13.1048
5.34286
6.33333
6.60952
9.89524
9.22857
4.02857
7.8381
8.71429
8.37143
5.7619
5.2
6.87619
9.80952
10.1714
6.90476
10.5238
5.71429
6.0381
8.6381
5.65714
7.58095
6.59048
6.04762
5.32381
8.79048
6.93333
4.42857
6.7619
4.8381
7.68571
9.38095
7
6.54286
12.2
9.45714
7.78095
5.4
6.30476
5.84762
6.68571
7.41905
10.2952
10.9333
5.6
7.28571
9.75238
6.92381
6.8381
8.38095
6.53333
7.10476
6.73333
10.2381
4.53333
7.01905
6.66667
6.38095
6.99048
7.8381
7.19048
5.93333
4.17143
5.90476
6.45714
6.33333
5.00952
5.51429
5.54286
6.57143
5.68571
9.77143
8.0381
5.29524
8.33333
5.2381
8.5619
4.87619
6.75238
9.9619
7.21905
6.51429
4.34286
6.50476
7.15238
5.29524
5.71429
5.12381
5.47619
7.41905
10.5143
7.00952
6.44762
5.95238
5.72381
7.4
11.7429
5.26667
4.89524
6.52381
8.32381
8.27619
7.00952
4.10476
4.3619
8.88571
5.22857
11.4286
5.68571
10.7429
5.74286
6.73333
6.13333
7.79048
8.88571
8.04762
13.019
6.32381
9.08571
5.81905
4.20952
4.38095
9.88571
8.31429
7.47619
6.01905
8.05714
6.91429
7.15238
8.84762
4.97143
6.72381
6.55238
5.6381
8.92381
7.12381
8.06667
8.91429
6.09524
6.67619
4.45714
4.31429
4.10476
5.02857
10.4476
4.59048
6.86667
5.47619
5.24762
6.57143
4.02857
7.9619
11.6571
5.54286
4.51429
6.01905
6.95238
10.2762
9.84762
9.33333
6.25714
9.57143
5.46667
7.68571
4.68571
7.2
5.84762
4.21905
6.12381
7.67619
6.14286
7.27619
8.18095
7.4381
7.84762
5.60952
9.45714
6.50476
6.44762
6.82857
8.11429
7.53333
6.8
10.1238
7.58095
10.1333
6.38095
5.45714
9.89524
11.5905
8.7619
5.91429
5.40952
9.8381
6.40952
4.2381
9.87619
5.17143
7.50476
4.28571
10.5905
12.4476
8.32381
10.4667
6.01905
8.79048
6.62857
7.75238
9.78095
9.91429
5.70476
4.52381
5.72381
8.14286
7.88571
7.99048
5.08571
7.55238
6.51429
7.85714
8.14286
8.57143
8.13333
11.6476
7.07619
7.13333
4.7619
6.18095
7.27619
7.53333
5.37143
5.88571
4.41905
6.1619
5.84762
4.37143
9.66667
4.41905
7.37143
5.11429
5.15238
4.31429
5.86667
4.82857
5.81905
8.59048
11.419
7.6381
4.30476
12.0476
8.06667
9.87619
6.25714
8.78095
4.6381
6.34286
7.29524
5.67619
7.46667
7.01905
4.08571
5.44762
6.50476
5.05714
6.32381
7.34286
6.37143
7.11429
4.30476
10.7905
7.28571
4.88571
4.8381
7.42857
6.97143
9.70476
4.31429
8.19048
5
9.65714
5.8381
7.18095
6.35238
7.64762
9.35238
4.51429
11.381
5.74286
7.24762
13.4667
4.70476
4.69524
9.60952
7.17143
7.71429
6.0381
4.65714
4.44762
8.37143
4.14286
7.89524
4.53333
8.77143
5.49524
9.68571
4.77143
6.98095
7.75238
9.10476
4.9619
10.581
9.48571
5.90476
11.0762
5.69524
4.28571
4.41905
10.3524
11.6476
8.10476
7.75238
6.88571
7.57143
4.31429
8.77143
6.0381
5.91429
8.22857
7.6
8.52381
7.77143
5.31429
6.11429
7.7619
5.91429
5.4
8.90476
8.65714
9.20952
10.3143
10.2952
11.2476
8.41905
11.419
6.8
6.39048
8.24762
4.01905
4.82857
4.92381
13.4952
6.85714
8.49524
6.84762
9.70476
4.42857
5.74286
5.39048
7.73333
5.81905
10.0762
9.30476
7
7.40952
4.20952
5.09524
4.33333
6.04762
7.99048
6.28571
7.17143
9.41905
8.72381
11.5238
5.20952
4.32381
8.26667
4.86667
7.48571
4.84762
4.69524
4.35238
7.88571
4.37143
4.73333
5.69524
5.52381
6.48571
6.62857
5.6381
7.04762
8.4381
7.8381
10.581
8.49524
9.6381
6.38095
10.2381
6.27619
6.37143
6.14286
9.97143
7.2381
4.58095
5.61905
4.1619
9.39048
12.1048
10.6857
8.62857
6.30476
6.04762
4.8381
6.15238
5.6381
4.78095
4.18095
4.50476
7.02857
6.04762
9.4381
4.79048
7.39048
8.39048
7.45714
6.2381
6.02857
8.79048
5.90476
6.58095
8.91429
8.21905
4.66667
10.8762
7.89524
7.73333
5.30476
5.93333
6.25714
5.37143
10.2857
12.8286
4.42857
4.79048
6.35238
9.19048
9.84762
9.31429
6.74286
6.46667
6.68571
6.67619
9.18095
7.44762
10.6476
7.95238
6.41905
5.95238
7.30476
10.2476
5.98095
4.34286
7.44762
5.6
6.41905
5.91429
5.94286
4.19048
5.88571
5.98095
6.11429
5.0381
9.60952
6.80952
7.5619
9.17143
4.65714
7.74286
9.88571
9.88571
9.35238
9.62857
6.77143
4.38095
4.04762
5.17143
7.18095
6.29524
7.44762
9.13333
9.17143
9.84762
6.73333
4.21905
4.10476
5.4
6.28571
5.18095
4.66667
6.28571
5.65714
7.37143
6.98095
4.25714
8.4381
9.98095
5.37143
11.6095
6.89524
8.89524
6.74286
7.48571
7.74286
10.6762
11.5524
10.0095
7.29524
8.17143
4.35238
7.68571
4.13333
6.32381
4.78095
5.26667
6.72381
9.1619
6.51429
6.93333
4.26667
4.2
7.28571
5.33333
9.58095
9.39048
5.32381
6.25714
9.49524
5.61905
7.04762
5.30476
6.41905
6.33333
4.45714
5.73333
7.6381
6.39048
7.22857
4.44762
5.55238
6.37143
4.99048
6.70476
5.79048
4.92381
7.19048
5.79048
7.80952
8.71429
10.8476
5.28571
5.04762
5.73333
9.97143
7.31429
4.0381
7.82857
7.12381
6.81905
7.91429
5.69524
8.32381
7.25714
7.06667
4.57143
7.40952
4.13333
4.59048
6.20952
5.40952
6.79048
7.41905
9.82857
6.42857
4.57143
9.41905
4.25714
9.0381
8.9619
5.28571
8.7619
7.74286
4.94286
4.21905
9.06667
4.58095
5.35238
9.25714
10.581
7.92381
5.59048
5.50476
7.25714
6.3619
4.5619
9.99048
10.4
9
4.8381
6.53333
6.82857
10.6762
4.9619
6.72381
11
11.4762
6.30476
10.5714
10.3048
4.0381
6.71429
9.32381
8.62857
4.71429
7.73333
5.37143
7.13333
10.2952
6.28571
5.8
7.05714
6.84762
5.06667
8.12381
7.78095
5.24762
6.82857
6.86667
5.94286
5.55238
7.53333
4.39048
8.69524
5.85714
6.8
7.35238
8.37143
4.65714
5.14286
4.37143
4.3619
9.28571
6.6381
5.39048
4.19048
5.3619
4.87619
10.981
5.46667
7.0381
5.80952
10.9524
9.11429
5.72381
6.54286
8.8381
9.40952
5.69524
4.37143
4.38095
4.17143
6.27619
4.21905
6.69524
11.819
4.50476
11.4952
11.6286
4.68571
7.2381
6.70476
4.44762
6.70476
7.97143
5.5619
7.10476
5.8
8.57143
7.18095
9.28571
7.81905
9.53333
4.37143
10.2
7.51429
11.4667
4.42857
12.5905
10.6381
10.1238
12.0571
6.21905
4.39048
4.98095
6.92381
5.92381
7.55238
8.14286
6.20952
4.22857
4.35238
6.29524
4.78095
6.19048
11.6381
4.39048
4.74286
8.37143
8.40952
10.0857
8.7619
11.381
6.74286
5.80952
8.07619
8.2
7.81905
8.35238
6.94286
8.1619
5.64762
9.73333
5.4381
4.15238
5.42857
4.89524
4.19048
4.31429
6.94286
6.79048
4.27619
10.181
9.69524
7.0381
7.20952
6.5619
7.01905
7.8
11.0286
5.78095
6.81905
7.87619
10.8286
8.25714
4.49524
8.33333
5.61905
9.2381
8.20952
6.3619
9.53333
7.6
5.42857
6.47619
6.46667
9.14286
8.46667
10.7619
6.17143
10.1619
9.28571
5.67619
5.32381
4.21905
7.27619
9.59048
8.17143
5.91429
9.41905
4.48571
6.1619
6.30476
8.33333
7.9619
4.18095
8.61905
6.02857
8.95238
7.71429
6.27619
4.48571
4.3619
6.53333
4.42857
6.09524
5.01905
7.77143
4.80952
4.27619
4.25714
5.61905
15.0952
9.89524
5.79048
5.74286
6.52381
5.65714
7.47619
8.67619
7.39048
4.27619
5.08571
7.29524
8.51429
7.17143
7.44762
7.14286
6.89524
6.88571
6.34286
7.85714
7.12381
6.52381
7.35238
8.71429
4.34286
4.58095
7.4
4.51429
7.71429
9.33333
12.3429
11.0571
7.41905
6.59048
8.89524
10.381
4.95238
4.17143
8.19048
4.53333
8.30476
6.54286
9.94286
8.74286
6.8
7.93333
6.05714
4.51429
8.99048
7.14286
5.53333
4.39048
5.90476
4.6
5.2381
7.10476
12.6476
8.50476
9.41905
6.07619
6.73333
5.95238
9.82857
5.47619
8.08571
8.5619
7.37143
9.04762
7.30476
10.2952
5.44762
4.39048
6.52381
17.6
7.94286
9.06667
9.93333
8.29524
5.29524
5.60952
6.99048
8.07619
4.07619
11.8286
12.0762
7.41905
6.91429
8.29524
5.54286
6.8381
4.68571
8.4381
12.9714
6.10476
4.54286
10.8476
6.9619
8.94286
5.04762
7.27619
7.99048
11.9524
7.46667
11.8667
7.1619
8.87619
6.79048
6.13333
9.01905
10.0762
6.21905
4.61905
6.6
6.0381
9.70476
6.02857
5.44762
4.33333
4.98095
4.39048
5.93333
5.82857
7.30476
5.72381
8.29524
4.20952
9.37143
5.52381
4.27619
4.27619
9.1619
4.57143
6.87619
4.66667
6.49524
7.42857
5.87619
6.38095
5.47619
9.12381
6.06667
8.2
4.08571
9.84762
4.44762
9.73333
5.46667
4.32381
5.82857
8.80952
10.2667
5.45714
9.25714
8.66667
13.5333
5.30476
8.67619
4.42857
4.78095
4.55238
5.37143
10.4571
4.52381
9.44762
4.19048
4.10476
8.9619
7.07619
6.45714
9.93333
4.68571
4.51429
6.93333
8.41905
5.69524
5.6
6.47619
5.35238
6.32381
6.42857
8.78095
7.12381
5.87619
4.26667
4.50476
4.8
8.26667
6.38095
6.87619
10.0667
8.02857
7.0381
5.67619
6.70476
11.2095
5.81905
7.98095
5.46667
6.11429
7.0381
7.60952
4.24762
6.07619
5.29524
7.75238
4.13333
13.6286
8.92381
4.70476
8.38095
4.39048
7.44762
4.78095
4.75238
7.4
9.31429
8.21905
7.1619
4.41905
5.65714
6.12381
4.88571
8.28571
9.10476
6.34286
6.62857
6.41905
7
5.31429
7.51429
6.2
6.26667
4.24762
4.8381
4.55238
5.81905
5.17143
5.98095
7.0381
10.7905
4.35238
5.50476
5.52381
6.79048
5.00952
4.68571
7.97143
6.75238
5.85714
5.2381
5.78095
4.42857
4.5619
8.58095
6.27619
4.4381
5.93333
6.81905
8.38095
4.08571
4.41905
8.48571
6.59048
9.73333
5.2381
8.67619
6.9619
9.2
11.9048
10.0476
6.28571
6.90476
11.1048
7.18095
7.50476
11.0286
7.81905
7.54286
9.65714
6.89524
4.00952
7.20952
6.93333
5.71429
4.00952
7.77143
6.3619
12.8
10
6.8381
8.81905
6.73333
10.6952
7.05714
7.19048
8.33333
7.22857
5.77143
8.6381
9.33333
6.47619
7.11429
8.69524
7.70476
7.3619
6.53333
5.4381
11.2952
4.49524
6.24762
4.44762
4.66667
7.98095
9.4
6.55238
7.08571
4.24762
8.50476
4.35238
13.2762
10.2095
9.06667
11.1524
5.67619
8.33333
6.84762
7.37143
8.17143
7.3619
5.25714
5.53333
7.02857
8.71429
7.45714
8.12381
9.57143
4.27619
4.8381
4.45714
9.57143
5.4
6.7619
4.5619
6.87619
7.81905
6.27619
7.46667
4.93333
9.86667
8.69524
9.44762
4.86667
8.8381
8.05714
7.86667
8.40952
8.84762
6.64762
5.35238
6.51429
6.98095
7.17143
9.47619
7.6
7.05714
10.1524
4.47619
5.2381
9.49524
4.22857
5.92381
4.55238
4.53333
6.64762
5.4
4.30476
6.53333
4.00952
7.66667
4.29524
8.94286
7.1619
4.79048
8.2
4.2381
6.20952
5.38095
8.44762
7.35238
6.22857
7.62857
4.29524
4.58095
4.41905
6.68571
6.61905
7.95238
6.42857
4.21905
6.5619
6.39048
7.92381
4.98095
4.78095
6.67619
5.85714
4.4381
8.58095
8.79048
6.60952
7.20952
7.20952
6.89524
5.75238
4.44762
6.49524
10.3238
7.8381
8.27619
6.44762
5.55238
6.6381
4.29524
8.22857
5.4
8.15238
5.97143
6.37143
7.35238
7.84762
5.12381
6.6
8.64762
4.11429
6.47619
5.26667
7.47619
8.71429
6.5619
7.27619
5.39048
5.78095
6.21905
4.33333
5.81905
5.01905
5.33333
4.24762
7.93333
11.6857
9.24762
7.91429
11.4476
4.94286
6.55238
4.55238
6.05714
10.6476
7.02857
8.90476
9.79048
9.01905
8.28571
6.45714
6.99048
6.41905
7.97143
8.52381
4.52381
5.64762
7
14.381
7.4
7.09524
6.97143
4.97143
7.97143
5.68571
4.29524
8.40952
8.33333
6.58095
10.3238
4.21905
5.34286
7.25714
7.32381
4.73333
7.9619
6.38095
19.1429
8.92381
6.30476
10.2381
7.15238
6.68571
7.97143
5.84762
7.87619
4.30476
6.6
4.10476
8.55238
6.68571
8.21905
9.2
11.3905
5.41905
4.32381
5.8381
4.27619
7.33333
10.8857
4.85714
8.12381
4.68571
6.81905
9.85714
7.42857
6.70476
8.20952
4.82857
5.13333
5.32381
6.59048
5.73333
7.42857
5.78095
7.58095
5.95238
9.1619
4.3619
4.31429
4.41905
5.08571
6.82857
6.9619
5.8
7.60952
6.77143
4.37143
4.06667
4.64762
4.69524
4.66667
5.82857
7.86667
12.3619
4.47619
6.88571
7.35238
9.6
7
6.62857
10.0286
4.51429
10.3048
11.2952
9.20952
9.9619
4.33333
4.26667
4.26667
4.30476
9.80952
11.7905
9.54286
11.419
5.82857
12.8095
8.30476
9.53333
7.62857
10.3238
4.68571
10.8476
4.46667
8.14286
7.4
7.51429
8.20952
6.84762
4.55238
8.22857
4.73333
4.50476
5.08571
4.61905
4.61905
7.13333
6.22857
10.981
4.15238
8.44762
10.7714
4.7619
7.51429
10.5238
6.86667
4.41905
5.07619
7.94286
6.02857
5.13333
4.6381
8.13333
6.9619
8.74286
9.90476
11.5429
7.15238
6.70476
6.4381
10.2381
7.77143
6.02857
5.69524
4.67619
6.86667
8.72381
6.10476
6.50476
7.32381
18.5905
9.08571
4.32381
5.10476
4.95238
7.73333
7.11429
4.58095
6.10476
4.22857
4.18095
6.81905
4.89524
7.22857
4.51429
10.1524
8.75238
4.64762
5.6
5.77143
10.6381
4.37143
6.82857
7.44762
6.51429
6.39048
11.9333
8.98095
5.90476
5.98095
4.24762
4.11429
4.5619
5.7619
9.10476
6.89524
6.37143
8.1619
5.80952
5.25714
6.42857
8.21905
5.18095
5.30476
10.219
6.00952
5.26667
6.32381
7.52381
6.65714
6.05714
4.79048
6.00952
4.1619
4.15238
8.1619
6.86667
4.67619
8.00952
6.62857
8.98095
4.24762
4.70476
4.41905
4.52381
10.781
8.05714
5.33333
4.25714
4.29524
6.78095
5.72381
6.12381
4.32381
4.47619
6.40952
6.51429
4.6
7.18095
6.48571
9.17143
6.08571
4.18095
10.019
4.00952
8.89524
7.77143
9.8381
7.52381
7.8381
4.55238
8.7619
7.06667
8.44762
7.58095
8.25714
6.4381
7
6.8381
10.2286
10.5238
4.01905
7.1619
8.45714
5.92381
7.04762
6.52381
4.93333
6.6
4.37143
6.68571
7.4381
4.89524
7.9619
6.29524
6.22857
5
11.7524
4.52381
4.35238
6.13333
7.69524
9.33333
4.15238
7.14286
7.54286
7.55238
11.3048
4.31429
4.2381
7.66667
6.5619
7.49524
5.59048
4.94286
7.64762
9.91429
6.79048
8.90476
6
8.41905
6.4381
7.15238
8.3619
7.13333
4.37143
9.59048
5
7.13333
7.6
4.84762
4.20952
4.08571
4.55238
4.29524
11.0095
6.6381
7.20952
6.50476
6.61905
6.29524
8.08571
3.13333
3.86667
7.0381
6.94286
5.35238
5.27619
5.98095
3.12381
4.94286
3.50476
5.97143
7.14286
8.01905
5.01905
3.26667
3.50476
5.31429
3.2
5.68571
3.09524
3.37143
3.20952
6.34286
6.53333
3.67619
8.68571
5
5.73333
8.80952
6.6381
4.81905
3.50476
3.41905
4.8381
8.91429
4.89524
7.19048
4.91429
5.07619
5.86667
5.6381
3.4381
5.21905
7.73333
6.64762
9.08571
5.35238
4.73333
5.07619
4.19048
6.30476
7.87619
4.51429
6.32381
5.51429
3.49524
3.38095
4.59048
5.54286
6.61905
3.30476
4.40952
7.40952
9.82857
3.31429
8.17143
7.35238
3.51429
4.13333
3.18095
11.619
5.45714
6.18095
8.6381
5.01905
6.04762
5.71429
7.01905
11.4381
8.14286
6.68571
6.60952
10.0476
5.10476
5.04762
6.33333
3.13333
3
5.5619
4.30476
6.68571
3.62857
3.41905
3.40952
5.46667
5.79048
3.50476
4.38095
4.78095
3.07619
6.21905
7.19048
5.38095
3.51429
6.11429
9.80952
3.81905
4.04762
6.4
9.55238
7.84762
3.28571
6.27619
4.35238
6.4
3.24762
3.49524
4.49524
3.42857
4.72381
5.14286
4.35238
6.19048
5.07619
6.71429
3.86667
5.42857
4.1619
4.71429
5.61905
5.46667
4.64762
4.2381
5.97143
5.9619
5.01905
3.17143
3.15238
3.42857
5.40952
5.06667
3.64762
8.58095
6.02857
5.84762
3.42857
6.59048
3.17143
7.79048
3.18095
3.72381
4.33333
4.3619
3.2
5.6381
4.69524
5.17143
4.2
5.93333
5.28571
3.57143
3.71429
3.54286
9.22857
7.61905
6.06667
3.64762
5.13333
5.61905
8.28571
5.44762
7.32381
3.2381
10.3238
11.9143
4.25714
3.98095
6.70476
4.44762
6.15238
5.3619
6.28571
4.17143
6
3.2381
5.01905
3.34286
3.67619
3.27619
6.7619
3.11429
4.9619
5.65714
3.6
5.45714
18.5905
4.37143
4.11429
3.75238
6.82857
3.25714
6.45714
3.29524
6.21905
3.4
7.47619
7.39048
5.20952
8.6381
5.42857
4.62857
5.35238
4.61905
3.55238
5.87619
4.8
6.27619
4.89524
8.90476
5.7619
3.11429
8.24762
3.84762
6.2
3.27619
3.06667
5.45714
5.50476
5.01905
3.05714
5.62857
6.00952
6.74286
4.85714
5.18095
4.09524
5.65714
6.15238
7.13333
7.14286
3.6381
3.50476
8.60952
8.48571
6.85714
3.8381
8.18095
4.58095
4.55238
3.29524
11.4095
3.22857
7.97143
3.04762
6.67619
6
11.2762
3.38095
4.32381
3.49524
5.10476
6.88571
9.65714
3.55238
3.27619
11.1333
4.72381
3.29524
7.5619
7.64762
5.81905
7.85714
4.93333
7.45714
5.21905
5.77143
8.05714
9.06667
5.20952
6.18095
3.26667
3.05714
5.8381
5.13333
8.15238
5.5619
3.49524
3.60952
3.5619
3.29524
5.3619
3.39048
8.19048
3.54286
5.1619
5.06667
6.4381
4.4381
6.77143
6.87619
5.80952
3.18095
7.17143
6.84762
4.88571
3.91429
3.2
5.91429
5.74286
5.04762
6.51429
3.27619
6.8381
3.53333
3.10476
5.70476
3.68571
3.18095
9.17143
3.70476
3.77143
3.55238
3.98095
3.39048
3.3619
5.59048
3.14286
3.58095
3.34286
3.44762
3.67619
5.24762
5.35238
3.38095
5.18095
6.68571
3.78095
6.05714
7.73333
4.64762
5.67619
3.02857
7.60952
5.2381
3.82857
7.62857
3.75238
4.87619
6.46667
3.51429
5.22857
5.26667
7.3619
5.77143
5.42857
7.60952
9.10476
3.35238
7.64762
4.06667
5.84762
11.7524
9.34286
5.48571
4.88571
6.09524
3.49524
3.49524
3.3619
5.22857
6.25714
3.30476
6.02857
3.22857
10.0476
5.85714
7.75238
7.35238
8.71429
8.94286
3.0381
6.00952
3.8381
5.51429
6.67619
6.4381
3.74286
5.84762
3.2381
5.10476
4.99048
5.54286
11.0381
8.4
6.68571
5.42857
29.4286
6.98095
6.17143
3.50476
3.66667
3.2
4.38095
6.72381
7.00952
6.45714
5.47619
7.19048
3.59048
5.42857
3.53333
3.6381
3.2
3.50476
9.07619
3.88571
7.69524
5.05714
8.05714
4.60952
6.85714
4.47619
5.35238
4.87619
4.4
3.48571
6.2381
6.6
9.78095
3.47619
3.66667
5.69524
4.58095
6.68571
4.51429
6.02857
5.53333
7.82857
7.87619
3.90476
3.25714
5.37143
5.33333
3.24762
6.15238
3.09524
9.45714
5.98095
4.54286
3.07619
7.18095
3.01905
5.94286
4.13333
3.79048
5.71429
5.34286
5.38095
5.37143
7.48571
6.57143
5.50476
3.32381
5.3619
6.39048
7.88571
5.81905
9.69524
6.2
3.41905
5.67619
3.37143
6.91429
4.54286
7.35238
3.08571
4.34286
5.14286
4.74286
3.10476
3.82857
3.19048
5.14286
5.4381
4.49524
5.75238
8.5619
5.06667
4.31429
4.82857
6.13333
4.58095
3.25714
6.0381
4.8381
3.95238
4.78095
3.05714
3.26667
8.44762
8.50476
4.79048
5.15238
4.32381
9.20952
3.2381
7.53333
4.97143
7.19048
6.17143
6.62857
4.18095
4.49524
5.85714
4.71429
3.02857
9.07619
8.78095
7.59048
5.75238
5.78095
8.66667
7.82857
5.2381
7.05714
10.6762
4.47619
7.9619
6.02857
5
5.05714
6.08571
3.50476
3.15238
8.57143
3.26667
3.11429
3.30476
6.90476
3.81905
5.81905
3.2381
4.41905
5.4
3.0381
3.50476
5.32381
3.38095
5.67619
7.2381
3.48571
3.46667
5.15238
5.99048
3.12381
4.73333
4.68571
6.31429
3.34286
3.13333
3.21905
6.12381
3.57143
3.29524
4.15238
3.22857
3.59048
3.51429
4.73333
3.01905
7.34286
5.25714
8.54286
4.78095
6.13333
5.2
5.33333
7.98095
4.26667
3.31429
3.01905
3.17143
5.20952
4.38095
5.08571
6.8
9.70476
5.77143
3.5619
9.90476
5.46667
5.17143
3.15238
3.29524
3.18095
3.0381
5.6
5.46667
7.98095
3.46667
7.24762
8.62857
8.62857
4.87619
5.82857
5.5619
7.79048
9.54286
3.38095
3.93333
3.21905
5.73333
5.4381
4.59048
5.02857
7.08571
6.85714
3.52381
4.74286
6.10476
3.55238
3.2
5.73333
7.97143
3.35238
11.9333
4.65714
8.61905
7.17143
7.55238
7.40952
3.53333
6.11429
3.39048
3.82857
3.25714
5.87619
8.44762
3.3619
5.34286
7.3619
3.25714
3.53333
3.17143
5.6
6.66667
6.20952
4.82857
6.60952
3.04762
4.79048
3.6381
5.70476
8.37143
6.4
4.98095
5.13333
5.59048
6.19048
3.50476
3.6
5.2
3.75238
5.10476
4.59048
3.24762
8.79048
5.24762
3.32381
3.11429
5.17143
3.2
5.57143
8.20952
3.29524
3.20952
3.42857
3.4
5.97143
4.34286
5.24762
3.41905
6.44762
4.87619
5.45714
3.37143
5.88571
3.27619
3.5619
3.74286
6.70476
3.15238
3.10476
5.74286
5.8
4.33333
3.51429
4.57143
4.80952
3.93333
3.35238
3.80952
9.66667
4.6
4.07619
3.70476
4.94286
6.5619
5.07619
6.68571
3.60952
7.57143
3.52381
4.10476
8.61905
3.51429
7.3619
3.13333
5.42857
4.98095
3.42857
6.25714
3.01905
6.15238
6.68571
3.6
3.51429
3.22857
9.28571
8.00952
4.22857
3.37143
7.65714
3.28571
4.99048
6.6381
7.04762
3.10476
3.32381
4.99048
3.11429
3.3619
9.77143
3.21905
6.60952
3.70476
11.0095
3.89524
5.68571
6.24762
4.21905
3.34286
3.29524
3.32381
11.6857
6.42857
5.75238
5.98095
3.3619
5.4381
5.60952
3.3619
7.12381
9.17143
3.24762
6.75238
3.38095
5.92381
8.25714
6.09524
4.11429
5.82857
5.87619
5.10476
11.819
7.28571
5.57143
3.22857
3.28571
3.33333
3.41905
4.69524
8.79048
3.17143
3.39048
3.2381
3.0381
3.04762
3.33333
5.91429
3.50476
3.34286
7.13333
3.28571
9.55238
7.66667
6.13333
7.94286
5.05714
3.04762
5.6
3.11429
8.28571
5.42857
6.31429
3.14286
5.52381
5.13333
3.24762
3.33333
3.27619
5.88571
6.67619
3.12381
6.77143
3.57143
7.51429
5.91429
3.10476
4.28571
5.73333
4.99048
7.33333
5.24762
5.24762
5.66667
3.8381
5.44762
7.65714
5.81905
3.62857
8.2
4.91429
3.15238
3.33333
5.24762
4.7619
3.59048
3.4381
6.47619
8.24762
3.4
3.26667
8.19048
6.74286
5.29524
5.60952
7.25714
8.4
6.02857
4.93333
10.181
5.38095
3.65714
3.18095
3.3619
3.26667
8.0381
3.75238
3.68571
3.26667
6.01905
8.35238
4.30476
7.6
6.92381
4.52381
7.72381
4.91429
4.25714
5.46667
3.21905
4.75238
4.80952
5.08571
4.97143
5.08571
8.31429
5.68571
4.80952
4.88571
6.79048
3.58095
5.00952
6.65714
3.3619
7.12381
6.04762
7.67619
4.28571
7.22857
3.53333
4.81905
7.27619
5.47619
5.18095
4.06667
3.42857
4.29524
5.10476
9.20952
7.82857
3.4
4.78095
5.69524
3.54286
7.13333
6.37143
8.14286
9.64762
7.2
7.97143
5.90476
7.24762
7.19048
3.6381
6.47619
6.19048
3.50476
7.50476
7.50476
6.75238
4.58095
5.00952
3.20952
7.90476
8.78095
6.58095
3.21905
5.49524
3.8381
3.00952
5.39048
6.77143
3.3619
3.4
7.49524
6.94286
8.01905
3.2
3.46667
3.47619
5.04762
4.06667
3.24762
5
3.72381
3.09524
3.65714
4.31429
4.90476
5.2
6.48571
6.3619
6.52381
4.59048
13.2571
3.22857
4.87619
6.59048
3.2381
3.12381
3.27619
7.49524
4.91429
3.97143
3.26667
4.07619
3.22857
3.12381
4.26667
4.45714
4.77143
3.04762
4.01905
4.62857
4.42857
3.68571
5.82857
4.89524
7.47619
5.66667
5.60952
5.06667
5.07619
7.82857
5.38095
4.99048
3.21905
5.74286
3.34286
3.55238
4.82857
7.68571
4.6
3.59048
3.20952
3.32381
5.94286
3.2381
3.58095
7.64762
7.07619
7.27619
5.75238
3.80952
5.26667
5.27619
5.68571
4.44762
6.75238
5.61905
4.86667
3.33333
8.06667
3.57143
5.6381
6.64762
5.57143
6.02857
6.25714
6.57143
7.26667
3.04762
5.26667
6.82857
6.13333
3
5.70476
5.65714
6.73333
5.31429
3.50476
9.74286
3.91429
3.6
4.15238
3.39048
3.25714
6.82857
5.40952
5.10476
5.31429
3.97143
7.22857
7.19048
7.34286
8.8381
3.21905
3.53333
3.34286
4.94286
6.2381
7.91429
5.31429
3.20952
5.34286
3.2381
8.32381
5.15238
6.40952
3.89524
7.77143
7.6381
5.74286
4.44762
4.49524
7.38095
3.58095
3.19048
6.5619
4.68571
4.61905
5.80952
8.38095
3
5.04762
10.4952
3.26667
4.87619
3.27619
3.46667
5.25714
7.8381
4.45714
4.94286
8.37143
4.88571
7.02857
5.51429
7.21905
3.40952
3.06667
4.0381
6.8
3.5619
5.34286
5.14286
9.93333
3.26667
6.88571
5.31429
5.5619
3.41905
8.81905
13.5143
6.8
5.55238
7.19048
6.18095
4.14286
7.33333
9.44762
4.97143
5.46667
7.05714
7.20952
8.12381
5.72381
7.26667
7.05714
4.67619
7.31429
3.0381
5.26667
8.10476
5.14286
7.60952
9.05714
5.08571
6.93333
10.5905
5.08571
3.54286
5.39048
7.2381
3.90476
5.42857
5.80952
8.25714
5.7619
5.29524
11.3714
3.09524
4.8
3.12381
5.78095
4.61905
3.21905
3.31429
7.34286
4.93333
5.52381
3.41905
11.2571
8.35238
4.91429
3.68571
5.65714
6.20952
3.30476
6.64762
4.92381
3.18095
4.90476
7.8
3.54286
6.25714
4.82857
5.19048
5.17143
3.04762
6.08571
6.39048
8.71429
8
3.2381
3.47619
4.99048
8.08571
3.60952
6.11429
3.59048
3.54286
8.82857
3.31429
3.42857
9.71429
5.65714
5.20952
10.5905
7.42857
6.44762
4.6381
6.85714
6.85714
10.4952
5.3619
4.08571
5.37143
8.01905
6.57143
3.67619
4.98095
6.58095
5.61905
3.38095
4.4
4.95238
3.02857
7.74286
3.64762
6.40952
7.30476
7.45714
8.79048
5.70476
3.38095
8.06667
5
4.01905
5.18095
7.8
6.4
4.90476
3.31429
3.5619
3.26667
3.17143
4.88571
7.35238
5.28571
3.12381
6.6
3.27619
5.32381
3.28571
3.61905
3.25714
5.50476
5.61905
6.54286
4.6
3.13333
6.44762
3.17143
6
3.21905
7.86667
10.2095
5.09524
3.45714
9.59048
7.0381
3.31429
3.21905
5.09524
8.80952
6.78095
3.58095
5.94286
3.07619
9.55238
5.68571
7.91429
5.47619
6.59048
3.35238
3.02857
5.2
3.08571
6.17143
7.64762
5.17143
7.5619
5.10476
5.99048
5.17143
4.24762
3.26667
8.95238
6.5619
3.30476
5.75238
8.66667
3.8
3.40952
4.62857
5.82857
3.10476
11.1714
6.90476
3
4.87619
7.32381
5.48571
5.28571
6.88571
4.50476
3.0381
4.79048
6.09524
5.07619
4.91429
7.22857
3.20952
8.30476
5.65714
6.18095
4.97143
3.22857
6.1619
5.12381
3.31429
5.77143
7.17143
6.6381
3.45714
4.50476
3.2381
7.20952
3.55238
6.11429
5.66667
5.15238
3.17143
6.14286
3.22857
8.85714
3.70476
9.51429
5.92381
3.49524
3.02857
5.67619
3.22857
6.68571
9.46667
5.2381
3.60952
3.27619
5.60952
5.12381
7.18095
3.30476
6.29524
3.32381
5.00952
12.4476
7.2
8.13333
5.33333
4.34286
3.22857
5.01905
9.94286
3.14286
4.98095
3.51429
3.55238
9.60952
4.27619
3.4381
3.94286
3.10476
6.92381
3.11429
5.34286
6.78095
5.58095
5.05714
5.46667
7.81905
4.41905
6.4381
6.06667
3.39048
3.06667
3.8
4.70476
5.18095
5.68571
3.09524
6.15238
6.14286
3.47619
3.89524
4.42857
3.01905
3.08571
3.55238
5.69524
6.00952
3.78095
3.24762
5.99048
5.81905
5.00952
3.30476
7.07619
7.25714
3.14286
3.4
3.13333
5.78095
3.57143
3.41905
6.46667
3.08571
3.11429
3.19048
8.41905
3.05714
3.09524
8.04762
3.2381
4.73333
4.68571
5.46667
4.88571
4.14286
4.86667
8.06667
5.3619
6.26667
5.62857
5.87619
8.75238
6.78095
4.74286
7.61905
7.61905
4.8381
5.13333
3.42857
4.14286
4.45714
6.25714
5.46667
3.6381
3.18095
4.44762
5.19048
5.99048
3.86667
4.66667
4.27619
5.26667
5.68571
3.70476
3
9.34286
6.01905
6.22857
5.75238
4.48571
6.48571
5.97143
3.09524
3.17143
5.6381
5.54286
3.8381
3.3619
5
12.3619
5.8381
5.75238
9.18095
8.39048
5.58095
3.29524
3.22857
3.70476
5.07619
6.13333
6.01905
3.48571
4.67619
4.39048
10.019
8.01905
7.29524
4.99048
3.0381
3.41905
6.57143
4.98095
8.32381
8.60952
5.57143
5.40952
7.04762
5.48571
6.45714
5.8
3.38095
3.20952
3.71429
3.21905
4.69524
3.20952
3.70476
8.10476
6.62857
6.62857
8.4381
4.79048
6.80952
3.05714
7.42857
8.19048
5.6381
4.68571
9.24762
5.17143
3.24762
4.38095
7.4
10.2667
3.18095
5
3.7619
7.37143
3.40952
3.59048
5.31429
3.95238
4.92381
3.4
5.15238
6.09524
3.50476
3.62857
4.33333
6.18095
4.22857
4.81905
3.4381
3.32381
3.8
4.91429
3.86667
7.28571
4.34286
3.51429
9.99048
5.74286
3.2381
9.46667
7.79048
5.6381
3.92381
7.09524
5.71429
6.20952
5.50476
6.67619
4.29524
4.10476
8.38095
3.21905
5.5619
4.91429
5.62857
6
5.48571
3.13333
6.8
7.44762
3.24762
8.21905
3.02857
4.20952
7.49524
5.1619
6.49524
3.67619
3.72381
6.4
6.59048
7.84762
8
7
3.27619
3.26667
6.49524
3.91429
3.1619
4.80952
5.18095
9.32381
4.46667
9.64762
3.0381
3.92381
5.79048
4.81905
4.07619
6.48571
4.94286
6.34286
5.35238
4.78095
3.21905
6.21905
11.0857
3.33333
7.30476
7.54286
3.33333
7.99048
5.86667
5.7619
7
3.8381
8.75238
3.34286
5.26667
7.46667
4.98095
3.33333
5.68571
9.62857
6.55238
7.27619
5.44762
4.69524
8.2381
3.35238
4.93333
3.3619
5.75238
3.21905
9.01905
3.59048
5.77143
3.21905
3.21905
3.32381
5.33333
5.27619
5.1619
8.67619
4.27619
5.24762
4.81905
8.21905
6.13333
5.25714
4.8381
7.90476
5.70476
3.54286
4.73333
8.01905
3.50476
5.21905
6.05714
3.29524
4.8381
6.15238
7.86667
3.3619
6.05714
3.4
4.97143
10.0476
5.3619
3.32381
7.46667
3.6381
3.45714
5.3619
3.45714
7
4.58095
3.20952
3.08571
5.9619
7.6381
5.11429
5.19048
5.11429
8.06667
3.93333
3.51429
3.71429
3.28571
5.32381
3.26667
6.31429
4.32381
3.57143
3.06667
3.29524
8.24762
4.22857
4.70476
3.09524
3.12381
6.7619
4.01905
3.09524
5.3619
3.35238
3.46667
8.59048
3.22857
7.00952
4.59048
7.44762
7.62857
5.80952
5.91429
5.66667
10.7048
7.84762
3.19048
6.08571
3.48571
8.54286
6.26667
3.98095
5.39048
9.6
3.49524
8.50476
5.39048
5.99048
3.73333
4.99048
3.14286
5.35238
8.01905
5.89524
6.11429
7.15238
3.47619
5.4381
3.20952
7.79048
8.72381
3.05714
3.18095
3.59048
4.88571
5.54286
9.51429
7.50476
10.3429
7.50476
3.55238
5.11429
7.31429
4.1619
8.08571
6.99048
9.53333
6.01905
3.26667
4.18095
4.66667
5.21905
4.95238
6.35238
4.99048
5.1619
6.68571
3.7619
3.32381
7.55238
7.7619
3.78095
7.95238
3.0381
8.19048
3.97143
5.20952
4.42857
5.69524
5
6.84762
5.53333
4.86667
3.82857
6.10476
6.89524
7.1619
7.78095
6.70476
6.8381
6.73333
3.13333
7.06667
4.92381
8.38095
3.79048
3.2381
4.52381
5.4381
5.04762
5.61905
4.39048
5.34286
3.19048
4.21905
5.61905
5.33333
7.05714
3.55238
6.55238
5.55238
7.2381
7.7619
6.19048
3.81905
3.6381
5.2
3.17143
5.84762
3.44762
7.35238
5.35238
3.1619
3.21905
3.35238
4.82857
3.18095
5.81905
9.64762
7.09524
4.86667
8.97143
5.0381
6.17143
4.62857
5.4381
5.33333
7.62857
5.89524
6.24762
7.01905
3.34286
5.50476
4.51429
5.44762
5.48571
3.22857
3.6381
6.77143
5.2
3.6381
3.19048
3.42857
5.6
3.26667
6.62857
3.95238
3.4
3.09524
5.84762
3.2381
5
7.65714
3.85714
3.69524
5.73333
5.22857
4.77143
6.26667
7.80952
5.55238
5.78095
6.49524
6.52381
3.1619
5.30476
4.66667
3.60952
3.29524
7.2381
5.75238
4.99048
3.86667
6.78095
5.53333
7.5619
5.59048
6.04762
7.22857
9.31429
4.88571
4.89524
3.58095
6.14286
6.44762
7.0381
3.1619
3.24762
5.39048
5.41905
3.13333
3.6
9.41905
7.37143
7.10476
5.6
3.40952
7.18095
3.25714
4.11429
5.04762
11.0476
7.00952
5.42857
3.45714
7.39048
5.4
5.10476
7.80952
4.67619
7.8381
3.4381
9.57143
3.18095
5.64762
3.41905
5.80952
4.25714
6.01905
3.28571
8.51429
3.34286
6.58095
3.84762
9.11429
5.49524
3.49524
5.27619
6.79048
6.94286
3.69524
3.81905
7.34286
3.59048
4.65714
5.84762
4.92381
3.04762
3.65714
6.25714
5.91429
7.49524
3.53333
4.71429
3.30476
5.80952
5.02857
4.68571
11.0857
7.00952
7.51429
3.45714
4.21905
3.19048
7.11429
3.29524
3.06667
7.13333
3.38095
3.20952
5.7619
6
3.90476
3.40952
3.91429
5.80952
3.09524
3.38095
6.99048
5.50476
6.0381
4.45714
5.61905
3.30476
3.44762
5.75238
4.42857
4.24762
8.4381
5.88571
4.49524
4.70476
5.50476
3.55238
7.51429
7.0381
6.00952
5.14286
3.39048
3.58095
3.49524
7.14286
3.32381
18.3238
3.2381
4.95238
6.90476
5.69524
3.08571
6.32381
3.52381
5.12381
3.29524
5.69524
6.25714
4.70476
3.32381
4.93333
3.17143
3.25714
4.9619
5.72381
3.22857
5.77143
3.64762
5.58095
3.29524
4.44762
7.1619
7.91429
5.93333
5.19048
5.2
3.29524
4.94286
6.06667
3.45714
5.53333
4.8
6.4
8.20952
5.60952
8.98095
7.84762
3.33333
5.07619
4.78095
7.35238
3.25714
7.32381
5.4
3.81905
7.35238
5.91429
3.08571
3.75238
4.8
3.28571
5.42857
3.27619
3.09524
6.01905
5.09524
6.25714
5.11429
6.80952
6.77143
6.35238
10.1333
3.69524
4.70476
4.99048
7.18095
3.01905
6.80952
5.34286
4.45714
5.31429
4.66667
6.77143
8.0381
4.40952
5.6381
4.04762
8.8
7.45714
5.29524
8.41905
7.9619
6.07619
3.34286
3.25714
9.09524
7.86667
7.69524
5.08571
4.99048
5.3619
5.2
4.66667
3.52381
3.2381
5.67619
9.57143
3.31429
3.51429
3.31429
3.14286
3.15238
6.58095
3.00952
7.22857
6.0381
6.30476
6.66667
5.14286
4.57143
6.68571
5.8381
3.32381
3.10476
5.33333
3.52381
3.2381
7.40952
4.90476
7.28571
3.19048
3.57143
5.90476
3.02857
4.58095
3.26667
7.69524
3.32381
8.22857
4.9619
5.72381
6.77143
5.6381
3.42857
4.99048
3.11429
6.44762
7.73333
6.01905
4.52381
3.12381
8.25714
6.59048
3.11429
3.82857
3.35238
5.74286
5.09524
4.27619
3.37143
5.34286
6.00952
6.88571
6.61905
5.4
3.25714
4.34286
4.81905
6.67619
4.29524
7.61905
6
6.1619
6.81905
6.97143
5.39048
7.2
7.06667
4.54286
5.12381
8.52381
9.64762
6.71429
7.11429
5.68571
6.49524
3.52381
4.93333
4.93333
5.19048
8.1619
8
7.34286
4.9619
7.05714
5.00952
4.85714
4.33333
4.38095
4.6381
4.92381
8.54286
6.73333
4.4
3.54286
5.14286
7.74286
9.82857
5.60952
5.72381
8.2381
4.52381
5.62857
5.2
5.08571
6.20952
4.80952
5.2
3.2
3.34286
3.33333
8.21905
4.92381
4.11429
6.12381
3.60952
4.86667
8.66667
7.67619
6.38095
4.8381
4.20952
4.5619
3.33333
6.92381
5.60952
6.28571
7.93333
4.46667
5.59048
5.28571
3.47619
6.15238
3.25714
3.55238
3.27619
5.21905
4.07619
6.4381
3.02857
3.1619
3.53333
3.09524
3.55238
3.84762
3.50476
5.74286
4
7.3619
6.17143
6.28571
6.90476
8.42857
7.37143
8.98095
7.28571
8.01905
10.5524
3.52381
6.14286
6.5619
4.08571
5.47619
3.1619
5.66667
7.02857
9.80952
3.41905
6.72381
3.32381
7.5619
6.7619
3.07619
7.13333
3.19048
5.4381
5
6.87619
8.20952
5.04762
4.84762
7.07619
3.3619
3.98095
5.30476
5.91429
4.97143
4.32381
3.25714
9.31429
4.55238
10.3429
7.41905
3.30476
4.41905
8.12381
6.92381
4.59048
5.01905
5.38095
8.79048
4.62857
3.26667
5.10476
7.32381
6.72381
8.30476
6.48571
6.11429
6.50476
8.57143
4.22857
5.21905
6.19048
3.24762
3.2
5
3.42857
6.89524
4.31429
4.93333
7.07619
5.00952
3.46667
4.17143
3.48571
6.24762
7.08571
5.20952
3.31429
3.01905
3.29524
7.58095
4.78095
9.58095
5.30476
3.3619
3.40952
5.90476
6.92381
6.89524
5.87619
5.40952
3.80952
3.08571
5.20952
4.8381
3.42857
3.48571
3.61905
4.84762
3.69524
3.35238
5.27619
6.8
7.73333
5.29524
5.40952
3.06667
4.38095
3.09524
5.35238
7.94286
6.98095
5.25714
5.65714
3.52381
3.31429
4.97143
4.99048
9.24762
8.88571
3.21905
5
7.38095
7.20952
5.37143
5.51429
5.87619
3.66667
6.80952
7.02857
3.08571
6.13333
3.34286
3.57143
5.78095
6.04762
3.97143
3.52381
5.8
6.89524
3.28571
5.62857
3.4
5.50476
3.55238
5.67619
10.8857
10.019
3.67619
7.13333
4.73333
5.01905
5.80952
5.61905
6.59048
6.37143
2.20952
5.60952
4.39048
3.24762
2.01905
2.88571
2.8381
3.75238
2.06667
2.15238
3.85714
3.93333
2.12381
4.26667
2.91429
4.79048
2.19048
3.71429
6.1619
2.28571
3.28571
2.84762
2.9619
2.41905
2.30476
4.22857
4.49524
2.20952
7.80952
2.8381
2.31429
2.14286
2.06667
3.78095
2.02857
2.04762
3.82857
2.21905
2.15238
2.54286
3.77143
2.40952
2.08571
3.97143
2.47619
2
3.73333
5.12381
3.22857
3.57143
2.05714
2.44762
6.20952
2.64762
4.30476
2.09524
4.05714
2.53333
2.14286
2.40952
4.09524
2.35238
2.09524
6.45714
2.85714
8.60952
20.4
3.5619
5.99048
3.55238
4.21905
2.10476
5.27619
7.17143
2.46667
2
2.1619
2.05714
2.26667
4
2.6381
2.61905
3.84762
2.22857
2.01905
2.44762
3.48571
2.58095
6.25714
7.17143
6.2381
6.94286
5.00952
2.20952
5.53333
2.26667
3.84762
3.95238
3.71429
9.2
2.59048
2.90476
2
4.4381
3.18095
2.27619
2.90476
4.1619
2.02857
2.15238
3.8
4.13333
2.48571
2.64762
2.00952
2.15238
2.19048
2.8381
5.31429
3.82857
2.12381
2.00952
4.4381
4.47619
5.27619
2.35238
2.65714
4.2381
4.34286
1
3.93333
1.29524
3.94286
4.19048
1.20952
3.32381
2.28571
1
1.18095
1.07619
3.98095
3.13333
1.13333
3.27619
1.00952
1.31429
1
1.2381
4.14286
2.52381
1.13333
1.0381
2.21905
4.41905
2.28571
3.91429
1.2
1
1.25714
1
1.07619
1.21905
1.66667
6.26667
1.01905
1
1.51429
1.02857
3
1.30476
3.74286
4.71429
3.50476
1.00952
1.0381
4.55238
1
1.18095
1.02857
1.21905
2.9619
3.5619
1.11429
1.14286
3.22857
1.04762
1
1.24762
4.00952
3.27619
1.6381
2.92381
1
1
1
1.15238
3.70476
4.30476
1.05714
2.62857
2.44762
1
1.15238
1.3619
1.00952
1.44762
1.2381
1.01905
1
1.04762
3.39048
1
1.04762
1
1
1.15238
1.00952
1.09524
4.78095
1.0381
1.00952
3.90476
5.4
3.53333
4.27619
1.2381
4.25714
1
1.09524
3.61905
4.85714
1.12381
1.2381
3.77143
1.22857
1
3.92381
1.00952
1.00952
1.07619
1
3.45714
4.58095
1
4.28571
1.09524
1.00952
3.60952
1.02857
3.60952
1.0381
1
1.33333
3.93333
1.05714
2.98095
4.46667
1.08571
1.08571
1
1
2.81905
1.08571
1.08571
1.68571
1
1.0381
4.08571
1.11429
4.31429
1.05714
3.11429
1.11429
2.06667
1.2
5.1619
3.42857
1.3619
1
4.28571
4.01905
3.81905
1.58095
1.00952
1.05714
1
1.06667
1.22857
1.32381
1.00952
1.35238
2.68571
3.35238
1.18095
1.34286
1.00952
3.35238
4.52381
1.06667
1.0381
1.18095
3.6381
4.05714
2.24762
1
4.22857
1.15238
1.26667
1.10476
1.00952
1.02857
1
1
1.1619
3.8
2.8381
3.26667
1.10476
1.28571
1.32381
1
3.61905
3.81905
2.95238
1
4.31429
1.00952
3.48571
4.10476
1
1.48571
1.05714
2.72381
1.04762
1.04762
3.90476
4.0381
1.27619
1.05714
1.39048
1
1.5619
1.71429
3.86667
1.11429
2.41905
3.11429
1
1.09524
1.04762
1.12381
3.66667
1
1.27619
1
1
1.24762
1
1.24762
1.33333
3.21905
1.18095
1.06667
1.32381
1.47619
3.08571
1.11429
1.13333
2
1.51429
1.06667
3.79048
1.14286
1.29524
1.2381
1.0381
1.10476
1.25714
1.04762
5.35238
1.13333
1
1.08571
1.02857
1.06667
1.0381
1
1.00952
1
1.26667
1.14286
1.02857
1.09524
1.05714
4.92381
1
1.28571
1.2
3.52381
3.6
1.1619
1.09524
1.02857
3.52381
1.09524
4.00952
4.45714
1.02857
3.28571
1
1.26667
1.06667
1
2.09524
4.20952
1.42857
1.02857
1.01905
3.39048
1
2.4
1
3.95238
4.11429
3.26667
3.46667
4.99048
3.65714
4.22857
1.11429
1.02857
1.73333
3.85714
1.01905
1.32381
1.01905
1.15238
1.00952
1
3.79048
3.25714
1.0381
1.2
4.22857
4.0381
1.20952
1.00952
2.80952
1
1
1.00952
3.01905
1.24762
1.01905
3.58095
5.4
1.01905
4.12381
3.88571
1
3.8381
4.11429
1.26667
5.99048
2.8381
4.59048
1.77143
1.18095
1
1.22857
4.05714
1.08571
1.02857
2.75238
1.24762
1.24762
1.49524
1.34286
1.32381
1.19048
1.42857
3.7619
3.40952
1.33333
4.62857
3.2
1.0381
1
1.15238
1.35238
1.02857
1.4
1.4381
1.54286
2.72381
4.35238
3.21905
3.66667
1.0381
1.09524
1.18095
3.79048
1.87619
1.05714
1.2
4.17143
1
2.4
3.2
2.94286
3.54286
1.00952
4.37143
1.06667
3.34286
1.98095
1.4381
2.12381
1.68571
3.73333
4.98095
1.17143
1.00952
3.87619
1.0381
1.15238
1.18095
3.72381
3.65714
1.00952
1.07619
1.02857
1.1619
1.60952
3.32381
4.29524
3.74286
1.08571
1.13333
1
1.0381
3.54286
2.94286
2.79048
4.07619
1
1.6
4.2381
1.11429
1.0381
1.35238
1.00952
1.2
5.00952
3.08571
3.67619
1.2
3.15238
1.1619
4.1619
2.95238
1.21905
3.70476
4.70476
3.50476
1.19048
1.08571
1
1.01905
1.00952
1.18095
1
3.41905
1.10476
1.01905
2.95238
1.27619
1.20952
1.32381
1.42857
1.02857
4.32381
1.00952
1.09524
1.20952
1
1
3.52381
1.01905
1.02857
4.39048
4.30476
1
1
1.04762
1.2
1.0381
3.53333
2.65714
3.97143
1.28571
1.1619
3.52381
1.57143
1
4.11429
3.00952
1.09524
3.05714
1.32381
1.29524
1.05714
1.24762
1.09524
1.01905
3.40952
1.08571
1.01905
3.78095
1.09524
1.18095
3.37143
1.2
3.19048
1.21905
1.00952
1
1
1.72381
3.37143
1.48571
2.87619
4.79048
2.90476
1.10476
1.17143
4.82857
1.19048
1.00952
3.75238
3.41905
1.11429
1.00952
4.21905
3.09524
1
3.09524
4.2
1.24762
4.28571
1.09524
1.18095
1.2
1.0381
1.13333
1.1619
1
1.13333
1.8
1
1.17143
1.0381
3.54286
3.10476
1
1.01905
1.17143
1.12381
1
1.1619
4.22857
1.19048
1.04762
1.0381
1.04762
4.1619
4.42857
4.12381
3.28571
1.14286
1.12381
5.40952
1.10476
2.89524
1.15238
3.86667
3.92381
6.22857
1.14286
3.52381
1.1619
1.01905
1.42857
1
1.25714
3.67619
1.02857
1.11429
1.10476
6.21905
1.22857
1
1.1619
1.02857
4.57143
1.05714
1.44762
1.07619
1
1.17143
3.38095
1.15238
1.24762
1
1.14286
1.06667
1.10476
4.00952
1.22857
3.90476
1.00952
2.13333
1.00952
2.6381
1.10476
2.57143
3.17143
4.15238
1.11429
1.11429
1.61905
4.24762
1.22857
1.28571
1.15238
1.14286
1.39048
1.12381
5.15238
1.11429
1.01905
1.2381
1.01905
3.09524
1
4.94286
1.04762
1.08571
1.1619
1.01905
1.29524
3.1619
1.88571
1.17143
1
1.10476
1.05714
4.97143
1
3.14286
5.47619
1.44762
4.64762
1.04762
1.12381
1.54286
2.59048
1.14286
1.0381
1.18095
1.11429
1
5.53333
1
4.44762
1.0381
3.08571
1.35238
1.00952
1.01905
1.19048
1.00952
2.87619
3.60952
1.11429
1.00952
1
1
3.49524
4.27619
1.15238
1.79048
3.54286
1.08571
1.34286
1.42857
1.14286
1.27619
1.13333
4.01905
1.15238
3.58095
3.28571
3.8
1.01905
1.31429
4.18095
1.11429
4.01905
1.24762
1.47619
5.42857
1
1.58095
1
4.26667
3.87619
1.18095
1.17143
3.4
3.51429
1.15238
1.13333
1.00952
1.05714
4.28571
1
4.00952
2.64762
1.11429
1.01905
1.08571
4.58095
1.37143
1.18095
5.35238
1.26667
1
4.55238
1.12381
4.97143
1.51429
1.29524
1.02857
1.29524
4.62857
1.13333
3.05714
2.51429
3.32381
5.05714
2.53333
1.1619
1
1.06667
1.4381
2.11429
1.13333
1.0381
3.14286
1.12381
2.72381
2.93333
1.17143
1.24762
1.2
1.01905
1.07619
3.01905
1.18095
3.5619
3.6381
1
1.05714
6
3.28571
3.44762
1.09524
1.01905
1.59048
1
1
1.07619
3.31429
1
4.44762
1.01905
1.27619
1.14286
1.04762
2.57143
4.15238
1.10476
1.20952
1.04762
1.22857
3.38095
1.12381
1.47619
1.15238
1
1.01905
1.32381
1.00952
1.02857
2.8381
1.15238
3.37143
1.14286
4.2381
1.04762
1.39048
1
3.55238
1.17143
1.00952
1.54286
1.10476
2.71429
1.18095
1.12381
1.30476
2.78095
2.95238
1.79048
1.33333
2.86667
2.58095
1.14286
1.09524
1.57143
3.47619
1.02857
1
1
1.18095
4.11429
1.05714
2.95238
1.1619
1.18095
1.0381
1
4.41905
2.85714
1.04762
1.20952
1.21905
1.04762
1.95238
1.04762
1.0381
5.05714
1
1.11429
1.35238
1.00952
3.98095
1.20952
1.29524
1.26667
3.55238
1.1619
1.90476
5.35238
1.5619
1
1.40952
1.4
1
2.52381
3.42857
1.04762
1.2
1.08571
4.26667
1.27619
4.35238
1.00952
1.06667
3.59048
1.19048
1
1.15238
1.59048
1.29524
1
1.32381
1.35238
2.69524
2.60952
3.40952
2.6
4.01905
1.00952
1
1.25714
1.00952
2.60952
3.97143
1.2381
1
3.22857
1.0381
1
2.55238
1.15238
1.30476
3.89524
1.06667
1
1.04762
1
1.12381
1
4.72381
3.22857
1.08571
1.26667
1
1.1619
2.04762
1.00952
5.4381
5.70476
4.26667
1
1.30476
2.42857
1
3.3619
1.00952
1.13333
1.01905
3.66667
3.20952
1.22857
1
1.38095
1.50476
1.0381
4.10476
1.00952
1
1
1.67619
5.06667
2.47619
3.87619
4
1.20952
1.58095
3.47619
1.05714
4.48571
1.15238
3.3619
1.09524
1.48571
2.7619
1.13333
1.20952
1.61905
1.09524
1.42857
1.02857
3.58095
5.41905
2.46667
1.10476
3.87619
1
1
1.12381
1.22857
4.07619
1.09524
4.86667
1.48571
3.62857
2.92381
3.07619
1.1619
1.15238
3.35238
1
4.50476
1.17143
1
1.11429
1
3.54286
1.0381
1.42857
4.49524
1.30476
1.07619
3.66667
1.18095
1.02857
1.07619
1
4.08571
5.21905
3.29524
1.2
1.04762
1.27619
1
4.51429
1.49524
3.74286
1.01905
1.60952
2.95238
1.32381
1.01905
1
1.34286
3.26667
3.2381
3.11429
1.14286
1.1619
3.4381
1.33333
2.8
1.01905
1
1
1
1.27619
3.94286
1.28571
3.77143
1.27619
3.70476
1.94286
1.37143
3.35238
1.26667
1.05714
1
1.01905
2.77143
3.97143
3.98095
4.49524
1.51429
1.18095
1.8381
1.6381
4.15238
1
3.24762
1.5619
1.07619
1.01905
3.65714
1
1
6.47619
4.47619
3.85714
1
3.59048
1.01905
2.53333
1.08571
1.06667
1.18095
1.11429
2.67619
1.06667
5.74286
1.2381
3.0381
1
1
4.12381
1
1
4.53333
4.20952
3.84762
1.17143
1.22857
1.15238
1
1.17143
1
1.20952
2.97143
2.79048
1.01905
1.33333
1.15238
1.02857
1
1.04762
2.26667
1
2.85714
3.49524
1
5.08571
1.11429
1.14286
1.21905
1.46667
1.41905
1.11429
1.13333
1.00952
1.0381
1.05714
1.33333
1.00952
1.17143
1.0381
1.10476
3.2381
4.27619
1.62857
1.01905
1.1619
1.2
1.31429
1
1.11429
1.15238
1.09524
1.11429
1.2
1.15238
1.12381
1.04762
4.14286
5.37143
1.18095
3.11429
1
3.10476
4.02857
1
1.0381
1
1.54286
1
1.01905
1.29524
1.15238
1.04762
1.09524
1.15238
1
1
1.17143
1.05714
3.75238
3.30476
1.0381
1.00952
1.39048
1.09524
3.15238
3.38095
1.11429
1.77143
1
2.8
2.95238
1.2
4.82857
1.00952
3.50476
2.92381
3.09524
1.07619
4.13333
1.01905
1.15238
2.77143
1.12381
4.2381
1.26667
4.54286
1.78095
1.18095
4.30476
5.33333
1
4.46667
1
1.05714
1.38095
3.40952
4.48571
1.39048
3.98095
1.59048
3.26667
4.08571
4.01905
1.24762
3.41905
1.66667
1.49524
1.06667
1.24762
3.99048
1.30476
4.01905
3.99048
2.9619
3.08571
1.00952
3.71429
4.40952
1.17143
1
4.9619
1.31429
1.11429
1.1619
1.04762
1.33333
3.19048
1
1.11429
4.85714
1.26667
3.19048
3.48571
1.00952
1.06667
4.94286
1.09524
1.11429
1.10476
4.47619
1.05714
2.1619
3.89524
4.78095
1
1.19048
1.11429
1.02857
3.38095
1.02857
4.69524
1
1
4.52381
1
1.2381
1
1.21905
3.64762
3.84762
4.10476
1.02857
4.26667
1.40952
1.25714
1.00952
4.2381
1.1619
1.37143
1
4.91429
5.45714
4.40952
1
1.1619
1.74286
1.04762
1.02857
1
1
3.51429
1.67619
1.90476
1.06667
1.06667
3.9619
1
1
3.37143
1.74286
1.00952
1.2381
1.41905
1.02857
5.91429
1
1.12381
1.11429
1.20952
3.18095
1.00952
1
1.48571
1.67619
1.07619
1.19048
1.12381
1
4.99048
3.30476
2.9619
1.17143
1.18095
2.52381
2.2
1.06667
1.20952
1.6381
1.14286
3.60952
2.62857
1.14286
1.60952
1.46667
3.00952
3.46667
1.31429
3.17143
4.73333
2.11429
4.87619
1
1.32381
8.86667
2.22857
2.94286
1.08571
4.3619
1.11429
1.0381
1
4.26667
1
1
1.32381
1.89524
1.00952
1.08571
1.3619
1.00952
4.67619
3.22857
2.48571
3.21905
1.06667
3.47619
1.8
1.18095
1.18095
2.72381
3.2381
4.1619
2.53333
4.87619
1
1.11429
3.61905
3.22857
4.2
1.10476
3.94286
1
1.37143
1
1
1.00952
1.0381
1.12381
1.69524
1.2381
1.2381
1.22857
1.10476
1.12381
1.1619
1.25714
1.02857
1.11429
1.00952
1
1.02857
4.25714
1.2381
1.2381
1
3.4381
1.13333
1.18095
1.14286
3.91429
5.18095
1.08571
1
4.20952
2.38095
2.3619
1.01905
1.04762
3.01905
1.02857
1.32381
1.24762
1
5.19048
4.42857
3.99048
1.01905
2.82857
1
4.12381
1.11429
5.18095
3.6
2.7619
3.95238
3.60952
1.54286
1.17143
2.82857
4.51429
4.93333
1.02857
2.09524
1.31429
1.26667
1.09524
1.14286
2.7619
1.09524
2.78095
3.17143
1
1.42857
1.20952
1.71429
1.05714
3.98095
1.06667
1.26667
1
3.54286
2.89524
1.21905
1.00952
3.89524
1.52381
1.05714
3.35238
3.21905
1.0381
1
1.19048
1.00952
3.6381
3.18095
3.40952
3.70476
1.07619
1.31429
3.5619
1.42857
1
3.79048
1
4.50476
3.47619
1.07619
1
1.12381
3.49524
3.48571
1.20952
1.26667
1.69524
3.19048
1.0381
4.20952
1.34286
1.07619
1.02857
1.30476
1.04762
1
1.06667
1.22857
1.19048
1.00952
1
1.09524
2.22857
1
3.84762
1.8
1
1.27619
1.01905
1.00952
1
7.0381
1
1.00952
3.59048
1.05714
4.40952
1.00952
3.87619
1.38095
1
1.06667
1.17143
1.05714
2.58095
1.00952
1.28571
3.64762
1.12381
1.17143
1.02857
1.05714
1.01905
1.11429
1
4.10476
3.89524
2.97143
1.14286
1.18095
1
2.20952
5.12381
3.53333
1.28571
3.29524
3.5619
1.51429
1.01905
1.2
3.94286
1.02857
1.5619
1.42857
1.09524
1.34286
1
4.37143
1
1.51429
2.15238
1.07619
1.00952
2.59048
1.00952
1.29524
1.04762
3.05714
1.05714
1.14286
3.86667
1.19048
1.00952
1.04762
5.01905
3.74286
1
1
1.57143
1.2
1.15238
3.80952
1
1.26667
5.89524
1.14286
5.55238
4.58095
3.10476
1.2381
1.57143
1.2
1.26667
1.0381
2.78095
1.00952
1.05714
1.17143
2.98095
1
1.00952
1.0381
3.94286
1.02857
1.13333
1.05714
1
1.05714
1.37143
4.30476
3.88571
1
1.27619
3.77143
3.59048
1.41905
2.59048
1.29524
1.00952
4.17143
3.88571
1.00952
1.26667
3.42857
1.59048
1.22857
3.25714
2.55238
1.51429
3.68571
1.19048
3.69524
1.40952
4.37143
1.02857
1.30476
3.72381
1.08571
4.60952
3.67619
1.6
1.01905
1
1.00952
1.00952
1
1.01905
1.2
3.2381
3.69524
4.4
4.01905
1.05714
1.00952
2.38095
4.01905
3.7619
1.07619
1.01905
1.12381
1.00952
2.87619
1.1619
1.29524
1.3619
1.09524
1.93333
1
2.90476
1.28571
3.77143
3.95238
1.34286
1.13333
3.62857
4.77143
1.66667
5.27619
1.22857
1.2
2.79048
3.53333
2.14286
4.6
1.04762
1
1.02857
1.04762
2.55238
3.50476
4.93333
1
3.73333
4.15238
1
1.30476
4.5619
4.28571
1.02857
2.02857
1.37143
1.69524
3.35238
2.61905
1.02857
1.09524
1
3.81905
2.24762
1.02857
3.28571
1.04762
3.21905
1
4.26667
1.19048
1.13333
1
2.92381
3.57143
1.2381
1.18095
1.0381
1
4.30476
1.2
1.01905
1.19048
3.40952
3.99048
3.99048
1.04762
1
1.08571
3.80952
4.32381
1
1.22857
6.2381
4.91429
2.26667
1
3.80952
1
1
4.52381
1.12381
1.07619
2.4
1.18095
1
1.5619
1.21905
2.39048
3.80952
1.48571
1.12381
1.00952
1.24762
1.34286
4.77143
5.50476
3.2
1.30476
1.14286
1.01905
4.61905
5.37143
4.12381
2.77143
1.10476
3.11429
1.01905
3.01905
3.95238
3.85714
1.47619
3.11429
1.05714
1.04762
1.25714
3.32381
1
1
1.12381
1.04762
1.1619
3.57143
1.45714
1.02857
3.65714
4.04762
4.32381
4.01905
1.04762
1.24762
1.42857
1.06667
1.88571
4.31429
1.2
1.05714
3.46667
1.21905
1.28571
4.57143
2.44762
1.13333
1.10476
3.89524
3.81905
1.85714
3.4
1.20952
1.00952
1
1.08571
1.12381
1.09524
1.09524
1.01905
1.1619
1
1.18095
2.25714
3.99048
1
1.20952
1.4381
4.24762
1.04762
1.19048
2.40952
3.41905
1.29524
1.62857
1.02857
4.1619
1.28571
1.17143
4.31429
1.20952
1.07619
1.04762
1.12381
1.01905
1.3619
4.17143
1.05714
1.00952
1.2381
4.2381
3.9619
1.10476
1.0381
1.04762
3.9619
4.19048
1.17143
3.42857
2.68571
1.27619
1.00952
1
3.45714
3.13333
1.17143
3.26667
1.31429
1
1.15238
1.08571
5.29524
2.68571
1.19048
1.10476
3.97143
1.11429
4.18095
5.4381
1
3.20952
1.20952
1.02857
1.25714
1.19048
1.0381
1.19048
1.19048
4.37143
1
1.11429
1.29524
1.13333
1
4.48571
1.05714
1
4.0381
4.67619
1.00952
2.99048
1
2.9619
1.28571
2.58095
3.65714
1
1.75238
1
3.79048
1.08571
1.14286
1.4
3.65714
1.10476
3.35238
1.26667
3.15238
3.37143
1.41905
3.51429
1.22857
1.50476
4.09524
1.18095
2.82857
5.34286
1.02857
1
4.0381
1.31429
1.41905
3.28571
1.32381
1.29524
3.27619
3.20952
1.20952
1.45714
3.20952
4.22857
3.06667
2.62857
1.57143
3.5619
1
3.55238
1.1619
1.12381
6.08571
4.06667
1
1.24762
4.20952
1.11429
1
1.08571
3.01905
1.08571
4.30476
1.00952
3.1619
1.08571
3.94286
1
2.05714
1.12381
2.77143
1
1
1.20952
1.24762
2.28571
1.09524
6.18095
4
1
3.93333
1.00952
1.31429
1
1.34286
1
3.26667
3.54286
3.59048
1.11429
1.25714
1.02857
1
1.33333
1.06667
5.14286
1.11429
3.88571
1
1.15238
2.99048
3.6
1.06667
1
2.87619
1.08571
1.04762
3.8
1.1619
1.41905
1.02857
1
1.10476
1.09524
5.09524
1.0381
2.10476
2.7619
1.04762
1.02857
1.11429
3.86667
1.66667
4.53333
2.94286
2.7619
1.14286
3.22857
1.60952
4.39048
3.29524
3.10476
1.17143
3.79048
2.13333
4.2
1
3.91429
1.94286
1.22857
1.09524
1.21905
1.09524
1.01905
4.38095
1.30476
1.26667
1.14286
1.92381
1.05714
1.14286
1.00952
1.09524
1.07619
1
1
1
1.40952
1.22857
3.93333
1.00952
1.26667
