10876 34740
25
11.2762
5.50476
12.7429
10.3048
11.9524
16.0381
6.81905
13.4381
17.5048
17.9143
7.42857
12.9714
8.34286
19.8095
10.6095
5.70476
16.2381
8.25714
19.9048
19.0667
11.7143
7.3619
17.419
6.01905
18.5524
14.6286
7.04762
9.27619
8.53333
8.47619
10.2476
13.1238
9.73333
12.219
6.67619
10.619
13.7429
13.7619
12.819
5.09524
20.819
26.6857
14.1714
8.29524
8.31429
13.6095
14.7238
5.92381
14.7429
8.07619
15.5238
14.4762
8.13333
11.7429
17.4381
5.51429
10.4762
12.181
9.38095
20.6857
17.9238
20.0095
13.9714
6.55238
16.5524
8.88571
6.50476
17.5048
9.62857
18.3238
9.10476
12.2476
14.2571
14.4952
9.9619
10.1619
13.9714
13.3143
13.4381
13.1429
9.00952
7.44762
14.4
9.02857
9.35238
22.4857
15.6571
11.8762
7.99048
8.34286
13.381
12.1429
14.619
9.86667
9.25714
16.0952
18.8667
10.1238
13.2571
20.8571
18.1714
12.0381
7.99048
14.1429
12.0095
15.3524
6.66667
6.49524
16.4381
15.2952
11.0095
11.9619
10.9905
11.8762
12.8095
12.0095
14.4667
15.2857
17.2
25.8
8.53333
8.07619
10.1238
7.54286
20.6857
16.9048
16.8857
19.8857
17.1524
10.6286
13.381
10.981
9.04762
14.981
16.8667
13.981
16.8571
15.3429
6.74286
15.2
18.4762
15.2857
9.09524
8.24762
21
16.3429
14.2667
10.0571
14.5524
10.5333
18.381
19.0952
14.4857
16.3429
15.5048
15.4
10.5429
7.01905
9.06667
11.819
15.4952
10.819
13.5714
14.6095
13.4286
9.32381
9.0381
12.1619
8.18095
10.4952
12.4571
9.0381
11.5143
11.9143
7.4
14.2476
15.0667
17.219
18.2286
14.9429
16.1143
8.6
20.4
15.2381
12.419
12.0571
10.419
13.8571
22.9143
15.4
13.5143
12.6857
10.7238
16.8095
9.49524
8.79048
10.8762
7.72381
21.2095
11.0857
11.6476
8.35238
10.3333
9.27619
7.01905
13.0476
8.18095
12.7333
19.8095
10.0667
20.3238
12.4952
16.9333
11.8857
11.0762
9.8
8.81905
14.581
7.89524
8.58095
8.10476
12.7619
21.819
13.4571
11.2857
10.2
7.73333
7.6381
9.09524
13.7524
10.8286
10.6476
10.619
9.77143
7.90476
15.9333
7.39048
6.99048
8.59048
6.07619
11.4381
6.74286
11.619
22.3333
18.4952
20.8381
15.6286
14.7905
14.4762
8.5619
12.619
13.0095
9.57143
11.2
12.4762
15.0095
12.0857
12.5905
13.7429
16.8476
12.1429
14.0476
5.72381
12.6952
4.87619
16.0286
14.8476
20.1714
14.9333
15.6857
18.181
24.419
11.181
10.8952
16.2095
15.8095
13.0095
15.9619
19.7429
16.2952
16.0667
8.09524
9.68571
14.6
17.581
8.2381
19.6762
12.7714
20.9524
11.9048
17.0286
15.0095
13.8381
10.9429
16.8
13.5524
14.8476
15.0667
7.21905
12.0095
15.1238
16.9714
17.8286
21.2476
10.4857
15.181
11.0762
9.69524
14.9429
19.3905
21.3714
15.2667
19.6762
14.8667
8.88571
9.34286
14.3048
17.581
14.3905
8.04762
6.3619
14.0762
14.1238
14.2286
9.7619
14.019
12.0381
15.7524
14.5429
4.71429
26.3238
5.71429
8.0381
9.98095
10.2095
7.17143
6.85714
12.6286
15.8952
14.2952
10.0571
6.81905
8.77143
6.8
17.1048
21.3905
8.88571
10.3714
9.18095
14.5238
18.0095
14.4571
6.49524
11.0952
10.5714
14.8095
10.9905
12.7333
8.89524
4.99048
13.219
8.70476
12.2476
11.4667
14.5714
10.6571
13.219
12.219
14.6476
12.9143
9.95238
9.1619
8.33333
8.0381
7.50476
13.0095
7.8381
18.5048
17.1048
11.2381
9.1619
19.8381
19.9238
9.97143
29.181
16.6381
21.1905
15.4667
13.0857
10.3238
15.0857
18.981
13.5238
17.5048
13.4762
17.419
14.5238
13.5905
13.7238
8.29524
15.0381
9.44762
14.181
11.619
7.17143
14.3333
14.4857
17.2
12.4762
6.4381
16.6667
11.8762
12
12.2762
18.2571
9.15238
13.8095
17.181
8.87619
21.219
13.3048
9.5619
11.2
12.8857
9.75238
9.44762
6.92381
6.29524
12.9905
10.4
9.00952
12.1524
6.12381
13.4286
12.2857
15.4381
13.1714
12.1905
12.8381
11.4857
8.30476
17.581
13.2381
14.6476
15.6286
14.1714
9.08571
7.51429
11.5524
18.3238
11
18
14.8381
15.2
14.5619
18.9333
14.4571
15.4381
14.4952
14.8952
12.3143
20.7429
15.4571
12.3333
10.6381
11.381
7.10476
6.94286
9.0381
14.5333
12.6762
4.70476
11.6381
10.1905
14.6667
17.4952
15.8857
15.1619
12.2667
8.09524
12.8571
15.6667
5.13333
17.3429
11.0476
16.1143
12.9048
14.5143
13.619
27.5905
15.1619
16.381
15.1143
10.1143
12.1333
8.89524
14.9048
17.6571
8.54286
18.2095
14.6095
13.7143
5.15238
13.8286
13.6857
17.3429
16.2
19.7333
17.781
12.4286
10.4476
11.4667
10.4286
15.619
8.59048
14.1524
8.99048
9.27619
11.6571
7.17143
16.4762
14.5048
12.1524
6.7619
16.6476
15.2095
9.46667
24.8476
16.3905
14.5333
7.70476
6.39048
7.26667
9.0381
8.19048
13.8667
15.1524
16.0571
5.97143
12.4
12.5714
14.9524
17.9333
16.9524
11.8476
15.7333
13.0476
9.33333
9.79048
10.5333
10.9524
10.7905
9.94286
14
8.50476
14.7143
10.7905
10.1429
12.2286
8.64762
20.8857
12.1714
6.1619
9.82857
20.4476
17.2857
15.4857
15.1524
13.3333
24.2286
14.3143
11.7524
17.5333
11.9429
12.5714
12.6857
20.6381
6.01905
21.5905
13.4
10.8476
16.3905
11.4667
6.17143
7.39048
11.1048
18.0762
16.3238
8.6381
15.9143
7.00952
14.7714
8.72381
6.89524
17.4286
8.49524
11.5714
8.61905
14.419
14.5048
8.55238
14.4571
14.019
11.3714
7.09524
10.3524
15.5333
19.4476
14.5333
19.0476
17.8571
7.6
5.05714
7.90476
5.71429
12.5524
10.7048
14.5714
11.5714
10.2762
9.02857
14.6952
12.1238
17.4286
22.7143
8.46667
9.25714
13.3238
12.4095
11.8952
15.9714
6.40952
7.54286
6.89524
8.94286
14.1048
18.5429
13.6476
24.7333
9.25714
11.6667
18.0286
7.60952
5.99048
8.45714
7.48571
6.08571
11.6476
12.5333
9.97143
11.1619
13.8476
12.6095
18.9048
11.5048
13.7238
17.0857
22.6095
9.99048
8.2
10.3238
12.9619
15.419
17.7333
8.38095
10.2857
20.6762
12.3619
16.4952
9.54286
14.0476
7.02857
5.34286
12.5048
12.9905
12.4952
11.5524
13.381
11.4286
12.4286
17.2095
11.6095
10.5524
15.0952
12.6857
21.7429
19.7143
14.2286
9.6
11.9524
9.4
23.7143
12.1905
11.0476
12.0952
17.7905
6.8381
13.0952
10
8.06667
13.2857
23.0762
14.5238
6.99048
9.67619
18.5714
6.61905
13.9143
12.7048
11.8381
16.2857
13.1429
11.7333
9.69524
8.46667
10.6952
14.9238
14.6762
4.70476
19.3714
10.1048
17.6667
16.2952
14.1333
8.02857
15.2286
16.5048
16.6095
9.04762
11.9714
25.2857
13.0952
15.5524
8.09524
7.00952
7.05714
14.5905
11.9714
18.8095
4.47619
10.781
17.2571
8.22857
7.21905
20.1524
13.1524
18.381
13.9429
16.8571
15.8857
21.8476
8.50476
9.86667
8.69524
10.4
10.7905
15.2667
8.8381
12.9238
11.0762
11.0571
12.3238
13.8762
13.3714
21.7714
8.25714
13.1714
13.419
16.9714
14.5333
4.49524
12.6286
26.0286
8
12.5143
12.6286
17.219
15.9238
12.0571
16.4381
17.4857
17.381
13.7333
17.1619
10.9905
12.9619
7.27619
16.8667
10.6095
8.52381
18.0857
15.3048
23.0381
15.2476
13.6571
24.1524
17.3238
16.4381
14.9238
8.81905
11.5333
19.1238
18.3714
15.8286
11.619
12.6095
10.4476
9.0381
19.619
16.3143
10.4286
6.98095
10.8286
5.71429
14.2667
14.5048
10.6381
12.9238
13.7524
18.6095
14.0762
12.419
27.5905
10.1238
13.6286
13.1238
10.6762
9.73333
13.3333
20.1048
18.4286
10.9143
16.9429
15.0571
17.9524
11.2476
9.74286
13.2
9.74286
12.619
13.4476
7.35238
6.62857
9.65714
12.4571
12.7524
13.2857
9.48571
14.8857
8.55238
15.8762
11.581
15.0857
19.7524
14.0095
4.49524
12.7048
7.58095
4.28571
8.01905
11.3143
11
7.93333
6.39048
19.2381
14.1524
9.75238
8.00952
13.219
13.4
7.68571
15.0095
7.69524
10.8952
4.70476
12.3619
9.32381
18.2095
10.9048
12.5048
7.52381
12.3905
7.09524
10.5333
11.9333
10.7429
11.7619
10.0286
6.72381
10.3619
4.62857
17.619
17
16.5524
16.381
12.419
8.60952
10.2571
11.5238
10.7905
16.7714
11.581
8.31429
7.18095
13.981
8.20952
9.15238
17.9714
11.7429
13.4095
19.4857
12.4762
16.0762
9.10476
13.4095
11.0476
15.9143
14.4476
15.5048
11.1048
9.2381
14.6762
10.581
9.78095
8.99048
9.46667
11.5619
6.81905
6.01905
19.8
15
10.181
16.219
20.3333
13.7048
7.75238
9.37143
12.8857
12.8762
13.0857
11.6571
18.9619
16.381
6.17143
23.3429
18.1333
17.2476
18.981
10.1143
8.33333
19.2095
21.2667
11.8952
10.2857
14.2667
7.84762
10.7333
20.1714
16.7048
9.72381
10.7048
7.87619
15.4857
17.0667
11.1714
16.0286
14.1905
15.7238
9.84762
16.219
16.7238
20.1524
13.4
10.7238
12.2
16.3143
16.5714
23.2286
18.4095
18.7524
11.8381
6.71429
5.20952
7.7619
11.9714
15.3048
14.4095
20.4381
10.5048
14.0286
12.7619
10.619
20.4
9.44762
13.0381
12.819
18.2
18.3619
10.2286
4.21905
18.6952
4.95238
16.3524
15.581
13.6857
8.26667
13.0762
6.85714
10.7714
10.0857
10.1429
14.5619
12.8095
12.8667
15.9333
17.781
14.1524
12.9714
15.181
19.8952
11.4667
9.85714
18.3048
10.4095
8.14286
18.7619
17.0286
6.88571
14.4286
18.8381
14.5429
27.2667
16.2286
15.1333
10.9619
10.6952
27.0857
11.381
15.7524
26.5524
11.381
10.219
9.46667
9.20952
16.581
8.0381
12.2952
4.3619
13.5714
17.1619
12.4762
14.1524
13.7619
12.4762
14.4381
20.9619
15.7238
19.3429
9.71429
11.9905
14.8952
11.2571
18.2095
20.3429
15.4286
13.4095
8.35238
15
15.4476
5.00952
14.4857
7.39048
10.6857
11.7238
13.9143
10.7524
12.1714
20.7905
17.1714
14.6667
11.8952
8.42857
13.4571
14.9429
12.1238
10.2286
12.7714
6.39048
9.46667
19.2571
10.619
15.7333
8.89524
15.3143
12.5524
6.85714
17.9238
7.48571
19.9238
4.84762
9.88571
16.581
22.2286
15.7429
18.8381
19.4571
19.4857
10.6381
9.09524
17.5905
10.9524
10.2381
11.0286
12.4571
15.5524
7.58095
15.5333
9.22857
12.4571
14.8952
13.581
15.0476
16.6095
12.7143
19.6952
21.3048
16.5048
13.3048
5.37143
23.6095
15.7524
16.4095
10.8857
11.9524
8.86667
12.981
8.8381
12.1619
10.2857
11.019
17.6381
6.90476
11.419
10.2381
9.15238
16.6571
24.3524
11.0476
15.3429
14.619
8.74286
6.19048
8.85714
10.981
15.5143
12.7905
14.7905
6.77143
9.53333
10.9048
14.3429
20.5333
16.0381
16.8286
12.6286
7.55238
15.6762
13.4286
10.781
14.5714
14.6286
10.7429
19.6476
17.181
12.7524
17.8095
7.46667
11.9429
13.6286
9.89524
16.8286
14.6571
12.7429
13.6
7.22857
8.10476
6.37143
15.8857
10.1429
9.90476
11.2667
7.37143
15.8667
12.4571
13.7714
15.4476
13.4762
5.3619
12.4095
16.5429
15.4571
12.4667
8.33333
8.72381
18.2571
10.6
18.3333
13.619
8.53333
5.8381
20.0952
7.33333
10.0762
14.3619
14.5429
9.28571
11.5333
11.0571
19.9143
6.3619
12.8857
16.6762
8.59048
14.2571
8.66667
20.6095
13.5524
13.8762
16.2762
12.381
16.0095
9.30476
10.4571
6.41905
8.01905
13.7905
5.82857
9.9619
6.08571
16.0952
11.619
12.4381
16.8762
12.6
11.4
8.08571
6.41905
13.4952
7.08571
16.219
8.49524
14.1619
9.37143
10.8476
12.0762
5.11429
13.381
8.64762
5.61905
11.3905
9.93333
23.1238
18.8286
15.3333
16.8095
14.9333
16.8762
11.9333
10.3333
15.4
9.0381
18.7524
14.3333
21.4857
10.0095
11.0476
8.62857
17.5333
5.4381
8.74286
11.0095
14.9714
10.6952
15.3905
14.9524
4.92381
9.06667
10.3905
14.0286
12.2952
14.0381
7.65714
16.8571
19
13.0476
6.70476
10.9333
6.81905
11.4762
13.7714
9.38095
15.9429
8.55238
13.8381
7.18095
13.0095
18.1048
25.1905
10.6571
20.8571
19
11.6476
11.6952
12.6571
16.8
14.4857
11.1143
12.6
16.1048
14.8
12.7333
19.8571
9.84762
19.4476
18.5333
12.2286
8.09524
8.35238
11.3429
15.781
11.2952
15.5905
11.981
13.7429
8.41905
16.8381
9.42857
6.27619
13.5048
12.7238
16.1429
13.8857
9.89524
8.22857
14.8
15.4857
12.9619
13.4857
8.24762
11.8952
15.1143
9.72381
14.8095
9.30476
8.42857
11.8857
9.79048
14.7143
12.5333
11.7333
6.57143
10.7333
10.8381
18.7238
15.8095
10.1619
10.8476
18.2
8.25714
10.2381
11.0286
12.1714
12.8095
20.581
8.86667
7.40952
13.7429
11.3429
9.86667
17.5714
13.9429
7.12381
16.7333
7.25714
8.62857
14.7333
14.0762
8.08571
13.4667
9.70476
10.3048
16.2857
9.34286
13.9333
9.92381
7
6.97143
17.7429
15.5619
5.77143
17.5429
7.57143
8.68571
14.3143
11.2857
8.27619
15.0762
19.0667
10.9238
11.4
7.32381
9.80952
9.59048
19.2952
12.3619
14.6095
17.1619
16.981
4.58095
10.5619
10.6667
13.7524
17.2095
11.9143
11.6095
10.1429
7.92381
16.1619
10.8667
15.981
9.69524
13.9714
9.07619
7.91429
9.01905
6.70476
17.6
12.6762
18.4095
11.0571
5.79048
16.1429
14.4476
10.3333
19.219
8.26667
11.3619
23.1429
23.8571
11.4
12.6095
10.9905
14.5238
14.0857
11.1333
15.6667
7.87619
12.1524
12.4667
7.4381
11.6571
18.4952
15.819
18.2857
6.79048
9.75238
15.1333
13.2286
15.2667
11.0286
17.6095
11.7048
8.50476
13.7619
12.219
21.1619
17.781
15.6571
10.2762
16.1714
12.1714
13.2571
14.4762
11.4
18.7524
16.5619
11.9905
17.8095
20.3524
17.9524
8.38095
8.21905
13.9333
13.7714
19.2381
18.3524
16.3714
9.81905
12.8476
8.77143
16.4571
16.6857
18.5048
16.6476
10.7429
11.5048
10.2952
16.1048
11.7429
8.87619
10.6667
17.0667
22.2476
11.7619
15.8095
11.4095
19.4095
6.86667
16.7714
10.6571
20.8952
23.4
11.5429
10.8
7.42857
14.419
10.2571
11.4571
12.9714
7.60952
6.34286
9.13333
4.45714
5.7619
12.7619
10.8762
13.5143
14.8381
14.4667
11.1619
6.94286
8.1619
9.90476
14.7238
9.99048
19.7048
9.18095
5.50476
21.219
10.6381
11.6857
12.1048
15.1143
13.1238
10.2286
18.4667
14.7429
18.5333
6.04762
14.9429
16.381
4.34286
14.219
12.9524
19.6571
11.4286
8.31429
14.7714
18.0476
11.5429
13.7524
5.33333
14.8857
11.0476
18.5333
12.6095
12.2476
16.7333
15.8381
15.1333
13.8476
13
11.4095
14.5143
13.2857
13.6762
10.2571
8.1619
8.68571
12.7048
16.0571
19.3048
16.6
14.4857
16.9905
11.7238
11.1238
9.61905
9.94286
13.3048
12.2857
13.2286
7.17143
8.6
7.8381
7.3619
9.24762
8.97143
6.38095
14.5524
9.82857
18.4381
9.46667
19.8095
4.81905
15.3143
12.7333
13.4857
17.0667
17.8476
8.82857
9.88571
6.68571
14.8762
10.7333
12.6381
9.48571
15.0762
19.8952
7.06667
13.0476
20.7048
11.6476
13.2762
18.4952
12.6095
5.35238
6.19048
13.6952
13.0095
16.6095
15.7238
14.1143
14.9048
14.9429
13.7619
8.27619
8.09524
12
13.0667
10.3429
9.69524
6.31429
18.5429
18.0095
8.46667
9.6
10.3524
9.78095
15.9524
11.1333
8.87619
12.6381
12.9714
7.21905
15.3238
15.9905
16.3905
13.2
5.93333
6.58095
8.09524
21.9048
10.8857
10.7714
7.04762
12.6762
8.34286
10.2381
12.2381
13.8
17.1238
20.2095
14.581
12.981
4.87619
16.819
4.21905
11.7238
20.5429
10.2
12.0286
16.9048
14.0952
7.4381
7.12381
9.14286
15.4
10.1619
8.69524
10
6.81905
6.92381
7.4
25.5905
14.3048
15.2381
7.68571
11.8857
12.1524
9.09524
9.95238
13.8
11.4952
8.62857
7.20952
9.73333
13.6476
20.8571
13.7429
15.0381
22.981
5.53333
15.1524
18.9143
15.3048
16.4952
9.70476
9.25714
15.8762
14.5714
8.99048
5.74286
10.2286
12.6571
17.7048
9
8.01905
16.3524
18.0571
4.66667
14.3238
19.7048
5.85714
7
19.9143
12.2571
8.12381
6.51429
12.5238
9.10476
9.1619
11.5333
6.52381
10.9238
19.8857
11.6571
10.8381
7.18095
15
11.0857
11.0476
10.5143
4.55238
12.8095
7.47619
8.28571
15.0952
14.0762
13.7429
11.4476
15.2571
11.6952
10.581
7.85714
6.70476
5.65714
8.52381
12.8762
5.73333
8.93333
16.1429
10.5905
7.60952
15.2952
7.40952
8.26667
12.4762
10.181
12.8381
13.0762
13.3714
7.69524
13.6667
7.51429
11.3048
29.7048
16.3619
14.8667
16.8952
8.86667
13.1619
9.35238
16.3905
16.4952
11.419
11.0667
18.4095
16.019
10.6
11.9905
13.5143
9.70476
13.2667
6.18095
8.41905
17.6952
9.91429
17.2286
18.0476
10.8762
12.7143
6.49524
14.1048
7.99048
12.7333
18.2571
11.181
8.4381
10.6762
14
10.1143
10.4381
14.6952
14.5143
14.3429
7.51429
16.2
7.98095
13.2286
17.3619
20.7714
10.5905
15.819
6.95238
8.15238
17.5333
7.7619
9.81905
14.2286
12.0381
6.79048
20.7238
10.8952
9.6381
13.7238
7.55238
16.6381
15.9524
13.6
16.0095
16.2762
13.6
12.4857
15.1429
15.0762
11.4762
18.1905
10.6286
7.81905
10.5238
18.019
10.5714
6.79048
13.2381
18.5714
17.381
14.0667
6.97143
19.2762
11.6571
18.781
15.5048
8.40952
19.9619
12.819
12.3238
11.6571
13.1333
16.1619
18.0667
15.0952
6.00952
13.381
11.4095
20.7524
9.52381
15.0667
7.8381
7.49524
10.3619
12.3143
18.4857
5.94286
11.6952
7.67619
16.3238
5.60952
8.48571
11.619
12.3238
10.181
8.09524
11.8
17.419
18.6857
22.4095
10.1143
11.2952
5.20952
6.87619
10.5619
15.3524
7.01905
8.28571
12.1238
13.7619
16.7429
12.4952
10.6857
9.2
12.2286
9.91429
17.2381
7.99048
13.7714
22.8952
12.0286
20.4667
12.9333
13.0571
10.5429
11.7143
5.06667
6.73333
9.6381
6.13333
15.6857
17.1143
15.0667
9.48571
16.6571
6.10476
7.24762
10.2286
18
17.0952
12.5905
15.7333
7.28571
12.5238
9
18.4857
12.8667
18.5905
10.1048
18.819
7.78095
8.72381
10.9714
14.8762
11.8
15.4571
10.6762
9.47619
13.7905
16.4762
14.2857
9.8381
21.9333
22.2
12.2381
11.981
24.8
11.2667
14.4381
12.3905
11.9905
14.4095
16.1238
12.1048
14.7333
10.2476
11.5619
4.17143
10.1619
6.20952
11.2667
10.0571
18.7429
8.75238
13.7048
8.27619
19.2095
11.6857
14.3619
10.8667
5.0381
7.07619
11.1429
11.1905
10.419
21.181
9.59048
8.06667
13.9333
8.21905
10.0667
8.84762
10.3429
9.91429
14.0476
11.819
14.7905
13.6
4.94286
14.3143
10.8
7.98095
9.72381
24.1048
11.8286
10.0381
8.64762
6.42857
10.8286
14.0381
9.53333
13.0667
8.4
10.419
15.7429
20.4952
13.181
10.4095
20.4952
22.1238
10.6
7.31429
13.9048
6.84762
16.3143
21.2762
16.2
15.8
11.8667
10.8476
7.6
10.2857
8.46667
14.6286
13.6857
13.8
8.65714
18.2952
11.0952
11.4952
10.9524
16.6095
13.9048
6.24762
14.2095
10.3238
9.14286
11.219
5.7619
9.6
12.5524
11.7429
6.53333
15.5238
9.17143
9.29524
12.5333
5.37143
20.2381
13.019
17.6667
12.419
8.35238
11.3238
13.9524
4.3619
19.8
7.30476
17.0667
12.2381
17.8
7.20952
11.2
9.50476
8.2381
9.18095
16.1333
15.9524
14.0857
10.5143
13.3143
9.47619
20.4381
19.2571
10.6952
17.1143
12.2095
12.6857
14.5048
17.4857
13.0286
16.5619
10.4762
9.88571
10.7238
15.9048
10.1619
8.80952
16.1429
21.219
14.6857
11.019
9.81905
18.6857
15.019
18
15.1714
11.8667
10.7619
11.4952
13.381
16.0381
14.6381
6.48571
7.77143
5.02857
21.8857
11.5048
16.6095
11.7333
8.18095
10.3429
11.9429
11.7429
20.3429
15.3429
4.71429
21.5143
5.49524
6.20952
14.0286
17.5524
11.3333
12.0476
15.6286
14.5238
20.6857
12.0095
15.3714
12.7429
17.7048
14.619
6.6381
17.6286
15.5429
8.37143
5.40952
13.8952
9.6
9.73333
8.84762
8.55238
6.71429
18.1333
11.9333
8.8
18.1048
21.4762
10.619
7.60952
18.9143
17.181
12.3429
6.99048
14.7524
10.9238
11.6667
13.781
16.7429
7.50476
14.5143
14.8762
5.77143
7.42857
14.1905
11.6952
16.6095
11.6667
5.29524
6.87619
20.7524
14.2381
7.44762
11.019
20.4381
13.4
6.98095
16.6762
5.78095
8.27619
16.6571
4.67619
11.7143
6.48571
12.8952
5.62857
9.74286
4.89524
19.7333
14.619
7.88571
5.1619
13.5238
14.5619
11.6952
4.85714
13.8952
14.619
11.6
13.7238
13.9714
10.9048
9.2381
8.38095
14.7905
12.1905
10.6095
13.9714
7.94286
11.8095
7.34286
6.34286
8.06667
12.4952
8.72381
6.92381
12.2095
17.7048
13.0381
7.65714
18.0476
12.4381
12.0857
16.3048
17.3905
11.7048
15.9143
5.40952
11.8667
16.8952
17.4381
23.4762
9.00952
16.9619
13.2762
6.61905
8
16.3429
19.2762
10.1333
11.8
14.1238
16.5429
6.60952
13.7238
10.4571
18.0762
14.0857
21.9905
8.72381
22.6857
10.5238
10.2286
9.24762
8.38095
14.1048
9.28571
7.21905
15.7619
11.4476
12.7143
7.55238
4.6
19.8952
9.08571
16.4476
22.619
11.419
11.2857
5.48571
12.1905
20.2
7.4
19.8
7.3619
12.0762
14.1524
12.0667
12.2857
19.1524
12.7429
15.0095
16.4
14.6095
16.3048
12.0667
16.4
13.8857
9.61905
13.8857
8.27619
12.5333
12.6857
11.019
8.81905
9.53333
7.3619
19.2857
7.55238
5.7619
10.9714
12.3429
9.1619
17.6
10.7619
11.2095
16.5143
11.3333
9.04762
6.67619
17.2667
12.8571
7.2
20.181
8.5619
13.7619
19.8952
17.4857
11.6762
10.2762
13.6
14.3143
7.65714
14.4571
9.74286
6.27619
15.7905
18.3905
14.019
8.27619
22.6476
17.1905
13.9905
17.8667
6.1619
10.1333
11.1048
12.3714
20.8381
13.8286
13
12.5333
10.4571
8.67619
17.2
11.9905
12.6286
8.93333
11.2571
9.22857
14.0476
11.3238
11.9143
13.0381
15.6571
13
8.22857
20.6571
9
11.3143
15.181
7.37143
11.8571
6.14286
18.7238
13.8
9.33333
14.5524
14.0381
17.2286
12.8952
8.10476
7.66667
9.82857
11.4381
10.9238
16.7619
10.7048
14.0286
9.1619
8.61905
5.52381
7.92381
14.6571
7.91429
7.14286
6.58095
14.7619
13.4952
10.4762
26.3238
17.3143
8.24762
17.2
8.87619
9.12381
8.62857
17.0095
13.219
15.8
21.019
13.9048
8.46667
7.10476
12.4286
22.2762
10.2857
14.7619
14.0571
12.5048
11.1714
18.981
13.6286
10.7238
16.6952
13.8667
7.27619
21.3333
16.6095
7.27619
21.4667
7.28571
8.2
15.6476
11.2667
10.5333
10.1429
19.5905
11.3905
19.2762
14.3143
12.9714
16.1524
7.82857
11.0286
9.69524
9.69524
8
19.6762
10.2476
7.44762
11.6571
10.8952
9.09524
13.7143
11.5429
10.819
13.4762
13.819
6.89524
6.84762
12.0286
7.87619
11.0571
9.9619
15.1619
11.5905
14.4667
11.7143
7.24762
16.4762
17.9429
8.0381
9.4
12.0857
11.7905
16.8476
17.3143
13.2476
5.12381
16.8857
11.8952
11.0762
8.74286
10.0667
11.7333
8.97143
10.6857
10.181
18.1143
7.93333
4.33333
10.4476
18.5714
20.5714
12.581
11.3238
11.0381
24.5905
11.3619
13.2
4.46667
12.4667
11.1429
15.2762
10.4762
8.82857
12.4
12.3048
15.5333
8.37143
11.419
25.9143
11.6
29.019
9.37143
13.1238
17.1905
11.9238
7.94286
17.3524
14.981
8.02857
17.3524
8.06667
9.66667
19.0667
8.0381
5.35238
16.0571
11.8381
13.1333
11.0095
11.4476
20.2095
19.0571
7.93333
18.2095
4.2
6.3619
4.22857
15.781
23.4667
13.819
15.5524
11.981
8.72381
10.7143
12.8762
8.53333
10.219
14.8571
11.4857
15.5048
9.77143
12.9048
8.13333
11.581
11.9143
16.6952
16.0476
6.8381
12.4286
13.3238
14.8095
15.2571
19.6
14.1143
18.2952
14.8857
9.2
16.5429
9.34286
14.6762
16.981
19.4857
15.0571
11.2762
14.181
10.4952
13.9143
14.4476
17.5524
17.1714
19.0476
9.92381
19.5905
17.1714
15.0286
13.0476
10.0095
6
38.1905
13.781
12.8095
18.4286
7.75238
10.5619
11.981
18.8476
11.4571
19.7048
15.0381
4.78095
11.7905
16.5524
4.30476
5.38095
15.1429
17.1143
5.60952
7.57143
15.7429
13.8667
18.9143
13.2
11.219
7.70476
10.4952
6.1619
10.8952
7.07619
15.2286
9.70476
9.84762
9.4
8.39048
9.71429
10.5429
5.9619
8.19048
10.1238
16.1714
13.3524
9.45714
18.5619
10.8476
11.4571
10.9143
15.019
13.9429
12.5143
7.88571
15.6
13.6381
17.7714
11.3905
12.6476
16.5333
15.0952
15.9714
14.5333
16.1714
16.2762
12.9048
5.79048
9.72381
11.1238
10.8476
12.0381
16.6667
21.4952
13.5143
9.39048
17.7524
5.9619
15.619
15.6381
11.0667
12.981
15.219
14.0952
14.4095
11.4476
5.38095
14.0857
14.9905
20.7524
8.88571
10.1714
16.0286
16.3333
10.2095
17.7333
13.2952
6.70476
11.0952
20.2
20.6
11.1524
13.7619
15.219
11.9524
10.0857
14.1905
11.0762
19.6667
11.3524
13.0381
16.5238
10.6667
23.7238
8.45714
11.4095
11.4571
9.84762
9.54286
14.5714
15.0476
12.0857
8.62857
12.9048
12.1238
10.781
6.53333
9.55238
9.27619
8.01905
10.5143
7.26667
13.7619
13.9524
11.4381
13.819
13.6857
13.1429
7.5619
8.42857
8.53333
6.22857
18.4571
22.1333
11.581
9.57143
7.97143
11.4381
11.1524
15.5333
9.77143
10.0476
11.0667
8.22857
14.2857
13.8095
12.2286
13.0286
11.3333
7.40952
15.2571
9.77143
25.0381
14.1333
8.82857
8.29524
8.91429
10.9429
4.9619
19.5905
14.3619
10.8476
11.6667
5.73333
15.0571
8.64762
15.5524
8.72381
10.4476
9.97143
5.79048
16.4381
16.019
14.9048
9.84762
8.10476
5.93333
8.05714
14.4667
7.42857
10.5524
10.6
8.90476
21.9429
11.7524
21.0571
15.0381
16.4381
14.5429
14.8095
10.9905
21.8
10.2381
11.0762
21.6476
13.2095
15.7524
11.4
6.92381
10.7429
17.3619
8.25714
12.0476
9
10
18.4095
11.3333
15.5524
12.2762
6.13333
7.9619
12.7048
6.90476
9.86667
9.29524
9.64762
12.4286
9.9619
12.0952
10.8286
15.3524
6.78095
9.90476
10.6095
12.3048
22.7143
13.8857
21.5333
15.3333
8.65714
6.38095
14.4571
10.6571
8.57143
16.181
6.89524
13.3143
18.7238
16.3524
17.1429
11.1238
11.2857
23.4762
6.38095
18.5905
12.5238
12.0762
6.44762
10.381
16.581
11.9048
8.04762
8.7619
13.6857
6.6381
15
5.62857
15.4667
13.5905
13.619
14.5048
20.8762
17.6667
4.8381
11.7714
12.3714
17.7429
10.0762
5.62857
15.9619
17.0762
8.37143
7.59048
12.4762
11.6095
16.219
18.019
10.7905
17.8381
4.94286
13.3333
13.9714
7.26667
8.44762
12.9524
10.7714
12.5333
19.2
16.6857
8.4
17.8762
20.5905
9.13333
12.6286
10.7714
12.3143
13.8762
6.06667
19.5429
10.0476
18.2381
14.0476
7.28571
6.72381
20.8952
10.3238
10.9238
18.5429
13.9048
8.25714
9.57143
10.8762
8.39048
15.381
8.74286
10.3429
11.7333
12.7619
13.6286
8.24762
11.419
16
15.2762
15.9238
20.0857
14.3048
8.54286
19.7143
13.8095
16.0667
13.8476
10.4095
6.01905
5.32381
9.10476
16.7048
6.77143
20.2571
16.8
7.9619
7.19048
7.11429
9.86667
11.8286
11.3619
14.9429
5.65714
9.92381
14.5619
15.981
13.5714
15.3714
11
23.581
7.05714
9.92381
12.5333
14.9238
17.4
15.4095
7.35238
13.6381
10.8857
13.6286
6.91429
6.26667
13.381
9.99048
15.7524
12.5048
19.3524
11.8476
8.22857
15.7238
12.2
5.1619
15.2571
19.0095
15.2476
11.9333
10.9714
16.6381
13.7238
15.781
9.70476
6.10476
17.6095
6.54286
10.181
12.1714
12.3714
15.2762
10.1333
8.85714
16.5619
16.7524
11
12.4952
13.5048
10.3333
16.981
6.67619
9.0381
5.90476
19.9524
6.21905
19.2286
15.3333
15.8095
8.29524
7.38095
20.8476
12.0857
18.9048
6.81905
13.9333
7.20952
13.1238
17.9333
16.2286
7.47619
13.2762
10.8095
13.8857
16.1429
12.4952
15.7429
16.3524
11.2
17.9048
17.9905
4.66667
21.3524
14.581
8.54286
18.2381
18.1905
9.8381
6.74286
17.4857
10.5333
14.4381
6.24762
15.4476
8.28571
11.2762
5.80952
19.7238
17.4571
17.7429
11.0095
7.9619
21.4381
25.4476
10.4
12.7524
16.8286
16.1429
14.2
13.0381
9.37143
15.6095
4.94286
9.58095
13.9048
13.5524
14.9238
18.0381
19.5333
9.02857
9
16.5143
9.92381
13.8952
10.6381
12.5333
7.2381
19.7143
12.019
17.0095
7.57143
12.6286
15.4952
11.0286
7.69524
13.6381
13.2381
11.9238
16.7238
18.6762
22.6286
12.8762
19.4762
10.8571
5.24762
11.6286
12.5619
19.9429
11.3048
9.29524
13.0095
14.6381
11.0952
5.61905
6.49524
8.67619
11.2381
14.1714
8.62857
9.33333
15.419
13.7905
5.57143
12.0286
11.6571
13.5714
13.3619
15.3429
10.4286
9.78095
22.219
7.07619
15.7429
10.9524
6.78095
9.60952
11.5143
11.9238
8.7619
10.581
20.0952
10.1524
6.92381
11.5333
9.07619
6.66667
5.12381
11.5714
10.2667
11.9333
6.24762
16.5524
12.1429
9.6381
5.52381
13.3238
11.6857
15.7048
13.1048
6.88571
15.9048
11.6
10.1429
11.0762
9.40952
12.0667
11.1238
13.7048
7.2
8.41905
14.8762
7.9619
8.5619
12.619
11.2381
11.3714
14.219
10.5619
12.2667
16.7333
11.7143
6.99048
8.39048
7.1619
8.71429
11.5143
11.5333
13.1524
16.8952
19.619
13.219
15.1905
15.3429
13.8667
13.181
9.15238
10.6952
6.80952
14.9524
7.15238
17.8952
7.44762
10.3238
11.9048
13.7429
10.9714
10.219
13.8952
9.11429
13.019
5.10476
15.8571
19.9048
18.1524
7.59048
10.6286
15.1333
5.30476
9.90476
7.87619
13.9143
21.3905
7.28571
6.91429
8.62857
13.619
13.8857
24.0667
11.0381
9.4
16.9524
9.17143
16.3143
10.1429
9.98095
11.581
13.6381
9.33333
9.94286
10.8
9.27619
10.381
12.8667
14.781
12.4286
17.4476
11.3905
12.3619
11.8381
16.6857
16.4095
12.6571
6.93333
13.5238
24.6286
5.61905
14.5238
20.0667
14.1238
11.9143
5.67619
10.7143
13.3333
9.62857
16.8857
9.05714
17.4667
12.9048
7.21905
9.28571
8.09524
11.1524
10.8286
8.71429
13.4952
11.4381
15.2667
6.67619
13.6857
19.9905
10.2095
18.6
12.4952
7.69524
62.6381
6.91429
13.7905
12.8095
13.7714
14.6095
7.61905
9.53333
10.9714
7.60952
15.6762
6.28571
15.8381
7.06667
13.9429
18.9524
5.02857
16.3524
7.89524
15.0381
17.8095
11.5048
16.2476
12.2381
17.3143
7.12381
15.5238
21.3333
13.4095
16.7048
14.181
22.2667
14.6286
14.5238
9.1619
12.9048
16.0571
15.2
14.9143
16.3524
14.4286
17
13.1048
13.4762
6.24762
14.581
12.6952
17.3143
5.82857
8.81905
7.42857
16.5905
14.0381
10.3714
21.2571
12.2667
12.6762
16.8762
18.4571
13.2381
12.0857
14.2286
9.00952
7.04762
11.381
15.1333
7.57143
9.77143
13.7524
11.8381
10.0667
7.07619
6.26667
5.71429
8.70476
12.2
13.6286
13.2476
9.09524
19.581
12.7238
12.3429
5.80952
7.69524
7.2381
13.0286
11.7048
9.27619
15.8857
20.1429
10.7524
8.74286
8.02857
10.819
15.3048
19.7619
11.2762
11.2571
6.24762
17.3714
8.25714
6.61905
17.4381
14.7714
13.5714
6.81905
15.0381
11.6667
9.80952
13.2762
11.819
9.20952
5.53333
11.0857
11.819
9.68571
15.9429
9.74286
13.781
9.45714
12.4095
6.98095
12.4571
14.181
17.2762
12.5524
14.8857
13.219
11.1524
19.6762
16.1048
12.5238
14.5238
8.06667
18.3238
15.7429
9.21905
11.5619
20.8
11.0095
11.7905
21.6571
17.7048
7.3619
11.4095
13.5524
13.6286
12.0667
5.30476
6.99048
5.94286
16.7905
9.77143
14.8952
13.1619
9.52381
8.71429
12.7048
7.60952
16.4571
18.6
8.4381
19.6
11.8952
12.0286
8.78095
11.6667
11.2667
10.2762
11.581
14.5905
12.2762
11.8286
20.2
14.9238
10.1048
8.21905
14.6381
16.2857
8.4381
5.88571
7.22857
12.619
14.2952
11.7238
13.1429
13.9714
4.6381
15.9333
8.72381
7.1619
13.1429
7.4
10.6
6.8381
19.9238
10.2381
6.10476
10.0762
12.619
13.8571
11.5333
14.7238
11.3905
6.50476
17.8667
11.2381
14.1619
15.581
9.13333
18.7619
9.91429
22.2095
6.2381
13.4762
13.2381
23.7238
7.14286
14.5905
20.1619
13.1714
8.84762
10.219
11.5524
17.2571
7.72381
10.7143
8.28571
11.8381
14.3429
10.5524
12.1143
12.7429
8.30476
10.9143
19.5714
9.10476
12.3714
10.5714
14.019
11.0571
9.26667
13.019
19.8857
10.2667
12.0857
7.09524
6.09524
11.1905
5.4
17.8
8.70476
12.0857
17.4476
11.8952
10.3524
7.39048
5.74286
5.41905
10.8476
8.42857
10.219
7.00952
14.3905
8.42857
18.4762
18.8476
12.6857
11.8571
10
14.2476
15.4381
17.019
17.6095
5.29524
15
7.02857
10.9714
15.8476
11.0762
9.1619
8.74286
16.2381
17.6286
10.3905
5.89524
12.419
15.3524
9.39048
8.86667
18.4667
10.3619
13.181
12.181
15.0095
15.1429
11.7905
10.0286
21.5619
12.1333
12.0667
11.1333
14.5905
14.5619
9.79048
11.6095
8.88571
12
5.27619
13.2381
24.1048
13.6952
9.2381
8.22857
18.6
9.77143
19.019
11.5429
9.77143
9.41905
18.1905
19.5714
17.2476
16.4476
12.9619
16.5714
12.5619
14.0286
16.581
9.8
13.0857
9.40952
15.2857
18.8952
10.8571
16.781
4.69524
17.6381
13.6476
5.18095
12.9143
15.0762
18.6667
10.619
11.0952
15.019
23.3905
7.29524
10.181
12.6952
7.67619
10.9143
15.219
11.7619
25.6571
11.3714
9.07619
17
11.1714
10.2
10.5048
10.5524
10.7143
8.99048
14.4381
8.42857
16.2571
16.5524
14.3333
16.1714
17.9905
7.90476
17.8
12.5619
13.8571
12.619
14.7524
16.4857
11.8
9.88571
11.4095
9.48571
8.38095
17.4476
12.0857
14.4571
8.89524
18.1048
12.2381
6.81905
9.07619
7.70476
9.57143
13.7714
7.87619
12.3238
6.41905
14.0286
11.7714
13.6476
12.9238
15.3714
11.2286
5.6
8.79048
24.0095
10.1048
6.6
10.0762
12.6286
10.4381
16.019
10.7238
4.90476
10.4095
12.3714
9.57143
14.2
22.3714
13.8762
17.2381
8.32381
11.0095
15.9524
17.8
7.82857
14.6857
15.9905
13.7143
16.019
6.93333
15.1429
15.419
13.6095
10.0381
8.18095
11.9333
12.9429
9.14286
13.781
8.95238
8.46667
19.0667
14.8667
18.4095
16.7714
10.619
7.11429
15.0667
15.8857
10.8286
10.8571
17.3333
5.19048
14.0286
7.79048
16.181
16.0952
17.0381
14.8762
6.7619
13.0571
4.69524
6.98095
6.34286
15.0762
11.9524
17.1619
11.8286
15.0286
5.99048
11
8.47619
5.70476
12.9143
16.7048
13.2762
15.1905
6.11429
9.65714
10.5048
9.54286
17.3238
10.1429
16.1238
12.819
11.8095
12.9905
10.8762
11.5238
14.0476
29.8857
18.9714
13.0857
11.6762
14.9238
14.5905
11.2
18.6667
21.6476
9.5619
10.4286
9.39048
16.5619
14.381
7.51429
7.37143
10.9333
15.8762
14.819
12.4476
8.7619
11.0952
12.0571
16.7238
15.9619
19.4286
9.93333
15.219
7.15238
14.7238
7.06667
13.2952
12.0762
19.6286
18.4
15.9143
12.6952
15.4286
6.11429
7.61905
8.79048
13.1905
11.2857
11.6286
7.45714
17.4286
17.6667
15.7524
19.1143
11.9333
16.4857
15.1905
20.8571
17.7714
13.1524
19.181
12.2286
16.9619
8.79048
16.6762
5.4
12.5333
6.60952
13.3905
21.1905
13.3238
12.4571
8.14286
7.6381
11.4952
8.52381
9.0381
9.7619
14.3905
18.619
10.019
11.9619
13.6095
12.5143
18.5524
7.61905
8.4381
13.4952
7.6
11.6667
10.4571
16.8095
16.3905
9.91429
14.5429
12.2095
13.0667
7.46667
6.30476
18.7333
15.0286
10.4095
9.10476
8.86667
11.9524
17.619
5.92381
7.80952
16.2476
14.6476
8.64762
10.2952
11.4857
13.5333
8.21905
5.42857
9.89524
10.4
6.65714
6.5619
11.7333
12.7143
9.69524
13.1143
12.2857
13.5048
22.3524
13.4286
14.9238
4.33333
9.88571
9.85714
16.3048
18.0571
9.82857
19.9714
11.2667
13.6762
13.4286
9.65714
9.06667
11.9048
6.89524
10.3524
16.019
10.5714
19.2095
13.5048
18.8
13.0571
14.5048
4.90476
10.1048
7.49524
11.4095
8.44762
16.381
14.7048
5.26667
9.24762
9.55238
15.1429
12.2571
13.619
8.57143
15.3524
12.4286
14.0857
13.6381
12.6
10.3143
8.77143
16.2381
17.7429
5.10476
25.3714
7
10.1048
11.381
14.1619
12.581
10.6286
6.77143
16.8571
8.25714
9.78095
17.5238
9.08571
10.619
15.7429
9.45714
11.0952
10.4381
14.3619
15.0095
18.3905
15.0381
8.21905
10.6571
8.59048
7.10476
10.4
11.9143
17.5333
7.2
12.5714
7.81905
13.9429
14.6571
16.8667
7.4381
14.581
14.6952
12.4952
17.3905
7.8381
12.9524
13.0381
8.5619
20.6476
6.87619
9.89524
11.381
8.33333
14.0381
7.71429
13.2476
16.6286
8.10476
16.2571
8.73333
14.0095
18.0476
9.57143
9.33333
7.08571
8.18095
12.7143
7.61905
15.6095
9.72381
8.48571
5.74286
7.26667
12.2952
10.5143
7.53333
20.3524
14.0952
4
14.2381
10.2667
7.50476
13.4952
8.34286
13.0476
5.49524
16.1619
7.9619
11.3714
16.4381
23.2381
8.44762
8.90476
17.019
13.1714
12.4571
14.1333
7.52381
8.06667
8.27619
12.6667
8.70476
14.8
9.67619
16.781
8.68571
8.92381
11.5905
29.2286
14.1714
13.5524
8.81905
5.02857
9.61905
11.2476
18.7333
11.1714
21.181
10.4952
10.7429
13.5429
15.3333
13.0381
15.3524
19.0667
17.219
7.2381
9.62857
12.5333
17.8
10.6762
9.34286
10.2762
23.4952
18.0762
17.4
14.4571
6.32381
13.7905
13.3905
11.2095
10.9524
10.4667
10.4571
9.52381
10.1524
7.41905
16.3333
5.4381
16.5905
19.0095
8.12381
19.2381
6.42857
11
7.61905
11.4381
19.8476
9.27619
11.3048
15.9524
19.2571
10.6381
15.7048
17.181
16.4952
16.7619
14.1429
10.381
13.819
12.6286
16.8286
13.0381
10.1429
9.9619
5.8
8.01905
13.4286
4.62857
11.9048
8.15238
14.1238
8.69524
13.8381
10.3238
12.7714
12.8381
17.3524
20.619
11.0857
8.1619
10.3048
10.9238
13.2286
7.73333
7.77143
10.3429
5.81905
16.3238
15.7048
17.2286
11.4095
13.6857
16.9333
12.981
16.0667
10.6095
14.5143
17.7905
11.2762
9.79048
24.5048
17.7238
9.81905
12.6857
11.2571
12.819
11.6095
19.4
11.6476
7.57143
14.9333
18.581
17.3619
12.0476
20.2667
16.019
15.4857
12.619
10.181
17.8381
7.1619
14.1714
6.65714
16.2571
14.0286
7.93333
11.7333
13.7429
10.3714
17.3619
18.3238
4.9619
9.95238
16.4381
17.0095
14.5524
12.1714
10.5143
7.11429
5.11429
14.2095
17.819
6.67619
13.6667
27.3333
20.2286
19.1429
12.8952
13.4286
12.2952
9.26667
6.62857
7.9619
10.0286
10.8381
9.37143
9.08571
10.4381
9.44762
12.8381
20.6476
15.5524
6.82857
8.89524
13.3333
14.6857
8.59048
8.61905
11.8476
13.1429
16.7524
13.1429
17.4667
15.3619
10.2
12.0476
14.6667
13.6857
17.2857
12.2476
22.6381
8.10476
12.8667
5.94286
8.94286
12.819
18.5238
11.8667
18.7143
13.8286
12.0857
13.8857
10.7143
8.19048
8.10476
11.1619
6.95238
4.1619
14.9619
8.51429
8.17143
11.5619
15.2
15.8952
8.47619
12.8762
5.57143
6.10476
12.3714
10.9143
9.04762
13.4571
4.06667
12.5714
9.19048
8.17143
8.38095
5.86667
19.2476
11.5524
20.219
13.2381
13.3619
11.9524
13.619
10.6
12.0762
21.6952
9.6
14.7143
6.20952
17.8952
12.0857
4.69524
16.2286
11.6
8.2381
10.181
7.08571
5.10476
11.5238
15.7238
11.9238
16.5143
11.8381
11.6667
17.4095
13.3619
9.74286
9.39048
22.3619
5.74286
11.6
12.8952
10.0381
8.85714
8.18095
11.2667
7.78095
15.9429
12.181
13.0762
9.73333
9.58095
12.2381
8.61905
21.1238
18.1238
15.3905
10.1905
7.68571
11.2571
13.6
18.0667
8.44762
7.70476
8.26667
16.9143
8.92381
9.15238
15.0952
8.80952
6.27619
8.17143
7.9619
12.3143
12.7524
8.78095
13.6476
7.60952
14.2476
12.0381
17.8
11.6095
13.7429
4.26667
6.66667
12.4381
10.381
8.38095
13.2
23.4476
14.5524
16.6667
21.7619
19.8095
9.66667
22.7619
13.2381
16.019
21.0476
7.11429
16.8952
13.4095
6
14.9143
14.619
21.3143
22.2
10.6381
10.4952
15.6952
10.1619
12.0952
10.1333
7.45714
9.7619
19.0667
9.02857
9.74286
14.8381
8.71429
9.61905
8.40952
11.9714
12.0571
19.5524
14.8857
9.00952
9.54286
8.18095
9.51429
10.581
17.0381
13.5333
19.9048
17.219
13.5905
10.3524
5.70476
13.1143
13.019
14.2476
14.4
6.98095
10.4571
12.5333
15.181
15.1714
4.93333
18.4
11.1238
25.4762
13.6762
19.0952
11.8286
8.21905
12.6286
21.8381
5.24762
12.3429
15.0762
8.88571
10.4286
19.6762
13.3143
11.4571
6.22857
6.2
6.6
13.8095
8.74286
11.3714
23.3333
10.8857
18.6857
24.2857
13.2952
12.5333
9.86667
9.0381
14.3524
8.67619
10.0381
8.69524
11.8571
7.89524
9.55238
11.4381
14.8762
9.47619
8.42857
16.3143
10
7.37143
19.0762
12.3143
16.1238
11.8381
7.27619
17.3714
16
11.0381
9.89524
12.3143
11.381
14.3143
15.1429
19.8476
16.7143
13.2476
11.3238
12.1619
21.1619
9.66667
13.1905
11.6762
9.07619
7.46667
13.7048
7.91429
11.7238
6.60952
9.21905
9.5619
9.14286
15.8095
10.3048
10.8667
11.7429
15.0571
22.1714
12.8667
8.79048
7.4
7.26667
21.8571
12.5714
8.28571
9.6381
9.24762
20.4095
8.72381
10.9619
11.2762
10.6857
20.7714
10.6095
14.4762
5.91429
7.97143
7.00952
13.6381
13.1619
9.89524
14.6381
15.2095
6.48571
8.22857
17.2857
13.019
17.9143
9.79048
14.7143
15.7524
14.9238
11.6095
9.48571
18.4667
13.581
14.6476
14.8095
7.39048
13.3429
12.2571
16.4
13.219
11.9619
11.8
8.31429
6.24762
7.51429
8.62857
16.5238
17.4857
4.75238
13.6952
6.7619
15.2952
17.1905
15.8857
13.0476
21.5143
10.419
9.01905
9.07619
15.0952
15.0762
12.419
13.0286
8.1619
17.6381
11.3905
7.20952
12.4857
15.0857
8.29524
7.71429
11.4857
11.0571
9.41905
11.781
14.7238
22.0286
9.95238
13.5333
10.1333
9.61905
14.1714
16.3714
10.9143
6.5619
14.5524
8.4
12.1429
11.2286
15.3524
16.819
9.41905
16.7429
10.381
12.4571
5.28571
7.69524
9.4381
11.4571
8.13333
14.0857
15.3048
10.8571
21.0381
8.3619
9.80952
9.25714
7.55238
12.3143
15.6952
9.22857
11.181
20.0762
13.5048
10.2571
10.219
10.5905
14.1238
16.7714
6.20952
9.7619
7.94286
10.0952
10.8095
8.44762
14.0857
10.4286
5.78095
12.0952
12.1619
8.59048
10.5524
14.2857
6.07619
15.6381
8.92381
12.4381
5.7619
13.7524
16.1905
15.3524
5.25714
13.581
12.6381
12.9619
17.6
16.9714
7.09524
11.1619
10.0762
8.68571
13.7429
20.4952
9.48571
7.05714
13.5333
10.2952
10.1333
16.9619
5.35238
5.95238
18.2667
23.5333
12.4476
12.5333
13.9048
8.82857
4.55238
8.80952
9.95238
17.2952
7.71429
17.6476
11.3429
14.2762
14.0667
6.22857
19.3714
7.13333
17.4
9.6
13.8571
8.66667
11.1048
13.0476
13.2476
6.91429
7.37143
4.88571
10.9143
12.5524
6.8381
15.2381
7.08571
17.3429
6.89524
11.981
11.6286
6.33333
6.87619
14.7714
19.981
9.2
11.9333
10.0952
14.1238
12.5143
6.82857
15.7238
14.581
12.2762
7.31429
7.99048
11.5714
15.381
16.6476
11.5048
16.2762
12.0571
9.61905
14.4381
9.81905
12.4381
10.8571
9.28571
9.71429
13.1619
8.51429
7.98095
8.58095
6.44762
14.7524
12.4571
12.2
9.48571
20.1238
15.3238
13.3714
5.55238
10.6952
10.7619
17.619
9.53333
13.4
17.781
8.50476
12.1143
15.6571
8.53333
8.62857
11.5048
9.07619
9.87619
12.8571
17.4
6.77143
11.6857
11.4857
13.0381
12.6762
10.2476
10.7333
7.73333
7.92381
8.61905
8.75238
6.67619
5.0381
10.7238
6.61905
9.12381
7.53333
17.8952
19.5333
9.62857
17.8095
9.82857
10.2857
8.74286
10.9524
15.5524
10.4667
10.9333
5.97143
12.981
12.8095
9.08571
6.30476
8.58095
7.84762
13.1619
14.2667
9.54286
8.79048
11.9524
8.06667
12.219
21.0571
9.30476
5.53333
12.5238
12.9619
12.9333
7.53333
7.50476
7.09524
14.7333
14.1905
21.6381
11.2762
15.5048
11.2857
10.9143
9.02857
10.8857
14.5238
14.9048
21.3905
11.6476
10.8381
13.1619
6.28571
5.8
16.3143
13.3619
11.7524
6.14286
14.2952
14.0286
13.5714
12.5143
7.33333
11.0571
11.6857
8.95238
13.4857
16.5238
12.781
16.6952
9.31429
11.8571
10.8286
9.91429
8.82857
11.7524
16.9143
8.05714
12.6667
7.2381
10.2286
10.6857
5.90476
12.5048
19.5333
7.0381
5.22857
8.15238
10.8381
19.2381
19.4571
18.5048
8.88571
15.419
12.0571
12.6762
8.07619
12.0857
8.58095
7.54286
8.89524
12.219
12.6667
12.5048
11.7619
14.9524
12.6
10.1238
17.4095
10.181
11.7333
11.7238
12.2
13.1714
9.28571
16.1714
14.5714
20.9238
13.9238
13.2476
15.9524
18.5905
13.4476
9.22857
8.1619
16.8095
14.2476
9.45714
21.4095
7.47619
10.0476
4.42857
19
16.8667
17.0762
14.381
11.2762
15.1048
9.10476
13.6762
15.9524
19.5905
9.82857
5.77143
6.92381
10.8381
10.6476
12.3238
7.17143
11.4381
14.3905
13.6952
12.2571
14.3143
13.0857
18.9238
10.1333
12.8571
8.01905
10.2571
11.7143
12.9238
7.70476
11.3429
8.8381
8.93333
10.419
6.01905
18.7714
10.5429
15.0571
12.5048
10.219
7.78095
6.51429
14.581
12.2667
16.4095
15.2952
12.8857
5.27619
21.2286
12.419
14.5429
8.5619
19.0381
4.49524
13.1619
12.4571
13.8952
11.9905
11.0762
7.51429
6.98095
10.6857
8.70476
9.39048
10.9619
10.9524
10.5905
9.18095
13.7429
12.3238
10.7619
8.11429
12.5619
10.7333
21.6095
7.48571
14.2476
7.87619
14.2381
12
9.4381
12.981
14.819
14.5333
7.93333
16.8095
9.46667
10
23.6762
5.61905
6.9619
15.2095
12.3905
10.2667
8.38095
9.04762
4.91429
14.4952
6.02857
20.4571
9.50476
19.381
12.0095
12.581
5.05714
11.5429
20.3048
16.1048
7.07619
18.8095
15.1238
12.9143
16.4476
14.4476
8.0381
8.38095
19.8571
18.9048
10.5143
12.781
10.8952
14.5048
6.46667
14.8381
10.219
10.3905
13.8952
10.3905
14.6667
13.9238
9.86667
13.3619
14.1048
10.9143
8.30476
14.4667
15.2095
14.4667
15.581
15.1905
17.2
18.581
21.2095
11.8286
11.3333
13.6286
10.0095
8.08571
5.95238
27.5905
11.4857
18.1429
11.8286
18.3714
11.381
8.28571
10.4286
13.4762
10.0286
13.2762
11.7524
9.59048
13.7714
10.1333
6.98095
5.90476
8.17143
9.93333
10.4857
10.981
18.4476
16.9905
19.0857
12.7143
7.61905
13.7429
7.52381
14.8857
7.05714
8.92381
5.85714
11.1429
8.93333
9.67619
14.4762
6.9619
13.9524
10.4762
9.11429
11.7714
14.5524
13.9905
13.1143
16.0857
17.6667
9.40952
16.4381
13.019
12.1905
15.0952
17.7429
13.2
10.7238
10.3905
7.10476
16.5524
18.419
19.8952
11.5238
8.58095
7.90476
8.95238
10.5619
9.99048
4.55238
11.5905
5.54286
12.0762
11.6476
13.7619
6.28571
12.5333
13.2095
11.8286
8.89524
8.93333
16.3048
10.7333
11.5714
15.5619
16.4095
5.5619
17.3048
12.7333
9.91429
11.1333
6.99048
11.5905
7.02857
18.6952
19.9333
6.94286
8.50476
12.5429
11.4762
15.8952
14.9619
12.9619
12.381
10.781
11.6
16.5905
14.1905
18.2476
12.3143
8.39048
11.9333
12.7714
16.8857
9.11429
8.94286
13.1429
10.2952
12.4095
8.07619
11.2952
7.72381
10.0952
7.39048
11.3238
7.22857
17.2762
11.8286
13.5333
12.6571
6.7619
17.0381
15.8286
17.5048
11.9143
16.6286
14.7048
8.30476
7.20952
8.21905
12.2476
8.9619
9.21905
16.2762
14.2762
18.8952
10.4857
8.7619
5.05714
13
8.64762
7.57143
6.15238
7.59048
8.04762
17.3905
13.819
4.84762
16.0476
15.1333
7.70476
15.7238
11.0571
15.0571
9.92381
12.5429
14.4667
13.1429
23.3143
16.3333
11.0571
9.67619
5.78095
9.92381
9.90476
8.69524
7.5619
9.39048
9.28571
13.4095
11.5143
12.5524
4.98095
9.81905
16.019
8.61905
16.6667
17.6
9.07619
10.5619
14.6952
6.81905
13.0952
10.7524
10.1905
9.40952
6.72381
10.8381
12.581
8.20952
11.0476
8.0381
7.28571
10.4381
8.01905
8.24762
8.68571
5.58095
15.4
9.7619
18.9524
13.7238
15.1333
9.21905
6.85714
10.8
15.3524
11.3905
7
10.9143
12.0857
8.07619
10.5714
6.11429
11.3429
12.5524
13.0571
5.86667
14.8571
4.11429
7.6381
11.9048
9.34286
18.5333
14.5714
15.7619
10.0857
6.32381
14.1714
8.33333
15.1048
14.3714
8.61905
16.6476
11.9524
6.94286
4.78095
15.5238
5.82857
9.22857
17.6667
19.419
11.0476
9.1619
11.5429
13.5238
12.6857
8.67619
18.4667
18.5619
18.9619
5.71429
9.29524
13.0571
12.7048
5.47619
14.3619
16.8667
22.3238
12.3333
18.7619
17.2571
5.80952
9.35238
17.2095
16.781
5.17143
11.0857
7.55238
9.44762
22
8.47619
8.8
10.181
13.2476
9.98095
16.5143
14.0762
6.70476
12.0762
10.6476
9.01905
9.53333
15.2571
5.3619
13.9524
11
12.0667
16.7048
12.2095
6.54286
8.35238
7.73333
11.6476
15.5524
11.3333
8.80952
5.02857
14.581
11.6476
14.8095
6.05714
15.7714
7.74286
20.9524
15.3238
8.92381
11.3619
14.0762
15.419
8.7619
8.31429
8.94286
5.49524
9.65714
10.0095
12.0095
18.5048
5.45714
18.4286
23.181
7.75238
11.1333
10.7143
9.31429
14.8381
15.219
9.0381
12.2
9.5619
15.9905
11.9429
11.8
14.5429
16.3143
6.02857
15.4286
15.7524
20.4
7.37143
27.6476
21.3905
19.6095
23.0476
10.8381
7.82857
9.8
7.86667
8.59048
17.2
11.3714
8.0381
8.37143
7.0381
13.9238
5.9619
10.8476
21.0571
4.19048
6.3619
12.4095
15.5333
19.8095
14.8762
16.2667
14.4571
8.8381
12.419
12.4286
14.7048
15.9714
13.9524
11.8095
7.92381
13.0857
9.29524
9.01905
9.78095
6.9619
8.54286
5.42857
12.1524
12.6571
6.4
14.981
17.9048
10.3048
12.4476
11.1524
14.9429
13.7238
21.2952
9.21905
13.2476
11.6952
15.9714
20.0381
8.01905
15.5238
6.50476
18.5524
12.0571
8.82857
14.5524
14.9524
9.13333
12.0952
10.4
18.5238
14.2
19.1714
7.05714
16.7143
11.8381
16.3048
6.88571
8.32381
9.66667
14.4857
12.8476
11
14.419
6.1619
8.21905
10.4762
11.2857
14.2667
5.87619
12.5714
13.9238
14.2857
14.0381
11.8
5.05714
7.87619
9.28571
9.85714
11.6857
8.59048
14.3524
4.2
10.7333
6.31429
11.3524
28.581
14.1238
10.9048
9.70476
11.7619
5.09524
13.1524
13.8095
14.0952
10.419
7.8381
9.28571
12.2476
9.34286
12.9048
11.0667
11.6667
13.7524
8.77143
15.9714
10.8571
11.9238
11.6952
12.9143
9
6.54286
17.8762
5.40952
11.4952
14.8952
25.6381
16.7333
15.3619
11.8476
13.1333
15.4286
8.46667
6.98095
12.2857
5.59048
14.5905
9.8381
19
12.981
11.2286
13.3143
9.9619
12.4857
15.2095
14.0952
7.50476
7.17143
9.4381
7.32381
6.34286
10.6286
23.0762
13.3333
17.4476
7.64762
8.3619
8.84762
19.5905
8.75238
14.0095
15
10.3429
15.8286
11.1333
20.4857
7.6381
5.49524
6.61905
27.2381
15.219
14.581
13.1048
13.3238
9.88571
13.1714
11.4381
19.6571
9.41905
17.8
19.619
18.2095
14.2095
12.5333
10.4095
10.9429
4.60952
14.4
17.6762
11.6667
9.82857
15.1429
15.0667
13.8952
5.14286
9.28571
13.0095
19.2381
13.2476
19.3238
14.9333
17.3524
11.2286
9.35238
14.5238
15.4762
11.6476
5.28571
12.7143
8.50476
14.6762
10.781
6.17143
5.69524
7.11429
4.49524
7.87619
9.49524
13.3429
6.92381
12.4381
5.25714
15.7714
8.10476
7.37143
4.30476
16.3048
5.97143
10.5905
5.17143
8.67619
12.7333
10.6476
8.94286
7.77143
19.619
15.6286
12.0667
9.18095
18.9238
9.8381
13.5048
9.45714
9.04762
10.6286
14.0381
16.0095
9.02857
16.7714
13.7619
22.4952
11.6857
13.819
6.57143
7.75238
7.90476
7.2
20.8857
9.10476
14.6381
5.87619
6.75238
23.1619
11.1524
8.64762
13.2095
6.82857
7.95238
12.7429
13.981
8.84762
9.8381
11.0095
7.55238
6.82857
11.0667
14.5524
9.86667
8.26667
6.32381
8.67619
9.28571
15.3714
10.1905
13.6571
15.8952
11.1524
9.80952
12.3429
6.91429
17.8857
8.47619
12.5905
11.1333
11.1619
11.7143
12.7333
7.39048
10.7905
6.46667
14.9905
6.60952
17.4952
17.6286
7.97143
17.1143
7.69524
11.4
6.15238
8.0381
13.1333
15.7524
11.5905
11.8095
5.61905
10.1905
11.7238
6.05714
14.1048
15.8095
11.4571
7.49524
11.0762
11.0095
13.2476
13.8762
9.29524
6.4
8.48571
6.81905
9.3619
8.46667
5.58095
12.7238
13.8286
24.3524
5.8381
9.82857
5.78095
13.1524
7.86667
7.48571
10.9333
10.6857
7.92381
9.12381
7.93333
7.13333
8.87619
16.3714
13.8857
8.2381
12.0952
10.981
17.2857
5.80952
6.60952
15.3238
16.9143
14.4952
7.08571
16.6286
13.7048
13.7429
17.5048
13.1143
11.181
10.7429
15.381
9.97143
15.8857
21.0286
14.981
16.4762
16.5905
10.8667
6.51429
12
12.5333
8.86667
8.8
14.4667
8.86667
21.1238
20.181
16.7714
17.4952
12.781
19.1524
8.77143
15.5429
17.9905
12.5238
12.2476
17.8857
18.981
11.419
9.88571
14.8857
9.86667
14.7619
8.54286
11.381
16.3238
9.45714
8.92381
8.81905
8.34286
11.6762
15.2476
12.5143
10.4095
10.1048
12.2857
6.1619
18.4571
14.8286
13.4857
16.7143
9.69524
14.3333
10.3619
10.7429
13.2952
12.6
10.6857
10.2952
10.3524
19.3524
15.019
10.5048
19.2286
6.85714
9.8381
9.24762
15.8
8.40952
11.2381
10.2952
11.8095
15.7429
9.91429
10.1238
8.53333
20.5714
12.4476
15.1143
5.27619
13.5429
12.6667
11.3429
16.8952
13.2381
11.6476
9.50476
9.09524
10.6667
11.7143
15.6857
13.4952
11.7333
19.419
8.58095
13.0952
20.8762
9.19048
8.4
12.9429
8.34286
8.81905
6.11429
5.55238
10.1048
8.64762
9.33333
4.6381
16.0381
12.8571
8.87619
16.9048
8.82857
9.65714
7.68571
12.0286
12.4667
13.5238
11.1714
6.25714
5.4381
11.3524
11.6
7.9619
10.1238
8.99048
5.77143
12.8381
11.8095
13.181
8.68571
5.65714
10.1905
9.42857
10.8571
13.3905
13.0857
10.0952
9.68571
8.67619
13.7905
11.2667
12.6952
15.0952
23.4286
12.0476
18.5429
7.89524
8.30476
13.819
9.15238
9.91429
7.72381
10.2
13.9429
11.9333
13.5238
15.3714
9.14286
9.35238
17.3714
7.12381
13.8952
10.5143
16.1714
14.0571
9.09524
8.93333
9.80952
6.59048
9.25714
5.79048
11
7.90476
9.98095
7.65714
13.5524
20.5905
20.3429
15.8
22.619
10.5333
13.181
8.84762
9.49524
18.8571
8.93333
18.8857
13.3619
16.181
16.0667
12.0571
9.84762
11.2857
17.019
11.7714
4.95238
5.92381
14.0857
25.7429
11.6381
12.2286
9.1619
8.6
17.0762
8.6
4.85714
13.7714
15.619
10.9714
14.9905
5.94286
8.30476
14.9429
10.981
11.2762
12.8476
8.06667
34.0095
10.8571
9.4
22.5143
10.4286
9.81905
15.7619
6.89524
13.0952
6.25714
14.8762
4.62857
15.1714
12.6857
15.4952
14.2
15.1524
9.88571
7.48571
10.4952
7.35238
15.3714
15.7619
7.64762
14.1619
5.78095
9.58095
14.6095
8.21905
17.4952
9.94286
10.3905
10.1905
8.19048
12.7143
7.68571
14.7524
8.47619
13
10.2952
10.9905
7.87619
7.10476
11.381
7.4381
10.9524
14.4381
10.9714
13.5905
9.55238
8.46667
7.39048
8.19048
8.62857
4.24762
12.1905
18.1238
20.5429
8.18095
9.44762
11.2
17.3429
11.4286
11.1333
19.6381
5.74286
19.6
19.4667
19.0381
17.1619
6.49524
4.62857
7.70476
8.22857
18.2762
21.6571
13.6381
19.9238
8.6
19.6667
12.2286
14.7333
13.2095
21.8762
6.15238
13.8857
7.0381
15.181
14.381
15.5238
11.6095
10.4952
7.61905
14.3048
9.88571
9.91429
8.91429
6.45714
5.95238
11.4667
8.40952
17.4476
9.75238
11.1333
19.1143
7.41905
13.6667
11
10.8
8.70476
12.8095
15.6762
10.2381
11.4857
9.38095
11.781
8.75238
13.6667
21.8381
20.6476
10.4381
6.89524
10.1238
15.619
12.2952
9.09524
12.2857
11.9238
11.7429
13.2762
10.8476
8.82857
13.7714
33.1238
9.80952
5.78095
5.06667
9.3619
15.8571
11.1524
8.24762
10.0762
10.4762
7.41905
10.5619
8.02857
12.3714
5.94286
17.181
13.4095
5.86667
8.97143
12.0476
20.4476
7.28571
15.0857
15.3048
11.7143
11.2571
16.9048
17.8381
10.1333
10.781
5.14286
8.14286
5.50476
10.3238
12.4
10.0286
14.781
13.5905
10.1143
14.0857
11.8952
12.3429
10.7333
7.70476
16
10.4286
8.07619
12.8381
13.8667
14.0381
9.86667
8.01905
8.38095
5.1619
7.20952
10.5905
12.1333
5.04762
12.4667
10.6952
16.781
6.50476
5.33333
8.26667
6.72381
19.5333
12.6
7.0381
8.6
7.46667
11.1429
9.85714
10.4381
7.50476
8.32381
11.7143
6.2381
9.4381
11.3619
12.6095
14.5143
10.7238
7.27619
15.3429
6.48571
13.0381
11.4667
16.9238
8.78095
13.8571
9.4381
11.219
11.1333
11.8571
12.7619
13.6476
8.21905
12.7143
9.42857
15.0095
19.6286
7.18095
13.5714
15.1333
7.47619
12.7238
8.94286
4.17143
13.8952
8.90476
11.0476
10.8667
6.82857
13.5619
9.59048
11.2667
7.42857
23.7333
5.02857
6.65714
11.4571
10.8667
18.8
5.12381
11.9333
12.0476
16.6095
19.8095
7.24762
9.24762
11.8667
9.87619
15.9238
9.82857
10.1714
9.66667
18.5619
13.2571
17.019
9.29524
14.619
9.50476
12.819
14.5714
11.381
8.08571
11.6952
6.73333
9.40952
12.9333
8.6381
4.89524
11.8667
6.45714
5.37143
18.9905
11.3714
8.18095
13.9333
11.1143
10.381
21.7619
7.01905
6.71429
12.4381
9.5619
11.0476
8.26667
9.18095
8.78095
7.55238
4.84762
10.0095
11.9429
14.9905
6.98095
4.22857
4.15238
7.75238
6.84762
11.3905
3.2381
6.88571
3.89524
10.3714
11.4286
9.40952
14.981
11.2952
9.71429
17.381
12.1333
8.58095
7.10476
9.53333
10.6476
11.819
8.45714
9.50476
7.13333
7.04762
6.45714
9.81905
6.64762
8.91429
13.6
12.8095
19.019
13.4095
8.33333
9.74286
6.74286
11.2952
16.419
9.7619
11.019
6.17143
5.82857
6.31429
7.79048
7.8381
14.4095
4.26667
5.71429
10.5238
15.5429
7.0381
14.1905
11.6571
6.59048
7.58095
5.11429
16.581
8.35238
11.7619
14.619
6.66667
9.79048
12.7429
12.8857
14.6476
15.9333
13.8667
15.9429
19.0286
8.66667
5.44762
13.6952
4.6
4.54286
12.2095
4.95238
8.93333
5.3619
5.30476
6.33333
6.07619
9.41905
7.3619
6.91429
6.19048
4.39048
10.7048
12.6857
7.25714
3.86667
9.49524
19.6667
6.12381
6.29524
12.581
14.9143
11.6667
4.27619
9.07619
8.24762
14.4286
5.5619
4.35238
7.68571
7.07619
8.32381
6.51429
8.21905
11.1905
10.3429
15.7619
3.80952
9.31429
6.28571
7.90476
7.9619
8.49524
6.6381
8.26667
10.6667
11.6
8.98095
3.8
4.37143
6.73333
7.18095
9.69524
5.75238
14.2095
12.8762
8.37143
4.99048
12.3143
3.44762
12.8381
5.8
6.10476
6.64762
8.82857
5.51429
8.91429
8.33333
7.58095
5.41905
7.97143
9.91429
5.60952
6.49524
4.01905
11.8095
14.019
5.82857
5.29524
7.66667
11.819
10.2095
8.8
10.4667
3.49524
14.0857
24.3619
7.48571
7.42857
9.73333
6.47619
12.581
9.1619
9.3619
4
9.09524
6.55238
6.1619
4.64762
3.99048
7.85714
12.419
7.34286
7.09524
10.8571
5.49524
11.0571
34.7333
10.5905
7.82857
4.39048
9.49524
4.4381
14.5048
3.8
8.60952
4.00952
12.5429
8.72381
10.4476
15.1619
14.1619
9.12381
9.57143
9.94286
5.27619
11.3048
9.68571
11.1333
6.58095
16.9333
10.781
6.9619
15.3524
6.4
10.8762
6.21905
6.53333
8.07619
9.70476
12.5619
6.45714
9.47619
10.2095
10.5238
7.6
10.2381
8.11429
11.4857
9.54286
13.5048
10.4667
5.06667
4.09524
12.1048
14.0762
7.58095
4.48571
14.3333
8.25714
9.57143
6.12381
18.2952
4.61905
13.4381
4.84762
8.13333
6.45714
20.8476
3.6381
6.10476
7.28571
8.72381
6.89524
17.7524
3.89524
3.67619
18.2667
6.0381
5.8
11.7238
18.5905
10.781
9.98095
10.7905
12
10.7905
8.80952
12.2571
15.5619
9.86667
10.4381
4.55238
6.90476
8.94286
5.85714
14.0286
7.1619
5.00952
5.69524
6.33333
8.15238
15.1333
5.22857
11.1905
5.5619
7.81905
8.54286
12.5619
5.95238
12.181
7.82857
9.53333
8.38095
8.59048
9.7619
5.44762
7.97143
4.00952
10.0762
8.71429
8.60952
11.8667
6.47619
11.1714
4.64762
8.0381
7.77143
4.31429
6.39048
12.7524
7.46667
7.55238
6.87619
3.84762
6.0381
4.75238
7.3619
4.51429
5.07619
3.67619
7.01905
4.28571
12.3238
7.26667
7.04762
7.86667
16.3619
6.75238
12.8762
13.3429
8.6
8.53333
5.1619
14.4381
10.0667
3.46667
11.8952
5.22857
8.40952
13.181
3.54286
8.0381
8.55238
10.7714
7.33333
10.0286
11.8667
15.6
3.62857
11.3429
8.22857
11.7238
15.7524
16.7333
10.1905
7.45714
11.2762
4.97143
4.30476
6.05714
10.8667
10.7048
3.77143
11.5048
5.09524
13.819
10.7429
15.1429
12.8571
11.8095
14.2952
3.84762
7.11429
9.11429
11.2381
9.67619
9.65714
8.05714
10.1333
6.92381
10.4952
10.4952
5.9619
19.7524
14.6286
10.4952
7.47619
51.781
13.7524
7.95238
4.98095
5.68571
7.13333
8.2381
14.1143
13.8476
12.2286
8.34286
9.27619
5.28571
14.4095
4.60952
6.55238
5.25714
5.30476
14.3238
4.92381
12.9619
10.4476
12.3714
7.2381
13.1333
8.05714
7.34286
11.2667
10.3429
6.84762
12.581
15.8381
18.1143
6.47619
3.7619
9.84762
5.68571
11.4
5.48571
10.9429
8.0381
12.6
17.7143
7.30476
3.74286
9.41905
9.8
8.69524
11.7238
8.02857
14.781
12.8762
7.7619
3.8
10.3905
5.08571
9.46667
8.50476
5.17143
9.6381
12.2667
6.46667
6.51429
11.1429
13.3429
10.5429
5.44762
6.70476
8.8
9.6381
9.52381
17.6952
9.00952
7.00952
7.8
5.51429
11.5333
10.4857
12.9238
3.8
7.27619
7.22857
7.35238
4.4
4.22857
5.85714
6.3619
7.34286
6.74286
9.00952
13.1524
7.75238
8.87619
8.44762
7
7.0381
5.01905
8.6
9.57143
5.8
9.73333
4.05714
3.00952
12.5048
15.019
8.44762
9.27619
8.07619
15.3524
6.00952
13.2857
10.9429
14.2476
14.4762
11.1619
8.81905
7.55238
8.61905
10.8762
5.86667
18.3143
12.781
13.6286
11.0095
9.95238
13.8952
17.0762
8.59048
9.79048
17.2667
7.38095
11.0952
11.7714
10.8952
12.1524
10.6381
5.86667
6.75238
19.7238
7.53333
6.81905
8.62857
10.1429
5.51429
9.69524
5.98095
7.09524
6.73333
3.41905
4.84762
8.61905
6.3619
9.71429
11.2286
4.08571
4.99048
5.6381
12.2476
4.5619
9.70476
9.58095
7.37143
6.26667
4.08571
5.32381
11.019
6.19048
7.99048
6.68571
5.42857
6.51429
3.44762
12.6381
8.94286
9.6
6.69524
11.4952
5.26667
14.4
7.30476
10.4762
14.6286
11.4762
5.89524
4.48571
6.15238
8.14286
7.6381
9.58095
9.4381
16.9238
9.6381
7.0381
16.2
10.1524
10.0952
5.69524
6.12381
8.39048
6.98095
10.0762
9.33333
12.3714
5.2
11.4095
14.5429
12.3905
7.22857
11.1714
12.5143
14.1905
11.9619
4.80952
4.13333
4.99048
9.08571
9.54286
9.77143
7.47619
11.0857
12.7619
3.90476
8.41905
8.21905
4.39048
4.4381
9.75238
12.7619
7.85714
20.6667
7.95238
12.5619
16.2762
13.981
11.5524
7.10476
9.35238
3.8
5.82857
7.8381
7.25714
12.4762
4.53333
9.49524
14.0476
6.3619
4.98095
3
12.7429
9.33333
8.79048
10.1333
11.4286
6.90476
7.99048
7.19048
7.18095
14.6381
9.78095
8.8381
9.82857
11.2381
13.4667
7.6381
6.60952
9.77143
4.68571
12.819
9.39048
5.75238
15.6286
7.91429
7.09524
6.14286
6.67619
4.90476
8.95238
11.6
5.58095
4.79048
5.8
6.06667
8.06667
9.07619
9.61905
5.51429
12.7238
6.24762
9.87619
3.70476
9.2381
6.81905
5.37143
8.5619
7.90476
4.90476
3.30476
10
11.581
10.4476
9.29524
8.4
8.62857
5.9619
4.05714
5.52381
12.7143
9.46667
6.41905
5.7619
7.58095
11.3333
8.17143
13.2
4.97143
13.8
4.09524
4.30476
15.6952
3.42857
13.5905
5.44762
8.45714
11.0286
4.80952
9.44762
4.90476
10.2381
9.94286
4.72381
5.72381
4.1619
15.2571
11.8952
7.67619
3.19048
14.3619
4.82857
5.26667
9.26667
13.7143
3.14286
3
5.84762
6.51429
6.49524
18.4286
5.2
11.581
6.86667
15.7524
6.46667
8.72381
9.98095
7.59048
3.58095
4.54286
3.14286
13.7714
13.0381
7.11429
10.9333
8.14286
6.60952
11.5333
4.82857
14.0952
12.619
6.42857
12.619
6.68571
10.6286
13.8952
13.3429
6.31429
9.19048
9.87619
12.419
19.5905
13.7524
10.7524
7.93333
4.20952
3.06667
3.85714
8.14286
13.4667
4.06667
5.4381
6.79048
3.32381
4.51429
3.4381
9.59048
3.05714
3.62857
11.0381
5.91429
19.9524
13.9238
10.3333
17.4476
7.69524
4.3619
7.46667
3.12381
17.9429
6.01905
9.18095
4.50476
7.69524
8.2381
4.01905
4.27619
5.99048
10.9905
10.5905
5.95238
12.9714
6.61905
12.0571
11.1524
3.10476
7.62857
11.4857
11.6762
10.1333
8.6
7.70476
8.75238
4.7619
9.91429
9.30476
8.0381
7.45714
12.3905
11.9333
6.0381
3.24762
9.45714
6.13333
7.68571
7.11429
8.0381
13.1333
6.25714
6.0381
11.0667
7.27619
6.24762
10.9429
9.29524
13.3714
9.21905
9.89524
15.0857
8
7.31429
4.01905
4.05714
3.8
12.5429
5.06667
4.71429
4.01905
9.98095
17.9714
10.4857
13.5143
9.20952
8.89524
9.84762
10.419
5.93333
9.42857
8.55238
7.1619
9.90476
9.04762
8.82857
5.25714
15.3333
10.1238
6.82857
7.3619
16.781
6.31429
6.66667
9.74286
4.67619
15.1048
13.2571
16.4
5.51429
12.4667
4.97143
12.9333
12.8095
7.35238
8.09524
8.4381
8.02857
5.87619
9.30476
18.8762
11.9619
3.45714
9.08571
9.50476
7.13333
11.5238
9.60952
14.9429
10.2667
13.4667
12.1048
8.62857
11.2095
12.1143
4.86667
13.381
8.54286
5.99048
13.981
13.8667
11.8762
6.64762
8.6
3.44762
15.0952
16.4952
10.7429
4.52381
7.3619
4.48571
5.39048
8.53333
10.7143
7.3619
7.15238
13.7619
11.5238
19.7714
3.59048
3.61905
4.60952
9.33333
5.94286
9.12381
7.09524
7.40952
6.89524
3.77143
6.42857
8.30476
10.981
13.8571
8.42857
12.9619
5.38095
21.7714
5.13333
6.13333
13.2762
4.86667
4.34286
10.0381
13.0667
6.27619
10.8286
3.84762
7.89524
4.66667
6.13333
7.31429
8.95238
8.32381
5.94286
7.93333
7.79048
7.59048
3.8
6.5619
8.69524
12.3143
13.5905
11.4095
7.94286
8.21905
11.2476
7.60952
8.91429
5.3619
13.381
5.78095
5.13333
7.38095
15.1333
7.80952
5.64762
3.14286
5.06667
6.87619
6.61905
5.19048
15.2095
17.5333
9.33333
9.82857
5.4
9.41905
7.70476
7
8.99048
14.1619
7.98095
9.28571
5.58095
13.219
4.74286
9.10476
7.71429
9.73333
15.6476
10.1429
10.8
16.7143
4.24762
8.28571
9.89524
11.0667
5.37143
9.5619
8.04762
14
11.419
6.24762
14.9905
3.92381
3.50476
3.72381
3.49524
7.01905
9.64762
7.4
9.65714
9.30476
4.92381
15.4571
14.3143
11.9524
11.7333
6.26667
3.60952
4.15238
8.08571
6.93333
10.7048
11.4762
7
9.34286
6.11429
15.1714
10.5429
6.50476
4.71429
12.6381
9.99048
12.1333
6.72381
7.35238
11.8667
5.94286
4.38095
10.1333
8.19048
9.35238
7.6381
11.6952
4.4
8.61905
23.5905
5.8
7.94286
8.04762
7.17143
7.22857
12.7333
8.32381
6.97143
19.4476
9.60952
12.0476
8.97143
14.1143
4.86667
7.14286
3.52381
11.7619
4.58095
8.50476
10.181
15.4762
7.26667
12.9524
10.2
8.95238
6.69524
12.619
25.2667
9.85714
12.0857
10.6571
12.019
6.44762
15.1143
15
10.1619
12.9619
14.2381
11.1619
14.981
7.80952
12.619
18.0857
9.89524
11.4857
5.0381
7.59048
13.0667
8.45714
15.0286
11.7238
7.09524
13.0857
12.7238
10.9333
5.39048
8.8381
11.6095
4.79048
10.9905
10.5143
12.6857
9.4
8.62857
21.9238
3.45714
7.64762
3.64762
11.9905
5.53333
3.66667
5.74286
13.6667
7.65714
10.4095
5.99048
18.7619
12.2095
9.53333
7.8381
9.37143
8.90476
7.64762
9.11429
7.54286
5.87619
7.22857
11.2667
6.21905
10.8
7.0381
9.48571
7.97143
8.10476
10.4381
9.6381
12
11.4381
3.68571
5.88571
10.819
17.2571
6.94286
12.8857
7.90476
7.58095
14.9048
5.8
4.4
15.9333
9.40952
11.5048
18.9714
14.2095
9.49524
4.86667
11.8571
11.4095
16.1524
10.3048
8.85714
8.44762
12.7905
10.3714
7.22857
10.0476
8.19048
12.9333
4.78095
8.67619
8.92381
4.14286
17.9238
5.41905
7.81905
15.4095
9.59048
13.4667
12.381
3.8
16.7143
11.381
5.94286
6.27619
15.1524
14.2095
9.99048
4.15238
4.20952
7.91429
3.53333
10.1333
10.3048
6.35238
5.99048
9.54286
3.84762
9.07619
5.42857
7.4
9.14286
10.1905
9.82857
13.2476
8.73333
5.9619
8.10476
3.51429
11.9429
5.88571
12.8667
20.219
7.25714
5.62857
16.7905
12.2762
4.2381
4.02857
12.1238
15.1905
15.219
3.30476
10.7048
7.5619
19.4
10.8857
14.8095
8.8381
13.1905
8.64762
3.15238
6.1619
6.8
8.35238
13.1429
8.82857
9.91429
9.59048
10.4571
9.08571
9.70476
4.12381
15.5619
13.4857
4.40952
9.4
11.8286
5.81905
3.99048
6.4
12.2762
3.66667
12.981
8.90476
3.77143
7.0381
15.5429
10.8762
8.1619
9.24762
9.37143
4.73333
7.91429
12.6476
9.95238
9.38095
12.4095
5.22857
11.4667
8.88571
11.0952
9.0381
6.99048
10.8476
6.70476
8.4
10.3048
14.2952
11.7524
5.21905
6.77143
4.68571
14.0667
7.10476
10.5143
8.20952
10.8095
3.73333
10.2857
5.55238
14.5714
8.17143
15.381
15.1238
3.68571
5.30476
8.18095
6.51429
13.2286
16.2286
8.39048
4.77143
3.90476
11.0667
8.98095
9.37143
4.95238
8.92381
3.88571
7.44762
19.3238
11.5143
14.9714
13.419
8.08571
3.59048
9.69524
14.9143
3.40952
5.57143
4.35238
4.55238
12.2476
6.85714
5.24762
5.55238
4.4
11.6286
4.89524
12.3048
15.019
9.44762
8.70476
7.6381
11.9143
7.15238
9.69524
10.2095
7.47619
5.12381
3
5.95238
8.0381
8.40952
6.38095
9.01905
10.2381
4.67619
5.04762
9.53333
6.02857
5.84762
5.67619
10.6
10.1714
7.6381
4.94286
12.3333
9.33333
11.5714
3.87619
11.9143
13.581
4.48571
4.40952
8.6
8.77143
4.04762
7.11429
14.9619
3.80952
5.30476
9.00952
16.4667
4.64762
8.20952
12.8667
9.07619
10.2476
9.12381
7.71429
6.87619
5.25714
8.09524
16.7238
11.6667
13.0857
11.6857
8.8
15.0476
8.31429
8.00952
11.2
9.66667
9.38095
6.98095
5.60952
7.07619
7.87619
9.6
8.32381
7.40952
4.20952
8.00952
7.4381
7.42857
5.07619
7.12381
7.4
8.91429
10.7524
6.31429
5.2381
14.2571
9.66667
13.2476
12.381
8.4381
7.89524
10.5048
3.06667
5.61905
10.4286
12.3238
7.01905
5.44762
7.58095
21.5143
9.41905
9.49524
18.5619
14.0381
7.40952
3.37143
6.12381
3.57143
12.1905
7.22857
7.80952
5.74286
8.6
6.8381
17.3429
10.6286
13.4667
13.219
7.19048
3.34286
13.0667
6.35238
14.1333
13.8095
8.42857
8.78095
14.019
10.4
8.58095
9.31429
6.1619
3.7619
5.35238
4.42857
4.32381
6.44762
3.74286
13.181
10.7143
8.20952
18.4286
7.98095
11.2
5.35238
9.81905
12.981
6.2381
10.6095
15.5714
15.0095
5.32381
9.18095
13.2286
20.9714
4.2381
8.35238
7.28571
11.5619
6.18095
3.3619
8.29524
9
9.66667
5.31429
10.5429
10.0571
4.42857
8.01905
3.73333
7.85714
13.0095
7.98095
8.53333
6.34286
4.71429
8.55238
8.39048
13.6381
7.38095
7.3619
12.2667
12.0095
6.54286
15.2667
11.7143
10.6952
7.26667
10.0857
11.581
8.11429
7.5619
13.219
8.91429
7.68571
15.5429
4.37143
9.50476
7.08571
8.29524
13.0857
6.78095
5.06667
12.2095
12.8667
3.5619
12.2
7.65714
5.4381
14.181
11.9333
7.77143
5.41905
7.46667
12.3238
10.5333
13.1524
14.6762
14.3429
4.3619
6.68571
11.3238
6.26667
6.20952
6.90476
6.6
17.0667
6.91429
17.2952
5.93333
6.67619
9.53333
5.21905
4.35238
8.6381
7.49524
6.35238
8.31429
8.18095
6.2
10.4
14.419
3.57143
12.8762
12.3238
5.62857
12.6095
11.4476
14.3714
12.0667
7.17143
13.8762
4.93333
8.70476
15.0286
7.47619
4.24762
10.3333
17.9333
10.7524
12.7905
8.7619
8.61905
12.2667
4.37143
5.84762
7.31429
7.45714
5.15238
17.2857
5.04762
11.219
5.06667
3
4.14286
9.20952
9.11429
8.78095
11.3333
7.61905
9.05714
9.04762
10.6762
8.69524
10.0571
7.59048
17.5429
13.1143
5.77143
8.22857
14.0571
4.37143
9.94286
9.82857
5.46667
12.781
10.3333
12.419
6.22857
9.75238
5.64762
6.18095
13.181
7.4
5.51429
15.7238
4.79048
8.46667
9.9619
4.64762
11.6762
9.47619
9.5619
6.80952
9.99048
15.2667
9.38095
13.219
7.90476
15.6476
4.7619
4.5619
3.49524
8.3619
10.8286
5.22857
11.4571
8.75238
3.32381
3.79048
7.68571
13.381
7.21905
7.21905
3.34286
3.91429
11.9048
5.51429
3.90476
8.65714
4.91429
4.85714
15.2095
3.77143
15.5238
7.07619
11.3238
11.8476
10.619
10.8286
7.82857
17.981
10.3143
3.33333
11.0667
4.44762
13.3333
9.52381
7.18095
13.4952
15.4667
3.87619
16.3905
8.72381
7.6
5.0381
5.30476
4.65714
11.0571
11.1714
9.1619
11.3619
11.9238
5.77143
8.6
3.70476
12.8762
12.7238
8.57143
3.87619
4.18095
12.3333
11.3714
19.0095
13
16.6571
11.4857
6.47619
8.7619
11.381
6.8
13.9429
7.18095
12.9714
9.02857
7.35238
10.2286
6.87619
9.35238
11.2381
11.2476
8.53333
9.77143
15.5238
5.81905
7.19048
11.1429
12.5905
3.4381
12.9143
4.89524
12.6095
5.4
9.81905
10.6
9.00952
7.13333
9.24762
9.01905
7
4.7619
9.19048
11.7524
13.5714
10.8571
11.9619
14.3714
12.7333
4.00952
11.9048
9.2
12.7905
7.80952
6.53333
6.65714
11.2381
9.95238
7.13333
6.34286
9.4381
6.93333
9.42857
7.7619
9.33333
12.1048
10.1714
15.7619
9.20952
9.00952
15.6095
10.9524
6.58095
6.52381
10.1048
5.75238
11.1524
4.1619
14.9333
12.0286
5.14286
8.09524
7.66667
5.4381
9.55238
12.2571
20.0476
13.2762
7.66667
18.3333
7.84762
9.28571
7.45714
7.12381
11.7429
11.7333
11.4762
14.4
11.3333
3.97143
10.5905
8.12381
9.8381
10.8667
5
3.08571
14.6667
11.6286
3.82857
4.05714
4.28571
10.0667
5.5619
7.28571
4.59048
5.59048
6.8381
8.93333
5.33333
8.44762
16.2762
7.4381
5.28571
9.53333
9.2381
8.74286
10.819
11.5143
7.2381
7.88571
8.69524
9.10476
4.7619
9.87619
8.42857
5.12381
5.95238
12.7143
8.27619
6.98095
4.46667
15.1429
9.26667
10.9619
10.7048
8.8
11.0857
17.2857
5.21905
8.51429
3.5619
9.72381
10.5333
10.3429
5.45714
6.1619
7.17143
7.54286
3.74286
3.85714
14.9905
10.3143
16.0476
9.04762
6.7619
10.981
3.37143
8.39048
7.82857
12.6857
13.3238
7.09524
3.59048
12.1333
6.87619
10.0857
10.0095
7.19048
10
6.79048
16.6
8.28571
9.68571
4.9619
6.68571
6.85714
8.0381
6.45714
10.9143
6.50476
12.9143
4.92381
20.9905
11.5905
6.38095
8.99048
14.7714
11.9048
6.66667
6.51429
15.2762
3.64762
8.27619
6.28571
8.5619
4.5619
5.78095
8.11429
9.95238
14.5238
4.20952
5.60952
4.6381
10.3429
6
9.31429
16.6095
15.9048
13.8095
5.84762
5.70476
4.01905
13.3238
3.64762
5.60952
14.8952
4.54286
7.68571
6.79048
9.01905
8.09524
4.98095
6.5619
6.92381
5.49524
4.71429
11.3238
9.51429
8.54286
7.52381
8.27619
8.15238
3.4
7.04762
6.54286
6.38095
17.4095
10.4571
5.74286
7.64762
9.25714
5.52381
13.7619
14.8381
7.09524
8.29524
4.00952
5.74286
5.89524
13.419
3.10476
27.4286
5.89524
8.61905
12.4476
7.75238
7.14286
12.3524
6.28571
8.64762
3.33333
10.6286
10.4381
6.77143
8.52381
6.41905
4.69524
4.05714
8.07619
8.50476
5.2381
11.6857
6.11429
7.25714
4.28571
8.5619
12.5333
12.3714
8.5619
7.27619
12.1714
6.71429
7.70476
9.81905
3.27619
8.34286
9.66667
10.3333
13.4095
8.99048
17.8571
11.4381
3.40952
11.2095
11.0762
12
7.86667
10.0286
8.24762
7.45714
12.4095
11.9429
7.32381
3.71429
12.5714
6.66667
9.24762
6.26667
6.41905
8.54286
11.181
8.75238
7.91429
12.5619
11.8857
7.75238
19.6286
6.92381
6.28571
8.31429
10.7238
6.93333
11.5524
9.19048
8.44762
7.95238
8.18095
11.3905
11.2476
7.06667
11.4952
5.7619
14.581
12.5238
10.1524
9.60952
13.8952
8.72381
3.42857
5.21905
12.6667
16.9143
9.6
10.2857
8.95238
11.4
7.62857
7.30476
5.1619
6.07619
10.9524
15.3524
4.77143
6.91429
6.25714
4.0381
4.09524
13.2952
3.6
9.11429
11.2381
11.019
12.5905
11.019
8.2381
12.7524
11.2095
4.91429
6.52381
6.69524
3.87619
4.9619
14.1905
6.3619
11.6952
5.15238
6.39048
7.22857
7.46667
9.93333
5.2381
15.2667
5.0381
18.1333
6.86667
11.781
13.4667
10.7333
7.1619
8.75238
4.89524
8.93333
15.2
13.2571
9.98095
5.28571
14.9333
12.6476
3.95238
5.79048
4.57143
8.24762
7.75238
5.31429
6.27619
8.20952
9.90476
13.6762
10.5524
6.11429
4.46667
6.85714
9.3619
10.9905
8.60952
9.40952
8.22857
10.6476
13.1524
11.1905
8.21905
11.7619
15.5619
7.55238
6.44762
16.5238
17.1619
8.47619
10.2381
12.1429
10.3143
5.92381
9.91429
7.54286
9.92381
14.419
11.0381
11.8095
6.54286
10.419
6.59048
12.2857
7.8
6.67619
7.49524
12.8952
13.6857
11.8952
6.81905
7.69524
8.48571
8.64762
19.2952
9.73333
6.8381
17.419
5.69524
6.66667
5.49524
7.3619
11.4095
9.41905
8.24762
3.72381
4.85714
6.25714
13.9524
8.58095
7.64762
7.81905
4.47619
7.49524
12.9048
10.6381
10.9524
8.97143
6.38095
5.74286
5.00952
11.5429
9.88571
14.6952
14.8571
8.02857
8.97143
7.4
5.27619
10.5143
3.09524
5.1619
5.47619
11.1905
5.28571
10.419
6.04762
7.7619
6.10476
5.88571
3.6
3
4.81905
7.78095
7.61905
11.7143
12.4952
12.8952
8.99048
16.3048
12.5333
15.819
13.6
13.2381
16.1048
7.71429
9.80952
10.3714
5.19048
13.3714
4.41905
9.4381
11.7714
21.4381
5
9.90476
4.30476
13.9143
10.6381
3.65714
10.7333
5.25714
6.12381
5.73333
14.1143
12.8095
7.9619
8.1619
12.7619
5.80952
5.57143
7.02857
11.0857
9.28571
8.91429
5.46667
17.5905
10.1333
19.619
11.4
4.30476
9.15238
12.5143
12.2571
7.45714
5.86667
8.75238
16.8952
10.619
5.47619
6.93333
12.9619
12.4952
17.8
9.27619
10.2476
11.8095
17.5333
5.9619
6.14286
9.59048
6.57143
4.19048
6.44762
5.37143
16.0095
6.35238
8.34286
10.1524
10.2952
3.66667
6.92381
6.09524
11.1714
12.7429
9.92381
7.17143
3.52381
5.55238
11.419
10.5619
15.9905
10.8762
10.3619
3.71429
8.0381
13.5524
11.5238
8.11429
6.84762
8.73333
3.70476
11.7143
8.79048
6.17143
4.55238
5.8381
6.82857
6.30476
5.70476
9.61905
16.7429
10.2095
10.6286
10.781
4.27619
7.46667
5.6381
6.50476
12.1333
12.5048
8.74286
8.22857
7.40952
5.70476
5.94286
8.27619
15.7238
14.1048
5.13333
9.25714
14.6
15.3143
11.2476
7.45714
11.9429
4.85714
13.4667
14.5333
4.2381
13.4762
3.41905
4.25714
9.21905
6.89524
3.70476
5.92381
8.06667
8.95238
8.09524
10.581
4.35238
6.99048
5.07619
8.88571
18.6571
16.0381
6.66667
11.8381
8.69524
8.19048
9.10476
9.2381
12.219
12.8
3.57143
10.2095
6.41905
7.19048
4.89524
2.04762
5.08571
7.28571
3.86667
4.18095
7.19048
8.1619
4.58095
8.8381
4.8
6.52381
4.67619
5.0381
9.38095
3.2
5.62857
3.28571
2.67619
3.10476
3.48571
6.52381
6.54286
5.20952
15.3714
3.99048
2.67619
4.37143
3.02857
7.20952
2.17143
5.58095
5.49524
2.32381
4.66667
3.4
6.85714
3.06667
4.50476
7.79048
4.70476
2.18095
5.24762
7.81905
9.46667
6.37143
4.37143
2.82857
11.6476
2.82857
7.46667
3.88571
11.7619
2.61905
5.74286
3.95238
7.05714
2.28571
2.61905
11.619
3.8381
12.7238
32.4571
5.72381
11.419
3.89524
6.91429
2.7619
6.4
13.0571
2.32381
3.22857
4.04762
4.15238
7.47619
7
3.26667
3.64762
7.06667
2.65714
4.00952
4.2
7.05714
3.58095
9.95238
12.4952
9.08571
16.4095
10.4857
2.22857
8.65714
2.80952
8.37143
6.9619
7.12381
17.9619
6.22857
5.35238
4.59048
6.85714
7.53333
5.27619
5.44762
6.8
4.34286
4.19048
7.09524
7.02857
2.33333
3.98095
3.98095
2.18095
2.42857
5.31429
12.1333
4.78095
4.46667
6.18095
9.39048
9.13333
6.68571
5.4381
3.7619
11.8286
7.71429
1.41905
7
2.52381
5.55238
8.58095
1.81905
5.7619
2.33333
3.75238
1.92381
1.06667
6.46667
4.4
1.65714
4.75238
1.28571
1.80952
1
1.10476
10.0381
3.74286
1.49524
1.86667
3.07619
5.39048
4.19048
7.39048
1.47619
1.07619
2.15238
1.3619
1
1
1.48571
8.01905
1.18095
1.18095
1.45714
1
6.15238
1.78095
6.97143
8.48571
6.15238
1.6
1
8.22857
1.38095
1
1.39048
1
7.55238
6
1.8381
1.49524
3.93333
3.18095
3.0381
1.07619
7.18095
5.45714
2.72381
4.12381
1
2.50476
2.46667
1
5.21905
7.88571
1.4
5.68571
4.75238
1.02857
1.79048
2.33333
1
3.28571
1.60952
1.41905
1.84762
3.22857
5.05714
1.85714
1.41905
1.99048
1.25714
4.44762
2.14286
4.20952
7.65714
2.09524
1.35238
6.02857
8.42857
3.42857
8.65714
1.12381
7.66667
1
1.73333
5.68571
6.53333
3.00952
3.1619
6.22857
2.66667
1.15238
6.0381
1.10476
2.25714
1
1
6.58095
6.78095
1
4.91429
1
3.97143
6.11429
2.12381
6.77143
1
1.12381
1.9619
5.58095
1
4.67619
10.5905
1
1.24762
2.20952
1.6
6.33333
2.40952
2.6
2.79048
1.27619
1
8.42857
1
5.30476
2.53333
4.67619
3.14286
3.18095
2.27619
9.34286
6.19048
1.8
1.00952
4.31429
8.98095
7.42857
1.31429
2.1619
1.70476
1.19048
1.02857
2.29524
1.85714
1.31429
2.78095
4.6
4.91429
1
1.32381
2.80952
7.26667
8.35238
2.49524
1.14286
1.02857
5.89524
5.50476
4.54286
2.06667
4.88571
2.7619
1.78095
1.06667
1.80952
1
1.53333
1.28571
1.02857
4.31429
4.73333
6.4
3.73333
1.69524
2.18095
2.30476
5.89524
4.21905
5.50476
2.50476
8.2
3.57143
5.88571
7.69524
1.70476
1.64762
1.11429
4.21905
1.19048
1.08571
6.47619
6.2
1
2.79048
3.60952
2.42857
1.26667
1.8
6.4381
1
4.61905
5.32381
1
1
3.12381
1.01905
8.12381
2.44762
1.69524
1.93333
1.70476
3.33333
1
1.6
1.0381
4.68571
1.27619
2.12381
4.74286
2.15238
2.55238
3.59048
1.15238
3.77143
2.14286
1
4.58095
3.58095
1.54286
1.02857
1.27619
4.02857
1.09524
1.17143
9.44762
1.08571
1.21905
2.67619
2.57143
1.66667
1
1
2.85714
2.01905
1.67619
1.80952
2.42857
3.6381
1.06667
7.35238
1.4
4.00952
1.12381
3.81905
8.3619
1.51429
1.95238
1.24762
6.61905
2.54286
8.01905
8.26667
1.53333
7.4381
1.6
2.68571
3.19048
1
3.3619
5.82857
1.48571
1.7619
2.17143
6.07619
1.70476
3.72381
4.78095
6.7619
6.24762
5.15238
7.29524
11.1619
6.06667
7.92381
1.84762
1
2.55238
3.48571
1
1.38095
1.61905
1
2.01905
3.57143
7.89524
4.57143
1
1
7.37143
7.12381
1.08571
2.38095
5.31429
1.21905
1
1.87619
5.07619
3.18095
1.88571
6.6381
7.8381
1.27619
6.91429
7.12381
1.53333
7.04762
8.66667
3.32381
9.47619
6.91429
6.7619
2.26667
3.77143
2.55238
1
7.1619
1
1
4.38095
3.28571
1.09524
2.29524
1.32381
1
1.68571
1.59048
6.93333
5.79048
1.49524
8.08571
6.41905
3.65714
1.11429
1.0381
1
2.00952
1
1.87619
1.33333
6.61905
5.87619
5.3619
6.58095
3.4
1.87619
1.15238
6.74286
3.00952
3.80952
2.3619
7.52381
1.08571
3.73333
5.28571
4.0381
5.47619
1.75238
5.94286
3.10476
3.9619
3.71429
2.41905
2.21905
4.08571
6.22857
7.02857
1.47619
1.78095
4.88571
1.48571
3.50476
1.29524
4.37143
7.3619
3.35238
3.92381
1
1
1.35238
5.13333
8.2381
7.44762
3.26667
1.01905
1.01905
1
7.32381
3.94286
6.45714
6.11429
1
2.44762
6.91429
1.9619
3.94286
1.1619
1.10476
1
8.15238
5.11429
7.65714
2.4
6.98095
1.97143
7.12381
5.18095
1
5.37143
8.88571
4.97143
2.47619
2.78095
1
1.00952
1.55238
1.09524
1.05714
8.62857
2.69524
1.22857
4.8381
1.15238
1.26667
1.6
1.7619
3.1619
9.39048
1.37143
1
1.80952
1.40952
1
7.61905
1.07619
2.97143
6.58095
6.41905
1.73333
1
1.88571
1
1.94286
4.54286
4.37143
6.58095
2.61905
1.2
8.4
1.53333
1
9.57143
4.95238
2.69524
5.80952
1.28571
3.66667
2.3619
2.73333
2.71429
2.99048
4.60952
1
1
5.72381
1.39048
3.77143
8.68571
2.86667
4.05714
3.09524
1.54286
1
1.21905
1.01905
4.26667
2.70476
4.54286
7.69524
5.72381
4.2381
1.4
7.80952
1
1.0381
9.38095
5.85714
1.05714
1.08571
5.28571
3.78095
1
4.27619
6.80952
1.0381
5.42857
1.19048
1.64762
3.31429
2.1619
1
1.10476
1.15238
1.86667
1.75238
3.14286
1.4381
1
5.66667
5.93333
1.6
1.57143
1.41905
1.15238
3.79048
2.7619
5.62857
2.78095
1.47619
1.07619
1.59048
5.4381
6.5619
6.2381
6.54286
1.25714
3.71429
9.79048
1
3.87619
1.28571
5.34286
4.34286
11.4
1.30476
6.10476
2.05714
1
1.60952
1.95238
1.9619
5.47619
1.1619
1.05714
1.06667
8.27619
1.35238
1.72381
1.2381
1
7.30476
1.20952
2.68571
1.10476
3.66667
1.81905
6.11429
1.47619
3.04762
2.87619
1.81905
1.04762
2.37143
6.12381
1.07619
6.30476
1.64762
2.22857
2.29524
5.39048
1.15238
5.58095
8.89524
9.20952
1
1.2
3.70476
7.40952
1.32381
1.48571
1.12381
2.05714
1.85714
1
7.82857
1
1.13333
1.42857
1.95238
5.21905
3.6381
9.65714
1
1.24762
2.00952
1
1.67619
6.71429
2.5619
1.6381
1.85714
1.5619
1.06667
8.74286
2.00952
5.58095
11.8286
2.57143
6.00952
1.22857
1
2.15238
4.26667
1
1.1619
1.88571
2.61905
1.47619
7.1619
1.35238
8.30476
1
5.00952
1.35238
3.31429
1.4381
1.37143
1
5.2381
5.5619
1.51429
1
2.70476
4.11429
7.74286
6.6
1
2.46667
7.65714
3.04762
1.09524
3.51429
1
1
1
6.35238
1.2
8.1619
5.05714
7.00952
2.79048
1
7.31429
2.20952
7.68571
2.31429
3.61905
8.70476
1.45714
2.34286
1
7.0381
8.53333
1.57143
1
7.55238
5.2381
1.05714
1.53333
2.69524
1.11429
8.97143
2.35238
5.80952
3.21905
1.2381
1.86667
2.4381
6.32381
2.26667
1.32381
9.09524
2.64762
1.42857
7.22857
1.93333
8.4
1.90476
2.2
1.44762
1.0381
10.2857
3.00952
4.90476
6.42857
6.77143
6.26667
4.40952
1.85714
1
1.50476
1
2.89524
1.50476
2.99048
6.30476
3.85714
5.93333
5.04762
1.18095
1.1619
1.12381
2
1.02857
4.88571
2.44762
4.52381
4.4381
1
3.45714
8.35238
7.8381
4.5619
1
1.6381
1.29524
1.04762
1
1.54286
5.28571
1
6.64762
1
2.7619
1.57143
1.20952
3.19048
6.05714
2.6
1.40952
1.66667
3.11429
5.80952
1.32381
1.30476
2.44762
2.55238
1
3.00952
1.50476
2.39048
5.51429
1.51429
5.73333
1.38095
6.8
1.37143
1.09524
1.40952
5.44762
1.52381
1.40952
1.20952
2.79048
3.44762
1.25714
1.35238
1.02857
4.70476
7.18095
3.97143
1.74286
3.89524
3.99048
3.25714
1.94286
2.27619
6.21905
1.2
1
1.04762
1.8381
6.87619
1.09524
4.21905
1.31429
1
2.33333
1.30476
4.61905
3.87619
1.2381
1.26667
1.90476
1.95238
2.2
1.01905
1.12381
8.14286
1.31429
1.92381
1
1.07619
5.04762
1.42857
1
1.52381
4.73333
1.66667
3.14286
5.29524
1
1.10476
1.60952
3.48571
1.13333
4.39048
5.48571
1.29524
2.92381
1
7.46667
2
8.69524
2.31429
1
4.81905
4.22857
1
2.51429
1.18095
2.68571
1
1.26667
2.4381
4.52381
5
8.65714
5.35238
6.57143
2.14286
1.15238
1.57143
1
4.53333
7.08571
1.04762
1.45714
4.14286
1
1.21905
4.13333
1.26667
1.65714
10.819
1.34286
1.17143
1.18095
1.53333
1.31429
1.78095
10.2857
9.73333
1
1.47619
1.07619
1.66667
2.86667
1
6.34286
5.72381
6.67619
1.52381
1.13333
2.85714
1
7.19048
3.09524
2.13333
1.02857
9.61905
7.2381
3.18095
1.33333
2.90476
2.37143
1.09524
6.60952
1.42857
1.99048
1
2.99048
7.51429
3.24762
6.26667
6.31429
1.47619
1.4
5.78095
1.05714
7.41905
3.10476
5.75238
1.45714
2.05714
9.32381
1
1.47619
1
1
4.94286
2.57143
5
10.4
6.7619
4.38095
8.47619
1.37143
1
1
1.49524
5.24762
1.15238
9
2.35238
5.18095
7.53333
8.84762
1.04762
2.22857
5.11429
1.06667
9.31429
3.64762
1.53333
2.77143
1.57143
6.00952
1.10476
2.53333
8.4
2.06667
1.70476
8.17143
1
1
3.65714
2.48571
6.02857
9.50476
6.26667
1.70476
1.7619
2.04762
1.59048
6.57143
1.89524
7.95238
2.55238
2.60952
5.51429
1.77143
2.6
2.00952
2.0381
4.27619
4.61905
4.94286
1.48571
1.29524
5.71429
1.77143
4.72381
1.25714
1.29524
1.05714
2.15238
1
7.41905
2.0381
6.37143
4.46667
6.99048
1.33333
2.29524
3.85714
2.74286
2.07619
1.48571
1
3.18095
9.18095
7.22857
7.59048
3.77143
1.06667
2.92381
1.72381
6.19048
1.12381
6.72381
1
1.4381
1
7.3619
2.42857
1
9.93333
7.9619
7.40952
2.97143
4.15238
2.13333
5.41905
1.77143
1.30476
1
1
3.55238
1
9.15238
1.17143
4.82857
1.2
1.69524
4.00952
1.62857
3.92381
6.64762
8.79048
8.22857
1.14286
3.12381
1.74286
1.44762
1.14286
1.0381
1
4.99048
5.52381
1.07619
2.19048
1.18095
2.5619
1
3.21905
3.88571
2.21905
7
6.98095
1.38095
9.99048
1.04762
1.27619
3.02857
1
1.31429
1.65714
1.6
1.25714
1
1.29524
1.71429
1
1.72381
1.33333
1.25714
5.47619
7.10476
2.42857
1.20952
1
1
4.50476
1.34286
2.71429
1.17143
1.38095
1.2381
1.02857
2.28571
1.53333
1.10476
7.8
9.78095
2.40952
4.97143
1.57143
3.7619
6.87619
1.2381
1.12381
1.73333
3.67619
1.00952
1
3.42857
1.3619
1.84762
1
1.54286
1
1.48571
1.51429
1
5.7619
4.78095
1.90476
1.59048
3.07619
1.0381
5.85714
6.38095
1.1619
1.98095
2.10476
3.98095
4.72381
1.1619
9.11429
2.11429
8.39048
7.87619
4.72381
2.67619
6.26667
3.11429
1
3.6381
1.75238
7.37143
1
6.31429
2
3.12381
6.30476
8.75238
1
6.77143
1.00952
1.37143
1.25714
6.21905
8.57143
1.30476
10.0286
4.14286
6.19048
5.84762
4.6
1
5.32381
4.17143
2.29524
1
4.42857
5.37143
2.48571
8.45714
5.81905
4.34286
5.71429
1.05714
4.88571
8.92381
1.02857
2.51429
7.27619
2.39048
2.8
1.81905
1.13333
1.93333
7.24762
1.11429
1.09524
8.58095
1.42857
6.49524
6.0381
1
2.27619
8.3619
1.01905
1
2.55238
10.4476
2.19048
4.3619
6.80952
6.41905
2.89524
2.49524
1.17143
1.27619
5.81905
1.68571
8.37143
1
2.61905
6.95238
1
1.30476
1
4.05714
6.59048
9.47619
5.41905
1.58095
4.97143
1.78095
1.97143
1
5.74286
1.08571
4.60952
1.95238
8.65714
8.4
6.61905
3.07619
3.14286
3.67619
1.10476
1.99048
1
2.13333
6.51429
2.0381
2.31429
2.1619
1.00952
8.35238
1.05714
1.0381
5.09524
2.34286
1.55238
1.35238
1.0381
1.92381
8.15238
1.70476
1
1
2.26667
5.58095
1
1
2.1619
1.66667
3.52381
3.18095
1.3619
1
10.0476
5.38095
6.37143
1.34286
1.29524
5.25714
3.15238
1
1.05714
2.64762
1.5619
7.05714
5.11429
3.4
2.46667
3.97143
6.00952
8.49524
1.40952
6.2381
7.19048
4.30476
8.1619
4.70476
3.59048
15.9905
2.74286
6.01905
1.05714
7.67619
1.72381
1.78095
1.12381
7.98095
3
1.0381
2.46667
2.62857
1
1.68571
2.34286
1.07619
6.25714
4.85714
2.86667
5.9619
2.52381
6.37143
1.28571
1.84762
1.22857
5.00952
2.68571
4.64762
3.11429
9.71429
1.01905
1.90476
6.77143
6.39048
4.27619
1.2
4.61905
1
1.11429
2.12381
2.00952
2.47619
1.72381
1
2.87619
1.18095
1.91429
1.28571
2.3619
1
1.46667
1.15238
1.04762
3.7619
1.1619
1.07619
1.06667
8.88571
1.6
1.71429
1
5.81905
1.01905
2.42857
2.66667
9.98095
5.90476
2.84762
1.84762
6.84762
4.81905
5.59048
1.12381
1
4.01905
2.42857
1.17143
2.06667
1
7.98095
7.5619
7.01905
1
3.85714
1.26667
10.0667
2.20952
6.9619
5.4
6.42857
6.6381
4.82857
1.79048
1
6.0381
9.12381
9.8381
3.08571
6.26667
4.6
1.87619
1.49524
1.04762
4.07619
1.04762
4.59048
6.28571
1
1.73333
3.04762
1.75238
1.33333
7.25714
1.88571
1.2381
1.19048
4.45714
5.89524
1
1.13333
4.53333
1.08571
3.65714
9.55238
4.91429
1.88571
1.70476
2.71429
1.13333
8.27619
6.10476
5.50476
4.98095
1.3619
1.39048
4.14286
1.13333
2.87619
3.85714
2.00952
9.31429
6.66667
3.87619
2.45714
1
4.39048
5.65714
1
1.97143
2.86667
6.6
2.46667
4.79048
2.10476
1.64762
3.49524
1.09524
1.12381
1.74286
1
2.21905
1.02857
2.27619
1.47619
2.4381
5.35238
1.2381
7.40952
1.51429
1
1.07619
1.22857
3.15238
1
12.5905
1.32381
1.7619
4.40952
1.5619
5.69524
1.04762
7.02857
1.97143
1.07619
1
2.82857
1.95238
2.61905
1.8381
2.0381
4.57143
1.00952
3.65714
1.14286
2.94286
1.4381
1.20952
1.11429
5.28571
6.71429
7.47619
1
3.72381
1.79048
2.25714
7.70476
3.74286
3.31429
6.37143
5.74286
2.25714
2.70476
2.55238
6.4381
1
1.98095
2.4381
1.17143
1.37143
1.0381
9.46667
1.0381
2.25714
3.24762
1.22857
1
6.50476
2.22857
2.21905
1
4.48571
1.09524
1.08571
5.60952
2.47619
1.72381
3.18095
9.17143
5.62857
1.37143
4.40952
3.32381
1
1
6.90476
2.4
3.32381
8.10476
3.35238
7.2
6.59048
6.18095
2.6381
2.35238
1.28571
1.11429
3.39048
6.22857
1.28571
2.12381
1
4.1619
1.20952
1.02857
1.30476
9.2
1
2.79048
1.4381
1.58095
2.30476
1.45714
6.05714
5.60952
1.19048
1.11429
8.00952
4.85714
2.31429
6.46667
1.24762
1
8.98095
5.77143
1.87619
2.00952
6.11429
2.80952
1.48571
6.4
4.64762
3.51429
7.60952
1
4.77143
1.07619
8.19048
1.71429
1.38095
5.48571
1.11429
6.94286
4.75238
1.28571
1.26667
2.22857
1.8
1
1.78095
1.59048
1.18095
4.12381
8.08571
8.3619
7.62857
1.84762
1.08571
3.73333
5.80952
6.89524
1
1.26667
3.48571
2.24762
2.93333
4.6381
1.72381
1.06667
1
2.19048
1.25714
5.30476
1.09524
8.14286
5.6
1
1.70476
5.81905
7.60952
1.10476
10.5429
2.17143
1.21905
4.80952
7.41905
4.48571
9.14286
2.08571
2.39048
1
1.05714
5.0381
4.13333
9.4
1.1619
4.9619
7.33333
1.14286
3.26667
7.09524
7.90476
1.25714
1.5619
1.22857
2.08571
8.91429
7.99048
1
2.59048
2.15238
5.61905
5.59048
1.77143
5.71429
1.61905
6.33333
1.17143
5.53333
3.31429
1
2.61905
6.50476
9.12381
3.32381
2.4381
1.31429
1
5.94286
1.40952
1.0381
2.10476
5.02857
5.65714
6.61905
1.07619
3.60952
1.13333
4.51429
7.94286
3.46667
1.59048
10.9333
11.9619
5.22857
1.87619
4.9619
4.15238
1.22857
7.2
1.45714
2.87619
3.38095
3.70476
1.64762
3.50476
1.97143
4.11429
8.80952
1.22857
1.54286
2.4
2.38095
1.53333
6.09524
8.69524
8.01905
1.65714
2.22857
1.71429
8.0381
7.10476
5.88571
4.15238
1.2
4.98095
1
5.52381
6.35238
8.48571
4.1619
5.9619
2.87619
2.6381
1.26667
7.51429
1.51429
2.30476
3.19048
2.60952
2.31429
4.8
1.2381
1.24762
3.89524
7.91429
5.3619
7.29524
1.4
1
1.06667
3.15238
1.51429
5.58095
1.79048
1.10476
6.31429
1.07619
2.58095
12.6667
3.4381
1.57143
2.50476
7.40952
7.30476
3.24762
3.66667
1.51429
1.13333
1.20952
1.34286
1.4
2.42857
1.35238
1.59048
3.07619
1.2
2.37143
4.10476
5.22857
2.38095
1.05714
1.26667
4.21905
1.70476
1
4.32381
5
1.52381
1.33333
1.70476
7.99048
1.44762
1
8.15238
1.91429
1.25714
1.19048
1.6381
1.01905
1.37143
7.38095
1.55238
2.64762
1.94286
7.68571
6.48571
1
3.01905
1.87619
5.70476
6.57143
1.53333
4.50476
3.53333
1.72381
1.12381
1
8.2
7.32381
1.00952
4.44762
1
2.72381
2.20952
1
7.61905
5.31429
2.52381
2.34286
4.52381
2
8.66667
7.60952
1.21905
4.53333
1.47619
1.06667
1
1.5619
4.44762
2.42857
2.07619
13.5333
1.32381
1
1.60952
3.88571
1.06667
7.54286
1
2.11429
8.75238
6.5619
3.49524
5.17143
1
4.13333
1.87619
4.80952
6.3619
2
2.29524
1.4
5.13333
1.04762
2.40952
1.12381
5.40952
4.19048
5.13333
1.24762
4.38095
4.55238
1.89524
7.60952
2.2
2.06667
6.33333
1.2381
5.75238
7.14286
2.79048
3.0381
5.05714
1
2.69524
5.55238
1.10476
1.13333
5.39048
6.84762
2.59048
1.41905
6.06667
9.31429
7.6
5.52381
1.53333
5.3619
1.19048
6.5619
1.81905
1.34286
8.85714
6.49524
1.07619
2.82857
4.60952
1.05714
1
1.75238
4.66667
3.61905
8.00952
1.8
6.18095
1.55238
4.86667
1.93333
2.71429
1.67619
6.62857
1
1.71429
1.11429
3.4
3.21905
1.07619
12.7619
8.4
3.00952
4.79048
1.4381
1.01905
2.44762
1.71429
1
6.19048
4.90476
5.19048
1
3.09524
1.31429
1.5619
2.50476
1.09524
7.28571
1.12381
5.98095
1
3.50476
6.09524
4.12381
1.10476
1.32381
5.07619
2.65714
1.47619
8.65714
1.13333
1.00952
1.14286
1
1.2
2.27619
5.73333
2.6381
5.00952
8.67619
2.18095
1.17143
1.2381
8.02857
3.27619
8.2381
8.19048
3.80952
1.24762
5.0381
3.52381
5.88571
5.57143
4.81905
1.25714
7.67619
4.02857
8.60952
1.29524
4.8381
1.80952
2.62857
1.94286
1.34286
2.25714
2.66667
7.58095
3.2381
1.44762
1.89524
3.93333
3.48571
1.91429
1.88571
1.95238
1.32381
2.27619
1
4.32381
1.53333
2.94286
6.94286
1.14286
1
