10876 34740
32.0476
20.9238
9.00952
24.3524
8.62857
13.9048
20.0952
7.69524
27.9429
23.0381
29.8762
10.4
20.5524
12.7238
25.7429
17.1048
6.89524
23.1048
15.0571
35.619
34.4286
15.8571
8.47619
25.1333
7.01905
24.781
24.0286
5.3619
6.45714
5.6381
6.60952
9.27619
14.419
20.1905
10.8381
7.49524
15.0095
17.4571
24.1333
16.9333
8.2
21.9429
40.5238
22.9333
12.4095
18.7238
26.3143
24.4381
5.08571
25.2667
10.9524
13.8667
25.1905
10.8286
13.0571
27.6667
6.06667
16.1333
12.981
9.52381
23.8857
28.9238
34.1714
22.9714
12.5619
21.5905
11.5714
5.07619
27.6667
5.86667
36.0952
11.7238
15.4857
20.3238
22.8
15.4762
9.58095
15.6667
12.3429
17.9333
11.6381
8.22857
12.181
23.4
15
15.5429
24
25.1238
15.219
12.6476
11.7619
15.5238
5.69524
19.0667
9.70476
8.69524
17.9524
30.5524
9.84762
25.5048
33.7524
17.1143
18.6667
7.49524
15.381
29.9333
19.4476
8.51429
5.1619
30.819
15.6857
14.419
24.8476
9.82857
16.6857
13.1714
10.7238
19.8381
29.0381
14.8286
36.2286
15
11.5619
12.7048
8.18095
33.3143
24.1238
32.219
37.6667
37.8571
15.5619
24.2381
15.7619
8.07619
31.4095
21.7714
28.9238
18.4095
22.5905
10.8381
24
41.1429
18.419
22.1238
11.3429
32.8952
18.0381
22.1524
18
20.181
14.8952
28.0476
26.3714
17.6952
20.1238
25.2286
22.0095
15.7143
10.6095
10.9238
14.5714
35.2571
20.619
16.4667
25.1619
16.581
13.5429
12.419
21.5905
9.61905
18.7143
17.1714
15.181
11.9333
6.88571
4.87619
15.5524
16.419
22.3238
24.1619
21.9714
27.8857
13.0952
34.8095
17.4952
15.581
15.5333
12.181
25.6952
37.4476
23.8
27.7429
18.8381
16
27.9905
15.9333
7.94286
15.2667
12.5143
31.0667
15.8762
13.619
16.0952
21.0571
5.81905
5.94286
23.3333
10.2381
20.581
30.219
12.9905
22.1905
10.419
20.5905
22.1429
11.9143
17.6857
7.37143
19.819
4.82857
11.3238
12.6667
18.9429
40.4571
16.2952
8.28571
19.3714
7.64762
10.8762
9.86667
16.0571
12.8857
12.0762
13.2667
13.9429
8.98095
20.981
7.77143
6.5619
14.4952
8.2381
7.8
7.1619
13.2952
25.2667
30.1048
22.8095
29.1524
22.1905
18.3524
16.3619
21.0857
21.381
5.71429
17.8476
13.5905
15.2
15.3048
22.3143
15.181
18.6857
18.5333
23.0667
7.39048
15.7048
5.02857
20.019
29.1048
31.1333
21.0762
36.0857
35.8095
53.2381
17.0952
9.98095
20.9524
20.9429
12.1333
19.5905
25.4381
25.8381
25.2476
7.91429
16.9524
24.981
24.7143
12.4952
28.2952
20.9524
24.8952
18.7238
21.2857
16.8667
29.2476
20.3238
25.219
15.381
33.3143
18.1905
11.6286
8.82857
18.8857
27.819
33.5429
24.9238
17.9143
18.1048
13.6286
6.35238
22.6952
26.0381
30.3619
21.381
25.6952
28.4286
10.4
6.7619
20.7714
35.3905
23.8667
7.18095
6.07619
18.2952
23.6476
13.0381
12
19.2952
22.6381
24.4
23.6857
4.32381
35.4952
8.37143
8.47619
12.0667
14.1714
9.68571
7.25714
20.2667
19.6571
21.0857
7.18095
8.91429
16.8952
7
16.619
36.1429
14.4381
14.1429
16.581
17.3524
21.8762
31.1524
6.33333
16.4
15
15.2476
8.81905
13.8476
7.04762
9.85714
27.6857
5.30476
14.3238
16.4286
19.6095
15.9429
18.781
12.2762
19.2571
16.419
11.7429
9.21905
12.6762
11.4667
5.54286
7.68571
10.9524
22.3524
26.7333
13.8857
10.3333
29.6857
29.9333
9.81905
36.0286
27.6857
27.3619
19.8952
21.0095
19.7714
23.8
27.3238
21.2857
24.6476
21.9429
29.1619
18.2381
16.2857
23.1048
6.34286
21
13.6381
27.4667
6.57143
11.4762
30.6381
35.9905
19.7429
24.3048
7.2
11.9619
20.0095
14.5333
17.2476
12.2
10.8381
16.5333
22.181
9.69524
42.0381
11.1333
12.6
6.37143
16.3714
13.1048
19.4286
10.2571
9.78095
12.2286
10.4857
15.5333
19.0571
5.75238
19.3333
15.6571
17.019
8.46667
16.581
16.8857
17.7619
12.6571
14.8952
12.4571
17.9048
26
23.3238
12.9524
9.89524
18
26.0476
18.1905
35.5905
9.55238
17.819
18.4571
20.981
18.6571
31.3429
13.7238
16.2095
14.5429
26.2952
14.0476
13.6381
12.8476
12.0857
6.97143
6.9619
15.1429
24.381
11.9619
6.32381
19.3238
15.6095
22.6286
24.581
22.1524
16.1333
25.2381
13.0857
15.2857
18.0286
6.77143
27.219
11.4381
29.4381
17.8857
20.1429
28.1143
37.5238
12.3619
24.6762
24.2952
23.0286
16.7238
8.48571
16.2381
14
12.6476
24.2476
32.7714
19.5905
6.17143
16.7048
19
27.8952
18.8762
27.0857
31.1143
18.3619
6.93333
12.1619
11.0476
21.1333
8.31429
28.5048
12.9048
6.60952
17.5048
7.20952
23.7714
17.0095
10.5619
13.019
22.6381
14.981
11.6762
25.0095
21
23.5238
5.31429
11.1143
7.01905
17.7619
7.05714
13.5333
28.4952
21.8667
6.20952
9.93333
11.5429
25.1714
27.7429
26.6095
22.4571
24.2762
15.9619
12
12.3429
22.2762
21.019
11.6667
9.93333
14.9524
8.0381
23.0762
14.6095
8.11429
14.3524
15.0667
23.7429
17.5143
7.12381
8.37143
28.2381
26.1143
24.9714
30.7333
15.9333
36.4381
23.5714
19.4571
19.3143
16.6476
23.5524
19.7143
33.1143
5.78095
37.8667
15.5619
14.6095
20.8857
14.9905
6.7619
6.61905
16.2571
50.3524
22.6
19.3429
33.181
6.84762
28.019
18.1714
7.34286
27.2952
8.39048
13.3619
10.8
25.6857
20.5333
8.95238
31.0381
17.2381
15.0762
6.44762
14.4571
32.2952
18.381
19.3048
27.3238
31.4667
4.98095
5.92381
10.5143
5.6
19.7429
6.06667
23.6476
19.8571
7.79048
5.55238
18.1333
13.6762
19.7524
40.9524
6.79048
15.6476
20.4095
15.3905
12.0762
13.7619
10.8476
7.92381
5.3619
18.0571
8.86667
21.1143
20.6762
47.0762
11.9714
12.1143
35.5524
15.4095
6.52381
12.3238
7.20952
4.37143
21.7048
15.0571
8.24762
12.4
18.4857
9.01905
35.5619
12.6857
17.0095
22.2095
24.0857
23.7619
11.3143
10.2095
12.6095
21.8762
23.2
13.7714
9.65714
25.981
20.619
26.581
20.2667
18.2
6.14286
6.81905
19.5714
20.8571
17.7905
21.5143
15.3143
17.9143
15.3238
22.5714
21.2
16.381
21.9524
10.6952
21.3143
29.0762
20.2667
12.5333
15.3905
9.75238
30.9143
18.7143
17.781
16.3905
21.5714
7.55238
18.8762
10.4952
8.17143
26.7048
30.0095
16.2476
14.4476
14.1905
30
6.28571
17.9333
11.4381
10.9714
20.4286
20.1429
20.3524
14.4952
6.22857
15.8476
25.6952
17.6
5.40952
28.2762
14.6381
27.3619
27.781
17.8095
16.581
16.9905
21.2952
29.4
9.1619
14.8
33.9143
20.0286
31.9524
7.28571
5.97143
5.4
22.3619
11.7429
31.1714
6.02857
8.0381
20.5238
11.4476
9.30476
20.8857
7.91429
29.3143
13.7714
22.6762
17.1048
33.1048
9.85714
13.4762
7.3619
6.98095
13.7905
22
5.69524
33.019
14.4
18.9143
13.3714
21.8286
8.78095
34.9048
9.07619
31.4095
17.2952
22.7619
27.9333
8.38095
17.6952
42.1714
8.67619
21.5333
24.6381
18.0952
33.8381
12.8286
27.2381
24.9238
23.7524
21.8095
17.9333
12.2952
17.0952
5.31429
22.0857
12.2286
12.419
36.981
26.0286
41.1333
23.4857
12.6
35.2095
21.7238
19.5714
22.3905
7.31429
26.6286
29.981
21.4095
15.5238
16.8667
25.9238
6.67619
8.19048
31.9429
29.7714
14.4095
5.07619
15.4476
7.72381
20.019
20.619
10.181
17.2667
19.1048
25.7714
20.0762
23.1143
47.7333
6.86667
16.781
19.8476
19.2571
9.61905
16.781
27.6
27.8286
14.6095
17.781
16.4381
27.9333
16.7524
14.7429
15.7905
14.3429
17.7429
15.581
9.09524
7.84762
8.44762
11.581
18.4952
16.8857
17.981
24.781
12.4667
25.8381
9.05714
11.2952
20.2
21.3905
8.71429
23.5524
7
7.99048
6.78095
17.1238
15.3905
5.45714
10.1524
23.6095
29.7048
17.3524
14.3238
20.5905
22.5429
15.1048
36.8667
10.5048
15.7048
6.8
12.3238
13.2
17.9524
7.14286
20.0286
9.40952
20.8095
13.7333
20.9333
12.3143
8.90476
16.6952
9.39048
7.99048
14.181
7
14.5714
32.7143
16.1143
20.9143
20.619
8.13333
11.6286
11.0762
11.5333
19.0571
20.8571
6.10476
11.3048
13.8
12.419
13.4286
24.6762
12.1524
12.981
23.5048
9.90476
22.0095
11.0286
26.3524
14.5429
26.3524
21.7143
18.581
10.6095
13.019
23.0095
19.7048
13.9238
8.40952
11.2667
10.1619
6.50476
8.33333
25.3619
22.8762
15.581
21.4667
37.2095
19.6952
6.53333
15.2
19.819
20.0095
11.4667
17.4762
39.9524
30.0571
7.49524
31.5238
32.2857
37.3048
27.5524
14.3619
5.87619
35.4286
18.1048
29.6476
13.7619
20.1333
6.05714
13.5333
22.5524
28.4286
15.9905
21.5619
13.4571
31.819
26.6476
12.8667
30.3048
21.9619
17.4857
8.31429
20.5619
16.9619
24.7143
10.781
11.1714
15.6286
21.4381
22.5429
35.8095
26.3238
28.7048
5.53333
5.87619
6.95238
12.4476
16
28.5238
27.2952
29.9714
15.8095
24.3143
8.2
11.4381
23.6952
8.02857
23.2952
18.4
24.8857
25.8857
7.40952
7.70476
21.8571
5.99048
18.6857
21.1714
18.7905
6.59048
12.9429
10.7714
12.9524
10.3714
13.1238
24.7905
12.8476
25.8
21.2476
34.3524
27.4476
25.2286
24.4381
24.219
16.419
12
18.4952
12.6667
8.35238
28.7524
23.2095
6.75238
21.3333
27.4762
11.3238
37.9524
28.6381
16.9048
12.4476
12.3429
36.8095
10.4381
20.8667
47.8476
12.8667
11.4476
16.0476
18.3143
19.0286
13.5524
15.4667
5.82857
21.5238
20.3238
25.5238
14.3905
14.1524
27.2667
15.4
26.3333
21.2571
25.0667
18.7143
14.0095
23.1905
11.9238
22.6286
25.2667
19.6952
18.7905
7.32381
28.7429
24.4571
9.68571
18.3905
6.67619
5.46667
11.581
21.1524
10.0571
18.8667
33.6762
18.4857
15.5143
9.6381
10.0952
20.8762
25.2095
12.2571
11.8952
10.2286
10.6286
15.781
26.8476
10.4286
32.7619
11.8952
12.1048
10.4095
4.14286
31.819
12.1714
31.1048
8.79048
11.2476
14.3429
29.5333
25.1524
23.8667
23.6857
19.8571
19.8095
8.41905
22.4286
9.71429
7.15238
12.381
8.46667
20.0476
6.87619
22.3429
7.82857
15.2667
16.6095
20.2476
24.7238
27.8762
12.5143
32.6952
20.019
17.8857
14.2952
7.92381
27.8286
23.5905
29.0762
11.1143
21.6762
17.2762
17.8476
5.07619
15.3048
8.12381
10.219
23.3048
6.12381
17.4667
6.41905
12.7524
27.619
41.4762
21.5333
21.3619
19.9714
9.22857
5.98095
4.37143
15.7333
15.3333
22.0476
25.1333
5.30476
9.78095
11.581
27.5048
36.0571
36.2667
14.2952
14.3333
8.94286
22.1905
26.1238
7.42857
19.2571
21.1524
17.0286
32.5619
11.7238
12.7048
29.4667
10.0476
14.0476
21.0857
14.6571
23.2667
19.3905
17.6381
13.3619
6.13333
13.7143
9.44762
20.0381
10.5143
15.2095
18.581
7.02857
25.0857
13.0952
24.4476
21.1905
19.1714
5.85714
20.4571
23.3905
13.9238
13.1429
7.67619
18.3048
24.7048
18.3333
24.7333
14.7905
8.71429
7.4381
21.0476
13.4
11.981
10.9048
23.0286
12.2571
11.6286
17.2095
22.9333
7.5619
21.9048
24.2667
11.419
17.5143
14.1905
37.5143
14.1048
12.5714
16.8381
19.1429
20.1238
13.2286
6.92381
6.34286
8.72381
21.581
6.80952
10.3429
7.50476
26.5524
12.1524
14.619
28.9429
17.981
11.8667
10.7048
5.55238
18.0381
7.74286
28.781
15.1524
25.9714
15.2952
23.3429
16.3714
5.06667
27.8667
7.39048
7.10476
12.8381
19.581
40.8571
35.1429
16.1714
26.7143
19.2667
18
16.619
13.4095
20.6667
16.8095
28.3333
15.9048
34.2952
14.3238
13.3429
13.3429
20.1714
12.4286
10.7714
13.981
22.3238
12.7714
23.2857
14.5048
5.1619
9.01905
11.0952
13.6381
14.4857
20.1333
11.0952
36.0571
17.6381
18.8762
8.0381
10.2857
7.52381
15.2095
17
12.2095
22.0857
8.22857
15.5143
12.0952
37.6
14.0952
45.9905
13.5429
26.2476
13.181
13.9238
12.5048
17.3619
19.9048
23.3524
19.0476
11.2667
21.5619
30.5238
21.3143
29.1524
11.5143
30.6381
32.8762
8.97143
14.2857
7.97143
12.9048
15.0571
10.7905
20.0476
11.5333
15.419
13.8286
29.3714
8.84762
7.34286
18.619
17.5714
17.6762
11.1048
8.84762
8.44762
25.8381
22.6857
16.2762
21.019
10.7333
17.7048
19.6762
4.50476
17.0095
11.5619
7.91429
20.219
18.8
29.2952
14.4667
16.8476
8.84762
9.97143
15.8381
23.6
19.2286
9
15.0857
25.3524
5.89524
10.8381
15.2286
9.15238
12.2952
35.5429
6.46667
7.6
17.581
15.4476
9.06667
29.6476
16.0571
7.75238
19.3714
6.70476
8.8381
22.5619
21.2571
5.93333
20.219
8
15.7905
26.1048
14.2667
13.4952
12.5714
9.32381
7.94286
31.6
16.1905
8.58095
19.1048
13.8
9.14286
26.8286
18.2095
14.4
21.219
20.2381
13.1524
23.219
11.2381
14.1524
16.7048
36.1048
15.1714
25.9429
24.9143
29.8381
8.3619
22.5143
19.2095
16.5619
23.1429
14.019
13.9238
15.1524
15.5143
16.7238
13.019
23.9333
9.64762
16.8762
6.2381
14.1524
13.1238
8.8
23.5714
17.7143
31.1429
10.5048
5.06667
33.7524
25.3429
12.0857
33.1524
15.581
22
47.8
46.0667
10.0857
10.8857
17.1619
30.9048
22.0381
9.69524
22.8952
5.53333
10.4286
19.6762
7.09524
14.7048
22.0476
24.6095
29
7.39048
5.02857
14.7333
19.781
27.9905
19.8571
24.1238
20.3143
6.42857
23.9048
15.0381
28.6571
20.3619
17.6952
22.8857
19.2762
16.6476
21.6857
19.9143
15.1714
25.2286
18.8
12.6095
25.6381
37.8286
16.1048
6.19048
16.019
16.5333
22.3714
19.3048
23.3524
20.4476
6.50476
20.4286
9.80952
21.1619
25.7524
29.619
16.9619
15.8667
8.46667
6.1619
19.2286
26.2952
7.53333
17.3048
24.581
45.8952
19.5143
20
12.781
24.9333
11.7429
14.4286
8.19048
24.2857
28.981
11.2667
14.581
12.9143
23.1143
11.7238
14.7905
15.2952
6.47619
13.181
20.3524
7.26667
8.73333
14.5143
12.4476
21.9238
26.5714
20.9619
14.5143
4.38095
15.219
11.019
26.2381
17.9619
36.6952
12.1238
8.91429
24.5238
19.181
18.6762
19.7333
20.7714
24.581
10.7714
22.6667
14.8476
31.3333
5.57143
22.1524
12.6381
5.17143
28.7048
20.2952
40.3524
12.1905
12.5429
14.5714
21.2667
15.9048
18.0952
7.35238
23.5048
15.4286
28.8952
14.3143
26.5429
23.7143
20.0952
25.5524
15.4571
10.6667
12.0667
25.5905
15.2571
17.6476
12.619
5.60952
7.4
13.1619
26.219
32.4381
20.2286
16.6571
30.7905
14.7143
21.219
6.85714
8.66667
14.6476
12.1238
15.7048
6.25714
9.11429
7.72381
6.32381
6.82857
10.6095
6.91429
15.5524
10.2571
36.2095
13.181
27.9905
4.90476
21.181
15.2857
20.0571
19.8857
37.1238
7.79048
7.70476
8.55238
20.6
21.5333
15.4286
9.91429
22.7143
27.7143
15.8286
12.5238
22.2952
19.5524
10.9333
27.4571
14.9048
7.28571
5.90476
21.819
22.981
28.3333
26.6095
12.5905
29.1429
22.5143
27.6095
10.0667
6.45714
14.7238
19.8571
9.78095
7.19048
7.49524
16.3048
24.7429
12.0667
17.5429
23.0381
13.9048
11.9714
14.5048
8.45714
13.4381
15.4571
9.74286
19.6667
22.8381
23.3905
16.9524
9.01905
9.00952
7.69524
35.5905
19.1238
5.7619
13.4
19.7905
10.4952
14.2571
9.88571
17.6095
22.7238
26.1143
23.9143
20.2476
5.21905
20.019
5.57143
14.1714
30.4667
11.3048
19.0667
27.0667
21.7905
6.72381
8.24762
8.10476
24.8
9.51429
8.71429
13.9143
6.93333
7.55238
9.22857
33.0952
21.4
17.7143
11.5905
13.981
15.6571
9.14286
10.7524
8.70476
14.3905
13.0381
9
10.819
11.9524
29.2857
21.4762
17.8476
40.8095
7.05714
22.4571
27.6
21.1333
20.1524
18.6762
8.77143
15.4952
28.4571
20.581
5.20952
8.32381
18.6
21.181
5.81905
6.0381
17.0571
27.7048
8.95238
23.4857
27.5619
5.59048
10.1524
27.9524
14.819
17.1429
15.219
24.981
10.3048
10.1238
19.7524
7.6381
18.8095
32.6
16.6095
18.5238
8.0381
21.219
11.1429
18.1333
16.4762
8.71429
12.6095
13.0571
8.86667
22.181
28.5048
12.7238
18.5048
26.2381
17.2571
17.381
8.60952
5.68571
6.74286
15.6857
15.9619
7.50476
11.8762
22.2095
17.4476
9.4
26.0857
12.6952
11.7619
21.0095
9.71429
21.6952
7.66667
12.0667
6.93333
17.4667
10.2476
11
57.1905
18.5143
18.5714
19.2476
17.5333
21.6667
10.8762
27.8286
23.3143
17.3905
20.1238
29.9048
27.7238
19.6857
18.8
15.3333
11.7429
11.2762
10.7143
14.1333
35.0095
15.0667
21.7619
24.9333
11.6286
21.9524
8.05714
23.6476
10.8667
11.2095
18.019
21.1238
4.8381
11.3905
17.0667
9.27619
15.0857
15.6
24.819
23.1048
12.619
17.0667
12.019
13.9333
24.6286
27.5714
14.7333
20.4762
6.7619
14.2
29.0381
11.7429
12.3143
10.0952
19.8381
6.61905
25.0571
10.2952
11.9048
17.7524
6.33333
24.8381
15.2381
19.2286
27.7714
24.3143
18.2095
22.7905
26.8857
16.4
15.981
26.2571
9.90476
16.6
16.8381
17.4381
16.6095
6.14286
18.8571
16.0952
28.2095
18.0667
7.54286
27.1905
21.0857
31.019
27.4571
16.8857
25.5429
13.0286
12.6286
7.85714
20.7714
22.3143
29.4667
19.6286
7.9619
13.0857
14.5905
26.2095
7.85714
22.4762
10.7238
7.47619
11.2
21.5619
23.8952
9.31429
18.6381
8.8381
32.3619
7.87619
17.019
18.6667
17.8857
8.86667
9.45714
17.6381
28.2762
33.9333
21.4381
9.2381
19.7238
6.45714
5.24762
7.38095
23.2
9.48571
5.70476
20.5619
21.3429
14.619
17.2
13.2762
11.2762
16.6952
6.1619
16.1905
5.64762
17.1143
23.2381
21.381
30.7429
21.0476
12.1619
10.2762
11.019
8.07619
8.99048
15.4286
5.15238
23.4857
26.5714
30.0571
14.9333
16.6667
5.08571
10.8571
19.5714
25.181
20.0476
14.2286
23.0857
10.6667
23.2476
14.1333
22.5333
17.4762
24.3905
9.33333
22.8
9.2381
6.59048
24.2095
12.1048
16.3905
17.5143
12.3905
13.3048
16.419
26.9238
18.3333
7.21905
26.1238
41.5714
14.0857
19.1619
37.419
15.2286
15.6095
12.1619
16.5238
10.0381
28.6286
11.5429
27.2
16.0095
25.3524
6.62857
9.51429
9.34286
19.6286
10.1333
16.1905
7.64762
26.0857
11.0476
32.9143
14.4762
18.4762
14
5.54286
10.981
13.019
8.20952
13.6476
22.8381
9.45714
7.05714
14.3429
14.4667
16.8286
14.3048
15.1714
12.8
22.7238
19.2286
8.67619
22.4857
5.78095
20.2286
10.3905
15.7238
19.1238
31.1619
17.3905
16.7714
11.9238
6.99048
19.8667
17.4095
11.5524
13.581
14.1524
13.2286
11.9238
35.1524
20.4762
7.99048
23.6476
35.2952
10.7333
5.97143
24.419
7.98095
26.4952
31.8667
15
28.419
20.5238
13.4571
14.8381
18.0476
10.181
30.8857
18.6571
17.9143
10.581
21.3905
12.8
25.4381
8.55238
15.2857
19.2762
5.33333
18.3524
17.6857
12.3143
22.981
9.00952
13.5905
13.019
15.581
8.5619
24.8667
8.75238
8.55238
16.4571
8.07619
26.3524
17.8476
29.8571
18.9619
6.86667
15.4762
14.6381
12.5714
31.4857
9.2381
30.9714
24.5238
27.3905
6.5619
15.4952
15.1048
12.0476
12.4476
16.7333
40.2571
17.2952
6.29524
24.6857
8.86667
33.0571
34.019
11.4667
34.9143
17.8952
12.2286
18.9048
23.3905
9.62857
20.5714
16.2381
12.0952
10.8762
21.5333
11.0381
6.95238
27.5048
25.6762
23.8381
11.781
13.1619
26
20.8857
25.0095
26.4571
14.1143
13.6
14.4952
22.1429
18.7714
22.0571
6.77143
6.57143
7.46667
26.5048
9.20952
28.2667
17.381
9.84762
14.219
18.2476
21.7714
22.1429
12.0381
5.79048
27.4381
6.18095
6.35238
16.6762
25.4476
14.019
16.0667
22.1714
24.781
36.4095
23.2381
19.981
21.4381
21.6762
25.6
8.13333
20.8476
20.1048
8.8
8.10476
9.95238
9.75238
14.781
16.7714
10.0952
5.30476
31.3429
17.181
19.3048
22.4952
17.5905
18.4095
6.41905
22.2762
24.0476
17.6667
8.44762
23.4667
18.3619
19.981
18.5333
24.9619
16.8095
15.9333
19.7619
5.5619
5.26667
16.0476
18.7238
20.5143
9.06667
7.69524
4.6381
35.5524
14.4381
14.1048
17.3143
29.5524
12.181
9.24762
17.0952
8.90476
6.27619
25.7238
6.4381
9.25714
5.98095
16.1048
10.4667
18.419
6.05714
21.2381
18.2571
9.86667
5.79048
21.1143
22.1429
19.0571
6.98095
18.4
15.2381
14.3143
24.0571
20.1714
10.3143
7.51429
17.419
24.5048
10.5905
12.5905
14.3429
5.99048
8.82857
8.79048
9.39048
9.13333
16.8381
15.9714
8.89524
13.8762
23.3619
18.9238
9.38095
36.9429
16.3429
17.5333
21.4857
20.3143
22.9714
14.2571
6.42857
16.3143
19.3714
15.7238
39.6571
6.90476
23.7429
27.1333
7.1619
12.819
25.5048
27.3714
5.13333
14.0095
20.6857
20.8095
10.2095
24.2667
20.8381
33.019
22.1333
24.2857
13.2095
30
15.0571
14.2
4.88571
12.1333
21.7048
12.6381
13.0381
25.9619
18.4952
20.7238
14.219
6.6381
37.3524
15.3429
29.219
36.1619
11.9524
11.2762
8.1619
19.5429
20.6476
10.981
29.5905
7.19048
20.8381
18.6381
17.3524
24.8
25.781
27.0286
14.3714
21.781
13.8476
27.0952
14.619
37.5238
12.9048
16.981
11.6286
15.2667
15.6476
8.78095
16.1429
17.4
16.3524
7.27619
37.3333
12.2857
7.30476
10.5429
15.4762
18.4762
28.7524
20.7143
15.8667
30.0286
14.2762
11.4667
6.00952
26.6857
12.2571
10.0571
19.9619
6.35238
18.0381
27.3333
15.6857
14.4762
16.4286
14.4952
11.7238
6.94286
13.7048
10.4952
7.8381
25.181
22.4
14.4952
12.4857
32.1524
22.181
21.1714
18.8667
6.8381
14.8286
17.1429
12.8286
23.7524
16.1143
19.4667
25.0857
9.66667
10.1524
23.4381
20.6286
9.67619
10.5619
13.4667
12.4857
20.6286
9.53333
18.3429
14.2095
21.3905
21.4762
14.2762
29.5048
10.1619
8.59048
16.7429
8.88571
24.3143
8.4
24.2286
19.1429
13.7619
22.1619
12.2857
20.981
20.1048
6.65714
9.74286
17.8476
8.1619
22.9143
29.6857
12.781
11.7333
14.1429
13.0381
7.40952
8.2381
23.8667
12.4286
5.62857
8.17143
17.2381
16.1714
15.7143
38.581
17.3714
14.5524
20.2952
8.91429
15.6381
10.1238
24.6857
17.7143
25.4667
32.9048
15.9429
14.1238
12.5905
19.4667
21.9714
14.181
26.8286
24.8
16
10.6857
27.8762
20
11.7524
26.1048
14.1524
9.95238
27.9524
19.8762
9.78095
27.3333
7.14286
16.9333
21.7333
13
18.6762
8.77143
27.6476
11.419
29.0286
28.0476
23.2762
23.5619
13.0667
17
8.9619
12.2095
6.88571
33.2571
17.4857
6.01905
11.3714
11.6857
8.28571
13.0381
8.9619
15.7619
23.7143
12.7048
9.06667
5.20952
15.6381
5.21905
14.8286
10.0381
21.5143
13.2857
21.1429
15.4952
8.20952
15.781
27.3905
8.8381
13.7524
15.6762
12.8857
14.2952
36.4952
23.5429
7.85714
29.381
17.0571
7.11429
9.72381
14.4667
20.6286
15.4
11.381
10.8667
30.4857
12.781
6.34286
12.2857
36.4571
33.381
12.381
17.7524
14.2
29.0476
20.619
18.2381
7.59048
23.6286
15.4762
30.7619
14.7429
8.30476
17.1619
14.3524
38.019
8.53333
9.88571
42.0952
12.0476
36.2857
15.4667
13.1429
21.8381
15.2762
10.3143
28.5143
19.6762
7.93333
26.2095
5.2381
13.7714
18.7048
12.9905
7.26667
21.5429
22.3619
15.5333
24.6571
17.419
31.3429
23.1429
11.1714
17.6286
6.61905
5.4381
8.15238
20.0095
33.2762
14.2
16.6571
20.8286
17.9905
10.8
24.4476
9.81905
14.4381
18.9238
5.33333
17.581
10.7619
22.1333
7.54286
17.8762
23.9619
25.6667
18.1143
7.54286
8.31429
14.5048
13.4476
21.1048
25.8286
18.6571
33.7714
19.5619
8.64762
15.5048
20.0857
28.9619
23.619
20.9333
13.5524
14.7905
17.0476
8.52381
29.1714
22.9048
30.8381
23.2952
25.8476
13.419
32.7333
22.419
16.1143
12.7048
7.47619
5.14286
68.2667
14.0095
8.46667
29.3048
16.6667
12.6095
21.0095
26.8762
10.8476
23.0095
16.6381
7.62857
6.08571
29.1333
5.55238
8.26667
17.7619
26.5714
5.87619
14.3905
29.5714
17.1524
32.419
23.4762
17.9429
7.08571
18.8762
8.68571
23.9619
7.92381
23.7619
15.7143
7.89524
10.6476
9.75238
9.86667
5.09524
7.5619
10.5619
13.9905
23.6952
19.5048
7.66667
22.3905
17.2952
15.3048
16.6476
19.7524
5.17143
16.9143
5.30476
25.5143
24.3714
25.7048
10.8286
14.0381
22.8667
24.9524
27.1905
9.27619
17.1048
15.5905
15.1238
9.01905
9.20952
11.6857
13.3143
20.3905
24.8
28.419
17.5048
15.9524
18.2762
7.44762
17.419
24.2
11.4095
20.0381
23.619
15.7238
16.6
8.6
9.55238
15.6857
20.4381
25.7714
6.85714
17.4476
27.7238
24.2667
15.6571
33.4952
26.6095
5.89524
11.2
40.3619
27.3714
12.8
21.7524
22.6
11.9524
17.619
17.0571
10.5048
22.6
15.8476
16.6
12.1429
19.7524
29.2476
6.99048
10.7143
11.3619
19.0857
19.5333
10.6476
19.5238
15.781
10.6
15.8095
11.8762
13.7238
6.27619
7.88571
12.781
16.2762
15.0476
6.28571
17.0095
14.6476
15.8095
15.6571
16.0095
16.2476
9.19048
15.2476
13.7143
6.55238
10.6095
26.2762
22.5048
9.44762
10.5238
12.1333
14.419
13.6667
11.0857
24.5048
16.4571
14.0381
26.2667
15.6
15.6857
12.8
17.6952
5.58095
15.4952
15.9048
36.6286
12.5905
11.7048
10.6571
10.1714
20.6857
8
27.7238
21.381
14.7429
12.9238
8.41905
27.3524
8.07619
16.781
10.3333
15.2857
14.581
6.42857
19.2286
26.781
20.3333
16.3619
8.97143
6.32381
6.44762
15.2476
11.8667
16.1619
15.381
8.31429
26.9048
24.2667
25.181
19.5048
24.5238
18.1905
27.0381
15.7429
32.619
10.2857
21.619
21.0667
16.6476
18.1714
12.2857
9.60952
6.67619
21.219
5.64762
22.5238
5.55238
8.92381
21.8
18.1143
23.7524
15.181
6.6
14.5238
18.7333
6.05714
12.3524
13.0952
14.0095
14.8286
12.219
8.41905
15.6857
18.9429
9.1619
8.93333
13.1714
18.3238
29.8571
17.0476
28.6095
18.6952
15.8381
5.73333
14.1905
9.90476
5.4
16.0667
4.62857
18.7143
31.5048
23.4
29.619
20.0381
7.61905
35.181
6.18095
25.1619
20.5333
12.4762
10.981
19.8381
22.019
17.5429
6.35238
9.52381
18.7333
6.48571
23.6762
6.49524
14.3238
21.6667
25.3429
25.5524
30.8762
25.781
6.2
9.99048
14.5619
27.4476
6.90476
9.05714
21.1619
23.2095
8.57143
11.2952
5.74286
8.97143
27.3143
24.6667
9.31429
18.4
4.70476
23.0952
22.0952
8.7619
6.78095
14.4571
19.0762
16.2762
32.781
25.1619
5.41905
23.6857
29.9429
8.88571
23.7714
15.1714
12.819
24.181
6.09524
33.9524
15.2095
32.6
20.2762
5.55238
7.06667
37.3714
18.019
11.2
33.0571
16.2
5.42857
15.5429
12.219
9.19048
24.9238
8.00952
13.9429
14.2476
17.6952
12.6667
8.1619
18.0381
14.7905
27.3048
17.5238
29.9143
17.3905
15.019
40.0381
15.3143
28.1048
19.4286
10.6571
6.37143
5.1619
9.06667
15.8381
6.92381
20.3429
19.219
16.4571
9.35238
6.3619
9.90476
13.6095
17.219
24.6476
7.51429
11.6762
22.6476
27.4762
13.1143
15.6381
17.7238
35.6857
10.6476
9.93333
14.7238
27.5714
24.581
21.7524
10.9048
20.9143
11.9143
24.9619
6.68571
5.1619
18.019
17.7905
25.381
20.2667
20.5905
15.8476
8.34286
13.2381
16.1524
5.54286
15.9238
36.2286
27
22.581
13.7429
24.1048
17.1714
16.6
9.72381
5.11429
23.3143
10.419
9.04762
21.0952
18.7905
15.5333
7.9619
13.3905
16.6762
23.6571
17.2952
27.6
8.98095
11.3714
21.181
9.20952
12.9714
7.27619
33.181
7.32381
27.6667
23.7429
8.8
7.60952
9.20952
23.1143
15.7905
30.7333
5.65714
13.0571
8.34286
18.6667
19.4381
22.3238
8.2
14.6476
11.3524
17.8762
21.6286
22.2762
20.8667
15.4667
11.3714
21.6381
29.1429
5.45714
30.6381
25.3238
7.70476
33.3524
16.2762
8.28571
6.73333
25.4
10.6571
14.7333
5.70476
20.9619
9.92381
9.94286
5.19048
27.2667
29.6667
32.6381
13.9619
7.8381
28.4
47.6476
15.0762
16.5143
15.1905
29.6381
12.9333
17.5333
19.5143
25.3429
6
7.30476
19.6095
18.2381
27.6381
27.3048
31.6286
6.75238
10.3333
31.581
11.1333
22.4571
8.6
14.7143
12.381
24.4095
23.4667
20.3619
6.41905
13.2476
19.0095
12.0381
13.381
26.0762
25.1714
11.981
11.9619
30.4762
36.7333
8.9619
19.5238
10.6381
8.15238
19.419
17.6286
27.581
7.8381
8.94286
15.7238
19.1429
15.7714
10.2095
5.06667
12.4
12.5714
12.1905
7.6
18.3714
13.0571
20.0667
11.2381
17.0952
11.619
13.781
18.6286
19.5333
19.8857
6.94286
36.7048
12.9524
18.0571
9.91429
11.6762
11.8
11.5714
16.5429
12.2857
14.9429
27.8952
10.8381
7.11429
16.2667
7.6381
7.42857
5.97143
15.0095
11.181
16.0667
8.80952
23.5714
16.219
11.1238
6.41905
14.7429
12.3048
23.8952
18.1143
8.81905
18.5333
11.981
7.15238
15.3333
13.2571
14.2667
22.5048
6.61905
7.06667
5.79048
11.4667
12.5905
12.2476
17.8571
12.3524
11.419
16.8095
12.0952
12.9619
22.8571
20.7048
6.95238
6.6381
8.64762
4.75238
14.2571
16.8667
10.419
13.6667
31.9333
16.0476
16.8857
18.6476
10.7238
23.0857
14.3429
17.4571
12.4952
16.7143
5.97143
24.2571
4.92381
9.78095
15.4667
23.8667
8.8381
6.35238
17.3429
14.8
16.019
10.0286
34.4095
35.0952
20.981
5.89524
11.5333
21.6952
5.0381
10.0762
14.419
21.5143
26.7714
8.3619
5.4
7.91429
15.0952
16.4476
49.5524
19.1429
13.1238
16.0476
14.0667
22.8286
12.6667
8.5619
16.819
15.2286
7.20952
8.34286
16.8762
8.7619
11.6667
15.781
14.581
16.1048
26.7238
19.2762
20.1524
21.1714
16.7333
16.781
5.38095
9.30476
16.2286
23.6952
7.21905
22.3333
25.3333
18.9905
12.3714
8.91429
12.5048
16.581
16.6952
23.2952
6.2381
16.2952
22.419
9.7619
11.2952
7.65714
22.0952
15.3238
12.5333
19.2
17.0857
13.581
7.51429
26.2762
36.9143
13.0571
18.1429
19.8762
8.94286
106.657
10.5143
18.6667
12.4476
18.0286
26.9714
7.99048
9.66667
11.5048
7.2
21.1333
5.95238
22.6381
10.819
21
35.8
9.15238
24.5905
8.19048
17.1333
10.0857
11.2571
15.9333
13.7429
22.2667
7.55238
28.3524
28.4762
25.1714
24.1619
26.9048
43.3429
23.3238
21.4762
20.7524
12.5048
32.2952
23.3524
13.5905
14.5619
22.6286
32.5714
14.1429
17.4095
10.0286
15.5905
19.781
21.7524
8.08571
10.1524
9.34286
19.619
18.2571
6.8
24.4
12.8286
17.581
26.2286
21.581
12.9333
9.17143
14.5048
11.3524
6.34286
14.619
23.381
12.7619
13.2857
19.2952
16.619
11.9333
8.98095
9.11429
5.47619
13.6667
16.8381
18.2
15.1333
9.3619
32.0571
24.781
17.1333
6.49524
7.31429
6.8
15.9714
24.9143
14.1429
26.0762
25.381
16.0095
10.4095
12.6762
14.1048
24.8762
28.9619
17.1333
17.5333
6.70476
16.8
13.7238
8.91429
22.6762
15.6667
11.5333
7.25714
13.6762
17.8667
16.5238
14.7714
13.2286
18.2667
6.57143
16.5048
15.5905
7.78095
13.4286
13.0857
20.6667
7.4
18
4.57143
23.1905
19.1048
20.6476
21.3429
20.4095
20.4
11.4762
26.0476
29.9714
11.2
17.1238
7.5619
23.7714
17.9238
11.981
15.1619
25.1238
16.9048
11.9619
21.619
29.9524
12.8857
12.5905
21.2952
15.3905
9.06667
6.02857
10.2476
5.06667
28.219
6.40952
15.7905
22.9429
9.6
10.2571
20.0571
6.3619
24.019
21.4381
7.51429
26.5524
13.819
7.97143
8.42857
21.4381
12.6667
17.8857
17.181
22.0762
12.7429
22.0476
26.1524
15.5619
4.70476
9.01905
22.8381
21.1524
11.0762
7.61905
10.1333
11.7714
24.2476
20.619
18.7429
35.4571
6.01905
20.5143
7.51429
7.53333
12.9714
13.9524
10.1333
8.40952
33.0667
10.381
7.27619
19.5905
11.2381
18.7905
9.28571
18.6095
16.2952
10.181
11.2381
17.1524
12.0857
18.181
9.95238
20.9905
7.69524
37.1429
6.22857
26.4095
16.0095
33.2095
11.2095
22.7333
31.8
10.6286
13.5238
7.99048
14.0857
26.0381
7.94286
5.19048
10.8667
19.1143
24.6381
12.1429
13.7905
14.9238
5.0381
20.4952
29.0857
11.7714
25.2095
10.8
18.5714
16.5619
14.5143
14.3143
23.7714
12.1714
16.9619
7.95238
8.32381
18.181
7.01905
39.3048
6.69524
13.5048
34.1333
7.08571
14.2762
9.14286
5.81905
6.6
22.9048
10.5143
18.2857
5.92381
25.5333
11.7143
35.4667
31.8667
24.1429
23.1429
12.5238
14.5429
18.8857
22.6857
28.8857
7.48571
18.3238
8.3619
22.381
22.8476
14.2857
20
12.5905
28.4095
26.1905
17.819
13.2952
10.8
24.8286
13.7619
16.0476
28.8952
14.0286
14.6
16.7048
6.60952
15.1333
13.4095
11.5333
20.1048
15.2476
20.3714
18.381
21.9524
27.9524
17.9238
11.5429
8.5619
12.0571
7.53333
22.2667
36.1048
15.2952
9.37143
9.78095
26.3333
13.9333
17.3143
13.6667
15.3238
7.8
26.9905
39.5714
35.6381
38.0857
15.4476
18.8095
11.1143
14.8762
21.9238
12.1429
25.7905
11.0952
16.1143
36.619
13.4857
14.181
9.14286
20.3524
15.1905
10.0571
13.2476
12.3048
24.5429
11.9714
16.819
19.2476
35.8476
9.4
19.381
15.7905
8.2381
17.419
18.9143
24.6857
36.3048
21.2476
13.1238
10.6095
16.4571
24
16.019
5.25714
14.7238
15.4952
22.381
5.29524
19.4095
26.2476
13.9048
32.8476
18.4286
7.80952
22.2476
14.6952
17.0286
15.7619
16.1905
26.7905
19.4571
8.89524
20.181
18.4286
7.24762
26.6571
12.181
34.7619
8.77143
23.5238
15.581
9.31429
8.46667
8.93333
12.2952
17.0762
5.93333
8.74286
5.18095
19.7333
7.74286
17.5524
19.8667
15.0571
12.0381
6.4381
7.33333
43.4476
14.1429
7.75238
9.41905
22
7.18095
24.7619
11.1143
6.11429
15.619
30.3619
13.2762
22.2
44.1905
20.8571
28.419
15.2286
13.0095
24.5714
13.1524
11.1048
24.2476
23.1238
15.181
19.781
10.4762
22.5524
25.9048
18.4476
14.5714
8.8
17.4476
11.9048
6.8
16.2857
6.69524
17.5143
37.4857
17.0762
11.8762
15.3143
9.09524
7.8381
28.1524
24.9048
13.7524
13.1333
18.1714
5.10476
20.0095
6.89524
12.7619
19.7714
25.0857
21.7429
5.48571
9.12381
10.7333
6.68571
7.68571
21.3524
13.4286
13.1714
6.38095
14.5524
5.70476
17.781
19.619
6.30476
13.5143
24.7619
12.1429
19.3905
5.2
10.5143
17.4095
8.31429
19.2571
22.4095
19.0762
12.4476
15.619
20.8667
14.6095
24.6857
26.2571
43.3048
29.2857
18.8667
19.9429
22.1238
23.219
21.3333
14.8952
34.7048
15.4095
12.2
15.6381
16.9143
18.2762
9.7619
12.2571
9.54286
14.581
17.2667
5.8381
12.6286
18.2
19.381
29.4
22.9905
31.3905
14.9619
31.2571
5.17143
16.419
6.41905
13.2762
20.3714
31.2762
23.2
27.5333
20.1238
22.7333
7.68571
5.71429
9.4381
19.7524
10.4286
21.3714
13.781
23.0095
17.4857
18.4762
32.9905
11.9619
30.3619
20.7905
32.0667
25.419
16.0571
21.8762
18.5048
32.1905
11.419
22.6857
9.2381
18.3524
6.42857
21.781
37.7333
13.0857
11.5714
14.3524
7.90476
20.8476
10.4381
7.99048
6.37143
11.9143
26.1714
20.5429
14.781
12.4
8.42857
25.1333
7.08571
6.44762
17.3714
12.0952
10.8762
12.5714
24.6381
35.181
18.5238
18.7048
21.381
15.2095
10.0762
6.11429
30.3619
19
16.419
6.01905
8.93333
17.3905
25.019
11.4667
11.9524
16.7429
25.9905
10.0571
16.8762
14.2095
21.9429
9.02857
6.34286
13.1048
13.4952
9.78095
6.86667
5.51429
13.7714
7.92381
16.3143
20.181
11.6571
31.1048
17.7429
19.019
7.77143
13.5619
15.8095
24
26.4
15.9905
21.4476
11.4286
18.1333
22.3048
13.3905
7.81905
25.2381
5.93333
15.1429
24.819
11.6667
26.7429
29.2667
21.5143
14.9143
19.3429
6.41905
10.4381
5.42857
16.1905
7.87619
32.1905
13.4381
5.11429
6.4
14.2286
18.5714
15.4476
17.981
6.4381
22.2381
20.9524
22.2667
14.4286
19.2381
8.69524
16.0571
20.3333
28.4571
7.09524
36.5143
8.97143
11.581
15.2381
8.30476
12.9429
12.0667
8.46667
31.381
14.981
13.0286
19.6667
7.01905
16.7048
17.419
19.3619
15.3429
14.6762
20.7524
22.9619
28.2762
22.2571
7.28571
21.6952
8.30476
6.08571
13.1048
20.581
25.8762
7.95238
20.7714
10.2286
11.9714
23.6286
30.619
8.70476
27.4381
16.4667
29.1905
13.9714
11.2857
17.8095
21.381
8.0381
25.9143
11.4381
14.6762
12.9238
15.1905
24.0476
7.71429
18.6857
18.6571
6.7619
27.5143
12.3048
15.9905
31.1429
11.9429
5.7619
10.4667
10.4762
13.5048
8.75238
13.8286
17.181
12.4095
6.27619
8.41905
13.7619
16.1619
11.8095
25.8
12.2286
5.26667
20.8381
6.11429
11.6667
18.7524
23.7048
30.0762
7.54286
26.4762
11.5333
11.3714
32.5905
31.9429
7.60952
6.22857
16.7619
11.2286
13.181
21.1333
6.60952
9.51429
6.95238
19.4571
15.8667
23.5905
12.9048
34.1429
4.92381
14.7048
14.2
46.1714
27.2667
14.3524
9.64762
8.21905
20.4476
7.95238
29.619
17.6857
27.6667
13.781
13.619
26.2095
18.0952
11.5333
14.7333
24.5143
21.3714
7.01905
12.6857
16.819
27.3429
12.1333
14.2381
17.7524
26.6476
24.0857
23.4762
35.2
12.3429
17.9429
24.3333
13.2857
16.7333
5.80952
13.0857
10.1619
9.19048
5.94286
20.0952
8.4381
28.0381
33.8762
11.4095
32.5048
8.48571
17.619
6.69524
12.9905
19.9333
8.4381
9.3619
23.1714
37.6
11.9333
26.9714
18.8476
27.4667
25.2476
23.019
9.98095
10.9238
26.0286
24.3905
19.0571
6.2
9.60952
6.8381
11.3048
7.15238
7.13333
13.8095
8.4
19.3619
6.5619
24.9524
18.3429
19.5429
12.6952
23.1429
30.3238
11.9238
11.819
14.7048
9.08571
17.9143
7.29524
8
13.4286
7.1619
19.381
16.9238
24.3429
18.6476
19.4095
27.4476
13.8667
22.1714
19.1238
15.781
23.0476
19.0952
20.2667
36.7048
19.6095
9.37143
8.52381
15.181
25.5429
17.4095
24.219
14.2
7.30476
21.3429
28.2952
17.181
12.2952
24.1238
18.419
17.2095
17.1714
21.2381
27.819
6.09524
23.0381
5.54286
18.1238
22.619
11.7429
10
21.7333
16.5238
21.1524
20.3714
6.38095
17.9905
26.6667
30.3524
34.3524
23.3333
12.9238
6.14286
6.82857
23.6571
20.8952
8.19048
25.8952
52.9905
29.3238
32.3905
18.2286
11.5429
23.1524
15.6857
10.1524
10.5714
8.95238
10.4286
6.3619
5.72381
4.75238
17.019
17.6571
33.3524
21.1048
5.53333
8.08571
17.7905
20.0667
5.50476
6.27619
23.0286
15.0286
25.619
15.8857
15.1429
18.6286
15.8857
20.7524
18.0667
19.7143
30.1143
21.0381
37.4476
16.7143
17.0476
7.42857
8.8
20.2857
28.4476
10.6381
24.9143
16.8476
13.7714
14.5048
20.6571
9.75238
7.98095
11.8571
10.3429
4.67619
19.8476
7.21905
7
12.2667
29.9714
25.0857
11.2
17.5143
5.14286
5.4
11.2571
9.82857
17.1238
23.6286
5.15238
23.9714
13.5429
12.6
10.5048
5.59048
29.9714
12.7143
31.181
16.3905
17.4952
19.3714
16.9143
21.2476
22.1429
31.0952
12.4095
18.0476
7.93333
21.2667
23.8286
4.8
29.0381
24.7238
6.99048
12.2381
7.77143
6.44762
21.5238
22.3429
18.6952
14.0571
10.6952
15.0095
29.5048
23.0762
16.9238
10.7905
29.1048
5.19048
14.219
22.2
7.25714
6.88571
9.59048
19.8952
10.6
15.8952
12.4857
19.2571
16.0095
10.6762
6.74286
8.10476
17.7048
17.4
19.3143
20.1714
12.2952
8.17143
11.3619
22.9714
13.0952
6.35238
10.4857
21.019
7.54286
9.40952
18.8857
8.49524
6.60952
14.1238
12.7333
24.5905
22.8857
11.8
22.7619
6.37143
22.2857
9.79048
27.9714
16.3524
6.79048
5.59048
9.02857
11.6
8.8
9.87619
12.0476
37.1619
12.7714
15.1524
37.9048
27.0571
11.819
27.981
14.4095
19.9143
25.0667
11.5333
26.5524
16.1333
6.5619
21.419
17.381
25.2762
26.5619
13.2286
9.95238
15.9048
16.7619
23.4
11.019
10.1905
7.67619
34.0571
15.8571
5.44762
17.6095
16.6476
7.54286
15.219
16.6476
14.0286
27.0857
22.9238
7.19048
7.27619
10.7238
17.2762
9.69524
21.1905
21.2762
26.1905
33.9048
15.3905
15.2095
6.4
14.8857
16.2857
22.0762
22.4476
6.45714
12.6476
14.2952
16.7333
16.419
6.7619
31.2476
12.9619
43.9143
17.4667
30.4667
18.4
11.9238
14.7143
26.2952
10.1048
24.6476
19.5333
5.72381
13.9714
35.1905
19.0095
7.50476
6.78095
9.4381
6.4381
29.6571
17.4095
20.4381
35.619
14.3905
31.5619
34.5238
18.2286
18.6381
4.87619
12.7143
20.5238
8.77143
13.8095
14.0571
14.8667
8.6381
6.29524
17.9714
26.2381
4.97143
11.0476
22.8667
13.0857
8.51429
28.8667
18.4571
25.3429
17.5905
6.0381
21.4571
17.2286
16.6381
15.6762
14.7238
17.7238
27.7619
23.419
21.0952
21.6286
22.8952
17.3905
14.5048
40.1429
18.9905
13.4286
11.5619
9.51429
6.9619
16.8381
7.62857
12.2571
4.89524
12.6667
11.8762
7.52381
19.4667
19.0381
13.7429
18.6476
19.5048
27.9524
20.6
12.2286
7.2381
9.58095
35.6476
12.1238
7.22857
12.9143
10.6381
24.7048
5.71429
11.6286
13.2952
14.2476
24.5905
11.7143
14.619
4.97143
13.5143
6.48571
9.01905
20.5333
15.6952
27.2286
13.9619
10.019
11.0286
27.2381
13.4857
34.3714
13.1619
22.7619
20.9524
17.4571
11.6
15.419
29.0952
7.90476
19.2857
15.7714
7.49524
17.9143
18.181
15.2667
17.1429
11.4
10.7048
13.5048
6.45714
8.77143
7.7619
15.5524
39.419
5.9619
17.381
9.85714
23.4
21.4095
25.3714
17.7905
30.8667
9.02857
6.48571
14.3333
16.8571
23.4476
17.5429
22.5143
8.58095
22.1714
10.8762
10.7429
28.5238
17.3905
7.22857
11.6762
7.45714
16.2857
16.0762
16.0667
23.981
32.0095
12.0476
17.6952
14.4476
11.4667
17.0857
19.6095
17.6
5.30476
29.8095
6.17143
21.7143
11.4571
30.4381
25.8762
11.3048
15.3714
15.6
26.8857
7.01905
8.14286
9.75238
18.4286
8.3619
20.1238
20.3048
10.6
24.381
11.7333
8.50476
9.01905
15.7143
12.3619
28.8667
13.181
14.7905
21.9238
16.9333
13.1048
15.1619
13.8
18.1619
21.9429
6.88571
10.7905
6.67619
16.7429
10.8762
8.10476
25.5143
9.02857
6.82857
11.5524
16.6
7.81905
10.3238
21.9714
7.2
20.0095
6.75238
21.7619
13.019
19.8286
16.5714
16.4095
5.15238
20.8286
17.5048
16.2286
22.5714
15.2762
5.44762
17.7429
14
6.81905
17.9238
28.8095
12.1429
5.78095
13.5905
15.3619
8.49524
19.9905
7
7.28571
39.4286
33.2095
20.3524
23.5524
23.1333
13.8571
5.80952
10.2381
8.51429
18.4857
6.01905
29.2
20.4571
18.5524
10.8857
8.35238
29.9048
7.24762
22.5333
7.65714
15.2381
15.7714
13.181
22.6095
15.7333
5.1619
8.3619
7.78095
13.8
13.2762
5.6
16.1143
11.5333
25.2667
5.33333
18.0667
11.0476
5.28571
6.26667
26.1714
35.6667
10.9524
14.1143
14.6095
21.7619
20.4095
5.80952
22.7238
15.1238
17.8
13.4286
13.6381
18.1905
24.7333
26.8952
15.2952
40.3048
9.29524
9.33333
15.9714
10.8381
16.0762
16.6476
20.6381
9.46667
21.4286
16.5048
10.2
17.9905
6.46667
15.0857
21.1333
11.6952
13.5524
39.9905
27.3143
18.781
9.66667
16.7619
9.66667
13.9619
12.5429
28.9429
24.419
10.0952
17.2571
27.5619
13.2286
14.4571
18.6762
12.7714
10.4286
11.5048
29.5333
7.65714
16.0476
14.7238
13.381
15.8571
19.0381
16.3048
12.4857
6.2
8.85714
13.4571
13.2667
5.25714
8.73333
9.26667
11.6571
8.4
24.5333
19.3714
7.08571
21.6667
11.4952
28.2667
6.94286
15.7619
34.3905
15.1143
13.9905
7.75238
12.219
16.581
10.1143
12.5143
9.18095
10.3048
15.0571
24.8286
12.7048
11.4
9.42857
8.61905
12.8762
23.581
6.11429
8.50476
13.7714
25.7619
18.1238
13.0952
6.0381
4.9619
28.5429
10.8095
24.7429
15.6095
26.3429
8.90476
17.8381
16.9238
21.7333
21.6762
17.0476
32.9333
14.8762
22.7524
11.3714
6.6381
10.3619
25.3619
19.7333
11.1524
10.3524
17.2381
17.1524
13.1619
20.1333
4.53333
17.3048
11.9619
12.6667
21.2095
13.4
15.8857
26.981
8.99048
10.2571
7.72381
6.35238
5.79048
13.7524
31.4476
10.1905
18.0095
9.26667
11.5143
11.9619
7.49524
16.4571
28.2667
9.15238
5.34286
10.3143
17.3048
34.5143
24.8952
22.6286
11.781
23.8476
9.79048
15.8476
6.13333
20.3238
11.7143
5.94286
13.9429
14.1238
10.5333
23.2571
20.6667
18.581
21.9714
9.68571
21.9143
15.2952
11.4286
14.8952
19.1619
21.9429
11.3048
18.0286
17.0762
23.9714
13.8857
9.34286
24.3905
24.0286
17.0286
11.1714
9.29524
26.4
10.3524
7.32381
20.4476
13.6
16.0762
5.99048
25.9905
34.4286
14.2762
18.619
10.8286
24.4
17.4
18.5714
25.0762
22.4857
11.7524
5.87619
9.20952
21.2762
26
15.5714
8.59048
12.7048
18.3714
19.1619
27.0667
15.4
20.9048
28.6095
22.7048
22.9524
6.93333
9.06667
20.8952
19.9524
9.34286
15.6286
7.72381
8.84762
11.4952
6.72381
21.5905
7.60952
16.0952
9.2381
7.59048
6.2381
8.11429
9.7619
9.54286
19.0286
30.4762
19.6571
6.89524
31.781
19.4762
24.1429
13.5524
18.9429
6.32381
18.4381
11.9524
9.72381
17.181
15.619
6.48571
9.75238
16.1714
9.66667
14.3905
20.3524
16.6571
18.2
9.05714
26.8571
15.7238
9.22857
7.44762
17.6095
15.5714
24.3524
7.44762
18.381
5.67619
24.1905
9.60952
19.9143
13.3333
20.8571
22.5238
5.97143
29.7619
9.9619
25.8476
42.619
4.86667
8.60952
20.1238
16.6762
16.8762
14.6476
4.89524
7.49524
19.4857
6.61905
24.0952
6.93333
24.3714
8.34286
22.5429
9.41905
16.3048
21.6571
33.1429
5.8
33.6667
27.4571
9.95238
35.0571
12.5714
7.54286
7.54286
26.8476
33.7524
14.0857
16.4667
14.7905
15.3048
4.66667
21.8857
9.80952
10.4095
17.2571
18.9714
19
21.581
11.5048
10.5143
17.981
11.3143
11.1524
27.2
22.0571
18.6571
24.4286
18.9524
25.4571
19.5048
30.1238
17.7619
9.4381
16.3429
5.62857
14.2381
8.39048
34.4095
15.2952
25.2095
14.781
26.2571
5.67619
11.6952
11.5905
16.419
8.45714
25.4857
30.2286
14.3905
17.7238
5.26667
6.1619
6.04762
11.1143
14.0952
17.0476
13.8762
27.4095
21.3524
26.6571
8.26667
7.13333
16.0667
6.32381
18.4286
8.77143
6.44762
6.8
17.9714
6.2381
9.09524
12.019
9.57143
14.0381
16.9429
10.3905
18.4381
17.5714
25.2476
21.7238
23.4
22.7143
10.8571
29.9619
19.6
10.6381
9.65714
22.181
17.0381
5.65714
14.819
7.49524
19.0762
28.8095
28.4952
20.4952
10.7619
11.3143
9.02857
11.9905
12.6
8.27619
5.7619
5
11.8476
12.1048
22.2095
11.4476
13.8667
22.5429
14
9.4
16.5905
27.7524
11.219
14.2762
21.3524
18.6667
6.50476
27.6476
19.6571
17.0476
7.68571
12.9524
13.7714
8.25714
25.1143
26.0095
6.0381
8.69524
14.8286
20.9143
27.2952
24.8
12.4762
13.0286
14.8571
13.6476
20.0952
15.6381
20.2286
21.6095
12.3238
9.69524
15.0476
30.2952
11.9714
5.18095
17.3619
12.6
12.2286
12.0571
13.7333
7.20952
13.3429
11.3238
13.6667
7.82857
21.8667
12.1429
17.2952
23.219
7.28571
28.2857
19.8286
24.5714
25.419
34.6286
12.381
5.81905
7.9619
10.1048
15.4952
10.981
20.781
23.6476
18.8476
21.3905
12.7429
6.45714
5.10476
12.619
14.6762
10.0095
8.22857
11.2762
9.93333
15.3714
16.4476
5.45714
18.4
28.0476
7.10476
28.7048
13.8857
19.4095
16.5905
16.5714
16.4952
23.6095
32.419
22.6667
12.4857
16.8286
6.81905
18.8095
6.93333
12.219
10.7238
11.0952
15.1429
18.9143
12.8857
11.8381
7.33333
7.57143
15.2952
9.02857
22.8381
25.5333
9.61905
8.04762
22.2667
11.2857
14.4381
8.2381
15.6
9.69524
7.47619
10.219
12.0381
14.3619
16.8095
9.2
6.51429
17.7619
12.5524
18.6476
9.54286
6.24762
20.6857
10.8571
17.7238
19.0571
32.6286
7.67619
6.6
18.5619
24.8571
17.6762
5.19048
21.381
18.5238
15.3714
20.9524
8.71429
19.1905
15.4
19.0571
6.8
15.6286
6.97143
10.3905
19.2286
9.87619
18.0286
20.6476
24.5333
11.581
5.52381
33.5524
5.46667
23.2952
24.3714
9.6381
32.5333
22.0667
5.45714
7.25714
22.8476
8.11429
12.8286
25.4667
28.1333
16.6286
7.38095
14.0571
16.9905
12.5714
8.19048
27.181
30.9429
24.4
5.0381
9.65714
11.5524
25.9333
7.09524
12.6667
28.2952
41.2667
10.8095
32.1333
24.3429
7.31429
10.6476
24.8476
20.3143
5.05714
19.3619
8.75238
13.8286
27.4571
7.74286
18.5143
13
14.1143
6.86667
20.5048
14.6381
11.3143
17.2476
10.4476
15.2381
10.3619
21.9238
8.47619
22.7143
12.0667
19.6571
17.1238
18.0571
9.64762
4.38095
4.58095
8.88571
25.381
22.2571
13.019
7.2381
8.09524
7.69524
33.5429
10.4476
18.1714
8.15238
31.5143
17.7048
8.18095
15.9048
21.8571
22.8095
7.34286
8.05714
9.27619
5.13333
15.7905
8.77143
14.981
37.8381
8.87619
31.0095
36.619
8.0381
14.9429
13.0667
6.59048
11.3143
23.581
6.99048
17.1143
11.2095
22.8857
20.5524
19.8381
15.7238
25.1524
11.0762
29.2095
15.8286
31.8
8.04762
36.9333
31.381
26.7333
37.1143
11.381
5.77143
9.9619
11.6381
11.8952
13.6
18.4286
7.86667
6.69524
7.86667
17.7524
9.59048
15.5905
25.9333
7.98095
5.40952
17.7143
15.6476
22.8381
30.0095
27.5619
14.2762
8.52381
14.1048
27.0952
13.1714
19.8762
13.5048
19.3238
10.819
29.1619
8.59048
7.24762
9.42857
9.3619
6.66667
7.78095
13.2762
15.2476
8.4381
26.0286
25.9333
12.0476
15.8952
10.0857
15.4667
18.2857
32.3905
11.9905
12.3333
23.1905
22.5524
23.619
6.71429
16.4476
8.95238
27.7048
20.219
14.781
25.819
16.0762
9.45714
19.0952
13.7429
18.4762
19.9905
31.2381
13.2857
34.9524
19.2476
12.2
8.4
6.32381
15.619
14.6381
21.5238
8.94286
22.5048
6.24762
9.54286
9.25714
14.5524
23.5524
9.00952
24.8
11.3714
21.7048
14.4571
9.26667
7.27619
7.70476
16.3333
4.65714
14.2286
5.14286
14.9238
6.61905
5.06667
5.07619
9.97143
36.3714
18.5619
14.7524
10.8952
10.9429
7.78095
13.6571
17.5429
24.3048
6.42857
8.04762
21.4095
18.4762
17.1429
16.0857
13.7619
14.4476
13.3524
14.3905
18.5524
15.6286
12.5333
14.3619
25.7714
5.75238
6.13333
16.4
7.79048
12.8571
19.2095
41.2
31.5048
13.0762
11.5714
18.8
23.1714
9.57143
7.27619
23.8952
7.6381
20.8095
13.7524
23.6286
13.7143
14.2667
15.8857
11.0762
8.07619
25.7238
17.9048
9.22857
7.12381
13.0667
6.42857
9.24762
12.1143
33.7238
23.8667
23.4667
12.0667
11.1429
10.8762
30.6
9.35238
20.2476
25.3905
16.4476
18.9714
17.419
29.0095
10.3619
13.9238
14.0952
36.5524
18.8
19.9143
27.0476
21.8952
9.79048
12.1048
12.5429
23.5238
6.32381
31.5714
28.2095
20.8476
13.8571
22.4286
8.06667
15.7524
6.90476
23.6762
33.7905
8.66667
6.22857
24.2
13.2381
20.5333
7.40952
18.6857
19.6857
31.6857
16.7429
29.7238
18.5714
21.3714
13.7429
14.7429
24.0571
25.8476
13.6571
7.2
16.2762
14.019
27.8381
15.9238
8.9619
6.44762
8.33333
5.84762
14.7048
9.25714
17.7524
8.69524
16.6095
9.64762
18.1524
12.2476
7.30476
7.75238
22.9048
8.26667
16.8571
6.87619
13.7619
16.9619
10.7143
14.8
13.3714
19.0381
12.8095
16.5333
7.52381
29.3429
4.82857
29.2286
8.6381
8.73333
12.9429
28.8571
25.2667
13.2381
28.0286
17.6571
33.3524
12.6381
20.3238
7.78095
5.97143
7.5619
8.22857
23.9714
9.06667
22.2381
5.81905
5.94286
22.1619
15.4762
11.5143
28.6667
9.35238
8.64762
14.3429
16.781
7.79048
12.3524
15.1429
8.75238
13.2762
16.9429
16.8952
13.4571
11.6286
4.4
6.71429
6.37143
19.6762
14.9429
17.0571
21.0857
16.4762
11.3333
10.6095
15.419
26.4667
13.219
20.0381
12.219
12.7143
20.8667
17.0286
8.29524
11.5429
10
23.7048
5.9619
48.1333
19.0857
9.2
21.0857
7.85714
18.6952
6.34286
7.0381
17.2762
21.219
18.819
14.8
7.51429
12.8952
12.3714
8.27619
22.8286
20.2571
14.2286
10.4952
10.5905
18.0857
13.1238
16.2381
11.981
11.7333
9.81905
6.68571
6.19048
9.97143
9.33333
12.5905
19.7619
33.4
6.78095
10.3429
7.6
17.181
9.97143
10.5524
18
9.99048
10.2857
8.79048
8.1619
6.60952
6.34286
20.5905
9.69524
5.89524
14.1905
15.4571
22.181
4.65714
7.78095
20.2571
14.4857
33.2571
11.0476
13.3429
17.0857
23.2571
29.7619
28.5048
8.48571
15.219
24.7524
16.6952
14.8
39.4571
22.4
14.5048
25.6952
15.0476
6.11429
15.0667
15.1429
11.8286
8.87619
19.4476
14.5619
42.4095
26.1524
14.1333
31.3238
15.6476
29.5333
12.7905
22.1048
18.6571
12.6286
10.781
19.7714
18.5905
16.8381
13.1619
16.5429
10.6952
17.1619
13.4381
10.819
30.0286
4.9619
12.9905
6.12381
11.2381
19.7429
24.2095
14.8286
17.0857
9
17.8095
5.07619
34.4857
24.981
22.6286
29.3905
9.53333
25.1905
13.9524
15.0667
20.3238
12.3143
8.21905
10.419
11.1238
24.9429
19.2667
17.4571
28.3714
9
6.0381
5.33333
22.781
9.45714
15.4286
6.42857
19.4571
16.8
10.4762
18.4476
16.2095
23.4952
15.981
19.4381
4.48571
23.0286
19.3619
17.3905
15.0381
22.619
12.0381
6.89524
10.9905
14.6667
16.6857
28.0857
17.7333
20.8667
24.0571
5.84762
10.6762
20.0286
8.24762
12.7143
13.2762
6.73333
13.7333
8.5619
5.85714
15.6095
6.73333
16.1905
5.74286
17.6667
12.5048
9.21905
19.781
8.27619
14.219
10.1333
22.9048
13.2667
19.419
19.4667
4.6
10.6476
8.6381
19.5238
16.1619
15.2762
21.2857
5.89524
11.4286
15.4
16.2095
11.4857
6.51429
17.1238
10.9429
8.07619
23.8
15.3429
13.0381
16.3143
13.4571
16.6762
10.0286
9.69524
19.8381
27.1143
17.2381
25.0667
14.0762
8.71429
15.1905
9.47619
16.8286
8.06667
20.4667
7.08571
13.4667
27.8476
17.8476
10.8
11.3714
26.8
5.11429
11.7048
14.6381
17.0571
24.1333
12.0286
14.4381
10.5143
9.01905
12.1143
8.54286
14.5333
8.30476
10.3714
8.87619
16.6952
33.6
24.3143
15.3429
34.981
6.93333
9.17143
6.13333
10.6381
26.1143
20.6762
21.819
23.6762
25.3429
20.6286
20.0667
12.7143
16.7619
17.4762
18.181
7.69524
16.7524
16.8381
49.2
15.2476
15.9619
12.6381
7.32381
28.2857
10.4
10.4952
16.1143
25
14.0286
28.2952
4.89524
8.39048
16.2
12.5524
6.58095
20.9048
10.6667
61.4667
20.2857
15.7524
26.3905
12.6381
17.419
16.6286
8.77143
20.6571
5.54286
19
6.18095
18.6476
16.3333
24.0476
23.0762
36.7333
14.1429
5.41905
7.78095
8.99048
22.1143
24.819
10.619
21.8857
5.86667
11.2
25.1333
13.9714
13.019
16.5048
6.22857
9.92381
7.15238
11.8667
12.5143
17.8381
11.5143
17.3238
8.4381
22.6857
8.21905
6.4381
4.75238
8.55238
12.0667
19.7429
9.79048
15.819
13.9524
6.90476
6.79048
5.6
7.0381
7.55238
10.7143
22
28.8571
7.31429
12.5429
13.5524
23.3714
14.0476
12.6
28.0095
7.9619
28.0857
40.8571
22.1714
26.5905
5.86667
8.24762
6.7619
5.79048
26.4952
35.2952
19.3429
26.581
14.9619
32.2857
26.8762
33.9619
18.7905
29.7619
6.84762
30.3905
4.82857
18.381
13.4381
19.0286
19.3905
13.9429
7.14286
17.3619
12.7714
6.10476
9.80952
5.39048
7.00952
13.3048
9.18095
29.3048
7.46667
22.0095
30.5238
8.1619
18.8571
24.3429
16.8095
4.6381
11.4667
15.3143
12.3143
9.69524
6.85714
28.0857
14.619
23.5238
29.1619
36.2286
9.07619
14.3714
13.9619
29.4381
14.3429
11.8667
16.3333
9.4381
17.4
19.5333
12.6095
12.8857
13.7619
60.2762
19.981
7.58095
8.82857
6.62857
16.619
19.6095
7.30476
12.219
6.09524
4.39048
11.6
10.0286
17.219
7.53333
23.4286
18.6571
6.60952
6.14286
11.7048
26.6286
5.74286
13.1619
15.8762
14.3905
15.8
33.8762
20.1714
9.74286
10.7048
5.90476
7.22857
4.75238
12.3905
22.5048
13.8381
16.6095
20.3333
13.4476
9.01905
18.2
14.8667
9.65714
9.51429
26.9143
9.90476
6.79048
16.981
16.6762
11.781
13.9905
6.72381
8.10476
6.26667
6.29524
19.4571
19.8952
12.8381
18.4095
11.6762
29.3333
7.54286
6.62857
8.45714
8.91429
25
18.1619
9.35238
7.53333
6.21905
16.419
11.3905
9.82857
4.81905
7.25714
14.6762
12.981
7.05714
21.6952
13.9238
25.8571
14.2571
8.47619
25.0095
4.93333
25.3238
26.3619
23.619
14.0381
29.5905
8.22857
21.7238
9.34286
18.3048
13.3714
20.5333
14.2381
9.6
15.4476
28.019
28.4381
5.09524
13.7333
21.0286
11.7143
15.7905
12.2667
7.99048
13.9333
4.87619
12.019
13.2667
8.42857
20.2
14.2381
11.7333
7.04762
30.5048
6.82857
6.13333
12.8762
20.581
26.5619
7.14286
14.7429
15.9429
20.7143
31.5524
7.48571
4.53333
23.6667
9.94286
15.3619
13.6952
8.19048
13.4095
34.3714
20.6667
24.9048
8.6381
24.5524
15.4286
17.5619
12.7619
14.4
5.15238
20
8.88571
16.7905
27.5333
9.29524
5.9619
7.14286
6.66667
5.73333
20.7619
18.019
13.0857
11.1238
10.9048
12.2952
16.381
4.65714
5.93333
17.2857
14.1714
13.4857
12.9143
18.4381
6.04762
8.62857
5.47619
13.6571
19.1143
17.5619
9.32381
6.71429
5.02857
9.49524
5.27619
10.2762
5.72381
5.6381
3.73333
15.4286
14.4571
9.67619
15.6
13.0857
8.73333
21.9333
19.2095
8.29524
4.2381
5.05714
13.8286
24.6952
6.93333
14.2476
13.3524
8.48571
13.6
21.8857
5.90476
8.47619
22.1333
15.8286
25.0571
12.8286
9.22857
8.4
9.92381
14.9429
20.8571
10.0095
17.0381
10.9429
4.99048
4.31429
9.2381
14.1524
13.0476
5.62857
7.33333
15.0095
23.0667
5.2381
23.4762
19.6762
4.3619
8.85714
3.24762
31.5714
12.9619
12.9238
24.3524
8.27619
10.6381
18.619
18.781
31.1905
20.6095
16.9429
20.2952
22.6381
10.0762
8.93333
15.019
5.89524
7.26667
10.5524
7.40952
15.6762
5.08571
6.22857
4.48571
11.6476
11.3714
7.32381
13.8857
12.1048
6.55238
21.6286
14.2
10.7238
4.87619
14.2571
26.0571
7.34286
5.31429
16.619
28.019
22.1238
4.0381
10.2095
8.47619
18.5048
5.04762
5.68571
11.5333
4.24762
8.95238
19.9619
10.1048
12.0095
11.5905
15.5524
5.06667
7.69524
11.6476
8.75238
8.47619
13.8571
8.50476
4.64762
16.2476
12.5714
13.5619
4.27619
4.46667
4.58095
12.4667
8
5.6381
23.8095
14.0476
16.5143
3.8
17.5333
5.74286
21.0571
6.09524
5.7619
8.82857
8.92381
6.4
14.4095
11.581
9.82857
6.12381
13.2857
11.4476
7.81905
4.65714
4.05714
25.181
25.4286
12.5905
5.13333
10.6381
11.181
20.7143
17.1905
17.8571
7.26667
26.5619
29.1238
9.49524
11.0952
17.0857
7.64762
14.3524
10.5333
17.6095
6.06667
19.9905
8.18095
8.97143
4.92381
4.61905
6.38095
17.7429
5.60952
11.9333
9
7.93333
16.019
53.7048
10.0476
6.69524
6.26667
16.1905
5.97143
13.1333
6.05714
15.6762
4.35238
17.381
19.6667
11.6762
29.2381
10.2857
8.08571
11.3429
8.22857
3.53333
13.7619
10.4952
14.1714
9.57143
26.9143
16.7333
4.49524
26.7619
5.95238
15.6762
3.86667
5.21905
10.4952
12.3238
15.3429
4.3619
10.6
17.0952
18.6095
9.87619
8.34286
11.419
15.5619
13.981
16.1524
15.0857
7.72381
5.21905
24.0857
28.1429
14.4
6.98095
25.5143
7.74286
11.8095
3.53333
40.8
5.14286
24.1429
5.32381
16.8
13.3524
42.9714
4.59048
10.9429
4.0381
10.1429
19.6286
23.419
7.11429
5.73333
31.0762
12.4381
5.40952
21.2
19.2952
14.5048
14.8476
9.94286
14.9714
7.91429
18.4
25.781
31.2095
12.2571
14.7143
5.88571
4.45714
11.7143
9.58095
17.7905
13.619
8.34286
3.95238
4.91429
4.99048
15.1143
5.7619
22.1238
4.74286
16.5905
10.8571
20.5905
9.73333
17.7905
25.9619
13.8
4.73333
15.8857
15.4381
6.69524
6.04762
3.15238
11.9429
14.6762
13.4095
20.5333
4.26667
19.581
6.62857
3.49524
15
6.24762
6.48571
28.6762
4.54286
5.30476
3.84762
5.1619
5.6
6.75238
10.0571
5.9619
3.97143
6.14286
7.92381
7.71429
15.0952
11.1143
3.53333
13.8
19.4
4.38095
11.8571
20.4571
6.70476
12.381
3.81905
22.6381
11.0857
6.0381
17.4667
5.25714
9.94286
15.5524
3.94286
18.0952
9.3619
18.7619
15.5619
14.2286
20.5429
27.8
4.49524
21.3333
10.5714
14.8571
26.4857
23.4857
13.3048
6.61905
13.7905
3.22857
3.8
3.99048
11.1905
20
3.47619
13.4952
3.97143
33.8952
16.2762
22.3429
17.5905
21.0667
42.9238
5.14286
14.3143
5.2
10.6095
15.1238
14.9333
5.02857
21.819
5
7.13333
10.1714
11.6381
30.5143
25.9714
15.6952
10.6381
96.6952
21.4381
13.4857
4.19048
4.15238
4.09524
6.47619
15.3429
16.9714
15.3619
20.381
18.8381
5.4
15.9333
6.02857
7.32381
4.00952
4.70476
23.8857
6.59048
20.5714
12.9143
16.981
12.4667
19.8
9.78095
9.57143
10.2857
8.77143
3.50476
17.1143
16.8857
27.1143
5.04762
6.19048
12.7048
10.4476
15.8571
7.40952
11.2381
12.3714
15.3143
21.4095
6.17143
3.78095
13.4286
10.9238
4.18095
20.819
6.42857
27.5524
14.4571
10.9333
5.5619
22.5524
6.7619
12.9714
8.21905
5.35238
15.5619
11.2476
11.7333
11.9619
20.7333
15.3048
11.4762
5.5619
13.1238
18.1619
14.5905
10.419
23.4571
16.0095
4.54286
12.5429
3.29524
19.0095
10.4571
17.5143
4.86667
5.84762
11.2571
9.19048
4.17143
4.64762
3.62857
14.3524
10.2476
6.25714
12.6286
15.9905
11.2286
8.33333
9.20952
9.82857
7.90476
4.90476
15.8857
11.4667
4.39048
7.46667
8.26667
4.38095
22.6286
21.5143
9.37143
10.7143
7.21905
27.2857
3.86667
16.1619
11.4952
18.4762
13.8571
16.8857
9.38095
8.94286
12.2667
8.05714
3.25714
31.5905
28.7524
16.4667
15.5048
11.6857
24.3048
24.0286
11.0095
18.9619
33.1238
6.92381
17.6
20.2667
9.07619
10.7333
16.7048
4.6381
5.84762
20.3048
4.52381
6.15238
5.79048
21.019
6.87619
15.7048
7.35238
7
14.6
8.17143
6.68571
8.29524
5.90476
12.0286
17.619
4.41905
4.22857
7.54286
12.3238
5.2
9.25714
6.65714
16.581
4.42857
4.32381
3.57143
14.819
4.91429
4.22857
7.47619
3.85714
5.37143
6.85714
10.9714
7.41905
11.2571
12.8095
23.1048
12.2952
11.6095
9.69524
9.84762
20.6667
7.71429
6.02857
5.92381
3.91429
8.84762
8.85714
6.7619
24.5524
31.0571
9.21905
4.59048
21.9143
10.6762
11.2286
9.6381
5.60952
4.13333
5.40952
9.6381
14.8762
30.0286
4.02857
19.0381
19.2476
19.8667
11.6
13.9429
11.1905
25.1905
27.1714
4.50476
5.5619
4.10476
15.9238
12.4667
9.20952
11.3524
15.4
16.0095
3.51429
10.1143
11.781
4.77143
4.11429
15.6
18.9905
4.80952
34.7619
9.40952
17.4
22.7714
13.2571
21.6857
6.87619
12.219
3.98095
6.31429
6.31429
11.3524
23.8095
6.70476
15.2095
15.419
4.77143
5.46667
3.27619
12.9429
14.9238
11.8952
10.8095
18.0667
4.8
6.59048
5.97143
10.7048
29.1619
10.8476
8.72381
10.1905
13.9143
15.4095
6.50476
6.66667
13.019
5.55238
14.381
8.95238
6.07619
30.1429
12.8571
7.13333
5.73333
11.1333
7.06667
20.6571
24.1333
5.22857
4.38095
5.44762
6.61905
12.7333
6.2381
9.07619
4.07619
16.619
9.13333
12.9333
6.04762
15.9238
5.41905
5.59048
7.34286
11.9333
4.74286
4.08571
10.0286
20.0857
14.9714
4.27619
7.70476
13.3619
5.01905
6.75238
6.45714
23.5333
5.82857
5.55238
7.41905
11.2857
19.0381
9.74286
12.1524
8.94286
22.6
4.9619
11.6571
26.0762
4.19048
17.8286
4.28571
11.0667
8.6
5.09524
10.8571
4.67619
13.4857
15.7524
5.44762
4.57143
3.97143
24.0571
16.2952
10.0857
6.02857
20.8762
6.10476
9.05714
16.7143
12.6667
4.30476
3.46667
8.75238
3.53333
5.00952
32.3524
4.07619
23.2571
5.21905
34.7143
7.52381
13.6667
14.5714
8.55238
5.15238
3.6
4.7619
25.6571
17.0952
15.0667
14.5238
3.44762
11.1524
20.3905
4.51429
16.1048
24.5333
6.69524
16.7333
6.33333
15.2952
24.6667
10.4095
6.18095
16.7238
17.7619
9.85714
38.2286
19.5238
10.9905
3.98095
5.15238
4.05714
3.87619
9.59048
25.5429
7.30476
6.32381
5.77143
4.2
4.32381
3.73333
15.1524
6.04762
4.55238
16.619
4.20952
23.7048
24.6381
13.7048
19.0476
11.5429
4.51429
9.97143
4.22857
20.2571
8.92381
11.1143
5.08571
12.8286
14.3714
4.1619
5.2
3.84762
11.0381
17.7143
6.55238
13.7524
5.95238
27.019
18.981
3.55238
6.28571
9.8381
16.219
16.7524
12.0571
15.5714
14.2286
6.87619
13.219
20.419
12.6
5.4
18.4571
9
4.66667
5.46667
8.29524
7.12381
4
5.12381
13.0095
17.8571
5.04762
3.73333
16.6857
17.5238
18.6857
15.9429
18.2857
22.7905
17.7905
11.8857
26.8762
10.2762
5.94286
5.2381
3.70476
5.52381
19.3714
4.37143
4.33333
4.27619
20.1714
16.3524
9.4381
22.9429
13.7524
8.65714
19.4381
7.51429
8.74286
13.3524
4.35238
8.31429
8.05714
11.9333
9.6
8.55238
24.9238
16.4286
9.66667
16.8762
19.1905
3.49524
14.3429
16.5619
4.45714
17.8286
13.3238
23.7524
8.31429
22.819
5.64762
11.8667
15.6857
13.5524
9.7619
11.3524
4.75238
7.40952
9.3619
29.7238
18.5048
4.20952
9.94286
12.6571
9.38095
17.6095
13.7048
24.4095
26.8667
21.7238
18.381
14.7238
20.981
18.4762
8.0381
17.0095
15.3714
7.30476
19.8762
19.6952
19.5619
12.1619
8.17143
5.28571
18.219
23.3619
20.2476
4.90476
12.8762
7.08571
4.22857
7.9619
15.9905
3.78095
5.60952
22.7905
17.6571
20.581
5.84762
4.70476
4.5619
12.4857
6.41905
4.52381
10.8
5.01905
4.8
6.37143
6.19048
10.0571
11.1429
13.5429
12.5238
15.9429
12.1619
42.7714
8.95238
7.06667
14.4857
6.7619
4.12381
3.30476
17.781
11.6667
8.19048
3.64762
8.46667
6.59048
3.9619
7.89524
7.69524
9.41905
4.60952
9.02857
10.6952
7.09524
3.65714
10.8762
9
15.5905
13.4762
16.0476
15.2095
9.72381
23.8381
10.5905
16.8095
5.04762
12.9524
6.68571
4.48571
7.71429
24.9143
8.08571
3.65714
4.10476
6.00952
11.5048
3.60952
4.78095
23.1048
18.781
15.0095
10.5429
5.01905
10.6762
10.8286
15.1524
8.61905
16.0095
9.12381
8.45714
5.8
24.1143
4.8
10.781
15.3524
12.7619
14.2476
12.0762
14.019
19.381
4.04762
11.8286
14.5714
14.3905
3.91429
9.87619
9.30476
24.4
14.5143
3.62857
25.9143
4.88571
4.75238
5.69524
4.99048
8.06667
19.7524
11.3524
9.13333
12.3524
7.51429
12.2381
22.7048
14.9905
20.3905
5.39048
5.67619
3.97143
13.9905
15.6667
18.7905
8.65714
5.55238
12.3143
3.79048
18.7524
9.58095
13.9429
4.47619
23.8381
24.2286
14.9333
9.61905
10.0762
12.5524
6.33333
3.39048
12.419
10.8
13.4381
10.9238
18.4762
3.48571
11.2857
30.3048
4.4381
12.1143
9.26667
3.85714
14.6952
26.3429
5.8381
10.8095
25.1714
9.82857
16.0286
18.6476
18.0381
4.71429
5.1619
5.47619
10.1905
5.48571
6.66667
11.7238
34.7905
6.27619
16.1143
10.9524
9.10476
5.12381
19.3048
38.7905
17.8762
13.4762
17.5619
17.781
8.28571
16.3714
28.7429
18.8
12.1143
16.419
16.2952
19.3238
9.74286
17.9143
22.3429
9.67619
13.4571
5.12381
12.2286
31.6476
8.04762
21.4762
25.4476
11.1714
15.1429
31.6857
11
8.72381
12.981
14.4667
7.31429
11.9048
15.981
22.0095
11.4476
10.2952
29.6095
5.04762
12.4381
7.67619
21.9143
10.6476
5.24762
4.41905
17.2667
8.2
14.019
6.13333
30.9143
25.2095
9.62857
5.27619
14.4667
14.6762
4.72381
19.8857
12.3143
3.87619
10.7333
12.4286
4.58095
23.1143
8.52381
8.82857
9.37143
4.26667
12.5429
14.4762
26.9048
20.2095
6.8
3.75238
11.0476
27.4667
6.01905
20.5048
5.41905
5.65714
25.2667
6.89524
6.32381
33.0762
13.4095
11.0571
25.0762
19.2381
11.181
7.40952
14.981
22.181
26.2571
9.06667
9.38095
11.5143
19.0762
18.6476
7.2381
9
19.1429
14.2952
4.87619
6.99048
10.9619
3.93333
18.3333
6.35238
13.6286
22.1429
20
21.6381
14.4857
5.32381
15.2952
7.94286
10.7429
8.25714
25.2762
17
12.0952
7.3619
5.20952
6.10476
3.81905
9.88571
14.4667
12.6476
4.79048
14.0667
5.0381
11.0667
5.02857
5.41905
8.53333
11.8762
14.9429
15.9333
10.5429
4.54286
20.219
4.24762
23.1714
4.94286
19.5143
25.4381
10.8286
6.32381
28.8762
17.581
4.13333
4.34286
12.2
21.1714
23.1238
4.55238
12.5524
4.9619
26.9143
13.819
28.1905
12.2762
22.5429
7.27619
4.89524
13.6476
4.05714
13.181
21.5429
11.7619
15.0095
8.10476
22.6476
10.9048
7.49524
4.11429
26.6476
15.6
6.97143
13.819
17.619
4.3619
6.34286
9.87619
11.6286
5.14286
27.7333
17.8286
3.67619
11.8762
18.5238
15.6667
8.28571
21.7238
10.1714
5.9619
7.08571
13.9714
12.7333
8.28571
16.181
4.95238
20.5429
15
15.219
9.82857
4.06667
17.9905
13.5714
3.85714
13.0476
20.4095
17.8476
4.35238
10.6667
4.73333
18.019
5.68571
17.8667
12.8762
12.2667
6.1619
12.7143
4.52381
17.2476
5.74286
24.8952
16.8571
6.08571
5.62857
16.2857
4.92381
13.2857
25.9333
9.5619
3.4381
7.24762
9.62857
16.7714
13.7143
7.44762
14.3429
5.31429
7.90476
28.3619
17.9143
23.3429
18.9333
8.15238
4.20952
7.81905
27.7905
6.3619
10.7429
4.35238
8.13333
25.6
10.019
3.91429
11.1905
6.10476
20.9238
7.64762
13.3429
21.6381
11.9619
10.7429
13.181
17.9619
7.57143
12.8
14.4095
4.2381
5.45714
5.28571
7.30476
13.4286
13.1429
4.45714
13.4381
14.2381
5.37143
4.21905
10.1524
7.8
4.32381
5.14286
10.2381
14.3714
7.01905
6.02857
13.9333
13.2095
7.20952
6.33333
20.5238
15.2571
5.40952
3.41905
4.47619
18.219
4.75238
5.6
16.6095
3.48571
6.67619
4.2
29.6667
3.92381
6.35238
16.4571
4.81905
8.72381
10.5429
15.7048
8.1619
10.2857
10.0381
21.4857
9.92381
18.019
11.7143
14.1714
30.4667
13.3238
7.75238
24.5143
23.2952
11.3714
10.7905
5.40952
6.10476
10.4
9.64762
14.0857
5.26667
5.66667
12.5048
12.8381
19.0667
9.08571
8.59048
11.5143
8.5619
19.5238
5.12381
4.88571
22.1429
11.019
13.4286
16.2286
9.89524
18.3143
15.9619
3.92381
4.9619
11.5524
15.8762
4.65714
3.30476
21.7238
34.0857
11.5619
15.981
38.3714
22.3429
11.9524
3.94286
3.81905
6.46667
12.2476
9.02857
13.0476
5.12381
8.42857
10.5524
29.0476
17.2762
13.4857
15.7048
6.32381
6.19048
17.3905
15.8857
30.6667
25.2571
10.5905
9.32381
20.2095
13.5524
13.0286
13.8381
4.74286
4.79048
5.47619
5.17143
9.00952
4.29524
6.30476
25.4286
15.7524
16.2857
26.5429
8.8381
18.8095
4.06667
14.7238
20.6286
13.1905
8.50476
20.5048
16.3619
5
7.31429
18.381
25.4
6.17143
10.6667
4.87619
18.4
3.25714
4.53333
10.981
10.4
10.0476
4.11429
14.7714
16.3048
4.67619
5.01905
4.30476
17.8857
8.6381
9.85714
5.28571
3.71429
7.74286
9.82857
9.99048
18.2667
10.9238
6.00952
23.7143
17.2857
4.11429
28.6381
19.1429
9.32381
6.99048
18.619
15.0667
13.7905
13.3524
15.7714
7.2381
12.0476
19.1524
3.78095
16.2667
11.2
13.6476
14.2286
10.8286
6.30476
18.0857
28.0571
4.52381
20.5238
5.47619
5.46667
14.3048
10.219
16.5143
4.35238
6.72381
14.1429
17.0952
20.419
22.381
12.9333
5.09524
4.81905
19.9714
5.46667
4.70476
10.8476
8.34286
23.0095
5.32381
27.4762
3.1619
8.74286
15.6762
8.1619
7.24762
13.8
11.1714
12.6667
10.3619
16.5429
4.39048
10.8095
27.6286
4.94286
17.6286
19.6286
6.99048
22.1619
15.8476
12.0571
14.7905
6.4
20.3238
6.05714
12.3714
16.5429
10.5524
4.65714
12.4
32.2095
14.9048
20.4762
13.3714
7.45714
22.3238
4.2381
9.85714
4.22857
10.6762
5.49524
23.7048
7.01905
11.8571
4.52381
3.28571
4.74286
9.65714
12.4857
11.3619
24.6476
10.1333
11.3619
6.49524
21.7048
16.5238
7.01905
10.0571
25.9524
14.5333
4.59048
9.6
19.1619
5.8
7.74286
15.9333
4.32381
9.14286
13.6571
22.3905
7.35238
15.7238
9.07619
9.26667
32.8476
14.7905
4.01905
17.2381
6.59048
5.8381
11.8857
5.61905
26.5048
8.09524
7.04762
3.50476
16.1619
21.4857
10.581
10.7333
9.6
25.0667
6.11429
6.38095
5.44762
6.3619
13.0286
5.65714
20.2952
9.5619
3.8
4.5619
6.25714
26.0571
12.2095
9.6381
5.7619
5.6
16.7524
7.93333
6.8381
10.8
4.98095
4.65714
23.8667
3.67619
15.9429
6.89524
18.8571
20.619
11.0762
13.4857
9.34286
29.6476
21.3333
6.64762
15.8476
3.74286
22.2857
15.2286
8.0381
13.2667
25.8571
4.84762
32.9619
9.60952
12.6952
5.1619
10.181
3.8
9.92381
23.4571
14.0571
21.1143
21.7524
5.4381
12.7619
5.40952
19.6381
18.5333
5.41905
4.80952
6.21905
10.4
14.9619
28.6381
15.4762
27.1619
21.2286
6.4
10.6857
19.1524
9.45714
26.8667
16.7714
23.8571
13.8476
5.6
7.78095
11.6476
9.89524
10.2286
19.6
9
11.0857
19.3905
6.19048
7.06667
16.4952
18.1048
5.71429
19.4381
7.51429
21.3619
9.02857
12.4381
10.0762
10.2476
12.0476
19.3905
14.819
14.581
5.74286
22.2095
20.7429
18.4952
18.9429
17.981
16.6667
16.2762
4.14286
21.6095
9.78095
25.7714
6.2
5.79048
6.67619
12.1714
8.52381
12.1905
10.9238
12.4
5.20952
6.6
10.019
15.2667
16.2476
3.71429
25.819
16.2
19.7524
19.0381
9.87619
6.54286
4.60952
8.3619
3.92381
14.3333
7.86667
15.9524
15.6381
3.99048
3.85714
5.75238
8.07619
5.38095
14.9429
27.181
18.2762
9.42857
28.6571
12.3238
9.51429
8.34286
12.3905
14.4476
25.8476
9.87619
13.4762
15.4
5.45714
11.3143
5.78095
17.4
14.5048
7.82857
5.79048
17.219
12.1619
4.24762
6.11429
9.33333
13.619
4.42857
14.8286
6.53333
5.25714
5.27619
13.4952
4.86667
8.6
19.981
6.45714
7.54286
17.781
11.5619
11.4952
15.981
23.5714
13.6857
13.819
14.0762
14.5238
3.89524
10.4286
10.9238
6.4381
5.00952
17.5524
11.219
11.619
4.77143
17.3619
14.9429
17.9429
9.98095
14.4571
24.0667
25.619
9.14286
11.619
5.78095
15.7524
18.8095
12.8667
7.74286
3.82857
10.6762
9.97143
5.74286
7.92381
29.0952
22.6952
22.0381
11.6095
3.33333
19.4
4.33333
6.00952
8.06667
28.8
14.419
9.09524
4.64762
19.2762
7.8
10.2381
19.5143
7.11429
16.819
4.6
27.9429
4.09524
17.419
3.60952
12.7238
9.58095
16.3048
6.44762
15.581
7.09524
16.6857
5.84762
21.8952
14.6952
4.07619
13.6286
24.5905
16.5524
10.0952
3.31429
24.2286
6.15238
10.6762
8.97143
6.32381
6.10476
6.52381
15.4095
12.2286
15.6
4.6381
11.181
4.17143
11.6571
10.381
10.4857
29.1048
21.0952
24.8
4.82857
7.61905
3.65714
24.7524
4.58095
5.24762
18.981
4.32381
4.7619
8.88571
17.7333
6.97143
4.81905
3.22857
13.9333
7.54286
5.44762
14.1048
7.69524
13.981
9.3619
13.4571
4.85714
4.41905
14.4667
6.13333
10.6762
21.8857
13.3143
7.90476
8.09524
9.04762
3.89524
20.8476
19.819
12.2286
10.4762
4.60952
6.88571
4.2381
17.8095
4.05714
53.3048
5.45714
10
20.8857
10.7333
5.6
19.5429
8.70476
16.619
3.48571
16.3714
13.6
13.1238
4.91429
8.57143
5.10476
5.27619
8.00952
10.5905
4.70476
15.3048
7.04762
8.42857
4.86667
9.21905
17.5619
21.819
13.5333
10.2
7.66667
5.12381
7.02857
12.6667
4.42857
10.7524
9.67619
16.8381
28.0476
9.00952
19.1524
20.6857
3.59048
9.61905
11.3714
19.0571
5.26667
19.0667
12.8857
7.32381
22.7619
17.5619
4.12381
7.84762
13.6476
5.6
13.7048
3.7619
4.30476
12.419
16.3714
9.65714
10.2667
17.3619
16.0857
13.8286
29.8
4.97143
12.3905
7.77143
21.2952
5.37143
16.4476
11.8286
10.2381
9.27619
9.13333
16.1905
18.1238
8.71429
8.77143
6.64762
24.8
16.0762
12.4476
19.0381
21.2
10.3619
5.47619
5.49524
22.4
21.6381
16.3619
9.57143
13.0857
12.7238
10.981
12.5619
4.41905
4.22857
20.3048
25.8
6.50476
3.99048
4.73333
4.19048
4.48571
20.9905
5.62857
12.8952
15.0667
13.3333
22.7619
11.8286
6.4381
19.0667
14.381
4.5619
6.07619
13.1333
3.99048
4.89524
25.9048
8.37143
19.4571
6.87619
4.44762
7.65714
4.8
11.1238
4.10476
23.3524
3.74286
17.619
8.88571
15.419
14.4381
12.7714
6.73333
10.7905
4.45714
12.3333
26.2095
17.581
8.29524
6.72381
24.2286
21.8857
3.79048
5.77143
3.87619
10.9619
13.3905
7.92381
5.04762
10.9714
18.381
19.4476
16.8095
7.90476
3.66667
7.25714
8.44762
16.8
5.49524
14.1905
11.1619
11.6381
18.3619
12.3048
9.44762
17.5333
23.1429
12.6381
11.6095
23.5905
22.8381
14.1714
15.8286
12.1714
11.6571
7.85714
10.781
11.7143
9.88571
26.1429
22.3333
19.6952
10.2857
17.4
10.5905
12.3714
10.2857
9.15238
9.30476
10.0762
33.4286
19.581
5.62857
4.88571
11.6
16.0952
23.4762
11.6
15.0762
21.1524
7.71429
12.6952
8.20952
11.1905
14.8857
11.1905
7.54286
7.4
3.21905
3.22857
21.4667
13.3524
4.31429
13.819
8.08571
8.45714
22.8952
20.9238
19.181
9.58095
11.2381
8.17143
7.37143
12.1143
9.81905
12.1333
24.0952
8.44762
13.6762
10.3238
7.33333
16.1905
5.17143
7.37143
4.2381
12.3714
5.84762
12.9905
3.40952
5.09524
5.2
6.34286
6.10476
5.40952
7.81905
11.5714
6.00952
17.2
17.7524
16.181
15.8286
23.7143
18.9619
25.6667
15.0476
21.7238
26.6667
8.18095
14.819
15.9714
5.49524
15.1619
6.06667
12.7333
21.2381
31.3714
5.82857
18.181
4.75238
18.5905
16.7238
4.28571
23.0762
7.18095
10.6095
10.419
14.0095
17.1905
19.019
9.17143
18.019
6.4381
4.86667
14.6952
14.6667
10.4286
7.55238
5.21905
27.3619
6.05714
30.7333
18.7429
4.55238
10.2857
25.7619
16.2
8.50476
11.9238
12.8
24.4476
11.5619
5.0381
10.0381
20.8571
15.619
25.2667
13.2667
18.4952
17.7238
23.5619
7.9619
12.3714
16.2286
4.42857
4.90476
9.48571
4.17143
13.9333
4.65714
8.7619
18.1333
12.2286
4.79048
9.24762
4.10476
16.7714
17.9429
12.6095
4.81905
3.93333
3.55238
18.7429
11.5905
28.3905
15.2381
5.10476
4.25714
12.5714
19.6571
18.2381
13.581
13.5048
5.39048
5.75238
10.7238
6.58095
4.5619
4.34286
5.79048
13.2952
6.20952
5.38095
9.21905
19.9619
19.9905
8.69524
9.19048
5.8
7.75238
5.62857
11.1714
19.8857
20.0571
12.2095
8.8381
5.12381
3.75238
8.32381
10.8286
28.9238
18.8952
4.70476
15.0571
21.3905
13.7333
10.7714
15.5333
11.6571
6.05714
17.581
19.4095
3.14286
15.0476
5.60952
8.09524
15.4571
12.4762
5.71429
4.17143
11.8762
18.3714
5.58095
10.6381
5.95238
9.70476
6.20952
9.10476
31.1143
27.2667
8.50476
21.8667
8.34286
14.1905
13.6286
8.52381
17.4762
17.2952
5.44762
20.2667
9.50476
9.6381
4.53333
2.95238
2.64762
9.35238
2.10476
6.62857
9.20952
5.78095
2.12381
9.13333
3.95238
6.13333
3.69524
9.4
16.1143
3.08571
7.08571
7.05714
4.7619
3.51429
2.80952
9.64762
14.2571
3.87619
27.1333
3.86667
2.10476
2.45714
4.54286
10.5143
3.69524
7.55238
6
2.97143
2.3619
4.82857
8.48571
2.47619
3.78095
6.06667
3.66667
3.30476
8.19048
13.1048
5.66667
7.14286
4.48571
2.06667
14.2
3.81905
13.9619
4.14286
11.0762
3.54286
3.26667
2.2
8.92381
3.22857
3.30476
18.1714
3.30476
27.6667
69.0952
7.59048
16.8952
4.91429
9.47619
3.28571
13.1619
20.9048
2.77143
3.18095
2.21905
3.94286
2.15238
7.71429
2.01905
2.4381
11.0667
2.74286
2
3.5619
8.66667
3.41905
13
19.6952
27.7429
24.6286
12.0857
3.33333
19.8095
2.29524
6.54286
6.94286
11.6286
23.9524
3.04762
4.68571
4.80952
13.9619
6.20952
4.55238
4.55238
15.5143
2.48571
3.57143
6.84762
8.93333
5.01905
2.65714
2.98095
2.85714
2.52381
4.50476
11.4762
8.38095
3.37143
2.42857
9.91429
9.59048
13.5048
3.60952
6.52381
8.39048
16.6857
1.55238
10.2857
1.66667
12.6857
15.5429
1.72381
7.34286
3.87619
1.13333
1.33333
1.6381
9.55238
8
2.38095
10.8857
1.15238
6.75238
1.33333
1.01905
15.181
5.39048
1.3619
1.50476
6.32381
10.6762
4.67619
13.8286
1.27619
1.81905
1.78095
1.78095
1
1.10476
2.81905
22.9238
1.69524
2.7619
3.82857
1.80952
10.219
1.28571
10.8
17.8286
9.06667
1.01905
2.60952
11.4571
3.09524
1.2381
2.38095
1
15.381
12.7524
2.30476
1.04762
9.3619
1.49524
1.10476
1.91429
12.0095
5.62857
5.72381
6.72381
1.14286
1.20952
1.68571
3.68571
7.53333
13.8381
1.91429
6.87619
4.1619
1.45714
1.59048
1.22857
3.20952
4.28571
1
1.92381
1.42857
1.42857
13.7238
1.85714
2.24762
1.1619
1.99048
2.00952
1.79048
1.5619
21.2667
3.09524
2.1619
14.3714
15.0095
8.65714
9.22857
1.18095
11.3429
1.2381
1.18095
8.92381
15.1524
2.29524
1.51429
12.9619
1.15238
1.82857
17.8476
1.22857
1.0381
1.06667
1.19048
7.06667
12
1.20952
10.5524
1.30476
1.12381
17.7714
1.8
15.2476
1.53333
1.20952
1.4381
9.8
1.60952
4.95238
13.9143
1.6
2.58095
1.25714
1.46667
6.10476
1.4
1.04762
4.70476
1.22857
2.19048
11.7333
1.18095
11.4952
1.51429
5.57143
1.75238
3.21905
1.30476
19.2952
8.86667
2.70476
1.82857
12.1619
11.819
9.71429
2.41905
1.6381
1.5619
2.48571
1.66667
1.40952
2.82857
1
1.54286
7.80952
8.40952
1.14286
3.01905
1.14286
11
15.9048
1.44762
1
1.62857
12.1524
11.2762
4.40952
1.57143
11.8
1.54286
1.5619
1.7619
1.5619
1.58095
1.68571
1.05714
1.26667
11.2
7.73333
9.81905
1.45714
1.48571
1.09524
1.47619
9.77143
11.0095
8.25714
1.07619
13.6952
1.78095
11.0381
12.0762
1.39048
1.33333
1.4381
3.54286
1.0381
1.09524
11.4476
11.7714
1
1.40952
1.17143
1.37143
2.27619
2.40952
13.2571
1.01905
6.37143
12.5238
1.0381
1.53333
1.30476
1
9.92381
1.37143
1.12381
1.44762
1.92381
1.46667
2.4381
2.80952
1.18095
5.71429
1.6
1.6
1.34286
2.51429
4.21905
1.10476
1.51429
4.64762
2.98095
1
10
1.34286
3.28571
1.0381
1.45714
1.17143
1.55238
2.41905
19.0571
1.07619
1.30476
1.5619
1.0381
1.14286
2
1
1.05714
1
1.14286
3.05714
1.41905
1.00952
1.05714
26.3429
1.87619
1.89524
2.73333
6.35238
14.6952
1
1.39048
1.22857
17.0571
1.09524
11.0476
14.5429
2.19048
4.87619
2.87619
1.35238
1.90476
1.44762
6.18095
7.2381
3.42857
1.92381
5.89524
7.06667
1.05714
6.32381
1.71429
10.9905
13.2286
7.31429
11.4857
19.6
13.4762
13.3333
2.01905
1
2.0381
9.5619
1
1.52381
3.14286
1.13333
1
3.26667
11.0476
5.93333
1.8
1.66667
15.5429
13.8286
1.33333
1.55238
15.8952
1.61905
1.19048
1.71429
11.0571
3.18095
1.11429
10.2286
15.3048
1.31429
13.7905
15.5238
1.07619
12.8952
10.619
1
16.7524
14.4095
10.7714
3.40952
2.02857
1.0381
1.91429
12.2952
1
1.13333
5.75238
1.19048
1.02857
2.57143
3.71429
1.99048
1.1619
2.91429
9.9619
9.64762
1.20952
17.381
8.90476
3.25714
1.65714
3.71429
1
1.33333
1.00952
3.58095
1.53333
8.48571
13.9143
14.3619
9.1619
1.21905
1.81905
2.42857
9.73333
2.65714
2.07619
3.19048
14.5333
1.17143
6.28571
10.1714
7.29524
9.17143
2.15238
11.3429
1.13333
13.3524
9.54286
1.28571
3.72381
2.85714
9.30476
11.4095
1
2.01905
14.4
3.13333
1.62857
3.08571
15.0571
16.1238
1.81905
2.89524
1.35238
1.18095
1.26667
12.4762
14.3048
6.5619
1.07619
2.48571
2.53333
1.61905
10.9333
5.04762
7.42857
11.7143
1.0381
1.05714
11.981
1.25714
1.20952
1.88571
2.89524
2.53333
18.9905
13.0095
9.37143
1.90476
11.781
2.06667
10.2286
11.6857
1.49524
13.3619
21.5714
5.73333
1.60952
1.02857
1
2.48571
1.50476
3.09524
2.57143
9.86667
3.30476
2.04762
10.7333
2.02857
1.04762
1.9619
1.82857
1.6381
10.3048
1.48571
1.22857
1.53333
1.37143
1.49524
10.2095
1.39048
1.89524
15.3905
19.4095
2.30476
1.59048
2.2381
1.02857
1.45714
13.8095
4.06667
15.8857
1.30476
1.80952
11.8381
2.32381
1.77143
12.3619
13.5905
1.52381
9.02857
1.21905
1.38095
1.38095
4.34286
2.0381
2.26667
9.55238
1
2.13333
14.7905
1.61905
1.79048
14.0381
1.94286
9.05714
1.04762
2.81905
2.15238
1.70476
1.33333
10.5143
2.69524
9.10476
16.4952
11.7524
1.12381
1.18095
12.6095
1.00952
1.59048
18.219
8.28571
1.80952
1.69524
14.8286
8.81905
2.15238
7
9.05714
2.40952
10.1143
1.28571
1.94286
2.90476
2.82857
2.08571
1
1.30476
3.1619
4
2.26667
1.30476
1.18095
9
11.7429
1.02857
1
2.58095
1.6
1.54286
1.28571
12.5905
1.66667
1.75238
1.48571
1.51429
11.581
14.581
15.9714
8.73333
1.24762
1.93333
16.3524
1.18095
8.06667
1.92381
9.52381
7.1619
21.219
1.06667
8.73333
1.14286
1.58095
2.38095
1.1619
2.28571
12.2095
1.74286
1
1.82857
18.1143
1
1.29524
1.41905
1.30476
15.3619
1.34286
2.69524
1.94286
1.61905
1.71429
11.781
1.09524
1.31429
1.2
1.35238
1.31429
1
8.75238
1.07619
14.3714
1.4
7.55238
1.02857
10.8286
1.4
6.04762
11.7905
11.4
1.50476
2.62857
3.41905
11.4857
1.00952
1.02857
1.99048
1.4381
1.30476
1.39048
16.5524
2.65714
1.00952
1.32381
1.66667
7.25714
1
18.6476
1.1619
1.28571
1.67619
1.62857
1
6.99048
2.46667
3
1.2
1.52381
2.14286
18.3429
1.86667
8.26667
16.2
1.12381
12.3238
1.32381
2.69524
3.61905
5.68571
2.84762
1.02857
2.35238
1.30476
1.4
17.6381
1.22857
11.9905
1.71429
13.2667
1.2381
1.26667
1.04762
1.74286
1.01905
5.71429
13.381
1.72381
1.54286
1.61905
1.64762
13.2667
13.3333
2
4.65714
10.9238
1.1619
1.19048
1.92381
1.02857
3.27619
1.0381
9.77143
1.14286
10.1619
7.90476
10.0095
3.20952
1.6
12.0381
1.80952
14.381
1.18095
1.74286
14.1619
2.01905
2.32381
3.1619
11.3905
17.0667
2.15238
1.0381
9.79048
16.7238
1.52381
1.39048
1.08571
1.28571
17.5429
3.06667
11.0667
6.84762
1.52381
3.35238
1.09524
13.2571
1.45714
1.97143
13
1.40952
1.5619
15.019
1.1619
13.4857
2.48571
1.37143
1.37143
3.93333
10.2381
1.99048
8.31429
8.01905
10.9048
20.5238
8.13333
3.0381
2.07619
1.72381
2.55238
4.24762
1.28571
1.33333
8.10476
1
6.33333
11.4762
2.72381
1.08571
1.88571
1.97143
1.37143
9.62857
1.11429
10.781
7.34286
1.54286
1.59048
16.9619
13.3333
8.74286
1.29524
2.13333
2.01905
2.32381
1.13333
2.88571
7.61905
2.80952
13.6286
1.0381
3.81905
1.93333
3.33333
9.29524
9.28571
1.55238
1.0381
2.71429
1.65714
13.5905
1.50476
1.7619
1.74286
1.6
1
1.42857
1.84762
1.54286
9.71429
1.49524
8.09524
3.5619
12.2476
1
2.08571
1.20952
10.4667
1.28571
1.25714
3.73333
1
7.81905
1.8
1.12381
1.01905
5.17143
11.4571
6.41905
1.82857
5.6381
5.89524
1.98095
1
2.82857
15.7524
1.4381
1.86667
1.32381
1
13.0286
1
7.62857
1.19048
1.68571
2.35238
1.4
12.6476
8.72381
1.51429
2
1.00952
1.86667
2.64762
1
1.19048
15.3238
1.05714
1
1.48571
1
11.1524
1.50476
1.02857
1.08571
7.51429
1.33333
3.15238
12.7333
1.48571
1
1.4381
1.22857
1.22857
7.77143
8.31429
1.06667
1.81905
1.01905
19.9238
1.2
12.9143
2.01905
1.20952
5.58095
2.47619
1.45714
2.25714
1.95238
1.64762
1.11429
2.60952
1.02857
6.26667
5.98095
7.77143
5.02857
14.3619
1.24762
1.19048
1.01905
1.04762
5.59048
14.7714
2.08571
1.2
6.07619
1.26667
2.25714
4.6381
1.4
2.77143
13.2476
1.18095
1.75238
1.6381
1.00952
1.17143
2.74286
13.4
9.89524
1.4
3.08571
1.15238
2.06667
6.30476
2.95238
17.0476
17.8952
17.1429
1
1.1619
4.61905
1.21905
12.3143
1
1.10476
1.06667
8.25714
9.4
2.22857
1.62857
2.02857
3.78095
1.53333
11.4952
1.32381
1.0381
2.45714
1.6381
13.3048
5.32381
15.8
9.19048
1.27619
2.05714
9.55238
1.00952
12.9619
2.22857
4.26667
1.21905
1.31429
9.14286
1.22857
1.60952
1.52381
1.74286
1.8
1.51429
11.5333
17.0857
12.7619
1.47619
19.7333
1.11429
1.04762
1.25714
3.07619
9.72381
1.53333
16.8095
4.6381
10.5143
8.65714
11.381
1.00952
1.12381
10.7238
1.1619
18.1429
1.98095
1.84762
1.25714
1.41905
14.4762
1
1.89524
14.5524
1.42857
1.41905
11.4571
1.46667
1.71429
1.50476
1.10476
15.6762
23.4381
11.381
1.00952
1.29524
1.8
1.28571
11.219
4.19048
11.7143
3.34286
5.62857
11.7619
1.93333
1.52381
3.4
1.6
8.28571
14.1905
11.8381
1.2381
1.8
6.90476
3.60952
5.8381
1.20952
1.18095
1.25714
1.87619
1.27619
14.1333
1.28571
14.2667
1.07619
12.5048
3.66667
3.11429
10.581
1.41905
1.79048
2.20952
1.75238
6.32381
14.5238
6.18095
15.3143
1.02857
1.49524
4.30476
4.09524
10.2476
1.69524
13.1714
1.95238
1.25714
2.92381
9.81905
1.20952
1.00952
15.7429
21.4952
10.6
1.25714
6.28571
2.01905
8.90476
1.42857
3.29524
1
1.02857
3.72381
1.20952
17.4095
1.05714
8.60952
1.17143
1.0381
16.5429
2.21905
1.85714
11.6571
11.9333
15.4952
3.57143
1.31429
2.6381
1.11429
1.82857
1.86667
2.12381
7.7619
9.8
1.21905
1.2381
1.11429
1
2.32381
1.78095
6.84762
2.25714
6.81905
7.95238
1.57143
13.181
1.67619
1.14286
2.6381
1
1.92381
1
2.09524
1.35238
1.55238
1.02857
2.27619
1.02857
1.02857
1.37143
3.59048
14.0952
16.0571
3.62857
1.92381
1.84762
1
2.06667
1.8381
1.88571
2.82857
1.5619
1.82857
1.34286
1.2
1.31429
1.38095
10.6571
22.781
2.01905
12.6381
1.0381
9.10476
8.92381
2.20952
2.59048
1
1.90476
1.91429
1
1
1.82857
1.01905
1
3.17143
1.60952
2.98095
1.60952
2.25714
9.93333
7.26667
2.91429
1.02857
1.14286
1.49524
9.77143
11.0952
3.90476
3.88571
1.79048
8.74286
5.57143
1.0381
16.2095
1.57143
7.9619
5.4381
9.1619
3.21905
14.1048
1.30476
1.09524
4.58095
2.02857
13.9905
1.04762
15.4286
3.13333
1.58095
11.6952
14.381
3.12381
11.819
1.04762
2.61905
1.4
7.70476
20.5429
2.95238
14.9333
2.8381
13.1238
14.0095
10.3048
1.91429
11.1905
4.75238
1.02857
1.14286
1.37143
15.6286
1.78095
12.3429
14.8
8.73333
4.86667
1.90476
11.6667
11.2571
1.54286
1.13333
11.6476
1.61905
1.95238
1.25714
1.15238
3.29524
11.3238
2.00952
2.07619
11.9333
1.07619
15.4667
12.3524
1.13333
1.09524
10.381
1.22857
1.73333
1.61905
8.98095
2.37143
4.32381
10.8476
17.6381
1.70476
2.31429
1.57143
1.04762
13.1714
1.01905
14.3048
1.27619
1.10476
15
1.29524
2.92381
1.50476
3.34286
12.2476
12.2762
8.5619
2.21905
12.2571
1.32381
1.09524
1
12.7048
1
2.06667
1.78095
25.1429
19.381
9.38095
1.90476
1.88571
5.17143
1.05714
3.35238
1.18095
1.28571
10.619
1.4
3.70476
1.94286
1.14286
12.7714
1.88571
1.70476
9.91429
2.6381
2.48571
1.2
1.48571
1.14286
16.4095
2.08571
1.0381
1.6381
1.89524
5.70476
1.58095
1.45714
3.59048
3.32381
2.45714
1.86667
1.98095
1.91429
17.6
7.53333
8.08571
1.39048
1.54286
7.35238
4.02857
1.8381
3.33333
2.66667
1.48571
8.89524
5.2381
2.66667
2.6
2.89524
8.57143
10.9238
2.30476
10.7619
18.9143
5.8
15.981
1.2381
3.81905
26.6095
2.85714
12.8381
1.20952
13.8952
4.55238
2.18095
1.11429
12.619
1.00952
1.49524
3.64762
4.79048
2.74286
1.9619
1.48571
2.6381
10.2476
11.5429
3.26667
12.8952
1.5619
8.4
5.2
1.33333
1.87619
10.419
6.9619
9.24762
5.82857
17.1714
1.05714
1.11429
8.95238
8.51429
10.0476
1.5619
8.52381
2.17143
1.9619
1.13333
1.72381
1.80952
1.10476
3.88571
2.40952
1.97143
1.09524
1.10476
1.46667
1.35238
2
1.84762
1.49524
1.64762
1
1.01905
1.86667
14.9429
1.19048
1.80952
1.38095
9.44762
1.22857
1.80952
1.07619
8.45714
12.6
1
1.47619
7.15238
7.00952
7.30476
1.29524
1.55238
6.79048
2.37143
2.11429
1.67619
1.42857
20.1619
12.0667
7.95238
1.22857
6.90476
3.62857
13.0286
1.60952
15.219
10.8952
9.0381
10.3048
9.5619
3.55238
2.6
9.2381
16.7048
15.3143
1.27619
4.65714
2.38095
1.2
1.14286
1.37143
9.50476
2.2
7.40952
7.2381
1.20952
2.66667
1.68571
2.02857
1.11429
18.1714
1.89524
1.74286
1.02857
9.54286
6.99048
1
1.15238
8.32381
3.13333
1.01905
15.1048
11.4762
1.00952
2.19048
1.15238
1.39048
8.59048
8.53333
7.07619
10.0381
1.90476
1.34286
10.619
1.4381
2.4381
17.419
1.53333
19.5333
11.8952
1.01905
2.46667
1.57143
8.26667
15.9238
1.04762
1.8381
1.25714
6.74286
1.44762
13.819
1.06667
2.92381
1.29524
1.69524
1.44762
1.24762
1.88571
1.92381
1.14286
1
2.04762
1
4.40952
1.48571
10.3619
3.73333
1.31429
1.49524
1.26667
1
1.08571
28.7048
1.33333
2.1619
12.6952
2.45714
15.419
1.01905
6.8381
3.28571
1.05714
1.27619
1.25714
1.62857
5.4
1.44762
2.13333
9.35238
2.06667
1.07619
2.05714
2.35238
1.54286
2.44762
1.13333
11.5238
16.381
9.20952
1
1.19048
1.02857
3.42857
14.4286
11.0476
1.61905
10.5905
14.019
2.75238
1.05714
1.20952
9.65714
2.09524
2.77143
2.32381
1.11429
1.62857
2.14286
16.3238
1.4381
4.34286
3.62857
2.01905
2.1619
5.75238
1.33333
1
1.77143
7.75238
1.37143
1.62857
9.90476
2.46667
1.12381
2.93333
22.419
13.0095
1.07619
1
7.73333
1.31429
1.14286
11.8857
2.72381
1.20952
21.819
1.65714
19.4095
18.5429
9.78095
1.34286
1.81905
2.0381
1.49524
1.50476
6.99048
1.39048
1.8381
2.26667
8.29524
1.22857
1.95238
2.18095
9.4381
2.05714
1.44762
1.00952
1.10476
1.38095
1.37143
10.8571
10
1.19048
2.87619
12.1143
8.54286
3.2381
9.05714
1.68571
2
14.5048
9.11429
1.18095
1.85714
9.08571
3.29524
1.34286
14.2
7.48571
1.67619
12.3714
1.51429
12.0667
2.12381
12.2286
2.2
1.52381
10.4952
1.55238
15.8286
7.65714
3.39048
1.99048
1.09524
1.28571
1.20952
1.55238
2.5619
1.33333
7.51429
12.7238
17.0476
14.2857
1.80952
1.01905
7.4
23.2667
15.6095
1.24762
1.53333
2.33333
1
6.37143
1.0381
1.46667
1
4.60952
2.6
2.00952
7.94286
1.18095
10.0095
9.70476
1.8
2.45714
10.9238
13.419
2.61905
14.6762
1
1.34286
5.22857
10.3238
6.7619
18.3143
1.61905
1
1.74286
1.00952
6.7619
10.8667
11.3905
1
7.85714
22.3143
1.61905
2.31429
16.581
11
1.74286
2.77143
2.0381
3.68571
8.71429
7.35238
3.75238
1.05714
1
18.5238
3.74286
1.55238
14.2
1.18095
6.1619
1.13333
14.6762
1.31429
1
1.78095
9.00952
17.4762
1.50476
1
1.41905
1.17143
15.9619
1.06667
2.14286
1.8
6.94286
16.7143
10.8381
1.51429
1.28571
1.92381
9.71429
9.94286
1.07619
2.17143
15.8476
19.7238
8.61905
1.08571
13.0476
2.07619
1.00952
15.2762
1.58095
1.95238
5.58095
1.91429
1.70476
1.61905
1.1619
5.13333
12.7619
2.67619
1.2
1.34286
2.44762
3.74286
11.8381
16.5524
7.30476
3.40952
1.06667
2.02857
15.1905
22.4
14.781
5.4
1.00952
5.86667
1.18095
7.25714
16.381
16.5429
1.4
10.5524
2.60952
1
1.2381
6.85714
2.92381
1.78095
2.91429
2.0381
1.00952
10.9048
2.09524
1.09524
9.18095
15.3429
7.74286
10.419
1.15238
1.10476
2.75238
1.8
1.94286
8.51429
3.52381
1
7.6381
1
1.21905
14.9714
5.77143
2.8381
1.05714
16.3905
11.9429
6.18095
7.7619
1.27619
1.75238
1.05714
1
3.14286
2.27619
2.17143
3.25714
1.82857
1.90476
1.8381
4.6
10.3905
1.18095
1.21905
1.95238
10.581
2.29524
1.4381
7.85714
9.93333
3.67619
1
3.6381
12.5714
2.82857
2.12381
13.3143
1.35238
1.93333
3.2381
2.26667
1.00952
1.00952
17.981
1.78095
1.01905
1.18095
14.2381
13.7619
1.06667
1.14286
2.38095
11.6952
14
1.5619
14.5333
2.60952
1.10476
1
1.1619
14.019
10.6857
1.37143
10.4571
1.58095
1.21905
3.25714
1.78095
14.0952
9.86667
1.11429
2.39048
8.10476
1.17143
15.219
13.1714
1.50476
7.27619
2.94286
1.04762
1.70476
1.37143
1
1.65714
1.5619
12.5524
2.86667
3.46667
1
1.24762
1.08571
14.6857
1.45714
1.44762
9.25714
14.5619
1.75238
6.39048
1.31429
10.9714
2.2
4.79048
7.64762
1.21905
3.85714
1.07619
13.181
1
1.60952
2.80952
11.1238
1.39048
13.6571
1.47619
10.9714
11.219
1.07619
11.3143
1.08571
1.85714
13.6476
2.5619
8.59048
16.819
1.11429
1
11.581
1.59048
1.85714
7.81905
3.13333
1
13.219
7.9619
4.11429
2.22857
10.4095
15.6667
10.0952
8.60952
4.59048
13.4762
1.24762
9.73333
2.42857
1.6
27.5619
10.5619
1.90476
1.18095
8.68571
1.30476
1.85714
1.67619
7.4
1.49524
18.9333
1.30476
7.99048
1.66667
10.4571
1.09524
3.6381
1.31429
8.64762
1.05714
1
3.20952
1.61905
7.94286
4.40952
18.4762
10.8476
1
10.4952
1.21905
1.60952
2.67619
2.73333
2.71429
9.91429
10.5619
12.6476
1.88571
1.51429
2.69524
1.50476
2.95238
2.4
21.8571
1.26667
7.77143
1.65714
2.32381
8.29524
7.4381
1.94286
2.72381
5.81905
1.01905
1
12.619
1.46667
1.66667
2.38095
1.57143
1.01905
1.89524
13.0952
2.89524
5.07619
11.4
1.75238
1.28571
1
13.581
5.30476
17.1238
10.7619
5.82857
1.15238
11.4857
2
15.0286
11.5143
12.1714
1.05714
9.33333
5.61905
11.5714
1.00952
8.78095
12.4857
1.40952
1.78095
1.52381
2
2.4381
10.9143
1.44762
1
1.52381
5.4
1.31429
1.55238
1.71429
2.44762
1.22857
2.35238
1.46667
1.66667
1
1.3619
11.2571
1
1.61905
