10876 34740
11.6095
8.48571
4.14286
8.60952
5.2381
6.58095
8.22857
6.54286
9.69524
9.33333
10.7905
5.6
8.72381
6.08571
10.8381
6.94286
4.80952
8.51429
5.33333
13.0286
11.1333
7.61905
4.40952
8.59048
5.01905
9.75238
10.0381
4.29524
4.6381
4.24762
5.48571
6.29524
6.92381
6.97143
5.99048
5.28571
7.22857
7.72381
9.48571
8.26667
4.68571
8.86667
14.1143
10.1048
5.29524
6.67619
9.74286
9.26667
4.51429
9.74286
5.40952
6.9619
9.68571
5.6381
7.19048
11.6
4.67619
8.81905
7.02857
6.55238
10.9048
10.2095
12.4476
6.75238
5.2
9.89524
6.28571
4.88571
11.0762
4.66667
10.7333
6.27619
6.70476
7.47619
8.17143
6.97143
5.91429
7.19048
6.33333
8.20952
7.47619
5.28571
5.24762
8.84762
6.3619
6.8381
10.4
10.219
6.53333
6.42857
6.01905
7.02857
4.19048
8.10476
5.89524
5.53333
8.30476
11.2952
6.28571
8.53333
12.6
10.6095
6.50476
4.45714
6
9.32381
8.05714
4.90476
4.8381
10.2476
6.33333
6.32381
8.80952
6.22857
6.92381
7.65714
5.30476
10.0571
10.819
8.59048
11.381
6.33333
6.4
6.1619
4.17143
11.5905
10.7619
10.1333
12.9905
11.6095
7.2
10.0571
7.44762
4.79048
11.7143
9.3619
9.35238
7.98095
8.81905
5.25714
9.30476
11.8667
9.70476
7.00952
5.24762
10.8286
8.65714
8.75238
7.90476
9.34286
7.40952
10.9238
9.38095
7.8
6.8381
10.1333
9.61905
8.44762
5.12381
6.60952
7.15238
10.2286
7.97143
7.97143
11.619
7.6381
7.22857
6.24762
7.74286
6.58095
6.46667
7.61905
7.66667
6.08571
4.18095
4.14286
8.64762
8.09524
10.7143
11.2381
8.8
10.2762
5.87619
11.1619
8.05714
8.94286
6.45714
6.31429
7.92381
12.6667
9.05714
9.00952
9.18095
7.19048
11.4
6.09524
5.8
6.86667
5.54286
11.6667
7.87619
6.73333
7.12381
8.75238
4.31429
4.66667
9.01905
5.28571
9.2
9.9619
6.58095
8.79048
4.8381
8.65714
8.07619
6.54286
6.92381
4.54286
8.70476
4.49524
6.97143
5.87619
7.7619
13.6667
6.84762
5.48571
8.17143
4.17143
5.54286
6.39048
8.07619
6.94286
8.67619
7.28571
6.38095
5.11429
9.59048
5.61905
4.35238
7.44762
4.07619
5.74286
4.28571
7.42857
9.75238
9.39048
9.49524
10.0762
9.38095
7.34286
7.8381
6.87619
7.75238
4.0381
7.91429
6.91429
7.67619
7.99048
7.09524
6.89524
8.07619
8.86667
9.41905
4.87619
6.40952
4.0381
9.45714
10.9048
11.0095
8.0381
10.7333
11.7714
14.1429
8.26667
4.97143
8.10476
9.73333
4.09524
8.75238
10.4381
9.2381
7.50476
4.19048
6.29524
10.8762
9.44762
5.80952
10.8381
9.18095
11.8286
8.64762
9.30476
9.85714
9.12381
8.25714
10.4095
6.12381
9.9619
8
6.09524
5.80952
8.97143
7.20952
9.62857
7.49524
7.79048
7.94286
6.15238
4.45714
8.93333
11.0571
10.9333
8.79048
11.4952
8.13333
5.64762
4.72381
8
14.2095
9.62857
4.80952
4.14286
7.81905
8.49524
8.12381
5.95238
7.52381
9.84762
10.0762
8.59048
4.27619
16.2286
4.38095
4.80952
5.62857
6.30476
4.54286
4.48571
8.6381
8.2381
9.18095
5.57143
4.66667
7.46667
4.52381
7.98095
11.8762
5.49524
6.45714
5.97143
9.04762
8.73333
8.6
4.5619
7.72381
7.95238
7.97143
6.04762
6.1619
4.29524
4.25714
9.86667
4.74286
7.71429
9.02857
9.5619
7.2
8.20952
5.69524
7.44762
8.22857
6.04762
4.99048
6.82857
5.2381
4.4381
5.59048
5.90476
8.37143
9.7619
7.09524
5.95238
10.1524
10.6095
5.46667
14.2286
10.1619
12.1238
8.92381
8.01905
8.0381
9.84762
9.98095
8.74286
10.0286
10.6476
11.5333
9.42857
7.74286
8.58095
4.21905
9.6
6.7619
10.7048
4.94286
5.65714
9.05714
10.781
9.79048
9.07619
4.01905
6.02857
9.1619
7.22857
7.87619
7.65714
5.39048
8.70476
9.34286
5.84762
13.9048
6.88571
6.2
4.2
8.95238
7.50476
7.57143
4.85714
4.74286
5.82857
6.70476
6.18095
8.13333
4.2381
8.82857
7.4
9.12381
6.45714
7.6381
6.95238
7.79048
7.48571
7.74286
7.02857
8.59048
10.6857
8.65714
7.20952
6.13333
7.68571
10.5429
8.79048
11.4667
6.27619
8.48571
8.57143
9.42857
7.4
9.91429
7.09524
8.70476
6.92381
10.2667
9.51429
6.19048
5.52381
6.47619
4.65714
4.55238
6.86667
9.11429
6.68571
4.30476
8.01905
7.53333
8.81905
10.0286
9.37143
7.85714
9.25714
6.47619
7.20952
8.77143
4.4381
10.4476
6.1619
11.2667
7.1619
7.94286
10.0286
14.381
6.99048
8.20952
9.3619
8.35238
7.90476
6.54286
8.25714
7.50476
5.38095
8.85714
11.8476
9.35238
4.2381
9
7.21905
12.0667
7.94286
10.9333
11.3905
8.50476
4.59048
6.21905
6.55238
8.6
5.3619
10.4667
7.27619
4.77143
8.38095
4.57143
9.29524
9.59048
7.8
5.80952
10.4
7.78095
7.06667
11
8.44762
9.38095
4.2381
4.8
4.95238
7.19048
4.52381
7.31429
9.94286
10.181
4.46667
6.57143
6.14286
10.1333
10.9524
9.3619
8.81905
8.73333
7.65714
6.27619
6.81905
7.79048
8.29524
6.33333
5.62857
8.8381
6.2381
11.0381
7.86667
4.70476
6.30476
6.85714
9.67619
8.35238
5.17143
4.88571
11.8381
8.78095
10.3429
8.77143
8.73333
16.8667
9.33333
9.69524
9.06667
7.98095
8.21905
7.01905
10.3333
4.13333
10.8286
7.4
6.65714
7.86667
8.68571
4.30476
5.65714
6.33333
12.7048
7.75238
6.47619
11.1333
4.37143
11.7905
6.18095
5.5619
10.8571
5.31429
7.77143
6.6
9.49524
8.11429
6.74286
9.01905
8.5619
8.3619
5.39048
7.12381
9.33333
7.5619
7.54286
12.1048
11.1333
4.3619
4.6381
6.84762
4.52381
7.75238
4.75238
10.3714
8.44762
5.48571
4.55238
7.84762
6.8
9.74286
13.2381
5.84762
7.51429
8.40952
7.21905
5.22857
7.17143
6.05714
5.79048
5.04762
7.48571
5.77143
8.90476
9.41905
15.1333
6.18095
6.40952
12.1429
6.58095
4.31429
5.69524
5.01905
4.73333
7.09524
7.2381
5.8381
7.06667
9.85714
5.79048
11.9905
6.68571
8.5619
9.7619
10.3048
7.87619
5.70476
6.39048
7.02857
9.24762
9.18095
5.87619
6.6
11.4476
9.6
9.45714
7.8381
8.79048
4.90476
4.22857
7.58095
8.9619
7.24762
7.67619
7.8381
7.40952
7.54286
9.18095
9.18095
8.18095
8.81905
6.4
9.81905
12.1524
8.70476
5.93333
7.4
5.97143
9.68571
7.97143
7.08571
8.02857
10.2381
6.21905
7.84762
6.09524
5.14286
10.1619
12.8476
7
6.11429
6.85714
11.2762
4.75238
6.66667
5.30476
6.1619
8.6381
6.90476
7.95238
6.85714
4.35238
6.66667
8.28571
7.98095
4.10476
9.86667
5.95238
10.3143
11.0476
8.9619
8.15238
8.52381
8.60952
13.381
5.60952
6.90476
11.9524
8.52381
10.819
4.37143
4.84762
4.18095
7.51429
6.4381
12.0857
4.6
4.19048
7.8381
6.66667
4.60952
8.20952
5.29524
10.6476
7.34286
7.52381
9.18095
11.4762
5.70476
6.49524
4.6
4.34286
6.85714
10.7905
4.68571
10.8857
6.94286
7.09524
7.01905
8.70476
6.47619
11.6667
5.28571
9.70476
9.13333
9.00952
11.4476
4.51429
6.98095
13.1238
5.58095
10.7143
9.90476
8.34286
10.4381
6.31429
10.7333
8.50476
8.80952
9.42857
8.3619
6.57143
8.84762
4.49524
9.78095
7.40952
5.80952
10.9714
8.72381
12.1143
9.4381
7.98095
12.9333
8.71429
8.58095
8
4.85714
7.65714
9.73333
8.33333
7.40952
7.2381
8.69524
4.8
4.87619
11.8952
10.2952
7.19048
4.13333
7.30476
4.64762
7.97143
10.0571
5.48571
9.54286
9.2
10.1238
7.86667
8.41905
16.6667
4.50476
7.49524
8.27619
9.55238
6.27619
7.19048
10.8
9.1619
7.28571
6.28571
6.58095
11.219
7.08571
6.77143
6.58095
7.62857
9.10476
8.35238
5.68571
5.0381
4.32381
6.47619
7.14286
6.89524
7.14286
9.46667
6.6
9.38095
5.3619
6.48571
8.92381
7.42857
4.87619
7.93333
4.5619
4.09524
4.46667
7.04762
6.34286
4.13333
4.34286
9.75238
10.2667
7.80952
6.26667
8.4381
8.05714
6.78095
10.9429
6.01905
7.87619
4.40952
6.37143
6.3619
9.46667
4.64762
8.80952
5.2
7.79048
6.20952
8.93333
7.90476
5.18095
5.64762
5.74286
4.60952
7.79048
5.07619
8.4
11.7238
9.29524
7.61905
9.47619
4.54286
7.08571
5.32381
7.53333
8.6
7.55238
4.48571
6.0381
6.44762
6.35238
6.33333
9.26667
7.45714
6.6
9.11429
5.95238
9.15238
6.33333
9.97143
6.59048
10.3905
8.07619
10.7619
5.41905
8.24762
8.79048
7.91429
7.7619
5.79048
5.73333
6.93333
5.22857
4.38095
9.65714
7.84762
5.8
9.25714
12.7524
8.10476
4.45714
7.60952
9.57143
7.2381
6.53333
7.66667
10.2762
11
4.65714
12.0952
10.2
12.0095
9.75238
6.5619
4.47619
9.72381
8.44762
8.59048
6.93333
6.35238
4.58095
6.01905
8.57143
12.419
7.99048
10.0857
5.70476
9.72381
9.04762
5.85714
9.34286
8.78095
8.74286
5.60952
10.2
8.64762
9.13333
5.10476
6.01905
6.86667
10.3238
8.25714
11.0095
9.1619
13.219
4.33333
4.47619
4.1619
5.42857
7.4
8.68571
9.10476
10.781
6.94286
12.0095
5.58095
6.54286
10.0571
6.29524
8.49524
7.98095
7.81905
9.8
5.89524
4.72381
9.81905
4.92381
7.57143
9.29524
8.7619
4.64762
6.5619
5.00952
6.55238
5.30476
6.00952
9.46667
6.85714
9.72381
9.12381
10.1238
8.38095
10.2286
9.35238
9.15238
6.51429
6.81905
10.3524
6.25714
6.77143
10.1333
9.05714
4.26667
9.2
11.7619
7.13333
13.8095
8.79048
8.72381
6.5619
6.5619
12.7905
7.34286
9.60952
15.2381
5.54286
6.40952
7.18095
8.01905
8.31429
5.72381
5.19048
4.6
7.1619
8.85714
8.73333
7.0381
7.29524
10.8381
7.29524
8.7619
8.64762
11.0095
8.18095
7.41905
8.70476
7.80952
8.4381
11.3143
8.53333
8.02857
4.80952
8.92381
9.60952
4.81905
9.35238
4.34286
4.88571
6.66667
7.47619
6.2
8.27619
11.6095
8.34286
7.52381
5.47619
5.10476
8.60952
9.59048
5.51429
6.06667
6.26667
5.14286
6.62857
8.9619
6.24762
10.3905
6.45714
6.70476
4.87619
4.4
12.3429
6.2381
12.7429
4.35238
5.59048
7.3619
10.5905
9.37143
10.5143
9.95238
10.0667
6.79048
4.8381
8.2
5.65714
5.37143
6.91429
4.44762
8.32381
4.18095
9.06667
5.66667
6.77143
7.59048
7.79048
9.17143
8.75238
6.54286
11.8381
10.219
9.06667
7.68571
5.44762
10.5524
9.55238
8.50476
6.07619
9.08571
7.30476
9.29524
4.50476
7.39048
5.35238
6.48571
8.53333
4.31429
8.53333
4.4381
5.97143
10.0476
13.4667
8.59048
9.34286
6.89524
5.66667
4.85714
4.22857
7.02857
8.06667
7.79048
8.8
4.51429
5.61905
6.65714
9.34286
10.7429
9.26667
7.77143
7.02857
4.4
9.21905
9.00952
5.94286
8.55238
8.02857
9.21905
10.5143
6.8
6.01905
10.9905
5.35238
6.65714
8.95238
6.81905
9.21905
9.72381
8.8
7.05714
4.02857
5.67619
4.72381
9.13333
5.73333
6.58095
7.31429
5.10476
9.88571
6.25714
8.90476
8.14286
7.99048
4.77143
8.14286
10.4381
7.17143
6.9619
4.55238
7.75238
12.3238
7.42857
10.419
7.38095
4.7619
5.00952
7.85714
5.49524
5.53333
6.5619
8.67619
6.48571
6.06667
7.66667
10.4857
4.51429
8.89524
10.2286
4.67619
7.46667
7.09524
12.4762
8.12381
6.11429
8.3619
7.88571
8.06667
7.67619
4.15238
4.48571
5.38095
8.15238
4.44762
5.66667
4.13333
8.62857
7.47619
7.14286
12.181
8.48571
6.90476
5.81905
4.18095
8.73333
5.6
11.3619
6.41905
10.8952
7.05714
8.91429
8.1619
4.07619
8.31429
5.14286
4.64762
7.25714
6.59048
11.9143
10.7238
7.10476
9.82857
8.61905
7.47619
7.81905
6.48571
8.38095
8.44762
9.82857
7.21905
10.0095
5.9619
5.81905
6.31429
8.93333
5.53333
5.2381
6.41905
10.6476
6.8
8.7619
7.24762
4.21905
5.95238
5.74286
7.02857
6.51429
7.81905
5.32381
10.0571
7.85714
8.31429
4.26667
6.79048
4.94286
6.3619
6.11429
6.14286
7.65714
5.66667
7.68571
5.2
11.4667
6.9619
13.9238
6.49524
11.0095
7.30476
9.01905
6.84762
8.15238
8.15238
7.6381
7.87619
6.59048
8.87619
10.1238
7.35238
13.2571
6.00952
10.0667
11.6667
6.52381
6.4
5.89524
5.77143
7.44762
6.19048
8.25714
7.13333
6.01905
6.22857
9.70476
5.01905
5.52381
7.80952
7.37143
7.17143
6.64762
6.04762
5.5619
9.58095
9.04762
7.15238
7.9619
6.4
7.1619
8.70476
4.68571
8.73333
4.90476
5.11429
7.18095
7.94286
9.30476
7.87619
7.45714
4.27619
6.74286
7.86667
10.1905
8.21905
5.28571
7.59048
10.5429
4.8
5.95238
8.50476
5.61905
7.86667
10.4857
4.2
4.42857
7.82857
6.8
5.39048
9.99048
7.52381
5.72381
9.87619
4.67619
5.9619
8.50476
8.3619
4.09524
6.81905
4.72381
7.10476
9.1619
5.70476
6.3619
6.01905
5.7619
4.2381
11.3048
7.62857
4.22857
9.44762
6.24762
5.42857
8.19048
6.60952
6.7619
8.17143
9.20952
6.65714
10.4381
4.31429
6.92381
7.01905
11.8286
8.02857
8.4381
9.74286
10.3429
4.54286
8.09524
7.9619
8.22857
9.27619
7.31429
7.35238
6.59048
6.4381
6.94286
5.58095
9.70476
5.8381
7.35238
4.79048
7.14286
7.40952
5.94286
10.6762
8.61905
11.6667
5.41905
4.49524
12.0095
9.8381
5.88571
11.5905
6.6
8.29524
15.0476
13.5143
5.44762
7.09524
7.34286
9.64762
7.7619
6.34286
8.40952
4.06667
5.6381
7.48571
6.21905
7.75238
9.13333
9.52381
10.1524
4.91429
4.38095
8.10476
8.5619
9.05714
9.7619
9.84762
7.4
5.12381
9.86667
7.42857
11.5714
8.55238
9.38095
7.10476
8.74286
7.41905
8.49524
8.5619
6.69524
9.58095
8.93333
6.66667
9.93333
12.2286
8.69524
4.0381
6.26667
6.74286
8.58095
8.46667
9.77143
9.47619
4.42857
7.09524
5.79048
10.381
8.5619
11.181
7.54286
7.2
5
4.2381
7.54286
9.8381
4.72381
9.11429
8.93333
12.3238
8.32381
9.06667
6.67619
9.78095
5.34286
7.48571
5.70476
11.4476
12.8857
7.0381
5.84762
5.47619
9.26667
7.50476
7.73333
6.90476
5.80952
5.5619
6.87619
4.71429
5.21905
6.6
6.29524
8.15238
9.26667
10.4571
7.46667
4.08571
5.88571
5.9619
9.47619
6.78095
13.5238
6.40952
4.13333
9.08571
7.8381
8.06667
7.73333
8.51429
8.66667
5.89524
8.98095
8.20952
10.7048
4.08571
9.09524
7.4
4.82857
10.5714
9.07619
12.7238
6.69524
6.33333
8.14286
10.2
7.9619
9.04762
4.9619
9.35238
6.55238
11.619
8
7.65714
9.13333
10.3714
10.0571
7.55238
6.2
7.44762
10.4381
7
8.28571
7.30476
4.31429
6.12381
6.51429
9.4
12.4857
6.93333
8.00952
10.3714
8.11429
9.0381
4.34286
6.48571
7.88571
6.5619
5.95238
4.60952
4.47619
4.62857
4.34286
5.2381
6.72381
4.28571
7.13333
6.18095
12.1619
6.77143
11.5143
4.19048
8.77143
7.49524
6.59048
9.53333
12.219
4.80952
5.04762
4.06667
8.78095
7.70476
6.05714
4.20952
8.40952
10.8952
6.64762
8.80952
9.35238
7.28571
6.64762
10.5429
7.53333
4.55238
5.02857
7.11429
8.25714
9.22857
11.1238
7.20952
10.1143
8.77143
9.8
4.88571
4.67619
7.7619
7.33333
6.71429
5.66667
4.17143
8.97143
9.10476
6.77143
6.61905
7.93333
6.87619
7.24762
6.26667
4.8
7.2381
7.26667
4.85714
8.62857
8.60952
8.44762
8.00952
4.55238
5.15238
5.13333
11.5143
9.0381
4.79048
5.11429
7.67619
5.05714
7.04762
6.11429
9.69524
9.78095
9.09524
8.92381
7.37143
4.82857
8.68571
4.77143
6.95238
11.581
6.85714
7.93333
8.54286
8.39048
4.40952
5.48571
5.17143
9.75238
5.67619
5.25714
7.00952
4.2381
5.14286
4.65714
12.9333
8.42857
7.94286
5.11429
6.75238
7.81905
5.2
6.2
5.82857
7.68571
5.39048
4.55238
6.85714
5.98095
10.6571
8.13333
7.74286
11.5714
5.24762
8.67619
10.5905
8.7619
8.29524
8.64762
5.35238
8.52381
10.381
7.8
4.88571
4.99048
7.12381
9.01905
4.51429
5
7.66667
9.95238
4.52381
9.84762
10.2571
5.05714
5.26667
9.67619
7.60952
6.15238
5.62857
7.95238
5.27619
5.61905
8.17143
5.20952
6.97143
10.9524
7.49524
8.26667
4.53333
9.66667
6.92381
7.29524
6.6
4.41905
6.92381
6.51429
4.78095
8.37143
10.0667
5.24762
7.00952
10.1619
7.33333
7.14286
4.59048
4.6381
5.37143
6.87619
7.30476
5.10476
6.27619
7.34286
6.50476
4.22857
9.34286
6.37143
5.93333
7.60952
5.24762
8.32381
5.29524
6.98095
4.55238
7.44762
5.99048
7.07619
19.2762
10.1524
8.6
8.47619
5.69524
8.59048
6.24762
11.0667
8.77143
7.80952
7.44762
10.8095
9.55238
8.22857
7.34286
6.73333
6.41905
5.72381
4.86667
7.8
12.1143
7.94286
9.29524
9.6381
6.09524
8.99048
4.70476
8.50476
4.21905
6.2
8.75238
7.31429
4.45714
6.19048
6.73333
4.81905
8.26667
7.53333
10.1714
9.58095
5.75238
7.57143
5.57143
6.95238
10.7619
12.3238
7.17143
8.64762
5.0381
6.69524
11.0286
5.54286
6.95238
6.62857
6.95238
4.17143
9.51429
5.62857
6.71429
6.62857
5.06667
9.1619
7.2381
8.30476
10.5905
9.57143
8.44762
8.11429
9.9619
6.3619
6.1619
11.1619
7.20952
6.72381
6.4
8.84762
7.02857
4.86667
7.60952
6.95238
9.10476
7.1619
5.55238
12.3238
7.8
10.5714
10.0762
7.26667
10.2762
6.32381
7.3619
4.95238
7.73333
7.74286
10.0476
9.04762
4.98095
6.46667
7.42857
11.3429
5.33333
9.31429
4.9619
4.07619
5.2381
7.75238
9.77143
4.10476
7.10476
5.75238
8.1619
5.39048
8.78095
8.54286
8.05714
6.12381
5.66667
7.06667
10.5048
11.8952
9.19048
6.27619
7.94286
4.61905
4.33333
4.7619
8.48571
5.10476
4.87619
9.81905
8.60952
7.34286
7.55238
5.91429
5.47619
7.08571
4.45714
7.3619
4.57143
6.44762
11.9143
8.49524
11.7143
8.7619
6.2381
7.17143
5.9619
4.37143
4.5619
6.30476
4.01905
9.52381
10.7429
9.88571
5.73333
7.51429
4.57143
5.81905
7.39048
10.6667
8.67619
7.80952
10.1619
5.51429
8.99048
7.11429
8.6381
8.65714
9.07619
6.05714
9.52381
5.91429
4.45714
10.181
6.66667
7.60952
9.46667
6.57143
6.12381
7.40952
9.46667
9.95238
4.88571
9.74286
13.1048
6.70476
6.9619
14.381
7.59048
7.00952
6.53333
7.46667
7.6
8.60952
5.90476
9.93333
8.2381
8.60952
4.66667
6.10476
5.53333
8.09524
5.59048
7.09524
4.14286
8.4381
5.7619
11.7143
6.59048
6.93333
7.34286
4.24762
5.38095
6.69524
5.2381
5.98095
9.12381
5.48571
5.44762
7.97143
6.6381
7.32381
6.94286
7.38095
6.55238
8.91429
6.78095
5.80952
9.49524
4.29524
8.07619
6.29524
6.49524
6.8
10.3143
8.14286
6.81905
5.90476
4.73333
7.93333
8.31429
6.2381
5.93333
6.75238
6.40952
7.31429
9.55238
8.31429
5.13333
9.28571
14.3619
6.17143
4.41905
9.70476
4.1619
9.2
13.2476
7.59048
9.68571
8.6
6.69524
6.48571
6.21905
4.69524
8.62857
9.10476
8.58095
6.7619
9.55238
7.77143
8.78095
5.34286
8.55238
8.11429
4.15238
8.57143
8.88571
6.57143
9.70476
5.95238
7.18095
7.38095
6.28571
5.98095
9.92381
5.81905
4.9619
6.92381
4.55238
11.3619
6.89524
9.94286
9.32381
5.67619
7.61905
7.55238
4.4
10.8857
6.24762
10.3143
8.08571
10.0952
4.87619
7.44762
6.46667
6.70476
6.20952
8.06667
10.6095
7.71429
4.59048
8.34286
6.35238
10.181
11.3333
6.47619
11.5524
8.84762
5.77143
8.10476
9.53333
5.92381
7.80952
5.88571
7.20952
6.12381
7.6381
6.3619
4
9.22857
11.8476
7.71429
5.88571
6.24762
10.1429
8.10476
11.3714
9.62857
6.77143
7.07619
6.88571
8.84762
7.13333
7.61905
4.41905
4.80952
4.19048
10.9238
4.38095
8.66667
7.89524
5.30476
7.00952
7.52381
9.29524
10.1429
6.47619
4.42857
10.019
4.55238
4.48571
7.37143
10.0667
7.39048
7.27619
11.5333
9.49524
11.4381
8.28571
9.18095
8.13333
10.1429
9.86667
5.0381
7.45714
8.48571
5.4
4.42857
6.02857
5.44762
6.4
5.75238
5.59048
4.60952
9
6.67619
8.09524
9.47619
8.61905
7.20952
4.51429
9.7619
11.7905
7.89524
5.20952
9.73333
7.67619
7.34286
7.85714
10.9238
6.31429
8.32381
6.97143
4.17143
4.4381
9.3619
8.13333
8.44762
5.1619
4.68571
4.84762
12.4857
7.30476
6.6381
7.22857
12.9905
6.54286
5.75238
7.99048
5.57143
4.1619
11.219
4
5.25714
4.94286
7.12381
4.66667
6.28571
4.95238
9.08571
7.79048
5.80952
4.29524
9.6
10.4571
7.6381
4.92381
7.62857
7.75238
7.66667
7.95238
8.34286
6.47619
4.53333
7.25714
9.38095
7.06667
7.52381
7.99048
4.50476
5.92381
4.66667
6.17143
5.06667
6.62857
8.06667
5.45714
7.24762
8.14286
8.9619
4.55238
12.3619
8.3619
6.51429
9.20952
8.33333
8.54286
7.11429
4.32381
8.35238
8.10476
8.58095
10.5524
5.01905
10.5619
10.6095
4.53333
6.4381
11.5238
11.2667
4.05714
6.55238
8.5619
9.00952
6.17143
8.2381
8.2
11.9524
10.8667
10.181
6.74286
12.7619
7.38095
6.29524
4.40952
5.85714
10
5.4
6.13333
11.3143
7.33333
9.04762
6.6
4.26667
12.1143
6.00952
11.3429
13.2
6.30476
5.2381
4.10476
8.39048
8.28571
6.18095
10.5714
4.08571
8.27619
8.77143
8.33333
7.69524
10.219
9.05714
7.91429
8.11429
7.27619
10.0476
5.67619
9.67619
6.15238
6.30476
6
6.5619
7.78095
4.97143
6.75238
7.98095
5.45714
4.32381
11.619
4.64762
4.77143
6.2
6.95238
8.46667
11.2952
8.33333
7.51429
9.47619
7.39048
6.30476
4.46667
9.12381
5.66667
5.26667
10.6571
4.45714
6.73333
10.619
8.54286
7.95238
7.53333
8.08571
6.24762
4.64762
6.66667
5.32381
4.79048
8.75238
7.58095
5.65714
6.87619
11.219
10.1619
10.0571
8.21905
4.52381
6.26667
9.01905
7.19048
9.17143
8.37143
9.26667
9.79048
6.17143
5.39048
10.3714
9.58095
6.04762
6.60952
7.65714
5.82857
7.64762
6.31429
7.65714
7.84762
9.77143
9.6
6.20952
11.7143
4.91429
5.19048
8.3619
4.06667
8.61905
4.12381
10.419
8.31429
6.89524
8.2
5.89524
9.90476
6.32381
4.59048
5.8
6.8
6.06667
8.32381
9.6
6.6381
6.32381
6.6
5.9619
4.99048
4.80952
8.09524
5.98095
5
6.1619
8.52381
7.31429
5.14286
12.6095
8.48571
6.46667
9.22857
4.14286
6.84762
4.77143
9.94286
9.85714
11.5333
11.4
8.35238
5.59048
5.22857
8.75238
9.40952
6.0381
10.0476
8.90476
7.78095
6.3619
8.30476
8.1619
6.49524
10.6667
7.35238
5.48571
10.1238
7.84762
6.51429
9.84762
4.92381
5.88571
9.11429
7.60952
7.66667
4.82857
11.3333
6.61905
8.7619
10.619
9.60952
8.65714
5.29524
7.04762
5.14286
6.17143
4.29524
12.3905
6.85714
4.35238
5.82857
6.8381
5.44762
6.69524
5.44762
5.89524
7.47619
7.62857
4.7619
4.71429
6.77143
4.52381
7.27619
5.60952
9.62857
6.00952
8.09524
7.99048
6.1619
8.28571
10.5429
5.12381
7.6381
6.09524
6.69524
7.10476
11.1143
8.2381
4.84762
10.181
7.62857
4.72381
4.98095
6.91429
7.52381
6.27619
6.24762
4.93333
12.9905
5.46667
4.77143
5.95238
10.3238
12.3619
6.64762
8.15238
6.44762
10.9619
9.61905
7.54286
4.17143
8.8
6.90476
10.1048
5.85714
4.69524
9.00952
7.01905
12.7238
5.40952
5.8
12.0571
7.22857
13.4476
6.93333
7.33333
7.26667
6.85714
6.29524
9.38095
7.86667
6.05714
10.181
4.10476
6.33333
8.6381
6.01905
4.69524
9.15238
9.44762
7.25714
7.01905
8.31429
11.3619
10.4286
5.78095
6.44762
4.79048
5.06667
4.34286
7.77143
12.2857
6.65714
7.45714
8.88571
6.41905
5.81905
10.2667
5.95238
7.62857
8.17143
4.25714
7.7619
5.30476
8.01905
4.47619
7.60952
9.31429
9.89524
7.42857
4.32381
4.65714
6.06667
7.52381
9.98095
9.05714
9.02857
11.4095
8.89524
5.81905
8.49524
6.6
7.92381
8.87619
9.41905
6.86667
6.75238
8.46667
4.67619
10.8
10.4857
9.1619
7.73333
9.10476
6.19048
11.9524
8.88571
7.80952
7.67619
6.49524
4.53333
23.0381
6.72381
5.93333
9.06667
6.22857
7.24762
9.55238
12
6.17143
10.3714
6.93333
5
4.97143
10.0571
4.59048
4.42857
8.82857
8.55238
4.21905
6.41905
9.14286
8.06667
12.219
10.6095
7.94286
4.18095
7.67619
5.95238
7.94286
6.10476
9.60952
8.62857
4.60952
5.80952
5.99048
6.4381
4.06667
4.68571
5.2
6.60952
11.1619
9.32381
4.8381
7.55238
7.21905
6.0381
6.54286
9.84762
4.65714
7.40952
4.31429
9.28571
9.86667
11.0857
6.87619
6.44762
9.3619
9.25714
9.93333
5.34286
9.88571
7.87619
7.05714
4.85714
4.90476
5.39048
6.53333
8.06667
10.9714
10.6571
7.81905
7.90476
7.48571
4.8
7.65714
8.21905
6.94286
7.60952
9.11429
6.06667
7.48571
5.26667
4.47619
7.9619
9.01905
8.79048
4.28571
7.95238
9.72381
10.2286
7.13333
11.219
9.79048
4.12381
7.07619
12.8762
12.5333
6.32381
8.06667
9.88571
6.84762
7.85714
7.09524
7.14286
11.4095
7.77143
7.68571
8.68571
7.48571
11.4095
4.48571
6.04762
5.58095
7.92381
7.26667
7.33333
7.85714
6.8381
6.27619
7.1619
6.80952
6.84762
4.45714
5.31429
6.5619
6.31429
7.21905
4.90476
7.92381
6.87619
8.19048
7.6381
8.85714
8.5619
4.70476
7.05714
6.51429
4.73333
6.93333
9.35238
8.74286
5.95238
6.38095
5.0381
7.06667
6.27619
6.31429
8.18095
8.07619
6.29524
8.92381
8.62857
7.4
7.34286
6.41905
5.1619
9
5.28571
12.3429
6.08571
5.68571
5.04762
4.7619
8.65714
4.68571
9.74286
9.15238
6.92381
7.95238
4.90476
9.07619
5.14286
7.49524
5.19048
8.08571
6.07619
4.25714
8.71429
10.3619
8.45714
7.52381
5.87619
4.41905
4.71429
6.95238
6.91429
6.34286
7.07619
6
10.8286
7.45714
11.4095
8.50476
11.2571
7.95238
8.59048
7.24762
12.5524
6.26667
7.79048
10.581
8.05714
6.74286
6.46667
5.08571
4.40952
8.2381
5.10476
6.90476
5.2381
5.6
10.4
7.06667
9.64762
7.78095
4.64762
6.68571
8.33333
5.34286
5.21905
6.45714
6.67619
7.80952
7.04762
4.31429
6.48571
7.33333
4.57143
5.80952
7.29524
7.58095
11.381
6.77143
11.9429
10.3524
6.95238
4.32381
6.85714
5.60952
4.09524
8.81905
4.92381
6.04762
9.82857
8.45714
10.6286
7.82857
5.62857
12.1429
4.01905
9.61905
9.46667
7.13333
6.21905
9.93333
9.87619
7.85714
4.29524
5.11429
9.33333
4.25714
10.0857
4.12381
7.82857
7.64762
8.60952
8.60952
11.781
11.581
4.52381
6.24762
6.61905
9.42857
4.86667
4.81905
9.15238
8.42857
4.60952
5
4.48571
5.31429
10.6667
10.4857
4.71429
8.84762
4.41905
9.25714
9.35238
4.62857
4.55238
7.04762
7.97143
7.48571
11.8762
10.7143
4.7619
9.62857
11.619
4.41905
7.51429
5.87619
6.48571
8.4
4.97143
13.1619
6.12381
10.4381
9.02857
4.48571
4.35238
11.4476
7.66667
6.10476
11.381
8.06667
4.2
7.97143
6.2381
4.42857
8.5619
4.88571
6.52381
6.72381
9.01905
6.14286
5.37143
7.28571
8.14286
8.80952
8.62857
11.6762
7.04762
6.73333
15.6
6.86667
8.52381
7.38095
5.53333
4.13333
4.37143
5.19048
8.79048
4.68571
10.0286
9.22857
6.52381
6.4381
4.5619
5.1619
6.5619
7.91429
8.47619
4.47619
6.50476
8.2
10.6952
7.44762
7.60952
7.87619
12.5333
5.65714
6.6
7.55238
9.21905
10.7238
9.06667
6.00952
8.7619
7.37143
8.54286
4.35238
4.4381
7.28571
6.80952
9.18095
7.27619
10.8
8.18095
5.30476
6.01905
6.46667
4.61905
7.46667
11.8857
9.30476
8
7.19048
9.18095
8.33333
8.02857
5.94286
4.05714
8.5619
4.90476
6.34286
7.12381
8.97143
7.71429
6.10476
6.91429
7.06667
10.6762
8.02857
8.4381
5.7619
4.60952
7.25714
5.6381
6.18095
4.13333
12.1619
4.49524
10.5429
9.88571
5.25714
4.89524
4.42857
10.8762
8.32381
10.6
4.22857
7.1619
4.59048
8.27619
8.33333
7.13333
4.64762
8.17143
7.58095
8.27619
10.3333
8.32381
8.59048
6.94286
6.18095
8.14286
10.7048
4.39048
10.8286
11.6952
5.27619
12.5238
7.6
5.97143
4.8
10.2476
5.74286
8.60952
4.25714
9.21905
5.33333
5.5619
4.77143
10.619
11.2286
11.4381
5.41905
4.73333
9.78095
13.4476
6.28571
8.07619
7.44762
10.3905
7.1619
6.8381
6.37143
9.54286
4.90476
4.4381
8.75238
8.48571
10.8857
9.35238
11.2286
4.40952
6.15238
9.82857
4.86667
9.74286
6.18095
9.2381
5.73333
11.2381
7.99048
9.71429
4.65714
5.84762
9.48571
6.17143
6.44762
8.55238
8.84762
5.94286
7.84762
13.2476
14.419
5.62857
8.67619
6.40952
4.86667
7.67619
8.05714
10.1238
5.10476
6.2
8
9.2
7.94286
5.1619
4.55238
6.80952
5.95238
7.38095
5.20952
6.84762
6.09524
8.0381
5.69524
7.4
7.10476
6.87619
8.39048
8.77143
8.29524
5.13333
13.6952
4.8
6.95238
5.54286
6.01905
6.57143
6.77143
8.13333
7.14286
6.77143
11.1429
7.26667
4.04762
7.48571
5.59048
4.6381
4.32381
8.26667
6.27619
8.15238
4.41905
11.4095
6.26667
6.73333
4.89524
8.17143
7.19048
9.74286
7.58095
5.67619
7.95238
5.92381
4.48571
6.32381
7.08571
7.55238
7.38095
4.32381
4.61905
4.3619
8.40952
5.89524
6.8
8.49524
6.73333
6.34286
7.49524
6.50476
7.01905
10.3619
7.08571
4.94286
4.45714
5.58095
4.82857
7.19048
7.19048
6.48571
8.80952
9.30476
8.0381
7.58095
9.75238
5.89524
9.90476
6.55238
7.34286
5.38095
8.69524
4.67619
9.55238
5.42857
6.11429
7.02857
7.72381
4.42857
4.47619
8.49524
6.74286
7.04762
5.29524
12.2095
10.7524
9.84762
4.31429
6.22857
8.94286
4.49524
6.04762
6.06667
8.58095
9.45714
5.2
4.33333
6.13333
6.3619
8.39048
10.7333
6.8
6.18095
8.17143
6.75238
9.65714
5.85714
5.9619
6.48571
5.65714
5.68571
4.92381
7.25714
4.33333
6.18095
6.54286
8.10476
7.25714
10.6
6.78095
8.6
7.44762
7.69524
7.69524
5.04762
4.60952
7.89524
10.3714
4.49524
7.99048
10.4095
8.2
7.05714
4.6
7.35238
6.58095
7.59048
8.58095
4.37143
7.7619
10.6667
5.28571
5.39048
4.24762
8.69524
7.09524
7.01905
8.05714
8.13333
6.98095
4.7619
8.54286
11.2095
7.53333
8.35238
9.46667
4.91429
35.8381
5.75238
7.86667
7.2
7.9619
10.4381
5.61905
5.29524
5.82857
5.19048
7.05714
4.4
9.78095
5.72381
9.79048
12.4762
4.48571
9.30476
4.68571
7.88571
6.13333
5.9619
7.09524
6.7619
9.57143
4.82857
8.41905
12.7429
9.87619
10.4667
10.0762
12.9619
8.33333
8.50476
8.05714
6.82857
11.4381
8.75238
7.46667
7.15238
10.6667
9.75238
7.41905
10.7238
4.15238
7.66667
8.65714
9.20952
4.14286
7.46667
5.71429
7.89524
7.60952
5.12381
9.70476
6.22857
7.4
10.4571
10.3619
6.80952
6.86667
6.29524
5.17143
4.37143
7.37143
9.88571
4.22857
6.22857
8.70476
7.67619
6.01905
4.2381
5.28571
4.51429
6.21905
7.77143
8.44762
7.67619
5.54286
10.0857
8.45714
7.37143
4.38095
4.72381
5.06667
7.54286
9.53333
8.12381
8.60952
11.2667
6.33333
5.94286
6.11429
6.59048
9.91429
11.8571
7.8381
7.27619
4.84762
8.99048
5.58095
4.77143
10.0762
8.69524
6.4381
4.72381
8.82857
8.30476
6.51429
7.04762
7.02857
6.73333
4.26667
7.72381
6.80952
5.69524
6.13333
6.73333
8.92381
4.08571
8.58095
4.25714
8.66667
7.65714
8.22857
9.24762
8.88571
7.64762
6.48571
10.0381
11.2095
5.18095
8.42857
4
9.70476
10.1143
6.21905
7.87619
9.7619
7.40952
6.30476
9.44762
10.9905
6.2381
6.75238
8.70476
8.11429
5.82857
4.07619
6.24762
4.62857
10.3524
4.25714
8.60952
9.10476
5.91429
6.25714
8.71429
4.69524
8.33333
8.9619
4.99048
9.94286
6.4381
5.30476
5.20952
8.2381
6.31429
6.98095
8.05714
9.33333
7.78095
8.95238
12
7.48571
5.13333
4.70476
10.6095
7.53333
5.32381
4.7619
6.79048
5.95238
9.59048
7.26667
7.57143
10.6571
4.24762
9.98095
5.60952
5.75238
6.77143
5.08571
5.4
5.27619
11.6381
5.87619
4.47619
8.66667
6.81905
8.62857
5.90476
8.77143
8.27619
6.45714
7.31429
7.52381
6.64762
8.20952
4.44762
9.7619
5.11429
13.0667
5.19048
10.9048
6.20952
11.2476
6.25714
9.19048
10.6381
6.18095
6.79048
5.27619
7.17143
10.0571
5.31429
4.65714
5.06667
7.06667
9.2
7.34286
7.06667
8.00952
4.53333
8.01905
8.6
6.91429
9.04762
6.84762
8.1619
6.99048
6.6381
6.75238
10.0476
5.48571
8.44762
4.7619
4.46667
6
4.7619
11.7143
4.97143
7.45714
9.54286
4.89524
6.97143
5.14286
4.65714
4.31429
7.8381
5.67619
7.40952
4.59048
9.45714
5.64762
10.2381
9.80952
8.82857
9.53333
7.30476
7.35238
8.37143
10.6571
9.81905
4.82857
9.09524
5.67619
9.46667
9.64762
6.84762
5.70476
4.94286
9.19048
11.3619
7.52381
6.20952
8.21905
8.46667
5.9619
7.70476
11.0095
7.7619
6.79048
8.88571
5.52381
8.81905
6.50476
7.13333
9.2381
8.02857
9.10476
7.8381
8.79048
9.92381
6.70476
6.18095
4.26667
7.10476
4.28571
8.1619
13.7048
6.59048
4.22857
6.19048
9.24762
7.37143
8.26667
6.51429
7.11429
4.20952
9.58095
10.2762
10.3333
11.4476
9.19048
6.7619
7.68571
7.69524
9.20952
5.41905
9.04762
7.31429
8.9619
12.8857
6.18095
7.08571
4.44762
8.47619
6.93333
4.39048
6.27619
6.68571
10.619
6.09524
6.6381
8.30476
12.8476
4.71429
8.11429
6.71429
5.78095
7.82857
9.13333
7.98095
12.8952
8.15238
7.33333
6.92381
5.89524
8.55238
7.65714
4.84762
6.09524
6.58095
7.97143
4.09524
8.66667
8.48571
8.19048
8.71429
9.10476
4.2
9.38095
6.87619
7.30476
7.31429
8.47619
10.9333
8.27619
5.4381
8.24762
6.78095
5.6381
12.2667
5.46667
12.019
6.38095
9.33333
7.0381
5.40952
5.75238
6.13333
5.09524
7.05714
4.51429
5.69524
4.22857
9.08571
5.69524
8.53333
7.86667
7.20952
6.15238
4.85714
6.22857
12.3524
6.44762
4.55238
5.94286
9.07619
5.50476
10.7524
5.65714
4.40952
5.97143
10.3429
6.21905
9.0381
12.5048
8.50476
10.6381
6.99048
5.9619
9.4
6.38095
6.14286
9.60952
7.6
7.10476
8.50476
4.94286
8.60952
11.6286
9.0381
5.93333
5.19048
6.72381
5.62857
6.08571
7.07619
4.7619
6.82857
12.5905
6.49524
6.93333
8.15238
5.2
4.78095
10.2286
11.3429
6.68571
7.33333
9.17143
4.88571
8.50476
5.2381
6.8
9.84762
7.7619
8.12381
4.20952
7.28571
4.70476
4.13333
4.79048
9.75238
6.45714
7.2381
4.8
7.46667
4.19048
7.59048
6.73333
4.40952
7.92381
9.59048
6.6381
7.62857
4.41905
6.01905
7.3619
4.60952
7.21905
6.84762
7.86667
5.97143
8.66667
8.09524
6.61905
8.87619
9.53333
16.3333
9.48571
7.68571
8.67619
10.219
8.21905
8.57143
7.78095
14.019
6.66667
5.20952
6.30476
6.99048
8.48571
5.82857
7.25714
4.87619
8.72381
8.15238
4.05714
5.55238
7.32381
7.47619
10.0857
8.89524
11.5524
7.2
9.74286
4.47619
6.99048
4.26667
7.28571
8.00952
11.219
8.89524
10.419
8.87619
9.46667
5.45714
4.41905
5.68571
7.42857
6.37143
8.28571
6.2
9.29524
8.27619
7.34286
11.8095
6.31429
10.3905
7.9619
10.7619
11.3524
6.80952
9.13333
7.91429
11.2476
6.12381
7.6
4.91429
7.41905
5
8.54286
13.4381
6.44762
6.5619
6.29524
4.9619
7.37143
6.21905
4.79048
5
6.08571
11.0762
7.00952
7.1619
7.39048
6.07619
9.78095
4.92381
4.2381
7.3619
6.07619
6.2
7.78095
8.05714
10.9048
8.22857
7.39048
8.02857
5.91429
4.12381
4.88571
9.55238
7.82857
6.85714
4.2381
5.2381
8.14286
10.5048
5.05714
5.89524
7.8381
10.1238
5.6
7.88571
7.93333
7.8381
4.79048
4.66667
6.78095
8.2381
4.46667
5.29524
4.97143
5.98095
5.13333
7.41905
8.79048
5.3619
13.5905
8.27619
6.71429
4.49524
6.24762
7.13333
9.3619
10.3714
7.05714
9.90476
5.62857
8.79048
9.73333
6.82857
4.87619
8.12381
4.92381
6.67619
7.21905
6.64762
12.3048
9.34286
9.92381
7.13333
7.82857
4.10476
6.47619
4.47619
6.52381
4.69524
11.2
6.95238
4.60952
4.73333
7.77143
8.51429
6.95238
7.5619
4.7619
9.18095
7.80952
7.78095
7.75238
6.92381
5.26667
7.50476
9
9.14286
4.94286
14.7048
4.9619
6.54286
7.62857
5.7619
7.57143
7.89524
5.02857
12.1714
6.69524
5.74286
7.05714
4.06667
7.60952
6.86667
8.0381
7.09524
7.26667
9.27619
8.60952
9.50476
8.04762
4.78095
8.22857
5.02857
4.47619
8.21905
9.10476
8.87619
6.35238
7.35238
4.88571
6.24762
9.71429
9.89524
4.33333
8.71429
8.60952
10.2571
7.81905
5.37143
8.48571
8.66667
5.24762
11.7238
5.08571
6.62857
6.58095
6.27619
9.91429
5.38095
8.1619
10.2571
4.2
9.6
6.8
7.54286
11.7619
7.29524
4.32381
5.87619
5.72381
6.54286
5.53333
6.73333
5.93333
5.99048
5.19048
5.95238
8.01905
10.3048
5.8381
12.3429
5.75238
5.00952
10.981
4.06667
5.6
7.61905
8.88571
8.61905
4.6
8.94286
5.86667
6
12.5524
10.3524
5.57143
4.46667
8.5619
5.70476
6.90476
8.89524
4.28571
5.94286
4.39048
8
7.25714
9.55238
6.69524
10.3238
4.10476
7.04762
7.0381
16.8762
9.9619
6.4381
5.07619
4.31429
6.78095
4.69524
11.1238
7.19048
10.8571
7.57143
7.40952
8.50476
9.69524
6.38095
7.01905
10.7524
8.34286
4.62857
7.4381
8.28571
11.2381
7.26667
6.5619
6.68571
10.219
11.1619
9.58095
10.4095
5.90476
6.98095
9.65714
6.8
6.49524
4.58095
7.85714
4.37143
6.20952
4.2381
9.29524
4.42857
10.3333
12.2571
6.66667
12.5524
5.45714
6.53333
4.60952
5.51429
8.50476
4.60952
5.94286
9.06667
11.4952
6.74286
10.2952
7.29524
12.181
9.25714
9.90476
4.53333
5.7619
7.50476
9.05714
8.17143
4.4
5.97143
4.88571
5.6381
5.25714
4.51429
7.21905
5.99048
9.11429
4.48571
10.1238
7.14286
8.34286
6.75238
10.5524
11.4857
6.46667
5.93333
9.66667
6.2
8.15238
4.30476
4.28571
6.87619
4.93333
6.73333
7.82857
9.68571
7.7619
6.59048
11.7048
6.27619
8.79048
6.80952
9.27619
8.54286
8.97143
9.54286
12.8095
9.05714
5.74286
5.99048
6.85714
8.4381
7.25714
10.3333
8.08571
4.32381
10.5333
11.8857
8.81905
5.93333
8.79048
8.19048
10.5524
8.65714
8.19048
10.3714
4.72381
8.40952
5.6
8.6
8.20952
6.22857
6.40952
9.92381
7.15238
9.98095
9.70476
4.4381
8.57143
8.91429
9.48571
11.3524
7.81905
6.93333
5.74286
4.97143
9.70476
10.2571
4.54286
10.9429
15.6
10.4952
11.619
8.73333
6.6
8.30476
6.86667
4.09524
5.53333
5.29524
6.84762
4.52381
4.05714
4.67619
7.2
7.60952
12.1238
7.75238
4.15238
5.73333
6.81905
6.31429
4.24762
4.70476
8.10476
8.15238
9.37143
9.26667
7.41905
7.98095
7.52381
8.54286
7.69524
9.18095
10.2381
9.20952
10.0667
6.59048
7.00952
4.8
6.01905
8.51429
10.0571
6.71429
9.08571
8.20952
7.59048
7.71429
8.6
5.37143
4.26667
6.85714
5.80952
4.29524
7.31429
4.53333
5.07619
5.69524
9.58095
9.65714
5.98095
7.02857
4.52381
4.88571
6.28571
5.47619
7.49524
8.6381
4.32381
8.93333
5.41905
5.53333
5.34286
5.25714
12.0571
7.07619
10.3714
8.57143
7.45714
7.19048
7.13333
8.11429
7.89524
10.6667
6.40952
7.42857
4.42857
8
8.87619
4.39048
10.219
8.5619
5.51429
6.0381
4.4
4.45714
7.69524
9.49524
7.20952
7.04762
6.8
6.28571
11.9619
8.13333
7.53333
6.40952
10.1238
4.67619
6.99048
9.46667
5.44762
4.99048
5.35238
8.9619
5.8381
7.58095
6.5619
8.87619
6.66667
6.78095
5.10476
4.64762
8.87619
7.61905
8.60952
7.7619
5.9619
5.50476
5.97143
8.48571
5.87619
5.27619
6.20952
9.2381
5.11429
5.47619
8.66667
4.81905
5.11429
6.28571
7.11429
8.84762
9.21905
5.81905
9.79048
5.78095
9.13333
6.35238
9.68571
6.80952
4.60952
4.27619
4.53333
5.08571
5.81905
5.78095
6.34286
13.181
7.95238
7.84762
14.619
10.0952
6.21905
12.4952
7.4381
8.17143
10.5429
6.13333
11.4952
8.84762
4.4
9.00952
7.98095
10.4476
11.3143
6.0381
6.93333
7.81905
7.4
8.25714
5.31429
5.35238
4.9619
10.4952
6.8
4.26667
7.41905
6.79048
5.07619
6.14286
7.3619
7.24762
9.97143
9.84762
4.60952
5.50476
5.37143
6.71429
7.8381
9.22857
8.81905
11.2857
10.419
8.39048
7.3619
5.07619
7.50476
9.07619
7.24762
8.69524
5.20952
5.45714
7.28571
8.2
7.14286
4.42857
11.0095
6.51429
14.2
8.08571
10.0857
7.91429
6.17143
7.90476
10.1429
4.04762
8.2381
8.98095
4.73333
6.4
9.64762
7.99048
4.69524
4.11429
6.08571
4.10476
9.77143
8.19048
8.64762
11.0286
7.2
9.92381
13.019
8.34286
8.73333
5.12381
5.87619
8.8381
5.66667
6.32381
6.41905
7.51429
5.15238
4.3619
7.47619
7.87619
4.33333
6.31429
8.3619
7.54286
5.77143
9.88571
7.02857
9.66667
8.70476
4.01905
8.58095
8.19048
7.6381
6.91429
7.10476
6.8381
11.6571
8.50476
10.6
7.21905
9.70476
5.8381
5.97143
10.9905
8.57143
7.02857
5.73333
4.61905
5.12381
7.33333
4.55238
6.58095
4.65714
6.86667
5.85714
5.39048
9.17143
8.39048
7.3619
6.22857
8.45714
9.93333
6.27619
7.08571
4.38095
6.30476
12.2857
5.8381
4.9619
6.34286
5.97143
10.7143
4.62857
6.06667
8.29524
6.67619
9.28571
6.71429
6.35238
4.95238
6.00952
4.6
5.54286
7.52381
6.46667
8.01905
7.85714
5.67619
6.24762
11.1238
7.39048
10.4857
5.6
8.47619
10.2571
8.20952
7.32381
6.82857
8.78095
6.08571
9.3619
9
5.2
8.31429
8.45714
7.75238
9.44762
6.8381
6.3619
6.29524
4.93333
6.2
5.0381
7.71429
12.619
4.09524
8.44762
5.75238
9.28571
8.50476
9.19048
8.18095
11.0286
5.24762
5.48571
6.20952
6.89524
9.86667
6.75238
11.0476
4.59048
8.18095
7.18095
5.27619
9.95238
7.02857
5.50476
5.31429
4.29524
7.94286
7.1619
6.82857
9.4
11.8857
6.81905
8.8381
6.95238
6.94286
6.67619
8.71429
8.32381
4.64762
9.98095
4.27619
8.62857
5.73333
10.8095
11.1143
5.8381
7.84762
7.4381
10.4
4.38095
4.67619
5.71429
7.35238
5.37143
8.02857
8.26667
5.77143
9.85714
5.70476
6.14286
4.06667
6.14286
4.9619
10.0571
8.08571
7.10476
9.73333
6.09524
6.55238
7.75238
7.37143
8
8.24762
4.08571
7.28571
5.49524
7.20952
5.91429
4.39048
9.25714
5.44762
4.15238
7.1619
6
5.26667
5.97143
7.51429
5.25714
8.64762
4.24762
8.70476
5.57143
8.74286
6.19048
9.22857
4.24762
7.49524
7.00952
7.91429
9.0381
7.91429
4.54286
7.12381
6.74286
4.60952
8.35238
11.4095
6.54286
4.4381
7.21905
6.91429
5.82857
8.28571
4.86667
4.50476
12.8571
14.4
8
8.78095
10.419
6.20952
4.30476
5.67619
5.39048
8.97143
4.52381
10.8095
7.64762
10.6571
6.33333
4.47619
9.00952
4.37143
9.79048
5.24762
7.30476
6.80952
6.04762
8.31429
6.38095
4.71429
4.41905
4.31429
6.51429
6.85714
4.60952
7.78095
6.54286
9.86667
4.52381
7.85714
5.69524
4.5619
4.28571
9.3619
13.0952
5.62857
5.82857
6.80952
8.90476
9.30476
4.05714
8.2381
8.21905
8.2
5.39048
5
7.75238
10.3905
11.0762
6.6381
9.77143
5.87619
6.19048
8.47619
5.98095
7.81905
6.21905
5.97143
5.27619
9.29524
6.37143
4.53333
6.59048
4.78095
6.92381
9.46667
6.55238
6.4
12.8667
9.1619
7.09524
5.4381
6.4
5.80952
6.5619
6.98095
10.2381
11.1619
6.25714
7.27619
10.4667
6.9619
6.69524
8.18095
6.44762
6.5619
6.59048
11.3714
4.60952
7.1619
7.30476
6.1619
7.60952
8.28571
6.8
6.05714
4.18095
5.71429
6.84762
6.58095
5.45714
5.95238
5.32381
6.64762
5.31429
9.30476
8.81905
5.70476
8.79048
5.33333
8.79048
4.73333
7.64762
10.9238
7.31429
6.72381
4.4
6.3619
7.25714
5.31429
5.73333
5.44762
5.70476
7.33333
9.75238
6.69524
7.12381
5.72381
5.97143
8.3619
10.7905
4.8
5.17143
6.77143
7.97143
8.82857
6.59048
4.28571
4.4381
9.99048
5.73333
10.1714
5.92381
9.53333
5.49524
6.58095
6.8
7.11429
9.01905
7.62857
12.3524
6.2381
8.70476
5.82857
4.37143
4.38095
11.1048
8.15238
6.9619
6.6381
7.80952
7.11429
6.87619
8.89524
5.13333
7.52381
6.50476
5.65714
8.06667
7.42857
8.94286
9.21905
5.90476
6.68571
4.59048
4.20952
4.47619
5.61905
10.9143
4.99048
7.48571
5.99048
5.08571
5.98095
4.2381
7.50476
11.5619
5.51429
4.61905
6.18095
6.61905
10.981
10.5905
9.39048
6.68571
9.54286
5.22857
7.98095
4.4
6.81905
6.60952
4.27619
6.94286
8.01905
5.66667
7.64762
8.53333
7.41905
7.42857
5.22857
9.48571
6.30476
6.95238
7.65714
7.60952
7.8
6.02857
9.5619
8.00952
11.0476
6.29524
5.44762
9.21905
10.8571
9.18095
6.46667
5.50476
9.30476
5.61905
4.11429
9.90476
5.30476
7.55238
4.25714
11.0667
11.8571
8.00952
11.2286
6.14286
9.38095
6.65714
7.95238
9.66667
9.89524
6.05714
4.61905
5.59048
8.6
7.97143
8.02857
5.58095
7.57143
6.61905
8.22857
8.15238
7.7619
8.8
12.8571
8.00952
7.62857
4.94286
6.21905
7.81905
7.77143
5.80952
5.68571
4.51429
6.31429
6.04762
4.53333
8.06667
4.54286
7.57143
5.26667
5.31429
4.37143
6.27619
4.97143
5.4381
8.46667
11.1905
7.13333
4.22857
11.6476
8.57143
10.1048
6.82857
8.60952
4.59048
6.86667
7.02857
6.04762
7.49524
7
4.38095
5.61905
7.09524
5.48571
6.34286
6.67619
6.39048
6.28571
4.69524
10.3333
7.8
5.17143
4.52381
6.82857
7.30476
10.5429
4.39048
7.70476
4.6381
9.32381
6.24762
7.20952
5.53333
7.82857
9.38095
4.99048
10.8
6.20952
7.54286
13.6571
4.70476
4.84762
9.57143
7.86667
7.93333
6.64762
4.87619
4.69524
8.26667
4.15238
8.30476
4.88571
8.87619
5.87619
9.54286
5.05714
6.62857
7.37143
10.8095
4.97143
9.62857
10.1238
6.00952
11.381
6
4.75238
4.39048
11.0667
11.7905
8.89524
8.13333
7.27619
7.26667
4.33333
10.1714
6.41905
6.27619
7.60952
7.78095
8.18095
7.85714
6.01905
5.95238
7.52381
6
5.64762
8.51429
8.6381
9.70476
10.0476
9.68571
10.0857
8.94286
11.9143
6.75238
6.11429
8.91429
4.0381
4.5619
5.20952
12.781
6.75238
9.89524
6.73333
9.46667
4.62857
5.9619
5.86667
7.97143
6.06667
9.40952
11.8381
7.28571
8.2
4.2381
4.94286
4.39048
6.15238
8.15238
5.62857
6.46667
9.71429
9.46667
10.7619
5.40952
4.38095
8.62857
5.47619
7.75238
4.95238
4.6
4.2
8.21905
4.6381
4.69524
5.60952
6.07619
6.74286
7.55238
5.90476
7.13333
8.07619
8.93333
10.9429
8.5619
9.57143
6.62857
10.1429
6.95238
6.72381
6.12381
10.1524
8.25714
4.5619
5.9619
4.19048
9.33333
10.6762
11.6381
8.20952
5.8381
6.55238
4.8381
6.15238
5.73333
4.93333
4.1619
4.40952
6.48571
6.46667
8.42857
4.9619
6.97143
8.51429
6.87619
6.17143
6.20952
8.87619
5.89524
6.73333
8.78095
8.24762
4.52381
12.0571
7.41905
8.08571
5.6
6.81905
7.88571
5.71429
11.3429
11.8476
4.32381
4.85714
5.90476
8.84762
10.181
9.80952
6.54286
6.52381
7.1619
6.66667
8.50476
7.64762
10
9.24762
6.73333
6.08571
7.12381
9.69524
5.75238
4.55238
8.5619
5.45714
7.10476
5.8381
6.15238
4.20952
6.31429
6.64762
6.01905
5.15238
9.33333
7.72381
7.80952
8.09524
4.90476
7.84762
7.95238
9.08571
10.3048
9.6
6.74286
4.5619
4.04762
5.32381
6.67619
6.6
7.4381
8.93333
9.42857
9.33333
6.59048
4.28571
4.14286
6.49524
6.18095
5.35238
4.52381
6.48571
5.21905
7.29524
6.70476
4.55238
8.5619
9.11429
5.72381
10.0857
6.53333
8.97143
6.87619
8.9619
8.21905
10.1714
12.3619
10.4095
8.29524
7.37143
4.32381
8.0381
4.32381
6.33333
4.90476
5.57143
6.93333
8.49524
6.6
7.28571
4.2381
4.8
7.70476
5.53333
10.1429
9.48571
5.48571
6.4381
9.32381
5.70476
7.71429
5.57143
7.15238
5.84762
4.44762
6.09524
6.5619
7.08571
7.10476
4.46667
5.21905
7.72381
5.49524
6.21905
5.62857
4.87619
7.32381
6.90476
7.2
7.38095
10.9333
5.39048
4.74286
6.55238
10.4095
7.60952
4.04762
7.18095
7.27619
7.40952
8.28571
5.59048
8.47619
8.73333
8
4.80952
6.78095
4.18095
5.02857
6.3619
5.49524
7.3619
8.20952
10.3619
6.11429
4.67619
9.62857
4.28571
9.33333
8.5619
5.3619
10.5048
8.11429
5.15238
4.15238
9.10476
4.70476
5.22857
10.1143
10.5714
6.95238
5.8
6.27619
8.2
6.77143
4.6381
11.2381
10.7048
9.10476
4.70476
6.4
7.19048
9.58095
4.80952
7.48571
10.4952
12.5143
5.8
10.619
9.89524
4.0381
6.7619
9.4381
9.66667
4.81905
7.74286
5.2
8.01905
10.3238
6.44762
6.25714
6.8
6.66667
5.4
7.91429
7.9619
5.37143
6.55238
6.47619
6.35238
6
7.91429
4.29524
8.34286
6.45714
7.28571
6.93333
7.71429
4.80952
5.00952
4.60952
4.47619
9.5619
7.47619
6.12381
4.13333
5.64762
4.54286
11.6095
5.17143
7.11429
5.35238
11.6667
7.95238
5.11429
6.46667
9.61905
9.1619
5.07619
4.30476
4.46667
4.4
6.79048
4.15238
7.0381
11.3333
4.51429
12.2952
14.0286
4.82857
6.29524
7.21905
4.51429
6.84762
8.41905
5.57143
7.48571
6
8.78095
7.28571
8.1619
8.27619
10.5238
4.46667
11.2381
6.81905
12.0762
4.46667
12.9429
10.8762
11.2762
11.4
6.85714
4.40952
5.19048
6.90476
5.91429
8.30476
8.10476
6.30476
4.34286
5.04762
6.29524
4.68571
6.59048
11
4.59048
5.2
9.28571
8.90476
10.3048
9.37143
12.3048
7.07619
5.50476
7.77143
8.3619
7.24762
8.2381
7.38095
9.08571
5.61905
10.0952
5.61905
4.20952
6.47619
5.21905
4.07619
4.45714
6.90476
6.6381
4.3619
10.7333
9.10476
7.15238
8.15238
6.06667
7.01905
7.93333
9.95238
5.40952
6.18095
8.94286
9.50476
9.45714
4.74286
8.45714
6.12381
9.71429
8.64762
6.90476
9.70476
7.64762
6.02857
7.55238
6.3619
8.57143
8.41905
11.6857
6.64762
9.45714
8.80952
5.88571
5.73333
4.65714
7.38095
9.86667
8.09524
6.30476
8.9619
4.69524
6.18095
6.12381
8.85714
7.73333
4.15238
8.78095
6.04762
9.65714
7.5619
6.25714
4.52381
4.38095
6.84762
4.73333
5.86667
5.08571
7.64762
5.0381
4.34286
4.6
5.98095
16.219
10.581
6.40952
5.66667
6.34286
5.37143
7.11429
8.84762
8.11429
4.41905
5.10476
7.02857
8.80952
7.17143
8.00952
7.06667
7.11429
6.86667
6.52381
9.45714
6.70476
6.73333
7.64762
9.8381
4.74286
4.67619
7.8381
4.40952
7.91429
9
11.7333
9.80952
8.92381
6.29524
8.45714
9.45714
4.66667
4.42857
7.87619
4.4
8.2381
6.48571
9.81905
8.00952
7.24762
8.66667
6.10476
4.58095
9.11429
6.4
4.97143
4.2
6.13333
4.84762
5.61905
7.10476
11.4381
8.80952
9.35238
6.11429
6.94286
5.60952
11.7905
6.07619
8.6381
9.31429
6.92381
8.60952
8.49524
10.219
6.12381
4.62857
6.33333
16.3238
8.01905
9.90476
9.48571
8.99048
5.49524
5.90476
6.88571
9.6381
4.06667
11.0095
12.0381
6.88571
6.93333
9.64762
5.73333
7.27619
4.94286
8.6
12.5238
6.01905
4.32381
10.6571
6.99048
9.06667
4.9619
7.5619
7.67619
11.3143
7.82857
10.6952
7.86667
8.6
7.3619
6.2
8.52381
11.1238
5.9619
4.6
7.12381
6.00952
8.98095
7.62857
6.13333
4.08571
4.81905
4.60952
6.13333
5.66667
8.11429
5.97143
8.59048
4.57143
7.60952
5.19048
4.32381
4.33333
10.8
4.20952
6.80952
5.25714
7.21905
7.75238
6.1619
6.0381
5.64762
9.13333
6.22857
7.78095
4.06667
9.84762
4.24762
8.01905
5.64762
4.51429
6.41905
8.84762
9.21905
6.22857
9.27619
9.30476
14.981
5.59048
7.90476
4.47619
4.78095
4.49524
5.33333
10.7714
4.52381
8.04762
4.38095
4.2381
9.58095
7.4
6.19048
10.1619
5.17143
4.82857
7.65714
8.71429
5.95238
5.94286
6.81905
5.82857
6.35238
7.40952
8.32381
5.86667
5.80952
4.35238
4.47619
4.65714
7.93333
7.00952
6.65714
9.25714
8.35238
6.87619
5.38095
6.94286
11.4571
7.06667
7.40952
5.57143
6.31429
8.34286
8.28571
4.2
6.34286
5.73333
8.68571
4.48571
14.4571
9.08571
4.84762
9.7619
4.5619
8.35238
4.84762
4.90476
7.77143
9.29524
8.3619
7.66667
4.1619
7.30476
6.81905
4.92381
8.45714
8.20952
6.2
6.45714
6.19048
7.08571
5.70476
6.86667
6.78095
6.66667
4.39048
5.2381
4.6381
5.87619
5.32381
6.53333
6.02857
11.9905
4.19048
5.60952
5.14286
8.05714
4.91429
4.95238
7.18095
7.34286
6.41905
4.94286
6.09524
4.66667
4.61905
8.39048
6.40952
4.52381
5.67619
6.54286
8.71429
4.05714
4.8
9.51429
6.42857
10.381
5.42857
9.37143
7.50476
8.98095
10.5714
9.78095
6.17143
6.5619
11.1905
6.87619
7.07619
10.8952
7.99048
8.25714
11.4
7.60952
4.00952
7.94286
7.34286
6.40952
4
7.87619
6.01905
12.3048
11.3238
6.24762
9.73333
8.69524
11.3238
6.68571
7.51429
9.54286
7.00952
6.52381
9.82857
9.53333
7.28571
7.62857
8.71429
7.85714
7.5619
5.93333
6.04762
10.7619
4.55238
6.33333
4.34286
4.75238
8.20952
9.67619
7.01905
6.99048
4.2
7.3619
4.4381
12.4381
9.27619
9.8381
9.3619
6.04762
8.5619
6.93333
7.22857
7.93333
7.98095
5.06667
5.71429
6.79048
9.78095
7.89524
7.68571
9.42857
4.30476
5.48571
4.31429
8.4381
5.6
7.60952
4.75238
7.73333
8.1619
5.70476
7.14286
5.57143
9.11429
8.26667
8.35238
4.92381
8.49524
7.65714
7.92381
7.13333
9.55238
6.75238
5.53333
6.53333
7.74286
7.6381
9.3619
8.4
9.37143
10.2857
4.38095
5.12381
9.46667
4.4381
6.8
4.77143
4.58095
6.25714
5.46667
4.4
7.24762
4
7.70476
4.41905
8.8381
7.90476
4.92381
7.82857
4.41905
7.18095
5.12381
8.31429
6.91429
6.13333
8.71429
4.48571
4.66667
4.69524
6.68571
6.35238
8.0381
6.93333
4.21905
6.72381
7.61905
8.44762
5.18095
4.75238
7.25714
6.00952
4.47619
7.53333
7.37143
6.88571
7.50476
7.31429
7.42857
6.07619
4.89524
8.25714
10.7905
6.73333
8.4
6.45714
5.72381
6.25714
4.31429
7.61905
5.54286
8.0381
6.53333
7.40952
9.04762
7.86667
5.0381
6.33333
9.42857
4.2381
7.46667
5.40952
7.20952
8.40952
5.99048
6.62857
4.98095
6.08571
6.12381
4.94286
6.55238
5.32381
5.38095
4.22857
7.91429
11.3333
10.6381
7.97143
12.3524
4.99048
6.3619
4.66667
6.35238
9.86667
8.24762
9.69524
8.80952
9.61905
9.42857
6.65714
6.38095
7.62857
8.21905
8.46667
4.85714
6.12381
7.13333
16.6571
7.2
7.80952
6.77143
4.87619
9.67619
5.79048
4.31429
8.40952
8.99048
7.59048
9.59048
4.41905
5.51429
6.34286
7.6381
5
8.22857
6.28571
19.4571
8.6
6.46667
10.6667
7.88571
6.91429
8.14286
5.88571
8.07619
4.46667
8.2
4.12381
9.0381
7.2
8.27619
9.15238
12.4952
5.47619
4.45714
6.44762
4.42857
7.05714
10.2762
5.06667
9.86667
4.4
7.77143
9.49524
7.28571
7.35238
7.97143
4.75238
4.9619
5.61905
6.85714
6.64762
7.71429
6.25714
7.62857
5.22857
8.66667
4.33333
4.13333
4.50476
5.37143
6.34286
6.59048
5.5619
8.09524
6.7619
4.2381
4.12381
4.49524
4.62857
4.95238
5.86667
9.11429
11.7619
4.34286
6.71429
7.21905
9.81905
7.33333
6.60952
10.2095
4.47619
9.07619
10.9143
9.18095
9.0381
4.57143
4.33333
4.31429
4.42857
9.13333
12.6095
9.42857
11.8381
6.26667
13.7143
9.90476
10.2667
7.18095
12.019
4.82857
10.5619
4.25714
8.58095
7.80952
7.59048
8.20952
6.87619
4.84762
8.31429
4.79048
4.5619
5.68571
4.54286
4.49524
7.49524
6.34286
10.0286
4.10476
8.20952
10.7524
4.68571
8.17143
8.19048
6.45714
4.99048
5.17143
8.53333
6.70476
5.41905
4.44762
7.13333
6.91429
8.94286
10.3714
12.2
7.84762
6.70476
6.4
10.2952
7.4
6.4381
6.66667
4.6
6.84762
8.34286
6.35238
7.26667
7.31429
19.4857
8.18095
4.41905
4.68571
4.73333
7.46667
7.42857
4.52381
6.47619
4.29524
4.44762
7.28571
4.95238
7.4381
4.28571
12.3238
8.54286
4.48571
5.57143
5.51429
12.1333
4.40952
7.15238
6.93333
6.34286
6.99048
11.781
8.13333
5.77143
6.6381
4.42857
4.32381
4.6381
5.3619
9.06667
7.6381
6.5619
8.92381
5.30476
5.8
7.77143
7.39048
4.94286
5.64762
9.04762
5.73333
5.31429
6.90476
8.09524
7.39048
7.60952
4.93333
5.94286
4.14286
4.18095
7.68571
6.93333
5.01905
8.64762
7.1619
9.57143
4.40952
4.62857
4.6
4.77143
10.3143
8.22857
5.26667
4.26667
4.4381
7.24762
6.30476
7.05714
4.6381
4.55238
7.4381
6.26667
4.49524
6.8381
6.6
8.87619
5.90476
4.18095
9.17143
4.07619
8.84762
8.77143
9.01905
6.80952
8.5619
4.47619
7.90476
6.1619
9.01905
7.73333
8.35238
6.92381
6.48571
6.22857
10.9714
11.2
4.01905
8.11429
8.99048
6.10476
6.9619
6.21905
4.85714
6.47619
4.46667
7.49524
7.31429
4.94286
8.4381
6.81905
6.50476
4.75238
11.3143
4.39048
4.48571
6.21905
9.0381
8.92381
4.12381
8.64762
8.5619
8.45714
11.7238
4.22857
4.22857
8.6
6.5619
8.4
5.78095
5.71429
6.88571
11.4095
7.0381
9.46667
5.89524
8.4
6.95238
7.55238
7.8381
7.09524
4.38095
8.89524
5.6381
6.85714
9.57143
5.27619
4.37143
4.20952
4.67619
4.2381
9.97143
6.72381
7.2381
6.61905
6.3619
6.71429
7.7619
3.18095
3.7619
7.61905
6.69524
5.44762
5.48571
6.78095
3.2
4.50476
3.17143
5.78095
8.65714
8.3619
4.9619
3.42857
3.4
7.05714
3.2
6.14286
3.11429
3.22857
3.25714
6.69524
5.2381
3.69524
8.51429
5.4381
5.78095
9.00952
6.17143
5.32381
3.52381
3.89524
5.06667
8.41905
5.3619
7.02857
4.82857
5
5.89524
6.52381
3.60952
4.4381
10.3048
6.52381
9.20952
5.61905
4.64762
5.18095
4.21905
6.33333
8.69524
4.69524
7.05714
6
3.85714
3.68571
4.67619
6.28571
6.86667
3.87619
4.65714
7.53333
9.35238
3.29524
8.2381
7.11429
3.8
4.09524
3.25714
11.9048
5.20952
5.88571
8.12381
5.14286
6.11429
6.07619
6.64762
11.2762
7.99048
7.51429
7.27619
10.4952
5.46667
5.74286
5.78095
3.22857
3
6.57143
4.01905
6.34286
3.67619
3.39048
3.57143
4.88571
6.39048
3.37143
4.53333
4.91429
3.20952
6.27619
5.6381
5.42857
3.47619
6.51429
8.60952
3.72381
4.87619
7.57143
9.19048
7.39048
3.58095
6.1619
4.53333
5.7619
3.39048
3.46667
5.35238
3.58095
5.32381
6.32381
4.79048
6.00952
5.24762
6.58095
3.4381
6.28571
4.30476
4.67619
5.97143
5.53333
4.61905
4.30476
7.34286
6.2381
5.58095
3.2
3.01905
3.33333
4.97143
5.40952
3.46667
8.2381
5.91429
5.38095
3.4381
7.31429
3.32381
7.70476
3.42857
3.59048
4.67619
4.28571
3.67619
5.64762
4.52381
4.85714
4
5.81905
5.40952
3.90476
3.94286
3.69524
10.181
7.21905
5.28571
3.75238
4.90476
6.05714
7.95238
5.82857
6.87619
3.21905
10.4476
11.619
3.82857
4.5619
7.47619
4.55238
6.68571
5.4
6.45714
4.19048
6.25714
3.17143
5.17143
3.40952
3.65714
3.27619
7
3.07619
5.15238
5.8381
3.78095
5.32381
18.4571
4.85714
4.09524
3.79048
7.74286
3.2
5.84762
3.26667
6.05714
3.38095
7.30476
8.81905
5.05714
8.87619
5.00952
4.39048
5.7619
5.00952
4.11429
5.24762
4.85714
6.42857
4.87619
8.89524
5.65714
3.15238
8.91429
3.82857
6.9619
3.4
3.04762
5.80952
6.1619
5.62857
3.06667
5.40952
6.17143
6.8381
5.2
5.05714
4.2
6.19048
6.02857
7.81905
6.28571
4.24762
3.27619
8.25714
8.45714
6.27619
3.91429
8
4.34286
5.08571
3.57143
12.5429
3.27619
7.93333
3.02857
6.48571
5.87619
12.7429
3.81905
4.60952
3.6381
5
6.49524
10.7714
3.75238
3.28571
10.2952
5.8381
3.28571
8.47619
6.82857
6.09524
9.33333
5.40952
7.78095
5.18095
5.37143
7.6
9.9619
4.89524
6.55238
3.5619
3.12381
5.48571
4.81905
8.68571
6.01905
3.19048
3.51429
3.71429
3.15238
5.29524
3.21905
6.90476
3.61905
5.57143
5.38095
8.17143
4.26667
7.73333
7.59048
6.00952
3.20952
6.44762
6.86667
4.92381
4.13333
3.20952
5.08571
6.4
5.3619
6.59048
3.24762
8.04762
3.70476
3.13333
5.42857
3.94286
3.21905
8.8
3.97143
3.85714
3.67619
3.59048
3.4381
3.50476
6.11429
3.18095
3.88571
3.50476
3.5619
3.82857
6.07619
5.44762
3.3619
5.45714
8.37143
3.58095
6.19048
7.78095
5.07619
5.8
3.5619
8
4.94286
3.7619
7.47619
3.7619
5.4
6.30476
4.22857
5.78095
5.82857
7.08571
5.81905
5.77143
7.92381
8.86667
3.2
8.69524
4.44762
6.26667
10.7333
8.48571
5.93333
4.85714
6.8
3.37143
3.37143
3.24762
5.78095
6.08571
3.2
5.49524
3.26667
10.2952
5.3619
7.29524
7.09524
8.61905
10.7905
3.08571
5.28571
3.74286
5.3619
7.04762
6.41905
4.25714
5.7619
3.30476
5.47619
4.5619
5.8381
10.3905
8.45714
6.72381
5.37143
28.4476
7.25714
6.89524
3.61905
3.68571
3.14286
4.79048
6.93333
7.08571
7.22857
5.8
6.6
3.46667
6.50476
3.32381
3.2
3.12381
3.66667
9.80952
3.81905
6.49524
5.50476
6.80952
5.62857
7.67619
4.70476
5.49524
4.81905
4.31429
3.31429
6.25714
6.00952
8.92381
3.49524
3.69524
6.32381
4.94286
7.64762
5.2381
6.13333
6.05714
7.82857
8.67619
4.00952
3.52381
6.2381
5.21905
3.24762
6.34286
3.11429
8.10476
7.01905
4.53333
3.0381
6.05714
3.19048
5.67619
3.78095
3.85714
6.35238
6.05714
4.98095
5.49524
7.60952
6.4381
6.07619
3.54286
5.75238
5.93333
7.0381
5.81905
9.51429
6.87619
3.4
4.92381
3.29524
7.65714
5.07619
6.94286
3.2
4.21905
5.21905
5.73333
3.18095
3.54286
3.07619
4.72381
6.07619
4.55238
6.0381
8.53333
5.0381
4.18095
4.73333
6.10476
5.48571
3.31429
6.59048
4.60952
3.89524
4.25714
3.14286
3.40952
7.07619
7.67619
4.73333
4.86667
4.49524
7.98095
3.31429
8.13333
5.48571
7.99048
6.34286
7.47619
4.2381
5.11429
5.93333
4.45714
3.02857
9.01905
8.97143
7.06667
6.69524
5.99048
8.39048
6.91429
5
7.26667
8.95238
5.22857
7.58095
7.74286
5.44762
5.2
6.4
3.27619
3.10476
8.33333
3.27619
3.35238
3.31429
8.2381
4.04762
6.25714
3.57143
4.78095
5.58095
3.08571
3.59048
5.11429
3.4
4.85714
6.69524
3.54286
3.93333
5.70476
6.6381
3.22857
4.39048
4.8
5.8381
3.5619
3.10476
3.1619
5.9619
3.19048
3.62857
3.95238
3.62857
3.97143
3.38095
5.09524
3.02857
6.9619
5.07619
8.87619
5.21905
6.06667
4.84762
6.14286
8.28571
4.53333
3.34286
3.0381
3.4
4.94286
4.57143
5.04762
6.79048
9.97143
5.79048
3.34286
9.91429
6.32381
5.61905
3.19048
3.35238
3.14286
3.37143
5.46667
5.90476
8.11429
3.7619
8.2
8.2
8.88571
4.70476
6.5619
5.8381
7.97143
8.57143
3.39048
4.09524
3.2381
5.53333
5.8
5.31429
5.4381
6.52381
7.5619
3.68571
5.06667
5.95238
3.51429
3.22857
5.33333
8.6
3.26667
12.6476
4.74286
8.1619
7.62857
7.5619
6.97143
3.69524
5.89524
3.32381
3.25714
3.54286
5.15238
8.8
3.48571
5.48571
8.15238
3.38095
3.53333
3.37143
6.51429
6.93333
6.46667
4.82857
6.49524
3.38095
4.60952
3.78095
5.54286
8.37143
5.55238
5.26667
5.47619
6.09524
6.30476
3.44762
3.54286
5.27619
3.68571
4.97143
4.94286
3.33333
8.62857
5.14286
3.2381
3.21905
5.87619
3.53333
6.12381
7.6381
3.24762
3.38095
3.26667
3.32381
5.39048
4.59048
5.21905
3.62857
7.17143
5.14286
6.64762
3.40952
7.33333
3.24762
3.69524
4.06667
6.11429
3.25714
3.4381
6.22857
6.05714
4.87619
3.89524
4.59048
5.21905
3.79048
3.57143
4.18095
9.19048
4.48571
4.05714
4.34286
5.44762
6.78095
5.45714
5.61905
3.4
8.42857
3.81905
4.26667
9.2381
3.50476
6.80952
3.09524
5.25714
5.05714
3.44762
7.5619
3
5.40952
7.4
3.92381
3.67619
3.29524
9.11429
7.6381
4.73333
3.4381
7.89524
3.27619
4.99048
6.95238
7.42857
3.17143
3.41905
5.95238
3.22857
3.4381
9.57143
3.4
6.2
3.9619
9.35238
4.24762
6.06667
6.15238
4.66667
3.3619
3.46667
3.10476
10.7048
6.87619
5.79048
5.85714
3.20952
4.80952
7.19048
3.49524
7.21905
8.89524
3.37143
7.6
3.39048
5.07619
8.54286
5.55238
3.93333
5.61905
6.24762
4.95238
11.7429
6.51429
5.29524
3.35238
3.41905
3.1619
3.39048
4.90476
9.14286
3.20952
3.3619
3.27619
3.15238
3.0381
3.37143
7.07619
4.00952
3.32381
7.47619
3.46667
9.02857
7.65714
7.12381
9.12381
5.79048
3.07619
5.22857
3.28571
8.46667
5.25714
6.00952
3.0381
5.4381
4.89524
3.39048
3.52381
3.67619
5.6
7.37143
3.09524
7.0381
3.49524
8.0381
6.35238
3.39048
4.1619
5.61905
6.32381
7.4
5.31429
5.18095
5.3619
3.88571
6.29524
7.42857
5.7619
3.80952
7.67619
5.95238
3.14286
3.28571
5.46667
4.70476
3.68571
3.46667
5.79048
6.52381
3.26667
3.34286
8.6
6.71429
5.04762
5.34286
7.65714
8.82857
6.94286
5.06667
8.73333
5.28571
3.69524
3.2381
3.52381
3.1619
7.47619
3.79048
3.41905
3.26667
6.3619
8.1619
4.35238
8.48571
6.13333
4.51429
8.32381
4.62857
4.5619
6.14286
3.41905
5.12381
4.84762
4.7619
4.97143
4.49524
8.64762
6.0381
5.26667
5.21905
7.35238
3.46667
5.47619
6.6381
3.17143
7.24762
6.01905
7.99048
4.48571
7.12381
3.86667
4.88571
6.93333
6.02857
5.28571
4.69524
3.71429
3.79048
5.18095
9.04762
7.70476
3.51429
5.01905
6.17143
3.60952
8.79048
6.6381
8.78095
8.45714
7.64762
8.20952
6.68571
7.46667
5.97143
3.49524
6.4
6.66667
3.45714
8.66667
7.6
7.53333
5.10476
5.04762
3.30476
8.57143
8.29524
7.42857
3.33333
5.41905
3.93333
3.00952
5.93333
8.12381
3.37143
3.21905
8.72381
7.73333
8.8
3.25714
3.30476
4.19048
4.68571
3.99048
3.4381
5.38095
3.87619
3.10476
3.7619
4.8
4.89524
5.48571
6.15238
5.98095
6.50476
4.6381
13.6095
3.20952
4.58095
6.62857
3.12381
3.21905
3.09524
7.44762
5.68571
4.1619
3.58095
4.2
3.11429
3.05714
4.11429
5.00952
5.30476
3.10476
4.50476
5.32381
4.3619
3.32381
5.35238
5.00952
8.17143
6.15238
5.68571
5.55238
5.68571
8.75238
5.65714
4.71429
3.31429
5.60952
3.32381
3.72381
4.52381
8.65714
4.84762
3.2381
3.10476
3.24762
5.95238
3.46667
3.54286
8.97143
7.86667
6.30476
5.35238
3.40952
5.38095
6.66667
6.40952
4.37143
7.01905
5.2
5.29524
3.46667
8.51429
4.21905
4.49524
7.6
6.12381
6.90476
5.39048
7.29524
7.90476
3.28571
5.45714
6.86667
6.00952
3
5.11429
4.97143
7.44762
5.4381
3.48571
9.33333
3.8381
3.73333
3.86667
3.40952
3.45714
7.94286
5.10476
5.8
5.28571
3.93333
7.61905
7.54286
7.21905
9.33333
3.20952
4.07619
3.62857
4.87619
6.87619
7.84762
5.6
3.40952
5.54286
3.24762
8.62857
5.26667
5.88571
3.5619
7.2
8.05714
6.22857
4.66667
5.18095
7.51429
3.78095
3.29524
6.6
4.79048
5.62857
5.10476
8.02857
3
5.32381
9.89524
3.45714
5.26667
3.90476
3.79048
6.2
8.64762
4.3619
5.69524
8.48571
4.87619
6.97143
5.59048
7.46667
3.4381
3.07619
4.21905
6.19048
3.37143
6.51429
5.61905
9.8
3.44762
6.2381
6.0381
5.95238
3.38095
8.4
11.8286
6.64762
5.01905
7.8381
7.27619
4.60952
7.70476
10.0952
6.26667
5.13333
8.13333
7.6381
7.89524
5.89524
7.89524
8.30476
5.4
6.72381
3.2
5.44762
8.6381
5.6
8.81905
9.34286
5.89524
6.59048
9.92381
6.2381
3.29524
6.09524
7.47619
3.6381
5.6381
5.2381
8.25714
6.4
5.13333
11.5619
3.17143
5.18095
3.3619
6.54286
4.8381
3.18095
3.55238
7.79048
4.88571
4.86667
3.27619
11.181
9.20952
4.86667
3.78095
6.17143
6.07619
3.24762
6.6
4.79048
3.54286
5.24762
8.42857
3.47619
6.22857
5.3619
4.84762
5.61905
3.04762
5.81905
6.62857
9.31429
9.13333
3.35238
3.68571
5.66667
7.93333
3.7619
7.00952
3.70476
3.42857
9.2
3.41905
3.39048
9.87619
4.94286
6.00952
9.34286
7.22857
5.72381
3.88571
5.85714
5.55238
10.2857
5.4
4.01905
6.24762
7.21905
6.24762
3.87619
5.61905
6.50476
5.60952
3.46667
4.37143
5.32381
3.01905
8.58095
3.85714
7.4
8.65714
6.98095
8.65714
6.85714
3.52381
6.24762
4.8
4.46667
5.04762
8.73333
6.62857
5.6
3.39048
3.64762
3.21905
3.20952
5.38095
7.59048
4.88571
3.0381
7.57143
3.34286
5.2
3.25714
3.84762
3.28571
6.00952
6.34286
8.4
4.52381
3.37143
7
3.27619
6.14286
3.22857
8.65714
10.1143
4.89524
3.3619
9.12381
8.45714
3.12381
3.34286
5.90476
8.95238
8.21905
3.42857
5.77143
3.04762
9.8
5.50476
8.44762
5.11429
6.97143
3.48571
3.09524
5.60952
3.1619
5.85714
7.6
6.27619
7.08571
5.13333
6.50476
5.73333
4.75238
3.38095
8.35238
6.41905
3.31429
5.57143
8.69524
3.7619
3.20952
5.6381
6.10476
3.07619
9.94286
7.2
3.00952
5.19048
6.44762
5.12381
5.08571
5.65714
5.58095
3.11429
4.69524
7.35238
5.21905
5.46667
7.11429
3.17143
7.46667
6.19048
6.14286
5.12381
3.35238
6.0381
4.92381
3.47619
6
8.54286
7.64762
3.44762
5.2381
3.24762
8.07619
3.87619
6.85714
4.98095
6.52381
3.31429
6.29524
3.42857
8.24762
3.99048
9.40952
6.72381
3.55238
3.00952
5.5619
3.15238
8.2381
9.80952
5.35238
3.69524
3.31429
5.10476
5.86667
6.97143
3.48571
6.55238
3.22857
5.05714
13.5714
7.46667
8.79048
5.89524
4.87619
3.34286
4.78095
9.04762
3.2
5.06667
3.70476
3.45714
9.42857
4.59048
3.2381
4.2381
3.06667
7.11429
3.33333
5.0381
6.65714
5.29524
5.27619
5.39048
7.89524
4.66667
5.79048
5.29524
3.78095
3.20952
3.58095
4.80952
5.5619
4.88571
3.09524
6.4381
5.87619
3.75238
3.54286
4.79048
3.11429
3.07619
3.34286
6.32381
5.24762
3.81905
3.3619
5.80952
5.92381
5.32381
3.2
8.39048
7.27619
3.18095
3.6
3.17143
5.84762
3.41905
3.26667
7.2
3.34286
3.06667
3.19048
8.51429
3.32381
3.1619
9.98095
3.47619
5.22857
5.08571
5.97143
4.64762
4.44762
4.88571
7.80952
5.45714
7.9619
5.64762
6.50476
9.86667
6.18095
5.06667
6.65714
7.46667
5.35238
5.22857
3.35238
3.75238
4.89524
6.48571
5.6
3.74286
3.21905
4.52381
5.1619
5.54286
3.90476
4.22857
4.54286
4.90476
6.06667
3.68571
3
9.24762
5.09524
5.71429
5.68571
4.47619
5.72381
6.25714
3.27619
3.11429
5.67619
5.77143
3.35238
3.61905
4.49524
11.7333
6.53333
5.93333
10.0286
8.98095
4.5619
3.44762
3.42857
3.89524
5.1619
5.80952
5.98095
3.1619
4.75238
4.70476
9.71429
6.75238
8.12381
5.22857
3.22857
3.7619
7.1619
4.78095
8.38095
9.05714
5.70476
4.81905
8.09524
5.75238
5.2381
5.55238
3.22857
3.2381
3.66667
3.2
4.4
3.31429
3.8
7.11429
6.29524
6.46667
8.45714
5.10476
6.81905
3.19048
7.65714
8.37143
5.72381
5.46667
9.27619
5.28571
3.34286
4.59048
7.81905
10.2571
3.09524
5.28571
3.29524
7.06667
3.18095
3.4381
5.24762
4.48571
4.66667
3.4
5.34286
6.82857
3.66667
3.81905
3.8381
5.72381
4.46667
5.49524
3.6
3.28571
3.65714
6.22857
4.17143
7.2
5.00952
3.5619
9.14286
5.84762
3.39048
10.0952
7.38095
5.8381
4.05714
7.73333
6.69524
5.79048
5.32381
7.9619
4.08571
4.30476
8.59048
3.24762
6.22857
5.58095
5.58095
6.46667
4.88571
3.21905
6.10476
7.50476
3.27619
7.25714
3.07619
4.22857
6.91429
5.29524
6.34286
3.4381
3.9619
7.13333
6.86667
7.12381
7.77143
7.7619
3.39048
3.12381
7.42857
4.0381
3.15238
4.53333
4.95238
8.55238
4.37143
9.39048
3.04762
4.37143
6.10476
4.46667
4.25714
6.04762
5.49524
6.44762
5.53333
5.59048
3.33333
6.26667
10.0381
3.49524
7.15238
7.62857
3.08571
6.37143
6.27619
5.99048
6.20952
4.05714
8.44762
3.54286
4.8
7.6
4.99048
3.13333
5.8381
9.51429
5.90476
6.37143
5.25714
4.32381
8.53333
3.19048
5.00952
3.24762
5.2381
3.11429
9.51429
4.07619
6.32381
3.30476
3.18095
3.3619
5.31429
5.22857
5.89524
8.90476
4.22857
5.5619
4.55238
7.14286
5.8381
5.25714
4.70476
8.78095
5.61905
3.8
4.46667
8.4
3.65714
5.52381
6.46667
3.61905
4.97143
6.32381
7.6
3.72381
5.89524
3.62857
4.3619
9.82857
4.91429
3.28571
7.26667
3.71429
3.66667
5
3.47619
7.07619
4.92381
3.4
3.25714
5.51429
6.72381
5.49524
5.70476
4.66667
8.00952
3.7619
3.65714
3.55238
3.31429
5.68571
3.2
7.27619
4.26667
3.37143
3.06667
3.4
8.29524
3.89524
4.64762
3.09524
3.30476
7.17143
4.0381
3.14286
6.0381
3.2381
3.50476
8.17143
3.18095
7.21905
4.59048
7.28571
7.0381
5.67619
5.26667
6.5619
11.4476
8.08571
3.30476
5.73333
3.20952
8.21905
6.25714
3.72381
4.67619
10.7143
3.51429
9.29524
6.13333
5.81905
3.60952
4.65714
3.14286
5.01905
7.67619
6.4
7.07619
7.92381
3.8
5.71429
3.17143
7.62857
9.55238
3.13333
3.1619
3.21905
5.21905
5.53333
10.9524
8.07619
9.1619
8.0381
3.54286
5.66667
8.06667
4.21905
8.34286
6.25714
9.54286
5.24762
3.30476
4.51429
5.11429
5.67619
5.57143
7.0381
5.59048
5.66667
7.02857
3.80952
3.3619
6.50476
8.28571
3.29524
7.37143
3.30476
7.6381
4.22857
5.57143
4.88571
5.72381
5.35238
7.39048
6.28571
5.00952
3.2381
5.94286
6.4
6.53333
7.54286
6.40952
7.70476
6.47619
3.8381
6.94286
5.19048
9.06667
3.65714
3.31429
4.74286
6.46667
4.41905
5.66667
4.80952
5
3.28571
3.85714
5.45714
5.42857
6.58095
3.73333
8.73333
5.32381
7.35238
7.58095
5.08571
3.90476
3.51429
5.2
3.28571
5.26667
3.47619
7.44762
5.89524
3.09524
3.13333
3.32381
4.60952
3.12381
5.14286
9.39048
7.77143
5.17143
8.38095
5.18095
6.5619
4.62857
5.61905
5.44762
7.30476
5.49524
6.07619
7.66667
3.28571
5.22857
4.62857
6.71429
7.07619
3.15238
4.12381
8.17143
5.88571
3.8
3.31429
3.39048
4.9619
3.49524
5.92381
4.59048
3.51429
3.15238
5.10476
3.46667
4.70476
8.22857
3.9619
3.58095
6.5619
5.21905
4.82857
7.90476
9.22857
4.7619
5.45714
6.22857
7.12381
3.1619
5.28571
4.6
3.58095
3.41905
7.32381
5.53333
5.26667
3.57143
6.75238
5.9619
6.68571
6.04762
5.98095
8.5619
9.18095
5.06667
5.33333
3.64762
6.05714
6.9619
5.88571
3.34286
3.17143
5.01905
5.34286
3.11429
3.80952
9.8381
8.05714
6.46667
5.61905
3.37143
6.77143
3.24762
3.90476
4.8381
8.59048
7.27619
4.86667
3.40952
7.61905
5.38095
5.2381
7.53333
4.6381
7.32381
3.48571
8.72381
3.32381
6.8
3.3619
5.40952
3.81905
7.33333
3.4381
8.30476
3.69524
6.7619
3.3619
9.50476
5.49524
3.46667
5.19048
6.93333
7.29524
3.44762
3.48571
8.14286
3.74286
5.13333
5.6
5.2
3
3.71429
6.48571
4.3619
7.4381
3.71429
4.99048
3.21905
5.50476
6.4
5.64762
11.6667
7.74286
6.75238
3.95238
4.26667
3.17143
7.26667
3.34286
3.11429
5.87619
3.64762
3.3619
5.2381
5.82857
4.20952
3.65714
3.66667
6.12381
3.11429
3.51429
7.18095
5.77143
6.26667
4.26667
6.24762
3.24762
3.78095
5.53333
4.8381
4.11429
8.98095
6.1619
4.10476
5.31429
6.01905
3.78095
8.98095
7.6
5.07619
5.29524
3.34286
3.84762
3.75238
6.71429
3.20952
18.5238
3.2
5.21905
7.21905
5.12381
3.13333
6.35238
3.47619
5.64762
3.59048
6.24762
6.69524
5.85714
3.17143
4.05714
3.08571
3.29524
4.91429
5.4
3.30476
5.22857
3.47619
4.49524
3.07619
4.78095
6.38095
8.49524
6.50476
5.38095
5.06667
3.41905
4.51429
6.04762
3.45714
5.60952
5.1619
6.51429
9.49524
5.7619
7.97143
7.64762
3.33333
5.1619
4.93333
7.50476
3.6
7.27619
6.4
3.8381
6.77143
6.6
3.15238
3.51429
5.84762
3.34286
5.99048
3.68571
3.06667
5.89524
5.72381
5.53333
4.77143
6.75238
5.62857
5.91429
10.1143
3.72381
4.79048
4.57143
7.06667
3.07619
6.59048
5.4381
5.18095
5.53333
5.1619
6.20952
7.73333
4.33333
6.13333
4.05714
7.95238
7.4
5.78095
8.31429
7.19048
5.50476
3.8381
3.4
9.6381
7.60952
8.20952
4.59048
5.5619
5.37143
5.10476
4.53333
3.45714
3.27619
7.08571
10.8286
3.32381
3.86667
3.21905
3.11429
3.14286
5.66667
3.06667
6.32381
7.05714
6.22857
6.08571
5.6
4.68571
6.61905
6.08571
3.2
3.25714
5.18095
3.49524
3.2381
7.93333
5.35238
5.67619
3.06667
3.4
5.79048
3.09524
4.91429
3.18095
7.59048
3.30476
7.81905
5.25714
6.01905
6.05714
6.31429
3.58095
5.14286
3.18095
6.99048
7.97143
6.32381
4.52381
3.22857
8.77143
8.8381
3.34286
4.11429
3.33333
5.37143
5.2381
4.39048
3.24762
5.26667
6.95238
7.13333
7.0381
5.55238
3.35238
4.09524
5.5619
6.48571
4.20952
6.84762
5.6381
6.08571
7.21905
7.41905
5.50476
7.10476
8.9619
5
4.6381
8.34286
8.97143
6.54286
5.8
6.6
6.17143
3.88571
5.00952
5.3619
5.13333
9.32381
9.11429
6.70476
4.78095
6.33333
5.17143
5.6
4.5619
4.12381
4.86667
5.15238
8.22857
7.24762
4.21905
3.50476
5.60952
8.12381
10.1619
5.95238
5.53333
8.26667
4.97143
5.37143
4.53333
5.13333
7.28571
4.91429
4.39048
3.49524
3.02857
3.48571
8.92381
5.45714
3.78095
6.75238
3.48571
5.34286
8.31429
8.66667
7.39048
6.12381
4.54286
4.40952
3.26667
6.52381
6.58095
5.20952
7.89524
4.74286
6.34286
4.91429
3.5619
7.12381
3.46667
3.93333
3.28571
5.99048
4.02857
5.93333
3.04762
3.29524
3.4381
3.04762
3.59048
3.90476
3.6
5.31429
3.91429
8.54286
7.62857
6.01905
7.01905
8.26667
6.92381
10.3429
7.44762
8.11429
10.581
3.74286
5.89524
7.29524
3.55238
5.39048
3.2381
5.35238
7.44762
10.8857
3.10476
7.08571
3.35238
7.87619
7.32381
3.04762
7.28571
3.33333
5.05714
5.07619
6.87619
8.31429
5.44762
4.82857
6.98095
3.34286
3.82857
6.05714
5.44762
5.3619
4.64762
3.19048
9.6381
5.1619
10.3905
7.33333
3.4381
4.42857
9.2381
7.44762
4.77143
4.98095
4.75238
8.37143
5.67619
3.38095
5.37143
7.72381
7.4381
7.24762
7.09524
6.41905
6.13333
9.66667
4.09524
5.14286
7.50476
3.22857
3.2
5.11429
3.82857
6.85714
3.66667
5.25714
6.93333
4.81905
3.50476
4.72381
3.85714
6.55238
7.17143
5.73333
3.80952
3.0381
3.57143
7.20952
5.11429
8.95238
6.2381
3.27619
3.53333
5.31429
5.61905
7.82857
5.98095
4.89524
3.67619
3.10476
4.93333
5.32381
3.74286
3.4
3.6381
5.48571
3.80952
3.3619
5.6
7.21905
8.46667
5.4381
5.17143
3.05714
4.35238
3.49524
5.58095
8.38095
7.68571
5.45714
4.97143
3.85714
3.72381
5.14286
4.89524
9.09524
9.04762
3.20952
5.46667
8.19048
7.67619
5.57143
5.64762
6.07619
3.6381
6.31429
7.44762
3.22857
6.42857
3.4381
3.65714
6
6.77143
4.04762
3.5619
6.50476
6.32381
3.38095
5.73333
3.67619
5.12381
3.93333
5.8381
12.0667
9.37143
3.6381
8.00952
4.70476
5.70476
6.19048
5.00952
7.52381
6.51429
2.3619
5.28571
5.14286
3.02857
2.04762
2.66667
2.70476
3.97143
2.19048
2.24762
4.4
3.74286
2.12381
4.29524
2.99048
4.89524
2.1619
4.07619
5.47619
2.28571
3.7619
3.12381
3.60952
2.81905
2.2381
4.15238
5.21905
2.27619
7.7619
2.59048
2.55238
2.06667
2.13333
4.17143
2.00952
2.01905
3.78095
2.25714
2.2381
2.72381
4.07619
2.39048
2.17143
3.62857
2.5619
2
4.06667
5.42857
3.88571
3.57143
2.0381
2.66667
5.71429
3.11429
4.89524
2.14286
5.72381
2.70476
2.2381
2.46667
4.35238
2.26667
2.20952
5.62857
2.84762
7.33333
18.7619
4.00952
7.29524
3.00952
3.55238
2.08571
5.11429
7.66667
2.59048
2
2.19048
2.0381
2.2
3.98095
2.51429
2.72381
4.77143
2.30476
2.02857
2.21905
3.54286
2.61905
6.00952
6.82857
6.22857
6.32381
5.5619
2.52381
4.59048
2.34286
3.44762
3.99048
4.57143
8.60952
2.77143
3.11429
2
4.87619
3.25714
2.21905
2.75238
4.33333
2.11429
2.08571
4.26667
4.50476
2.39048
2.55238
2
2.07619
2.50476
3.09524
4.91429
4.30476
2.22857
2.02857
4.60952
4.86667
4.21905
2.39048
2.4381
4.49524
4.65714
1
2.67619
1.19048
3.92381
4.40952
1.31429
2.80952
1.68571
1
1.04762
1.04762
3.70476
2.70476
1.19048
3.06667
1.00952
1.28571
1
1.04762
3.02857
3.19048
1.10476
1.01905
2.4381
3.61905
1.55238
5.14286
1.40952
1
1.6
1
1.10476
1.26667
1.46667
4.2381
1.00952
1
1.57143
1.01905
3.12381
1.22857
3.73333
5.86667
3.26667
1.00952
1
5.33333
1
1.11429
1.00952
1.24762
4.64762
4.10476
1.20952
1.19048
3.35238
1.02857
1
1.4
3.45714
3.37143
1.72381
2.75238
1.01905
1.01905
1
1.1619
3.20952
4.10476
1.05714
2.46667
2.64762
1
1.26667
1.4381
1.05714
1.30476
1.10476
1.11429
1
1.04762
3.78095
1
1.15238
1
1
1.34286
1
1.13333
6.3619
1
1.01905
4.52381
5.78095
2.6381
4.49524
1.17143
4.49524
1
1.15238
3.30476
4.49524
1.14286
1.33333
4.02857
1.18095
1
3.89524
1.00952
1
1.05714
1
3.18095
4.04762
1
3.82857
1.34286
1.00952
4.20952
1.00952
3.2
1.04762
1
1.44762
3.50476
1
2.4
5.07619
1.11429
1.0381
1
1.04762
2.93333
1.1619
1.12381
1.98095
1
1.10476
4.20952
1.05714
3.74286
1.04762
3.13333
1.12381
2.09524
1.35238
4.35238
3.92381
1.85714
1
3.65714
4.24762
3.71429
1.61905
1.01905
1.06667
1
1.00952
1.4381
1.5619
1.0381
1.46667
3.49524
4.00952
1.25714
1.35238
1.01905
3.32381
4.32381
1.15238
1
1.26667
3.51429
4.17143
2.66667
1
4.04762
1.07619
1.29524
1.04762
1.01905
1.0381
1
1
1.24762
3.52381
2.85714
4.61905
1.0381
1.28571
1.19048
1
4.00952
4
3.35238
1
4.26667
1.04762
4.18095
3.57143
1
1.42857
1.05714
2.32381
1.0381
1.08571
4.33333
3.5619
1.33333
1.08571
1.19048
1
1.2
1.47619
3.12381
1.11429
2.33333
3.94286
1
1.02857
1.0381
1.21905
3.84762
1
1.2
1.01905
1
1.24762
1
1.62857
1.58095
3.52381
1.20952
1.08571
1.22857
1.35238
2.32381
1
1.14286
1.71429
1.54286
1.10476
3.17143
1.2381
1.18095
1.29524
1.1619
1.19048
1.18095
1.08571
3.71429
1.04762
1
1.09524
1.08571
1.02857
1.01905
1
1.0381
1.00952
1.4
1.26667
1.2
1.02857
1.10476
4.7619
1
1.25714
1.4
3.29524
5.32381
1.27619
1.12381
1.01905
4
1.06667
3.68571
4.14286
1.00952
3.33333
1.00952
1.53333
1.07619
1
2.15238
3.55238
1.65714
1.01905
1.04762
2.99048
1
3
1
3.61905
3.98095
3.2
3.71429
6.08571
3.95238
4.47619
1.12381
1
1.78095
3.52381
1.00952
1.28571
1.11429
1.54286
1.02857
1
4.18095
3.01905
1.13333
1.44762
4.92381
3.35238
1.41905
1.02857
2.86667
1
1
1.0381
2.97143
1.09524
1
4.08571
5.09524
1
5.32381
3.91429
1.00952
3.67619
3.81905
1.06667
5.25714
3.09524
3.2381
1.98095
1.17143
1
1.10476
3.38095
1.01905
1.02857
2.5619
1.5619
1.09524
1.62857
1.26667
1.25714
1.11429
1.25714
3.93333
3.30476
1.19048
3.72381
3.94286
1.05714
1
1.2
1.27619
1.00952
1.37143
1.5619
2.05714
2.9619
4.87619
5.53333
3.0381
1.05714
1.09524
1.14286
5.29524
1.38095
1.02857
1.20952
4.4
1
2.65714
3.57143
2.86667
3.55238
1
4.0381
1.07619
3.45714
2.02857
1.25714
2.15238
1.57143
4.1619
3.69524
1.15238
1.00952
4.21905
1
1.1619
1.17143
4.30476
3.31429
1.00952
1.04762
1.02857
1.28571
1.40952
3.52381
4.0381
3.75238
1.12381
1.29524
1
1.00952
3.52381
2.42857
2.62857
5.17143
1
1.48571
3.8381
1.11429
1.00952
1.50476
1.10476
1.15238
4.3619
3.44762
4.53333
1.21905
4.42857
1.2
3.90476
2.80952
1.09524
3.55238
5.52381
2.40952
1.27619
1.19048
1.00952
1.01905
1
1.20952
1
3.32381
1.12381
1.05714
3.02857
1.72381
1.1619
1.20952
1.25714
1.0381
4
1.00952
1.0381
1.33333
1
1.02857
4.35238
1.04762
1.14286
4.28571
4.86667
1.00952
1.01905
1.10476
1.04762
1.02857
3.7619
2.47619
4.71429
1.2381
1.09524
3.49524
2.20952
1
3.88571
3.35238
1.17143
2.98095
1.35238
1.08571
1.04762
1.79048
1.11429
1.00952
3.22857
1.17143
1.04762
3.30476
1.4
1.18095
2.98095
1.11429
3.07619
1.20952
1.04762
1.02857
1
1.20952
3.60952
1.65714
3.11429
5
3.67619
1.12381
1.19048
5.00952
1.29524
1.0381
4.42857
2.89524
1.2
1.07619
4.48571
3.77143
1
2.70476
3.46667
1.35238
3.53333
1.4381
1.44762
1.10476
1.01905
1.14286
1.35238
1
1.06667
2.10476
1
1.14286
1.07619
3.19048
2.94286
1.01905
1.0381
1.13333
1.10476
1
1.44762
4.64762
1.30476
1.14286
1.04762
1.06667
3.27619
3.85714
4.4
3
1.11429
1.19048
4.42857
1.10476
3.12381
1.2381
3.26667
3.39048
5.58095
1.28571
3.22857
1.01905
1.00952
1.52381
1
1.50476
3.38095
1.06667
1.19048
1.09524
6.68571
1.2
1
1.41905
1.00952
4.72381
1.06667
1.68571
1.0381
1
1.2381
4.11429
1.12381
1.14286
1
1.15238
1.15238
1.1619
3.11429
1.11429
3.39048
1
1.81905
1.00952
2.73333
1.15238
2.9619
3.59048
4.6
1.34286
1.2381
1.54286
4.58095
1.29524
1.32381
1.09524
1.0381
1.66667
1.08571
4.8381
1.18095
1
1.2381
1.01905
3.26667
1
4.82857
1.1619
1.00952
1.13333
1.01905
1.33333
3.45714
1.61905
1.15238
1.01905
1.31429
1.0381
6.27619
1
3.04762
5.20952
1.2
4.25714
1.04762
1.18095
1.55238
2.69524
1.29524
1.06667
1.11429
1.10476
1
5.37143
1
4.21905
1.02857
3.28571
1.29524
1.06667
1.00952
1.21905
1.01905
2.73333
3.65714
1.2
1.00952
1
1
4.13333
3.81905
1.11429
1.8
4.01905
1.13333
1.34286
1.34286
1.13333
1.17143
1.01905
4.2381
1.04762
3.48571
3.72381
4.27619
1.01905
1.33333
3.59048
1.11429
5.45714
1.18095
1.31429
4.6381
1
1.59048
1
2.88571
5.02857
1.02857
1.24762
4.12381
4.64762
1.28571
1.21905
1.06667
1.07619
4.94286
1
4.35238
2.4
1.05714
1.02857
1.0381
4.18095
1.24762
1.17143
5.26667
1.12381
1
5.2381
1.15238
4.75238
1.48571
1.30476
1.02857
1.22857
3.62857
1.30476
3.65714
3.02857
3.87619
4.46667
2.64762
1.19048
1
1.08571
1.48571
2.30476
1.24762
1.01905
3.13333
1.1619
2.51429
3.07619
1.18095
1.26667
1.29524
1
1.27619
2.67619
1.3619
3.95238
3.02857
1
1.13333
5.6381
3.32381
3.68571
1.29524
1.06667
1.33333
1
1.00952
1.05714
3.37143
1
5.19048
1
2.00952
1.21905
1.01905
1.97143
3.41905
1.0381
1.30476
1.34286
1.52381
3.68571
1.31429
1.49524
1.20952
1
1.0381
1.15238
1.01905
1.00952
3.4
1.24762
3.21905
1.24762
3.70476
1.10476
1.29524
1.02857
4.4381
1.09524
1.09524
1.3619
1.05714
2.75238
1.31429
1.49524
1.67619
3.02857
2.6
2.18095
1.28571
3.6
2.40952
1.15238
1.21905
1.35238
4.52381
1.01905
1
1.01905
1.54286
4.35238
1.12381
3.00952
1.06667
1.32381
1.01905
1
3.64762
3.2381
1.02857
1.27619
1.26667
1.24762
1.6381
1.08571
1.04762
5.38095
1
1.40952
1.48571
1.00952
3.29524
1.26667
1.22857
1.24762
3.5619
1.20952
2.02857
4.12381
1.50476
1.05714
1.24762
1.45714
1
2.69524
3.11429
1.06667
1.11429
1.09524
5.33333
1.44762
3.67619
1.01905
1.07619
4.10476
1.26667
1
1.06667
1.52381
1.34286
1.00952
1.26667
1.8381
2.47619
3.13333
4.42857
3.05714
3.78095
1.00952
1.00952
1.22857
1.01905
2.35238
3.73333
1.24762
1
3.1619
1.2
1.04762
2.40952
1.13333
1.51429
4.7619
1.06667
1.00952
1.07619
1
1.19048
1
4.99048
4.12381
1.01905
1.46667
1
1.3619
2.37143
1.01905
4.15238
5.02857
5.74286
1
1.06667
2.44762
1
3.4
1.00952
1.27619
1.00952
3.45714
4.08571
1.11429
1.01905
1.3619
1.59048
1.02857
4.48571
1
1
1
1.48571
4.7619
2.9619
4.5619
4
1.21905
1.38095
3.19048
1.08571
4.73333
1.0381
3.6381
1.12381
1.28571
3.49524
1.12381
1.22857
1.3619
1.14286
1.41905
1.01905
3.65714
5.34286
2.82857
1.19048
4.51429
1
1
1.08571
1.11429
4.18095
1.06667
5.8
1.69524
3.77143
3.1619
3.85714
1.07619
1.09524
3.41905
1
5.59048
1.13333
1
1.15238
1.06667
3.58095
1.0381
1.25714
4.0381
2.05714
1.04762
4.55238
1.08571
1.06667
1.12381
1
3.15238
6.26667
3.46667
1.26667
1.0381
1.25714
1.08571
4.67619
1.78095
3.47619
1.00952
2.01905
3.88571
1.84762
1.01905
1
1.2
4.25714
3.21905
3.99048
1.05714
1.20952
3.38095
1.30476
3.08571
1.01905
1
1
1
1.5619
3.79048
1.26667
4.18095
1.29524
4.22857
1.49524
1.52381
2.64762
1.02857
1.13333
1
1.01905
2.85714
3.74286
3.57143
4.75238
1.4
1.13333
1.87619
1.92381
3.48571
1
4.98095
1.24762
1.02857
1.05714
3.74286
1
1
6.74286
5.50476
3.25714
1
2.7619
1.0381
3.00952
1.32381
1.11429
1.12381
1.05714
2.79048
1.13333
4.60952
1.35238
2.93333
1
1
3.65714
1.01905
1
2.91429
4.00952
3
1.25714
1.2381
1.17143
1
1.18095
1
1.2
2.8381
3.22857
1.00952
1.44762
1.06667
1.02857
1
1.17143
2.44762
1
3.74286
3.06667
1.02857
3.55238
1.13333
1.17143
1.29524
1.28571
1.52381
1.10476
1.13333
1.01905
1.0381
1.2381
1.54286
1.00952
1.2
1
1.00952
4.98095
4.8
2.1619
1.06667
1.07619
1.30476
1.33333
1
1.59048
1.19048
1.11429
1.09524
1.09524
1.12381
1.15238
1.11429
3.6381
5.06667
1.31429
3.61905
1
3.25714
3.0381
1
1.07619
1
1.19048
1
1.04762
1.32381
1.08571
1.02857
1.12381
1.22857
1
1
1.15238
1.00952
3.57143
2.86667
1.05714
1.01905
1.32381
1.11429
2.82857
4.05714
1.0381
1.65714
1
3.22857
2.94286
1.2381
5.24762
1.00952
3.21905
3.48571
4.06667
1.10476
4.81905
1
1.2381
2.18095
1.17143
4.46667
1.38095
5.39048
1.7619
1.09524
2.86667
4.71429
1
3.29524
1
1.10476
1.25714
3.30476
5.93333
1.31429
5.32381
1.68571
3.72381
3.72381
3.53333
1.66667
3.11429
1.79048
1.30476
1.06667
1.27619
4.41905
1.28571
3.45714
3.75238
3.97143
2.7619
1
3.9619
4.55238
1.12381
1
3.94286
1.18095
1.18095
1.2
1.1619
1.44762
4.14286
1
1.15238
4.38095
1.42857
3.72381
3.54286
1.00952
1.21905
4.13333
1.33333
1.10476
1.14286
3.27619
1.02857
1.73333
4
4.04762
1
1.18095
1.15238
1.04762
3.92381
1.0381
4.86667
1
1.10476
5.25714
1.07619
1.2381
1
1.42857
4.07619
4.8381
3.90476
1.00952
3.6381
1.29524
1.30476
1.00952
4.68571
1.2
1.64762
1
4.75238
4.19048
3.64762
1
1.17143
1.82857
1.07619
1.32381
1
1
3.4381
2.04762
1.49524
1.05714
1.06667
4
1.00952
1
3.21905
1.60952
1.01905
1.47619
1.39048
1.0381
5.59048
1
1.09524
1.2
1.2
3.46667
1.07619
1
1.32381
1.5619
1.11429
1.3619
1.15238
1.01905
5.49524
2.97143
3.20952
1.10476
1.25714
3.31429
2.26667
1.15238
1.24762
1.97143
1.10476
3.77143
2.97143
1.24762
1.84762
1.45714
3.87619
3.41905
1.39048
3.02857
4.28571
1.75238
4.68571
1
1.48571
9.55238
1.93333
3.94286
1.0381
5.19048
1.13333
1
1
4.01905
1
1
1.59048
1.24762
1.0381
1.21905
1.14286
1.00952
4.48571
3.58095
2.35238
3.19048
1.05714
3.00952
1.69524
1.07619
1.10476
2.72381
2.53333
3.53333
2.61905
4.98095
1
1.19048
4.33333
3.72381
3.7619
1.17143
3.81905
1
1.39048
1
1
1.02857
1.05714
1.07619
1.19048
1.14286
1.48571
1.31429
1.26667
1.20952
1.18095
1.32381
1.0381
1.02857
1.02857
1.00952
1.13333
4.66667
1.30476
1.4381
1
2.82857
1.4381
1.12381
1.19048
3.62857
4.27619
1.24762
1.00952
3.2381
2.44762
2.77143
1
1.01905
2.59048
1.01905
1.45714
1.1619
1.07619
4.4
4.52381
3.86667
1.00952
2.84762
1
4.31429
1.04762
4.4
4.01905
3.09524
4.07619
3.70476
1.69524
1.4
2.82857
5.18095
5
1.01905
2.15238
1.28571
1.47619
1.11429
1.04762
2.52381
1.33333
3.01905
2.7619
1.01905
1.57143
1.37143
1.51429
1.04762
4.51429
1.02857
1.2381
1
2.94286
3.74286
1.32381
1.02857
4.29524
1.45714
1.07619
4.14286
3.44762
1.05714
1
1.19048
1.02857
3.44762
3.17143
3.79048
3.94286
1.10476
1.33333
3.3619
1.42857
1
2.95238
1
4.61905
4.20952
1.08571
1
1.21905
3.29524
4.46667
1.3619
1.40952
1.6381
3.50476
1.19048
4.50476
1.30476
1.05714
1.02857
1.1619
1.15238
1.01905
1
1.33333
1.33333
1.07619
1
1.17143
2.53333
1.02857
3.59048
1.73333
1
1.34286
1.04762
1.01905
1.04762
7.53333
1
1.05714
3.07619
1.05714
4.51429
1.00952
3.82857
1.42857
1
1.04762
1.12381
1.13333
2.75238
1.00952
1.31429
3.39048
1.17143
1.10476
1.00952
1.11429
1.02857
1.13333
1.02857
5.49524
4.84762
3.35238
1.20952
1.20952
1.12381
2.02857
4.08571
3.98095
1.21905
3.88571
3.09524
1.28571
1.04762
1.20952
3.88571
1.10476
1.41905
1.18095
1.19048
1.27619
1
4.91429
1
1.5619
2.12381
1.10476
1.05714
2.74286
1.05714
1.20952
1.05714
2.73333
1.08571
1.13333
3.79048
1.20952
1.11429
1.00952
5.5619
3.55238
1
1
1.91429
1.2
1.25714
3.07619
1
1.22857
5.04762
1.21905
4.85714
3.94286
3
1.4
1.47619
1.18095
1.55238
1.01905
3.85714
1.18095
1.00952
1.09524
3.54286
1
1.0381
1.01905
3.30476
1.10476
1.62857
1
1
1.05714
1.34286
4.09524
4.10476
1.00952
1.30476
4.50476
3.39048
1.29524
3.61905
1.35238
1
3.4
3.61905
1
1.34286
3.18095
1.60952
1.3619
3.79048
2.8
1.11429
4.4381
1.10476
3.31429
1.41905
5.35238
1.02857
1.4
3.33333
1.13333
3.32381
3.26667
1.67619
1.02857
1
1
1
1
1.17143
1.20952
2.93333
4.52381
4.8381
4.31429
1.13333
1.02857
2.10476
4.2381
3.34286
1.09524
1.0381
1.18095
1.08571
2.15238
1.15238
1.22857
1.34286
1.05714
1.98095
1
2.51429
1.30476
2.89524
3.6
1.4381
1.06667
3.00952
4
1.4381
4.45714
1.48571
1.30476
2.6
3.78095
2.35238
5.42857
1.02857
1
1.00952
1.04762
3.32381
4.19048
4.01905
1
3.09524
4.4
1
1.29524
4.73333
5.97143
1.06667
1.67619
1.29524
1.31429
3.2
2.94286
1.13333
1.02857
1
4.6
2.21905
1.02857
3.42857
1.12381
2.49524
1
4.17143
1.25714
1.2
1
3.31429
3.97143
1.3619
1.19048
1
1.01905
5.41905
1.13333
1.00952
1.26667
3.69524
3.42857
3.22857
1.09524
1
1.09524
3.41905
4.50476
1
1.34286
4.81905
4.62857
2.22857
1
3.54286
1
1
4.77143
1.1619
1.0381
2.47619
1.24762
1
1.13333
1.19048
2.42857
4.6381
1.32381
1.08571
1.05714
1.32381
1.8
3.57143
5.18095
3.15238
1.62857
1.10476
1.01905
4.8381
4.58095
3.5619
2.97143
1.05714
2.94286
1.06667
2.89524
3.86667
5.05714
1.27619
3.31429
1.0381
1
1.19048
3.07619
1
1
1.20952
1.1619
1.07619
3.4
1.18095
1.0381
3.20952
4.55238
3.5619
3.99048
1.0381
1.14286
1.25714
1.09524
1.84762
3.79048
1.40952
1.17143
3.95238
1.01905
1.24762
4.06667
2.5619
1.11429
1.24762
4.28571
4.41905
1.68571
3.62857
1.20952
1
1
1.06667
1.30476
1.08571
1.06667
1.02857
1.11429
1
1.2381
2.17143
3.71429
1
1.27619
1.30476
4.41905
1.07619
1.00952
2.41905
3.17143
1.22857
1.28571
1.00952
5.87619
1.20952
1.17143
3.62857
1.11429
1.10476
1.01905
1.15238
1.01905
1.58095
4.32381
1.02857
1.01905
1.17143
3.87619
3.54286
1.19048
1.05714
1.07619
3.86667
3.97143
1.30476
4.27619
2.53333
1.34286
1
1
4.53333
3.40952
1.5619
4.06667
1.24762
1
1.1619
1.05714
4.20952
3.86667
1.35238
1.09524
3.8381
1.30476
5.55238
4.57143
1
3.1619
1.41905
1
1.21905
1.41905
1.02857
1.12381
1.21905
4.08571
1
1.11429
1.22857
1.19048
1
6.51429
1.02857
1
4.47619
4.25714
1.01905
3.21905
1
3.2
1.3619
2.86667
3.4
1
2.73333
1
4.57143
1.10476
1.40952
1.17143
3.19048
1.24762
3.31429
1.40952
3.44762
2.89524
1.38095
3.99048
1.25714
1.55238
4.29524
1.22857
3.33333
4.11429
1.14286
1
3.81905
1.41905
1.44762
3.1619
1.29524
1.2381
3.24762
3.45714
1.19048
1.21905
3.7619
4.82857
3.51429
3
1.4381
3.82857
1
3.40952
1.08571
1.21905
5.7619
3.64762
1
1.45714
3.8
1.33333
1
1.14286
3.13333
1.09524
5.2
1.01905
3.94286
1.14286
2.7619
1
2.21905
1.12381
2.99048
1
1.00952
1.13333
1.13333
2.49524
1.30476
4.84762
4.09524
1
3.22857
1.00952
1.20952
1
1.45714
1
3.41905
3.20952
3.44762
1.08571
1.24762
1.19048
1
1.46667
1.04762
6.14286
1.29524
3.86667
1
1.22857
3.12381
3.09524
1
1
2.84762
1.15238
1
4.2381
1.28571
1.50476
1.01905
1
1.09524
1.1619
5.20952
1.11429
2.30476
3.60952
1.07619
1.00952
1.07619
3.84762
1.93333
4.85714
2.69524
2.9619
1.11429
3.35238
1.62857
3.84762
3.58095
3.06667
1.18095
3.84762
2.14286
4.6
1
4.00952
1.89524
1.40952
1.11429
1.29524
1.15238
1.01905
3.57143
1.35238
1.42857
1.13333
1.77143
1.05714
1.38095
1
1.05714
1.1619
1
1.00952
1
1.2381
1.22857
4.45714
1.01905
1.2381
