10876 34740
20.4095
11.0476
4.8381
12.6762
7.38095
10.219
10.6
6.75238
12.4857
11.9714
15.5143
7.12381
10.0476
7.6
16.5048
10.2476
5.4381
11.6762
6.49524
15.9238
17.8
10.6381
5.6381
13.0286
4.69524
13.7143
14.2667
5.98095
7.37143
5.71429
6
9.02857
10.5714
9.32381
8.49524
5.64762
9.54286
12.9429
12.6476
9.68571
4.5619
15.9333
20.8
12.8952
7.35238
7.78095
11.8095
13.9429
5.0381
12.8857
6.6381
12.0095
12.0952
7.06667
10.3238
13.6667
4.59048
8.93333
9.88571
9.18095
16.019
15.3238
14.5714
11.5714
6.29524
12.4095
7.0381
5.66667
14.419
7.74286
16.1524
9.09524
10.3333
9.94286
11.4762
8.6
9.92381
8.29524
11.1524
11.0857
8.64762
7.95238
7.52381
15.3238
9.46667
7.66667
17.4286
11.6
8.35238
7.59048
7.55238
9.81905
7.07619
12.0667
7.04762
8.05714
15.4095
13.981
8.55238
10.9333
17.8952
13.2095
10.1333
6.29524
11.6286
12.7143
11.1905
5.48571
5.65714
13.5333
11.5714
7.50476
11.2095
8.49524
7.6381
10.8
8.89524
11.381
12.6857
10.9238
18.2286
8.8
6.17143
6.93333
5.8381
15.4857
14.4381
13.7238
14.6857
16.0095
8.5619
10.1333
7.84762
6.72381
12.1333
13.2667
12.0381
10.7524
12.781
6.73333
12.6476
16.3905
12.1714
8.82857
6.28571
13.3333
14.7143
11.7619
9.28571
11.581
9.74286
15.6
14.7143
10.5905
12.6857
12.3619
15.4952
11.4952
6.28571
8
9.39048
15.1905
9.14286
9.04762
14.381
10.981
9.47619
7.68571
10.3143
8.74286
8.75238
10.6
7.6381
8.73333
7.77143
6.11429
12.0095
9.73333
17.1048
14.1048
11.4381
12.6667
7.11429
13.6762
11.0762
10.8952
9.70476
9.70476
9.95238
19
13.5238
10.9619
9.84762
10.7238
13.5619
6.81905
7.22857
8.97143
6.53333
15.8476
8.4
10.1429
8.19048
10.6095
7.0381
6.37143
10.2286
7.14286
11.8952
11.9429
8.09524
13.0476
7.67619
12.2476
10.6
9.4
8.11429
6.78095
10.6857
6.60952
7.25714
6.4381
9.45714
17.6762
9.94286
6.5619
9.10476
6.45714
6.45714
7.47619
12.1333
8.39048
10.8095
10.0381
8.53333
7.47619
11.7905
5.89524
6.04762
7.09524
6.22857
7.37143
5.73333
10.2476
15.8857
13.819
14.581
13.2857
13.1619
10.6762
9.95238
8.85714
8.22857
6.79048
11.2667
9.69524
10.7238
9.21905
9.4
9.31429
12.6381
10.181
11.7619
4.77143
8.46667
4.90476
13.0476
14.7238
15.3238
11.6286
13.1619
13.819
21.8667
9.60952
7.94286
12.0952
10.7905
8.25714
11.581
17.619
13.9143
10.3714
7
8.4381
13.8762
11.8476
6.69524
13.5429
10.6
14.5333
11.7524
12.6381
11.3714
11.8095
10.2381
14.6095
10.5905
15.8762
11.9714
6.81905
9.25714
12.8095
10.6095
14.9238
15.1619
9.19048
11.3619
10.5619
7.40952
11.4762
14.9429
16.7048
12.4
13.7905
12.4571
7.58095
7.55238
12.1619
16.4
14.1524
6.4
5.69524
13.5143
10.1905
11.3619
9.30476
9.8381
10.7619
13.1143
13.819
4.90476
18.5333
6.04762
7.26667
9.69524
8.82857
7.89524
6.38095
9.85714
11.9905
11.5524
8.33333
5.91429
8.93333
4.91429
13.1238
15.6286
6.99048
8.41905
9.31429
12
14.6762
12.9333
5.66667
8.65714
8.68571
10.9143
7.55238
9.89524
5.93333
4.4
10.7143
6.45714
9.9619
8.84762
10.8952
10.3333
10.9048
9.44762
11.6381
9.78095
8.89524
6.90476
8.20952
6.94286
5.59048
8.6
6.89524
13.6095
14.5143
8.33333
9.29524
13.6286
15.2952
7.78095
19.3048
13.6286
16.0476
11.9619
10.3048
8.13333
13.2095
14.9905
10.0095
16.181
11.219
15.6952
10.2
12.0571
10.8095
5.64762
11.2476
7.06667
12.5143
8.79048
5.91429
11.6667
15.7238
15.1714
11.8762
6.12381
9.78095
10.419
10.8095
8.72381
11.5905
6.89524
12.1333
11.7905
8.0381
17.1429
11.4
8.40952
7.91429
12.4952
10.5429
6.92381
6.41905
5.26667
8.24762
9.33333
6.35238
11.3048
5.73333
12
9.90476
12.8571
9.69524
10.2952
9.12381
11.2476
7.7619
14.1429
9.61905
10.3238
14.6476
11.4667
9.09524
7.59048
8.93333
14.0667
7.87619
15.2095
11.6381
11.3429
10.9905
12.5333
10.8095
13.3429
9.7619
11
8.28571
13.9048
12.7714
8.1619
8.29524
9.05714
6.19048
6.52381
8.99048
10.9429
8.82857
4.3619
12.3048
9.86667
10.5714
13.1333
12.0381
12.1048
9.82857
6.68571
12.7048
10.6571
5.09524
12.8476
8.20952
13.181
9.72381
9.57143
11.819
22.2286
9
10.8381
13.4762
8.4
10.2095
7.18095
12.3524
10.8095
6.74286
14.4762
14.0476
12.5429
5.17143
12.3619
10.4952
15.5048
12.8476
16.9333
15.8476
9.92381
7.41905
10.5429
7.9619
13.8952
7.10476
14.4857
8.42857
6.10476
9.01905
6.01905
13.3429
12.5238
9.82857
6.45714
13.6667
11.2
8.07619
14.3429
12.7524
12.0952
5.34286
5.35238
5.58095
7.53333
6.6
9.15238
14.4952
12.6286
5.00952
9.67619
9.95238
11.3714
15.1524
10.8381
9.51429
11.8381
11.619
8.33333
7.85714
11.3048
10.3333
7.49524
6.66667
11.9048
8.06667
13.619
9.01905
6.32381
10.2571
10.019
15.1143
11.0571
5.71429
8.20952
18.9714
13.9619
12.5524
12.6857
10.5429
22.5143
13.5429
9.50476
12.4857
11.0762
9.53333
8.97143
18.1905
6.13333
15.6952
10.5143
8.81905
11.3524
10.5905
4.94286
5.92381
8.7619
17.0571
12.4476
7.72381
14.1048
6.74286
11.8857
9.35238
5.5619
15.0381
7.6381
9.6381
7.13333
11.1905
11.5143
8.01905
11.7905
10.9524
7.78095
5.87619
8.07619
14.2952
12.6286
13.6476
15.7238
15.6095
5.22857
4.73333
7.95238
4.77143
10.4286
6.37143
15.2
9.47619
9
6.6381
10.9905
10.819
12.9619
17.0667
7.01905
9.42857
13.4857
11.5143
8.55238
11.8476
6.85714
6.86667
5.01905
7.26667
9.82857
15.8667
10.3619
17.5524
7.21905
8.88571
14.1714
7.72381
5.87619
7.81905
6.51429
5.11429
10.1429
10.0667
7.46667
8.67619
10.5429
7.30476
15.2286
10.2857
11.0667
12.619
13.619
10.1714
7.15238
7.27619
9.30476
11.8095
14.1048
6.94286
8.00952
15.0476
10.7143
12.3524
8.1619
11.7429
6.1619
4.4
11.0762
10.2286
10.9905
12.8381
9.87619
7.85714
9.25714
13.0667
11.2667
9.4381
13.0095
8.45714
15.8095
13.8
10.3619
7.85714
9.31429
7.1619
15.8476
9.81905
8.9619
10.1714
13.6
6.04762
10.8571
7.73333
6.67619
12.781
17.7619
9.58095
6.39048
10.3714
14.6667
5.74286
10
8.69524
8.74286
14.3619
9.48571
11.0286
7.97143
8.09524
8.54286
11.381
13.181
4.38095
14.2857
7.41905
12.9905
11.9333
11.6857
7.25714
10.6095
14.1333
13.5524
7.62857
10.2857
19.4095
9.81905
14.1143
6.08571
5.55238
5.74286
11.419
8.46667
16.7048
4.3619
7.68571
12.8381
8.2381
6.02857
14.7429
9.77143
13.4381
13.5524
13.219
12.2381
18.1714
6.47619
8.92381
6.85714
7.73333
10.2571
12.6571
7.31429
13.4381
10.7048
9.94286
11.0286
10.8952
10.3333
17.981
5.77143
12.5524
9.9619
12.0667
12.4381
4.8
9.33333
20.6476
7.1619
11.6571
11.2095
12.7905
13.3429
7.82857
12.581
14.219
12.2
11.2095
10.7429
9.18095
10.0667
7.05714
12.1333
8.64762
6.37143
16.1143
11.6952
18.9333
10.7524
8.67619
18.8381
13.619
13.0286
11.5238
7.55238
9.68571
14.6095
14.1905
13.2
9.84762
10.5619
8.98095
6.9619
15.6286
13.8476
8.8
5.19048
9.72381
5.51429
10.9333
13.9524
9.28571
11.5619
12.4095
13.181
11.219
13
22.8381
7.18095
10.019
12.0571
10.4762
7.82857
9.68571
14.1143
16.7048
8.62857
9.50476
10.8762
13.3619
8.64762
8.54286
8.4381
8.6381
12.2952
11.2
5.8
6.39048
6.28571
9.71429
10.1429
10.9333
12.2571
12.0571
7.70476
14.6381
8.62857
10.6667
14.4667
9.22857
4.67619
9.49524
5.71429
4.4
7.49524
9.8
8.54286
6.53333
5.78095
14.1905
12.819
9.4381
6.98095
11.4
11.2476
7.18095
15.4857
6.81905
9.82857
4.41905
11.1619
8.72381
14.0381
8.91429
10.2952
5.78095
9.69524
6.61905
10.781
11.5714
8.69524
10.3048
7.46667
5.79048
8.12381
5.35238
12.4571
15.219
11.0095
13.5143
9.94286
6.19048
8.84762
9.2381
8.2
11.5905
10.8857
7
6.50476
9.60952
6.30476
8.30476
14.419
9.64762
9.99048
15.0952
9.4381
11.581
7.70476
12.0476
10.6571
12.3524
10.2
13.0667
8.93333
8.17143
10.781
9.64762
10.2667
8.12381
7.91429
8.78095
4.98095
6.4381
15.5524
10.9048
9.41905
11.0762
17.9238
10.7714
6.57143
7.66667
10.1714
10.4476
9.99048
9.82857
12.4571
13.2
5.39048
15.819
16.981
14.6952
14.0381
8.59048
6.44762
16.5333
12.8762
8.94286
9.50476
11.6
7.41905
7.73333
14.0571
16.2476
9
10.8381
7.28571
14.2286
12.019
8.71429
12.9429
13.0381
12.3238
6.87619
12.7524
11.3714
14.3429
9.70476
7.46667
10.0762
10.0857
14.2571
18.6667
14.4952
16.3429
8.40952
6.09524
4.6
7.99048
9.40952
11.981
13.1143
17
9.21905
14.3619
9.24762
8.29524
17.8476
7.55238
10.6857
10.9048
13.1619
14.1333
9.45714
4.24762
13.3619
5.30476
10.7333
13.4381
12.9619
6.73333
9.69524
6.18095
9.37143
9.60952
8.75238
10.8381
9.35238
11.1048
13.0286
12.9333
12.9714
13.1048
12.7238
13.6286
8.70476
7.2381
13.7524
8.50476
6.07619
14.7905
13.5619
5.39048
12.2286
16.5143
11.0762
18.1905
12.9524
11.2571
10.0571
7.95238
20.7143
9.05714
13.7619
18.619
8.45714
7.25714
9.13333
7.92381
11.019
6.49524
10.4
4.24762
10.0095
13.6476
11.1619
9.6
10.3429
11.2667
13.0762
13.2952
11.7333
14.981
11.4095
10.0095
11.7905
10.0857
12.1905
15.1048
11.1143
11.6857
7.37143
13.7524
11.5429
4.82857
11.8095
5.98095
6.12381
8.79048
9.89524
9.13333
10.8667
16.581
13.0952
12.4
8.05714
7.2
10.7238
10.8952
9.6381
9.25714
9.08571
6.77143
7.92381
13.6667
7.78095
15.0286
8.07619
11.7905
9.78095
6.30476
15.4095
6.73333
16.3524
4.5619
7.01905
11.3714
15.6667
11.8
14.4857
15.3143
16.2857
9.8
6.67619
11.5143
8.06667
7.97143
8.39048
8.68571
10.3048
6.4
11.8095
7.09524
7.53333
10.3048
10.1143
11.7714
13.0381
11.5048
14.7143
15.4667
13
10.3524
4.37143
17.1143
12.1714
13.581
7.57143
11.8952
8.84762
12.5143
6.66667
8.78095
8.54286
9.20952
12.6381
6.88571
10.7143
6.61905
7.74286
13.1333
20.0857
9.59048
12.5429
11.3714
6.69524
5.22857
6.04762
7.59048
11.5333
11.2381
12.1143
5.89524
8.4381
8.94286
12.4476
18.2
13.3238
12.0571
10.4286
6.3619
13.9619
12.5524
7.84762
11.9429
11.0095
9.87619
13.0381
11.9238
9.26667
14.7429
7.90476
9.29524
10.9429
8.8
12.7143
13.0286
10.9048
9.1619
5.25714
6.84762
5.51429
10.9714
8.62857
7.46667
9.94286
6.11429
13.1048
10.2095
12.0476
10.5048
12.5429
4.3619
11.581
14.1143
11.9143
9.33333
7.26667
7.80952
17.8571
8.05714
14.2476
11.1524
7.14286
4.94286
13.2476
6.6381
7.41905
11.0476
11.7143
7.38095
9.05714
8.53333
14.4095
5.64762
9.6381
13.7333
7.0381
11.5048
8.22857
14.581
11.781
9.00952
12.0381
12.1905
11.6952
7.69524
9.12381
5.91429
6.84762
10.1333
5.35238
8.47619
4.54286
14.4381
9.25714
10.7048
14.9429
12.1048
9.65714
5.53333
5.30476
13.2286
7.62857
16.2571
8.14286
12.7619
8.02857
9.49524
10.5714
4.66667
12.8476
6.07619
5.55238
8.9619
9.71429
18.7238
16.4571
10.9333
12.3429
12.2095
11.3048
9.39048
8.53333
10.4381
7.41905
17.1238
9.72381
16.3429
8.4381
9.68571
7.6381
13.1429
5.26667
7.48571
9.74286
13.6571
7.7619
12.0571
12.3333
4.58095
7.4381
9.12381
11.3714
8.99048
10.8
5.2381
13.8095
12.419
9.53333
5.79048
8.94286
5.52381
8.39048
9.58095
8.45714
13.419
7.93333
10.2667
6.09524
13.7714
12.4286
20.2381
7.6
13.6095
13.7714
9.8
9.90476
11.2762
12.8
12.619
10.0667
10.9048
10.781
11.4762
10.3714
16.1333
8.54286
15.019
12.3333
9.27619
6.73333
6.84762
8.17143
11.1619
10.1429
10.6095
10.2762
10.6286
7.1619
12.2952
8.19048
5.82857
12.6
10.0571
13.6
9.35238
6.77143
6.37143
13.6
12.1048
10.4381
12.2095
7.97143
10.181
10.5048
6.33333
12.8095
6.21905
6.66667
9.39048
11.0857
10.5714
9.01905
9.46667
4.65714
9.24762
9.6
13.5333
10.9333
7.09524
8.73333
13.2667
6.61905
8.2381
10.6286
8.3619
10.1619
17.5048
7.73333
5.60952
10.4476
8.3619
9.2381
13.3619
12.6952
6.14286
11.7333
6.09524
7.97143
14.3238
11.4
7.07619
8.67619
8.53333
8.77143
13.0952
6.87619
9.88571
7.72381
6.14286
5.7619
12.981
11.1143
5.6
11.9524
7.58095
7.84762
10.8095
7.80952
8.50476
12.6286
12.8
8.08571
10.9238
5.37143
7.59048
7.10476
16.8667
11.019
12.6286
13.0571
14.619
5.74286
9.8
8.58095
10.4476
11.2762
7.68571
9.86667
9.6
7.91429
11.4381
8.14286
11.5333
7.15238
10.5905
6.27619
7.08571
7.14286
6.47619
13.0381
9.86667
15.1619
8.19048
5.47619
15.781
12.6762
9.28571
17.8095
7.73333
8.88571
18.6571
20.4571
9.04762
8.88571
10.9143
12.3333
9.77143
9.30476
12.8381
7.10476
10.9333
9.28571
7.84762
10.5905
12.8095
11.7619
14.4286
6.14286
8.06667
11.5238
11.8
11.6095
11.3048
16.0095
11.1238
6.97143
10.9429
11.3619
16.7143
11.4476
12.5238
11.8286
15.3143
9.82857
11.4857
11.819
8.94286
14.581
11.9429
8.37143
14.6286
18.0095
12.3238
7.6
6.98095
10.8476
11.4476
12.3714
13.619
14.8381
7.6381
10.7524
7.54286
13.819
13.7048
15.8571
10.9524
10.3905
7.80952
6.78095
10.5905
13.219
6.98095
10.0095
13.419
18.4762
9.35238
12.5524
8.6381
15.4476
5.40952
10.2286
9.11429
18.5619
18.381
9
9.61905
6.70476
11.5238
9.39048
9.57143
10.2857
5.6381
5.86667
7.88571
4.3619
6.12381
9.41905
8.24762
10.4095
11.419
12.2095
9.34286
5.27619
7.77143
7.75238
12.3238
7.52381
17.8476
7.0381
4.48571
15.8762
9.44762
10.1238
10.4571
11.8381
10.9429
9.6381
13.4571
12
14.581
5.05714
11.9714
12.4381
4.2381
12.3048
11.9333
13.9524
10.3048
8.50476
10.1333
13.4667
12.5048
11.5143
5.20952
10.7238
6.99048
13.8952
9.3619
9.78095
14.1429
11.6095
12.8381
11.2952
9.72381
10.2762
11.1143
10.019
11.8095
8.49524
6.86667
7.52381
9.21905
14.7524
16.2476
11.5048
9.31429
13.5048
9.60952
9.48571
7.99048
8.05714
10.2857
8.8381
11.0952
6.28571
6.48571
6.10476
5.62857
8.60952
7.35238
5.09524
10.819
9.10476
14.4
8.59048
17.1333
4.7619
12.781
9.21905
11.8667
11.4095
16.781
6.66667
7.13333
4.86667
13.0095
10.381
9.10476
6.09524
11.5714
16
6.73333
11.9714
12.4857
8.72381
8.41905
14.3143
9.53333
5.04762
4.85714
11.9238
11.8
16.419
11.9524
11.2667
13.1048
11.2571
13.3143
7.74286
6.34286
9.28571
9.70476
8.24762
7.7619
4.53333
15.1048
13.1048
6.99048
9.59048
8.29524
8.40952
9.8
8.72381
6.60952
9.2
9.54286
6.2381
11.7429
12.2762
11.4476
10.1333
5.55238
6.73333
7.19048
18.019
11.619
6.05714
6.07619
11.2762
6.58095
7.79048
10.1714
12.5905
13.4095
15.5048
13.5524
12.0762
4.91429
12.4857
4.13333
9.41905
16.0286
8.53333
10.3714
11.6381
11.4952
5.06667
5.61905
6.61905
12.9048
7.33333
6.84762
9.5619
5.54286
6.77143
5.86667
19.8667
11.3048
12.2095
6.94286
9.19048
10.9238
5.5619
8.5619
10.0952
9.07619
7.80952
5.81905
7.51429
9.53333
14.3333
10.3143
9.72381
18.1238
5.22857
13.7905
12.6762
12.9048
11.8571
8.6381
6.98095
11.381
14.3333
9.00952
5.4
8.38095
9
13.7238
6.60952
5.3619
9.99048
14.1333
4.65714
12.5238
15.0286
5.75238
6.88571
14.5333
10.2
7.10476
5.2
10.019
7.87619
7.72381
8.8381
5.82857
9.47619
15.3333
10.019
9.4381
5.92381
11.5429
7.67619
8.97143
9.89524
4.26667
8.54286
7.10476
7.05714
15.5714
12.419
9.05714
8.38095
12.0381
10.8
9.7619
6.32381
5.12381
4.95238
8.58095
9.12381
5.71429
7.5619
11.381
9.74286
6.98095
12.0667
7.53333
6.11429
12.8476
7.27619
11.4762
9.06667
9.54286
6.88571
9.82857
6.74286
9.19048
26.2095
11.7429
9.8381
12.181
7.7619
10.8667
7.82857
14.0952
11.8762
8.90476
11.5238
16.219
12.8571
9.95238
12.2667
9.71429
8.28571
9.06667
5.06667
7.6381
19.3619
8.07619
15.0095
11.419
8.4
11.8952
5.13333
11.7238
6.50476
9
12.8857
9.3619
6.86667
9.18095
11.0095
7.11429
9.91429
10.6
14.0667
10.8667
6.32381
13.981
7.78095
9.4
13.2286
16.219
7.84762
12.9143
6.85714
7.00952
13.7714
6.89524
7.4
11
9.73333
5.88571
15.0571
6.92381
8.95238
9.33333
6.87619
10.7429
10.1714
12.9714
14.2667
11.0381
10.0762
10.5714
12.6286
12.2
7.49524
11.9714
8.07619
7
7.86667
16.8857
9.52381
5.38095
10.9333
14.8762
14.0381
11.3619
6.54286
14.0095
9.53333
13.2476
13.0095
7.34286
14.2667
11.6762
9.4
7.04762
11.2476
11.7714
13.0857
11.581
5.6
11.0952
9.57143
15.9238
7.98095
13.219
6.90476
5.13333
7.5619
8.84762
14.0952
5.20952
10.2095
6.30476
11.5048
5.21905
9.82857
10.8667
8.17143
8.45714
6.99048
10.0381
13.9905
16.1429
13.6667
7.95238
9.53333
4.84762
6.6
7.35238
11.2286
6.4381
6.21905
11.381
12.8095
10.6381
11.0667
9.35238
7.45714
7.8381
7.95238
12.6667
5.29524
8.53333
18.1048
10.9238
13.9238
9.57143
9.20952
8.97143
8.13333
4.89524
5.90476
8.11429
5.11429
13.2571
13.2857
13.219
7.81905
11.9524
5.89524
6.24762
9.29524
15.7238
13.2571
10.9048
12.1143
6.5619
10.2762
8.60952
14.7048
10.0476
15.4095
8.19048
12.1524
7.79048
6.13333
12.4476
10.0952
9.82857
11.4381
7.28571
8.28571
11.2
12.3048
11.1905
7.94286
16.4286
17.3905
9.15238
9.6381
19.5619
8.62857
9.60952
9.51429
8.05714
11.8857
16.181
8.08571
11.8476
9.11429
11.4476
4.35238
8.06667
6.45714
10.2857
7.69524
14.1238
6.53333
10.6286
6.65714
17.2
10.2857
11.9905
8.5619
4.84762
6.60952
9.22857
7.82857
7.42857
12.1619
6.86667
8.22857
10.6667
7.59048
9.14286
8.7619
8.90476
6.71429
13.6381
9.4381
10.9905
10.5333
5.00952
12.2952
9.3619
8
8.91429
15.2667
11.4
9.27619
7.91429
5.45714
9.66667
10.6
8.93333
8.98095
7.4
7.88571
11.5048
14.1905
11.8381
7.73333
16.6095
16.1238
8.37143
5.71429
10.5714
7.10476
13.6667
16.6476
11.9333
12.6
10.7048
8.21905
7.62857
8.3619
7.77143
11
12.8857
11.9143
7.07619
14.6381
8.85714
13.2476
8.95238
10.1524
12.9048
4.90476
11.0286
11.7238
10.6381
10.7905
5.13333
8.40952
9.08571
9.77143
5.6381
12.7048
8.17143
8.30476
10.2095
4.95238
14.0857
11.6762
12.7429
12.9143
6.64762
8.46667
9.2381
4.59048
13.8476
7.01905
14.5048
8.92381
13.2857
6.07619
8.5619
8.33333
7.5619
7.79048
11.6571
15.019
11.3619
7.64762
10.4667
8.54286
15.6
16.2667
8.15238
13.5524
10.5238
10.419
11.581
13.2476
8.85714
9.79048
7.77143
8
7.57143
11
8.14286
6.70476
14.9524
16.4286
11.2667
7.82857
8.72381
13.4667
11.6857
14.7524
13.9524
11.381
8.41905
8.07619
10.9238
11.5714
11.181
5.69524
6.2381
5.42857
17.0952
7.11429
12.9524
9
6.94286
9.53333
11.0762
11.3238
14.381
8.42857
4.37143
14.981
5.38095
5.82857
10.419
13.581
8.55238
10.3714
11.3619
11.581
18.8381
10.8381
12.381
9.82857
12.7333
11.8857
5.89524
13.9333
10.619
7.17143
5.33333
10.0571
7.51429
8.10476
7.5619
7.29524
5.60952
14.6381
11.4381
8.53333
14.3048
14.5333
8.22857
5.48571
15.8
14.3238
9.51429
5.6
11.4667
9.79048
10.781
11.2095
13.7905
7.46667
13.3333
13.3143
4.93333
7.65714
11.8857
10.5714
12.1333
8.72381
5.01905
5.38095
19.6381
9.31429
7.4
8.89524
17.0667
9.7619
5.70476
11.9524
5.31429
7.61905
13.4857
4.75238
9.8
5.87619
9.64762
5.05714
8.78095
4.73333
13.8857
10.9905
7.11429
4.79048
10.4571
13.0857
10.1429
4.50476
11.7429
11.6952
9.01905
13.4381
13.0857
8.07619
6.86667
7.87619
13.819
10.0476
8.51429
10.8571
6.44762
8.85714
6.37143
6
5.41905
10.3714
8.22857
5.79048
9.21905
11.7524
10.819
6.34286
15.9143
10.8762
8.98095
13.381
11.8952
11.2286
12.8476
4.44762
10.4762
12.4667
14.4286
17.1143
7.01905
13.9714
12.8571
6.57143
6.89524
14.8476
15.1524
8.15238
8.87619
11.2095
12.3429
6.0381
8.91429
10.4
15.0571
11.619
14.6667
7.98095
16.3524
8.46667
8.47619
6.8381
6.85714
15.219
7.82857
6.70476
14.4952
9.38095
12.0286
7.06667
4.44762
15.2381
7.46667
12.8857
16.5429
9.00952
8.4381
5.39048
10.1524
12.9048
6.13333
16.4857
6.45714
9.87619
10.7714
11.6571
11.5143
15.1714
11.8952
12.1714
10.2381
12.5333
12.2571
9.65714
15.8
10.1048
7.79048
11.7524
8.02857
10.4286
7.95238
9.28571
8.09524
7.80952
5.47619
15.2857
6
5.11429
8.21905
10.6286
9.0381
16.3048
9.34286
9.80952
15.381
8.75238
7.53333
5.42857
12.2476
9.66667
7.2
14.0095
5.33333
10.2667
17.3429
12.5905
10.0286
8.88571
10.7714
10.1429
5.55238
8.68571
6.81905
5.11429
12.8476
13.4857
10.9048
7.85714
16.2095
14.1905
11.3905
11.8095
5.81905
7.45714
10.5143
9.67619
14.8095
10.7429
11.5048
11.9524
8.14286
6.1619
13.5429
10.5429
9.2
8.10476
8.93333
8.0381
11.8286
9.74286
10.4
10.6857
12.3524
11.1905
7.05714
17.2571
7.17143
8.46667
10.7714
5.69524
9.70476
4.95238
13.4857
10.2
8.8381
11.5714
9.25714
13.2762
9.67619
6.40952
6.8381
10.4476
8.33333
9.38095
14.0952
8.58095
12.019
9.4381
8.49524
5.0381
6.32381
12.6476
6.47619
6.33333
6.50476
11.0476
10.6
8.49524
18.2952
14.3333
8.29524
13.8667
7.02857
9.60952
6.19048
13.7714
12.3524
15.419
17.4952
12.0667
7.41905
7.09524
10.1619
13.8
7.2381
12.6
13.2667
12.2
7.68571
12.0381
11.3905
8.85714
13.381
9.7619
6.61905
15.6857
12.4857
6.39048
17.8095
5.89524
8.17143
12.6667
7.18095
7.64762
7.78095
16.5714
8.45714
16.1333
11.2667
10.5714
12.2952
5.94286
9.00952
7.28571
8.5619
6.66667
13.8
11.3905
5.58095
8.45714
11.2095
7.7619
10.2381
8.71429
7.1619
9.90476
9.6381
6.86667
5.30476
9.71429
5.89524
10.2381
8.02857
11.8762
7.93333
12.8667
9.75238
7.14286
12.619
13.5333
7.19048
9.33333
8.62857
10.0476
11.1238
14.2571
10.5238
5.07619
14.8381
10.2857
7.55238
6.88571
9.11429
8.15238
7.38095
9.06667
7.64762
13.7619
7.4381
4.2
8.26667
13.4667
15.2762
9.07619
9.78095
12.181
15.3524
8.59048
9.15238
5.05714
11.3333
8.95238
11.7714
8.7619
6.6
12.0762
9.38095
14.1714
6.6
9.87619
17.5429
9.14286
19.4667
7.58095
10.8952
12.0952
8.91429
6.85714
12.9524
10.9429
6.42857
14.3524
6.80952
8.54286
13.781
6.13333
5.68571
10.1905
11.7143
11.6571
8.59048
10.4286
14.9619
16.0476
6.75238
15.0762
4.19048
5.68571
4.19048
13.2667
18.7048
8.4381
12.2952
12.2762
7.90476
7.88571
12.1333
7.34286
9.77143
11.5143
7.28571
8.25714
6.99048
9.50476
5.53333
8.3619
10.8476
12.4381
11.8095
5.90476
8.13333
9.61905
12.4571
12.3048
12.8
11.0571
13.9905
12.0476
7.1619
13.4
8.73333
13.1619
12.3524
14.9333
8.71429
8.60952
12.1714
8
14.581
12.9714
15.019
13.6
16.0857
7.88571
15.6381
13.5905
10.6476
9.53333
7.04762
5.22857
34.1429
10.1714
10.5429
13.981
8.44762
8.41905
10.9429
14.5429
9.01905
15.5905
11.4952
4.64762
7.92381
12
4.26667
5.34286
10.8857
13.5048
5.42857
6.59048
13.619
11.1524
14.619
11.6286
9.99048
7.2381
8.20952
6.32381
10.4381
7.29524
11.8095
8.25714
6.07619
7.24762
6.72381
8.2
8.49524
5.92381
6.50476
8.59048
11.7143
12.6857
6.78095
15.2095
8.90476
8.7619
9.33333
12.4857
9.64762
9.07619
5.8381
11.0095
13.1524
17.2286
9.24762
10.6857
12.819
11.2857
12.4286
9.19048
12.4
11.3524
9.61905
4.93333
8.12381
8.08571
9.29524
10.7619
14.6286
16.0857
11.9238
8.90476
11.6095
4.73333
10.7238
14.1048
8.80952
10.2381
14
9.34286
11.981
8.45714
5.90476
11.3714
10.8286
14.9333
7.57143
8.38095
12.619
13.2857
9.1619
13.5048
11.8286
5.78095
7.82857
17.5619
15.4571
10.019
10.3238
11.3238
9.62857
8.99048
12.9429
9.39048
12.2
8.87619
11.2762
13.7714
9.89524
14.5905
6.2381
7.79048
8.62857
8.79048
8.41905
11.3143
12.6762
11.3048
6.14286
9.65714
10.3619
11.0667
5.72381
7.34286
8.88571
7.12381
10.3524
5.24762
11.1143
9.62857
9.85714
11.6857
11.1619
8.14286
6.90476
7.8
7.90476
4.87619
11.3619
15.4476
9.69524
7.95238
6.81905
7.84762
9.22857
10.3905
8.39048
8.8381
10.9429
8.22857
12.6762
10.4857
10.4762
10.1429
8.10476
6.0381
10.1048
8.94286
19.6667
11.1524
6.92381
6.40952
6.15238
10.7714
4.84762
14.7524
12.581
10.2571
9.79048
5.4
13.2762
7.14286
10.9524
6.2
9.02857
7.92381
6.15238
13.6095
11.5619
12.0667
9.50476
6.05714
5.84762
7.34286
9.61905
6.72381
9.1619
8.94286
6.37143
16.4667
10.4667
15.2762
14.7429
13.5905
10.9429
10.0762
9.12381
17.4095
7.48571
9.72381
15.5619
11.2762
10.981
9.09524
5.94286
6.98095
12.981
6.98095
9.33333
6.8381
8.17143
13.4476
10.219
16.5714
9.30476
5.9619
7.4381
8.4
5.19048
6.77143
8.60952
8.62857
11.1333
8.24762
8.53333
8.80952
10.019
5.29524
7.37143
9.42857
10.2667
16.9048
10.6476
15.5619
12.7619
7.69524
4.75238
11.4571
7.62857
6.17143
14.1524
6.74286
9.69524
15.2857
12.6
13.5714
8.86667
7.46667
17.8857
6.05714
12.8476
11.8476
9.44762
6.19048
10.1619
13.4952
11.9429
7.01905
7.40952
10.381
5.5619
11.7238
5.3619
11.8571
11.7905
10.4667
13.3143
15.8857
13.6952
4.65714
8.95238
9.37143
12.2762
8.07619
5.49524
10.5524
12.6952
5.64762
7.09524
8.55238
8.46667
12.419
15.819
7.81905
12.8
5.06667
11.8286
10.9905
5.49524
6.80952
9.07619
10.2667
8.91429
16.9905
14.4857
7.46667
15.0857
15.9524
5.69524
9.55238
9.1619
8.00952
11.0762
5.29524
17.8952
8.18095
15
11.0381
6.06667
5.86667
17.5429
8.45714
8.46667
15.9429
10.8286
6.02857
8.94286
8.17143
5.59048
14.6286
7.21905
8.65714
8.95238
9.24762
10.9048
5.69524
9.81905
13.0286
13.581
13.6571
14.6381
11.181
8.68571
16.9048
12.6952
11.5905
9.6
8.62857
5.6
4.80952
7.12381
12.419
5.77143
14.6476
13.4381
7.4381
6.41905
4.5619
6.50476
9.99048
9.44762
11.9333
5.0381
7.10476
12.2857
14.619
10.4857
9.62857
8.84762
17.6
6.35238
8.47619
10.019
12.7238
13.9429
11.6857
6.72381
11.7619
8.86667
11.9333
6.11429
5.06667
11.4476
10.3619
13.0476
9.6
15.2571
8.74286
7.99048
10.6667
11.1333
5.77143
9.71429
16.1429
13.4571
10.6381
8.90476
16.7143
12.3143
13.0952
8.6
5.62857
13.0476
6.47619
7.64762
8.68571
11.4857
13.0762
8.64762
8.14286
10.7238
11.2381
8.45714
11.3429
9.71429
6.99048
10.1905
7.6
8.62857
5.35238
13.7238
5.62857
12.9714
12.381
9.21905
6.53333
5.8
16.7048
10.3524
15.2095
4.71429
9.87619
7.11429
10.4381
14.6286
10.781
6.57143
12.1524
10.3143
11.3143
13.5048
8.9619
14.1048
11.7905
7.31429
15.4571
15.8476
4.19048
15.981
12.419
7.95238
14.4381
13.3048
8.34286
6.20952
16.5429
8.84762
10.5143
5.2
12
7.18095
7.62857
5.25714
15.1524
11.581
14.4571
9.1619
6.38095
15.4286
19.9048
7.99048
10.1905
11.7524
13.5048
10.0762
9.08571
7.87619
14.5524
4.84762
6.65714
12.8476
11.181
15.7619
14.7524
15.7429
6.06667
6.93333
12.7429
8.06667
12.3905
8.31429
12.3143
6.51429
16.8667
11.9429
14.4095
6.10476
9.50476
13.8762
8.30476
6.91429
11.1524
10.9619
10.4476
12.8381
15.2476
18.3143
9.28571
12.0286
7.90476
4.37143
9.61905
8.50476
15.5143
8.41905
6.95238
9.75238
12.7143
10.4476
5.29524
5.40952
7.52381
8.6
10.5048
7.97143
9.68571
11.6857
11.0476
5.61905
10.4381
9.05714
9.11429
12.7524
13.1714
9.74286
7.09524
16.1619
5.94286
11.3238
9.7619
6.82857
9.04762
8.85714
9.60952
9.22857
8.35238
14.4381
9.00952
5.05714
10.0667
7.41905
6.30476
5.40952
9.8
9.32381
10.6286
5.55238
14.1333
9.21905
7.45714
4.55238
10.8476
8.71429
11.3619
11.0286
5.81905
10.9333
9.75238
7.55238
8.55238
8.61905
10.3048
11.5714
8.15238
5.40952
5.99048
10.019
7.6381
8.6381
11.6476
8.80952
8.91429
11.8762
9.50476
10.2762
13.3333
10.0667
6.30476
6.44762
6.6
6.74286
8.67619
8.62857
9.8381
11.4952
14.9619
12.4286
10.8762
13.819
9.89524
10.0952
7.67619
8.38095
5.72381
13.181
6.12381
14.981
5.14286
8.72381
10.5143
11.1238
8.00952
7.51429
12.3905
8.08571
9.93333
5.7619
16.4
16.2762
14.9048
5.97143
8.32381
12.0952
5.2
7.65714
6.93333
10.5238
16.1238
6.12381
5.14286
7.2
8.41905
10
17.4
9.11429
9.19048
12.2476
6.97143
14.8286
6.06667
7.91429
9.25714
9.42857
8.18095
7.9619
9.85714
7.12381
7.49524
9.2381
10.2381
11.0667
14.5333
10.5524
12.9333
10.3619
11.4476
11.1524
7.80952
5.85714
10.0381
14.9143
4.53333
11.6952
15.1048
10.6
11.1333
5.45714
7.92381
10.8476
9.15238
14.2381
6.97143
12.4952
12.4095
6.19048
7.82857
6.54286
10.5905
9.75238
7.90476
11.5143
10.1524
10.019
5.41905
11.7714
16.019
8.67619
16.5333
10.9048
6.55238
45.819
6.70476
9.69524
10.7619
12.6381
13.6667
7.59048
8.75238
7.57143
6.00952
11.6381
5.73333
13.981
5.97143
12.6857
15.7429
4.88571
14.1619
6.44762
10.6762
10.981
7.89524
12.1524
11.781
13.5905
5.39048
12.2286
15.5429
10.981
14.381
10.1905
18.4286
12.1524
11.8095
8.14286
10.6952
13.8381
11.7333
10.9524
12.4286
13.2286
15.5238
10.0857
11.9048
5.72381
11.8952
10.8381
16.5333
5.34286
7.51429
6.28571
13.3333
10.6571
8.6
15.8381
9.2381
9.2381
11.8667
12.1238
11.0571
9.77143
9.39048
6.87619
5.89524
9.47619
11.7619
5.30476
8.53333
12.5714
10.2667
8.06667
6.90476
5.5619
4.89524
8.00952
9.75238
11.3714
10.7048
7.8381
13.7048
10.6762
9.78095
5.50476
5.52381
5.97143
9.8381
12.6286
7.53333
11.381
16.1905
9.59048
6.74286
6.07619
9.33333
11.2571
14.4762
9.75238
7.48571
5.39048
12.0095
7.02857
5.94286
14.0476
9.99048
7.94286
6.00952
11.9238
11.7619
7.88571
9.85714
9.59048
8.74286
5.08571
9.55238
9.21905
7.30476
10.9429
7.90476
11.7714
9.01905
11.7905
5.46667
9.75238
11.0286
13.8286
10.5714
10.781
11.019
8.54286
18.3333
12.7143
8.6381
11.8
6.26667
15.819
10.7048
6.79048
9.55238
14.6476
8.47619
8.79048
17.219
13.8857
7.74286
9.37143
10.0286
11.1714
8.65714
5.66667
6.09524
5.48571
15.7905
6.29524
10.4857
12.0571
7.62857
7.3619
10.6952
6.18095
11.981
12.0095
7.72381
13.9048
10.619
7.5619
8.19048
10.5333
8.10476
8.97143
9.68571
13.2286
10.0952
12.7524
15.5429
12.4
5.77143
6.61905
9.67619
12.3429
6.73333
4.93333
5.88571
10.0381
11.2857
10.9333
11.5048
12.2762
5.00952
11.2095
6.6381
6.39048
9.77143
5.93333
8.09524
5.30476
15.4286
8.49524
4.7619
10.0571
10.2762
11.7048
7.61905
11.3524
9.65714
7.46667
12.5524
10.7429
9.64762
11.019
6.19048
12.9714
6.57143
14.9333
5.69524
13.2286
10.6095
19.6476
6.92381
15.3048
11.7333
9.52381
8.42857
7.66667
9.93333
15.8762
6.28571
9.55238
7.92381
8.9619
11.9714
8.67619
6.92381
9.8381
5.55238
9.6381
14.0667
6.74286
10.2476
10
11.3238
8.50476
9.12381
9.51429
14.5048
6.72381
11.4
5.45714
5.4381
8.58095
5.26667
15.981
7.30476
8.78095
12.3048
8.95238
8.49524
5.31429
4.86667
5.65714
9.07619
6.32381
10.019
6.1619
10.9429
6.79048
14.819
12.5429
11.4571
10.2
8.28571
11.2667
13.0286
14.9619
15
5.08571
12.0286
5.8
14.1429
12.1429
7.68571
7.34286
7.50476
12.9048
13.0667
9.93333
5.70476
10.1238
12.9048
7.12381
8.72381
14.1238
8.72381
12.4095
10.9524
9.50476
12.7048
9.0381
8.97143
15.7429
9.81905
11.1905
10.4667
12.3524
11.6381
8.07619
9.68571
6.32381
8.3619
5.60952
11.3524
19.6571
11.3048
7.2381
7.08571
13.4857
7.38095
11.6571
9.4
8.13333
6.32381
12.581
16.0857
12.9238
17.981
12.7524
11.5238
10.5905
11.1143
10.4952
6.66667
12.3333
9.68571
11.3619
14.1619
9.15238
12.4857
4.95238
13.2095
9.6
4.79048
8.91429
11.5333
16.4381
9.7619
11.2286
10.4476
17.6762
5.30476
10.8286
8.93333
6.24762
8.94286
14.1238
10.7048
19.1524
9.48571
7.11429
12.6
9.2
9.4381
9.2381
7.64762
8.57143
8.25714
13.3905
5.62857
13.1048
15.1333
12.0667
14.5238
13.9238
6.34286
13.619
9.81905
8.40952
9.62857
11
14.0571
9.52381
7.6
9.33333
8.48571
6.32381
14.5524
9.20952
17.7714
6.70476
14.8476
8.3619
6.4381
7.85714
7.07619
7.86667
12.5238
6.47619
10.1619
6.53333
12.1238
7.75238
12.4476
10.4286
10.7905
8.72381
4.93333
7.20952
18.4762
8.27619
5.65714
7.58095
11.8381
7.33333
14.6762
9.25714
4.8381
10.1143
12.2667
8.53333
11.0381
21.7143
10.8952
13.0571
6.87619
8.15238
13.1619
10.6
7.58095
13.1048
11.1619
9.42857
11.2667
5.6381
12.6095
14.1619
11.9619
8.3619
5.58095
10.1333
10.7143
7.53333
9.30476
7.02857
7.93333
15.6381
9.62857
10.6286
11.1429
7.32381
6.25714
16.2
12.6095
9.51429
10.2095
11.9333
5.07619
11.8667
5.89524
11.619
11.5619
12.1048
11.5238
7.49524
8.85714
4.68571
5.86667
5.32381
13.7333
10.7905
11.1905
8.11429
9.2381
5.35238
8.90476
7.40952
4.68571
9.60952
17.2476
8.80952
11.0286
5.68571
7.7619
10.381
7.81905
12.1143
8.53333
13.1905
9.86667
9.58095
12.0571
7.84762
10.2381
10.7429
23.1048
14.2571
9.7619
11.0857
10.0667
13.1905
10
12.3333
19.6857
7.55238
7.89524
8.54286
11.8476
11.5429
8.32381
6.60952
7.04762
12.3524
11.5429
9.46667
7.46667
9.18095
9.68571
11.7333
13.6667
15.4571
9.08571
12.6762
6.04762
9.86667
6.29524
10.8952
10.419
15.9048
15.2762
16.1524
11.7333
10.9143
5.67619
5.53333
6.59048
10.5429
7.68571
9.79048
7.18095
12.0286
12.3048
11.9143
14.581
9.33333
12.4857
9.66667
14.3333
14.8381
11.3619
12.5714
10.9524
14.0857
7.82857
11.7524
5.07619
10.7524
5.60952
11.4286
15.5905
11.6571
9.53333
8.58095
6.09524
9.88571
6.6
7.00952
7.3619
10.0381
17.7333
8.68571
9.85714
10.3048
9.7619
14.219
6.07619
6.44762
9.42857
7.60952
9.53333
9.04762
13.5619
15.9619
11.1429
11.3714
10.4381
8.26667
6.33333
5.68571
15.2571
12.381
9.06667
6.8381
7.08571
9.75238
13.9619
5.49524
6.77143
10.7905
9.91429
6.89524
8.07619
9.98095
11.9905
7.34286
5.06667
9.80952
9.18095
6.17143
4.9619
8.70476
9.26667
7.53333
11.381
10.2571
9.80952
19.5143
11.6762
13.3524
4.34286
8.4
10.781
13.6952
14.2952
8.21905
14.1238
8.95238
10.6667
11.3048
8.73333
6.38095
10.4381
5.31429
9.1619
10.5048
8
15.2286
12.1143
13.1714
9.53333
12.2667
4.58095
7.3619
6.80952
9.49524
6.66667
12.0286
10.6
5.13333
6.88571
8.78095
12.7048
10.8381
10.1714
7.66667
12.6857
11.7429
8.6381
11.9143
9.99048
6.71429
9.20952
11.2476
13.2476
4.24762
22.0952
7.2
8.08571
8.5619
9.55238
10
8.93333
6.05714
15.1143
7.17143
8.20952
10.5524
6.61905
9.21905
10.8095
7.78095
8.7619
10.1333
11.7143
13.5238
11.9524
10.6
6.45714
8.93333
6.25714
6.24762
10.3619
10.5143
13.1524
6.70476
8.64762
6.69524
9.4
11.8095
15.6476
7.58095
12.219
13.5048
11.819
12.9905
7.50476
10.6571
13.9619
8.18095
14.8286
6.32381
8.6381
9.40952
7.41905
11.5048
6.41905
10.0571
15.0286
6.10476
10.7333
7.57143
12.7333
12.9905
8.50476
7.50476
7
6.89524
10.7238
6.31429
11.8
8.01905
8.80952
5.70476
7.41905
9.6
9.01905
7.06667
15.3905
9.86667
4
11.9048
7.64762
6.7619
9.37143
8.05714
12.6571
4.89524
12.7429
6.6
7.80952
14.7143
16.3714
6.94286
6.8381
13.3143
9.4
9.37143
13.6762
6.65714
6.7619
5.93333
11.0857
8.5619
11.4857
8.74286
16.181
6.33333
7.4
8.0381
24.3333
11.1429
8.98095
7.14286
4.66667
7.78095
6.60952
16.419
8.81905
15.9333
7.86667
9.75238
11.9143
10.1048
8.01905
11.3905
14.781
11.7143
6.01905
8.4
10.6571
14.6095
9.57143
8.34286
8.37143
14.5619
15.3714
13.3429
14.619
6.3619
11.5714
12.7429
9.01905
9.27619
5.67619
8.74286
6.69524
8.11429
5.72381
13.4952
5.30476
13.1905
15.0571
6.73333
16.2571
5.92381
10.3714
6.81905
10.6381
15.9905
6.71429
8.68571
12.5619
15.4762
8.45714
12.4095
11.4286
14.9524
13.2476
13.419
7.21905
11.2571
10.9429
14.3143
13.9333
7
8.40952
5.24762
6.86667
9.97143
4.48571
9.12381
6.51429
10.2381
6.71429
12.1048
9.10476
10.1429
9.71429
13.419
14.2
8.30476
7.4381
9.90476
8.4381
12.1048
5.58095
6.07619
9.65714
5.71429
11.9333
10.9905
14.2095
10.7714
10.6857
12.2667
9.78095
13.181
7.40952
11.3238
13.8952
13.8095
10.5524
21.3905
12.2857
7.39048
8.41905
8.28571
10.6095
10.3714
13.8476
8.69524
5.69524
12.0667
15.4571
9.71429
7.8
14.6286
12.9619
9.84762
8.70476
10.2952
12.4667
6.18095
14.5048
5.17143
13.8762
11.2
9.86667
9.52381
10.4476
10.0952
12.9333
14.8381
4.77143
9.97143
11.581
13.0571
14.5619
9.92381
9.26667
5.75238
4.39048
13.8857
14.3905
5.55238
12.0381
20.8762
15.1143
13.6571
10.6095
8.35238
10.1429
7.11429
5.65714
6.70476
7.32381
9.39048
7.80952
7
7.28571
7.79048
10.8762
15.8286
12.8476
6.48571
7.46667
10.9524
8.27619
6.77143
6.6381
9.11429
11.0095
12.9333
9.8
9.91429
12.781
7.74286
11
11.9905
11.9238
14.2476
10.5905
14.0857
8.0381
10.8857
5.61905
7.54286
10.4476
14.3619
8.32381
15.1333
12.3524
9.09524
8.85714
11.1619
8.39048
7.10476
8.58095
6.58095
4.22857
11.819
5.70476
6.88571
8.59048
13.0381
14.0571
6.32381
8.82857
5.21905
5.77143
9.46667
8.58095
7.00952
10.9524
4.0381
11.8952
7.15238
6.53333
7.70476
5.01905
16
9.11429
13.819
10.1905
10.6571
7.61905
10.0571
10.3143
8.75238
15.8381
8.4381
10.819
5.27619
12.6952
10.9238
4.58095
17.9238
10.1333
7.90476
7.6381
6.26667
4.30476
11.7524
12.8762
10.4857
11.1714
8.61905
8.72381
15.6952
10.5238
8.81905
8.7619
15.8476
4.94286
9.71429
11.8095
7.22857
6.01905
7.0381
10.3048
7.46667
13.2381
9.55238
11.6667
10.6762
9.37143
10.2095
6.93333
14.8857
13.7619
11.2
10.4476
6.77143
8.80952
8.60952
14.6857
7.69524
5.47619
7.64762
13.0667
6.73333
8.35238
13.0857
9.07619
7.32381
6.78095
7.45714
9.71429
12.9524
6.66667
11.4095
6.45714
12.9619
9.91429
14.0286
10.4286
8.61905
4.19048
6.2381
8.25714
6.81905
7.33333
8.33333
17.7619
13.9619
11.2952
16.5429
13.6095
7.08571
17.4667
9.80952
11.6095
16.6667
7.2
15.981
11.6381
5.42857
11.0857
11.7429
14.6476
16.0095
9.20952
9.18095
10.9048
9.26667
9.66667
7.89524
7.25714
7.8381
14.9524
7.8381
5.85714
12.0571
8.75238
8.69524
8.04762
9.94286
10.0571
12.7905
11.6286
6.35238
8.21905
7.0381
7.8381
9.98095
13.6952
11.2476
14.2762
14.381
10.8476
8.2381
5.45714
10.8952
11.7238
10.3048
12.3143
4.92381
7.42857
11.2667
12.381
12.3905
4.2381
12.7905
10.0857
19.3714
9.88571
12.7238
10.2857
6.7619
10.8762
15.1429
5.15238
10.0952
11.4857
6.21905
8.10476
15.6381
12.181
7.33333
5.81905
5.8381
6.31429
13.2571
7.29524
8.1619
16.7048
8.24762
14.8857
19.1524
11.5143
11.4
7.42857
7.2381
13.219
6.1619
7.59048
7.98095
10.419
6.29524
6.6
10.1238
11.0286
7.51429
7.06667
11.0762
7.61905
6.27619
13.6095
9.11429
12.419
10.3905
5.40952
12.6952
12.0095
10.181
6.35238
8.50476
9.24762
11.8571
10.4952
13.8857
12.2476
9.66667
9.41905
8.29524
16.8762
8.59048
10.181
8.57143
6.64762
6.66667
9.04762
5.81905
7.33333
5.52381
8.55238
7.82857
7.6
13.1429
9.4
8.77143
11.1238
10.8381
14.3143
8.85714
7.3619
5.10476
7.05714
17.1905
8.46667
6.22857
8.2381
9.04762
15.0762
6.77143
7.04762
9.25714
9.4
14.0667
9.02857
9.52381
5.08571
7.69524
6.11429
10.0762
10.2571
8.79048
10
11.1048
5.4381
7.00952
14.6952
9.4381
13.8762
8.21905
12.4
11.7048
12.0571
8.29524
7.90476
13.4381
10.6762
13.781
15.3143
6.73333
10.3524
10.6667
12.2762
13.4667
9.6381
8.72381
7.77143
4.58095
7.3619
6.48571
11.9048
17.0857
4.19048
9.06667
7.24762
11.7143
12.1048
10.2
9.54286
12.1048
8.29524
7.75238
8.17143
11.981
11.8476
10.2667
10.8095
7.17143
12.8095
10.3714
6.68571
11.4857
11.0857
5.84762
6.41905
8.7619
11.1619
7.51429
8.74286
9.33333
17.0857
8.46667
10.3905
9.02857
7.89524
10.0762
10.8857
9.44762
5.59048
12.0952
6.65714
10.8381
8.95238
13.2762
14.7429
8.47619
11.8286
9.4381
12.581
4.66667
6.18095
7.32381
10.2381
8.53333
12.7714
12.1714
7.45714
12.7429
7.71429
8.29524
7.49524
7.1619
8.20952
12.1429
8.84762
10.2571
12.9619
11.5333
7.17143
8.06667
8.85714
11.0857
12.0952
5.72381
8.65714
7.15238
8.29524
9.92381
5.81905
11.6
6.35238
4.45714
9.50476
10.181
6.19048
8.44762
11.0571
6.29524
13.819
7.22857
9.85714
5.22857
13.2762
11.2286
12.619
4.8
11.9048
9.79048
9.80952
14.3429
10.9524
5.87619
8.67619
8.54286
6.46667
9.60952
15.1524
7.47619
6.66667
10.2476
9.18095
6.93333
13.8
5.33333
5.2
18.2571
17.8571
10.5048
10.8476
13.1238
7.8381
4.2
6.61905
9.01905
11.4381
6.53333
12.7048
11.2381
10.8286
9.42857
5.46667
16.2762
5.90476
16.7238
8.66667
10.3143
9.72381
8.90476
10.1048
12.1714
5.33333
5.7619
4.65714
7.48571
10.2476
6.4381
12.3333
6.58095
13.7048
6.69524
11.0952
8.58095
5.59048
5.29524
11.2381
16.1429
6.65714
8.28571
8.57143
11.019
10.9333
5.0381
11.6762
11.2381
10.0762
6.90476
6.54286
8.99048
12.0857
14.1619
9.49524
13.2381
7.7619
7.72381
11.1619
7.93333
10.6952
8.31429
8.41905
7.81905
11.2
8.18095
6.75238
7.55238
6.72381
11
10.2
9.95238
8.94286
14.9143
11.7143
10.9333
5.77143
9.30476
8.28571
11.5714
7.52381
11.8095
15.0857
6.82857
10.8571
12.4762
7.40952
8.26667
10.4762
7.05714
8.32381
10.5048
15.1429
5.9619
10.6762
9.59048
9.52381
9.06667
7.64762
8.41905
6.87619
6.35238
8.08571
7.41905
6.18095
4.73333
8.91429
7.07619
7.71429
6.85714
12.1905
13.4952
7.80952
13.0381
7.1619
8.73333
7.47619
8.85714
13.4571
7.8
9.07619
5.51429
10.7143
8.90476
7.78095
6.67619
8.49524
7.17143
10.9429
11.5048
6.88571
6.47619
8.28571
6.42857
9.17143
15.4
8.24762
4.99048
9.24762
10.8095
9.25714
6.45714
6.24762
5.66667
11.9714
8.60952
17.2952
7.88571
12.4571
8.78095
9.00952
8.12381
10.3238
12.0571
10.9714
19.1429
8.34286
9.8381
9.42857
5.47619
4.95238
12.8667
11.5524
9.14286
6.86667
12.8476
11.1905
10.8095
11.2952
6.59048
8.41905
9.72381
8.09524
10.8476
13.9714
10.5333
10.8667
7.8
10.4952
9.82857
6.69524
5.82857
8.45714
13.6667
6.21905
9.65714
6.9619
7.44762
8.84762
4.73333
8.8381
16.6095
6.57143
4.84762
6.57143
10.8476
17.0286
17.4667
12.2381
7.11429
11.9905
9.57143
9.38095
6.20952
11.2381
7.05714
5.81905
8.48571
10.3524
8.78095
10.6
9.89524
10.8857
9.66667
8.27619
15.0286
8.20952
8.97143
8.41905
10.0762
10.2286
7.39048
13.0476
10.5905
14.8
9.6
8.45714
11.5524
14.7524
11.4476
7.30476
5.70476
15.2095
9.59048
6.6381
19.1333
6.77143
8.93333
4.21905
13.3905
13.6
11.2952
12.5429
11.3238
11.2476
9.67619
10.7714
13.781
16.6381
7.98095
5.28571
6.58095
10.3048
9.92381
10.7524
4.9619
8.87619
10.0571
10.0381
9.81905
10.6857
13.6857
14.6571
11.6095
9.22857
4.98095
7.68571
9.70476
11.0667
6.80952
8.47619
7.97143
7.1619
9.08571
4.82857
11.9524
6.34286
11.3714
7.91429
7.8
6.47619
7.15238
9.31429
9.10476
12.6762
14.1524
10.219
5.0381
17.4952
8.62857
13.9619
6.6381
12.4857
4.29524
9.2
10.2381
9.24762
9.8381
7.93333
5.55238
6.59048
9.29524
7.64762
7.93333
12.1238
9.19048
9.0381
5.5619
12.781
10.9048
8
6.8
9.34286
8.34286
14.2095
5.82857
13.2667
8.12381
13.8286
8.62857
9.6
11.019
9.89524
11.4
5.65714
15.4667
6.29524
9.55238
15.5905
5.42857
6.40952
11.3714
10.3238
10.6857
6.98095
6.01905
4.53333
10.2381
5.39048
13.019
6.86667
14
8.53333
12.019
4.81905
10.9429
10.2667
14.0286
6.05714
14.9333
11.5143
10.2
14.5429
10.1619
7.2
5.38095
13.5333
15
10.9238
11.5714
9.47619
11.4667
5.86667
11.7714
7.6381
8.77143
9.21905
9.12381
12.1905
9.41905
7.25714
9.68571
11.5714
9.02857
6.89524
11.7524
12.9524
10.9619
13.0762
12.8381
12.3714
13.3238
16.4476
10.1714
7.78095
12.1238
6.0381
5.74286
5.75238
19.6857
8.19048
11.6286
9.22857
15.1143
8.27619
6.39048
7.05714
10.8857
8.47619
11.9333
11.219
8.42857
11.1429
6.82857
6.28571
5.54286
6.70476
8.85714
8.33333
8.38095
15.6381
13.5524
15.419
8.18095
6.4381
11.3143
7.02857
10.219
5.75238
6.44762
5.64762
10.8857
9.49524
8.32381
8.67619
6.60952
11.3619
9.91429
6.79048
8.08571
10.6095
11.3905
12.8857
12.0286
14.9905
8.28571
14.0857
10.9619
9.73333
10.4571
13.6952
8.89524
7.01905
8.06667
6.7619
14.7905
16.4095
17.2952
8.64762
7.13333
6.6
6.44762
8.09524
8.38095
4.44762
6.88571
4.55238
11.2476
9.38095
13.9048
6.19048
8.75238
11.0095
9.10476
7.90476
8.24762
13.1333
8.01905
9.02857
14.0667
12.3714
4.59048
13.8476
9.01905
8.06667
8.49524
8.12381
8.44762
6.05714
17.6476
17.5333
6.2
7.02857
9.33333
9.32381
12
13.4667
12.7714
9.42857
8.48571
9.12381
11.381
10.1143
12.8952
10.9048
7.22857
8.54286
8.35238
13.5524
7.82857
6.17143
9.79048
7.44762
9.39048
6.70476
8.22857
5.91429
7.99048
7.27619
8.97143
5.6381
13.8095
8.55238
11.4
12.819
5.62857
12.381
10.781
13.981
11.1714
11.4952
11.1714
6.50476
5.90476
7.01905
11.6381
7.09524
10.6952
12.9905
12.0762
11.5905
9.44762
7.69524
4.68571
9.64762
6.3619
6.42857
5.71429
6.9619
6.6
12.9143
8.97143
4.82857
12.9143
11.6952
7.37143
13.619
8.84762
13.5238
8.66667
10.9048
10.5429
10.4381
16.1714
14.2857
10.4571
8.61905
4.70476
8.34286
7.70476
7.34286
5.80952
7.4381
9.05714
10.2762
9.35238
8.4
4.70476
7.91429
12.3429
6.91429
15.2286
16.3429
6.95238
8.75238
11.9048
5.9619
9.1619
7.84762
9.79048
8.02857
4.8381
9.12381
9.60952
7.3619
9.12381
6.10476
6.05714
7.91429
8.50476
7.99048
7.9619
4.73333
11.019
9.72381
14.5905
11.1429
11.9143
6.99048
5.7619
9.62857
14.0667
9
7.26667
7.42857
9.4381
7.45714
8.26667
5.99048
10.2667
10.419
9.29524
5.37143
11.1238
4.13333
5.86667
9.44762
8.52381
13.7905
8.54286
12.2
6.6
5.87619
10.7714
5.32381
11.019
14.4
7.39048
13.6571
12.8286
6.44762
4.95238
13.4286
5
6.94286
12.2667
14.3524
9.80952
7.25714
8.39048
10.619
10.8857
6.38095
12.8286
13.7429
15.0571
5.1619
8.28571
11.2381
10.8952
5.38095
12.419
13.781
17.6952
8.53333
14.4571
12.8
4.95238
8.54286
13.9333
12.5333
4.66667
9.48571
6.06667
7.74286
16.7714
9.15238
7.2
8.51429
8.08571
8.00952
13.9143
11.6286
5.69524
10
8.38095
7.81905
8.48571
9.34286
4.89524
11.6476
7.59048
9.59048
10.8667
12.5333
5.92381
6.84762
5.4381
6.80952
12.7238
8.08571
6.97143
5.15238
9.12381
7.57143
13.2
6.3619
11.5143
8.34286
18.5143
13.6
5.40952
7.70476
11.8857
12.619
6.49524
6.6381
7.06667
4.86667
8.21905
6.45714
8.89524
13.8762
4.64762
14.8
17.7524
5.81905
10.9238
9.10476
7.07619
10.3429
12.3048
6.89524
10.0286
8.04762
11.9714
10.6
9.51429
12.2857
11.0952
5.69524
12.4381
12.181
17.2381
6.0381
20.9143
16.7714
15.4095
17.4
9.1619
5.81905
7.21905
7.52381
8.11429
12.3333
10.3619
6.91429
6.6381
5.77143
8.62857
5.00952
8.77143
15.8952
4.09524
5.31429
10.2
9.00952
16.5048
13.3619
16.5905
11.4952
8.32381
9.7619
11.4571
11.1143
13.0952
10.2476
11.7619
7.21905
9.8
7.60952
6.22857
7.31429
6.58095
6.98095
4.9619
8.75238
9.85714
5.21905
12.6
14.3714
9.90476
10.1714
9.37143
12.9333
13.0095
15.4571
7.92381
11.0762
10.6381
12.7524
14.8476
7.00952
10.1429
5.77143
14.2476
10.7619
7.8
11.581
12.9905
7.4
8.97143
7.17143
14.6095
11.8476
16.5429
7.28571
15.9714
11.3619
8.97143
5.68571
6.07619
8.21905
12.4095
10.181
8.47619
12.8095
4.90476
7.05714
8.81905
9.78095
10.1905
5.29524
13.1714
8.68571
12.619
10.6571
9.34286
4.97143
5.91429
8.41905
8.32381
10.181
6.58095
11.1714
4.19048
7.87619
5.54286
8.4381
21.5238
11.3905
8.86667
7.70476
8.54286
4.86667
9.8381
10.7143
14.2286
5.85714
5.82857
8.14286
10.7143
9.04762
10.581
9.95238
9.33333
8.53333
9.18095
11.2381
9.73333
10.1905
8.77143
10.7429
7
5.94286
12.8952
5.69524
9.77143
11.5048
19.7333
12.9333
11.2571
9.5619
10.0286
13.5524
7.50476
5.2
8.37143
4.66667
11.3905
8.17143
13.9619
12
9.95238
11.8762
8.5619
6.47619
13.5429
9.46667
6.30476
6.05714
7.67619
5.90476
6.21905
8.48571
16.7048
12.3048
13.0952
7.11429
6.58095
6.37143
14.2571
7.41905
11.2
13.381
9.19048
10.4286
10.019
17.1048
6.25714
5.22857
6.26667
22.781
10.9619
11.0952
11.4286
10.6857
7.2
9.86667
9
14.5619
8.49524
16.6762
15.9905
14.8095
10.9714
13.0476
7.41905
8.99048
4.2
12.9048
16.5429
8.49524
7.40952
13.381
9.91429
12.2952
4.6381
7.86667
8.55238
11.9619
11.4762
16.2857
11.1524
12.6857
8.0381
7.78095
13.5048
14.4286
9.89524
4.94286
9.86667
7.85714
12.1143
8.30476
6
5.02857
6.72381
4.3619
5.97143
7.90476
11.3714
6.19048
10.019
4.72381
12.0857
6.91429
5.44762
4.40952
15.4952
5.25714
8.4381
4.81905
6.78095
9.66667
7.42857
7.18095
6.57143
14.5048
10.4952
8.07619
6.22857
14.4095
6.73333
10.9905
8.11429
6.57143
6.99048
10.981
13.0857
7.97143
10.6095
11.0667
20.1619
8.58095
9.78095
5.6
7.20952
5.6
5.62857
15.7143
6.51429
11.581
5.21905
6.45714
16.0762
10.5238
6.71429
12.7143
6.88571
6.06667
9.39048
11.4095
7.02857
7.69524
8.42857
6.93333
6.91429
9.30476
11.181
9.3619
7.34286
5.85714
7.22857
6.70476
12.9238
9.35238
10.1429
12.8095
9.51429
8.34286
8.07619
6.73333
13.781
8.14286
8.71429
8.60952
8.65714
10.9619
8.94286
6.41905
8.06667
7.55238
12.3905
4.95238
16.7048
12.9524
5.87619
10.8476
7.38095
9.89524
5.28571
6.25714
10.5333
13.4667
9.93333
9.9619
5.29524
8.40952
8.38095
6.25714
11.819
11.419
9.54286
7.1619
7.64762
9.53333
7.61905
10.0095
7.7619
5.67619
6.14286
6.02857
6.75238
8.39048
4.64762
8.05714
9.20952
16.4857
4.82857
8.78095
5.49524
9.70476
7.78095
6.07619
9.48571
7.84762
6.19048
7.86667
6.93333
6.77143
6.6381
11.3143
9.28571
6.9619
8.46667
9.62857
13.0667
5.4
4.91429
12.5048
10.9619
13.0952
7.38095
11.5238
11.3905
11.2571
12.4095
12.4381
8.88571
8.04762
14.1429
8.75238
11.3333
14.4571
11.3714
12.6762
12.3048
9.2381
6.13333
10.1619
9.24762
8.26667
7.89524
11.4762
7.93333
18.3048
13.1333
11.8476
14.4762
10.4286
15.9143
7.11429
12.3143
13.9143
10.4286
9.20952
12.1143
13.5238
8.77143
8.67619
12.2952
9.53333
10.9429
8.69524
8.9619
15.0381
6.8
7.14286
6.6
6.24762
10.1429
11.2762
9.27619
7.8381
7.08571
10.1714
4.9619
15.1619
14.3333
10.1143
14.4095
7.47619
11.5429
9.2
8.90476
10.7714
9.38095
6.8381
7.94286
8.24762
13.981
10.8381
8.93333
14.6952
6.00952
7.6381
5.87619
11.7429
7.02857
10.2476
6.9619
10.8667
10.7524
8.14286
9.0381
7.13333
16.9524
11.4667
9.79048
4.65714
13.3905
10.3619
10.8762
15.0952
11.7905
10.5143
7.7619
8.02857
8.46667
11.1238
13.219
10.6667
9.8
15.9048
6.33333
7.74286
15.3619
5.44762
7.6
9.22857
5.82857
7.52381
5.87619
4.99048
8.0381
6.4381
10.1048
4.30476
11.5429
9.69524
5.6
12.3429
6.09524
7.47619
6.78095
10.8952
9.71429
10.2
9.50476
6.11429
4.58095
8.1619
8.91429
6.8
8.61905
7.0381
5.4381
9.40952
9.47619
10.8571
7.17143
5.30476
8.78095
8.02857
7.85714
10.6571
10.0286
8.26667
8.75238
8.08571
12.4857
8.72381
8.44762
9.9619
15.3429
10.5429
12.6952
8.95238
7.81905
10.6667
7
10.3429
6.17143
8.91429
9.26667
9.25714
11.2095
12
6.9619
7.99048
14.5048
5.69524
8.39048
8.48571
12.9429
10.7048
9.65714
8.44762
5.84762
6.8381
7.38095
4.98095
11.1238
7.12381
7.08571
6.50476
12.0571
17.0857
17.0095
14.5238
17.0095
6.6
9.4
7.41905
8.5619
14.5429
9.87619
13.8667
11.0286
13.1619
11.6476
8.68571
10.5714
9.64762
13.7048
9.64762
4.22857
5.51429
12.019
21.981
8.73333
12.1524
8.13333
5.44762
11.5429
7.22857
4.48571
11.9333
12.5619
9.13333
16.5714
5.09524
7.20952
9.00952
8.86667
8.62857
10.181
6.4381
29.5238
11.1143
8.75238
13.8286
8.32381
8.94286
11.8571
6.55238
9.53333
5.10476
11.6286
4.69524
13.6476
8.48571
13.2762
11.2667
13.0476
8.66667
6.57143
8.22857
5.69524
11.4857
13.8857
6.70476
12.2476
4.88571
8.44762
12.4095
8.08571
11.4952
8.77143
6.82857
7.30476
7.71429
9.69524
7.02857
9.92381
8.12381
8.61905
8.29524
10.219
5.69524
6.00952
7.4381
6.64762
8.35238
10.6571
8.51429
10.7524
8.19048
6.58095
6.74286
6.00952
7.6
4.12381
7.6
12.6286
16.6571
6.99048
8.38095
8.59048
12.7048
7.33333
9.91429
16.8
5.69524
12.6095
18.7048
13.4476
16.4476
5.02857
4.21905
6.20952
5.53333
14.7238
17.5429
12.5238
15.1333
7.75238
17.9714
10.1143
12.2952
10.4476
13.9429
5.54286
12.2857
5.57143
11.2857
11.3429
11.1238
9.41905
9.54286
7.78095
10.8095
7.8
6.94286
6.4
5.95238
6.88571
8.85714
7.67619
15.0286
6.19048
10.2476
16.5048
6
9.78095
12.1143
9.3619
5.87619
9.49524
11.7524
8.68571
9.10476
7.2
10.981
7.45714
12.1048
14.381
15.4286
8.52381
7.11429
8.33333
16.3333
12.0667
6.8381
8.55238
8.17143
9.20952
11.0571
8.6
7.90476
9.66667
26.0095
9.31429
5.4381
4.92381
7.71429
10.3238
8.37143
6.50476
7.91429
7.10476
5.70476
10.2381
5.93333
9.6
5.64762
15.9238
12.3524
5.4
7.78095
8
15.5524
5.33333
10.581
10.3524
8.7619
9.52381
15.5429
10.8476
8.52381
9.79048
4.61905
6.18095
5.01905
7.28571
11.4476
9.04762
10.2762
10.9714
7.6381
10.3524
8.70476
9.69524
7.08571
6.55238
14.1143
9.4
6.13333
8.42857
12.4
11.0476
9.19048
5.79048
6.95238
5.34286
6.97143
8.74286
10.0762
4.74286
8.91429
8.41905
14.5048
5.6
4.66667
6.64762
5.80952
17.1524
12.2
6.32381
6.01905
7.32381
9.19048
6.82857
7.26667
7.00952
6.5619
9.07619
7.2381
6.61905
11.3429
10.5333
11.3238
8.91429
6.64762
13.8286
5.22857
12.3905
10.9714
13.0381
8.34286
10.8857
7.65714
10.6476
7.53333
11.7524
11.2286
10.4857
6.72381
10.7048
8.67619
14.9714
15.2476
5.51429
10.4762
11.8667
7.21905
11.0095
7.7619
4.31429
9.17143
6.99048
8.72381
8.30476
6.32381
10.6381
7.99048
11
6.51429
17.5333
4.65714
5.50476
8.51429
9.66667
13.8952
5.42857
9.4
9.84762
12.8571
16.619
7.44762
6.98095
10.819
8.86667
12.6476
7.8
9.29524
7.85714
13.9143
10.8952
9.88571
7.67619
10.8381
8.74286
11.2
11.3524
8.52381
6.86667
10.2857
6.53333
8.53333
12.381
7.62857
4.47619
8.55238
6.38095
4.64762
13.3143
9.41905
8.33333
11.2
7.57143
9.04762
11.6857
4.17143
6.50476
11.1429
6.87619
7.72381
5.48571
9.58095
5.39048
5.28571
4.65714
6.60952
10.5238
10.9143
6.04762
3.8381
3.46667
6.65714
5.77143
7.95238
3.20952
6.11429
3.54286
8.24762
8.34286
6.71429
13.3714
7.25714
7.8381
13.4381
9.69524
7.29524
4.39048
6.08571
9.13333
10.8381
6.2
7.40952
6.87619
7.3619
6
7.44762
5.95238
6.05714
10.4762
10.2857
16.419
9.02857
5.94286
6.2
7.30476
9.75238
14.1048
6.48571
9.06667
5.51429
5.17143
4.72381
6.1619
6.72381
9.90476
3.65714
4.93333
9.0381
12.9905
5.65714
12.2667
10.0571
5.21905
7.0381
4.25714
15.4952
6.39048
8.71429
10.8
5.39048
7.33333
10.4667
9.05714
12.4857
13.0952
10.9333
11.1333
13.4571
6.98095
5.53333
7.80952
3.87619
4.01905
8.49524
5.24762
8.53333
3.52381
4.60952
3.91429
6.82857
8.14286
6.11429
4.67619
4.84762
3.98095
8.0381
7.45714
5.81905
3.67619
7.92381
12.3143
4.73333
4.26667
9.9619
10.9524
9.09524
3.8
6.18095
6.80952
11.2762
4.44762
3.85714
6.48571
5.06667
5.55238
6.00952
6.62857
8.01905
7.49524
10.9333
3.7619
6.81905
6.22857
6.2
7.29524
6.53333
5.0381
6.29524
8.24762
7.6
6.47619
3.66667
4.19048
4.75238
6.74286
7.32381
4.20952
10.981
10.181
8.08571
4.51429
13.2857
3.32381
11.9048
5.37143
5.09524
6.15238
5.62857
5.37143
8.39048
6.70476
5.45714
4.73333
6.6381
5.59048
4.70476
4.82857
3.68571
10.4857
10.9429
5.8
4.48571
6.19048
6.84762
9.08571
7.79048
7.91429
3.71429
14.419
16.6095
5.4381
7.98095
10.4667
5.33333
8.87619
7.64762
7.62857
3.51429
8.38095
4.57143
5.87619
4.29524
3.8381
5.06667
9
5.69524
6.31429
8.41905
5.42857
7.57143
23.5619
7.01905
7.00952
3.89524
9.60952
4.2
9.06667
3.5619
6.4
4.06667
8.98095
7.97143
6.86667
12.0381
9.32381
7.66667
8.98095
8.53333
5.6
8.8381
6.2381
8.99048
6.04762
12.2095
7.39048
4.81905
11.1333
5.2
8.47619
5.04762
5.59048
6.00952
8.32381
8.93333
4.73333
8.71429
7.68571
8.57143
6.85714
7.7619
6.4
8.60952
7.71429
10.219
7.30476
3.65714
3.4381
10.9238
12.1048
8.97143
4.15238
11.1238
6.51429
6.79048
5.28571
17.1048
3.82857
11.6476
4.05714
8.32381
6.81905
17.1524
3.69524
6.2
4.66667
7.09524
6.95238
13.5238
3.60952
3.38095
15.4
6.69524
4.39048
10.7524
9.9619
9.66667
8.89524
8.7619
9.05714
7.48571
7.27619
10.6667
13.2857
6.52381
9.27619
3.67619
4.99048
6.72381
5.5619
9.84762
6.8381
4.77143
4.34286
4.94286
5.31429
9.30476
4.00952
9.17143
4.25714
6.04762
9.05714
8.81905
4.9619
9.78095
7.61905
8.4381
6.15238
7.52381
7.97143
4.99048
5.9619
4.1619
8.2381
6.34286
8.28571
9.8
4.8381
9.49524
4.26667
4.84762
8.6
3.48571
4.97143
11.3905
5.98095
6.09524
5.5619
3.62857
5.32381
4.88571
6.41905
4.04762
4.86667
3.51429
5.6381
3.73333
8.38095
6.01905
6.27619
6.3619
13.1333
4.85714
9.91429
10.2667
7.2381
6.61905
4.49524
12.2095
7.58095
3.58095
7.95238
5.2
6.41905
9.19048
3.27619
6.93333
6.71429
9.28571
8
6.4
9.80952
10.5524
3.4381
10.2952
6.30476
8.27619
12.9524
14.7333
7.17143
5.40952
9.00952
4.69524
3.74286
5.55238
9.38095
8.37143
3.24762
7.3619
4.2
14.1714
10.1048
10.4571
7.51429
10.6762
13.4476
3.5619
5.64762
5.29524
7.57143
7.88571
7.7619
5.5619
8.31429
5.41905
7.55238
7.55238
4.90476
14.1048
9.49524
8.73333
7.19048
38.9524
11.2095
6.05714
4.10476
4.17143
4.58095
6.05714
12.8952
12.8571
8.07619
6.47619
9.66667
4.84762
8.99048
3.69524
5.14286
4.07619
5.57143
13.6286
4.04762
10.7143
8.17143
10.5143
5.33333
9.78095
5.92381
6.84762
9.33333
6.15238
5.1619
11.2095
9.79048
15.5143
5.2381
3.54286
6.9619
5.20952
9.30476
4.39048
8.53333
8.24762
11.2476
11.4571
5.62857
4.00952
6.86667
7.98095
6.73333
10.1714
7.25714
12.6095
10.581
5.66667
3.45714
9.39048
4.45714
7.8381
6.07619
4.14286
7.79048
9.99048
5.86667
5.52381
8.06667
10.181
7.17143
3.84762
7.00952
7.44762
8.34286
7.39048
16.0571
8.04762
5.44762
6.61905
4.81905
10.1714
5.30476
10.5143
3.74286
5.58095
5.85714
6.15238
4.91429
3.88571
4.12381
5.04762
5.62857
5.47619
6.48571
10.8762
5.75238
8.70476
6.59048
6.87619
5.74286
4.30476
7.19048
6.13333
5.46667
7.51429
4.09524
3.01905
11.419
11.4762
5.80952
6.87619
6.48571
13.1048
4.4
10.5905
7.84762
11.4286
10.2667
8.6381
5.99048
5.55238
8.2381
7.18095
4.78095
12.381
11.6667
10.7905
8.28571
7.0381
11.019
12.7333
6.45714
8.62857
13.7905
6.70476
9.1619
8.91429
8.97143
9.14286
8.75238
4.29524
5.50476
14.381
4.86667
5.27619
6.2
9.25714
5.2381
6.86667
4.86667
6.48571
5.93333
3.39048
5.04762
6.49524
4.39048
7.87619
10.419
3.45714
4.75238
5.20952
9.24762
4.05714
5.37143
6.3619
6.4381
5.59048
3.55238
3.78095
6.8
5.06667
4.6
5.82857
3.86667
4.78095
3.67619
8.81905
6.7619
8.14286
5.80952
11.5524
6.10476
10.1905
6.31429
6.18095
14.3714
7.89524
4.97143
3.99048
4.55238
6.34286
6.46667
7.3619
8.59048
13.0381
6.1619
6.11429
12
8.98095
7.59048
4.6381
4.91429
6.2381
4.70476
6.87619
7
10.3333
4.68571
7.55238
10.1048
11.2476
7.35238
7.15238
9.2
10.3429
9.72381
3.95238
4.05714
3.89524
8.19048
6.4381
6.89524
5.45714
9.33333
9.3619
3.71429
7.53333
6.25714
4.35238
3.66667
7.6381
10.581
5.51429
15.9333
6.77143
11.1143
9.52381
9.61905
10.2857
5.34286
6.75238
3.45714
4.6381
5.05714
6.30476
10.7905
4.34286
7.87619
10.8952
5.59048
4.93333
3
9.71429
8.29524
7.9619
7.69524
10.5905
5.07619
7.17143
5.4381
7.18095
13.4667
8.91429
7.62857
7.5619
7.68571
8.89524
5.81905
4.91429
7.93333
4.02857
7.04762
7.18095
4.78095
11.619
6.47619
6.50476
4.44762
7.32381
4.85714
6.75238
9.73333
4.11429
4.31429
4.2
5.6
7.90476
6.9619
6.84762
4.30476
9.74286
5.25714
6.89524
4.02857
6.11429
4.8
4.75238
7.52381
6.48571
4.39048
3.46667
6.50476
8.74286
7.90476
6.99048
6.01905
7.0381
5.41905
3.6381
3.95238
14.7905
6.81905
5.01905
4.80952
6.86667
10.2381
6.78095
9.06667
4.65714
10.0571
4.67619
5.1619
10.8381
3.72381
9.49524
4.65714
6.07619
9.24762
3.93333
7.97143
4.07619
8.89524
7.89524
4.04762
4.53333
4.20952
13.1048
10.4476
6.68571
3.04762
11.219
5.09524
5.53333
8.28571
9.13333
3.09524
3
4.93333
4.1619
4.60952
13.2381
4.73333
10.4381
5.88571
13.4952
5.75238
7.2
7.26667
7.49524
3.13333
3.85714
3.13333
11.1619
9.18095
7.22857
8.4381
7.07619
5.65714
9.28571
3.73333
10.7143
12.1714
5.80952
9.10476
4.02857
8.59048
11.8667
9.04762
4.71429
7.57143
8.91429
7.04762
17.2381
10.2095
6.97143
4.74286
3.7619
3
3.89524
7.12381
11.6
4.47619
4.73333
5.20952
3.4381
4.14286
3.18095
8.6
3.09524
3.82857
8.65714
3.6381
13.6286
12.2571
7.87619
11.7905
6.53333
3.58095
7.97143
3.07619
12.9333
5.61905
5.80952
4.02857
7.33333
7.69524
3.69524
3.73333
4.19048
11.1714
8.3619
4.8381
11.8571
4.65714
10.7524
8.02857
3.34286
5.61905
7.88571
10.3143
9.05714
6.74286
6.9619
6.15238
3.70476
8.55238
8.97143
6.85714
5.52381
8.52381
8.04762
6.32381
3.17143
7.26667
5.46667
5.42857
5.10476
8.28571
9.2381
4.92381
5.55238
10.019
7.19048
6.13333
7.62857
9.42857
12.6286
7.67619
6.40952
9.58095
7.11429
5.28571
3.54286
3.37143
3.46667
11.2
4.07619
4.55238
3.59048
9.79048
13.0762
9.07619
11.3429
8.55238
6.30476
9.79048
7.0381
4.97143
8.69524
5.0381
6.06667
6.24762
7.35238
6.72381
5.59048
14.7238
6.8
6.6381
7.49524
9.45714
4.5619
6.00952
7.07619
4
11.7714
10.619
13.019
4.39048
10.3048
4
8.8
10.3714
6.09524
6.85714
7.4
5.41905
5.04762
7.73333
12.7429
9.39048
3.46667
6.29524
8.35238
5.00952
10.9905
7.99048
9.4
10.4571
9.38095
10.4952
7.65714
9.93333
8.5619
3.87619
10.219
7.10476
4.91429
12.9429
9.49524
10.6381
4.54286
7.1619
3.24762
9.46667
12.2571
9.10476
4.4381
6.91429
3.70476
4.45714
6.84762
9.94286
5.40952
4.97143
11.4
10.3619
11.4762
3.40952
3.29524
4.91429
6.6381
6.38095
6.02857
5.25714
4.82857
5.17143
3.32381
5.75238
7.86667
8.20952
10.5524
6.50476
7.64762
5.39048
19.6857
4.29524
6.07619
10.5714
3.70476
3.41905
5.01905
10.8762
5.98095
7.33333
3.34286
6.04762
4.46667
4.5619
5.1619
7.4381
5.70476
5
6.66667
5.90476
4.92381
3.64762
6.00952
6.77143
8.14286
8.45714
7.00952
6.48571
7.02857
10.2667
6.39048
6.51429
4.4
9.00952
4.71429
4.47619
7.62857
12.4286
5.79048
3.54286
3.08571
4.95238
5.68571
5.70476
3.5619
10.2286
14.2286
6.45714
7.01905
4.09524
7.46667
6.1619
6.34286
6.18095
9.45714
6.44762
6.90476
4.18095
13.0381
3.4381
7
6.1619
7.6381
10.5429
7.5619
8.67619
11.181
3.73333
7.20952
8.71429
6.85714
4.50476
7.31429
8.24762
12.0571
9.09524
4.00952
11.5429
3.68571
3.58095
3.99048
3.33333
4.59048
8.21905
6.61905
8.17143
6.86667
4.31429
10.3333
12.4286
9.21905
9.88571
4.6381
3.78095
3.6381
6.39048
7.8
9.08571
8.78095
5.84762
5.97143
4.4
10.4857
8.05714
7.3619
3.91429
11.3048
8.75238
10.7333
5.52381
5.82857
10.5619
5.60952
3.31429
9.30476
6.09524
7.41905
7.40952
10.3905
3.78095
6.6
17.3905
5.0381
7.29524
5.30476
5.02857
7.74286
11.9714
8.06667
5.57143
14.6095
7.42857
8.60952
8.24762
10.9143
3.99048
6.05714
3.34286
9.2381
3.77143
4.97143
8.38095
13.0286
5.55238
9.46667
6.88571
6.97143
5.06667
11.2
17.8857
7.7619
9.28571
8.10476
10.2667
5.6
10.2762
14.6
8.92381
8.21905
9.35238
9.10476
12.581
5.72381
9.09524
13.0857
8.3619
10.1143
3.81905
5.78095
11.6952
6.33333
9.74286
11.6476
6.59048
10.3714
10.381
6.78095
4.1619
7.42857
8.33333
4.94286
9.46667
7.06667
11.4857
7.73333
6.67619
16.0762
3.06667
6.60952
3.68571
8.77143
4.93333
3.89524
5.2381
11.2095
6.21905
8.93333
4.20952
14.6667
9.15238
6.45714
5.72381
6.45714
7.80952
6.20952
7.31429
6.34286
4.84762
5.53333
7.6
4.02857
9.66667
7.21905
7.1619
6.55238
6.57143
7.6
7.98095
12.6571
9.10476
3.32381
4.62857
8.61905
9.26667
5.0381
8.31429
5.6
5.79048
11.2952
6.07619
3.93333
13.4
6.86667
8.64762
14.4
10.3714
6.65714
5.39048
8.72381
8.87619
14.7333
9.78095
7.82857
6.12381
10.1714
9.70476
5.94286
7.07619
7.95238
8.73333
3.69524
6.62857
6.4
3.89524
13.3238
4.62857
6.6
12.0667
7.77143
11.3524
8.6381
3.44762
11.2952
7.73333
5.71429
6.8
10.6667
11.6762
8.26667
3.87619
4.10476
4.84762
4.15238
7.20952
7.2
6.04762
4.84762
8.34286
3.67619
7
4.37143
5.4381
6.33333
7.67619
7.54286
9.94286
5.58095
4.42857
6.71429
3.27619
9.4
4.9619
10.8857
14.5429
6.40952
4.8381
13.6762
10.581
3.30476
3.62857
7.26667
13.7524
10.4286
3.34286
9.24762
6.13333
13.9429
8.18095
10.581
7.57143
11.1619
6.06667
3.07619
6.10476
4.91429
7.65714
9.47619
7.89524
9.87619
6.85714
8
7.37143
7.20952
3.93333
13.4952
9.14286
4.09524
7.95238
9.44762
4.18095
3.74286
6.57143
11.8476
3.35238
11.2381
8.35238
4.10476
6.15238
11.1429
8.67619
6.32381
6.87619
6.74286
3.62857
6.26667
9.1619
7.09524
5.19048
9.78095
4.12381
10.4762
7.47619
6.65714
6.60952
6.2
9.80952
5.78095
5.58095
8.54286
11.2286
10.0762
4.93333
5.33333
4.37143
11.4857
5.6
8.27619
8.3619
8.47619
3.38095
7.98095
4.71429
10.7905
7.06667
12.419
9.88571
3.28571
4.32381
7.77143
4.7619
8.79048
15.8
6.9619
4.41905
3.82857
7.69524
7.4381
8.92381
3.94286
7.18095
4.08571
5.32381
15.2571
10.0952
9.35238
8.24762
5.91429
3.61905
6.6
11.5619
3.4
5.42857
3.74286
4.31429
11.3238
5.34286
3.80952
5.67619
3.79048
9.14286
3.79048
7.77143
11
7.52381
6.70476
7.10476
11.4571
7
6.70476
9.55238
5.4
4.45714
3
5.14286
7.07619
7.39048
5.02857
7.78095
7.9619
3.61905
4.57143
6.74286
4.78095
4.40952
4.50476
9.51429
8.51429
7.08571
4.70476
9
7.66667
9.05714
3.4381
8.81905
11.4476
4.27619
3.81905
5.34286
7.62857
3.35238
5.64762
11
3.67619
3.99048
6.2
11.2857
4.54286
7.08571
10.2476
5.84762
10.2952
7.15238
7.2
5.33333
4.08571
7.13333
11.0857
8.27619
10.9714
9.74286
8.78095
13.381
6.70476
6.38095
9.24762
9.34286
7.42857
7.00952
4.58095
4.53333
6.77143
8.35238
7.6381
6.21905
3.57143
6.22857
6.68571
6.7619
4.04762
4.74286
5.47619
5.75238
9.01905
4.45714
4.24762
12.019
7.69524
10.0286
9.13333
7.19048
6.37143
9.68571
3.07619
4.39048
7.06667
10.1143
5.01905
4.9619
6.58095
17.4095
7.71429
7.45714
13.6571
11.1333
6.00952
3.26667
3.69524
3.48571
9.00952
6.89524
6.25714
4.17143
7.45714
5.49524
13.8381
10.7619
10.1238
9.60952
5.66667
3.12381
11.4
5.44762
10.9524
10.9619
7.77143
6.46667
10.1238
7.50476
6.74286
7.58095
5.8381
3.25714
4.0381
4.07619
4.7619
5.35238
3.70476
12.0286
11.2571
7.66667
12.0762
6.24762
11.1905
4.26667
7.7619
10.2952
6.77143
8.08571
12.4476
9.71429
4.58095
6.3619
10.9714
13.9429
3.64762
6.84762
6
9.9619
4.18095
3.32381
6.37143
6.61905
6.77143
4.55238
7.75238
8.60952
4.18095
5.24762
3.8
7.30476
9.30476
6.93333
6.2
4.88571
3.94286
6.25714
6.88571
8.8381
7.89524
4.50476
12.0476
8.95238
5.14286
12.6095
9.78095
8.3619
5.5619
9.6381
9.00952
6.18095
7.1619
10.6
5.25714
7.42857
11.4952
3.4381
6.98095
6.49524
8.33333
9.33333
6.70476
3.90476
9.26667
11.4667
3.42857
9.60952
6.18095
5.2
10.9333
8.69524
6.72381
4.94286
5.17143
10.9238
8.61905
10.4381
10.8762
10.7524
3.70476
4.4381
8.92381
4.79048
4.51429
4.89524
6.94286
12.0667
4.99048
12.1619
5.66667
5.73333
7.41905
4.93333
3.86667
7.70476
6.12381
7.52381
6.41905
5.86667
5.19048
7.34286
13.8095
3.2381
12.3333
8.93333
4.05714
10.8286
10.2857
8.92381
9.87619
6.57143
11.2667
3.86667
7.1619
11.8381
6.46667
3.57143
6.3619
15.0095
8.7619
10.3524
6.27619
5.44762
11.6
5.06667
5.26667
6.27619
5.93333
4.97143
13.6857
4.86667
9.48571
4.21905
3
3.89524
6.53333
7.34286
7.94286
11.6286
6.3619
7.92381
7.07619
10.8476
8.4381
6.30476
7.8381
11.6476
10.8762
5.0381
6.31429
11.0476
3.40952
7.74286
8.53333
4.73333
8.77143
8.72381
10.5143
5.29524
8.20952
3.97143
5.10476
12
6.58095
4.1619
11.1524
4.8381
5.09524
7.10476
3.71429
8.04762
8.70476
6.70476
4.49524
8.19048
11.4571
8.61905
10.3238
6.04762
13.8857
4.66667
3.82857
3.42857
6.2381
8.39048
4.45714
10.3905
6.94286
3.67619
4.34286
5.87619
10.7333
5.00952
5.27619
3.81905
3.71429
9.35238
5.11429
3.50476
8.52381
3.24762
4.6
9.82857
3.86667
10.3524
5.52381
9.0381
11.0571
7.54286
7.68571
6.89524
12.2762
11.1429
3.12381
9.78095
4.22857
10.3905
7.0381
5.99048
9.91429
10.2667
3.52381
11.7619
8.22857
6.18095
4.73333
4.88571
3.8381
7.59048
10.7524
7.72381
8.40952
9.31429
4.45714
6.54286
3.90476
10.7238
8.61905
5.72381
3.50476
3.55238
8.69524
8.35238
15.5333
11.2571
14.819
8.61905
4.8
6.57143
9.61905
5.62857
11.7714
7.60952
11.5905
7.68571
5.78095
7.80952
5.59048
7.55238
9.09524
9.50476
6.5619
7.66667
11.7905
4.41905
5.4
9.02857
12.0286
3.1619
10.7524
3.86667
10.5238
4.84762
7.74286
9.45714
7.4
6.21905
8.30476
7.20952
6.53333
4.31429
7.1619
7.57143
10.6381
7.50476
9.44762
11.6286
9.11429
3.61905
10.6476
6.92381
10.3429
6.33333
5.39048
6.6381
9.22857
8.44762
5.90476
7.10476
7.8
5.39048
6.45714
5.3619
8.17143
8.44762
6.98095
10.5333
7.44762
9.17143
11.6762
8.22857
4.59048
4.68571
7.48571
4.40952
7.87619
3.68571
11.0857
8.68571
4.74286
5.10476
6.54286
5.5619
5.3619
9.3619
15.2381
12.9905
6.19048
12.7048
6.91429
7.92381
5.50476
7.17143
8.8381
9.58095
10.0571
10.8762
9.35238
3.65714
7.95238
5.30476
9.77143
7.29524
4.62857
3.1619
9.81905
7.08571
3.4
3.25714
3.71429
9.2381
4.13333
7.34286
3.95238
3.97143
4.20952
8.0381
4.2381
7.1619
10.1714
5.74286
4.95238
8.12381
6.08571
6.15238
8.64762
9.47619
6.06667
6.35238
6.92381
8.72381
4.09524
8.87619
6.65714
3.64762
4.48571
9.81905
7.12381
6.72381
4.02857
10.8095
7.98095
8.67619
7.82857
7.80952
10.4476
12.3429
5.7619
6.86667
3.38095
8.45714
8.14286
7.51429
4.06667
4.26667
6.27619
6
3.73333
3.78095
11.8667
9.26667
10.9333
8.31429
4.90476
9.92381
3.22857
6.19048
7.04762
12.5238
8.12381
5.81905
3.89524
12.2381
6.2381
6.78095
8.73333
6.26667
8.81905
6.12381
10.9524
6.22857
7.86667
4.75238
6.79048
6.02857
6.54286
5.24762
10.1048
4.88571
9.48571
4.45714
14.4762
8.09524
5.12381
7.22857
9.79048
7.51429
5.24762
4.31429
10.5905
3.2
7.29524
5.80952
7.28571
3.59048
4.32381
7.66667
7.27619
11.1429
3.79048
4.69524
3.46667
8.6381
6.09524
7
12.6571
11.8381
9.44762
5.45714
4.85714
3.65714
8.8381
3.58095
4.61905
9.10476
4.22857
6.05714
7.00952
8.53333
8.59048
4.1619
5.69524
6.26667
4.18095
3.90476
9.09524
7.50476
6.97143
5.7619
7.26667
5.66667
3.35238
6.34286
6.24762
5.46667
15.219
8.26667
5.12381
6.27619
6.97143
3.6381
10.381
9.8
6.94286
6.92381
3.61905
4.6381
4.95238
10.6095
3.06667
22.1905
4.54286
7.06667
9.72381
6.19048
5.77143
9.70476
5.05714
6.89524
3.54286
8.70476
8.69524
5.2381
5.25714
4.89524
4.32381
3.68571
6.15238
6.94286
4.13333
8.28571
4.72381
7.1619
4.01905
6.91429
9.90476
9.58095
8.7619
6.45714
7.47619
3.61905
6.35238
6.48571
3.15238
5.73333
8.41905
9.09524
10.4571
7.01905
13.8952
7.00952
3.64762
8.51429
7.45714
9.70476
6.08571
9.18095
6.82857
5.10476
10.3524
8.53333
6.6381
3.20952
9.59048
5.29524
7.90476
4.8381
5.25714
7.81905
10.6
7.6381
6.11429
11.0381
9.45714
6.58095
13.4857
4.59048
6.28571
5.9619
10.6857
5.74286
10.0571
6.81905
6.91429
5.97143
5.97143
9.00952
9.98095
6.34286
8.48571
5.28571
14.4
8.58095
7.87619
10.5143
10.9429
6.7619
3.40952
4.35238
11.5619
11.8571
8.26667
7.80952
6.67619
8.29524
6.7619
6.49524
4.66667
4.08571
8.8381
12.2857
3.88571
4.6
4.78095
3.60952
4.15238
8.27619
3.67619
8.92381
9.08571
9.14286
9.9619
6.78095
6.51429
10.1238
9.84762
4.4
5.01905
6.29524
4.08571
4.21905
9.99048
6.19048
10.0095
3.53333
5.2
6.79048
5.78095
7.88571
3.8381
11.3143
3.88571
14.2762
7.13333
9.54286
9.2
8.6
5.2
6.54286
3.8381
7.73333
11.2286
9.67619
6.53333
5.04762
9.87619
10.0476
3.53333
4.65714
4.30476
7.07619
8.27619
4.77143
4.75238
7.31429
9.04762
10.181
8.79048
5.6
3.77143
5.57143
4.77143
7.58095
7.25714
10.2
7.82857
9.19048
11.3905
10.7048
7.41905
9.11429
9.62857
7.71429
4.99048
13.5619
14.581
7.84762
8.87619
9.37143
8.77143
5.2
5.84762
6.91429
8.57143
13.7619
11.5714
8.82857
6.73333
6.34286
6.05714
7.45714
6.26667
5.90476
5.20952
9.44762
12.4571
9.98095
5.35238
4.65714
7.32381
9.01905
14.0667
8.68571
6.04762
13.3333
5.1619
6.40952
5.82857
6.29524
9.51429
8.30476
5.09524
3.5619
4.45714
5.06667
13.2476
6.57143
6.07619
7.69524
3.74286
5.8
11.4571
8.80952
10.4857
6.85714
5.19048
4.48571
5.17143
8.32381
7.00952
10.019
13.1619
6.79048
7.91429
6.15238
4.08571
8.5619
3.09524
4.31429
4.33333
8.81905
4.21905
7.15238
4.91429
4.95238
5.57143
4.52381
3.72381
3
4.13333
6.64762
4.99048
10.5143
9.3619
9.42857
7.05714
13.2381
11.381
10.4571
10.2857
10.4667
12.0762
6.51429
6.50476
9.01905
4.74286
9.79048
3.62857
8.80952
8.78095
14.8095
3.70476
10.6
3.78095
8.93333
8.98095
3.20952
9.07619
4.05714
5.94286
5.52381
10.6762
10.4286
7.54286
5.86667
10.3524
4.10476
4.57143
6.81905
7.81905
7.31429
6.53333
4.50476
11.0381
7.29524
11.4476
8.86667
3.98095
7.85714
13.5429
10.0381
6.00952
5.15238
7.95238
12.5524
7.78095
4.32381
6.51429
9.61905
9.37143
12.4476
8.26667
8.88571
10.2857
11.9143
5.58095
5.52381
7.6381
5.13333
3.65714
6.68571
3.88571
10.2857
5.15238
7.70476
8.05714
8.52381
3.4381
5.20952
5.13333
10.381
12.3048
8.19048
5.88571
3.51429
4.37143
10.2286
7
12.7905
6.57143
6.59048
3.32381
6.42857
10.3619
9.65714
6.18095
5.59048
6.17143
3.45714
6.84762
7.62857
4.39048
3.66667
5.10476
6.79048
4.25714
5.17143
9.10476
12.8762
9.65714
7.3619
8.25714
3.70476
5.94286
4.22857
7.0381
11.981
9.6381
7.69524
7.26667
4.47619
4.82857
5.00952
6.39048
12.1238
11.8286
4.22857
6.6
11.0952
8.24762
9.50476
7.10476
10.3905
4.20952
7.77143
10.9905
3.78095
10.0476
3.6
3.98095
7.2
6.00952
4.27619
4.00952
7.32381
7.8
5.5619
9.22857
3.89524
5.52381
4.11429
5.05714
17.0381
12.7429
5.87619
8.48571
6.29524
7.22857
7.64762
8.11429
11.1143
9.14286
2.41905
8.61905
4.80952
5.47619
3.4381
2
3.46667
4.79048
3.0381
2.95238
4.54286
5.35238
3.57143
6.8381
3.15238
5.39048
3.54286
4.87619
7.53333
2.2381
4.8
2.52381
2.53333
2.55238
2.97143
5.67619
6.92381
3.73333
10.8476
4.27619
2.11429
3.10476
3.13333
4.70476
2.0381
3.62857
3.99048
2.44762
2.79048
2.98095
4.62857
2.37143
3.33333
5.4
3.00952
2.07619
4.93333
6.81905
5.6
4.49524
2.5619
2.44762
10.8095
2.82857
5.11429
2.99048
7.59048
2.53333
4.34286
3.09524
5.2381
2.07619
2.4
7.6381
2.81905
10.4476
28.3619
5.02857
10.381
4.12381
4.33333
2.55238
5.73333
11.4381
2.24762
2.58095
3.18095
3.18095
4.4
5.60952
2.42857
3.88571
6.21905
2.31429
3.05714
3.06667
5.30476
2.69524
8.71429
8.90476
10.219
11.2381
7.8
2.13333
8.05714
2.26667
5.48571
5.05714
6.2
13.1714
4.48571
4.84762
3.05714
5.06667
4.44762
3.89524
4.71429
7.38095
3.61905
2.65714
6.2
4.77143
2.28571
3.48571
2.69524
2.00952
2.72381
4.71429
7.60952
3.88571
3.74286
4.15238
6.01905
6.01905
5.4381
4.00952
2.73333
9.6381
6.08571
1.18095
4.91429
2.29524
4.06667
7.61905
1.59048
3.18095
2.04762
2.77143
1.70476
1.30476
5.27619
3.1619
1.33333
4.14286
1.09524
1.54286
1
1.1619
6.99048
3
1.77143
1.87619
2.92381
3.77143
2.88571
5.97143
1.2381
1.05714
1.46667
1.21905
1
1
1.31429
10.9429
1.12381
1.13333
1.62857
1
5.19048
1.37143
5.08571
5.99048
3.58095
1.32381
1
5.98095
1
1
1.2
1
6.05714
5.70476
1.70476
1.21905
3.00952
2.07619
1.78095
1.0381
4.68571
4.07619
2.97143
3.37143
1
1.7619
2
1
4.94286
5.20952
1.11429
4.01905
3.4381
1.00952
1.53333
1.27619
1
2.66667
1.6381
1.24762
1.50476
1.89524
6.72381
1.42857
1.2381
1.91429
1.21905
2.42857
1.33333
2.15238
6.31429
1.41905
1.12381
4.90476
5.77143
4.11429
8.47619
1.01905
5.31429
1
1.6
4.70476
6.61905
1.60952
1.31429
5.05714
2.05714
1.17143
6.49524
1.10476
2.08571
1
1
4.22857
6.4381
1
4.07619
1
1.87619
4.88571
1.68571
4.38095
1
1.24762
1.24762
5.7619
1
3.2
7.45714
1
1.06667
1.67619
1.65714
5.2381
2.4
2.2
2.42857
1.14286
1
5.4381
1
4.1619
2.4381
3.98095
2.26667
2.44762
1.32381
8.0381
4.2
1.37143
1.20952
4.98095
6
5.26667
1.30476
1.50476
1.33333
1.4
1.00952
2.00952
1.8
1.34286
1.90476
4.07619
5.68571
1
1.61905
2.33333
4.52381
7.68571
2.13333
1.07619
1.00952
5.24762
5.41905
4.21905
1.68571
6.20952
2.04762
1.24762
1.05714
1.13333
1
1.47619
1.13333
1.02857
4.59048
3.57143
4.6381
2.06667
1.37143
1.24762
1.58095
4.70476
3.87619
4.75238
2.10476
5.14286
1.91429
5.39048
5.58095
1.70476
1.31429
1.07619
3.00952
1.25714
1.04762
4.72381
4.60952
1
2.11429
1.71429
1.64762
2.20952
1.54286
4.47619
1
3.22857
4.73333
1
1
1.8
1
5.65714
2.04762
1.55238
1.13333
1.10476
3.01905
1
1.40952
1.08571
3.58095
1.12381
1.64762
2.34286
1.42857
2.34286
2.51429
1.01905
2.51429
1.70476
1
3.35238
2
1.6381
1.01905
1.02857
2.2381
1.05714
1.0381
7.47619
1.12381
1.4
1.53333
2.19048
1.38095
1
1
1.54286
1.41905
1.14286
1.42857
1.61905
2.3619
1.05714
4.60952
1.39048
2.44762
1.00952
3.91429
6.02857
1.15238
1.99048
1.22857
5.41905
1.38095
5.15238
5.90476
1.37143
3.92381
1.49524
1.57143
2.45714
1
2.91429
4.92381
1.58095
1.57143
1.62857
4.4381
1.91429
4.37143
2.50476
4.95238
6.3619
4.32381
5.39048
6.11429
4.87619
7.6381
1.7619
1
2.78095
3.92381
1
1.29524
1.74286
1
1.62857
2.66667
6.17143
4.54286
1
1
6.45714
5.8381
1.09524
1.94286
4.55238
1.07619
1
1.49524
4.5619
1.77143
1.68571
5.25714
5.64762
1.05714
6.90476
4.94286
1.39048
4.9619
4.74286
1.92381
7.19048
5.15238
5.35238
2.25714
2
1.72381
1
5.88571
1
1
3.3619
2.12381
1.0381
1.89524
1.25714
1
1.25714
1.42857
5.53333
4.46667
1.27619
5.61905
3.61905
2.45714
1.18095
1.01905
1
1.14286
1
1.48571
1.33333
5.6
4.90476
5.1619
4.78095
1.61905
1.79048
1.24762
4.88571
2.79048
2.80952
1.27619
4.92381
1.09524
3.2
4.29524
3.84762
4.3619
1.10476
4.18095
1.80952
4.24762
2.60952
1.48571
2.73333
2.58095
4.69524
5.92381
1.10476
1.91429
5.78095
1.13333
2.08571
1.35238
3.92381
4.5619
2.17143
2.29524
1
1
1.2
4.69524
5.89524
5.70476
2.45714
1.00952
1.00952
1
5.73333
4.06667
4.08571
5.45714
1
1.61905
4.32381
1.8
1.89524
1.14286
1.07619
1
6.27619
5.62857
4.89524
1.35238
5.18095
2
7.61905
5.06667
1
4.7619
5.82857
3.18095
1.40952
1.42857
1
1.04762
1.78095
1.7619
1.08571
6.8
1.88571
1.2381
3.20952
1.25714
1.33333
1.2381
1.4
2.31429
5.13333
1.07619
1
1.81905
1.59048
1
5.33333
1.18095
2.53333
3.6381
6.12381
1.54286
1
1.42857
1
1.1619
4.8381
3.13333
4.57143
2.07619
1.2381
4.89524
1.4381
1
7.0381
3.51429
2.41905
4.53333
1.11429
2.3619
1.32381
2.45714
2.02857
1.99048
4.08571
1
1
6.44762
1.47619
2.60952
7.18095
2.2381
3.79048
2.37143
1.47619
1
1.04762
1.08571
4.14286
1.87619
3.84762
6.6
5.6
2.52381
1.28571
6.38095
1
1.02857
8.33333
3.64762
1.04762
1.02857
5.97143
3.34286
1
3.86667
4.65714
1.02857
5.59048
1.12381
1.20952
2.01905
1.67619
1
1.01905
1.08571
1.41905
2.47619
2.13333
1.57143
1
6.22857
5.42857
1.26667
1.28571
1.31429
1.1619
2.9619
1.38095
5.2
1.60952
1.08571
1.09524
1.27619
3.85714
6.4381
5.13333
3.82857
1.25714
2.84762
6.51429
1
4.20952
1.06667
5.00952
4.35238
6.07619
1.4381
4.10476
1.47619
1
1.24762
1.60952
2
6.73333
1.15238
1.05714
1.05714
5.01905
1.35238
1.34286
1.07619
1
5.6
1.08571
1.71429
1.02857
2.65714
1.35238
4.2381
1.51429
2.24762
1.98095
1.34286
1.05714
2.32381
5
1.07619
5.02857
1.58095
2.75238
1.74286
4.25714
1.0381
3.75238
4.13333
5.78095
1
1.05714
2.45714
4.48571
1.1619
1.11429
1.05714
1.30476
1.19048
1
5.50476
1
1.06667
1.34286
1.4
4.14286
2.6381
5.71429
1
1.02857
1.80952
1
1.6
5.82857
1.50476
1.92381
1.15238
1.58095
1.05714
5.24762
1.81905
3.71429
6.18095
1.98095
5.39048
1.53333
1
2.31429
3.58095
1
1.13333
1.77143
2.2381
1.10476
7.26667
1.33333
6.81905
1
4.95238
1.20952
1.82857
1.18095
1.17143
1
2.9619
4.86667
1.34286
1
1.98095
2.67619
6.11429
5.14286
1
2.5619
6.09524
2.18095
1.06667
2.69524
1
1
1
6.93333
1.32381
4.14286
5.42857
4.9619
2.58095
1
4.92381
2.41905
5.28571
1.50476
2.17143
9.89524
1.09524
2.68571
1
6.17143
6.70476
1.06667
1
5.55238
4.1619
1
1.12381
2.60952
1.12381
7.6381
2.0381
4.11429
3.33333
1.02857
1.58095
1.38095
4.62857
1.42857
1.11429
5.78095
1.2381
1.44762
6.98095
1.4
8.10476
1.45714
1.59048
1.24762
1.01905
7.77143
2.4381
4.21905
4.53333
3.98095
6.62857
4.09524
1.4381
1
1.40952
1
2.30476
1.46667
2.22857
4.71429
2.14286
4.93333
3.78095
1.05714
1.11429
1.12381
1.6
1.00952
3.64762
1.71429
3.58095
5.69524
1
2.40952
5.7619
6.13333
4.8381
1
1.49524
1.15238
1.13333
1
1.07619
3.86667
1
6.4381
1
2.18095
1.28571
1.2381
2.35238
3.10476
1.95238
1.19048
1.32381
2.30476
5.45714
1.18095
1.28571
2.10476
1.87619
1
2.25714
1.17143
1.71429
4.55238
1.38095
4.08571
1.13333
4.51429
1.27619
1.00952
1.00952
6.67619
1.47619
1.33333
1.54286
2.52381
3.4
1.0381
1.0381
1.0381
3.7619
4.89524
4.0381
1.33333
3.85714
3.30476
2.68571
1.29524
1.6381
5.45714
1.06667
1
1.04762
1.41905
6.65714
1.06667
3.1619
1.13333
1
1.74286
1.13333
5.3619
3.30476
1.01905
1.39048
1.7619
1.69524
1.78095
1
1.02857
6.8
1.61905
1.35238
1
1.07619
3.55238
1.17143
1
1.19048
4.89524
1.4381
2.58095
5.15238
1
1.09524
1.68571
2.52381
1.14286
3.2
4.07619
1.32381
1.86667
1
5.6381
1.41905
6.7619
1.95238
1
5.0381
2.35238
1
1.73333
1.04762
1.93333
1
1.46667
2.6381
3.81905
3.27619
6.7619
4.05714
6.2
1.89524
1.15238
1.73333
1
2.97143
4.45714
1.0381
1.14286
3.22857
1
1.21905
3.11429
1.42857
1.47619
6.64762
1.59048
1.08571
1.32381
1.24762
1.57143
1.4381
6.87619
5.40952
1
1.58095
1.05714
1.39048
2.2
1
5.52381
7.55238
4.80952
1.28571
1.2381
2.82857
1
4.32381
1.90476
2.24762
1
5.4381
5.22857
1.70476
1.1619
1.86667
1.72381
1.05714
5.32381
1.57143
1.59048
1
1.74286
6.35238
2.34286
6.21905
4.69524
1.17143
1.61905
6.05714
1.09524
6.93333
1.84762
5.84762
1.78095
1.47619
5.82857
1
1.42857
1
1
2.18095
1.5619
6.72381
7.32381
4.17143
2.45714
5.1619
1.41905
1
1
1.6
3.44762
1.04762
8.6381
1.52381
6.21905
4.67619
5.8
1.07619
1.61905
4.4381
1
7
2.77143
1.29524
1.9619
1.46667
5.55238
1.13333
1.24762
6.47619
1.57143
1.42857
5.59048
1
1
3
1.81905
5.30476
8.24762
4.62857
1.45714
1.2381
1.6
1.6
4.82857
1.71429
6.2381
1.89524
2.38095
3.70476
2.33333
1.22857
1.6
1.66667
3.37143
4.8
4.19048
1.48571
1.59048
3.99048
1.19048
3.12381
1.01905
1.38095
1
1.52381
1
5.6381
1.71429
5.38095
2.21905
6.39048
1.80952
1.4
3.94286
1.95238
1.67619
1.19048
1
2.78095
7.62857
5.38095
6.28571
2.11429
1
2.57143
2.58095
5.52381
1.10476
6.51429
1
1.20952
1
6.30476
1.85714
1
8.98095
5.59048
5.24762
1.70476
3.57143
2.51429
3.47619
1.41905
1.1619
1
1
2.78095
1
6.53333
1.1619
3.27619
1.19048
1.42857
4.60952
1.44762
1.9619
5.13333
4.13333
5.77143
1.2381
1.34286
1.46667
1.39048
1.14286
1.02857
1
4.06667
4.9619
1.20952
1.69524
1.07619
1.6
1
2.20952
3.62857
1.7619
5.66667
5.97143
1.0381
4.84762
1.04762
1.26667
2.20952
1
1.2
1.46667
1.33333
1.05714
1
1.1619
1.50476
1
1.37143
1.24762
1.08571
4.18095
4.86667
2.18095
1.40952
1
1
2.4381
1.15238
1.51429
1.07619
1.19048
1.08571
1.02857
1.52381
1.44762
1.12381
4.05714
8.0381
1.72381
4.38095
1.15238
4.29524
5.4381
1.12381
1.02857
1.54286
2.2381
1.00952
1
3.37143
1.4
1.54286
1
1.35238
1
1.44762
1.25714
1
5.24762
3.58095
1.64762
1.21905
1.67619
1
4.55238
3.78095
1.20952
1.88571
1.39048
3.77143
4.67619
1.14286
6.66667
1.55238
5.91429
5.64762
6.28571
1.59048
5.39048
2.13333
1
3.25714
1.24762
7.02857
1
5.98095
2.17143
2.05714
6.75238
7.61905
1
5.19048
1.0381
1.24762
1.35238
5.14286
6.13333
1.55238
5.13333
2.99048
4.77143
4.70476
5.34286
1.02857
5.00952
2.48571
1.90476
1
3.09524
5.26667
2.49524
8.2
6.6
5.02857
3.54286
1.11429
5.92381
6.06667
1.11429
1.64762
5.13333
1.88571
1.6
1.89524
1.01905
1.51429
5.15238
1.04762
1.01905
6.70476
1.39048
5.2
4.79048
1
2.01905
5.97143
1.00952
1
1.28571
5.26667
1.53333
3.28571
5.11429
6.84762
1.87619
1.55238
1.18095
1.44762
5.4
1.74286
6.80952
1
2.10476
6.27619
1
1.08571
1
2.32381
5.00952
7.74286
5.48571
1.20952
5.28571
2.31429
1.49524
1
7.11429
1.05714
2.75238
2.18095
6.90476
5.01905
5.45714
2.47619
2.6381
2.66667
1.10476
1.6
1
2.02857
5.2381
1.74286
1.78095
1.41905
1.01905
6.91429
1.08571
1.06667
3.92381
1.98095
1.22857
1.27619
1.06667
1.78095
7.05714
1.22857
1
1
1.61905
4.33333
1
1
2.95238
1.48571
2.4381
1.7619
1.70476
1
6.94286
5.10476
5.12381
1.34286
1.26667
4.94286
2.73333
1
1.04762
1.86667
1.60952
4.65714
4.31429
2.57143
2.14286
2.81905
5.73333
8
1.58095
4.21905
5.8381
2.65714
7.19048
2.71429
2.71429
12.3429
2.2
4.9619
1.02857
5.22857
1.27619
1.72381
1.50476
7.26667
2.24762
1.0381
1.9619
1.87619
1
1.53333
1.82857
1.04762
4.41905
3.82857
2.33333
5.94286
2.11429
5.25714
1.73333
1.62857
1.25714
3.94286
3.38095
5.8381
2.70476
6.52381
1.01905
1.57143
5.38095
4.84762
3.81905
1.13333
4.07619
1
1.13333
1.6
1.81905
1.48571
1.84762
1
3.29524
1.08571
1.89524
1.0381
1.50476
1
1.55238
1.09524
1.02857
1.75238
1.06667
1
1.15238
5.78095
1.24762
1.13333
1
4.11429
1.37143
1.74286
1.95238
5.66667
6
2.08571
1.72381
5.67619
2.82857
3.65714
1.39048
1
3.66667
2.31429
1.09524
1.28571
1
9.05714
7.00952
5.25714
1
3.39048
1.08571
5.78095
1.47619
6.45714
4.73333
4.14286
6.53333
2.9619
1.9619
1
4.55238
7.04762
6.93333
2.05714
3.3619
2.31429
1.39048
1.11429
1.02857
4.8381
1.12381
3.1619
5.13333
1
1.66667
2.02857
1.70476
1.19048
4.89524
1.14286
1.08571
1.27619
3.65714
5.57143
1
1.07619
5.42857
1.0381
2.53333
5.54286
4.48571
1.82857
1.2
1.74286
1.19048
5.39048
4.48571
4.99048
4.80952
1.18095
1.31429
5.32381
1.08571
2.25714
3.5619
1.68571
5.42857
5.0381
2.35238
1.98095
1
4.21905
5.12381
1
1.41905
1.86667
2.85714
2.45714
4.19048
1.86667
1.52381
2.93333
1.35238
1.10476
1.6
1
1.68571
1.09524
2.15238
1.44762
1.84762
3.44762
1.38095
5.26667
1.17143
1
1.0381
1.13333
1.99048
1
8.58095
1.08571
1.92381
4.38095
1.07619
4.8
1.07619
4.53333
1.75238
1.05714
1.00952
1.44762
1.29524
2.21905
2.01905
2.06667
3.22857
1.01905
2.98095
1
2.3619
1.52381
1.09524
1.12381
4.30476
5.00952
5.54286
1
2.06667
1.6381
1.71429
5.55238
4.21905
1.57143
5.82857
4.39048
1.70476
1.41905
2.06667
3.88571
1
1.73333
1.66667
1.0381
1.4
1.01905
10.1048
1.04762
1.81905
2.64762
1.32381
1
3.46667
1.48571
1.46667
1
4.51429
1.07619
1.18095
4.19048
1.93333
1.48571
2.71429
6.62857
3.88571
1.14286
2.29524
1.9619
1
1.04762
4.5619
1.46667
1.89524
5.55238
2.12381
6.45714
7.25714
5.2381
1.61905
1.61905
1.59048
1.28571
1.78095
4.55238
1.29524
2.20952
1
4.4
1.65714
1.01905
1.29524
5.59048
1
2.21905
1.34286
1.48571
1.80952
1.10476
5.84762
3.92381
1.30476
1.29524
5.7619
4.60952
1.84762
5.21905
1.07619
1
6.4381
4.04762
2.31429
1.50476
4.00952
2.59048
1.54286
3.85714
3.0381
2.00952
6.84762
1
5.62857
1.15238
7.15238
1.98095
1.06667
3.87619
1.04762
4.94286
3.81905
1.50476
1.19048
2.06667
1.42857
1
1.44762
1.41905
1
3.05714
5.82857
5.58095
4.81905
1.89524
1.05714
2.77143
5.46667
4.91429
1
1.33333
2.30476
1.86667
2.42857
1.61905
1.67619
1.27619
1
1.91429
1.19048
5.29524
1.15238
6.12381
4.67619
1.04762
1.45714
5.11429
7.18095
1.05714
7.72381
2.00952
1.17143
3.52381
4.7619
3.02857
7.53333
1.29524
1.95238
1
1.39048
4.09524
4.67619
6.11429
1.05714
4.77143
5.50476
1.07619
2.58095
4.15238
6.69524
1.30476
2.10476
1.08571
1.82857
5.02857
4.86667
1
2.41905
1.4
5.1619
3.6381
1.47619
5.92381
1.49524
4.99048
1.17143
5.05714
1.73333
1
1.64762
4.2381
6.70476
2.6
2.37143
1.64762
1
5.7619
1.11429
1.0381
1.97143
4.47619
4.57143
4.3619
1.0381
2.89524
1.15238
3.70476
5.11429
2.48571
1.38095
8.34286
7.55238
3.19048
1.60952
3.50476
2.35238
1.04762
4.70476
1.46667
1.77143
2.94286
1.86667
1.5619
2.29524
1.64762
2.42857
5.9619
1.46667
1.29524
2.4
2.42857
1.55238
5.24762
6.54286
4.75238
1.89524
1.85714
1.21905
6.71429
5.80952
5.38095
2.88571
1.14286
3.55238
1
4.15238
6.09524
8.67619
3.19048
4.09524
2.2
1.92381
1.46667
6.25714
1.22857
1.35238
2.17143
2.25714
2.39048
5.15238
1.20952
1.00952
3.99048
7
4.24762
6.38095
1.05714
1
1.01905
1.92381
1.52381
4.92381
1.06667
1.18095
4.27619
1.05714
2.11429
8.05714
3.31429
1.19048
2.27619
5.45714
5.7619
2.09524
4.34286
1.51429
1.08571
1.10476
1.04762
1.05714
2.44762
1.93333
1.38095
2.26667
1.35238
1.82857
2.8381
4.40952
1.19048
1
1.08571
5.52381
1.22857
1
4.86667
3.62857
1.52381
1.07619
2.15238
6.98095
1.66667
1
6.22857
1.45714
1.74286
1.08571
1.13333
1.0381
1.09524
6.35238
1.06667
1.98095
1.65714
5.38095
3.94286
1
2.10476
1.35238
3.93333
4.58095
1.46667
5.29524
2.70476
1.30476
1.0381
1
6.05714
4.47619
1.01905
4.52381
1
1.98095
1.38095
1
7.24762
3.66667
1.8
2.06667
4.48571
1.45714
9.42857
4.64762
1.06667
3.49524
1.21905
1.02857
1
1.39048
2.97143
1.33333
1.12381
7.79048
1.59048
1
1.50476
2.67619
1.05714
4.98095
1
1.74286
6.6
4.79048
2.13333
4.6
1
3.4
1.30476
4.2
3.97143
1.8381
2.48571
2.2381
6.40952
1.09524
2.05714
1.15238
3.86667
2.0381
4.82857
1.18095
3.82857
4.98095
1.32381
6.18095
1.93333
2.14286
3.55238
1.27619
3.57143
4.1619
2.00952
1.90476
5.31429
1
2.85714
4.48571
1.19048
1.01905
5.07619
5.58095
2.07619
1.90476
4.50476
8.15238
5.32381
4.32381
1.40952
4.78095
1.12381
4.8
1.65714
1.20952
7.99048
5.4
1.19048
2.28571
5.00952
1.1619
1
1.28571
3.92381
2.24762
5.09524
1.6
4.51429
1.24762
5.71429
1.5619
2.42857
2.07619
4.17143
1
1.62857
1.2
3.15238
3.28571
1.1619
8.07619
5.44762
2.08571
4.51429
1.49524
1.01905
1.26667
1.14286
1
4.07619
5.59048
6.58095
1
2.38095
1.35238
1.24762
1.70476
1.05714
6.82857
1.07619
4.01905
1
2.47619
3.81905
3.44762
1.0381
1.1619
4.14286
2.38095
1.32381
5.44762
1.14286
1.00952
1.05714
1
1.55238
1.50476
4.65714
1.49524
3.4
5.08571
1.72381
1.3619
1.02857
4.72381
1.85714
6.07619
5.80952
4.53333
1.18095
3.88571
1.88571
4.2
3.67619
3.98095
1.45714
5.7619
2.40952
4.38095
1.18095
4.33333
2.29524
1.93333
2.1619
1.12381
1.51429
2.11429
5.53333
2.40952
1.33333
1.47619
3.88571
2.97143
1.64762
1.91429
1.54286
1.10476
1.55238
1
2.7619
1.33333
2.49524
6.08571
1.01905
1
