10876 34740
23.8
21.4
18
19.4
9.5
16.5
18.3
10.6
17.8
20.1
20.2
11.2
14.9
22.1
32.5
15.8
17.3
16.3
24.6
21.7
16.9
16.2
8.7
14.2
12.6
26.1
21.2
8.7
9.5
9.5
9.1
11.6
13.5
13.3
13
12
18.4
17.5
17.7
13
11.4
18.3
22.6
30.2
10.2
16.5
16.6
26.6
11.8
26
16
11.9
15.7
9.7
22.3
21.7
9.7
19.2
16.3
11.3
22.7
20.8
18.1
22
18
17.6
13
12.7
21.8
9.3
16
11.6
17.8
12.8
12.5
15.6
16.4
10
13
20.2
14.3
10.1
10.4
12.7
14.6
12.9
14.9
17
11.5
16.7
13.2
10.8
10
21.7
16.6
11.4
12.9
24.2
10.3
25.5
29.4
12
13.8
11.7
13
27
16.4
11.5
8.3
18.4
13.3
12.8
19.1
10.8
13
19.3
11.2
17.8
17.7
14.9
27
20.1
12.1
21.1
8.6
37.9
21.7
37.7
23.8
23.6
11.9
15.7
18.1
9.3
18.3
17.3
23.9
10.3
14.7
15.7
25.8
25.9
21
12.3
14
22.4
16
16.3
18
23.4
11.3
24.4
15.3
16
18.6
20.8
21.1
24.1
12
14.3
19.7
21.9
15.3
16.8
20.8
22.2
12.8
16.2
16
11.8
22.4
11.4
16.3
17.5
11.9
8.8
25.6
17
16
16.9
17
19.5
10.4
15.7
15.3
14
17.6
15
17.8
28.3
22.7
21
15.5
22.8
20.1
12.5
22.5
14.4
16.4
33.6
19.9
17
14.6
16.6
10.5
8.8
23.5
11.8
19.3
20.5
11.4
17
11.8
20.2
18.7
16.4
20.9
10.5
13
8.3
13.8
11.2
13.1
21
14.5
10.3
15.4
9.7
17.3
11.2
12.3
12.9
13.2
14.9
11.8
13.5
14
12.7
11.5
15.9
12.5
12.2
11.5
15.5
25.8
29.2
18.3
13
14.5
18.2
26
18.2
16.9
9.6
13.7
11.9
12.4
15.4
14.2
15.3
17.7
18.5
26.5
8.7
16
8.8
26.6
31.8
14.4
16
14.9
22.8
36.8
16.8
11
17.3
13.8
9.8
22.5
25.8
17.8
16.3
9.9
20.9
17.4
25.3
16.2
18.1
17.6
21.6
18.5
20.9
17
15.5
19.9
29.8
12.1
30.8
25.8
10.4
12.5
17.6
23.3
26.7
17
20.3
16.1
16
9.2
19.1
19.2
16.2
24.9
23.7
19.7
10.3
10.8
15
24.9
21.5
9.2
13.5
14.2
19.6
13.1
13.9
13.7
21.8
21.2
31.9
8.6
40.7
12.7
9
15.1
11.6
11.2
9.7
24.9
13
32.9
10.6
14.3
15.3
9.9
11.8
30
14.6
15.4
17.5
20.6
16.7
15.9
10
14.5
16.7
13.6
11.9
12.8
10.6
16.9
17
11.8
16.6
20.2
16
14.3
16.2
13.8
14.6
18.4
12
17.9
16.1
17
9.3
12.1
10.2
24.9
27.1
17.6
12.7
21.7
24.8
14.6
30.9
16
20.8
18.2
15.4
14.4
20
27.5
21.1
22.7
28
30.6
15.1
10.3
12.6
8.6
22.1
19.2
21.3
9.2
14.2
24.7
23.9
20.5
18.8
9.2
10.7
17.9
20.6
16.9
13.5
10.9
17.5
17.7
15.1
27.7
14
11.9
12
16.7
15.2
15.8
14
10.1
10.9
12.7
12.4
14.2
10.3
17.7
14.7
18.4
10.2
17.8
17.5
18.5
10.4
12.8
15
15.6
23.4
22.1
16.2
18.4
17.4
18.2
19.6
19.1
12
11.2
18.9
16.5
15.5
20
15.2
17.7
16.1
22.7
21
15
12.6
10.9
9.5
10.1
11.8
16.8
16.9
10.6
11.4
14.2
18.9
17.7
16
19.2
23.9
13.2
15.5
16.3
11.4
19.1
11.5
19.2
14
15.3
21.7
24.8
13.2
13.9
21.2
25.1
13.3
12
15.2
15.3
14.4
14.8
22.3
18.9
9.3
11
20.6
29.7
12.4
22.8
20.2
16.5
9.7
13.5
16.9
16
11.8
25.2
27.9
10.1
16.6
9.8
18.1
18
12.6
9.1
22.2
13.4
10.7
22.4
31.2
15.8
8.8
9.9
12.1
15.3
8.6
12.9
23.1
19.8
10.5
12.5
13.1
18.1
23.6
14.1
12.4
15.6
24.9
17.5
13.1
14.4
14.7
14.2
12.9
13.8
15.9
27.9
12.2
8.7
13
13
20.4
18.6
10.4
11
31.7
20.5
17.9
23.5
23.6
28.6
23.4
18.6
15.8
25
26
18.1
22.2
8.7
31.3
14.7
12.9
17.5
14
9.8
14.4
14.9
25.2
19.5
21.7
22.2
13.5
18.6
12.5
16
16.6
11
18.7
12.4
17.9
23.1
16.7
14.5
12.4
13.3
8.3
17.4
20.9
16.5
15.2
21.6
28.2
9.6
9.1
14
9.2
24.4
9.8
17.7
15.1
11.6
9
11.5
17.9
14.3
35.9
13.4
12.7
30.9
12
13.5
11.4
16.5
10.5
12.2
15.2
11.1
16.6
16.2
29.9
15.2
12.1
17.6
12.2
10.1
14
11
8.6
17.5
13.9
10
15.2
27.3
14.7
37.5
35.1
11
22.8
15.1
21.5
12.3
13.2
14.6
17.5
20.9
16.2
13.7
27.3
22.7
17.8
15.3
14.4
10.4
9.5
15.4
14.2
21
13.9
15.1
13.4
19.8
16.3
17.5
22.7
19.2
14.2
19
23.1
23.7
17.1
28.9
9.6
27.5
19.6
17.7
20
21.3
11.2
21
13.2
9.1
15.9
31.8
12.4
9.8
14.6
19.7
9.1
10.7
9.1
11.3
16.1
14.4
18.2
18.1
9
20.6
15.5
12.7
11.2
14.3
16.4
21.2
23.7
14.8
15.9
22.8
16.8
17.1
10.3
12.8
31
15.7
23.5
13
9.2
9.8
13.3
14.1
25.6
8.5
11.9
15
12.9
8.6
17.3
10.6
21.7
15.3
18.8
19.3
24.2
10
17.8
9.3
12.8
13.4
28.2
8.7
29.7
20.7
17.3
15.5
21.9
10.6
25.4
11.1
29.1
15.8
18.6
21.8
11.9
15.6
19.8
13.4
20.6
17.2
18.2
17.7
15.7
24.1
28.6
15.4
17.4
12.5
14.9
15.7
9
23.6
13
11.4
27
24.5
28.9
18.7
14.7
37
17.8
15.3
19
10.1
16.3
20.6
19.4
13.9
13.7
23.6
11
10.4
18.3
16.4
19.3
8
20.9
9.6
27.8
23.3
12
15
14.7
25.5
13.5
20.6
39.1
8.9
20.7
12.7
18.9
12.2
17.2
20.8
15.6
12.9
11.7
12
19.2
18.5
14.2
14
14.7
18.2
19.2
12
9.6
9.5
11.1
17.3
14.3
16.4
17
15.5
27.4
17.9
12.5
15.1
27.1
13
17.6
10.6
11.8
10.1
16.3
12.5
8.4
14.6
26
28.6
13
13.8
14.1
13.7
13.8
30.7
11.8
13.7
8.3
10.3
20.3
12.6
9.4
19.6
9.6
24.9
11.7
19.9
12.6
12.6
18.8
11.8
12.9
13.3
12.4
14.1
26.1
15
12.7
19.6
9.6
14.7
11.8
16.7
21.8
26.6
9
20.7
12.9
13
12.3
16.5
13.7
17.6
17.8
13.6
14.2
12.7
32.9
18.9
18.4
12.9
20
11.7
15.4
16.3
13
12.6
13.7
11.8
13.2
8.4
8.4
44.8
15.9
13
16
22.9
26
10.5
18
16.9
14.5
11.7
14.5
17.6
26.8
12.1
27.7
23
20.6
17.4
14.6
12.6
26.1
17.7
14.9
17
18.7
9.5
13.9
19.8
22.3
20.8
18.5
10.1
18.6
20
15.7
17.4
20.8
17.7
9.2
25.2
13.1
21.9
11.3
15.6
11.7
16.2
16.7
23.7
16.4
21.8
8.4
9.6
9.5
14.6
11.9
15.4
21.8
24.2
17.9
26.5
12.2
13.6
20.2
11.3
16.2
17.9
16.8
17.8
13.1
9.7
18.7
12.2
14.9
17.7
26
9.5
16.8
11.9
14.2
10
14.1
23.5
12.9
17
18.2
23
27
24.7
19
26
20.3
10.7
16.6
15.6
9.3
19.7
25.1
9.1
15.8
22.5
14.1
29.6
20.4
15.5
13.8
12.8
29.3
20
17.9
28
13.6
11.3
13.4
10
16.1
12.5
12.8
10.3
15.9
28.5
27.9
16.1
12.6
15.4
17.8
21.8
21.1
21.7
19.1
12.8
16.1
13
15.9
24.8
21.7
13.7
9.3
23.8
19.2
10.9
24.8
10.7
8.6
14.1
13.4
13.9
16.5
33.3
28
13
11.9
9.1
15.7
20.6
10.2
11.1
10
12.8
13.9
20.4
12.7
34.5
17
15.3
15.1
8.4
21
10.7
31.1
17.7
11
12.8
20.2
24.6
19.2
19.7
16.8
25.4
10.9
26.4
20.1
9.8
17.7
9.9
20.8
8
23.8
12.1
14.7
21.4
15
20
22.3
11.5
30.8
17.6
13.8
11.7
9.5
28.6
17.1
16
12.7
12.3
15.6
13.4
9.9
18.2
13
9.6
15.5
8.7
16.6
12.3
11.5
16.2
19
19
14.9
13.8
12.4
9.4
9.6
13.6
18.2
16
21.3
9.3
12
13.2
14.9
21.5
22.7
12.9
14.8
20.6
17.6
22.8
11.2
17.1
18.3
12.2
25.6
11.9
14.1
23.3
10.2
13.9
15.2
16.6
11.3
13.9
16.8
10.8
9.6
19
15.6
20.2
14.2
14
12.9
9.5
20
12.8
21.9
22.8
14.3
8.7
23.3
23.9
16.2
12.5
10.4
19.5
20.8
14.3
16.2
11.4
14.5
10.3
14.2
20.7
13.7
13.1
22
11.7
13.9
13.9
18.4
11.3
19.4
26.4
12.7
21
14.7
25.9
19.5
24.2
17.6
23.2
25.7
13.5
10.3
10.6
10.8
21.3
18.7
10
8.6
16.9
11.4
17.6
33.2
15.2
13.3
15.2
9.5
24.9
9.3
24.2
13.9
19.2
16.3
20.2
14.3
11.2
24
20.8
9.7
20
13.6
32.3
16.4
16.3
20.2
20.6
22.6
10.9
12.5
18.7
16.6
18.5
12.2
22.3
17
10.9
14.4
33.3
11.2
21.6
9.2
13.5
12.4
17.7
16.8
8.3
9.9
11.1
18.6
13.3
17.4
15
28.3
22.9
11.7
12
16
11.9
16.7
16.5
12.2
17.6
11.1
25
15.3
25.9
10.9
29
22
18.3
15.4
9.9
13.9
25.3
21.7
22.6
14.8
14
16.5
21
22
41.4
10.7
16
29.2
15.6
12.5
9.7
16.1
16.4
12
21.3
12.5
16.7
17.9
25
14.7
14.1
15
16.8
16.1
11.2
14.2
10.2
17.2
20.9
13.4
17
11.1
14.7
16.6
8.9
17.1
14.8
9.5
16.9
21.3
22.2
14.5
13.8
9.1
22.3
22.9
25.1
13.4
10.7
15.3
20.5
9.3
13.1
16.2
11.4
11.9
32.3
8.9
8.8
13.3
13.7
16.5
33
17.4
12.6
18.2
13.3
9.2
17
18
10.3
14.1
14.6
10
17.6
13.4
17.8
11.6
9.5
11.2
22.1
21.6
8.7
16.6
18
10.9
15.2
25.3
16.1
18.5
15.1
14.6
12
10.4
17.8
15.7
21.6
18.3
18.9
20
14.8
9.3
12.7
23.4
14.4
19.7
18.2
14.7
18.8
14.8
14.9
19.1
17.8
10.9
15.1
9.6
16.4
9.9
14.1
19.2
15.3
28.6
18
8.8
29.2
14.8
15.2
24.5
11.9
17.9
46.8
25.6
9.8
9.3
13.2
15.8
17.4
13.1
21.8
10
10.4
17.9
13
12.7
14.9
17.7
25.5
12.1
9.5
13.9
17.8
17
10.9
21.7
11.6
11.6
24.5
18.9
19.5
21.3
23.7
27.8
13.5
15.4
21.4
14
14.4
28.9
19.8
15.7
19.3
33.7
19.5
10.3
19.2
19.4
14.4
17.1
24.9
14
8.3
15.9
11.6
20.3
12.8
18.1
14
17.7
12.9
9.9
21.4
22.5
11.2
22.6
20.6
29.3
25.8
13.8
12.9
17.2
14.9
15.3
12.4
16.3
25.2
12
16.8
11.7
24.8
13.9
14.1
12.9
10.4
14.5
14.5
9.5
10.1
11
21.5
17.7
25.5
23.3
29
8
16.6
13.9
20.7
23.1
24.8
16.9
9.1
21.2
16.7
11.7
16
19.8
12.5
11.1
17
15.3
19.5
9.3
22.1
14.5
9.1
19.5
16.2
26.4
12.1
22.3
13.2
20.7
16.8
17.4
13.4
15.9
11.9
19
16.2
21.7
27.6
24.7
24.1
16.2
14.5
12.4
19.5
16.3
14.1
16.8
9.8
11
12.6
15.8
19.4
17.1
19.5
18.3
21.2
18.5
11.3
16
12
11.2
12.3
8.9
12.2
11.6
9.7
9.9
16.2
12.6
19.8
19.2
26.6
13.6
21.4
8.3
15.3
20.2
14.5
11.4
30.2
12.5
10.7
11.7
17.3
15.7
20.6
12.1
15.8
26.2
11.3
14.6
20.2
16.6
10.1
17.6
15.4
10.1
10.2
18.2
16.2
20
20.4
11.9
28.4
21.6
16.7
12.7
11.4
19.4
23.9
26.2
9.2
9.5
13.4
22.8
12.8
13.9
22.9
17.9
22.2
13
9.4
12.2
22.5
11.1
19.2
22.4
34.3
13.6
12.8
15.1
12.9
27.4
22.5
13.6
10
17
13
13.2
10.4
19.1
18.4
24.6
25.6
12.1
9.4
15.5
21
13.6
31.8
13.8
12.6
16.4
23.7
8.8
10.5
11.8
23.3
12.6
12.7
16.5
11.4
9.3
13.3
29.8
15.6
25.2
15.3
14.6
21.3
14.5
11.3
11.5
13.2
10
9.4
10.4
10.6
22.8
17
23.4
18.4
9.8
19
19.1
13.8
14.4
19.3
12.9
27.4
20.6
14.8
9.5
11
18.4
23.4
12.1
8.5
16.2
29.8
9.8
15.8
20.8
8.2
13.1
17.2
12.1
14.4
11.6
15.8
11.8
13.2
15.3
10.2
14.7
21.7
20.9
17.6
17.7
18.5
12
16.8
13.2
9.3
14.4
12.3
9.5
16.2
27.3
12.3
13.2
17.6
15
16.8
11.4
10.2
11.2
13
16.1
11.4
10.7
14.5
17
9.3
14.4
18
11
15.8
12.3
14.7
17.6
15.4
10.6
10.9
13
15.6
55.5
24.4
22.5
19.7
12.9
15.1
14.7
17.8
20.5
17.8
13.3
28.4
34.5
16.5
11.9
12.5
13.3
14.5
14.1
14.1
32.1
15.1
14.8
19.7
16.7
22.8
12.4
14.5
11
11
23.5
15.8
10.5
18.5
12.5
11
16.1
12.8
17.9
19.6
17
16.6
11
11.3
15.4
30.4
15.5
23.6
12.7
14.2
24.7
17.3
12.3
12.4
19.5
10.4
21.3
11.2
13.3
12.7
9.2
10.2
17.6
17
25.5
14.9
16.1
18.9
16.1
12.6
11.7
17.4
13.9
14.8
12.5
19.3
18.2
8.9
14
14.2
16.1
11.3
11.2
17.6
21.4
27.2
21.2
15.3
16.4
17.8
11.4
8.8
25.9
12.8
14
19.7
14.4
12.7
17
18.7
9.9
27
12.6
12.2
10.3
16.7
13.7
12.4
15.5
10
14.1
9.3
13.9
20.9
14.3
15.3
12.6
13.9
20.4
18.3
16.8
12.6
17.2
8.6
8.3
10.6
19.1
13
12.4
18.5
21.3
12.8
16
13
16.9
13.1
12.7
14.5
9
12.4
21.1
19.6
23.1
14.1
14
12.4
10.9
20.7
10.5
20.4
13.2
14.8
19
17
20.5
22.7
8.9
18.4
14.9
20.1
13.5
11.1
13.8
13.3
15
14.8
16
18.5
19.7
18.4
21.6
16.7
10.3
26.8
15.2
16
33.7
15.5
17.7
18.5
19.2
16.7
10.7
18.5
26.9
17.4
12
22.7
13
16.6
10.4
13.8
13.7
20.6
19.6
16.6
18.1
18.7
8.7
12.7
9.8
19.2
10.7
12.7
13
19
13.5
27.8
11.4
22.1
15.7
9.1
13.7
16.6
10.8
21.4
19.1
12.9
9.6
19.2
11.6
14
16
16.9
10.5
12.2
14.9
12.4
20.1
9.1
21.9
12.7
13.9
12.5
20
23.3
13.4
13.5
10
19.7
11.2
15.3
16.3
14.3
15.7
14.6
16.1
14.8
13.6
19.6
23.1
12.4
15.9
13.2
11.6
18
27.7
20.5
29
18.2
19.3
16.9
12.2
14.7
37.7
14.6
16
13.6
20.4
13.3
14.4
10.8
12.5
19.8
8.3
13.5
17
14.1
20.5
9.6
15.5
19.8
17.6
11.3
17.1
13.2
16.6
13.4
11.6
18.6
26.7
18.2
16.8
11.3
16.1
16.4
16.3
18.5
13.8
23.9
13.3
19.7
8.7
19.8
18.1
16.5
11.2
13.2
28.8
24.9
9
21.2
11.9
18.9
29
14
25.6
21.8
11.7
14.6
11.1
14.8
16.8
13.3
12.1
14
22.3
8.9
13.5
15.3
26.1
11.7
16.4
13.6
15.8
13.5
21.4
15.3
18.8
12.6
19.8
13.8
14.6
23.4
9.5
10.2
10.2
18.9
11.6
18.2
20.2
11.8
15.2
13.4
15.7
14.6
15.6
9.9
15.9
8.4
8.6
18.4
17.1
13.6
12
22.8
19.6
28.2
24.1
13.7
14.6
15.2
29.5
12.5
32.1
13.1
9.9
12.4
12.8
11.8
17
15.9
9.8
9.8
19.8
16.2
13.6
22.8
14.7
14.8
10
17.6
15.8
11.3
9.2
18.8
11.8
10.4
17.4
16.5
14.5
14.3
12.9
11.2
11.1
21.1
19.1
16.8
9.7
17
8.7
18.7
14.7
13.1
23.4
16
11.5
10.2
20
15.9
15.5
33.1
11.3
10.7
13.5
16.3
9.8
11.9
10.4
18.9
14.4
10.1
9
17.3
18.3
11.9
14.4
30.6
24
12.7
14
21
12.5
11.5
13.8
12.8
12.3
14.4
21.8
16.3
11.7
11.1
15.3
11.5
11.7
13.8
14.8
15.8
15.9
16
12.5
22
17.7
18.7
15.3
16.3
13.6
29.9
11.1
18.7
19.1
24.8
31.2
9.5
19.1
16.3
9.3
15.7
21.6
16.8
9.4
10.7
18
28.2
11.9
12
15.7
23.4
17.4
23.3
16.9
23.7
13.7
19.1
8.2
12.8
15.6
11.1
13.9
21.7
13.3
19.9
13.7
12.7
30.9
20.2
24.5
32.8
14.6
12
10.3
14.2
24.3
12.2
29.3
10.7
14
16
16.9
15.4
24.5
22.3
14.6
14.4
13.1
27.8
13.2
20.5
17.3
13.4
15.7
14.1
13.3
9.4
32.3
19.7
11.1
10.6
17.2
11.2
11.3
11.5
11.5
10.6
18.8
14.1
22.5
25.1
12.3
12.6
10.1
16.8
15.5
12
25.3
8.5
13
19.2
16.9
12.2
16.6
13.3
13.6
8.7
11.3
15.7
12.2
19.3
18.9
12.4
14.3
24.2
19.7
24.3
18.5
9.9
27.5
20.7
19.6
23
15.9
18
13.6
12
10.9
24.7
22.2
11.4
15.6
10.1
15
22.1
13.3
21.9
16.1
18.7
15.9
15.3
25.1
11.8
10.1
17.4
9.9
25.3
12
24.3
18.4
14.2
19.5
12.9
20.6
18.1
9.6
12.5
15.2
11.6
14.1
18.6
10.8
10.5
17.3
13
20.5
9.5
19.3
13.2
8.6
10.8
13
14.3
11.8
21.5
15
11.1
19.3
8.7
20.3
8.9
15.2
24.7
18.5
31.8
14.5
16
11.5
22.2
15.4
12.8
15.1
17.9
15.7
14.9
25.8
12.8
14.1
18.8
15.3
13.2
19.8
19.3
13.2
15.7
8.6
13
27.9
11.3
14.9
21.4
20.1
14.1
18.2
16.2
15.7
24.2
10.7
13.9
9.3
12.1
8.8
31.6
19.8
10.4
13.7
12.5
9.4
13.1
9.4
8.9
15.6
12
11.4
10.9
17.4
8.9
14.1
14.6
25.6
22.3
15.5
17.8
9.2
16.7
30.7
15
10.3
16.3
16.1
18
27.4
13.7
13
14.2
12.7
9.8
14
17.3
14.9
13.2
12.7
16.5
25.9
11.4
13.1
13.1
17.1
17.8
24.8
17.5
14.2
23.2
16.5
24.2
9.4
13
17.7
17.4
13.2
10.4
16.6
11.1
27.7
11.8
12.8
29.2
12
26.5
11.3
12.9
17.9
13
12
20.5
19.2
12.5
14.4
8.7
13.9
12.3
15.2
10.5
17.3
13.1
15.8
27
13.2
31.4
18.1
14.9
12.3
9.7
11.2
9.5
18.6
26.1
14.6
19.6
19.3
19.5
16.4
18.3
11.4
17.1
13.4
8.8
16.8
12.3
25.1
10.7
15.5
19.9
18.3
15.7
9
11.9
17.9
18.1
17.3
17.9
22.4
22.8
22.2
9.7
15.5
13.4
16.9
22.3
14.4
14.7
12.8
21.1
13.3
28.1
13.9
18
18.5
21.1
11.1
15.4
24.9
14
29.2
11.2
10.3
53
15.1
12.5
26.4
23.8
13.9
20.8
20.1
10.8
14.8
17.6
16.2
12
34.5
8.4
9.9
20.5
14.4
8.7
17.9
34.2
15.7
25.2
17.4
15.5
8.8
17
9.5
19.9
13.8
23.8
15.4
9.4
13.1
13.4
12.4
9
12.2
11.8
15.7
17
13.6
10.8
20.8
13.4
12.2
12.9
14.6
8.4
10.7
10.8
18
20.2
15.5
17.1
17
20.8
18.8
26.4
12.9
14
17.2
15.6
11.6
9.2
16.4
10.8
16.7
18.9
20.9
17.5
21.4
19.2
23.3
16.4
22.3
13.3
21.6
18.7
13.1
29.7
11.2
10.8
17
11.6
17.7
9.9
14.7
22.3
25.8
18
21.1
18.1
9.5
17.1
18
22.1
11.6
18.5
29.9
11.8
13.9
13.5
11.2
21.7
18.5
14.9
15
16.4
27.6
8.5
10.1
11
16.2
15.5
13.3
13.5
13.6
14
19.3
11.6
17.7
9.1
10.8
16.5
14.5
18.5
11.6
15.8
17.5
12.1
19.5
15.5
14.4
12.7
14.2
17.4
11.4
14.5
22.2
14.2
12.7
12.4
10.5
13.1
13.9
14.6
26.3
16.9
14.7
24.6
15.5
15.3
15.2
15.2
9.6
15.1
9.8
22.7
13.6
11.4
11
9.5
15
11.3
19.9
24.2
10.5
13.3
9.5
23.9
12.9
14.8
13.6
13.3
14.3
8.4
13.3
29
14.8
17.2
14.3
22.4
10.7
15.2
13.1
14.1
19.8
17.9
16.4
18.1
26.3
16.7
25.2
22.5
11.8
19.8
31.6
16.7
15.3
21
21.1
11.3
11
11
11.2
15
9
16.5
8.7
15.9
21.7
17.9
21.8
14.2
12.1
11.5
13.8
8.9
10.8
16.9
16.6
17.4
16.4
9.9
16.3
10.2
14.8
12.9
12.7
11.8
28.3
25.2
27.1
20.6
13.6
9.7
15.4
22.7
8.2
18.4
9.5
19.1
29.1
14.5
18.9
15.7
8.6
22.4
12.4
20.9
33.7
12.6
14
18.2
16.4
15.4
9.6
15
18.5
8.2
20.9
16.5
12.9
21.8
16.8
21.1
23.1
12.2
8.6
11.6
11.7
27.3
8.8
11.6
15.4
14.8
10.8
11.5
11.6
10.5
23
20.6
12.3
15.1
8
22.6
20
10.2
10.3
12.4
12.4
12.5
28.3
25.1
9.6
13.3
22.8
9.4
11.6
12.3
13.6
15.1
9.5
28.1
15.7
16.6
18.4
10.5
9.8
19.3
12.6
13.7
28.1
18.2
11.7
16.2
14
13.5
25.6
9.1
13.7
13
14.4
23.7
11.2
17.7
17
24.7
23.9
24.2
10.9
14
26.7
13.7
12.8
14
11.8
11.7
9
11.8
12.6
10.9
25.5
19.4
14.3
16
8.2
11.3
14.1
14.5
14.5
12.5
11.4
15.3
29.6
18.6
17.3
20.2
27.4
11.9
10.8
18.7
17.8
15.4
20.6
12
26.5
12.9
13.1
8.6
11.4
12.5
31.3
13.2
23.4
19
13
11.4
21.6
22.9
10.5
14.4
18.2
25
14
13.5
24.1
15.7
13.4
13.3
8.7
14.5
11.5
16
12.1
13.7
13.2
9.5
21.5
21.5
18.7
17.1
30.3
9.6
14.2
14.8
14.2
13.8
10.1
25
9.8
19.5
20.6
11.3
9.5
10.6
38.2
10.8
21
8.7
15
10.2
15.9
21.9
17.2
13
17.8
16.3
16.9
23.1
16.6
24.2
19.3
21.5
19.8
29.5
9.4
21.3
13.5
9.4
28.1
15.1
14.2
9.9
18.1
12.4
14.4
10.4
25
13.7
9.9
9.9
22
19.4
17.8
10.6
17.5
17.8
27.5
12.5
22.1
15.7
22.3
18
15.4
10.9
15.7
9.7
9.9
19.4
15.4
16.3
19
24.1
8.8
13.1
29.3
9.7
20
9.8
16.5
12
20.4
13.5
19.5
9.8
24.1
15.2
16.9
12.9
22.4
15.3
11.3
15.4
22.4
32.3
11.1
17.4
12.1
9.3
20.3
14.4
20.6
17.4
10.3
24.1
14.4
25.5
12.4
10.6
13.2
10.3
12.2
13.5
18.1
13.2
18.9
11.7
18
13.3
14.1
19.2
27.9
16.4
11.2
26.4
14.8
12.6
10.9
11.6
12.6
12.7
11.4
17.3
24.7
19
11.8
16.3
14.1
10.2
10.2
8.4
12.7
21.4
15.6
11
26.7
17.4
11.6
11.6
12.5
12.2
15
16
12.9
14.7
13.9
11.2
15.6
10.6
14.7
18.1
8.6
16.3
10.8
16.6
9.1
17.4
19.5
12.5
12.9
14.5
12.9
17.8
23.5
12.1
12.5
10.1
12.9
9.3
22.7
14
13
14.9
17.8
10
13.6
23.1
11.8
18.4
17
25.7
17.5
15.3
12.2
19.5
10.1
16.5
13.1
19.4
11.3
9.8
17.3
12.9
11.1
12
19
26.8
17.2
10.5
16.1
21.4
10.2
13.6
16.3
26.2
25.6
9.7
10
10.8
16.8
18.9
34
21
15.6
12.9
15.4
15.9
16.6
15.1
13.8
18.5
8.5
12
12.8
11.9
10.4
13.7
17.2
17.7
18.1
22.6
27.9
12
32.9
15.7
9.4
10.7
16.9
21.8
10.3
15.8
23.2
12
11.3
11.5
18
16.7
16.4
24.2
8.2
16.6
24.4
11.9
17.7
10.6
12.1
12.4
15.9
15.4
16.3
19.9
19.4
20.8
30.8
18.3
23.1
20.6
8.7
63
9.9
16.7
15.9
16.9
22
10.8
20.1
16.3
10.5
14.6
13.5
18.5
13.9
17.3
21.1
11.7
16.7
9.5
9.3
14
11.9
14.3
14.7
17
10
18.6
34.3
20.8
12.5
17.7
23.6
29.6
17
16
12.2
24.7
23
16
15.3
17.9
28.8
16.3
17.2
10.1
20.8
20.8
14
14.2
16.4
11.7
20.2
19.7
12.7
29.4
13.6
14.9
22.2
18
20.2
11.9
17.1
13
10.2
13.5
21.3
10.2
14.9
24.4
12.5
11.4
9.5
15.2
12.3
10.8
10.9
20.4
11.7
11.3
23.1
13.8
20.9
10.7
10.4
9.3
12.4
17.2
16.4
24.2
22.3
14.6
12.5
16
15.2
19.2
32.1
19.4
11.5
10.6
18.9
15.5
13.5
33.9
19.2
16.2
11.6
18.5
13.9
11.2
17.8
13.2
16.7
10.7
18.5
13.3
10.7
17.4
14.5
14
10.6
17.5
9.9
30.3
22.2
24.4
16.2
24.1
20.3
12.7
17.3
15.3
11.8
19
11.8
19.4
18.2
16.2
18.8
17.4
14.8
11.4
28.5
23
12.3
15
16
19.6
15.7
9.5
12.4
8.3
21.8
9.3
16.4
25.6
10.4
9.8
24
12.4
15.4
22.2
8.6
22.3
15.8
11.8
10.4
15.5
12.9
18.8
16.2
26.1
11.1
30.3
38.3
16.6
8.7
10.4
18.2
17.1
10.5
12.3
10.5
10.9
33.3
16.1
22.1
12.8
13.6
24.8
11.9
11.9
13.9
13.8
9.2
8.6
24.2
11.9
8.9
21.1
10.9
19.6
14.4
17.2
20.9
10.6
14.4
12.5
12.4
21.4
13.1
19.5
9.1
22.5
10
17.9
14.6
29.5
13.9
21.2
20.6
12.5
13.2
13
15.5
26.4
9.4
9.4
14.2
10.6
23.8
10.8
23.1
13.9
8.3
19.2
14.4
16
14.4
9.8
16
12.1
19.4
24.2
12.9
17.8
13.9
11.6
16.6
16
11.6
24.8
11.3
13.9
40.8
10.2
19.3
11.1
9.1
11.2
15.9
12
28.2
11
18.9
11.9
19.2
19.7
20
13.4
10.6
15.7
20.1
13.7
21.2
11.2
22.6
12.2
18.7
24
14.9
14.7
11
27.6
15.8
17.1
11.7
10.1
17.2
14.4
11.7
28.8
21.5
21.2
16.2
12
16.5
14.7
13.5
15.4
20.2
14.9
17.4
20.1
30.7
19.7
11.5
10.8
15.5
9.2
12.4
23
15.6
9
9.5
21.3
13.1
21.9
12.8
14.2
10.3
24.2
19.7
15.9
22.2
21.4
15.4
19
15
22.5
10.9
18
17.2
18.7
15.2
15.7
14.9
12
21.9
17.3
9.6
16.1
11
16.2
18.1
10.6
18.4
23.9
13.6
16
13.6
10.4
17.9
19.3
18
30.6
16.2
13
12.6
16.4
19.8
20.3
8.5
12.5
10.3
15.8
8.7
18.3
12.4
13.8
23.1
24.8
8.9
34.7
21.2
10.4
12.7
13.6
17.1
17.8
11.1
11.2
14
14.3
21.4
16.4
23.2
10.8
15.4
16.7
17.4
11.6
9.2
11.2
13.1
8.7
14.6
8.4
19.4
10.5
17.2
20
25.8
10.6
9.1
12.1
19.5
16.6
12.9
10.9
28.8
10.4
23.5
12
9
13.2
15
14.4
18.2
21.4
18.3
19.2
13.8
13.5
17.4
10.1
13.7
17.1
19.2
12.6
17.6
10.5
15.2
29.8
14.9
11.8
10.1
14.6
11.5
10.9
18.7
8.2
11
29.4
13.1
18.2
13.5
15.6
12.6
23.1
21.5
18.2
12.8
16.9
11.7
20.5
9.8
14.3
20.9
21.8
21.7
8.2
18.4
9.9
12.3
11.7
21.2
12.7
12.1
8.6
15.4
9.1
18.5
16.5
8.1
11.7
24.5
18.5
14.4
9.9
9.5
27.9
9.6
16.4
18.6
14.2
13
18.9
13
11.6
14.4
17.1
31.1
26
19.3
18.5
14.3
22.3
22.1
17.3
45.6
13.3
11.4
17.4
10.7
17.7
11.5
14.6
10
12
18.7
8.9
12.6
16
14.9
17
22.1
31.6
16.9
19.1
9.5
19.4
9.9
13.4
14.9
17.6
14.1
18.2
18.5
20.5
11.5
9.5
11.4
16.5
14.4
15.1
14.7
20.7
17.2
22.6
17.3
11.9
23.3
19.1
34.5
27.1
18.7
20
16.1
19.4
10.7
21.5
15.7
15.8
9.7
19.8
23.8
10.9
19.8
13.4
11.1
18.6
12.3
11.4
10.7
18.5
19.8
15
16.4
15.1
12.7
15
9.3
10.9
14.7
13.5
14.7
17.4
26
26.7
15.3
16.6
21.3
14
10.6
9.9
26.3
14
17.7
9.5
12.5
19.5
29.8
12.4
14.6
17.5
19
12
16.1
13.6
17.5
11.8
10.2
15.8
24.6
13.6
11.1
11.5
12.1
15.9
20.9
15.4
14.1
23.1
15.8
17
9.7
15.2
18.6
16.8
15.1
11.9
16.9
11
19.2
14.9
12.4
10.1
25.2
9.2
21.9
20.1
13.7
14.7
21.2
18.7
13.4
15.3
10
11.9
10.7
12.3
18
24
14.2
9.2
9.9
16.6
18.6
13.5
13.3
8.8
21.4
22.2
16.9
13.2
19.4
12.3
12.4
17.3
15.4
9.7
25.5
11.7
13.5
12.8
10.5
15.7
23.7
16.3
18.5
13.9
15.7
14.4
9.2
14.2
17.2
16.9
21.3
15.4
25.6
15.2
13
13.8
10.5
14.5
9.8
8.6
11.4
24.2
29.1
10.1
13.2
13.2
15
21.9
21.9
10
12.9
13.7
29.6
17.8
20.5
16.9
19.1
11.2
23.6
14.4
13.5
16.8
11.2
27
11.3
15.7
21.2
10.8
32.4
16.5
13.9
18.6
15.9
8.7
13.4
10
19.2
12.1
27.6
13.2
13.5
8.3
11.5
15.3
18.6
16.3
18.1
15.9
11.4
14.6
8.6
9.1
22.7
14.2
11.5
11.5
19.5
19.2
13.9
15.6
24.2
9.7
10.7
17.1
13.2
13.4
23.8
12.1
16.3
12.3
16.5
16.7
20.7
12.8
22.4
9.2
16.6
12.7
43.7
15.7
12.5
19.2
9.2
14.4
10.4
23.4
21.6
13.9
11.6
14.7
21.4
22.2
11.4
18.7
23.9
20.4
12
16.6
20.4
13.1
12.9
17.3
14.4
17.4
15.8
21.6
13.5
12.8
17.8
16.7
15.1
11.8
12.6
13.3
15.4
12
9.4
17.2
15.4
31.1
34.6
10.7
20
13.6
14.3
8.7
14
14.4
10.1
12.3
16.7
26.7
14.3
22.7
17.3
20.1
33.5
17.6
19.7
17.3
20.4
16.8
15.9
9.5
12.5
9.7
10.4
10.3
10.8
22.2
14.2
16.7
9.2
25.9
20.8
15.5
14.1
25.5
21.2
14.8
13.6
13.9
11
18.7
10.7
12.1
32.5
10.4
13.3
12
17
15.3
11.9
18
12.9
16.5
11.4
13.9
15.5
18.8
16
31.9
13.9
17.9
12.7
11.6
15.4
12.3
19.8
16.1
11.1
20.5
26.1
16.1
16.2
16.1
15.1
11.7
14.4
21.8
24.6
10.2
28.2
10.2
14.4
16.6
10.8
9.7
20.1
17
24.3
19.9
9.3
16
18.2
18.7
19.4
22.2
12
8.7
11.9
16.8
16.5
12.4
12.3
28.9
27.6
21.9
22.7
14
18.4
12.2
12
11
16.9
14.2
10.7
9.9
8.5
14.4
20.8
16
19.5
8.7
11.6
22.4
18.2
9.2
9
13.3
16.6
23.5
16.4
16.2
18.1
21.1
22.2
14.8
16.4
17.5
22.5
23.5
10.9
16.5
13.4
11.4
14.1
18.6
12.9
25.8
15.8
13.5
19.7
18.6
12.7
12.2
11.2
10.2
8.3
13.8
10
10.4
17
24
13.1
15.7
14.9
11.6
8.9
10.9
9.8
16.3
18.2
10.1
27.2
13.4
11.6
12.4
8.5
17.1
11.4
22
19.6
16.5
11.7
19.1
13.5
16.7
19.4
11.9
15.8
9
13.7
16.7
8.6
20.5
19.7
14.5
23
9.4
11.9
18.3
20.5
18
15.4
13.5
12.2
25
19.6
13.9
13
29.4
9.9
13.8
19.1
10.9
8.6
10.9
22
11.8
15.3
14.2
19.8
24.2
14.4
8.6
9.4
16
19.4
14.9
14.8
16.9
15.1
12.6
11.6
16.2
8.7
14.7
15.7
9.3
11.2
14.8
11.4
11.3
17.7
13.2
19.5
14.8
15.1
19.1
10.9
17.2
14.1
23.3
12.7
12.2
9.7
8.9
13.9
10.1
11.2
11.1
32.9
13.7
11.5
33
20.6
14
20.5
22.2
20.2
22.1
12.5
27.6
29
14.8
23.7
20
21
25.5
13.3
11.3
21.9
15.1
23.4
12.9
12.2
15.8
33
21.6
8.5
19.3
18
10
24.1
13.5
12.1
17.8
21.2
11.5
9.7
12.9
21
17.8
23.1
14.5
26.2
18.6
15
19.4
9.5
14.6
16.9
16.4
18.8
10.2
13.8
17.7
15.6
18.3
10.8
19.6
14.1
30.5
22.6
18.6
12.5
13.8
20
16.5
12.5
18.7
27.4
12.8
22.9
17.3
14
10.4
9.3
10.3
10
14.4
16.6
13.7
22.4
14.1
16.3
30.3
24.2
18.4
8.7
16.8
17.7
14.3
11.6
12.8
14.9
11.6
12.8
12
13.8
9.6
13.8
19.1
15.3
10.4
19.1
13.5
17.8
20.2
10
22.6
25.7
15
11.8
12.5
14.2
17.6
16.6
16.4
20
18.3
11.2
20.5
28
17
15.7
19.2
9.4
9.6
11.5
9
9.9
9.3
11.1
11
9.2
15.3
24.9
22.6
15.3
18.4
21.5
20.5
11.1
8.9
12.6
30.5
18.7
10.2
14.4
13.2
21.5
9.2
11.4
15.3
13.2
18.1
10.4
12.9
8.2
16.8
8.3
16.4
17.3
13.9
22.6
13.9
9
10.4
24.3
12.1
19.6
14.4
20.2
14.1
20.4
14.5
9.4
23.8
14.7
17
13.6
11.2
18.1
18
15.4
18.5
15.4
10.5
13.2
9.7
10.4
18.3
14.5
24.5
10.7
12.7
10.4
13.6
19.9
16.1
17.5
27.8
13.1
10.9
19.5
14
18.4
13.9
25
26.1
17.3
11.9
11.1
19.5
27.1
13.6
12.8
9.1
13.2
15.1
12.5
19.9
25.5
17
19.1
13.1
14
13.2
18.1
17.5
8.4
24.2
10.4
17.4
10.4
18.4
23.3
16.1
23.1
12.7
19.9
10.7
9.6
11.5
21.5
13.4
27.6
18.2
14.9
16.3
9.8
10.8
11.2
25.6
14.5
17.7
15.5
15.7
16.2
14.4
15.8
14.8
13.4
20
15.2
22
13.5
10.5
17.8
10.9
12
19.7
11.2
15.9
13.1
13.6
13.6
14.1
17
9.3
13.6
10.2
19.6
14
17.3
12.1
19.9
10.8
16.4
19.9
19.6
16.9
19.4
10
14.2
13.4
12.3
20.3
16.8
10.8
11
12.5
11.2
12.5
16.2
11.2
8.6
24.4
40.2
14.9
18.2
20.8
13.4
8.6
11.1
11.2
19.7
10.2
19.2
10.9
21.6
11.9
11.9
28.1
12.5
22.1
10.6
18.1
12.9
12.3
16.8
16.5
9.6
14.6
10.3
11.4
14.3
8.7
20.1
14.8
21.3
10.9
22.8
10.7
10.4
11.5
26.3
22.6
12.4
13.7
11.2
21.5
23.1
8.3
18.8
29.7
17
16
11.7
16.2
14.8
25.2
14.4
20.7
10.8
10.9
15.1
12.4
24.4
13.7
18.1
12.4
17.6
14.5
9.4
18.8
9.6
15.5
17.2
12.5
15.1
29.7
26.2
20.4
13
12.6
13.6
11.8
15
16.8
18.1
16.9
14.6
15.5
18.2
13
15
15.4
26.9
14.9
16.1
9.8
14.9
10.8
18.7
15.2
18.2
13.1
18.5
9.3
10.7
21.4
16.7
8.9
10.8
8.9
13.4
11.4
22.5
15.4
10
14.3
20.5
16
10.5
18.9
22.6
18
10.9
8.9
13.6
11.1
12.5
11.2
10.7
12.1
16.8
19
14.8
12.3
19.1
12.5
14
24.9
10.1
12.5
15.7
23.9
21.7
11.8
10.1
8.9
20.5
12.5
21.5
10.3
15.4
9.6
20.1
16.3
14.3
20.7
13
34.4
11.9
16.2
10.8
11.1
11.6
25.2
18.3
17.3
21.6
14.9
11.6
17.9
17.8
8.1
32.4
16.1
16.8
16
11.4
13.7
19.3
12.4
12.8
16.9
9.4
8.8
9.4
26
14.8
20.8
10.7
10.7
15.7
9.8
19.5
20.8
13.4
13.7
12.8
18.7
19
16.9
26.2
17
17.9
12.6
21.2
10.5
13.8
13.1
8.8
14.2
14.4
14.1
15.7
14.9
14
16.9
14.9
16.1
13.3
10
9.7
21.2
16.6
11.1
23.6
21.3
20.9
11.7
10.8
29.4
26.5
15.7
10
16.8
21.4
11.4
10.3
19.4
13.2
14.2
9.8
18
35.3
12.7
18
12.1
19.2
14
15.1
16.2
18.8
16.1
11.8
13
19.5
16.1
11.5
9.9
13.1
21.7
18.9
18.5
24.6
20.8
20.3
20.1
18.3
9.2
10.4
14.5
15.1
11.4
11.9
13.6
14
13
18.5
26.2
9.9
17
14.2
9.3
12
9.6
15.6
13.3
16.1
27.2
16.6
9.7
19.6
17
18
20.7
13.7
18.7
16.4
24.2
15.1
25.5
12.4
9.6
9.7
13.6
10.2
16.3
19.6
14.2
12.8
15.3
21.9
15.3
10.3
11.9
13.6
13.6
18.6
12.2
18.4
9.9
14.1
12.5
16.2
22.3
14.2
15.3
9.6
20.6
10.5
21.2
27.5
9.4
11.8
16
17.3
13.6
16.4
8.2
13.5
18.8
9.3
14.8
9.1
25.3
10.6
19.4
11.4
11.3
18.6
22.5
12.1
29.6
23.7
12
23.2
18.4
10.9
11.9
18.1
24.8
16.1
16.3
22.1
15.2
8.2
14.4
13.2
23.9
36.6
17.3
17.9
20.9
20
14.5
13.7
13.5
10.5
15.8
22.6
14.4
19.2
14.5
23.3
16.2
33.5
19
9.5
15.2
8.9
12
11.5
31.4
13
18.6
17.3
20.3
13.5
14.1
13.4
13.9
10.6
23.5
24.4
12
17.2
8.8
8.4
11.2
16.5
14.1
11.2
17.7
18.2
12.7
20.3
10.6
11.5
13.8
11.4
13.4
15.3
9.2
11.2
12.1
18.7
12.1
9.8
11.2
12.3
12.7
15.4
14.1
28.8
14.4
21.5
18.9
22.4
12
26.5
15.6
12.7
13
22.1
13.1
9.4
18.2
11.9
17.7
18.4
18.8
12.5
10.1
13
11.9
13.6
13.5
9.8
9.6
9.6
15.3
11.1
28.4
13.7
12.8
16.4
15.3
10.5
12.2
17.3
11.2
17
17.5
16.7
11.3
26.1
13.4
17.2
12.3
15.8
11.8
15.2
24.3
20.9
8.5
12.5
16.4
14.3
21.9
30.2
20.6
13
10.9
16.8
22
21.8
16.8
14.4
20.1
16.6
17.7
14.1
12.6
8.9
19
13.7
10.2
14.3
13.2
9.8
15.1
11.9
14.9
8.8
19.3
15.9
14.2
17.2
9.5
13.4
14.7
23.5
15.7
29.2
16.4
11.5
11.1
11.7
18.2
11.3
14.3
17.2
19.3
14.9
14.3
9.5
9.3
13.3
14.2
10
10.1
13.5
11.5
11.8
17
9
15.3
20.1
16
16.3
15.7
23.8
14.1
11.7
19
27.6
24.8
24.5
15.3
17.2
10.6
15.5
13.7
13.6
15.5
12.9
11.5
21.5
15.4
14.2
11.3
12.3
18.3
12.2
20.8
16
12.9
12
20.1
10.8
17.3
12.1
12.7
16.2
12
13.7
10.2
15.4
17.8
14.2
16.1
10.9
14.4
15.7
18.3
8.8
16.5
10.7
11.5
15.8
26.9
13.6
11.5
15.8
14.2
26.7
9.7
12.1
30.2
14.9
13.7
11.9
18.6
18.3
16.9
8.8
20.5
11.3
11.7
11.6
16
13
27.1
17.2
11.8
14.7
17.8
8.9
16.3
21.4
17.7
17.5
25.1
9
13
23.5
11.7
12.7
22.9
25.4
16.6
11.2
14.2
27.5
15.3
10.2
26.9
41.9
30
9.5
13.8
12
28.6
12.8
19.1
25.1
19.9
12.2
29.5
19.8
10.6
22.4
18.3
24.8
15.2
15.7
10.9
16
21
15
12
13.9
11.9
14.9
22
13.1
10.5
14
19.7
14.7
12.4
12.9
9.9
24
12.3
16.5
15.6
12.6
17.5
8.4
8.2
16.6
16.5
15.1
10.2
9.9
11.9
9
18.1
11.5
16.7
8.5
23.8
18
10.7
16.6
15.5
23.6
9.2
8.9
10.7
8.9
13.3
16.3
12.7
18.3
10.1
24.9
26.7
20.4
19
14.9
11.5
14
13.7
10.8
18.6
12.7
17.7
20.4
35.6
15.2
24.5
18.9
21.4
12.7
22.9
12
28.4
22.3
19.5
23.8
12.9
11.6
12.6
13.4
10.7
14.1
16.2
10
9.3
10.3
13.5
12.4
14.6
24.5
12.6
9
23.3
16.2
34.1
24.6
21
12.3
11.8
18.7
24.5
14.7
19.8
11.6
19.4
16.5
21.7
16.6
9.9
10.2
10.9
9.1
15.2
10.7
17.2
13.3
23
22.2
11.8
17
15.7
10.9
13
13.5
16.4
15.2
14.6
16.9
18
14.8
16.4
17.2
16.7
26.1
15.9
27.2
14.5
16.4
21.4
12.2
10.9
18.4
24.1
13.9
18.6
18.2
12.6
10.9
11.4
20.9
17.8
16.3
10.6
18.5
9.4
19.3
12.7
17.2
18.3
8.6
16.5
14.5
20.4
24.2
11
12.5
10.4
27.1
8.1
12.6
8.4
11.3
9.1
8.7
8.7
14.2
34
21.4
12.2
14.8
8.4
10.4
16
12.4
13.9
9.1
13.3
23.1
21.7
14.5
12.9
20.2
14.6
14
19
16.6
14.3
13.3
15.9
17.3
9.7
9.2
16.4
8.8
11.4
13
19.5
16.3
11
9.6
16
25.9
9.5
10.8
17.5
12.9
19.2
13.2
13.5
11.4
14
16.5
13.5
8.8
15.4
19
14.3
9.4
9.9
9.3
14.6
14.9
23.7
18.9
21.3
12.4
16.5
17.3
18.7
9.4
23.3
14.5
20.6
18.7
22.3
18.1
11.2
12
11.8
39.4
26.1
15.8
29.9
19.5
10.3
17.7
13.8
24.6
14.2
30.2
23.9
23.1
21.4
17.9
15.8
21.9
18.1
15.2
23.4
14.9
11.5
15.2
14.6
13
11.2
15.2
14.9
20.6
17.2
24.2
16.4
14.7
13.1
16.4
15.6
27.4
9.8
9.1
15.1
13.5
16.2
14.4
14
9.7
12.1
15.6
11.2
12.3
15.9
12.7
12.2
10.5
21.4
10.8
13.7
10.5
26.2
11.1
17.6
12.2
13.9
17
12.1
11.7
12.6
14.5
12.4
21.1
9.5
19.8
8.4
28.8
11.8
11.9
19.5
19.4
17
15.2
18.6
15.3
31.8
13.9
16.3
13
8.5
13.8
14.9
18.1
9.9
20.5
8.5
10.2
20.4
20
17.1
18.8
9.5
9
17
13.4
8.5
10.9
19.1
13
16.7
10.1
14.4
16.9
12.4
8.2
10.8
10.5
13.7
14.1
14.7
14.7
22.9
12.8
13
17.8
17.3
13.3
13.7
15
12.9
20.6
14.2
11.2
11.8
14.1
14
11.4
27.1
12.6
9.5
20.1
9.9
16.2
10.7
10.3
14.4
18.4
12.4
13.5
13.2
21.9
9.4
9
17.3
15.2
13.4
15.8
13.9
16.3
10.7
23.3
12.5
11.8
14.6
13.9
11.1
11.9
10.4
15.3
18.5
26.2
8
14
16.1
16
11.9
15.1
17.6
16.6
10.3
16.2
10.5
8.9
9.5
14.9
19.1
8.8
14
15.8
21.7
8.1
12.8
20.6
14.6
15.3
12.4
16.7
17.1
21.7
25
22.3
11.2
14
20.2
14.7
13.1
22
14.3
16.4
22.5
13.8
9.1
16.2
15.3
16.2
10.3
19.7
14.1
18.5
27
14.8
13.8
16.7
23.5
12.6
17.8
17.5
14.6
9.2
16.7
25
14.8
15.2
17.4
12.8
17.9
11.5
10
21.9
8.4
17.7
11.1
12.7
15.1
19.5
10.2
13.3
9.7
15.2
8.7
23.7
12
21.4
21.6
11.7
17.6
19.2
13.8
15.2
14.1
16.9
10.4
17
22.6
21.1
20.8
17.7
13.1
10.4
8
33.9
11.4
22.5
8.6
19.8
17.5
10.9
11.6
14.6
17.9
12.2
13.6
9.9
21.1
13
20.2
14.3
22.8
14.1
11.9
11.5
16.4
11.1
15.3
19.8
23.9
19.4
16.1
15.1
26.4
10.6
11
11.3
8.8
13.8
12.1
9.3
15.6
9.4
14.5
9.1
18.6
10.4
11.6
17.2
8.3
10.9
13.2
14.2
12.8
11.4
23.4
8.7
23.4
11
11.7
11.3
17.7
11.2
10.8
11.6
26.8
18.3
17.4
10.7
12.4
18.7
11.5
17.5
16.2
17.4
11.7
12
16.1
13.3
13.2
18.1
36
14.9
24.1
13.7
18.6
17.3
11.9
13.9
19.3
17.6
12.3
11.1
16.9
12
13.7
14.6
18.6
11.3
9.9
13.4
12.9
22.1
17.1
16.8
9
11.6
12.3
11.3
14.5
10.8
12.2
23
14.6
25.2
16.6
19.8
35.7
8.8
10
13.2
11.9
21.6
14.3
20.4
31.4
22.1
15.1
14.8
16.6
13.5
24.5
14.2
9.8
10.3
12.3
40.2
11.7
14.8
16.7
9.1
19.9
11
10.9
15.3
24
15.9
20.9
8.8
9.8
16.3
19.8
10
19.3
11.1
37.8
16.7
13.5
12.9
13
13.8
12.5
10.1
16.7
8.9
16.9
8.1
26.5
17.6
18.4
16
29
11.2
9.4
9.2
14.3
11.7
29.2
16.8
17.8
12.3
13.8
16.5
12.3
11.8
19.2
9.8
13.4
16.3
14.7
20.9
15.4
14
15.2
12.3
17.5
9.8
8.9
8.7
10.6
14.2
15.1
11.4
15.4
23.3
14.1
11
9.8
9
9.2
15.1
18.7
19.9
10.5
12.9
12.6
16.1
10.4
15.9
21.5
9
22.7
28.8
24.7
21.5
9.3
10.7
10.2
9
23.8
32.1
16.5
19.1
15.5
25.3
33
17.8
15.5
19.7
10.7
23.3
9.2
17.4
12.2
45
21
15.3
15.9
14.4
10.4
8.5
9.5
9.4
10.6
13.3
10.7
20.1
28.9
21.3
20.6
10.1
21.9
21.6
17.9
8.8
12.5
15.5
10.6
12.3
10
16.3
19.9
19.7
20.5
24.7
12.2
21.9
17.9
20.6
15.2
11.7
21
11.6
12.3
18
13.2
12.8
12.6
35.9
31.5
12.4
14
10.6
12.2
15.2
12.5
12.5
10.2
9.4
11.6
11.3
15
9.5
25.9
21.4
8.8
12.1
15.5
31.8
13.7
22.5
10.3
16.5
16.5
29.9
15
15.3
12.7
8.2
12.1
12.4
13.9
19.2
20.2
15.2
16.6
13.8
11
17
13.7
13
12.3
18.7
13.4
10.6
15.7
15.8
17.4
14.7
9.5
12.6
10.6
9
15
14.5
11.4
11.8
15.9
25.9
9.9
12.4
12.8
13.6
20.9
13
10.8
9.3
9.3
12.8
17
13.7
8.4
10
10.9
12
10.8
14.1
14.5
23.2
17.2
16.4
15.9
9.1
20.7
15.5
25.5
19.4
21
13.3
15.7
12.4
18.2
12.4
23.7
34.3
11.9
22.7
30.6
18.9
9.8
14.8
18.4
17.2
10.8
9.5
13.6
17.5
12.7
14.5
16.5
10.9
13.4
13
17
10.9
18.8
11.7
12.2
12.6
20.5
16.2
10.5
15.1
18.8
17.2
18.9
9
10.6
14.1
13.3
14.1
12.6
15.4
12.3
26
25.7
22.5
11.2
20.3
16.3
16.6
12.1
16.4
8.8
13.5
13.6
13
27.4
17
8.6
10
9.8
8.9
24.2
11.6
20.9
15.5
12
16.2
20.9
8.5
9.6
21
21.7
17.7
13
12.9
8.6
11.9
9.6
12.2
23.5
25.6
10.2
9.8
11.6
9.5
8
9.6
9.8
7.8
7.7
14
11.9
8.1
21.5
9.4
9.5
21.8
14.7
12.3
7
8.3
12.1
21.4
10.4
18.5
11
8.2
12.7
16.1
9.2
16.3
16.5
12.3
20.7
10.8
10.1
11.2
10.6
11.9
15.7
10.8
16.4
14.5
9.8
8.9
9.5
11.4
13.9
9.2
10.7
17.4
14.8
11.4
29
20.2
8.7
8.6
7.2
16.4
12.2
27.9
16.7
10.9
13.6
20.8
15.2
21.2
33.1
13
18.3
9.5
16
13.1
13.9
8.6
9.3
13.2
10.5
12
11.3
7.4
14.6
10.8
11.9
13
10.8
10.9
11.2
17.7
17
12.5
7.5
19.1
20.9
9
12.6
13.9
27.7
22.2
7.8
11.5
10.8
12.4
9
9.1
13.7
9.3
11.9
16.6
10.4
13
8.9
14.9
8.6
11.3
12.1
11.4
11.4
12.3
10.8
7
16.3
14
10.8
9
10.2
7.2
11.8
11.7
8.4
20.1
13.6
14.5
8.2
14.1
8.4
11.4
7.6
14.3
11.7
9.6
8.5
18.5
15.1
10
9.9
15
14.8
8.2
7.5
11.4
23.6
25.3
11.7
11
13.3
25.8
12.2
12.5
13.2
9.2
24.3
20.5
8.4
9.6
16.7
9.8
17
11
16.1
12.4
10.5
8.9
13.5
8.3
7.7
7.8
15.2
8.1
9.9
11.1
9.1
17.9
28.6
10.5
7.4
9.2
18.2
9.1
12.4
9.7
15.4
7
17.8
25.4
12.1
21.3
12.2
15.6
11.7
12.1
10.7
11.5
11.9
17.1
13.6
23.9
14.7
9.3
32.1
9.9
12.8
7.3
11.8
9.8
14.8
13
9.6
9.9
13.2
14.1
13.8
10.4
10.1
11.8
15.7
11.4
17.5
10.4
11.7
18
32.7
13.6
16.1
14.6
11.9
11.3
8.7
23.7
7.2
22.6
7.6
19.1
18.1
30.2
7.8
12.4
8.7
9.3
9.8
20.3
11.8
7.6
21.8
10
8.4
16.6
12.9
15.2
11
10.2
15.7
10.4
13.3
13.1
18
15.9
13.7
8.2
9.2
12.2
10.4
29.5
13.4
11.2
8.1
8.8
13.3
17.6
8.1
10.9
8.1
12.7
17.2
19.2
13.1
11
18
10.3
7.6
10.3
15.1
8.6
9.8
7.1
13.9
13.1
17.7
16.9
9.6
13.3
9.2
7.1
16.4
7.7
9
14.4
8.6
8.2
7.7
7.6
8.6
9.8
13
14.2
8.2
9.5
10.3
20.9
17.1
11.1
7.4
8.7
22.2
7.3
11.6
20.8
8.9
25.3
7.4
16.4
12.9
8.8
14
8.6
9.4
11.4
8.9
17.2
10.4
21.6
13
15.3
15.1
19.5
7.5
18.7
9.4
13
23
29.8
10.3
13.1
11
7.1
7.9
7.6
10
15.8
8.2
13.3
7.3
17.1
10.8
20.9
13.2
21.9
24.4
8.4
12.5
10.4
8.8
13
13.9
8.4
9.5
9.6
8.1
10.2
10.2
21.7
13
12.9
14.8
54.1
22.2
12.7
8.2
9.1
9.7
9.7
12.8
18
9.7
12.3
21.3
7.8
18.8
9.1
9.1
7.9
7.2
14.8
9.7
17
9.9
16.3
15.2
15.9
11.2
17
11.1
8
7.2
15.9
17.9
21.1
12.1
8.9
10.1
12.8
12.3
9.8
10.2
10.3
11.4
18.7
8.8
7.4
15.5
9.5
7.9
22.4
10.1
21.9
16
13.8
11
13.5
8.5
13
12.3
9.4
10.8
10
10.6
16.9
15.2
14.8
12.2
8.3
10.9
13.2
14.7
14.5
26.9
18.5
8
14.3
7.1
14.5
12.9
17
8.6
9.2
14.1
9
7.2
11.6
9.3
13.2
11.4
8.9
10.9
25
14.8
8.1
8.5
13.4
10.1
7.4
9.8
14.9
7.8
9.2
8.5
8.4
15.6
32.4
10
11.9
10.9
24.6
8
16.2
11.6
20.5
22.7
13
9.9
12.9
10.2
9.6
7.2
15.8
14.6
13.3
17.6
12.7
20.8
11.2
11.4
17.2
27.8
9.3
22.8
20.5
11.5
11.8
18.6
7.2
8.5
21.5
8.8
18.3
9.4
17.6
11.2
11.4
24.8
11.2
14.6
8.9
8
9.7
8.4
8.6
12.3
7.7
8.9
10.9
15.6
8.4
10
10.9
11.4
8.9
9
7.5
17.2
9
8.4
8.9
7.5
8.8
9.7
10.6
10
12.7
11.7
16.4
9.6
19.6
9.6
15.4
23.1
9.8
10.6
8.9
8.4
16.9
10.9
10.5
19.7
17.9
10.7
8.3
27.6
12
12.3
17.8
8
9.3
8.6
10.9
16.1
24.5
7.6
9.7
17.2
21.5
16.8
11.9
11.7
19.5
20.1
8
12.8
10.5
12.8
13.5
13.4
11.4
13.5
17.3
8
9.1
11.9
7.4
7.7
12.2
19
8.4
28.7
15.8
18.5
15.4
14.9
25.6
7.4
13.2
7
11
10.3
10.6
17.1
10.3
18.9
16.8
8.1
10.7
7.1
14.1
11.5
10.6
11
16.7
12.5
10.9
8.6
15.3
16.1
10.1
10.2
14.5
13
10.3
8.6
11.5
10.7
13.9
12.1
10.1
8.7
23.3
13.6
9.1
8.9
8.9
9.3
12.1
23.6
9.6
11.4
8.7
12.5
10
11.4
13.8
7.3
10.1
11.9
14.9
7.8
11.6
9.9
11.3
9
12.9
9.2
12.1
10.8
12.7
10.8
7.9
12.7
10.3
7.7
11.3
10.4
18.5
10.5
8
9
10.6
16.2
15.9
15.5
11.7
15.2
7.9
10.4
16.6
8.4
23.9
8.5
13.2
14.9
8.3
19.9
10.2
10.9
18.5
12.4
8
7.5
11.6
14.8
10.6
8.2
19.7
9.8
9.4
11.1
15.5
7.8
7.4
11
7.9
13.7
28.6
7.7
15.8
9.1
19.5
7.7
13.2
14.4
8.3
8.6
7.2
7.2
20.5
18.1
15.8
13.6
8.8
17.5
15.6
9.2
14.3
18.6
12.9
19.5
7.9
16.3
18.7
12.5
7.5
11
13
9.3
21.7
15.7
10.5
7.3
13.6
8.8
8.2
11.3
24.6
7.7
9.7
8.7
9.9
8.1
7.5
13
7.5
9.5
18.2
8.3
28.2
16.3
11.9
22.2
14.2
9.6
11
11.7
24.4
15.1
13.4
10.1
9.2
12.5
8.2
9.2
7.1
13.7
12
10.3
11.4
9
26.9
19.7
7
9.2
13.3
9
16.3
22.1
16.7
10.4
7.6
14.1
19.4
11.7
8.3
21.6
8.7
9.1
8.9
10.3
11.7
7.1
12.9
12.4
12.3
8.8
7.4
20.4
14.7
18.3
14
13.2
17.7
10.2
11.1
19.3
12.6
9
7.9
7.7
9
15
9.8
7.8
8.1
12.8
18.1
15.1
32.6
11.2
17.7
15.4
9.3
10
17.3
7.7
18.3
8.9
21
10.7
11.6
20.3
11.1
12.3
12.6
12.3
7.4
14.5
15.2
8.3
16.5
13.4
18.6
10.8
14.4
12.2
13.9
13.7
13.6
10.9
11
8.1
8.7
11.2
18.1
17.5
8.7
9
10.8
13.4
20.4
22.3
14.4
16.2
14.7
20.6
10.5
19.8
15.3
10.1
9.9
14.6
8.9
17.4
18.1
14.1
8.8
14.1
7.9
24
22.9
16.5
7.3
18.7
11.3
11.1
10.9
14.9
7.3
9.5
16.1
13.1
16.5
8.1
11.5
7.6
17.6
11.4
8.4
10.2
8
10.6
11
8.2
11.6
12.1
12.1
14.1
19.6
11.1
28.3
7.5
11.3
10.2
9.8
9.1
7.2
15.6
11.4
9.3
7.7
9.4
14.6
9.1
10.5
12
15
11.5
12.2
12.7
12.6
7.2
13.7
12.1
14.1
12
11.7
14.4
13.6
14.5
9.4
14.2
8
18.3
8.1
8.1
14.4
22.5
10.5
7.4
8.9
8.2
11.3
7.5
8.8
14
13.1
11.4
9.3
10
16.7
12.3
14.3
8.7
11.6
14.7
7.9
9.2
14.5
9.5
13.5
12.3
16.6
12.4
9.6
16.8
13.4
7.9
10.5
15.7
13.9
8.4
11.8
19.3
21.3
13.6
8.5
15.3
17
7.7
9.6
8.2
16.4
22.3
11.8
18.5
14.4
8.5
14.8
14
12.7
19
8.5
9.5
7.8
10.2
13.9
17
14.6
8
12.7
9.2
18.1
10.4
20.4
7.6
15
15.6
18.3
7.9
9.8
14.4
10.6
7.6
16.3
11.1
13.8
19.5
15.6
7.1
13.5
28.5
9.1
12.4
10.7
7.9
8.9
19.2
7.8
13.8
16.2
11.8
16.5
12.2
19.8
9.9
7.2
14.5
13.8
8.8
14.8
14
19.1
8.4
15.7
15.7
12.3
7.6
22.9
19.3
16.2
12.8
23.4
9.5
7.8
15.5
26.3
18.7
16.9
16.8
12
15
15.3
13.6
14.1
10.8
9
8.4
12.6
18
12
18.4
26.1
9.5
14.5
24.7
10.9
9.9
10.1
19.8
9.3
13.6
12.9
13
12.2
15
18.1
8
15
9.6
17.6
10.3
8.2
8.1
21
10.1
14.3
12.2
17.7
24.2
14.1
8.2
13.5
18.5
9.1
13.3
15.8
9.7
15.5
20.2
7.5
14.3
17
16.1
11.8
8
16.5
18.1
27.3
17.9
8.1
7.3
8.3
29.2
9.3
17.4
9.4
9.4
18.3
8.3
9.7
32.8
15.5
14.1
15.6
14.6
19.1
11.3
17.8
15.5
23
13.3
12.1
10.6
15.1
15.8
12.8
10.8
18.2
12.9
7.8
10.5
9.9
10.5
23.4
10.2
12.5
21
30.1
15.8
12.8
7.7
16.6
13.7
11.2
12.7
16.7
13.5
8.1
9.8
8.1
7.7
9.3
12.3
13.4
12.4
8.5
13.8
9.1
12.9
8.3
10.4
11.3
9.2
11.8
15.4
15.1
8.1
26.5
8.1
15
7.8
16.7
17.5
9.6
8.7
32.9
18.6
9
12.7
19.1
15.9
17.8
8.4
17.1
7
20.7
9.5
13
10.7
22.4
9.2
9.3
13.2
7.2
11.2
18.7
18.6
14.4
9.4
18.1
9.8
10.3
7.5
16.8
13.2
9.8
12.8
16.8
12.7
8.7
14.3
11.6
8.1
15.9
16.5
7.8
14.5
16.5
13.1
9.5
12
15.1
7.7
12.1
29.5
16.5
9.3
22.3
15.7
13.6
14.1
13.5
9.3
7.3
19.6
20.2
7.6
9.2
24.9
16
9
8.3
7.8
11.1
11.1
9
14.2
14.1
9.4
10.6
10.1
17.9
14.3
18.6
15.1
10.8
8.3
16.1
7.8
10.4
14.4
10.4
7.4
7.9
11.2
11.6
13.1
9.6
14.9
9.6
9.4
19
11.7
16
17.2
10.9
9.5
9.5
19.5
10.1
11.2
7.7
7.5
19.6
17.4
8.6
9.7
8.5
8.7
8.7
11.2
13.4
16.7
16.2
11.7
15.7
9.9
11.5
14.3
7.3
8.5
8.5
9
19.3
12.4
7.5
19.1
11.2
7.8
9.4
12.4
7.2
7.7
10.1
11.3
13.9
8.3
10.5
17.7
14.5
9.8
8.9
16.5
14.7
7.5
7.7
11.2
18.3
8.5
9.8
12.5
7.3
8.5
8.5
18.5
7.1
8.5
16.6
10.3
11.1
17.8
11.2
10.4
9.9
10.6
14.2
14.2
10.3
18.5
14.8
20.9
17.1
8.4
24.5
13.7
17.5
8.2
8
9.1
8.4
12.7
9.9
7.5
11.4
10.8
13.9
17
8.5
11.4
10.9
11
15.9
10.5
9.1
24.2
15.7
10
13.1
14.9
9.9
14.3
7.4
9
11.7
15.2
8.2
7.5
11.2
21.2
17.1
10.5
22.3
19.8
10.6
9.8
12
7.5
16.5
8.9
11
8.1
9.9
8.6
24.9
17.9
16.5
12.3
8.7
7.6
17.3
16.1
23.8
19.4
12.9
11.5
12.8
13.4
13
10.9
8.2
7.6
10.2
8.4
8.5
9.4
12.1
18
13
10.9
18.1
11.5
18.6
9.1
17.1
17.6
9.6
10.4
18.2
12.4
7.6
12
13.5
21.1
9.7
9.9
9.6
16.1
7
8.1
12.2
7.8
24.4
7.3
12.2
13.6
8.4
9
8.2
10.2
10.1
12.3
8.7
7.6
9.7
10.3
9.7
15.5
9.7
7.9
18.3
11.1
7.6
24.5
16.5
9.5
16.9
11.6
16.5
13.8
9.6
11.9
10
10.2
18.7
7.9
16.1
11.7
11.7
11.9
20.7
8.9
15.2
14
7.2
15.6
10.2
10.4
13.3
11
13.4
8.4
9.9
28.2
14.9
14.1
17.1
15.5
8
7.9
10.8
8
8.7
8.7
10.6
29.6
7.7
20.1
7.8
10.7
9.7
11.6
14.3
19.3
12.3
12.6
12.6
11.5
11.2
15
18.1
9.9
16.2
16.8
10.1
15.6
16.1
12.4
13.4
12.1
18.5
7.7
12.9
14.9
15.4
8.5
10.9
23.8
18.3
14.9
10.9
27.4
20.8
9.7
13.7
8
9.8
10.5
21.9
11.3
10.9
9
7.1
8.6
9.9
8.7
20
15.8
10.8
16.6
11
12.9
17.1
8.3
11.1
21
10.7
7.7
10.6
22
7.9
9.9
17.6
9.4
12.7
18.1
15.7
10.1
9.1
10
10
22.8
12.2
7.5
18.8
7.9
9.4
14.3
10.6
12.8
10.4
10.4
8
12.6
13
11
10.1
14.2
15.2
9.3
10.8
7.7
7.7
13.4
9.1
20.5
12
8
7.2
7.7
16.3
11.3
14.3
7.7
9.1
21.2
8
8.3
13.5
7.7
9.8
15.5
7.6
20.9
9.4
13.1
22.1
9.9
11.6
10.1
29.7
15
8.5
10.4
7.2
17.8
14
7.9
11.9
25.9
9.9
26.4
9.8
11.2
11.3
11.1
7
14.3
17.5
19.6
19
17.1
10.6
10
9.2
17.3
31.3
7.2
9.8
7.2
11.3
21.8
19.1
19.6
23.2
11.3
8.6
11.1
17.8
10
18.7
13.9
19
14.7
8
12.7
11.3
12.6
12.2
16.6
10.8
14.1
14.3
9.3
8.3
15.2
18.4
11.6
14.5
13.5
11.3
10.3
13.1
14.1
10.6
13.4
13.9
13.6
9.2
9.1
20
21.5
11.1
13.2
10.5
12.1
12.1
8
14.5
10.5
15.4
10.2
8.5
10.1
10.8
11.2
11.3
14.6
16.9
8.6
9.1
12
11.2
13.3
8.1
15.8
9.8
13.3
14
14.5
9.7
8
11.1
8.7
18
10.8
10
14.2
7.6
7.6
11
14.9
7.9
15
18.9
16.2
12.7
23.9
13.1
18.2
9.1
11.7
17.8
13
12.3
11.9
16.7
9.2
11
9.6
13.4
10.5
10.9
9.5
14.2
14.5
7
7.6
13.6
12.4
8.4
16
10.8
11.5
7.7
10.5
8.6
9.9
20.8
9
8.5
10.7
13.8
12
16.5
16.5
11.2
12.7
9.5
10.8
8.5
9
14.3
14.1
8.8
18.3
10.7
13.9
8.8
22.7
13.2
16.4
11.5
18.6
20.4
13.9
9.8
14.3
10.6
11
20.6
11.2
10.6
8.9
8.6
15.2
8.4
12.1
27.6
18.7
20.3
10.9
12.9
16.4
8.2
11.2
9.4
28.6
13.5
13.7
10.3
16
9.7
11.5
19.2
9.2
20.2
7.5
14.6
8.9
18.2
13.6
12.3
13.3
11.8
10
18
16.4
23.1
9.4
19.6
13.3
8.5
9.6
19.7
20.7
11
7.1
18.4
7.8
12.6
13.2
8.5
8.4
9.1
13.2
17.3
19.9
8.5
15.1
7.4
14.1
11.1
11
25.7
16.5
15.6
8.5
10.2
7.6
18
9.2
7.4
16.8
8.5
9.4
17.4
13.1
8.3
9
7
14.5
9.5
9.2
29.9
17.2
14.2
11
17.2
12.7
7.8
12
8.3
9.6
21.8
12.5
12.5
8
10.6
7.1
15.4
16.2
10.3
17.6
7.7
9.1
8.5
13.7
8.2
32.4
11
8.8
13.3
13.6
10.6
15.4
8.4
17.4
20.3
15.3
16.8
11
7.3
9.1
11.6
8.1
9.3
9.2
9.7
11.8
10.7
9.9
9.3
14
23.4
18.9
15.5
11.6
10.6
9.2
7.8
10.4
7.6
11.6
18.3
15.1
17
8.3
14.8
18.2
7.6
9.3
9.7
9.8
8.2
16.9
18.6
8
25
22.2
7.4
11.8
12.4
8.7
15.2
7.1
10.3
13.2
11.4
10.1
11.4
12.5
13.1
15.1
17.1
9.4
15.5
8.9
16
7.8
10.4
14.4
9.6
8.9
17.8
21.8
15.2
14.3
15.5
11.5
15.4
14.9
12.8
13.5
12.8
9.9
14
11.1
18.7
11.6
18.7
12.2
11.7
11.9
9.1
10.6
11.4
7.8
15.5
15.2
8.2
7.9
9.1
9.8
10.7
14.6
9
12.4
22.6
12.1
16
13.2
9.6
13.8
21
7.8
9.9
12.1
7.5
8.7
19.5
9.8
14.3
7.5
14.6
8.2
11.5
10.3
7.6
19.6
9.6
21
12.9
23.6
15.3
16.8
8.3
12.6
7.2
13.1
15.9
15.8
9.5
12.6
19.2
11.2
8
8.8
7.1
13
10.8
11.2
7.9
12
10.2
15.9
12.4
10.2
7.1
11.9
11.6
13.8
9
15.8
13.4
15.2
15.3
13.7
9
14.7
18.1
20.1
9.7
17.9
15.4
15.3
13.6
11.4
12.7
14.6
11.4
13
10.7
19.4
17.8
18
9.8
18.1
12.5
8.6
13.9
14.5
14.6
9.6
17.1
13.7
8.4
12.1
12.5
15.7
26.6
10.4
13.9
20.2
9
10.1
9.1
11.4
12.9
10.1
13
7.2
7.1
8
13.4
9
8
12.2
9.7
11
16.2
24.5
14.5
10.2
14.7
8.5
13.9
16.5
11
13.8
15.2
11.1
12.8
18.5
11.2
18.4
9
12.6
8.2
14.1
9.6
17.3
7
9
7.2
9.2
11.7
8
8.7
12.3
8.5
13
12
11.4
12.5
21.6
17
29.6
13.1
16.3
30.6
9.7
10.2
11.2
8.2
15.9
9
12.8
19.2
19.2
9.1
17
11.8
16.4
12.7
9.3
14
14.2
11.6
15.9
13
18.7
11.7
11.3
10.6
14.6
8.2
12.1
10.6
10.1
13.4
8.2
20.6
11
16.1
14.3
9.1
8.8
24.3
13.2
13
14.3
22.4
21.3
17.1
7.5
10.8
15
12.8
18.7
18.9
20.7
11.8
19.5
9.1
10.7
13.7
9.1
8.3
10.9
8.2
15.5
9.5
11
14.4
14.8
8.3
10.6
7.6
20.2
12.5
10.5
8.9
7.9
7.5
22.3
13.3
22.3
16.9
7.7
7.9
10.9
12.3
19.2
12.8
9
12.2
10.7
9.1
8.6
9.7
7.6
8
16.1
7.9
7.6
13.1
18.8
18.3
11
12.5
8.6
9.1
10.2
14.7
13.1
18.1
11.2
9.9
9
7.3
10.6
12.6
20.6
15.1
8
11.3
17.3
15.9
10.5
9.3
16.2
12.7
18.1
14.6
7
13.5
8.2
7.5
19.4
11.5
10.8
8.2
10.9
10.6
7.9
17.1
8.3
11
10
10.2
33.3
21
11.5
10.1
11.6
9.6
14.5
13.5
13.1
14.8
7.3
11.6
9.1
11.7
7.6
6.3
7.2
8.5
6.6
8
13.3
6.7
8
7.5
8.5
7.9
7
11.1
14.6
7
10.2
6.8
6.3
7.5
6.2
9.7
10.7
9.5
14.6
6.7
6.6
7.4
8.7
10.9
6.1
9.4
13.1
6.6
12.3
7.3
9.6
6
6.7
8.4
7.3
6.2
10.6
12.5
11
8.5
6.1
6
16.3
6.5
10.2
6.3
12.8
6.1
6.5
6.4
18.9
8.8
7.6
12.1
10.1
11.6
43.1
9.6
13.3
7
12.1
6.2
9.8
15.9
7.4
6.9
6
7.4
6
7.2
6
6.2
10.6
7.3
6
6.1
9
6.8
17.8
18.5
9.5
17.8
14.5
15.2
13.2
6.1
9.9
17.5
8.7
18.2
6.4
7.3
8.7
10.6
11
6.5
9.5
13.6
6.2
8.4
9.2
8.1
7.3
7
6
7.5
6.6
7.5
8.4
8.1
6.7
6.2
7.6
12.9
14.4
6.8
8.6
10.1
10.6
5.9
10.5
6.5
15.5
6.8
5.8
7.8
11.6
5.2
5.1
5
8
10.9
5
8.6
6
6
5.7
5
14.2
7.2
5.3
7
7.3
16.8
5.9
19.6
6.2
5.8
5.9
5.4
5
6
7.7
12.1
5
6.2
7.7
5.3
9
5.3
11
22.2
10.4
5.1
8.2
9.2
5.6
5
5.1
5
15.6
14.3
5.2
5
7
5.4
5.2
5.4
7.9
10.1
6.8
7
5.2
5
7.4
7.8
8.7
17.9
7
10.3
12
5.2
5.3
5
6.8
8.1
5
7.4
5.4
5
17.7
5.4
5
5
6.9
5.4
6.9
5.9
11
5.1
5.7
16.4
13.8
8.7
10.3
5.3
6.4
5
5.1
8.2
12.6
5.4
5.2
9.3
5.4
7.5
14
5.2
5
5
5.3
21.3
12.7
5.1
8.2
5.7
5
16.2
5.6
8.6
6.4
5.7
5.1
14.6
6.8
7.6
16.3
5.5
10
5.5
5.2
16.2
5.5
5
7.8
5.2
5.5
10.4
5.4
6.3
6
6.1
6.2
5.9
5.4
11.5
8.8
7.3
5
11.1
9.5
11.1
5.7
5.4
5.3
6
5.7
7
7.3
5
5.6
6.3
16.8
5.1
6.2
5.2
7.9
10.7
5
5
5.2
7
8.5
9.5
5.3
9.9
5.3
5.2
5.2
5.7
5.6
5.1
5.4
5.5
8.1
7.9
9.1
5
6.8
5
5.8
19.8
15.2
9
5
10.7
6.6
7.3
11.7
5.2
5.1
5.1
8
5.2
5.1
10.7
24
5
5.4
5.1
6.1
5
5.7
10.5
5
6.4
9.7
5
5
5.6
5
8.8
6.7
5.1
5.1
5
5.2
5.4
5.5
5.1
7.1
5.1
5.1
5
5.3
8.3
5
5.4
5.7
8.5
5
11.3
5.4
5.7
5.2
5
5.2
5.8
5.9
8.7
5
5
5.3
5
5.1
5.2
5
5
5
5.5
6.3
5.2
5
5
10.6
6.1
5.2
5.6
8.5
13.6
5
5.3
5.1
7.2
5.1
18.5
11.1
5.2
6.8
5.8
5.4
5.9
5.5
8.6
9.9
6.4
5
8.1
9
5
6
6
8
6.3
10
10.3
14.3
12.4
10.9
5.9
5.6
5.2
8.2
5
5.1
5.1
5
5
5.3
8.3
10.5
5.5
6
12.1
13.5
5.4
5.9
11.2
5.6
5
6.2
10.7
5.7
5
7.9
16.1
5.4
12.3
13
5.1
7.2
12.9
5
14.6
11.3
11.4
9.3
7.5
5
5.7
13.2
5
5
5.6
5.4
5
5.4
7.4
5.1
5.1
5.4
14.8
6.9
5.5
11.7
8.8
5.8
6.3
5.5
5
5.2
5
6.9
6.9
6.9
8.9
13.7
11.9
5.2
5.6
6
11
6
6.8
5.6
9
5.2
7
8.5
8.5
13.4
6.5
7.5
5
7.8
9.2
5.8
5.5
5.2
10.9
8.5
5
6.1
15.7
6.4
6
5.3
13.5
11.9
5.1
6.8
5.8
5.3
5.2
7.5
14.3
14.3
5
5.6
5.7
5.3
8.1
7.5
11.2
8.6
5
5
10.3
5.2
5.2
5.5
7.1
5.6
11.9
8.3
6.2
7.1
8.7
5.4
6.7
11.1
5.4
6.8
14.7
7.9
5.2
5.1
5
5.1
7
5.1
6.1
21.4
6.2
5.1
7.6
8.5
5
6.4
6.5
5.1
9.8
5.8
5
5.1
5.8
5.3
8.5
6
5
16.1
16.4
6.5
5.6
5.8
5.2
5.5
6.7
6.5
22.4
5
5.8
12.5
5.2
20.4
12.5
10.4
5.1
8.2
5.2
6
5.1
8.7
5.2
5.4
7.6
5
5.5
16
5.4
5.8
14.1
8.5
7.4
5
5.5
5.4
5.5
5.2
9.8
5.6
7.9
8.3
8.1
5
5
9
5
5.7
12.4
6.5
6.3
5
13.3
8.6
8.2
7.9
7.6
5.1
15.1
5.1
8.8
5.1
7.2
5.2
5
5.1
5.6
6
5.9
5.1
5
13.5
9
5.1
5
5.4
5.3
5
5.1
10.1
6.6
5.9
5.5
5.4
8.8
7.6
7.6
13.9
5.1
5.6
10.1
5.2
10.1
5.6
7.6
6.9
28.6
5.1
12.4
5
6
6
5.9
5.2
13.5
6.2
5
5.2
15.6
5
5.2
5.2
5.7
11.6
5.1
5.2
5.2
5.5
5.9
17.1
5
5.1
5
5.4
5.1
5
7
5.1
8.2
5
5.7
5
8.6
5.6
13.8
17.1
6.1
5.3
8.6
5.1
7.8
5.1
5.1
5.1
7.6
5
5.1
10.1
6.8
5
5
7.1
11.3
5.8
9.3
5.1
5.2
5.6
5.3
5
7.4
6.8
6.2
5.4
5.8
5.4
11.3
5
7.9
13.6
5
9.2
5
6.1
6.6
8.7
6
5.3
6
6.6
6.5
20.2
5.4
9.1
5.2
8.6
6
5.1
5.2
5.1
5
6.7
18.7
6
5.1
6.1
6.3
9
10
5.4
5.9
17.6
5.3
5.6
5
5
6.2
5.1
9.3
5
10.9
10.4
10.3
5.1
5.1
7.9
6.2
7.6
5.3
5.7
20.5
5.3
6.2
5.1
12.1
16.2
5.9
5
15.2
12.9
6
5.3
5
5.1
12
5.7
8.7
6.4
5
6.7
5
10.3
5.4
5
9.4
5
6.3
11
5.9
10.9
5
5
5.3
6
8.5
5.7
8.6
12
8.3
15.9
7.1
5.2
5.7
5.2
5.9
8.9
6.6
5.2
6.4
5
8.1
15.6
6.7
7.7
6.6
5.4
5.4
7.2
5.7
17.4
8
6.3
6.3
15.8
9.4
9.5
5.4
6.7
5.4
6.2
5.5
5.1
8.6
5.9
11.8
5
5
8.5
6.1
9.4
10.9
5
5
7.9
5.6
10.1
6.1
5
6.2
5.2
5
5.5
6.1
5.1
9.4
5.3
9.7
5.8
8.9
5
6.8
5.3
8
5.3
5.6
8.1
5
7.3
6.1
5.1
5
8.7
8.5
5.5
5
7.7
11.3
5.2
5
6.2
14.5
5.1
7.8
5.4
5
9
5
9.2
5.3
6.1
5.3
5
10.5
8.5
5
8
5
5.4
5
5
5
13.1
5.2
5
5.5
5
7.7
5.1
5
5.2
10.8
5
6.1
15.5
5.4
5
5.2
5.1
5
11.4
9.8
5
6.3
5.1
12.3
5.5
20.3
5.7
5.4
12.2
5.4
5.7
5.7
5.4
5.2
5
5.7
5
9.4
6.4
9.6
8.4
9.9
5.1
5
5.1
5
5.6
8.2
6.8
5.1
7.7
5.8
8.9
7.4
5.6
6.1
9.6
5
5
5.3
5.1
5
5.7
8.4
10.5
5
5.9
5
6.3
5.2
7.2
20.4
17.8
9.7
5
5.2
7.7
5
15.1
5
5
5.2
6.5
8.2
5.4
5.6
5.5
6.2
6.1
8.5
5.3
5
8.1
8.5
7.4
6.7
11.6
12.5
5.1
5.2
7.2
5
14
5.4
9.9
5.1
6.7
15.9
5.1
5.6
6
5.3
5.2
5.4
6.3
17.4
7.4
5.2
7.6
5.1
5
5.4
5.5
20.1
5.3
22.6
5.3
11.7
5.9
8.8
5
5.2
9
5.5
22.2
5.4
5.5
5.3
5.5
13.3
5
5.2
13.7
7.2
5.1
10.5
6.5
5.4
5.4
5.2
7.8
12.2
10.5
5
5.3
5.2
5.1
11
6
10.2
5.1
6.2
16.1
5.3
5
5.6
5.9
8.2
8.1
11.3
5.2
6.3
6.1
7.2
6.9
5.8
5.1
5.4
5.5
5.4
7.3
5
11.8
5
9.1
7.6
7
8.5
5.4
5.3
6.5
5.2
6.8
8.5
9.2
12
5.1
5.4
10.6
5.2
14.2
6.8
8.2
6.3
5
5.7
7.5
5.1
5
20.1
18.4
13
5
7.1
8.2
6.3
5.1
6.2
5
5.1
5.9
5
12.2
5
8.1
5.7
5.6
11.4
6
6
10.2
10.9
8.4
6
5.1
6.2
5.1
5.2
5.2
5.9
8.5
8.5
5.1
5.5
5.2
5
7.5
5
9.6
6.7
7.1
9
6.1
12.8
5.7
5.1
5.4
5
8.2
5
6.3
5.5
6.6
5
5.2
5
5
5.2
6.4
7.9
12.8
7.1
7.2
5.7
5
9.2
5.9
5.3
5.4
5.3
5.1
5
5.7
5.8
5.3
9.6
28.5
5.1
21.9
5
7.2
14.3
5.6
5
5
6.4
6.1
5
5
5.1
5
5
6
5.4
5.6
5.7
6.1
13.1
8.8
6.3
5
6.4
6.5
17.5
8.5
5.3
6.8
5
6.4
8.4
5.1
6.8
5.1
8.8
8.5
18.7
5.1
11.7
5.1
5.1
8.1
5.7
8.9
5.2
16.5
6.1
6.1
28.8
9
5.2
10.3
5.1
6.1
5.4
7.5
8.6
5.1
15.8
6.4
14.8
11.3
11.6
5.5
9.5
7.2
5
5
5.2
6.9
5.7
10.4
17.2
16.2
7.9
5.7
19.5
13.6
5.2
5.5
13.6
5.5
6
5.2
5.2
9.5
7
5.3
7
14
5
9.3
7.8
5.2
5
9.5
5
5.2
8
13.2
5.8
7.8
8.4
10.6
5
6.2
5.2
5
11.9
5
17.6
5.9
5
13.2
5.3
7.3
6
7.8
12.7
15
12.8
7.3
11
5.3
5
5
9.5
5
5.2
6.6
9.9
10.9
8.5
5.9
5.6
5.7
5.1
6
5.3
5.3
11.6
5
6.1
5.7
5.5
10.1
5.5
5.8
15.1
6.1
5.4
5.4
5.6
5.3
23.6
5.1
5
5.2
5.7
11.4
5
5.1
6.5
6.1
5
6
5.8
5.7
16.4
9.1
10.3
5
5.6
11.5
8.1
5.8
8.6
5.7
5.4
10.9
8
8.4
5.9
6.6
8.5
9.7
5.2
11.9
15.4
5.5
13.3
5.3
10.6
16.2
6
10.9
5.7
19.2
6.2
6.1
5.1
9
5
5.2
6
5.3
5.3
8.9
5.3
8.4
9.9
15.3
8.7
11.9
5.7
8.1
5.1
5.1
5.1
7.6
9.7
9.3
8.5
12.9
5.5
5.3
7.9
8.6
8.7
5.4
7.7
5.5
5
5.1
5
5.8
5
7.6
5.5
7.8
5.1
5
5.1
5.2
5
5.5
5.5
5.1
5
5.1
6
10
5.1
5.1
5.3
10.9
5.2
5.2
5
12.5
9.6
5
5.2
9.5
5.8
9.9
5.1
5.4
7.1
6.2
5.3
5.5
6.3
13.9
17.5
11.4
5.5
7.6
5.1
11.3
5.2
9
11
14.1
7.5
8.1
5
5.6
8.6
8.1
15.2
5.4
7.3
7
5.8
5.1
5.1
7.4
5.9
8.6
6.9
6.2
5.7
5.2
6.2
5.1
8.2
5.2
6.3
5
8.2
6.6
5
5
6.8
5.7
5
27.3
13.4
5
6.1
5
5.4
11.5
10.3
9
9.9
5.5
5.2
6.9
5
5.4
8.9
5.1
17.2
8.9
5
5.5
5
8.6
10.1
5
6.6
6.4
6.7
5.5
7.2
5.5
5.2
5
5.2
5.1
5
5.3
5.4
5.1
5
5.1
5.1
8.6
5.2
8
5.6
6.1
5.6
5
5
5
13.7
5.6
5.2
5.9
6.4
14.5
5
17.4
10.7
5
7.8
5.2
7.6
6.7
5
6.4
15.1
6.5
5
6.5
6.2
5.2
6.9
5
8.6
10.5
13.4
5
5.1
5
9.5
12.2
17.1
5.2
10.7
22
5.3
5
5.3
12.4
5.5
8.7
6.4
6.3
5.5
6.1
11.6
5.2
5.6
7.1
7
9.8
9.1
5.1
5
5.7
11.2
5
5.3
13.8
6.1
5
7.1
12.2
10.3
5.2
5
8
5
5
15.6
5.2
5.3
10.7
5.2
10.3
15.8
7.6
5
5.6
5.9
5.1
6.3
11.2
5
5
5.9
7.3
5
7.8
6.1
9.2
5.8
5.4
5
5.8
5
5.9
18.6
8.1
5.4
5.5
8.3
8.8
7.3
8.9
5
6
10.9
15.7
5.1
6.8
10.3
6.3
6
6.2
21.4
5
8
5.2
10.4
5.5
16.1
7.3
5.5
10
5
16.6
8.2
11.8
6.1
5.5
5
5
6.2
6.1
5.2
8.4
7.5
12.9
11.1
5.3
5
5.7
12.1
9.3
5.2
5.2
5.2
5
10.7
5
5.1
5
5.8
7.7
6.8
8.8
5
13.8
10.5
10.6
5.8
10.8
10.7
7.1
17.3
5
5.7
10.3
9.1
5
10.2
5.1
5
5.7
5
8
11.2
17
5
13.3
8.6
5.7
7.2
12.1
13.4
5.1
6.9
5.9
6.1
10.2
9.5
6.4
5
5
10.3
8.6
5.3
9.3
5
9.8
5.9
16.2
5.2
5
5.2
8.8
7.8
5.5
5
5.4
5.1
8.8
5
5.5
6.1
9.6
11.3
9
5.1
5.4
7.3
6.2
13.2
5
7.3
9.7
10.6
6.5
5.1
8.8
5.5
5
13.4
6.1
6
9.4
5.2
5.4
5.1
5
6.4
8.2
6
5.2
6.4
6.9
6.7
9.5
12
11.6
5.4
5.1
5.6
13.9
16.7
9.6
6.8
5
7.9
5.2
9.4
7.7
10.5
5.1
9.1
5.6
5
5.2
7.2
6.3
5.8
6.3
5.8
5
10.1
7.4
5.1
7.9
15
14.1
9.2
5.1
5
5.4
6.4
5.3
11.4
6.4
5
16.2
5
5
17.2
6.7
6.6
5
11.6
8.9
9.1
13
5.3
6.3
5.2
5
7.1
6.7
5.4
6.4
5.5
5.8
6.3
7.6
9.4
5.8
5.1
6.6
6.5
5.1
5.3
7.2
15.3
5.7
5
6.1
6.4
5.2
5.4
9.7
5.8
5.5
7.9
5.4
5.2
5
16.9
5.1
5
5.4
16.2
22.3
5.1
5.1
10.6
28.7
8.2
5.4
7.1
8
5.2
5
5
12.9
12.9
6.4
12.2
5.4
5
6.8
11.4
14.3
8.7
5
6
8.8
5.1
12.7
10.5
6.3
9.9
6
5
5.1
5.2
5
5.4
5.6
9.1
5.7
5.5
5
5
5.1
8.5
5.1
5.2
14.4
16.1
5.2
10.6
5.1
11.5
5.5
11.3
12.1
6.2
8.4
5
17.7
5
6
10.3
7.2
6.4
7.3
5.4
9.7
8.8
5.1
7.6
5.1
6
13.7
5.6
9.4
16.4
5
5
9.3
5
7.8
12.7
5.3
5
8.9
14.2
9.6
6.2
15.2
13.5
10.2
8.1
5.6
8.3
5.2
7.3
10.5
5.1
18.9
9.9
6.8
6.1
8.7
5
5.2
5.4
8.9
5.2
13.9
5
8.8
6.4
11.3
5.3
14.7
5.1
8.5
5
5
6.5
5
13.2
5.9
10.9
8.3
5
8.4
5.6
6
5.2
6.1
5.6
7.1
11
15.9
5.4
5.5
5.4
5.3
5.3
6.3
8.6
5.9
8.2
5.2
5.9
13.5
9.8
5.7
5.1
12.7
5
5
14.9
6.3
6.1
5.4
5.4
5
5.3
9.2
5.4
8.2
10.3
5.5
5.5
5
15.5
8.2
14
11.5
7.3
5.1
11.2
5.6
8.8
18
17.2
5
9
5.9
7.8
5
7.6
5.7
6.7
6.5
5.1
6.8
6.3
9.3
5.6
5
6.4
8
5.1
5.1
5.9
5.1
6.3
5.3
5
5.6
5
5.9
5.9
5
5.1
