10876 34740
11.3429
8.72381
4.2
7.08571
5.22857
6.17143
8.62857
4.8381
8.75238
9.17143
9.99048
5.02857
8.24762
5.87619
9.77143
6.80952
4.51429
7.90476
5.08571
11.5714
10.3143
6.86667
4.55238
7.91429
4.17143
9.64762
9.28571
4.01905
4.54286
4.35238
4.57143
5.71429
6.15238
6.50476
5.30476
5.15238
7.52381
8.02857
8.58095
7.12381
4.18095
9.79048
12.7524
9.86667
5.51429
6.22857
8.85714
8.08571
4.35238
8.28571
5.51429
7.02857
9.26667
5.52381
6.8381
10.8762
4.21905
7.35238
6.71429
6.6
10.0286
9.53333
10.6571
7.8
5.1619
8.84762
5.86667
4.41905
10.7619
4.1619
11.0476
6.42857
7.19048
6.75238
7.48571
7.44762
6.26667
5.64762
5.79048
6.95238
7.52381
5.01905
5.19048
8.75238
6.04762
7.00952
9.6381
8.82857
6.22857
6.32381
5.71429
6.69524
4.1619
7.73333
5.49524
5.49524
7.91429
10.9048
5.47619
8.3619
10.4571
8.80952
6.59048
4.19048
6.4
10.3619
8.29524
4.48571
4.39048
10.3619
7.69524
6.69524
8.31429
5.90476
6.19048
7.90476
5.22857
7.88571
9.73333
7.2381
12.1238
6.49524
4.99048
6.04762
4.2381
11.7143
8.40952
9.99048
9.98095
10.6857
6.39048
6.97143
6.66667
5.08571
9.7619
8.78095
8.97143
8.3619
7.8
5.3619
9.65714
11.1238
7.90476
8.58095
4.88571
10.7143
8.14286
8.40952
7.97143
8.7619
5.6381
10.819
10.2095
8.0381
6.84762
8.9619
8.32381
6.2
5.24762
6.07619
6.42857
10.4
6.00952
6.60952
10.5143
7.37143
6.85714
6.08571
8.2
6.28571
6.32381
6.9619
6.4381
6.52381
4.04762
4.18095
7.74286
8.01905
9.35238
10.0857
9.28571
9.05714
5.72381
11.181
8.60952
7.34286
6.79048
5.48571
7.6
12.4
9.45714
9.52381
8.47619
7.14286
9.70476
7.06667
4.92381
6.30476
5.65714
10.0095
7.46667
6.4
7.53333
8.55238
4.24762
4.18095
7.73333
5.6381
7.73333
9.4381
6.51429
7.97143
4.40952
9.53333
9.0381
6.53333
6.4
4.29524
7.74286
4.30476
6.65714
5.4381
6.75238
12.2571
7.5619
5.45714
7.28571
4.30476
5.69524
5.82857
8.22857
6.10476
6.45714
6.69524
5.75238
5.60952
8.88571
5.62857
4.69524
6.68571
4.58095
5.08571
4.05714
6.6
9.92381
10.8667
8.95238
9.38095
8.19048
6.91429
6.9619
6.4
6.85714
4.31429
6.67619
6.79048
8.19048
6.85714
6.88571
6.71429
7.87619
8.11429
9.38095
4.39048
6.42857
4.48571
9.65714
10.6667
9.30476
8.02857
9.84762
11.4286
12.1048
7.75238
4.84762
7.78095
8.88571
4.60952
8.98095
9.26667
10.2952
7.35238
4.30476
6.30476
10.8476
9.10476
5.60952
8.57143
8.72381
10.8286
8.90476
8.41905
9.46667
7.86667
7.97143
9.80952
6.21905
9.93333
8.70476
5.50476
4.67619
8.54286
7.75238
9.57143
7.42857
7.22857
7.98095
6.45714
4.25714
8.9619
10.3619
10.6952
7.53333
10.0762
8.45714
5.85714
4.24762
8.27619
12.6381
7.8381
4.8
4.74286
7.8381
7
7.70476
6.66667
6.87619
7.60952
9.05714
8.1619
4.40952
14.4952
4.32381
4.61905
5.68571
6.02857
4.47619
4.28571
8.13333
8.6
8.48571
4.7619
4.80952
6.5619
4.41905
7.84762
12.1905
4.54286
6.60952
6.01905
8.61905
9
7.92381
4.06667
6.90476
7.4381
7.09524
5.74286
6.30476
4.37143
4.29524
9.27619
4.14286
7.67619
7.01905
7.99048
7.92381
8.26667
5.72381
7.1619
7.7619
6.15238
5.38095
6.29524
4.42857
4.13333
5.17143
5.78095
7.88571
9.45714
5.9619
5.26667
10.2286
9.95238
5.65714
11.3524
10.5619
10.9333
8.68571
8.09524
6.94286
9.14286
10.0571
9.2381
9.6381
9.18095
11.4667
8.10476
6.80952
7.77143
4.07619
8.29524
6.3619
10.3714
4.53333
5.42857
9.9619
10.7333
8.92381
8.22857
4.34286
5.69524
8.04762
7.32381
7.2
7.41905
5.00952
6.84762
8.02857
5.38095
11.5143
6.22857
6.2
4.04762
7.61905
6.79048
6.68571
4.28571
4.30476
5.57143
6.44762
6.53333
7.34286
4.11429
8.47619
7.61905
9.05714
6.00952
7.21905
6.6381
8.22857
6.64762
7.17143
6.5619
7.98095
9.01905
8.53333
6.54286
5.84762
7.02857
9
7.49524
10.1048
5.2
7.79048
7.21905
9.62857
7.71429
11.0762
6.24762
8.01905
6.46667
10.0762
8.27619
6.46667
5.42857
6.15238
4.17143
4.11429
6.89524
8.9619
5.42857
4.19048
6.80952
6.41905
7.58095
9.12381
8.5619
7.73333
8.75238
6.27619
7.3619
7.59048
4.26667
8.98095
5.87619
10.8857
6.45714
8.10476
9.35238
13.7524
6.33333
8.13333
9.57143
7.68571
7.98095
5.95238
8.42857
7.2
5.15238
7.94286
9.85714
8.8381
4.21905
8.44762
7.06667
10.1143
8.09524
11.7905
11.5905
7.78095
4.34286
5.6381
5.97143
8.55238
5.30476
10.2571
6.6
4.18095
7.74286
4.12381
8.82857
8.29524
6.04762
5.53333
8.80952
7.82857
6.37143
10.0571
7.42857
8.65714
4.31429
4.27619
4.08571
7.52381
4.40952
6.80952
10.1048
9.26667
4.0381
6.59048
6.6
9.33333
9.52381
7.92381
7.8
8.09524
7.37143
5.62857
6.37143
7.95238
8.32381
5.77143
4.98095
7.14286
4.8381
9.72381
5.60952
4.25714
6.31429
6.51429
8.92381
7.87619
4.44762
4.98095
10.9429
9.19048
8.91429
8.73333
8.13333
16.181
9.08571
8.04762
8.2
7.87619
7.72381
6.24762
10.5238
4.1619
11.0381
7.55238
5.92381
6.85714
7.2381
4.59048
4.64762
5.98095
12.0476
7.06667
7.10476
9.55238
4.48571
11.619
6.91429
5.67619
10.4571
5.40952
7.24762
6.07619
8.73333
8.40952
5.6381
8.79048
7.87619
6.62857
5.05714
6.91429
10.3714
7.07619
6.6381
11.3238
11.7619
4.41905
4.64762
6.18095
4.07619
7.81905
4.55238
10.0476
7.77143
5.4381
4.30476
7.00952
6.79048
8.75238
12.9143
5.44762
7.41905
7.73333
6.71429
5.79048
6.54286
5.35238
4.6
4.55238
7.09524
6.78095
9.01905
7.93333
12.5143
6.06667
5.67619
12.3619
6.32381
4.25714
5.17143
4.75238
4.06667
7.31429
6.64762
5.74286
7.4381
8.2381
5.05714
11.7238
6.01905
7.2381
8.93333
8.53333
7.22857
5.75238
6.0381
6.67619
8.5619
8.66667
6
6.0381
11.1905
8.55238
9.12381
6.72381
8.45714
4.57143
4.22857
7.25714
7.32381
8.0381
6.87619
7.72381
8.2
7.32381
9.10476
8.33333
7.65714
9.66667
6.14286
8.21905
9.2
9
5.64762
6.72381
5.99048
9.04762
7.13333
7.11429
7.13333
9.90476
5.02857
8
6.02857
5.2
8.97143
10.9905
6.13333
6.10476
6.75238
10.0381
4.37143
6.75238
5.82857
5.82857
9.2
7.08571
7.21905
7
4.3619
6.59048
9.40952
6.94286
4.18095
9.53333
5.6
9.84762
9.22857
8.1619
7.12381
7.8381
8.28571
11.4
5.42857
6.8381
12.6381
8.45714
9.72381
4.60952
4.47619
4.57143
6.74286
6.20952
11.6286
4.1619
4.26667
7.49524
6.10476
4.35238
7.92381
5.17143
10.5714
6.0381
7.52381
8.30476
11.1524
5.6
6.3619
4.33333
4.24762
6.67619
7.92381
4.30476
10.6952
8
6.57143
6.82857
8.2
5.6381
10.2476
5
8.4381
7.11429
8.7619
9.73333
4.33333
6.95238
12.0857
5.4
9.61905
8.62857
8.58095
9.46667
6.2381
11.1333
8.79048
9.08571
9.8
8.67619
6.20952
8.02857
4.20952
8.20952
6.72381
5.66667
11.3238
8.62857
11.1048
8.30476
6.46667
12.8667
9.27619
8.91429
8.53333
4.69524
7.94286
10.7333
8.29524
6.51429
6.94286
7.40952
4.10476
4.55238
11.9619
9.97143
7.10476
4.18095
7.07619
4.13333
8.6381
9.61905
6.01905
9.09524
8.27619
9.19048
8.28571
8.92381
15.9619
4.32381
7.87619
6.79048
8.1619
6.34286
7.82857
10.4762
9.9619
7.26667
6.49524
7.07619
10.3048
6.78095
6.33333
6.24762
6.7619
7.99048
7.79048
5.34286
5.22857
4.27619
6.21905
6.88571
6.60952
7.93333
9.5619
5.6381
8.95238
4.93333
6.0381
8.39048
7.34286
4.26667
8.5619
4.69524
4.24762
4.4381
5.85714
6.39048
4.34286
4.19048
9.49524
8.80952
6.87619
6.4
8.44762
8.3619
6.4381
11.5619
5.44762
6.82857
4.33333
5.82857
6.42857
8.6381
4.17143
7.79048
5.2381
6.82857
6.54286
9.02857
6.61905
5.12381
5.54286
5.80952
4.4
6.68571
4.37143
7.8381
10.619
7.28571
8.02857
7.94286
4.46667
6.37143
5.77143
5.78095
7.90476
8.92381
4.13333
5.91429
6.34286
6.09524
6.01905
9.51429
7.37143
6.44762
9.72381
6.2
9.12381
6.30476
8.75238
7.2381
8.88571
8.21905
9.59048
5.60952
7.12381
9.70476
8.05714
6.92381
6.19048
5.79048
6.13333
4.27619
4.2
10.7333
7.47619
5.82857
9.12381
11.6952
7.62857
4.31429
7.2
7.58095
7.58095
6.21905
7.75238
10.5429
11.1429
4.09524
11.3524
11.3905
9.5619
9.75238
6.14286
4.3619
9.65714
7.97143
7.92381
6.68571
6.27619
4.44762
6.62857
8.4381
9.92381
7.97143
8.84762
5.34286
9.38095
9.48571
5.08571
8.60952
8.86667
7.81905
5.25714
9.25714
7.64762
8.86667
5.26667
5.41905
7.24762
8.12381
8.80952
9.79048
8.88571
11.7048
4.26667
4.15238
4.15238
5.61905
7.2381
9.6381
9.45714
9.95238
7.2381
8.72381
5.05714
5.94286
9.45714
6.09524
8.39048
7.99048
9.1619
8.3619
5.22857
4.17143
9.08571
4.2381
7.44762
8.5619
7.65714
4.48571
5.98095
4.86667
6.20952
5.28571
5.45714
9.07619
7.14286
8.4381
8.80952
10.6286
8.4
9.11429
8.95238
8.92381
6.05714
6.0381
9.78095
4.90476
5.80952
9.88571
8.71429
4.08571
7.91429
10.9143
7.2
12.6667
8.46667
7.32381
6.54286
6.52381
11.2
6.79048
8.45714
14.8381
6.09524
5.50476
6.91429
6.42857
7.75238
5.55238
5.28571
4.6381
7.40952
8.93333
7.86667
6.54286
7.66667
9.30476
6.79048
9.33333
8.77143
10.3429
7.21905
6.51429
7.97143
6.71429
8.19048
9.94286
8.58095
7.98095
4.20952
9.45714
8.67619
4.70476
8.70476
4.51429
4.48571
5.97143
8.14286
5.39048
7.87619
10.9905
9.25714
7.9619
5.17143
5
8.08571
8.68571
5.2381
5.31429
6.00952
5.07619
6.88571
8.17143
5.74286
9.6
6.07619
6.47619
4.14286
4.27619
11.5905
6.33333
11.3238
4.08571
5.22857
6.42857
10.9048
9.0381
10.1143
9.42857
9.85714
7.47619
4.53333
7.84762
6
5.14286
7.57143
4.5619
7.55238
4.34286
8.89524
5.38095
6.88571
7.95238
7.37143
8.99048
10.4571
5.9619
11.8667
9.10476
9.28571
7.00952
4.61905
10.6095
9.85714
8.4
6.22857
7.87619
6
8.27619
4.45714
7.82857
5.38095
6.31429
7.30476
4.27619
9.11429
4.2
5.65714
10
13.2667
8.14286
7.2381
6.55238
5.61905
4.71429
4.27619
6.60952
7.27619
7.86667
9.33333
4.19048
5.72381
5.91429
9.64762
10.2571
8.95238
7.59048
7.00952
4.77143
8.11429
7.60952
5.0381
7.97143
8.86667
6.91429
9.95238
6.50476
5.13333
10.9238
5.84762
6.79048
8.08571
6.34286
8.98095
7.90476
8.09524
7.01905
4.21905
5.73333
4.30476
8.51429
5.52381
6.27619
7.11429
4.8381
9.26667
6.47619
8.24762
7.02857
7.67619
4.98095
7.33333
10.7524
7.17143
6.3619
4.26667
6.38095
11.2381
7.53333
10.2476
6.55238
4.70476
5.37143
7.44762
5.12381
5.58095
5.7619
9.52381
6.40952
6.14286
7.72381
10.2381
4.31429
8.42857
9.92381
5.21905
7.37143
6.07619
10.8762
6.57143
6.20952
7.65714
8.32381
8.37143
6.8381
4.75238
4.07619
5.54286
8.14286
4.28571
5.10476
4.12381
8.54286
7
7.57143
10.3524
8.07619
6.44762
5.00952
4.32381
8.80952
5.79048
10.9714
6
9.27619
6.18095
7.99048
7.6
4.2
8.47619
4.98095
4.01905
6.6
6.97143
12
12.1429
7.89524
8.28571
8.18095
6.50476
6.82857
6.29524
7.24762
7.51429
9.44762
7.21905
9.91429
6.30476
6.49524
5.81905
8.7619
5.2381
6.37143
6.65714
10.4381
6.08571
8.75238
6.7619
4.1619
6.05714
6.26667
5.86667
7.41905
8.48571
4.98095
9.7619
7.1619
7.73333
4.54286
6.70476
5
6.79048
5.84762
5.52381
7.52381
5.47619
8.34286
5.42857
10.5143
6.9619
13.981
5.40952
10.0381
6.68571
7.22857
6.54286
7.72381
8.35238
7.25714
7.70476
5.97143
8.0381
10.1333
7.01905
11.3143
6.68571
9.02857
11.1048
5.38095
6.4381
5.1619
5.24762
6.89524
5.77143
7.32381
6.58095
6.38095
6.05714
9.75238
5.74286
4.88571
8.27619
7.45714
7.02857
5.73333
5.19048
4.97143
9.45714
7.60952
6.39048
8.51429
6.62857
7.08571
7.6381
4.53333
7.74286
5.25714
5.55238
7.39048
7.79048
9.2
6.81905
6.67619
4.35238
7.37143
6.38095
8.66667
8.67619
4.71429
7.37143
9.35238
4.26667
5.32381
7.51429
5.20952
6.9619
11.2095
4.20952
4.10476
7.77143
7.08571
5.24762
9.47619
7.57143
5.21905
8.74286
4.07619
5.7619
9.40952
7.88571
4.25714
6.89524
4.78095
6.74286
9.14286
6.09524
6.42857
5.48571
5.58095
4.30476
10.4
7.57143
4.51429
8.13333
6.02857
5.22857
9.09524
6.34286
6.69524
8.14286
9.32381
5.95238
9.32381
4.49524
6.35238
6.53333
11.4667
7.48571
10.7333
9.27619
8.17143
4.07619
7.08571
7.6381
6.88571
8.30476
7.95238
7.68571
6.4
6.22857
6.2381
5.79048
8.94286
5.39048
8.33333
4.2381
5.87619
6.38095
5.14286
8.54286
8.38095
9.39048
5.24762
4.29524
10.819
9.08571
6.19048
12.0762
6.32381
7.7619
14.3714
13.4286
5.13333
6.05714
7.47619
9.94286
8.31429
5.51429
7.92381
4.46667
6.00952
7.53333
5.87619
7.39048
9.09524
7.95238
8.86667
5.59048
4.09524
7.15238
8.22857
9.22857
7.87619
11.2381
7.68571
5.20952
9.4381
7.00952
11.9143
7.82857
8.29524
8.35238
9.13333
6.75238
7.33333
7.74286
6.38095
10.1238
8.41905
6.53333
9.67619
12.4095
7.90476
4.13333
6.55238
6.33333
7.6
8.2381
10.3238
8.93333
4.4
7.20952
5.41905
9.28571
8.81905
10.9429
6.66667
7.04762
4.17143
4.31429
7.21905
9.30476
5.06667
7.89524
8.60952
12.2571
8.68571
9.80952
6.17143
10.3048
5.06667
5.99048
5.04762
10.1619
13.7714
5.98095
6.69524
5.70476
8.91429
7.21905
6.82857
6.97143
4.6
5.40952
6.55238
5.04762
5.51429
5.86667
5.93333
8.20952
8.91429
8.64762
7.84762
4.34286
6.22857
6.33333
8.11429
6.93333
12.2952
6.19048
4.40952
9.50476
7.21905
8.62857
7.57143
8.30476
6.94286
5.13333
8
7.53333
10.6762
4.54286
7.88571
7.1619
4.25714
8.98095
8.82857
11.7714
7.26667
6.44762
7.20952
8.29524
7.55238
8.29524
4.41905
8.20952
5.66667
10.9333
7.25714
7.6381
10.2857
9.2381
9.65714
7.80952
6.04762
7.0381
9.82857
6.6
8
6.90476
4.19048
5.65714
6.01905
8.71429
11.0476
7.05714
7.6
9.0381
7.26667
7.42857
4.1619
5.39048
6.82857
6.34286
5.81905
4.22857
4.21905
4.64762
4.48571
4.87619
6.15238
4.29524
7.00952
5.69524
11.4667
6.99048
10.1143
4.15238
7.99048
7.97143
7.50476
6.91429
11.6952
5.49524
5.54286
4.27619
9.12381
6.70476
6.8381
4.37143
9.53333
10.6857
6.33333
6.95238
7.86667
7.07619
6.1619
9.93333
6.95238
4.30476
4.48571
7.61905
7.75238
8.69524
8.72381
6.62857
10.7905
9.44762
9.33333
5.14286
4.15238
7.01905
7.55238
6.0381
5.48571
4.2
8.90476
8.86667
5.77143
6.45714
6.58095
7.12381
6.69524
5.78095
4.57143
7.19048
7.3619
5.27619
7.88571
7.81905
8.61905
7.29524
4.29524
5.10476
4.64762
11.4952
7.78095
4.38095
4.2
7.54286
5.48571
6.30476
5.33333
8.17143
9.01905
8.77143
10.2286
6.6381
4.44762
8.94286
4.5619
6.26667
12.5905
6.7619
7.94286
7.60952
7.68571
4.49524
5.28571
4.4381
8.95238
5.67619
5.42857
6.53333
4.4381
4.48571
4.90476
13.0952
7.48571
7.86667
5.75238
6.93333
7.6
4.8381
6.17143
5.88571
6.70476
5.71429
4.55238
6.4
6.01905
10.3429
6.81905
7.8
12.0667
4.72381
8.98095
10.781
8.39048
7.80952
7.21905
5.00952
7.6
9.18095
7.52381
4.15238
5.27619
7.39048
9.74286
4.0381
4.3619
7.08571
9.82857
4.37143
9.09524
10.9048
4.50476
5.46667
9.33333
7.12381
6.66667
5.2
7.27619
5.11429
5.79048
7.31429
4.55238
6.70476
10.0762
7.18095
7.06667
4.09524
8.57143
6.21905
6.8381
6.92381
5.34286
7.31429
7.22857
5.20952
7.57143
10.8667
5.25714
6.5619
9.97143
6.89524
6.85714
4.5619
4.68571
4.50476
5.73333
6.18095
4.49524
5.39048
7.89524
6.01905
4.18095
7.78095
5.42857
5.09524
7.1619
5.55238
7.34286
5.14286
7.33333
4.11429
5.98095
6.2381
6.89524
17.8571
9.0381
8.33333
8.79048
5.89524
8.11429
6.06667
10.0476
9.33333
7.44762
7.08571
8.93333
9.31429
7.66667
7.13333
6.50476
5.6
5.6
4.2
6.50476
12.1619
6.73333
9.07619
9.2381
5.61905
7.71429
4.46667
8.12381
4.10476
6.01905
7.92381
7.48571
4.12381
6.19048
6.9619
4.80952
8.18095
6.93333
9.81905
8.24762
5.34286
7.28571
5.1619
6.84762
10.2667
11.8571
7.07619
7.97143
5.57143
5.60952
9.94286
5.64762
6.57143
6.49524
6.87619
4.48571
10.0571
5.91429
6.10476
6.55238
4.59048
7.79048
7.69524
7.90476
10.6571
7.69524
7.94286
8.30476
8.95238
6.19048
6.87619
9.85714
6.72381
5.93333
5.77143
8.89524
7.38095
4.30476
6.97143
7.17143
9.73333
7.35238
5.27619
10.6857
8.35238
9.42857
11.219
7.40952
10.0571
6.28571
7.19048
4.12381
7.49524
7.15238
9.48571
7.62857
5.24762
7.39048
7.5619
10.8381
5.09524
8.46667
5.07619
4.15238
5.57143
7.17143
9.62857
4.37143
6.92381
5.54286
7.84762
4.61905
6.61905
7.60952
6.59048
5.86667
5.41905
6.51429
10.219
10.6095
8.29524
5.77143
7.4
4.44762
4.0381
4.15238
7.9619
4.97143
4.5619
8.08571
8.65714
6.34286
8.92381
5.6
6.0381
7.11429
4.14286
7.09524
4.51429
7.20952
9.57143
7.7619
10.4857
8.26667
6.31429
6.97143
5.74286
4.31429
4.52381
6.84762
4.29524
7.91429
8.93333
8.50476
6.3619
6.32381
4.2
5.82857
6.93333
9.86667
8.30476
7.82857
8.40952
5.47619
8.6381
6.73333
7.98095
7.95238
9.72381
4.95238
9.04762
5.37143
4.12381
8.28571
6.35238
6.72381
8.62857
5.82857
5.55238
7.01905
8.65714
8.66667
4.24762
10.381
12.5238
6.27619
7.11429
13.819
6.67619
7.74286
6.3619
7.40952
7.08571
9.13333
5.6
9.0381
7.08571
8.07619
4.4381
5.9619
5.67619
7.51429
5.07619
7.31429
4.04762
8.9619
5.86667
10.8381
6.40952
7.3619
6.69524
4.53333
5.8381
6.50476
5.60952
5.55238
8.72381
5.11429
4.51429
6.47619
6.19048
6.67619
7.0381
7.12381
5.53333
9.33333
6.91429
5.46667
8.50476
4.4381
8.66667
6.57143
6.39048
6.15238
9.3619
7.31429
7.33333
6.1619
4.17143
7.26667
7.82857
5.64762
6.07619
6.47619
5.74286
7.37143
9.93333
7.91429
5.1619
10.0952
11.9143
5.59048
4.06667
8.6
4.69524
8.82857
11.4667
7.22857
8.6381
8.46667
6.94286
6.24762
5.94286
4.52381
8.19048
8.67619
8.91429
5.25714
8.0381
6.31429
9
5.09524
7.51429
9.60952
4.65714
7.87619
7.13333
5.84762
8.5619
5.01905
5.99048
6.59048
6.22857
5.20952
9.79048
5.38095
4.6
7.39048
4.6
11.5048
6.89524
9.72381
8.55238
4.90476
7.09524
7.6
4.30476
11.7714
5.67619
9.66667
6.6
10.0286
4.18095
6.10476
7.92381
6.1619
6.17143
8.15238
10.8381
7.75238
4.09524
7.68571
6.07619
10.381
10.781
6.21905
10.3238
7.4
6.60952
7.31429
8.3619
5.72381
8.11429
5.31429
6.79048
5.73333
7.92381
5.46667
4.65714
8.74286
10.8952
7.85714
5.62857
6.11429
9.51429
7.26667
11.1333
9.92381
6.73333
6.73333
7.34286
9
7.65714
7.89524
4.34286
4.5619
4.25714
9.44762
4.48571
7.1619
6.99048
5.42857
6.90476
7.95238
7.45714
9.47619
5.79048
4.19048
10.8381
5.18095
4.58095
7.52381
9.2
6.64762
7.0381
10.4381
8.95238
11.7905
8.10476
8.94286
8.02857
8.85714
10.781
4.70476
7.75238
7.28571
5.3619
4.2381
5.73333
5.60952
5.80952
5.90476
5.77143
4.17143
9.61905
6.88571
6.69524
8.8381
7.24762
6.72381
4.4
8.88571
10.1143
7.00952
5.04762
9.41905
6.75238
6.66667
7.30476
10.8476
6.59048
7.44762
7.21905
4.6381
4.4381
7.92381
7.27619
7.4381
5.48571
4.38095
4.15238
11.2762
6.50476
5.94286
6.4
10.2095
6.34286
5.50476
7.97143
4.15238
4.1619
11.4762
4.33333
4.53333
4.28571
6.70476
4.75238
6.34286
4.31429
7.66667
7.26667
5.37143
4.09524
9.31429
8.94286
7.57143
4.48571
7.32381
7.85714
6.55238
7.77143
8.31429
6.28571
4.3619
6.88571
8.5619
6.75238
7.04762
6.54286
4.79048
5.6381
4.4381
5.87619
4.45714
7.27619
6.80952
5.22857
7.10476
8.25714
7.98095
4.50476
11.6095
8.02857
6.4381
9.10476
7.1619
7.75238
6.6
4.57143
7.37143
8.08571
9.22857
10.8667
4.1619
8.06667
9.3619
4.17143
4.91429
11.4286
9.53333
4.2
5.59048
8.81905
7.4381
6.17143
7.79048
9.10476
10.5143
8.67619
10.2952
6.72381
12.5048
6.98095
6.28571
4.40952
6.19048
10.1905
5.3619
5.50476
10.8
7.52381
9.47619
5.39048
4.26667
12.2286
7.33333
9.27619
13.3524
6.73333
4.74286
4.33333
8.61905
8.06667
6.14286
11.2
4.71429
7.85714
8.73333
7.18095
8.52381
10.2095
8.18095
7.0381
7.60952
6.8381
10.2381
5.80952
9.79048
5.73333
5.97143
5.51429
6.42857
7.61905
4.78095
6.74286
6.59048
5.79048
4.10476
11.5238
4.21905
4.44762
4.92381
6.7619
7.37143
11.1238
7.13333
7.22857
9.44762
7.0381
5.51429
4.39048
8.45714
5.45714
5.55238
9.74286
4.6
6.28571
9.21905
6.87619
6.15238
6.90476
7.29524
5.98095
4.13333
5.95238
5.52381
4.4381
7.53333
8.61905
5.9619
6.35238
10.3429
9.50476
8.62857
7.9619
4.15238
6.19048
6.73333
6.90476
7.82857
6.87619
8.06667
8.84762
6.02857
4.84762
10.1143
9.4381
5.27619
5.99048
6.08571
6.2
6.99048
5.37143
7.34286
7.27619
9.04762
8.87619
6.2
10.8857
4.41905
5.69524
7.22857
4.11429
7.68571
4.2381
10.1048
7.29524
6.54286
7.70476
5.09524
9.08571
6.39048
4.2381
5.66667
7.54286
5.67619
7.21905
10.3905
5.91429
6.35238
6.54286
6.82857
4.85714
4.99048
9.55238
5.51429
4.51429
5.29524
8.65714
7.49524
4.91429
12.4
8.04762
6.22857
9.08571
4.24762
6.04762
4.31429
9.10476
8.38095
11.6762
10.9238
7.89524
5.1619
5.08571
8.25714
9.55238
5.6381
8.79048
9.71429
7.30476
6.04762
9.60952
8.44762
6.52381
9.93333
6.89524
5.40952
9.44762
8.39048
5.6381
10.6571
5.12381
5.66667
9.02857
7.48571
7.09524
4.4381
9.8
6.51429
9.05714
8.93333
8.24762
9.1619
4.8381
6.68571
5.48571
6.11429
4.47619
11.3048
6.40952
4.54286
5.7619
6.66667
5.02857
6.27619
4.95238
5.79048
6.57143
7.11429
4.53333
4.46667
6.5619
4.32381
7.35238
5.32381
9.1619
6.47619
7.39048
7.87619
5.13333
6.82857
9.81905
5.47619
6.52381
6.32381
6.51429
6.64762
11.1238
7.92381
4.69524
10.581
7.68571
4.70476
5.06667
7.27619
7.47619
6.06667
5.65714
4.85714
10.5619
5.94286
4.2381
6.40952
9.28571
11.8095
6.37143
7.42857
6.2381
11.3048
7.71429
7.75238
4.0381
8.26667
6.62857
9.91429
6.00952
5.02857
8.50476
7.0381
10.2381
5.6381
6.24762
13.2
6
12.9619
6.58095
7.29524
8.30476
6.66667
5.57143
9.20952
7.86667
5.20952
9.73333
4.18095
6.6381
8.4381
6.2
4.06667
8.86667
8.3619
8.01905
7.09524
6.44762
9.55238
9.73333
5.31429
6.8
4.32381
4.35238
4.38095
7.64762
12.0667
6.39048
7.4381
7.15238
6.91429
6.20952
9.18095
5.55238
6.86667
7.74286
4.26667
8.13333
5.42857
6.44762
4.79048
7.33333
8.04762
9.94286
7.90476
4.28571
4.61905
6.89524
7.39048
9.4381
9.77143
7.55238
11.1619
7.75238
5.59048
7.68571
6.75238
8.81905
9
10.181
5.46667
6.77143
8.91429
4.70476
9.89524
8.41905
10.781
8.41905
9.01905
6.2381
11.2857
9.30476
7.42857
7.40952
5.19048
4.48571
20.4571
6.30476
5.8
10.219
7.24762
7.60952
8.57143
10.1905
5.40952
10.6857
6.9619
4.08571
4.47619
8.99048
4.3619
4.53333
7.67619
8.38095
4.26667
6.29524
9.1619
7.69524
11.0952
8.62857
7.33333
4.27619
7.57143
5.47619
8.06667
5.29524
8.68571
7.34286
4.37143
5.87619
5.73333
5.19048
4.0381
4.11429
5.00952
5.88571
9.32381
8.01905
4.72381
7.29524
7.00952
6.45714
6
8.28571
4.4
6.58095
4.34286
7.86667
8.58095
10.6762
7.48571
6.11429
9.50476
9.02857
8.86667
5.49524
7.52381
7.37143
7.67619
4.35238
4.8381
5.39048
6.58095
8.12381
9.05714
10.8286
7.69524
6.79048
6.99048
4.80952
8.08571
8.8
6.69524
7.59048
9.17143
6.39048
8.85714
4.60952
4.25714
7.1619
7.26667
8.93333
4.21905
7.30476
9.8
9.87619
7.26667
9.69524
8.27619
4.28571
6.69524
11.6476
10.6571
7.0381
7.98095
9.26667
6.14286
7.29524
6.99048
6.94286
10.0476
7.49524
6.93333
7.45714
7.64762
9.55238
4.28571
5.58095
5.92381
7.51429
6.98095
7.30476
8.06667
6.4381
5.34286
7.48571
6.53333
6.79048
4.24762
5.15238
6.24762
6.22857
7.29524
4.57143
6.94286
7.65714
7.85714
7.07619
7.15238
7.65714
4.78095
6.55238
6.7619
4.05714
7.35238
8.78095
7.31429
6.07619
5.8381
4.97143
6.95238
5.71429
6.31429
7.92381
7.12381
7.26667
7.6381
7.29524
6.41905
6.99048
6.66667
4.05714
7.30476
4.89524
12.1333
6.62857
5.42857
5.69524
4.61905
8.46667
4.70476
7.95238
8.98095
6.38095
7.91429
4.4381
7.79048
4.9619
7.66667
4.77143
8.14286
6.2381
4.60952
9.34286
9.42857
7.20952
6.97143
5.97143
4.34286
5.31429
6.29524
5.95238
6.57143
6.33333
5.20952
8.72381
8.52381
9.89524
9.32381
10.3524
7.69524
8.02857
6.42857
12.3429
6.33333
8.04762
9.61905
7.10476
6.5619
6.3619
4.62857
4.29524
8.49524
4.9619
6.99048
4.38095
5.7619
9.6381
6.54286
9.29524
7.58095
4.57143
6.21905
7.92381
4.70476
5.35238
6.61905
6.93333
6.94286
7.01905
4.49524
6.40952
6.54286
4.31429
5.80952
5.34286
7.4381
10.4667
7.05714
10.4571
9.69524
5.85714
4.73333
5.80952
5.45714
4.77143
7.93333
4.39048
5.7619
9.7619
8.4381
10.2667
6.67619
5.42857
11.4381
4.09524
9.5619
9
6.75238
5.92381
8.34286
9.01905
8.53333
4.40952
5
8.31429
4.49524
9.3619
4.41905
7.17143
7.95238
8.42857
9.73333
10.3905
10.181
4.37143
6
6.79048
8.60952
4.11429
4.53333
7.72381
9.2
4.18095
5.22857
4.25714
4.97143
9.6381
9.62857
4.94286
8.30476
4.08571
8.92381
7.72381
4.65714
4.27619
7.15238
7.99048
6.9619
12.6
10.0095
4.6381
10.2857
11.5238
4.46667
7.9619
5.80952
5.97143
7.5619
4.30476
13.1619
6.14286
8.05714
8.52381
4.38095
4.60952
11.2762
7.05714
5.87619
11.4286
7.6
4.17143
7.2
5.66667
4.4
8.84762
4.88571
6.82857
5.78095
7.54286
5.6
5.6
6.94286
8.69524
8.48571
9.59048
10.019
6.28571
6.48571
14.8286
6.30476
8.78095
7.69524
6.01905
4.52381
4.79048
5.49524
7.2381
4.38095
8.95238
8.69524
6.1619
5.72381
4.20952
5.02857
6.44762
7.84762
8.97143
4.59048
5.8381
8.32381
10.0381
7.62857
7.66667
6.48571
12.1714
5.57143
5.88571
6.80952
8.06667
9.2
8.47619
5.66667
8.39048
5.65714
7.15238
4.33333
4.34286
7.4
6.51429
8.28571
6.29524
10.6381
7.66667
5.34286
6.20952
8.24762
4.35238
6.28571
11.5714
8.65714
7.49524
7.27619
10.1333
7.04762
7.45714
6.53333
4.19048
8.66667
5.21905
5.75238
7.74286
7.52381
6.2
6.29524
6.24762
7.84762
8.78095
6.93333
8.6
5.6381
4.73333
7.60952
5.3619
6.85714
4.46667
12.4571
4.35238
10.6095
9.21905
5.57143
4.91429
4.87619
10.0286
6.98095
8.79048
4.13333
6.81905
4.2381
7.54286
8.61905
8.00952
4.47619
7.68571
6.65714
8.3619
9
8.81905
7.79048
7.18095
6
6.47619
12.0381
4.62857
10.619
8.58095
5.2
11.0952
7.84762
5.40952
4.2
9.06667
5.75238
6.53333
4.13333
9.17143
5.57143
5.64762
4.01905
9.65714
9.69524
11.3524
5.67619
4.02857
11.6571
12.1048
6.33333
7.66667
7.68571
9.22857
6.40952
6.90476
6.3619
9.10476
4.40952
4.49524
8.21905
6.84762
9.4381
9.98095
12.0667
4.6
5.79048
10.5905
4.31429
9.65714
6
7.22857
5.57143
11.581
7
8.85714
4.70476
5.78095
9.42857
6.24762
5.58095
8.24762
7.8381
6.14286
6.92381
10.9905
12.2381
5.72381
7.8381
6.07619
4.47619
7.58095
6.75238
10.2286
5.35238
5.65714
6.95238
7.4
7.05714
4.85714
4.55238
6.2381
6.34286
6.7619
4.8381
7.20952
6.31429
7.82857
5.8
7.01905
6.0381
6.66667
8.59048
8.1619
7.41905
4.46667
11.3429
4.95238
7.07619
5.10476
5.3619
5.7619
6.52381
6.77143
6.65714
6.19048
10.2762
6.1619
4.18095
7.54286
4.90476
4.09524
4.57143
6.79048
6.22857
7.57143
4.71429
9.89524
5.70476
6.19048
4.29524
7.53333
6.31429
8.04762
8.61905
5.67619
7.37143
6.85714
4.21905
5.48571
7.3619
7.38095
7.30476
4.34286
4.19048
4
7.98095
5.19048
6.18095
7.60952
7.11429
6.3619
6.93333
6.6
6.26667
9.34286
6.4
4.3619
4.41905
5.34286
4.45714
5.99048
6.28571
7.01905
8.19048
9.00952
7.19048
7.24762
10.1619
5.4
9.4381
5.66667
7.15238
5.50476
8.02857
4.4381
9.60952
4.2381
5.72381
6.04762
7.92381
4.04762
4.81905
7.32381
6.85714
6.31429
5.00952
11.2667
11.4381
9.10476
4.27619
5.97143
9.33333
4.42857
6.09524
6.22857
8.32381
9.53333
4.93333
4.75238
5.81905
6.47619
7.65714
11.3429
6.95238
5.24762
9.55238
6.01905
8.82857
5.58095
5.6
6.29524
5.60952
5.67619
5.07619
6.98095
4.88571
5.34286
7.49524
7.4381
7.02857
9.65714
7.54286
8.28571
8.0381
7.69524
6.78095
4.47619
4.22857
7.5619
8.98095
4.82857
7.85714
8.75238
7.06667
7.08571
4.06667
6.95238
7.06667
8.0381
8.85714
4.30476
7.86667
10.4381
5.2381
4.9619
4.17143
7.30476
6.39048
5.15238
7.22857
7.52381
6.82857
4.09524
9.65714
11.9238
6.4
7.61905
8.12381
4.15238
33.4381
4.95238
7.93333
6.35238
7.27619
9.93333
4.8
5.69524
5.66667
4.6
7.17143
4.04762
10.4
5.62857
10
11.2095
4.24762
8.80952
5.04762
7.15238
6.20952
5.33333
6.0381
6.9619
10.1714
4.87619
8.73333
12.1048
9.14286
8.9619
8.95238
13.7048
9.84762
9.17143
7.94286
6.10476
11.781
8.9619
7.27619
7.28571
10.2762
10.0095
7.6
8.95238
4.41905
6.61905
8.4381
9.12381
4.40952
6.2
5.04762
7.38095
6.72381
5.55238
8.40952
6.49524
6.8381
9.05714
8.70476
7.34286
5.39048
6.08571
5.44762
4.20952
6.98095
8.80952
4.47619
5.47619
9.14286
8.00952
5.87619
4.62857
5.60952
4.22857
6.39048
9.34286
8.49524
7.00952
5.38095
9.7619
8.41905
7.7619
4.28571
4.50476
4.40952
7.10476
10.3524
6.64762
8.11429
10.9429
5.82857
6.07619
6.05714
6.69524
8.77143
10.781
7.38095
6.4
4.72381
8.42857
5.29524
5.32381
9.4
8.04762
5.98095
4.3619
7.8
7.2381
5.41905
7.14286
6.95238
6.68571
4.29524
6.85714
6.73333
5.19048
6.54286
6.05714
8.33333
4.1619
7.87619
4.67619
7.74286
8.18095
8.94286
8.82857
7.86667
7.78095
6.72381
9.79048
10.5048
5.0381
7.54286
4.29524
9.72381
8.30476
5.87619
7.27619
8.89524
7.55238
6.00952
11.4762
9.1619
5.4381
7.38095
8.93333
6.68571
5.59048
4.32381
5.8381
4.31429
10.2857
4.33333
7.4
8.6
5.39048
4.94286
7.88571
4.55238
8.35238
8.4
5.06667
9.50476
6.35238
5.12381
4.45714
8.0381
5.7619
7.01905
7.32381
8.0381
6.4
9.64762
10.7714
7.92381
4.78095
4.08571
8.97143
7.2
5.92381
4.04762
5.58095
5.68571
8.04762
6.86667
7.29524
10.4
4.71429
9.91429
4.6381
4.67619
6.74286
4.38095
5.65714
4.26667
11.9333
5.4
4.70476
8.98095
6.33333
7.6381
5
7.52381
7.19048
5.29524
6.59048
7.59048
6.4
6.97143
4.34286
8.69524
4.49524
10.9524
4.79048
8.95238
7.14286
10.8952
5.59048
9.13333
8.4
5.81905
7
5.49524
7.47619
10.1143
4.54286
4.70476
5.3619
6.72381
8.68571
6.73333
6.38095
7.66667
4.12381
7.77143
8.77143
5.92381
7.87619
5.81905
7.4
6.70476
6.87619
6.19048
9.58095
5.10476
7.74286
4.32381
4.3619
6.12381
4.27619
11.2095
5.14286
6.88571
9.87619
4.46667
6.65714
5.06667
4.18095
4.42857
6.74286
5.57143
7.72381
4.55238
9.8381
5.74286
9.4
9.85714
7.90476
8.85714
6.1619
6.59048
7.24762
9.18095
10.0095
4.31429
7.82857
4.79048
8.52381
10.5048
5.78095
6.33333
5.44762
8.51429
9.71429
7.18095
5.1619
6.48571
8.67619
6.12381
6.82857
10.0286
7.17143
7.4
7.80952
5.34286
9.06667
6.54286
7.07619
8.99048
6.81905
7.51429
7.4
8.6
8.37143
6.29524
6.32381
4.11429
5.98095
4.58095
8.53333
11.6381
6.77143
4.30476
5.8381
9.14286
6.77143
8.45714
7.57143
6.94286
4.08571
9.05714
10.8476
10.6476
11.9429
7.97143
7.2381
6
7.0381
8.90476
5.92381
9.26667
6.94286
8.26667
10.9714
6.58095
6.19048
4.14286
8.86667
6.21905
4.27619
6.42857
6.7619
11.3429
6.31429
7.27619
8.02857
11.619
4.21905
6.73333
7.26667
5.77143
7.09524
8.22857
8.81905
14.3238
7.99048
6.22857
7.19048
5.86667
7.37143
6.99048
4.11429
5.72381
6.06667
8.39048
4.39048
8.91429
8.88571
6.97143
7.89524
9.32381
4.13333
9.84762
7.01905
6.62857
6.9619
7.78095
9.65714
7.47619
5.37143
7.34286
7.09524
5.57143
10.7048
5.53333
10.6667
5.06667
9.72381
7.08571
4.9619
5.72381
5.64762
5.71429
6.94286
4.4381
5.72381
4.0381
8.46667
5.31429
7.6
7.15238
7.38095
6.05714
4.52381
5.72381
13.1429
6.78095
4.65714
5.38095
8.42857
5.01905
9.86667
6.19048
4.60952
6.00952
9.4381
5.49524
8.39048
11.7429
7.38095
10.019
5.8
5.64762
8.51429
5.88571
6.79048
9.29524
8.93333
6.21905
7.18095
5.02857
7.91429
11.2
8.26667
6.79048
4.72381
7.52381
5.58095
5.4
6.93333
4.33333
7.27619
9.90476
6.47619
5.95238
7.71429
5.18095
4.15238
9.45714
8.1619
6.2381
6.18095
8.6
4.32381
7.69524
4.28571
6.99048
9.48571
8.13333
7.97143
4.20952
6.57143
4.49524
4.2381
4.2
10.5905
5.85714
5.72381
4.98095
6.8
4.20952
6.6
6.69524
4.20952
8.50476
9.46667
6.22857
8.13333
4.09524
5.42857
6.24762
4.2381
7.9619
6.2
7.40952
6.37143
7.85714
7.60952
6.45714
7.53333
9.64762
15.181
7.85714
7.87619
7.82857
8.35238
8.17143
7.46667
7.41905
14.1333
6.75238
5.3619
6.75238
6.24762
8.1619
5.50476
5.92381
5.0381
6.91429
8.79048
4.25714
7.01905
8.68571
7.54286
10.381
8.14286
11.619
5.6
10.2476
4.22857
6.28571
4.28571
7.62857
7.05714
9.45714
9.20952
9.72381
8.49524
8.75238
4.84762
4.28571
5.33333
7.11429
6.02857
7.55238
6.9619
9.51429
7.64762
7.5619
10.4762
6.52381
9.62857
6.80952
8.69524
9.26667
6.54286
7.45714
7.59048
11.0286
6.31429
7.21905
4.82857
7.71429
4.4381
8.2381
11.1048
6.70476
7.3619
6.48571
4.34286
7.28571
5.60952
5.15238
4.84762
5.97143
9.53333
7.08571
7.14286
7.19048
5.58095
9.18095
4.49524
4.77143
7.50476
5.8381
6.22857
6.30476
9.33333
11.2381
7.88571
6.6381
8.79048
6.26667
4.01905
4.28571
10.2286
7.91429
6.80952
4.60952
5.27619
8.41905
10.4095
5.04762
5.70476
8.4381
9.68571
5.41905
7.09524
7.64762
9.2
4.51429
4.26667
7.6
6.6381
4.97143
4.30476
4.26667
6.28571
5.41905
8.46667
8.3619
5.51429
11.4571
7.87619
6.81905
4.24762
6.27619
5.71429
8.85714
9.99048
6.58095
9.0381
6.15238
7.26667
8.55238
5.67619
5.12381
7.58095
4.41905
5.94286
7.2381
5.49524
10.619
10.2762
9.34286
6.74286
6.25714
4.32381
6.09524
4.11429
6.79048
4.24762
10.5333
6.2
4.22857
4.70476
6.41905
6.98095
6.11429
8.15238
4.22857
8.97143
7.74286
7.51429
7.62857
6.25714
4.6
7.48571
9.39048
9.82857
4.67619
13.581
4.90476
6.4
6.73333
5.62857
6.51429
6.31429
4.46667
9.88571
6.37143
5.49524
6.27619
4.25714
7.50476
7.74286
8.72381
6.89524
6.85714
8.1619
8.68571
10.1619
7.75238
4.26667
6.91429
4.09524
4.44762
7.14286
7.19048
9.2
6.25714
7.62857
4.8
6.19048
9.67619
8.82857
4.04762
8.51429
8.35238
9.40952
7.84762
5.99048
7.28571
8.46667
5.3619
9.28571
5.25714
6.01905
5.97143
6.00952
9.90476
5.29524
8.21905
8.93333
4.26667
9.15238
6.81905
7.09524
11.1714
6.99048
4.44762
5.61905
5.45714
6.39048
5.45714
6.40952
6.37143
5.95238
4.59048
4.7619
7.4
7.92381
5.78095
10.3333
5.44762
4.44762
9.60952
4.04762
5.38095
7.87619
6.60952
8.65714
4.14286
9.3619
5.42857
5.39048
10.0762
10.9333
5.4
4.4381
7.31429
5.87619
7.62857
7.35238
4.38095
6.00952
4.27619
7.92381
6.9619
9.58095
5.69524
10.0952
4.58095
6.4
5.81905
16.6476
8.70476
6.67619
5.49524
4.27619
6.01905
4.29524
10.4
7.4
10.3143
6.46667
7.11429
8.14286
8.17143
6.12381
6.46667
10.3048
8.48571
4.48571
6.57143
7.48571
10.9714
6.39048
6.12381
5.91429
8.33333
9.61905
9.38095
10.2476
5.09524
7
8.5619
6.57143
6.61905
4.06667
6.81905
4.69524
5.30476
4.26667
10.5143
4.26667
10.2381
10.819
5.68571
10.5905
5.87619
7.54286
4.48571
6.04762
8.75238
4.46667
5.60952
8.2381
10.8762
5.78095
9.46667
8.39048
10.0952
8.38095
8.41905
4.2
5.6
7.45714
9.39048
7.70476
5.04762
5.66667
4.51429
5.65714
4.94286
4.69524
7.0381
6.1619
8.26667
4.5619
8.19048
7.15238
9.39048
7.17143
9.93333
10.6952
6.34286
5.17143
7.19048
5.52381
9.12381
4.10476
4.17143
6.48571
4.30476
6.79048
7.31429
9.40952
6.46667
7.09524
9.94286
6.26667
8.88571
6.22857
8.31429
9.69524
8.68571
7.70476
11.9143
8.64762
5.20952
5.22857
7.28571
8.44762
7.66667
9.4
7.6381
4.00952
8.92381
12.2762
8.08571
5.50476
9.31429
9.00952
7.7619
7.12381
6.86667
10.0381
4.17143
8.64762
4.40952
9.05714
8.32381
5.82857
5.41905
8.41905
7.13333
9.82857
8.81905
4.52381
7.42857
7.61905
8.57143
10.1333
7.6381
6.85714
4.34286
4.45714
9.90476
10.0286
4.07619
9.21905
14.3429
10.6857
10.3905
8.34286
5.60952
7.46667
6.15238
4.06667
5.55238
5.24762
6.94286
4.47619
4.24762
4.0381
6.82857
7.95238
11.181
7.07619
4.13333
5.74286
6.79048
7.4381
4.40952
4.32381
7.57143
7.6
9.59048
8.26667
7.99048
7.97143
7.10476
7.19048
8.10476
8.21905
10.6476
8.71429
11.2381
6.21905
7.11429
4.64762
5.30476
8.11429
10.5143
6.28571
9.66667
7.47619
6.18095
7.53333
8.38095
5.42857
4.75238
5.48571
5.33333
4.19048
7.6
4.42857
4.34286
5.4381
10.2095
9.66667
6.06667
7.11429
4.67619
4.4
5.89524
5.19048
6.51429
8.3619
4.18095
8.14286
6.01905
5.49524
5.29524
4.26667
12.4476
6.98095
9.70476
8.02857
8.91429
6.8
6.6381
7.21905
7.51429
9.9619
6.41905
6.97143
4.46667
6.67619
7.55238
4.21905
10.2952
7.78095
4.95238
6.2
4.39048
4.38095
8.27619
9.2
7.1619
7.38095
6.15238
6.00952
11.1429
8.52381
6.33333
6.31429
11.3905
4.22857
6.77143
9.22857
5.37143
4.07619
5.37143
8.51429
5.61905
7.21905
5.41905
8.73333
6.55238
6.40952
5.06667
4.19048
8.62857
7.85714
8.53333
7.66667
6.32381
5.7619
5.5619
7.86667
5.94286
4.2
6.05714
8.28571
4.44762
5.4
9.20952
4.6381
4.12381
6.64762
6.52381
7.31429
8.17143
6.09524
9.70476
5.05714
8.80952
5.66667
9.69524
7.20952
4.61905
4.22857
4.08571
5.45714
5.10476
5.34286
6.28571
12.1524
7.01905
7.6381
12.5524
9.79048
4.90476
11.8952
7.53333
8.41905
9.81905
5.55238
10.6095
8.87619
4.50476
8.7619
8.01905
10.1238
10.4571
6.11429
5.94286
7.74286
6.27619
7.51429
5.02857
5.34286
5.17143
10.8857
6.34286
4.2381
8.05714
6.18095
4.44762
6.11429
7.26667
6.90476
8.81905
10.2571
5.17143
5.7619
5.51429
6.80952
6.47619
8.52381
7.46667
8.47619
9.59048
7.9619
6.62857
4.38095
7.47619
7.26667
6.81905
9.13333
4.2
6.14286
7.95238
8.15238
7.44762
4.4
8.46667
6.45714
13.4286
6.94286
9.8
6.62857
6.20952
7.71429
9.37143
4.32381
7.47619
8.05714
4.6
5.4381
9.4381
8.39048
4.64762
4.2
6.01905
4.26667
9.53333
8.27619
6.93333
11.9619
6.46667
10.3905
12.1429
7.10476
8.95238
4.5619
5.81905
8.57143
5.06667
5.9619
6.31429
6.9619
5.32381
4.45714
6.7619
8.09524
4.18095
5.78095
7.75238
6.75238
5.97143
9.07619
6.62857
10.0381
7.58095
4.66667
7.65714
7
8.32381
5.62857
7.48571
7.61905
9.42857
8.2381
9.84762
7.70476
7.69524
5.97143
6.47619
11.5333
6.71429
6.33333
5.32381
4.49524
5.13333
6.4
4.86667
6.28571
4.08571
5.94286
5.94286
5.3619
7.04762
7.69524
7.97143
6.41905
8.00952
9.50476
6.2381
6.11429
4.41905
4.98095
11.8476
6.19048
5.33333
6.14286
5.35238
10
4.18095
5.54286
7.38095
7.00952
9.18095
5.54286
6.7619
4.49524
6.74286
4.50476
5.48571
8.71429
7.37143
7.97143
7.60952
5.24762
5.46667
9.32381
6.55238
11.1238
5.07619
8.90476
8.34286
7.50476
6.48571
6.79048
7.89524
6.28571
8.89524
8.17143
4.7619
6.84762
8.6381
7.51429
9.1619
6.19048
5.98095
6.22857
4.15238
5.5619
4.33333
7.29524
11.8571
4.04762
7.92381
5.2381
7.67619
7.7619
8.86667
7.34286
9.38095
5.65714
4.42857
6.13333
7.54286
8.66667
6.85714
9.65714
4.4
8.99048
6.77143
4.90476
9.34286
6.11429
4.42857
5.06667
4.65714
7.24762
6.29524
6.35238
6.95238
10.1714
6.37143
7.72381
7.53333
6.80952
7.1619
8.25714
9.52381
4.28571
9.59048
4.29524
8.04762
6.25714
10.4762
10.4571
6.33333
8.33333
7.91429
9.73333
4.4
4.24762
5.04762
6.5619
5.24762
7.22857
7.05714
5.47619
8.80952
5.70476
5.79048
4.48571
6.8381
5.35238
8.47619
7.18095
7.02857
9.01905
5.85714
6.27619
7.00952
8.19048
7.77143
7.2381
4.51429
6.5619
5.0381
7.13333
5.65714
4.21905
9.19048
4.98095
4.15238
6.3619
6.44762
4.21905
5.42857
7.6
5.86667
8.80952
4.1619
8.24762
5.40952
8.19048
6.64762
8.80952
4.57143
7.4
6.30476
7.59048
8.70476
7.38095
4.52381
6.93333
6.31429
4.6381
8.82857
9.42857
6.35238
4.24762
6.80952
6.1619
4.95238
7.13333
4.30476
4.8381
10.7429
12.8952
8.87619
8.20952
8.90476
6.21905
4.39048
5.30476
5.04762
8.15238
4.80952
11.1333
6.98095
8.29524
5.73333
4.13333
9.17143
4.37143
9.1619
5.57143
6.92381
6.29524
5.80952
8.25714
6.40952
4.08571
4.39048
4.06667
6.27619
6.53333
4.07619
7.06667
5.49524
9.46667
4.2381
7.37143
5.59048
4.20952
4.46667
9.29524
10.8286
5.11429
6.35238
6.87619
8.87619
9.21905
4.42857
7.3619
6.8
8.39048
5.93333
5.10476
7.0381
9.6
11.3524
6.34286
10.4381
6.38095
5.42857
8.61905
5.47619
7.61905
6.68571
6.19048
5.66667
8.19048
7.49524
4.12381
6.27619
4.01905
7.42857
8.72381
6.33333
6.90476
12.3048
8.7619
7.20952
4.75238
5.88571
5.49524
6.02857
6.4
7.9619
11.0095
5.95238
7.26667
9.86667
6.87619
6.68571
8.26667
6.06667
7.40952
6.08571
9.8381
4.4
6.64762
5.92381
5.89524
7.28571
7.0381
6.30476
5.53333
4.28571
5.34286
6.92381
5.95238
4.2381
5.50476
4.51429
6.14286
5.42857
8.9619
7.28571
4.58095
8.98095
5.28571
8.31429
4.41905
7.05714
10.2762
7.77143
6.33333
4.66667
6.54286
6.62857
5.4381
5.73333
5.0381
5.1619
6.3619
9.64762
6.25714
6.19048
6.17143
5.20952
6.66667
9.89524
4.79048
4.81905
6.37143
8.42857
8.11429
6.09524
4.15238
4.4381
10.2667
5.12381
10.8571
5.99048
9.17143
5.6381
6.80952
6.24762
7.72381
9.06667
7.88571
13.5143
6.29524
7.17143
5.55238
4.53333
4.69524
9.32381
8.73333
6.79048
5.25714
8.29524
6.5619
6.85714
9.49524
4.13333
6.28571
5.8
6.00952
8.06667
6.65714
8.67619
8.50476
5.2381
6.10476
5.08571
4.38095
4.18095
6.19048
9.8
4.05714
7.69524
5.38095
5.37143
5.58095
4.47619
6.19048
10.4667
5.33333
4.25714
6.13333
6.77143
10.1238
10.981
8.86667
6.21905
8.6
4.97143
8.12381
4.32381
6.58095
5.52381
4.37143
5.51429
8.64762
6.28571
7.92381
7.66667
6.80952
7.1619
5.8
9.22857
6.30476
6.80952
6.55238
8.2
7.99048
6.18095
9.6381
7.05714
10.3143
6.29524
4.98095
9.18095
10.2381
7.90476
6.2381
5.29524
9.00952
6.08571
4.20952
10.7905
5.4381
7.27619
4.41905
9.49524
9.2
7.9619
9.19048
5.97143
9.01905
6.7619
7.88571
9.51429
9.19048
5.85714
4.2381
4.98095
8.75238
6.51429
7.07619
4.33333
6.12381
6.94286
8.32381
8.15238
7.42857
8.38095
9.82857
8.08571
7.79048
4.51429
5.8381
7.12381
7.81905
5.41905
6.26667
4.55238
5.87619
5.70476
4.27619
8.92381
4.24762
7.01905
5.05714
4.95238
4.19048
5.91429
5
5.21905
7.39048
10.7048
7.38095
4.48571
10.2857
7.69524
10
6.17143
8.2
4.20952
7.20952
6.21905
5.90476
6.46667
6.38095
4.38095
5.31429
6.94286
5.53333
5.81905
6.8381
6.41905
6.77143
4.51429
8.75238
7.25714
4.62857
4.44762
7.29524
5.57143
9.42857
4.25714
7.61905
4.10476
9.2
5.5619
6.64762
6.15238
7.29524
9.24762
4.11429
9.94286
5.5619
7.6
13.6857
4.6
4.68571
8.66667
7.8381
8.06667
6.12381
4.44762
4.30476
8.46667
4.49524
8.4381
4.38095
9.11429
5.3619
8.67619
4.47619
8.1619
6.9619
9.34286
5.01905
11.5429
10.2762
5.74286
12.2571
5.91429
4.71429
4.7619
9.25714
10.2286
6.72381
8.64762
6.75238
8.00952
4.25714
9.19048
6.1619
6.2
6.72381
7.29524
8.89524
6.82857
6.1619
6.14286
6.69524
6.08571
5.13333
8.99048
8.17143
9.73333
9.61905
9.6381
10.981
8.44762
11.2762
6.34286
5.37143
8.85714
4.65714
4.5619
4.42857
12.7429
5.90476
8.17143
6.4
8.62857
4.20952
5.62857
5.35238
6.2381
5.89524
9.33333
9.6381
5.86667
7.20952
5.12381
5.2381
4.26667
5.73333
7.20952
5.5619
6.05714
9.95238
9.70476
9.62857
5.11429
4.81905
7.87619
4.78095
7.55238
4.34286
4.0381
4.22857
7.88571
4.30476
4.52381
4.9619
5.52381
6.50476
7.07619
5.94286
6.41905
7.33333
7.58095
9.4
8.68571
8.89524
6.11429
10.0667
6.19048
6.11429
5.77143
9.07619
6.48571
4.53333
6.26667
4.01905
8.44762
9.88571
10.581
8.45714
5.78095
5.86667
4.19048
6.2381
5.92381
4.37143
4.0381
5.11429
6.44762
6.19048
8.78095
4.94286
6.88571
8.05714
6.20952
6.58095
6.77143
9.27619
5.75238
6.48571
9.69524
8.69524
4.07619
11.3714
8.29524
7.71429
4.98095
5.85714
6.14286
4.78095
11.7619
10.3524
4.29524
5
6.28571
8.34286
10.3048
10.3714
6.52381
5.94286
6.66667
7.04762
9.41905
6.6
9.11429
7.90476
5.9619
6.07619
7.3619
9.93333
5.27619
4.22857
7.7619
5
7.1619
4.98095
5.94286
4.45714
6.40952
6.1619
6.21905
4.1619
9.2
6.1619
8.61905
10.0571
4.2381
7.58095
7.47619
9.6381
10.0095
8.82857
6.70476
4.64762
4.64762
5.3619
6.64762
6.40952
7.78095
9.33333
8.66667
8.48571
6.40952
4.51429
4.17143
6.12381
5.05714
5.2381
4.35238
5.88571
5.2381
7.39048
6.71429
4.47619
7.70476
8.75238
5.01905
10.1238
6.13333
8.42857
6.4
7.88571
7.82857
8.17143
12.2667
9.42857
6.81905
7.14286
4.81905
7.73333
4.39048
6.6
5.21905
5.18095
7.20952
8.6
6.06667
7.44762
4.18095
4.44762
6.62857
5.21905
9.15238
8.49524
5.25714
6.14286
8.26667
5.78095
7.2381
5.69524
6.05714
5.88571
4.25714
5.91429
6.0381
6.29524
8.29524
4.35238
4.4
7.2
5.22857
6.07619
5.29524
4.92381
8.13333
5.8381
7.41905
8.90476
9.94286
5.35238
4.27619
6.2
9.41905
7.06667
4.35238
6.7619
6.77143
6.24762
7.9619
5.44762
7.6
7.08571
7.6
4.00952
7.2
4.24762
4.5619
6.25714
4.92381
7.42857
7.35238
10.2476
6.07619
4.6381
8.51429
4.52381
8.11429
8.34286
5.41905
8.85714
7.14286
4.88571
4.26667
8.57143
4.64762
5.40952
9.90476
9.4
7.87619
5.48571
5.82857
6.59048
5.85714
4.65714
9.32381
10.619
8.18095
4.48571
7.06667
6.9619
8.55238
4.84762
6.07619
10.5238
11.4762
5.4381
10.2667
8.28571
4.88571
6.89524
9.06667
8.77143
4.64762
8.02857
4.46667
6.59048
9.70476
5.88571
5.6381
6.29524
6.34286
5.21905
8.00952
6.32381
4.97143
6.30476
6.82857
5.75238
4.75238
7.80952
4.46667
9.68571
5.82857
6.37143
7.61905
7.84762
4.8
4.50476
4.07619
4.17143
8.5619
6.51429
5.46667
4.15238
5.41905
4.35238
10.419
4.87619
7.2381
4.94286
11.2381
7.8381
5.06667
6.21905
8.09524
8.3619
4.35238
4.47619
4.39048
4.07619
6.07619
4.58095
7.1619
10.581
4.35238
10.9714
11.3714
4.06667
6.97143
6.9619
5.29524
7.48571
8.3619
5.60952
6.68571
5.55238
8.77143
7.50476
7.17143
7.55238
9.41905
4.17143
9.19048
6.97143
11.5238
4.06667
11.6286
10.8
10.619
12.3429
6.64762
4.18095
5.09524
6.07619
5.25714
7.57143
6.98095
5.72381
5
4.06667
6.07619
4.17143
6.30476
9.40952
4.14286
4.19048
7.38095
6.89524
9.59048
8.66667
10.981
7.33333
5.33333
7.08571
8.20952
6.50476
8.29524
7.09524
8.49524
5.15238
9.39048
4.66667
4.28571
6.04762
4.35238
4.42857
4.3619
7.61905
6.77143
4.28571
10.0381
8.90476
5.82857
7.38095
6.02857
6.93333
6.30476
11.2762
5.64762
6.25714
8.68571
9.22857
8.00952
5.01905
6.68571
5.54286
9.05714
8.19048
6.39048
8.39048
6.75238
5.91429
7.46667
6.26667
8.06667
7.6381
10.581
6.14286
9.18095
7.7619
5.35238
4.97143
4
6.84762
8.70476
8.27619
6.09524
9.50476
4.37143
5.64762
5.7619
7.70476
7.70476
4.33333
7.41905
5.82857
8.30476
6.47619
6.17143
6.26667
4.4
7.2
4.54286
6.05714
4.14286
7.33333
4.10476
4.34286
4.65714
5.22857
13.2571
8.38095
6.2
6.35238
5.89524
4.66667
6.00952
9.17143
7.24762
4.22857
4.29524
6.59048
8.86667
6.81905
7.82857
6.64762
6.79048
6.72381
6.93333
8.0381
6.3619
6.79048
7.97143
9.7619
4.09524
4.46667
7.25714
4.27619
7.12381
8.35238
11.6381
9.05714
7.77143
6.0381
8.29524
8.78095
5.17143
4.21905
7.81905
4.51429
8.25714
5.62857
8.94286
7.4381
6.58095
8.08571
6.1619
4.34286
8.87619
6.98095
5.42857
4.25714
5.68571
4.4381
5
6.09524
11.0476
8.97143
9.61905
5.84762
6.04762
5.41905
10.3429
4.88571
8.69524
9.93333
7.2
8.13333
7.40952
10.2762
5.79048
4.07619
6.59048
15.7619
7.27619
8.18095
9.90476
8.86667
5.17143
5.33333
6.45714
9.14286
4.41905
11.0952
10.2
7.75238
6.90476
8.6
5.6
7.74286
4.1619
7.64762
11.7333
5.73333
4.3619
8.8381
6.88571
7.87619
4.57143
6.89524
6.8381
10.2476
7.22857
10.5714
7.65714
8.10476
6.58095
6.07619
8.19048
10.2095
6.29524
4.09524
7.31429
5.90476
9.27619
6.41905
4.85714
4.11429
4.4381
4.70476
5.18095
5.14286
6.79048
5.37143
7.72381
4.24762
6.94286
5.15238
4.0381
4.17143
9.82857
4.64762
7.21905
4.35238
6.35238
7.79048
5.55238
6.1619
5.45714
8.61905
5.73333
7.29524
4.2381
9.75238
4.42857
9.17143
5.86667
4.2381
5.8381
8.77143
9.85714
6.55238
7.77143
8.05714
11.4476
5.53333
7.66667
4.3619
4.5619
4.04762
5.54286
8.84762
4.22857
9.5619
4.25714
4.57143
8.77143
7.1619
5.94286
9.80952
4.90476
4.37143
7.5619
7.88571
5.7619
6.21905
6.25714
5.1619
6.3619
6.4381
7.6
6.62857
5.48571
4.1619
4.40952
4.14286
7.58095
6.19048
6.28571
8.95238
7.33333
6.52381
5.26667
6.04762
9.69524
5.60952
6.68571
6.3619
6.46667
7.9619
6.99048
4.4
5.65714
4.69524
7.47619
4.38095
13.9333
8.72381
4.51429
8.29524
4.18095
7.4
4.37143
4.40952
6.98095
9.19048
7.94286
7.67619
4.2381
6.1619
5.55238
4.8381
8.38095
8.65714
7.00952
6.17143
5.86667
6.72381
5.38095
8.00952
5.57143
6.02857
4.17143
4.48571
4.28571
5.47619
4.61905
5.6
6.82857
10
4.25714
4.77143
4.6381
6.73333
5.10476
4.19048
6.98095
5.88571
6.01905
4.84762
5.74286
4.47619
4.17143
8.50476
6.5619
4.4
6.31429
6.48571
8.5619
4.20952
4.80952
8.88571
6.4
9.87619
4.85714
8.41905
6.05714
8.2381
10.1333
8.88571
5.73333
6.95238
11.4095
6.4381
6.2381
11.5048
7.11429
8.13333
10.4762
6.48571
4.38095
7.24762
6.8
6.69524
4.0381
8.6381
6.47619
12.9905
9.18095
6.53333
10.6
7.77143
9.68571
6.29524
6.85714
8.54286
6.57143
6.35238
9.26667
8.67619
7.20952
6.12381
8.69524
6.66667
6.85714
6.14286
6.1619
10.1905
4.77143
5.9619
4.41905
4.13333
7.89524
8.71429
6.6381
7.37143
4.26667
7.2
4.02857
10.6952
9.2
8.92381
10.2571
5.45714
8.60952
6.21905
7.4
8.12381
7.20952
4.09524
5.87619
5.93333
9.06667
7.82857
7.5619
9.66667
4.68571
4.2
4.18095
8.20952
4.9619
6.99048
4.28571
6.70476
8.55238
5.61905
6.99048
6.12381
9.05714
8.00952
7.78095
4.57143
8.52381
8.6
8.01905
7.49524
9.14286
5.51429
4.69524
6.04762
6.48571
6.49524
8.24762
8.00952
7.07619
9.73333
4.19048
5.11429
9.15238
4.08571
6.21905
5.1619
4.39048
5.86667
5.21905
4.59048
7.37143
4.5619
7.02857
4.38095
8.46667
7
4.69524
7.71429
4.53333
6.25714
4.97143
8.06667
6.88571
6.50476
8.68571
4.21905
4.2
4.2
6.02857
7.09524
7.2
5.73333
4.2381
5.99048
6.18095
7.0381
5.4
4.42857
7.26667
5.95238
4.4381
6.51429
7.98095
6.73333
6.53333
6.87619
7.71429
5.90476
4.18095
6.57143
9.66667
8.39048
8.02857
6.07619
5.11429
7.19048
4.20952
6.48571
4.68571
8.12381
5.5619
6.21905
6.9619
7.00952
5.1619
5.86667
8.6381
4.2381
6.2
5.73333
6.97143
9.28571
6.72381
5.87619
4.54286
5.42857
5.92381
4.2381
6.49524
5.12381
5.45714
4.33333
7.68571
12.3619
9.86667
7.3619
11.7143
4.57143
5.39048
4.53333
5.72381
9.95238
7.58095
8.52381
7.84762
9.08571
8.31429
7.49524
6.66667
6.45714
7.67619
7.88571
4.19048
5.8381
7.58095
15.7714
6.68571
6.98095
6.54286
5.01905
8.47619
6.06667
4.7619
7.33333
8.72381
6.61905
9.4381
4.40952
5.37143
6
6.9619
4.62857
7.97143
6.17143
18.7714
7.62857
6.15238
10.0381
6.90476
7.46667
7.18095
5.42857
7.89524
4.4381
7.34286
4.55238
8.2
6.99048
8.11429
9.40952
9.84762
5.79048
4.48571
5.48571
4.41905
7.52381
9.41905
4.49524
9.2381
4.81905
5.64762
8.48571
6.62857
6.57143
7.45714
4.37143
4.91429
5.37143
5.39048
6.18095
7.25714
6.24762
7.19048
5.06667
8.6
4.38095
4.5619
4.44762
5.05714
6.61905
6.58095
5.42857
7.12381
6.08571
4.28571
4.4381
4.65714
4.46667
4.04762
5.69524
8.35238
12.6286
4.62857
6.89524
6.8381
9.54286
7.1619
5.57143
10.8571
4.24762
10.4476
10.9905
8.70476
8.69524
4.21905
4.37143
4.09524
4.44762
9.52381
12.8286
8.35238
11.0667
5.49524
11.0381
9.25714
9.75238
6.74286
10.6952
4.58095
10.7143
4.47619
8.3619
7.5619
7.35238
7.15238
6.69524
4.10476
7.30476
5.12381
4.6381
4.80952
4.75238
4.7619
7.51429
6
9.21905
4.55238
8.51429
11.1619
4.67619
7.69524
8.52381
6.82857
4.64762
5.18095
8.59048
6.18095
5.04762
4.6
7.9619
6.7619
8.40952
10.0095
12.019
6.45714
6.29524
6.06667
9.59048
7.35238
6.81905
6.48571
5.10476
5.88571
8.50476
6.04762
6.10476
6.48571
17.2762
8.12381
4.22857
4.71429
4.58095
7.41905
7.78095
4.78095
6.58095
4.42857
4.40952
6.91429
4.99048
6.98095
4.21905
10.1905
8.60952
4.20952
5.09524
6.1619
10.419
4.68571
7.29524
6.93333
5.80952
7.07619
11.4667
7.80952
5.57143
5.8
5.08571
4.28571
4.18095
5.93333
9.00952
7.19048
6.82857
8.47619
5.79048
5.04762
6.9619
7.75238
5.06667
6.0381
12.1524
5.15238
4.21905
6.10476
7.54286
6.54286
6.7619
4.1619
5.26667
4.4381
4.4381
6.73333
6.44762
4.25714
7.45714
5.88571
9.57143
4.26667
4.05714
5.25714
4.52381
10.0762
7.0381
6.1619
4.64762
4.2381
7.48571
5.42857
5.75238
4.47619
4.58095
6.80952
5.49524
4.3619
7.49524
6.61905
7.87619
5.72381
4.38095
9.34286
4.06667
9.17143
8.19048
9.58095
6.70476
7.32381
4.89524
8.37143
6.15238
8.40952
7.6
8.41905
6.98095
5.93333
6.18095
8.97143
9.88571
4.34286
5.95238
7.98095
5.78095
7.45714
5.91429
4.37143
7.12381
4.34286
7.0381
7.2
5.07619
8.40952
5.75238
7.18095
4.2381
10.2381
4.2381
4.50476
7.21905
7.33333
9.24762
4.15238
7.01905
7.09524
7.90476
10.5333
4.17143
4.15238
7.82857
5.34286
7.84762
5.29524
4.64762
8.20952
9.87619
7.8
7.68571
5.31429
7.77143
6.39048
7.6381
7.6
7.21905
4.4381
8.9619
4.78095
7.6381
7.74286
4.18095
4.04762
4.00952
4.27619
4.31429
9.91429
6.09524
6.2381
5.5619
5.55238
5.97143
6.42857
3.22857
3.59048
7.01905
7.24762
5.12381
4.69524
5.97143
3.24762
4.75238
3.04762
5.95238
7.97143
8.46667
5.41905
3.6
3.39048
5.25714
3.40952
4.97143
3.10476
3.12381
3.07619
6.5619
5.25714
3.54286
7.80952
4.5619
5.2
8.35238
6.13333
4.3619
3.12381
3.66667
4.85714
7.38095
4.37143
6.44762
4.17143
5.32381
5.33333
5.85714
3.09524
4.82857
6.7619
6.53333
9.5619
5.01905
4.24762
4.85714
4.50476
6.78095
7.68571
5.20952
5.52381
5.45714
3.91429
3.20952
4.40952
5.7619
6.64762
3.10476
4.5619
6.62857
8.18095
3.52381
7.4
8.07619
3.1619
3.9619
3.27619
10.0952
5.27619
5.92381
8.71429
4.84762
5.74286
5.47619
6.37143
9.92381
8.25714
6.35238
6.91429
8.98095
4.78095
4.81905
5.05714
3.46667
3.18095
5.57143
4.4
6.30476
3.31429
3
3.24762
5.84762
5.4381
3.34286
5.07619
4.95238
3.04762
5.61905
6.19048
5.20952
3.22857
5.84762
6.61905
3.27619
3.48571
6.19048
9.3619
7.90476
3.34286
5.53333
4.8381
6.58095
3.29524
3.14286
4.90476
3.24762
4.10476
5.65714
4.55238
5.01905
5.47619
6.85714
3.66667
5.0381
4.31429
4.59048
4.86667
5.3619
4.81905
3.69524
6.34286
5.99048
4.92381
3
3.2381
3.19048
4.71429
4.73333
3.10476
7.21905
5.5619
5.98095
3.6381
7.38095
3.05714
7.00952
3.53333
3.71429
4.70476
4.52381
3.08571
5.65714
4.52381
4.80952
4.18095
4.71429
4.92381
3.29524
3.6381
3.18095
9.46667
6.4381
5.55238
4.04762
5.00952
5.72381
8.66667
6.07619
7.30476
3.25714
8.38095
10.019
3.66667
4.06667
7.52381
4.0381
6.99048
4.92381
6.42857
3.93333
5.99048
3.24762
5.12381
3.02857
3.13333
3.38095
6.20952
3.05714
4.9619
5.35238
3.4
5.95238
17.4286
5.44762
3.99048
3.47619
6.39048
3.02857
6.11429
3.45714
5.20952
3.52381
5.64762
6.54286
4.9619
7.55238
5.31429
4.60952
4.84762
4.90476
3.51429
4.89524
4.57143
7.04762
4.8381
8.82857
6.2
3.22857
8.33333
3.79048
6.21905
3.22857
3.15238
5.61905
5.39048
5.47619
3.24762
5.52381
6.39048
6.98095
4.77143
4.79048
4.64762
6.28571
6.57143
7.78095
6.51429
3.21905
3.33333
7.66667
8.15238
5.2
3.62857
8.70476
4.51429
5.48571
3.22857
13.6
3.2
7.97143
3.25714
6.48571
4.85714
11.9429
3.18095
4.27619
3.14286
4.58095
6
8.13333
3.87619
3.2
10.0381
4.42857
3.05714
7.85714
6.30476
5.40952
6.45714
5.6381
7.19048
5.09524
5.38095
7.48571
8.92381
5.51429
5.6381
3.01905
3.18095
5.97143
5.20952
8.27619
5.10476
3.27619
3.4381
3.18095
3.25714
5.84762
3.15238
8.01905
3.11429
6.06667
4.7619
6.98095
4.13333
6.69524
6.78095
5.2
3.17143
6.35238
6.15238
4.30476
4.19048
3.2381
5.31429
5.21905
5.99048
7.31429
3.13333
6.82857
3.82857
3.47619
4.84762
3.7619
3.70476
8.9619
3.02857
3.30476
3.0381
3.20952
3.52381
3.54286
6.20952
3.48571
3.38095
3.27619
3.28571
3.65714
5.71429
4.90476
3.12381
5.35238
7.57143
3.33333
5.86667
6.8
4.38095
5.8381
3.0381
7.95238
4.82857
3.6
7.30476
3.78095
4.24762
6.17143
3.25714
5.51429
4.57143
7.18095
6.29524
5.9619
7.78095
8.58095
3
7.67619
3.95238
6.6
9.8
7.70476
5.69524
4.59048
5.99048
3.26667
3.26667
3.1619
5.35238
5.45714
3.79048
5.35238
3.30476
9.48571
5.68571
6.59048
5.93333
7.93333
10.4286
3.40952
5.71429
3.34286
5.74286
5.81905
5.65714
3.34286
5.92381
3.09524
4.82857
4.87619
5.84762
11.3143
8.26667
6.28571
5.80952
28.4857
7.25714
5.44762
3.3619
3.30476
3.32381
4.19048
6.22857
6.8
6.24762
5.50476
5.87619
3.5619
6.60952
3.14286
3.68571
3.29524
3.15238
9.0381
3.59048
7.15238
5.00952
7.31429
5.2381
6.61905
4.4
4.97143
4.79048
4.42857
3.10476
6.53333
5.66667
8.49524
3.26667
3.31429
5.40952
5.04762
6.73333
4.00952
5.41905
5.8
7.11429
7.92381
3.82857
3.47619
5.01905
5.28571
3.26667
6.13333
3.20952
8.94286
6.22857
4.69524
3.62857
5.93333
3.32381
5.07619
3.95238
3.22857
6.19048
5.71429
4.66667
4.85714
7.22857
6
5.28571
3.64762
5.30476
5.78095
8.20952
5.87619
8.88571
6.84762
3.85714
4.95238
3.31429
7.32381
4.26667
6.8381
3.04762
4.26667
4.86667
4.79048
3.12381
3.91429
3.0381
4.90476
4.55238
4.21905
5.51429
8.11429
4.80952
3.87619
4.70476
5.21905
4.30476
3.29524
6.00952
4.41905
3.35238
4.09524
3.00952
3.42857
7.59048
8.34286
4.67619
4.58095
4.53333
8.50476
3.32381
6.81905
5.31429
7.02857
6.44762
7.72381
4.34286
4.75238
6.08571
4.48571
3.38095
8.85714
8.4
7.32381
5.57143
6.2
7.47619
7.58095
4.99048
7.21905
10.1714
4.19048
7.99048
6.7619
5.59048
4.68571
5.2381
3.29524
3.04762
7.90476
3.04762
3.13333
3.28571
7.00952
3.70476
5.51429
3.4381
4.28571
4.50476
3.19048
3.7619
5.01905
3.32381
5.40952
6.61905
3.2381
3.10476
4.48571
6.3619
3.15238
5.13333
4.78095
6.40952
3.12381
3.10476
3.1619
5.67619
3.2
3.05714
3.79048
3.42857
3.69524
3.26667
4.92381
3.14286
6.32381
4.48571
8.46667
4.79048
5.90476
4.3619
4.8
7.79048
4.6
3.01905
3.70476
3.2
5.13333
4.40952
4.99048
6.79048
8.75238
5.57143
3.17143
9.2381
5.53333
5.4
3.46667
3.38095
3.38095
3.13333
5.26667
6.40952
8.32381
3.60952
6.95238
7.25714
8.31429
4.5619
5.45714
5.19048
7.67619
8.97143
3.33333
3.88571
3.25714
4.7619
5.6
4.64762
5.44762
6.99048
6.1619
3.06667
5.4381
4.95238
3.66667
3.48571
5.45714
7.87619
3.4381
12.6857
5.0381
8.25714
6.58095
6.6
7.21905
3.27619
5.30476
3.24762
3
3.14286
5.26667
7.4
3.01905
5.31429
6.48571
3.42857
3.20952
3.13333
6.09524
5.87619
5.75238
4.58095
7.31429
3.09524
4.2
3.86667
5.48571
8.70476
5.22857
4.52381
4.80952
5.19048
5.44762
3.4381
3.15238
5
3.28571
4.60952
4.65714
3.25714
7.91429
5.01905
3.13333
3.09524
5.40952
3.1619
6.07619
6.91429
3.2
3.49524
3.51429
3.11429
5.17143
4.35238
5.10476
3.17143
7.52381
4.61905
5.68571
3.37143
5.13333
3.04762
3.37143
4.25714
4.78095
3.3619
3.14286
5.00952
5.87619
5.19048
3.21905
4.42857
4.89524
3.35238
3.17143
3.89524
9.35238
4.25714
3.73333
3.28571
4.89524
6.53333
4.59048
6.51429
3.49524
7.69524
3.5619
4.18095
7.73333
3.19048
7.14286
3.4
4.92381
4.8
3.81905
6.47619
3.34286
5.8381
6.48571
3.2381
3.35238
3.58095
8.48571
6.74286
4.2381
3.11429
7.67619
3.22857
5.10476
4.99048
6.59048
3.09524
3.19048
4.80952
3.06667
3.21905
8.92381
3.08571
6.72381
3.44762
9.1619
3.86667
7.22857
6.07619
4.3619
3
3.12381
3.10476
9.26667
6.82857
6.07619
5.17143
3.00952
5.1619
6.00952
3
7.1619
9.09524
3.10476
6.6
3.11429
5.84762
8.07619
5.29524
3.86667
4.85714
6.45714
5.19048
10.0476
7.44762
4.64762
3.29524
3
3.30476
3.01905
5.15238
8.49524
3.05714
3.82857
3.13333
3.25714
3.28571
3.39048
5.98095
3.1619
3.05714
6.54286
3.1619
9.46667
7.57143
6.7619
8.34286
5.07619
3.11429
5.68571
3.18095
6.53333
4.85714
4.55238
3.28571
5.79048
5.04762
3.07619
3.32381
3.32381
6.1619
7.18095
3.0381
7.0381
3.18095
7.18095
6.51429
3
3.71429
6.31429
5.87619
6.09524
5.38095
5.46667
4.55238
3.06667
5.8381
6.26667
4.71429
3.06667
6.67619
5.02857
3.01905
3.45714
5.06667
4.35238
3.32381
3.4381
6.55238
7.46667
3
3.17143
6.8
5.58095
6.06667
5.55238
6.49524
8.49524
6.11429
4.97143
7.73333
4.80952
3.30476
3.39048
3.1619
3.11429
6.99048
3.24762
3.26667
3.02857
5.72381
6.59048
4.39048
7.12381
5.57143
4.42857
7.82857
4.59048
4.21905
5.32381
3.05714
4.68571
4.53333
5.01905
5.10476
4.72381
7.18095
6.14286
4.64762
5.37143
6.75238
3.02857
4.93333
6.74286
3.08571
6.60952
5.80952
8.20952
4.67619
7.74286
3.45714
4.72381
5.70476
5.44762
5.47619
4.6
3.1619
3.48571
4.98095
9.31429
7.70476
3.52381
5.02857
5.6
3.90476
7.34286
5.90476
8.22857
8.46667
7.79048
7.80952
5.70476
7.8381
6.92381
3.15238
6.34286
6.6381
3.68571
7.78095
7.59048
5.68571
4.68571
5.21905
3.22857
7.54286
8.94286
7.19048
3.30476
5.19048
3.47619
3.13333
4.72381
6.95238
3.35238
3.2381
6.71429
7.91429
8.34286
3.30476
3.30476
3.04762
5.00952
4.35238
3.2
5.11429
3.5619
3.2381
3.06667
4.69524
4.88571
5.27619
6.5619
5.17143
7.7619
4.71429
11.6571
3.52381
4.17143
6.5619
3.3619
3.50476
3.1619
7.24762
4.8381
3.59048
3.27619
4.38095
3.28571
3.28571
4.00952
4.94286
5.01905
3.47619
4.17143
5.01905
4.66667
3.27619
4.9619
5.13333
6.94286
6.10476
5.67619
5.41905
5.01905
8.12381
4.47619
5.72381
3.18095
5.09524
3.27619
3.07619
5.02857
7.99048
4.40952
3.28571
3.04762
3.18095
4.92381
3.51429
3.38095
6.94286
6.12381
6.48571
5.82857
3.29524
5.2
4.60952
5.2381
4.62857
7.32381
4.84762
4.98095
3.4
8.37143
3.42857
4.70476
7.10476
6.49524
6.1619
5.25714
6.67619
7.04762
3.65714
5.4381
6.08571
5.02857
3.27619
5.47619
5.52381
6.99048
5.22857
3.30476
8.32381
3.13333
3.14286
3.28571
3.05714
3.2381
7.10476
5.40952
5.25714
4.65714
4.05714
6.2
8.46667
6.3619
7.71429
3.42857
3.57143
3.14286
4.62857
5.80952
6.85714
4.88571
3.2381
5.41905
3.35238
7.5619
5.30476
6.06667
3.01905
7.6381
7.34286
5.4381
4.60952
4.70476
7.12381
3.19048
3.20952
7.55238
4.40952
4.60952
6.15238
7.57143
3.10476
5.20952
9.09524
3.1619
5.21905
3.52381
3.32381
4.77143
7.75238
4.58095
4.50476
7.91429
4.55238
6.31429
4.65714
7.7619
3.27619
3.12381
3.21905
6.02857
3.47619
5.12381
5.19048
7.82857
3.3619
6.3619
5.2
5.34286
3.48571
8.15238
11.4286
5.6
5.1619
6.51429
6.05714
4.72381
5.8381
9.26667
5.37143
5.61905
7.62857
6.42857
6.90476
5.01905
6.1619
8.29524
4.51429
6.44762
3.19048
5.28571
7.3619
5.10476
8.93333
8.68571
5.02857
6.18095
10.1619
5.38095
3.51429
5.55238
7.61905
3.61905
4.87619
5.00952
7
5.47619
4.59048
9.55238
3.18095
4.46667
3.17143
6.39048
5.01905
3.34286
3.5619
7.10476
4.61905
5.19048
3.90476
10.1429
8.38095
4.8381
3.44762
5.64762
6.2
3.27619
5.91429
5.45714
3.2
4.52381
6.98095
3.26667
5.55238
4.82857
4.6381
5.15238
3.04762
5.1619
7.29524
7.35238
8.57143
3.24762
3.05714
4.92381
7.69524
3.66667
6.44762
3.50476
3.13333
7.66667
4.0381
3.54286
11.1238
5.00952
5.2381
9.89524
7.3619
5.08571
3.80952
5.67619
6.35238
10.7143
4.88571
4.40952
5
7.34286
6.51429
3.86667
4.71429
6.37143
5.65714
3.33333
4.75238
5.01905
3.50476
9.04762
3.20952
6.49524
7.37143
6.70476
8.61905
5.80952
3.75238
6.90476
5.05714
4.06667
4.92381
7.04762
5.94286
5.32381
3.39048
3.6
3.46667
3.3619
4.93333
6.29524
4.67619
3.18095
6.11429
3.24762
4.73333
3.20952
3.8381
3.4381
5.26667
5.84762
6.2381
4.47619
3.2
6.02857
3.14286
6.78095
3.08571
7.21905
9.60952
4.38095
3.26667
10.3333
8.10476
3.00952
3.25714
5.77143
8.64762
8.2381
3.32381
6.42857
3.04762
9.5619
5.2381
7.01905
4.91429
6.6381
3.94286
3.8
5.70476
3.35238
6.90476
6.66667
5.97143
6.88571
5.71429
6.30476
5.61905
4.5619
3.5619
8.34286
6.4381
3.09524
5.06667
7.07619
3.27619
3.54286
4.79048
5.53333
3.00952
9.32381
6.4381
3.4
4.32381
6.1619
5.80952
4.91429
5.91429
5.05714
3.28571
4.2381
5.69524
5
4.45714
6.48571
3.28571
7.52381
5.12381
6.10476
5.55238
3.93333
6.21905
5.97143
3.40952
5.79048
7.64762
7.64762
3.06667
4.55238
3.06667
7.95238
3.46667
5.99048
5.26667
5.49524
3.24762
6.05714
3.29524
8.41905
3.28571
7.92381
5.9619
3.21905
3.07619
5.02857
3.18095
5.9619
8.9619
5.02857
3.17143
3.11429
5.52381
5.72381
6.25714
3.1619
5.33333
3.21905
4.8
12.1429
6.5619
7.92381
6.00952
4.52381
3.30476
4.30476
9.3619
3.45714
5.24762
3.00952
3.3619
8.15238
4.44762
3.41905
4.35238
3.17143
6.4
3
5.44762
7.97143
4.92381
4.50476
4.89524
7.02857
4.87619
6.14286
6.20952
3.2
3.27619
3.21905
4.70476
4.82857
5.2
3.07619
5.75238
6.58095
3.09524
3.24762
4.65714
3.29524
3.06667
3.27619
5.07619
5.4
3.94286
3.15238
5.69524
5.8381
4.79048
3.07619
7.1619
6.44762
3.31429
3.14286
3.13333
5.49524
3.32381
3.07619
6.22857
3.64762
3.04762
3.41905
8.10476
3.50476
3.07619
7.61905
3.3619
4.55238
5.12381
5.85714
4.6
3.86667
4.75238
7.18095
5.17143
6.38095
5.72381
5.95238
8.95238
6.95238
5.08571
6.05714
6.80952
4.31429
4.97143
3.47619
3.42857
5.08571
4.90476
5.40952
3.6381
3.41905
4.33333
5.24762
5.47619
3.91429
4.6
4.51429
4.71429
6.45714
3.32381
3.18095
8.33333
5.65714
6.30476
5.39048
4.06667
6.10476
5.45714
3.26667
3.3619
5.49524
5.52381
3.42857
3.27619
5.4
11.2762
6.40952
5.01905
9.58095
7.4
4.47619
3
3.91429
3.68571
5.32381
4.67619
5.60952
3.5619
4.65714
4.38095
9.18095
6.70476
7.84762
4.67619
3.62857
3.21905
7.38095
5.00952
7.1619
8.37143
5.2
5.17143
7.72381
5.3619
5.1619
5.44762
3.14286
3.31429
3.2381
3.20952
3.84762
3.07619
3.8
7.34286
6.5619
6.24762
8.75238
4.26667
6.8381
3.40952
7.08571
7.80952
5.31429
4.13333
7.98095
6.25714
3.31429
4.53333
7.93333
9.8381
3.27619
5.2
3.14286
6.21905
3.2381
3.07619
5.26667
3.31429
4.88571
3.41905
5.67619
6.48571
3.20952
3.60952
3.04762
5.34286
4.91429
4.97143
3.68571
3.14286
3.48571
5.09524
4.46667
7.6381
4.8381
3.24762
8.17143
5.9619
3.58095
8.3619
6.59048
4.88571
3.62857
7.77143
5.08571
5.5619
5.78095
7.20952
4.01905
3.91429
8.4381
3.27619
5.15238
5.32381
5.30476
5.84762
4.53333
3.47619
7.09524
6.54286
3.2
7.49524
3.47619
3.98095
6.14286
5.44762
5.2
3.98095
3.9619
7.13333
6.05714
8.58095
7.25714
7.01905
3.67619
3.2381
6.09524
3.15238
3.17143
3.93333
5.2381
8.2381
4.06667
8.39048
3.34286
3.8381
5.67619
4.35238
4.10476
5.52381
5.49524
6
4.9619
4.90476
3.17143
5.17143
10.2857
3.1619
6.92381
6.75238
3.37143
7.59048
6.54286
5.84762
7.40952
3.59048
8.45714
3.32381
4.91429
6.60952
5.18095
3.0381
5.30476
9.90476
5.65714
6.9619
5.48571
4.68571
7.73333
3.27619
4.39048
3.30476
4.68571
3.06667
8.73333
3.08571
5.67619
3.15238
3.15238
3.71429
4.72381
5.10476
5.40952
7.5619
4.2381
5.17143
4.73333
7.20952
5.90476
5.02857
5.55238
7.47619
5.09524
3.00952
4.4381
7.41905
3.39048
5.35238
5.6
3.19048
4.68571
5.89524
7.27619
3.44762
5.40952
3.1619
4.60952
8.81905
5.11429
3.2
7.57143
3.86667
3.33333
6.0381
3.34286
6.35238
5.02857
3.41905
3.02857
5.97143
7.87619
5.41905
5.37143
4.45714
8.24762
3.42857
3.41905
3.2381
3.52381
5.38095
3.1619
6.72381
4.55238
3.35238
3.26667
3.22857
9.62857
4.09524
4.53333
3.19048
3.2
7.84762
4.06667
3.14286
4.79048
3.11429
3.4381
8.75238
3.13333
6.90476
4.75238
7.45714
7.52381
4.82857
5.12381
4.66667
10.2571
7.24762
3.2
5.51429
3.68571
7
5.42857
3.19048
5.12381
9.90476
3.1619
9.28571
5.61905
5.34286
3.02857
4.14286
3.4381
4.35238
8.35238
5.85714
6.84762
8.20952
3.17143
5.37143
3.26667
7.42857
8.28571
3.17143
3
3.69524
5.13333
6.05714
9.28571
7.05714
10.1429
7.07619
3.52381
4.86667
7.50476
4.38095
7.90476
5.17143
8.64762
5.74286
3.46667
4.45714
5.01905
5.21905
4.42857
6.14286
4.8381
5.34286
6.80952
3.20952
3.2381
7.26667
7.67619
3.1619
7.7619
3.05714
8.01905
4.22857
5.53333
4.82857
5.29524
6.07619
6.84762
5.7619
4.7619
3.27619
5.2381
6.0381
7.32381
6.45714
6.07619
6.9619
6.62857
3.09524
8.06667
4.60952
8.7619
3.87619
3.6
4.11429
5.98095
4.21905
5.62857
5.26667
5.09524
3.14286
3.52381
4.52381
4.30476
6.68571
3.05714
7.4
5.54286
6.94286
7.80952
5.87619
3.37143
3.09524
4.29524
3.21905
6.05714
3.12381
6.9619
5.70476
3.10476
3.09524
3.32381
4.73333
3.46667
5.25714
8.91429
7.12381
5.0381
8.54286
5.59048
5.5619
4.11429
5.30476
5.40952
7.4381
5.98095
6.19048
6.9619
3.40952
4.85714
3.48571
6.18095
6.57143
3.12381
3.33333
7.13333
4.54286
3.54286
3.30476
3.07619
6
3.09524
6.12381
3.68571
3.78095
3.74286
4.72381
3.18095
4.38095
7.41905
3.37143
3.67619
6.45714
6.01905
5.46667
6.46667
6.1619
5.75238
4.95238
5.28571
5.9619
3.19048
4.58095
4.6
3.92381
3.27619
7.5619
4.9619
4.22857
3.10476
6.97143
6.44762
7.48571
4.97143
6.75238
6.52381
8.86667
4.50476
5.11429
3.35238
6.14286
6.2
6.50476
3.32381
3.2
4.62857
5.24762
3.18095
3.32381
8.80952
7.91429
6.46667
5.22857
3.10476
6.53333
3.05714
3.93333
4.67619
8.45714
6.31429
5.32381
3.32381
8.01905
4.66667
4.75238
7.08571
4.55238
6.67619
3.5619
9.13333
3.06667
6.29524
3.5619
5.58095
3.59048
6.19048
3.22857
6.89524
3.64762
7.19048
3.0381
9.40952
4.92381
3.14286
4.93333
7.92381
6.37143
3.7619
3.13333
7.08571
3.54286
4.86667
5.08571
4.78095
3.35238
3.72381
6.71429
5.80952
8.95238
3.7619
4.4381
3.26667
5.0381
4.46667
4.62857
11.1143
7.6381
6.46667
3.15238
4.3619
3.44762
7.52381
3.35238
3.05714
6.67619
3.80952
3.30476
6.06667
6.0381
3.46667
3.21905
3.04762
5.85714
3.22857
3.25714
6.8381
4.44762
5.49524
4.42857
4.97143
4.05714
3.18095
5.15238
4.39048
4.32381
7.54286
5.91429
3.90476
4.58095
5.59048
3.34286
8.8
6.89524
5.55238
5.24762
3.20952
3.09524
3.27619
7.01905
3.1619
16.4952
3.49524
5.06667
6.29524
4.50476
3.02857
6.74286
3.55238
6.12381
3.58095
6
6.65714
4.82857
3.39048
4.47619
3.19048
3.49524
4.54286
6.11429
3.26667
6.31429
3.66667
4.79048
3.2381
4.34286
7.61905
7.24762
6.27619
5.28571
5.60952
3.30476
4.5619
5.13333
3.14286
4.77143
5.05714
6.81905
8.79048
4.86667
8.69524
7.52381
3.44762
4.61905
4.62857
7.19048
3.6381
7.12381
5.78095
4.19048
7.30476
6.35238
3.11429
3.13333
5.07619
3.2
5.22857
3.99048
3.44762
5.55238
5.51429
5.46667
4.75238
6.67619
5.33333
4.99048
10.1905
3.3619
5.21905
5.07619
7.69524
3.05714
5.81905
5.18095
4.48571
4.55238
4.98095
6.5619
8.26667
4.17143
5.12381
4.07619
7.99048
6.8
4.9619
7.0381
7.95238
4.82857
3.32381
3.02857
8.07619
7.4381
6.78095
4.86667
5.04762
5.38095
5.64762
4.42857
3.42857
3.17143
5.42857
8.68571
3.26667
3.38095
3.50476
3.01905
3.2
6.62857
3.07619
5.94286
6.13333
6.30476
5.99048
4.91429
4.62857
6.89524
6.14286
3.0381
3
5.46667
3.51429
3.30476
8.10476
4.72381
5.94286
3.61905
3.67619
5.47619
3.28571
5.52381
3.37143
6.94286
3.39048
7.73333
5.28571
6.37143
6.34286
4.57143
3.21905
4.98095
3.18095
6.32381
9.01905
6.25714
4.09524
3.2
8.51429
7.38095
3.20952
3.14286
3.33333
5.12381
5.12381
3.93333
3.10476
4.30476
6.33333
8.00952
6.8
5.28571
3.29524
4.91429
5.10476
5.89524
4.1619
6.28571
5.26667
5.77143
7.54286
7.0381
4.95238
7.17143
8.35238
5.35238
4.04762
8.67619
8.51429
6.28571
6.25714
5.32381
5.87619
4.08571
5.02857
4.91429
4.95238
7.71429
7.57143
7.4381
5.4381
6.69524
5.25714
5.17143
4.62857
4.37143
4.6381
5.0381
8.51429
6.11429
4.09524
3.71429
4.92381
6.70476
9.48571
4.88571
5.46667
7.24762
4.87619
4.73333
5.77143
5.84762
6.98095
4.98095
4.29524
3.17143
3
3.06667
7.73333
4.45714
3.19048
6.27619
3.2
4.99048
7.97143
7.52381
6.75238
5.62857
4.44762
4.06667
3.18095
6.34286
5.0381
5.8
8.1619
4.81905
5.15238
4.72381
3.53333
7.09524
3.31429
3.6
3.06667
4.6381
4.10476
5.57143
3.17143
3.52381
3.25714
3.00952
3.13333
3.20952
3.3619
5.17143
3.52381
8.28571
7.19048
5.71429
7.08571
7.21905
6.62857
8.65714
6.69524
9.41905
9.74286
3.78095
5.41905
6.86667
4.1619
4.81905
3.05714
5.52381
6.75238
10.0095
3.39048
6.95238
3.07619
6.65714
7.30476
3.20952
6.89524
3.09524
5.24762
4.53333
6.6
8.52381
5.77143
4.67619
5.62857
3.19048
3.54286
5.39048
6.07619
5
4.51429
3.24762
8.75238
4.47619
9.13333
6.79048
3.09524
4.61905
8.68571
5.77143
4.68571
4.91429
5.70476
9.24762
4.8
3.73333
4.99048
7.4381
6.55238
7.99048
5.88571
5.73333
6.50476
8.67619
4.47619
5.05714
5.90476
3.34286
3.21905
4.3619
3.39048
5.77143
3.9619
5.41905
6.88571
5.34286
3.00952
4.42857
3.12381
6.75238
8.35238
5.40952
3.12381
3.01905
3.10476
6.41905
4.51429
10.181
5.86667
3.69524
3.33333
6.2
7.12381
7.0381
5.47619
4.7619
3.35238
3.07619
4.93333
4.57143
3.18095
3.33333
3.07619
5.20952
3.21905
3.41905
5
7.7619
7.30476
5.26667
4.92381
3.15238
4.19048
3.18095
5.12381
7.94286
7.13333
4.8381
5.34286
3.33333
3.00952
4.53333
4.65714
9.19048
9.05714
3.44762
5.29524
7.70476
7.02857
6.2381
5.1619
5.54286
3.87619
5.70476
6.68571
3.30476
5.86667
3.18095
3.51429
6.4
5.72381
3.85714
3.0381
5.71429
6.27619
3.09524
5.4
3.44762
5.64762
3.21905
5.1619
11.0667
8.5619
3.53333
6.59048
4.94286
4.94286
5.39048
5.6
7.14286
6.44762
2.13333
6.15238
3.99048
3.48571
2.07619
2.28571
2.2381
4
2.38095
2.2
4.15238
3.58095
2.13333
3.84762
2.2381
3.85714
2.2
3.49524
5.99048
2.11429
2.93333
2.5619
2.62857
2.32381
2.14286
3.79048
5.20952
2.0381
8.64762
2.73333
2.00952
2.19048
2.53333
4.30476
2.12381
2.14286
3.25714
2.54286
2.09524
2.28571
3.68571
2.26667
2
3.71429
2.25714
2
3.53333
4.66667
4.30476
3.61905
2.07619
2.09524
6.4
2.01905
4.2
2.08571
5
2.1619
2.2381
2.3619
4.00952
2.01905
2.08571
5.35238
2.67619
7.93333
18.8476
3.49524
6.00952
3.65714
3.57143
2.01905
5.2
7.04762
2.10476
2.02857
2.13333
2.0381
2.0381
3.25714
2.39048
2.01905
4.60952
2.06667
2
2.34286
4.13333
2.27619
4.69524
6.29524
6.93333
6.31429
5.05714
2.01905
5.6381
2.10476
3.3619
3.8
4.65714
9.21905
2
2.59048
2.44762
4.59048
3.08571
2.29524
2.59048
5.29524
2.01905
2.21905
3.6
4.51429
2.13333
2.00952
2.07619
2.09524
2.19048
2.8381
5.12381
4.4
2.11429
2.0381
4.19048
4.73333
4.08571
2.51429
2.40952
5.38095
4.19048
1.05714
3.08571
1.00952
3.84762
5.2381
1.1619
2.8381
1.33333
1.04762
1.00952
1.07619
3.78095
3.21905
1.17143
3.20952
1.20952
1.68571
1.01905
1.06667
4.39048
2.49524
1.10476
1.01905
2.3619
3.28571
1.6
3.69524
1.01905
1.24762
1
1.15238
1.04762
1.00952
1.2
5.17143
1.12381
1.10476
1.12381
1.04762
3.68571
1.13333
4.13333
4.98095
3.32381
1.01905
1.08571
3.81905
1.24762
1
1.00952
1.15238
3.67619
3.17143
1.09524
1.08571
3.06667
1.2381
1.21905
1.0381
3.26667
2.53333
1.93333
2.6
1
1.1619
1
1
3.9619
3.72381
1.10476
2.67619
2.62857
1.2381
1.10476
1.25714
1
1.61905
1.05714
1
1
1.0381
3.14286
1.13333
1
1.0381
1.0381
1.18095
1.06667
1
4.54286
1
1.17143
4.2381
4.81905
2.97143
3.99048
1
3.6381
1.0381
1.12381
2.81905
5.30476
1.07619
1.07619
4.14286
1.14286
1.00952
3.82857
1
1.21905
1
1.14286
3.69524
4.42857
1
3.5619
1.14286
1.09524
3.75238
1
3.6381
1.53333
1
1.14286
3.99048
1.00952
2.50476
4.13333
1.01905
1.25714
1
1.04762
2.50476
1.29524
1.19048
1.54286
1.17143
1.26667
4.20952
1.10476
4.20952
1
3.0381
1.17143
1.64762
1.33333
5.30476
2.9619
1.45714
1.00952
4.12381
4.41905
4.6
1.42857
1
1.00952
1.07619
1.01905
1.04762
1.33333
1.08571
1.17143
2.93333
3.2
1.10476
1.48571
1.14286
3.53333
4.22857
1
1
1.54286
3.52381
3.15238
3.1619
1.10476
3.82857
1
1.10476
1.01905
1
1.1619
1.01905
1.02857
1.1619
3.3619
3.70476
3.81905
1
1.31429
1.01905
1.27619
3.15238
3.53333
3.42857
1.04762
3.47619
1
3.45714
3.88571
1
1.15238
1
2.28571
1.00952
1
4.41905
3.75238
1
1.11429
1.11429
1.13333
1.6
1.86667
3.92381
1.0381
2.54286
4.40952
1.09524
1.18095
1.10476
1.01905
2.71429
1
1.38095
1.05714
1.33333
1.70476
1
1.31429
1.06667
2.61905
1.14286
1.00952
1.14286
1.71429
2.10476
1.4381
1.34286
1.62857
1.47619
1.0381
3.2
1.00952
1.47619
1.05714
1
1.13333
1
1
3.24762
1
1.1619
1
1.14286
1
1
1.12381
1.12381
1
1.04762
1.31429
1.24762
1.13333
1
3.34286
1.0381
1
1.00952
3.94286
4.53333
1.17143
1
1
3.65714
1.17143
3.91429
3.3619
1.19048
3.11429
1
1.24762
1
1.19048
2.19048
3.1619
1.04762
1
1.00952
3.10476
1.00952
3.15238
1.04762
3.26667
3.90476
2.49524
2.90476
5.35238
3.35238
4.90476
1.00952
1
1.48571
3.47619
1.14286
1.30476
1.04762
1.1619
1
1
3.05714
3.74286
1.24762
1.4
4.6
3.25714
1.01905
1
3.50476
1
1.15238
1
3.52381
1.07619
1.25714
4.10476
4.6381
1.06667
4.41905
4.0381
1.04762
3.84762
3.41905
1.06667
3.90476
3.51429
4.1619
2.20952
1.13333
1.1619
1.09524
3.22857
1.08571
1
2.17143
1
1.06667
1.55238
1.20952
1.00952
1
1.25714
3.44762
3.44762
1.2
3.90476
2.92381
1.11429
1
1
1.01905
1.2
1.00952
1.49524
1.14286
2.7619
3.30476
3.38095
3.54286
1.18095
1
1.08571
4.62857
1.35238
1
1.39048
4.55238
1
1.7619
3.24762
3.02857
4.25714
1.01905
3.09524
1.06667
4.12381
2.02857
1.47619
2.32381
1.49524
3.8381
3.50476
1
1
3.74286
1
1.19048
1.18095
3.67619
4.14286
1.21905
1.28571
1
1.06667
1.21905
3.3619
4.84762
3.33333
1.02857
1.07619
1.04762
1
3.72381
2.07619
2.5619
3.77143
1.10476
1.4381
3.45714
1
1.04762
1.17143
1.20952
1.0381
4.37143
2.97143
3.4
1.18095
3.42857
1
3.9619
3.48571
1.2
3.72381
5.06667
2.69524
1.01905
1.07619
1
1
1.20952
1.09524
1.0381
3.61905
1
1
2.58095
1.31429
1.22857
1.2
1.18095
1
4.2381
1.07619
1.00952
1.1619
1.22857
1.10476
4.00952
1
1
3.26667
5.05714
1.15238
1.00952
1.11429
1.01905
1.17143
3.80952
2.37143
3.84762
1.39048
1
3.94286
1.30476
1
3.77143
2.81905
1.09524
3.04762
1.01905
1.09524
1.1619
1.2381
1
1.14286
2.70476
1.14286
1.07619
3.87619
1
1.12381
4.18095
1.10476
2.7619
1.2
1.14286
1.01905
1.00952
1.00952
3.8
1.8381
3.40952
4.12381
2.85714
1.09524
1.51429
4.49524
1.09524
1.01905
4.78095
2.61905
1.0381
1
4.04762
2.67619
1
2.95238
5.07619
1.06667
3.29524
1
1.47619
1.02857
1
1
1.02857
1.10476
1.02857
1.82857
1.2
1.2
1.06667
3.94286
3.14286
1
1.15238
1
1.22857
1.27619
1.12381
3.66667
1.12381
1.10476
1.11429
1.05714
3.88571
4.51429
4.49524
2.86667
1.10476
1.09524
4.08571
1.34286
2.47619
1.25714
3.51429
3.50476
4.22857
1
3.04762
1.00952
1
1.3619
1.01905
1.6
3.79048
1.07619
1.29524
1
4.2
1.00952
1.09524
1
1.07619
5.02857
1.17143
1.38095
1.34286
1.1619
1.06667
3.94286
1.15238
1.02857
1.0381
1
1.02857
1.15238
3.95238
1.2
3.90476
1.14286
1.8381
1.2
3.30476
1.09524
2.58095
2.92381
4.60952
1
1.08571
1.3619
3.42857
1.00952
1.24762
1.29524
1
1.07619
1.0381
5.29524
1.14286
1.00952
1.14286
1.00952
2.8
1
4.46667
1.24762
1.00952
1.17143
1
1.2
3.34286
1.48571
1.19048
1
1.1619
1.10476
4.1619
1.02857
3.1619
3.81905
1.04762
3.94286
1.02857
1.01905
1.09524
2.62857
1.1619
1
1
1.04762
1.40952
4.99048
1
4.15238
1
3.2
1
1.09524
1
1.15238
1
3.06667
3.53333
1.3619
1.1619
1.21905
1
3.27619
4.69524
1.05714
1.50476
3.19048
1.01905
1
1.04762
1.07619
1.15238
1
3.44762
1.07619
3.89524
3.08571
4.4381
1.26667
1
4.53333
1.14286
3.78095
1.17143
1
4.8
1
1.46667
1.08571
3.84762
3.24762
1
1.00952
2.75238
4.53333
1.0381
1.02857
1
1
4
1.37143
4.04762
2.8
1
1
1.05714
4.4381
1.04762
1.41905
4.27619
1.35238
1.18095
3.91429
1.00952
4.21905
1.42857
1.19048
1.01905
1.11429
3.01905
1.02857
3.29524
2.74286
2.97143
4.71429
2.12381
1.00952
1.34286
1
1.05714
2.10476
1
1
2.60952
1.10476
2.37143
2.82857
1
1.22857
1.1619
1.21905
1.14286
3.19048
1.07619
4.45714
3.35238
1.15238
1.18095
5.29524
3.50476
3.39048
1
1
1.54286
1.06667
1
1
2.84762
1.0381
3.90476
1.01905
1.46667
1.21905
1.05714
2.14286
3.46667
1.39048
1.1619
1
1
2.91429
1.13333
1.2381
1.08571
1.05714
1.05714
1
1.24762
1.17143
3.29524
1.17143
3.28571
1.08571
3.4381
1.13333
1
1
3.4
1
1.22857
1.60952
1
2.92381
1.02857
1.00952
1.11429
2.75238
3.28571
1.81905
1.15238
3.4
2.33333
1.0381
1.10476
1.57143
3.78095
1.20952
1.02857
1
1.07619
3.37143
1.00952
3.02857
1.00952
1.06667
1.0381
1.11429
3.19048
2.52381
1
1.09524
1
1
1.55238
1
1.14286
4.22857
1.01905
1
1.05714
1
2.68571
1.00952
1.35238
1.09524
3.48571
1.39048
1.85714
3.73333
1.38095
1.10476
1.34286
1.13333
1.14286
2.73333
3.01905
1
1
1.15238
3.91429
1.04762
4.15238
1
1.00952
3.09524
1
1.10476
1.15238
1.20952
1
1.07619
1.50476
1.00952
2.52381
2.65714
4.01905
2.5619
3.8
1.10476
1.06667
1.01905
1
2.18095
5.09524
1.28571
1.17143
2.73333
1.15238
1.01905
2.25714
1.12381
1.34286
3.57143
1.20952
1.00952
1
1.3619
1.12381
1.00952
3.90476
3.89524
1
1.35238
1.0381
1
2.04762
1.07619
4.86667
5.53333
4.79048
1.0381
1.20952
2.06667
1.12381
2.68571
1.05714
1
1
2.80952
3.52381
1.14286
1
1.59048
1.4381
1.0381
4.3619
1
1.05714
1.07619
1.04762
4.71429
2.19048
5.13333
3.47619
1.24762
1.10476
3.72381
1
5.20952
1.2
2.99048
1.07619
1
3.49524
1.10476
1.14286
1.12381
1.00952
1.06667
1.02857
3.74286
4.66667
3.09524
1.29524
4
1
1.06667
1.01905
1
4.79048
1.22857
5.52381
1.26667
3.40952
3.38095
2.66667
1.12381
1.15238
3.6381
1.06667
4.97143
1.09524
1
1
1.01905
3.77143
1.00952
1.11429
4.2
1.37143
1.13333
3.07619
1.05714
1.06667
1.15238
1.02857
3.9619
4.79048
4.01905
1
1
1
1.01905
3.97143
1.38095
3.26667
1
1.49524
3.32381
1.60952
1
1.0381
1.14286
2.78095
3.53333
3.82857
1.06667
1
3.13333
1.12381
2.77143
1.15238
1
1.10476
1.29524
1
3.75238
1.12381
3.4
1.1619
3.79048
1.62857
1.53333
2.91429
1.0381
1
1
1.14286
2.41905
3.77143
3.3619
4.87619
1
1
1.55238
1.40952
3.88571
1.02857
4.20952
1.09524
1
1.07619
3.69524
1
1.10476
6.4
5.46667
3.2
1.07619
2.61905
1
2.99048
1.30476
1
1.13333
1.04762
2.37143
1
5.26667
1.0381
2.93333
1
1.19048
3.61905
1
1
3.33333
4.24762
4.53333
1.34286
1.24762
1.07619
1.04762
1.1619
1
1.13333
3.68571
2.71429
1.21905
1
1.04762
1.0381
1.05714
1.01905
2.6381
1.05714
3.14286
3.86667
1.11429
4.45714
1
1.07619
1.0381
1.26667
1.1619
1
1.14286
1.04762
1.02857
1.00952
1.5619
1.10476
1.0381
1.29524
1.01905
3.53333
4.02857
1.84762
1.05714
1.2381
1.00952
1.0381
1.07619
1.04762
1.20952
1.12381
1.2
1.02857
1.09524
1.18095
1
3.4
4.98095
1.11429
3.35238
1.27619
3.06667
2.33333
1.06667
1.00952
1
1.25714
1.01905
1.09524
1.34286
1.01905
1.0381
1.04762
1.11429
1.2381
1
1.10476
1
3.87619
3.08571
1.08571
1
1.04762
1.00952
4.38095
3.37143
1.01905
1.93333
1.11429
2.70476
3.1619
1.24762
5.08571
1.00952
3.78095
3.44762
3.10476
1.07619
3.98095
1
1.04762
2.39048
1.02857
4.70476
1
4.05714
1.92381
1.00952
4.26667
4.26667
1.2
3.61905
1.10476
1.07619
1.10476
3.62857
4.5619
1.2
4.24762
1.92381
3.8
4.51429
3.59048
1.00952
3.92381
1.27619
1
1.10476
1.31429
4.26667
1.25714
3.7619
3.58095
3.51429
3.15238
1.00952
3.75238
3.61905
1.01905
1.07619
3.40952
1.18095
1.01905
1
1.06667
1.91429
4.11429
1.25714
1.01905
4.42857
1
4.2
3.49524
1.11429
1.11429
4.64762
1.00952
1.11429
1.11429
3.73333
1.0381
1.54286
4.01905
4.78095
1
1.00952
1.19048
1.13333
4.55238
1.07619
4.69524
1.07619
1.09524
5.11429
1.09524
1.05714
1
1.2381
3.82857
5.31429
3.18095
1.04762
3.60952
1.04762
1.04762
1
4.25714
1.11429
1.40952
1.19048
4.52381
4.84762
3.26667
1.10476
1.08571
2
1.29524
1
1
1
3.15238
1.00952
2.0381
1.12381
1.00952
3.85714
1
1.14286
3.48571
1.1619
1
1.0381
1
1
5.34286
1.0381
1.01905
1.08571
1.08571
2.67619
1.24762
1.1619
1.77143
1.61905
1.2381
1.17143
1.50476
1.04762
5.44762
3.18095
3.11429
1
1.20952
3.29524
2.15238
1.01905
1
1.64762
1.2381
3.04762
2.57143
1.13333
2.15238
1.18095
2.94286
3.98095
1.3619
3.62857
3.5619
1.64762
5.53333
1
1.60952
8.45714
1.58095
3.4381
1
5.44762
1.02857
1
1.20952
4.62857
1
1.12381
1.10476
1.31429
1.18095
1.15238
1.07619
1
4.11429
3.5619
2.28571
3.91429
1.1619
3.72381
1.49524
1.24762
1.33333
3.00952
2.88571
3.12381
2.46667
4.87619
1.2381
1.01905
3.40952
3.18095
3.4
1.12381
2.74286
1.13333
1.05714
1.14286
1.06667
1.14286
1.2
1.20952
1.50476
1.00952
1.0381
1.00952
1
1.02857
1
1
1.19048
1.04762
1
1
1.05714
5.08571
1.09524
1.11429
1
3.01905
1.0381
1
1.25714
3.52381
4.01905
1.1619
1.07619
3.6
2.08571
2.7619
1.20952
1
2.6381
1.2
1.24762
1.04762
1
5.15238
4.54286
3.20952
1.07619
2.70476
1
4.04762
1.02857
4.26667
3.15238
3.33333
3.52381
3.02857
1.30476
1.06667
3.13333
5.2
4.34286
1.31429
2.47619
1.8
1.09524
1.05714
1
2.2381
1.0381
3.25714
2.58095
1.1619
1.32381
1.52381
1.5619
1.14286
4.59048
1.09524
1.09524
1.0381
2.88571
3.30476
1.05714
1.18095
3.72381
1
1
4.13333
2.86667
1.00952
1
1
1
3.17143
4.08571
2.65714
3.8381
1.00952
1.44762
3.66667
1.00952
1.00952
3.13333
1.11429
5.17143
3.22857
1
1
1.01905
3.06667
3.48571
1.1619
1.00952
1.14286
3.0381
1.20952
3.97143
1.02857
1.10476
1.01905
1.10476
1.2
1.0381
1.17143
1.13333
1
1.02857
1
1
2.28571
1.06667
3.02857
1.55238
1
1
1
1.02857
1.01905
6.80952
1.07619
1.01905
3.25714
1.06667
3.93333
1.07619
2.95238
1.51429
1
1.35238
1.17143
1
2.51429
1.10476
1.39048
4.31429
1.01905
1.06667
1.06667
1
1
1.15238
1
3.72381
4.20952
3.25714
1.02857
1.07619
1
2.04762
4.52381
3.70476
1.07619
3.40952
4.47619
1.4381
1
1.12381
3.31429
1.26667
1.46667
1
1
1.12381
1.12381
4.26667
1.07619
1.60952
2.12381
1.02857
1
2.48571
1
1.11429
1.0381
2.88571
1.05714
1.18095
3.81905
1
1
1.1619
5.1619
3.09524
1.26667
1
2.54286
1.00952
1
4.02857
1.02857
1.25714
3.20952
1.10476
4.69524
4.04762
3.73333
1.24762
1.54286
1.19048
1
1.02857
3.02857
1.18095
1.0381
1.06667
3.50476
1
1
1.01905
4.4381
1
1
1
1.06667
1.02857
1.1619
3.8
3.07619
1
1.12381
3.87619
3.65714
1.09524
3.40952
1
1.06667
4.09524
3.02857
1.09524
1.49524
3.25714
1.71429
1.01905
3.69524
2.60952
1.20952
4.74286
1.10476
3.64762
1.0381
5.25714
1.00952
1
3.33333
1
3.84762
2.69524
1.98095
1
1.08571
1
1.0381
1.28571
1.00952
1.06667
3.0381
3.67619
3.64762
3.51429
1
1
2.37143
3.88571
4.25714
1
1.06667
1.44762
1
3.19048
1.09524
1.27619
1.1619
1.07619
1.93333
1
2.90476
1.06667
3.82857
3.2381
1
1
3.38095
4.49524
1
4.32381
1.01905
1.32381
2.42857
3.77143
3.13333
4.42857
1.33333
1.06667
1.00952
1.27619
3.1619
3.33333
4.32381
1
3.19048
3.6381
1.0381
1.05714
3.74286
5.2
1.3619
1.95238
1.12381
1.99048
4.38095
2.74286
1.00952
1.14286
1.14286
4.4381
1.99048
1
4.64762
1.00952
3.20952
1.20952
4.25714
1.1619
1.22857
1.01905
2.69524
4.4
1.31429
1
1.05714
1.00952
4.6381
1.13333
1.2381
1.14286
3.39048
4.14286
3.20952
1.00952
1.20952
1.13333
3.17143
5.40952
1.0381
1.20952
5.3619
4.3619
1.95238
1.00952
3.01905
1
1.12381
4.67619
1.14286
1.00952
2.33333
1.14286
1
1.05714
1
2.44762
3.73333
1.40952
1
1.00952
1.4
1.26667
3.10476
5.0381
2.68571
1.4381
1.0381
1.09524
5
4.54286
3.00952
2.1619
1.2
2.92381
1.11429
3.54286
4.81905
4.01905
1.12381
3.7619
1.0381
1.01905
1.34286
3.08571
1
1.14286
1
1.09524
1.01905
4.20952
1.15238
1.2
2.93333
5.12381
3.32381
4.11429
1
1.28571
1.2
1.20952
1.68571
3.50476
1.17143
1
2.71429
1
1.0381
4.77143
2.70476
1.1619
1
3.8381
4.27619
2.06667
2.7619
1.20952
1
1
1
1.19048
1.0381
1.02857
1.01905
1.18095
1
1.06667
2.33333
3.22857
1.01905
1.28571
1.00952
3.25714
1.60952
1.06667
2.67619
2.85714
1.28571
1
1.01905
4.15238
1.00952
1
3.57143
1.01905
1.2381
1.1619
1.2381
1.2381
1
5.12381
1.17143
1.0381
1.20952
4.47619
3.48571
1.1619
1
1.07619
3.87619
3.40952
1
2.93333
1.90476
1.18095
1.2381
1.00952
4.47619
2.97143
1.13333
3.74286
1
1.00952
1.21905
1
4.55238
3.34286
1.0381
1.09524
3.85714
1
5.19048
5.25714
1
2.75238
1.14286
1.1619
1.07619
1.2
1.17143
1.17143
1.00952
3.70476
1.05714
1.0381
1.11429
1.07619
1.15238
4.30476
1.08571
1.37143
3.98095
4.7619
1.00952
3.62857
1.04762
2.62857
1.10476
2.21905
3.5619
1.05714
1.77143
1.17143
3.8
1.00952
1.11429
1.27619
3.2381
1.08571
3.32381
1.1619
3.22857
3.93333
1.1619
3.98095
1.00952
1.15238
3.70476
1.07619
3.1619
4.25714
1.01905
1.20952
3.13333
1.08571
1.08571
3.00952
1.08571
1.00952
3.12381
3.34286
1
1.29524
3.6381
3.91429
3.40952
3.00952
1.17143
2.74286
1.13333
2.98095
1.09524
1.07619
5.05714
3.5619
1
1.00952
3.20952
1
1.00952
1.18095
2.6381
1.15238
4.77143
1
4.06667
1.06667
3.65714
1.00952
1.5619
1.09524
2.93333
1.09524
1.21905
1.12381
1.2381
2.62857
1
5.38095
4.58095
1.14286
3.53333
1.1619
1
1.06667
1
1.25714
2.93333
3.45714
4.79048
1
1.01905
1
1.20952
1.33333
1.00952
6.05714
1.00952
3.12381
1.00952
1.19048
3.93333
3.25714
1.13333
1.09524
2.66667
1.13333
1.02857
4.18095
1.32381
1.10476
1
1.0381
1
1
4.47619
1.01905
1.90476
4.28571
1.10476
1.01905
1.18095
3.07619
1.86667
4.97143
3.65714
2.48571
1.21905
2.80952
1.48571
3.41905
3.70476
3.58095
1
3.6381
1.9619
4
1.07619
3
1.54286
1.10476
1
1.33333
1
1.02857
3.11429
1
1.11429
1.18095
1.85714
1.00952
1
1
1.01905
1
1.08571
1.00952
1.08571
1.14286
1
4.77143
1.01905
1.00952
