10876 34740
25.67
17.68
9.83
16.12
11.72
14.76
17.4
11.54
17.31
18.51
20.14
12.76
19.75
12.13
21.03
13.15
9.9
16.21
14.89
21.5
21.38
14.41
11.15
20
9.53
23.7
18.09
11.74
9.59
10.56
10.31
12
13.86
13.63
13.14
13.36
13.91
15.1
20.38
17.95
12.11
18.95
26.4
18.08
12.35
11.88
19.29
16.32
10.23
18.84
11.61
14.11
24.26
10.19
18.23
23.47
8.72
13.83
14.05
12.69
21.65
19.92
22.54
18.17
11.27
18.49
13.27
10.21
23.27
10.59
24.52
12.25
14.18
15.76
22.23
16.31
14.81
11.28
14.3
15.49
14.68
14.34
11.18
20.72
14.55
13.59
20.2
19.37
14.89
12.15
11.84
13.93
9.93
16.19
12.34
12.58
13.68
21.53
12.23
19.6
20.95
17.55
17.18
10.19
13.49
19.36
17.5
10.37
10.79
23.22
14.03
13.45
18.76
12.2
14.46
15.83
12
17.86
19.78
16.23
23.28
11.84
11.88
10.62
9.31
23.93
19.03
21.87
19.99
21.22
14.47
18.6
14.59
11.6
21.06
17.24
21.48
17.04
13.56
10.98
19.85
22.63
18.09
17.4
9.88
20.31
14.6
16.88
15.17
15.99
13.29
22.46
22.66
13.98
16.04
19.86
20.71
13.31
12.34
12.08
13.51
21.75
16.71
13.26
20.22
16.92
16.89
15.34
16.01
12.13
15.53
15.23
13.58
12.93
12.24
9.63
17.58
17.47
20.45
20.24
18.34
20.96
13.46
21.14
16.74
14.8
13.48
12.36
17.97
28.58
18.86
17.71
17.72
13.31
18.37
14.46
10.44
15.46
11.69
18.2
15.71
15.88
15.25
17.06
9.7
10.42
17.97
13.08
19.11
20.16
12.96
18.77
9.47
19.66
15.91
12.67
14.09
10.24
14.6
9.21
15.54
12.68
14.79
26.57
14.69
12.81
14.57
8.36
12.42
13.53
19.17
12.9
14.66
14.84
14.65
12.51
17.44
13.36
11.76
14.01
10.8
12.03
10.07
14.76
18.13
20.63
21.13
19.52
16.27
15.75
14.09
14.25
15.76
8.63
13.62
16.17
16.27
15.4
15.97
11.98
16.97
14.03
18.54
10.15
14.56
10.19
18.79
22.72
18.97
16
21.17
23.65
29.24
16.04
13.71
15.76
17.41
8.94
17.18
18.61
22.53
16.66
9.48
12.98
18.65
17.6
12.24
20.32
17.55
19.34
19.95
16.74
19.25
16.87
16.91
21.75
16.57
21.52
16.72
12.59
10.96
16.4
17.05
21.29
19.13
16.43
17.38
13.71
9.9
20.02
21.3
21.63
15.83
24.46
19.75
12.49
8.91
17.78
26.34
17.33
12.42
11.62
16.53
16.74
16
12.67
15.99
16.96
20.44
14.88
9.52
29.68
9.62
10.52
13.5
12.99
10.61
10.62
17.81
16.01
18.08
9.48
10.69
14.28
11.94
14.7
23.49
10.3
13.66
13.41
19.56
15.79
18.35
9.35
14.46
13.6
16.02
13.73
12.96
8.21
9.66
17.83
10.27
15.14
15.01
15.76
15.8
17.54
12.27
17.08
15.36
10.61
10.66
13.58
11.17
11.65
12.23
12.65
16.43
18.38
13.57
15.04
18.7
21.13
10.56
28.1
18.93
24.72
17.93
17.14
15.63
20.57
18.88
17.89
21.48
18.79
19.28
17.39
16.03
14.07
9
17.02
13.33
21.39
9.63
13.8
20.95
23.02
18.74
18.69
9.21
13.18
19.04
14.97
17.26
14.2
11.69
16.99
18.14
11.63
21.54
12.94
13.02
11.02
18
13.84
14.46
9.97
9.49
12.14
15.26
13.33
16.56
11.1
15.67
13.1
18.11
13.21
14.52
14.42
18.97
15.67
14.73
13.25
13.89
19.35
16.24
13.16
11.67
14.73
17.6
15.43
21.37
11.07
15.59
15.05
21.07
16.31
21.26
14.19
15.61
13.89
22.51
15.97
13.24
11.18
12.24
12.09
11.79
15.98
15.67
13.83
10.43
15.29
15.81
16.01
20.59
19.2
14.44
18.2
13.46
14
15.88
10.47
19.57
13.35
21.26
14.54
15.45
17.83
29.1
15.52
16.55
16.87
15.78
18.94
12.12
15.6
14.18
11.58
15.67
24.85
20.02
11.53
14.28
14.24
19.85
17.42
23.02
25.88
15.8
10.79
12.25
13.93
16.26
11.46
18.48
14.62
9.48
16.64
9.66
17.17
18.72
14.73
10.78
22.06
17.67
13.9
18.17
18.21
19.15
10.11
11.89
9.74
17.1
9.76
15.49
22.83
19.05
8.33
13.45
13.37
16.33
22
17.04
15.53
18.01
15.29
13.62
11.53
15.16
14.27
11.19
11.94
15.8
12.91
20.06
11.62
10.77
14.35
12.87
20.35
17.48
10.68
11.36
23.68
17.77
18.13
22.31
15.01
30.45
20.15
18.63
18.3
13.14
17.56
16.27
20.23
10.05
22.56
13.01
16.43
14.2
17.27
10.21
9.25
13.78
26.77
18.07
15.56
21.38
8.71
21.12
15.81
10.74
23.28
12.18
12.81
14.06
16.61
17.56
11.21
14.67
13.5
15.04
10.93
15.34
19.56
18.01
15.34
22.69
21.8
9.61
9.5
12.41
10.61
17.69
8.87
18.19
19.57
11.25
11.5
15.9
14.47
19.15
23.92
10.24
14.05
18.26
13.33
12.47
16.35
12.81
9.64
9.64
15.27
13.34
20.23
18.02
26.51
12.83
11.22
22.9
14.82
9.79
11.39
9.74
9.71
13.96
14.73
12.97
15.77
18.71
13.43
23.21
15.06
15.34
19.16
16.22
18.59
12.82
13.68
11.14
18.86
19.78
12.24
13.27
22.32
16.05
20.46
15.57
16.39
9.82
9.13
17.12
15.97
15.06
16.37
15.69
16.84
13.75
16.43
17.83
15.06
17.78
13.75
19.07
22.31
17.29
12.03
13.42
11.78
18.25
15.61
14.48
17
17.88
11.12
20.19
11.78
13.16
19.62
23.35
12.77
13.17
14.87
20.81
11.41
14.71
11.96
11.92
21.81
15.5
14.92
14.48
9.15
15.98
17.72
18.15
10.05
19.6
11.68
18.27
23.82
17.35
15.99
16.47
20.71
20.54
11.82
14.7
20.96
18.23
19.93
9.47
10
9.49
16
13.38
21.2
10.24
9.59
15.84
16.26
9.67
14.9
12.08
20.98
16.04
14.85
19.87
21.85
12.38
13.2
10.87
11.09
15.24
16.4
9.62
24.34
15.81
15.71
15.58
17.57
15.16
22.64
12.55
17.75
11.85
19.66
19.29
10.78
17.36
24.4
10.74
18.93
18.5
15.6
21.41
13.92
21.89
17
15.23
17.55
16.17
13
16.6
9.73
17.58
12.76
11.94
23.85
18.59
21.53
17.46
15.62
22.86
18.04
18.28
14.97
11.63
15.56
19.14
20.97
13.91
16.92
16.35
8.83
9.95
22.64
20.93
15.43
9.25
14.33
12.41
15.19
18.28
12.5
17.98
16.57
21.14
18.59
19.41
32.65
9.69
14.57
17.61
17.69
14.05
13.95
20.02
20.98
15.78
14.69
13.14
20.71
15.94
12.79
16.35
15.58
16.52
15.96
11.67
10.77
10.95
14.05
15.37
14.17
16.71
20.35
15.35
18.25
10.81
12.06
19.25
15.63
9.95
15.89
10.08
10.34
10.4
15.55
11.9
8.94
9.51
21.77
17.87
14.94
12.9
17.02
15.85
15.27
22.1
14.29
14.44
8.43
14.08
13.81
17.99
10.06
16.23
11.51
15.81
13.42
16.2
14.27
11.33
12.73
12.5
9.25
13.99
9.67
16.73
23.99
14.26
17.65
17.89
9.72
13.06
11.85
13.43
16.95
17.91
10.61
13.03
13.61
13.61
13.22
20.21
16.14
12.54
18.02
12.51
17.52
12.93
19.52
15.46
17.66
15.64
20.44
11.19
13.3
19.85
14.97
14.25
13.52
15.99
14.11
8.81
10.09
22.16
16.63
12.01
18.92
23.53
18.73
8.78
14.03
19.17
17.23
11.37
16.86
21.45
23.16
9.79
25.6
25.01
18.2
21.49
12.15
11.46
24.3
18.09
17.07
14.96
16.53
10.54
13.6
16.95
19.15
16.38
18.26
10.58
19.8
20.6
12.2
20.07
16.5
18.91
12.37
19.86
14.73
22.64
9.81
12.34
14.81
18.41
15.03
22.92
16.94
22.05
11.72
11.84
11.12
9.41
14.57
20.28
17.71
19.96
14.17
17.92
11.04
11.92
19.97
12.74
17.84
17.48
18.39
19.89
11.09
8.43
20.33
11.13
13.1
20.08
16.97
11.84
12.96
10.5
12.97
11.17
10.96
17.19
14.41
17.89
18.7
20.34
20.43
21.66
17.74
20.36
13.24
13.72
18.5
13.12
13.73
20.64
21.28
10.91
21.65
19.42
13.57
23.6
17.27
17.11
13.06
14.32
28.06
13.78
18.53
26.56
11.13
12.93
16.19
13.78
15.9
10.13
9.95
9.11
15.22
18.39
19.58
16.73
15.66
17.04
14.49
19.94
16.98
23
14.45
13.27
20.29
15.34
18.17
23.11
17.09
16.51
9.61
17.71
15.37
11.46
17.31
9.81
9.23
15.7
16.82
14.2
16.28
20.07
19.98
14.61
11.24
11.27
19
17.11
12.27
12.71
11.64
13.67
12.2
16.99
12.17
19.61
13.41
13.73
11.25
9.35
22.37
11.01
21.41
9.53
11.18
13.38
22.71
20.07
19.71
22.02
18.93
16.55
9.24
15.1
11.93
11.26
13.74
9.92
16.24
10.18
17.61
11.45
13.03
15.64
17.63
16.82
19.68
13.86
22.41
18.13
16.73
14.99
13.11
23.41
16.14
17.47
13.6
19.75
13.76
17.04
10.28
15.89
10.9
13.35
16.02
11.33
15.51
9.61
13.46
23.37
23.38
17.21
17
14.92
12.03
11.18
8.64
16.93
15.19
17.52
18.11
8.49
12.53
11.62
18.5
22.35
19.93
14.99
14.83
9.36
19.17
19.05
12.48
15.26
15.4
15.53
22.58
13.98
12.91
23.29
12.29
11.74
20.69
11.98
17.61
16.63
18.76
15.97
9.73
11.62
10.99
17.12
13.38
14.34
15.45
11.08
18.59
15.28
17.82
17.79
16.77
9.85
19.82
20.23
14.81
13.32
10.9
13.75
20.76
16.42
21.56
14.5
10.75
11.56
16.86
12.67
12.09
12.97
18.95
13.01
12.73
13.95
18.5
10.99
18.09
18.27
11.13
17.77
12.22
19.27
15.71
12.6
15.28
15.79
16.09
15.84
11.46
11.56
10.64
16.19
10.63
10.54
12.01
18.58
15.45
14.41
22.94
14.92
12.95
12.31
9.65
19.9
11.98
27.3
11.69
20.44
13.48
16.93
16.23
9.59
19.68
10.56
9.69
13.59
17.68
25.46
23.48
17.13
19.57
17.37
14.88
14.1
14.02
16.87
15.48
18.68
16.25
20.9
15.32
16.14
11.63
16.54
10.96
11.8
14.4
18.27
14.4
17.2
14.5
8.52
14.75
12.8
14.37
13.44
18.2
11.89
24.42
16.03
17.47
9.9
15.27
10.7
14.42
13.4
14.9
14.63
12.55
14.88
14.77
18.82
14.56
23.86
10.72
19.34
17.51
13.5
13.75
15.98
18.63
16.36
18.37
12.64
17.07
20.03
15.08
22.62
13.29
18.32
21.83
12.88
13.99
10.23
14.5
16.99
11.69
17.08
12.17
13.12
14.9
19.89
10.92
13.01
15.78
15.13
15.98
13.41
12.05
12.18
18.2
18.59
13.09
16.78
11.61
16.6
17.86
9.09
17.9
10.99
11.03
17.09
17.54
18.54
15.09
13.28
8.72
16.29
12.13
17.29
17.23
10.29
14.88
20
10.78
11.24
16.65
11.52
15.72
24.85
9.85
9.24
13.19
16.75
11.28
18.29
15.48
11.86
17.81
11.43
12.71
14.85
17.58
10.05
16.08
11.35
14.56
18.44
14.58
12.68
13.06
13.14
9.95
19.25
14.73
10.78
18.48
13.01
12.26
15.47
16.52
13.48
18.11
20.86
12.53
16.62
9.14
15.51
13.01
25.63
16.09
16.12
19.49
18.74
9.81
16.81
15.91
15.03
17.12
13.28
14.75
14.56
12.79
14.77
11.6
18.14
12.2
15.8
10.19
14.36
13.99
13.53
19.42
16.01
23.64
11.35
8.95
22.6
16.61
14.3
21.01
11.28
19.27
28.78
27.77
12.89
14.04
14.24
17.1
15.41
12.55
16.22
10.31
11.13
12.61
12.15
14.94
18.63
20.43
18.25
10.88
10.79
15.42
15.64
16.96
14.3
21.9
14.42
9.11
16.61
15.88
20.32
17.11
18.13
16.99
18.29
14.6
16.44
18.67
13.33
17.93
15.68
15.61
18.92
26.57
15.33
9.1
14.05
14.55
17.62
14.43
21.34
19.16
9.41
16.05
12.49
16.09
15.69
22.85
17.33
18.96
9.12
9.58
16.07
18.53
10.11
14.38
18.67
21.98
15.93
18.4
15.25
19.06
12.15
11.5
11.38
22.43
24.21
14.02
11.81
11.33
17.17
13.79
14.68
15.95
9.15
14.55
15.74
9.13
12.39
12.85
14.19
20.6
18.49
20.88
16.69
10.84
11.17
15.43
19.97
17.88
26.5
12.06
9.2
18.62
13.23
14.88
14.22
17.67
15.95
13.82
17.99
16.92
22.17
9.31
19.02
13.18
10.31
20.39
16.65
23.82
16.2
14.11
16.03
22.05
15.77
18.25
9.68
17.9
12.16
19.89
12.89
14.91
19.78
19.67
19.9
14.77
11.77
12.95
17.35
15.23
17.01
13.73
10.67
12.45
13.09
17.62
21.31
17.02
17.16
19.26
15.92
15.07
9.92
14.54
14.12
13.36
12.51
12.9
9.79
11.81
10.2
11.87
12.59
10.07
14.14
12.35
24.07
14.7
21.03
10.88
20.19
12.68
16.47
16.25
23.39
9.87
11.07
10.24
19.57
14.29
13.88
10.99
18.36
22.41
12.83
17.25
17.05
13.84
12.39
23.33
14.43
10
10.05
18.28
15.54
17.31
21.63
14.82
22.54
16.29
22.39
11.66
11.15
14.78
15.85
13.77
14.26
10.4
17.84
20.07
11.69
14.49
13.31
13.36
15.34
13.45
11.02
12.96
14.21
10.7
19.85
18.12
18.08
15.86
9.25
11.47
13.72
23.61
17.75
10.32
9.42
13.37
11.13
13.54
11.77
19.34
18.08
18.57
20.88
15.98
9.43
19.56
10.71
15.22
23.04
14.31
15.35
19.7
16.49
8.3
13.38
11.77
19.59
11.23
11.49
12.93
10.11
11.07
9.42
24.26
15.62
17.34
13.6
13.85
15.37
11.35
12.71
11.91
14.26
13.38
12.15
12.92
13.94
20.66
14.98
18.38
23.15
11.18
16.73
19.52
17.94
14.81
14.62
11.99
18.86
21
17.31
9.19
11.29
15.72
19.65
10.9
11.64
14.12
23.53
9.93
19.93
18.5
11.57
12.54
22.31
15.62
13.41
12.87
18.05
10.67
11.93
15.62
9.25
13.25
17.82
15.01
16.49
9.91
15.95
13.14
15.36
14.33
9.5
12.68
13.23
11.35
17.07
20.32
11.65
13.91
19.1
13.89
12.93
9.74
9.32
9.74
13.62
14.48
10.57
13.02
13.59
12.84
11.5
16.66
12.62
11.84
15.21
13.97
17.28
10.51
15.28
10.5
15.4
12.54
13.14
37.46
21.08
16.88
17.58
13.47
15.99
13.86
18.35
18.63
17.74
15.5
19.26
16.73
17.5
16.84
12.02
13
13.44
9.75
13
22.14
15.06
21.49
17.05
13.31
17.52
8.96
17.9
9.71
15.07
16.42
15.96
9.15
13.35
16.2
12.3
16.73
13.81
19.55
16.21
13.06
15.26
10.55
14.42
19.75
22.15
14.69
18.16
11.76
11.48
21.71
12.32
13.95
14.56
12.64
9.58
18.44
10.98
13.55
14.77
9.71
21.49
16.13
17.28
20.58
16.98
18.55
16.75
18.89
14.74
14.39
19.89
13.49
13.02
11.86
17.45
14.21
9.45
14.73
16.89
20.48
14.43
11.63
23.11
16.9
18.95
22.29
14.68
23.43
12.95
13.71
9.06
17.47
15.46
22.75
14.78
12.82
14.25
15.2
22.93
11.97
16.6
11.53
11.81
14.16
15.26
20.05
10.31
15.7
14.08
16.66
10.85
15.52
14.14
15.36
12.28
12.72
15.96
20.87
23.02
18.44
13.45
15.29
9.95
8.73
10.1
17.91
11.75
9.79
20.07
17.16
14.17
14.06
13.04
12.87
14.92
11.29
14.44
10.13
16.28
22.11
16.42
22.1
16.19
14.46
16.96
11.92
10.7
9.82
14.95
10.16
18.81
18.37
20.38
13.06
15.67
10.12
14.45
13.59
19.31
16.81
18.8
16.33
11.42
16.99
13.48
17.16
18.8
22.27
11.83
17.12
10.65
8.63
21.58
14.57
16.4
18.53
10.26
12.2
15.12
19.74
17.14
9.35
21.12
27.53
17.05
17.23
25.28
13.92
14.17
14.87
15.06
13.05
18.28
12.43
18.88
13.54
21.94
9.79
14.33
10.9
14.69
11.48
16.34
9.18
22.41
11.36
22.49
12.38
15.56
14.7
9.98
12.99
15.44
13.35
11.44
18
11.24
10.82
17.78
12.36
14.84
16.02
14.96
11.22
18.79
14.76
11.09
17.13
10.55
18.57
12.96
13.63
13.34
19.47
15.91
17.9
15.77
11.87
19.12
16.2
12.36
13.87
11.79
15.52
15.44
18.69
14
11.6
19.01
24
13.87
11.72
18.35
11.41
18.76
27.72
17.65
19.98
17.92
14.05
15.67
12.22
10.32
15.68
21.04
15.08
12.48
17.95
13.73
18.9
10.99
15.63
18.85
9.65
17.12
17.83
14.63
18.04
11.35
13.63
14.84
14.19
13.13
20.85
12.62
11.56
15.93
8.65
21.98
14.19
17.89
16.95
12.49
14.37
15.66
9.76
19.99
10.66
20.45
18.23
21.3
9.94
13.31
14.44
14.62
13.11
17.62
19.69
17.31
10.8
15.22
12.59
20.29
20.68
12.28
19.64
14.02
13.5
15.23
16.45
11.77
14.23
12.01
12.26
10.45
15.2
13.9
10.65
19.64
21.21
15.93
12.95
12.99
17.1
15.31
24.12
20.25
11.77
17.46
14.28
18.59
16.97
17.46
8.6
9.49
10.21
22.11
10.57
18.4
16.59
12.1
12.64
15.7
16.76
19.58
11.88
9.85
22.91
8.93
10.01
16.02
20.58
14.35
13.67
17.18
16.81
20.5
17.19
17.58
14.89
18.75
17.96
10.27
16.31
17.88
10.32
9.93
12.82
11.81
13.24
12.42
12.38
8.97
20.18
15.1
13.94
17.33
14.84
14.56
9.2
20.46
20.14
14.76
12.15
19.04
14.38
14.21
15.78
19.91
14.6
13.53
15.98
9.81
9.29
18.35
17.56
16.63
13.9
10.04
11.52
24.14
13.64
12.23
14.08
21.93
13.5
12.54
15.88
8.65
9.11
18.95
9.19
11.61
10.07
15.58
9.75
15.93
11.8
15.21
17.56
12.97
9.49
18.03
20.05
15.85
11.25
16.77
16.39
14.79
19.21
17.52
14.04
10.91
13.55
17.73
15.4
16.31
14.03
9.93
13.98
9.31
13.52
9.76
14.98
14.66
9.63
15.69
17.64
16.31
10.36
23.28
14.8
13.05
16.8
16.27
17.79
13.86
9.83
17.78
17.75
15.74
21.75
9.67
19.83
22.41
9.36
12.85
20.82
20.55
9.28
10.63
15.98
17.11
12.7
16.53
18.18
22.55
18.91
21.68
15.15
24.89
13.23
13.45
10.46
14.59
19.45
12.2
10.66
20.52
14.3
20.15
11.93
9.87
27.22
14.03
19.48
25.47
14.71
10.49
8.92
14.44
17.22
13.17
22.26
13.07
13.5
19.04
15.3
20.38
20.73
15.03
17.16
15.72
15.14
21.05
12.53
25.48
12.28
13.61
12.13
14.22
14.49
12.19
15.08
13.21
13.39
9.64
21.51
10.57
10.33
12.35
15.27
18.87
22.77
14.98
14.84
18.94
13.86
12.22
12.42
17.15
14.31
11.13
22.01
9.47
11.48
20.52
15.17
16.87
12.73
13.96
14.05
10.48
10.73
12.3
9.58
16.87
19.84
14.47
13.63
23.77
18.71
20.08
15.18
10.7
15.23
14.24
15.27
16.5
15.38
16.79
20.17
10.2
11.11
19.02
18.15
13.34
11.52
14.33
12.73
16.17
11.2
16.68
13.93
19.18
15.89
12.44
22.2
10.71
11.85
15.4
9.73
16.44
10.74
20.51
16.84
15.14
18.17
12.84
23.48
12.67
9.13
12.28
16.09
11.44
15.7
23
13.62
12.52
13.55
13.61
11.03
11.88
17.23
11.97
9.6
12.33
15.62
18.03
9.98
29.03
16.72
12.96
16.23
9.65
14.22
8.7
19.74
19.15
20.69
22.14
16.8
12.11
11.24
16.92
17.7
13.53
20.17
19.21
18.13
13.91
20.41
16.71
12.12
20.23
17.66
11.62
20.56
19.12
12.84
21.14
11.71
12.08
19.69
14.77
15.72
9.8
19.39
15.61
19.22
20.06
18.27
16.44
13.28
16.01
11.34
13.07
10.93
22.59
14.72
9.67
13.9
12.96
10.39
14.45
12.43
11.23
16.41
16.31
11.6
9.05
15.15
10.64
14.49
11.56
17.27
14.09
18.43
19.14
11.7
12.84
19.38
11.3
17.68
13.06
11.98
14.8
23.71
17.41
9.11
24.58
15.15
11.45
11.42
13.59
16.31
11.72
13.72
13.31
25.09
10.85
12.16
13.24
21.45
25.48
13.93
14.86
13.42
21.28
16.01
14.17
10.61
17.11
12.45
20.48
11.95
11.06
15.59
13.34
24.38
11.88
10.27
25.61
13.61
28.25
13.92
13.32
17.27
12.21
10.62
18.76
16.7
10.81
19.63
9.7
13.28
18.37
11.18
8.83
17.83
17.13
17.28
16.88
12.57
21.48
20.49
13.15
15.09
12.51
8.78
9.76
17.09
26.61
11.74
14.62
18.87
16.76
11.11
21.65
12.26
17.49
17.95
10.58
14.58
10.35
17.66
9.61
15.88
16.8
17.76
15.06
9.37
10.04
14.07
14.59
18.02
18.29
18.44
25.62
16.7
11.06
15.61
15.73
18.27
16.94
19.09
14.19
13.94
16.1
11.26
23.59
17.31
18.72
18.9
18.67
14.88
19.69
19.27
17.09
14.95
11.39
9.45
46.52
12
12.84
18.64
13.52
13.81
18.46
22.6
11.93
21.11
14.67
9.69
13.17
20.65
9.95
10.03
15.19
20.55
10.3
15.32
18.01
17.04
23.04
22.69
14.88
12.58
14.53
10.85
18.06
11.45
21.62
13.44
9.65
13.9
13.53
9.77
12.32
10.78
14.98
13.19
20.18
15.53
10.42
18.09
14.43
13.09
13.07
17.66
9.65
12.53
10.34
20.87
17.55
20.59
14.83
13.22
17.76
19.63
20.59
11.61
16.76
18.03
15.54
9.93
9.07
11.27
16.01
13.75
18.21
20.04
17.87
13.24
13.71
9.26
15.54
16.5
14.69
15.46
18.55
14.04
20.21
10.29
10.95
13.6
18.83
15.88
9.74
16.4
18.28
18.22
15.32
23.64
16.61
9.4
14.03
24.92
23.27
13.22
19.48
20.17
14.02
13.6
17.25
15.81
18.9
14.69
14.27
15.81
16.18
22.2
10.67
11.76
11.37
15.11
14.78
15.14
16.79
14.28
12.85
15.82
13.8
11.69
10
10.65
12.44
13.83
14.95
9.61
15.75
16.01
18.43
13.4
16.34
14.78
9.2
16.73
14.7
9.37
13.87
21.62
18.4
13.91
13.45
11.54
14.33
12.7
12.3
15.19
16.12
15.18
20.05
15.22
14.1
16.73
11.29
10
17.58
11.46
23.68
13.5
11.65
9.16
10.34
14.57
9.34
17.82
21.69
12.97
16.54
9.41
16.6
11.44
15.53
11.55
14.03
12.35
10.32
16.78
19.4
16.99
15.75
11.35
11.87
11
11.4
11.86
13.57
12.39
12.07
23.13
16.11
18.75
17.54
18.98
17.76
17.3
14.73
24.12
11.8
15.52
19.68
13.77
13.95
13.36
12.11
9.73
17.75
9.68
15.37
10.38
11.24
20.79
13.77
18.74
15.79
9.41
16.69
15.48
11.53
11.61
14.21
12.81
14.64
13.48
9.06
18.24
13.46
9.35
11.29
12.41
14.46
20.31
14.83
21.42
17.62
13.24
10.19
13.18
13.96
9.4
15.93
10.07
16.34
21.2
15.59
19.51
14.72
10.99
21.52
9.32
18.78
20.01
15.18
14.49
15.63
18.09
17.37
9.53
12.91
18.4
10.46
16.38
9.8
16.01
17.01
17.52
23.26
25.25
21.66
10.44
12.3
12.3
18.53
9.73
10.88
17.09
17.79
9.61
11.68
9.38
12.23
19.52
22.14
11.21
15.76
10.93
18.06
19.39
11.46
10.51
13.31
15.85
13.85
21.77
19.15
9.34
20.29
24.04
10.02
15.38
12.99
15.08
14.9
9.59
27.61
12.34
16.92
17.86
10.8
9.55
21.15
18.05
11.91
21.82
14.23
10.54
14.69
14.44
10.25
18.64
12.28
14.79
12.13
16.65
13.8
11.88
15.23
19.72
15.31
20.23
24.43
15.83
14.09
24.91
13.35
16.86
15.47
11.5
8.99
10.78
11.28
15
9.03
19.68
16.82
12.63
11.88
9.06
12.38
13.08
15.75
17.75
9.51
12.85
17.19
20.02
16.41
16.22
15.46
26.71
13.74
12.63
14.47
21.14
20.3
19.43
12.3
17.09
14.31
19.51
13.35
11.4
17.55
14.41
16.28
15.09
22.88
16.89
12.24
12.48
17.25
8.3
13.67
23.78
20.51
13.68
16.74
18.27
17.23
17.85
12.48
9.47
16.93
10.84
11.37
16.75
17.41
17.75
13.07
14.13
13.89
18.08
16.41
19.41
12.93
11.98
17.08
11.54
14.27
9.2
20.25
11.03
20.39
20.25
11.49
10.02
10.29
20.03
16.04
19.5
9.57
14.11
9.74
17.73
16.47
15.98
10.36
15.78
15.79
15.8
18.86
16.21
16.45
15.03
13.05
17.56
19.05
9.47
23.38
16.65
12.28
23.68
16.11
13.03
10.05
24.39
12.77
15.82
10.43
17.76
10.87
13.08
8.6
22.66
19.77
20.66
10.75
11.3
21.27
27.55
13.9
15.71
16.3
21.37
16.92
12.69
14.31
17.93
9.42
11.22
16.61
15.48
23.6
19.01
22.36
9.89
12.31
19.57
12.59
19.16
14.66
17.39
11.9
19.9
15.49
17.69
9.26
14.59
19.09
11.93
10.97
17.77
19.59
13.52
13.52
20
22.62
12.41
15.78
13.22
10.53
16.2
13.37
21.33
12.46
12.6
17.13
14.93
13.48
10.03
11.51
15.9
14.1
12.47
11.01
13.61
13.33
19.25
11.55
16.32
15.04
13.73
17.6
18.15
16.67
9.4
22.49
11.99
13.43
13.57
12.69
12.03
14.61
16.36
14.55
13.06
18.87
14.72
9.52
15.98
10.94
11.84
8.78
12.44
14.06
15.88
9.94
20.96
10.98
13.86
10.13
15.67
13.71
17.36
16.03
13.36
16.7
12.17
9.5
12.37
15.07
14.62
18.16
10.01
11.81
9.65
15.66
11.22
13.08
17.54
14.89
16.29
17.4
14.73
14.39
21.94
16.11
8.84
9.76
13.07
11.05
14.9
15.29
13.05
17.86
20.23
14.43
15.35
19.83
12.74
18.58
13.03
15.76
11.93
15.84
10.27
19.49
8.57
12.96
14.05
17.57
10.09
11.48
14.41
14.48
15.28
13.5
25.33
22.53
18.15
9.26
14
17.37
9.63
12.8
13.01
17.27
20.58
11.56
10.34
12.78
12.65
14.23
23.46
17.89
10.82
16.6
15.26
16.87
11.15
12.89
14.26
12.67
9.38
10.79
17.04
10.24
13.4
16.15
17.65
14.69
20.1
15.11
18.38
15.52
14.66
16.98
10.95
9.02
18.14
18.42
10.32
15.85
17
15.22
14.62
10.43
13.32
14.59
13.89
20.01
10.32
14.6
19.7
13.32
12.2
10.53
16.86
14.88
12.1
16.78
15.92
14.74
9.77
19.16
22.33
13.42
16.41
17.75
10.22
62.52
11.41
15.97
12.41
16.99
19.13
11.44
13.16
12.32
12
16.14
10.9
19.03
9.77
18.95
25.8
10.5
19.63
10.05
16.79
11.58
9.92
12.91
15.3
16.52
11.09
17.95
25.78
20.02
17.63
19.47
27.72
21.89
17.15
16.64
14.31
23.92
21.08
14.65
14.85
18.77
19.02
15.34
17.54
10.95
13.27
17.18
18.93
9.38
11.83
12.08
18.11
13.3
9.99
20.96
12.26
15.85
16.93
19.23
16.29
13.61
13.58
11.11
10.73
14.18
18.11
11.3
12.75
18.76
14.63
12.69
11.61
13.14
9.77
15.12
15.11
16.59
14.99
11.54
18.94
18.6
16.57
11.17
10.96
10.43
16.28
19.7
14.76
19.53
24.18
14.62
15.46
16.35
15.76
21.25
24.37
14.89
14.67
10.02
16.68
12.56
11.72
18.52
16.93
16.77
10.93
15.84
13.94
13.58
13.63
12.75
13.43
9.72
14.69
13.43
10.53
15.26
14.71
16.8
12.06
16.22
9.98
16.89
15.2
16.44
18.56
17.06
15.94
14.16
22.19
19.31
13.22
17.54
8.35
19.17
16.64
14.12
16.53
17.7
19.27
14.2
18.68
19.6
15.05
14.01
16.94
14.94
13.59
9.57
12.74
10.58
19.98
9.81
14.6
18.4
10.28
10.21
18.85
10.56
17.05
18.83
11.64
20.93
11.76
12.72
10.71
15.58
12.63
15.31
15.08
16.43
17.63
19.5
22.45
15.43
12.68
9.59
19.5
16.46
13.43
9.96
13.44
12.9
17.43
12.33
15.18
20.99
9.7
17.05
12.6
10.58
15.26
10.64
13.89
9.69
23.94
13.68
9.93
17.61
13.98
17.04
10.37
15.52
14.17
10.78
13.31
16.82
13.08
16.47
9.19
18.99
9.73
22.34
9.85
20.72
13.11
21.18
12.69
19.26
20.59
10.4
15.24
12.07
14.75
17.79
10.84
10.17
11.43
16.3
18.03
13.38
12.99
18.44
10.14
16.33
19.07
12.07
17.95
13.43
19.03
16.17
11.66
12.71
17.73
11.78
16.56
10.13
10.28
12.85
9.83
21.3
11.6
15.27
21.71
11.34
15.9
12.27
10.81
10.13
16.51
10.54
18.49
9.9
20.27
13.11
18.59
19.79
14.12
19.97
15.46
13.92
16.29
19.44
19.47
10.38
19.5
10.01
16.84
18.12
13.21
13.18
11.11
21.04
25.66
16.32
11.08
15.62
19.63
13.85
14.82
21.89
14.77
13.33
16.76
11.83
13.95
17.78
12.22
20.79
15.15
18.74
17.56
17.26
19.28
13.27
12.39
11.47
10.47
11.72
17.8
24.24
15.1
10.56
14.12
19.51
14.6
17.25
12.94
15.53
9.56
21.05
24.59
25.04
22.06
20.07
14.91
13.1
14.2
17.19
13.56
18.57
14.69
15.18
24.19
14.35
13
10.85
17.87
12.05
8.51
14.73
14.55
21.4
12.83
14.5
19.73
23.78
9.91
14.62
15.51
11.88
13.24
17.82
19.62
28.55
17.9
15.51
15.05
11.39
13.73
17.34
8.7
13.36
12.03
16.67
9.85
17.79
15.67
15.14
18.61
20.82
12.26
19.87
15.5
13.91
14.72
17.54
17.66
16
11.48
17.09
17.03
10.72
25.69
10.97
24.34
11.55
20.3
14.92
12.82
12.12
13.82
14.02
14.05
11.64
13.7
9.65
19.75
12.49
16.58
15.63
14.19
12.45
12.25
10.69
28.2
14.43
10.25
10.64
18.31
9.69
20.1
12.65
9.64
12.88
19.6
14.96
17.95
24.72
15.28
20.28
12.59
11.65
17.64
12.94
12.29
17.01
17.53
13.3
16.01
11.97
18.06
21
16.5
12.29
12.92
15.68
10.96
12.28
16.7
10.49
15.26
24.33
13.88
12.65
16.25
10.85
10.33
21.5
20.24
13.73
12.21
17.18
11.02
16.3
9.05
12.76
16.28
19.17
15.23
9.54
11.26
9.65
10.43
10
21.15
12.4
14.38
9.96
18.33
10.81
14.22
15.95
10.01
17.39
17.54
14.86
15.42
9.85
11.96
14.65
10.25
15.73
14.95
18.37
14.11
16.93
20.63
15.34
18.67
18.14
33.94
18.25
13.9
16.24
18.68
16.81
15.38
15.85
26.89
14.59
14.53
17.17
14.35
16.9
13.24
13.37
10.99
18.17
16.46
10.25
11.93
16.46
13.47
22
17.61
21.92
12.58
18.99
10.96
15.82
10.75
16.64
14.86
22.6
18.08
20.95
16.85
18.92
11.06
8.34
12.72
15.51
12.41
15.27
12.56
19.77
16.5
15.9
21.12
14.08
22.24
15.28
23.46
20.05
15.62
15.74
16.89
21.85
13.81
18.61
10.12
13.43
9.09
18
24.01
13.87
13.39
14.85
11.19
13.8
12.49
11.78
11.69
14.83
20.02
15.43
13.11
12.87
11.91
19.54
9.86
9.11
15.28
12.07
14.5
16.14
21.79
22.13
15.03
13.37
15.97
15.09
10.04
9.48
17.36
18.21
14.66
9.26
12.16
19.48
19.6
12.94
13.23
15.66
18.39
12.93
15.59
16.33
16.61
10.96
10.33
16.07
13.88
10.08
9.14
8.75
11.66
10.89
16.51
17.33
11.49
25.1
15.57
18.94
11.94
15.27
14.78
17.56
21.96
12.37
18.21
11.24
16.43
17.23
12.54
12.22
16.27
12.07
15.27
15.77
13.24
21.57
23.65
20.2
15.36
13.59
9.15
14.13
10.47
16
11.1
16.8
14.73
10.27
9.97
13.26
14.44
12.79
14.05
9.66
18.17
15.23
16.15
14.84
15.38
10.66
14.72
20.36
20.3
9.71
28.06
13.53
13.3
16.29
11.26
14.85
13.64
9.48
22.87
13.48
11.91
14.52
10.49
13.99
15.96
18.31
15.97
13.7
17.33
17.14
20.64
13.9
9.05
14.23
9.88
9.04
15.19
15.09
18.18
11.57
15.2
11.61
20.13
18.65
20.48
9.45
18.36
17.94
23.26
16.01
12.09
16.47
16.95
11.29
19.21
11.19
12.08
12.21
14.27
19.89
12.7
16.6
19.96
9.08
19.83
15.31
15.89
19.99
13.14
11.45
10.75
12.06
13.92
14.66
12.4
12.29
13.96
9.44
10.64
14.8
19.59
15.48
26.79
11.78
10.52
19.2
10.13
10.93
16.4
14.9
20.71
9.49
16.81
11.49
11.83
19.46
24.07
12.45
11.39
16.55
12.42
15.48
15.18
9.92
13.75
11.08
14.97
15.87
16.2
12.58
20.95
9.88
15.06
11.81
31.41
19.42
15.14
12.46
10.02
13.56
10.16
22.24
17.25
24.01
13.81
13.18
20.62
17.85
13.26
14.05
21.57
15.86
11.48
15.75
16.01
20.9
13.38
14.52
14.89
17.04
18.71
20.05
19.8
12.28
15.62
19.17
14.57
13.66
9.74
12.73
10.28
12.9
10.98
19.6
10.92
19.82
22.49
12.99
19.26
10.87
14.52
9.7
12.88
16.91
10.73
12.36
19.74
21.11
13.54
20.16
17.12
19.96
17.93
21.28
10.42
12
17.42
19.35
17.67
9.59
12.21
10.63
11.95
10.66
12.66
14.03
12.5
16.98
10.54
21.27
15.82
17.45
15.44
19.33
21.03
13.35
12.26
17.13
13.93
17.15
9.98
10.77
16.04
9.85
12.71
16.61
16.85
16.11
13.96
20.4
12.22
15.61
15.25
17.33
18.68
18.2
17.85
24.69
15.37
11.11
12.41
16.24
16.45
14.35
20.76
15.54
11.1
21
21.03
18.88
14.01
19.09
18.71
16.29
15.37
16.75
20.42
9.38
18.6
10.4
16.98
20.01
15.23
12.48
16.88
13.8
19.62
16.92
11.78
17.24
18.45
20.28
19.3
17.86
13.53
11.69
9.61
17.88
21.31
11.11
17.46
28.32
24.7
22.58
17.45
12.79
16.23
16.09
11.48
14.04
10.65
12.36
10.84
9.38
12.37
14.82
17.61
22.49
14.21
9.32
12.58
14.82
13.74
10.31
10.55
17.87
16.87
18.71
17.14
17.9
17.5
13.69
16.65
16.28
18.49
22.56
18
24.76
14.03
12.62
9.31
10.97
14.36
22.24
13.67
22.8
15.1
12.96
15.33
16.37
11.47
10.81
13.9
10.8
9.81
14.28
11.24
9.41
11.01
19.27
21.2
13.49
14.65
9.04
10.15
13.58
12.18
13.95
16.02
10.02
20.83
13.5
11.63
12.91
9.99
25.2
14.24
20.49
14.22
16.86
16.86
13.72
14.2
15.65
22.52
14
14.35
11.01
17.19
19.76
9.86
19.15
16.28
10.52
13.75
12.39
11.54
14.8
19
16.49
14.93
12.74
14.17
20.43
19.72
14.27
12.71
23.15
11.71
14.51
19.98
11.93
9.34
11.9
16.11
12.91
15.12
13.51
17.83
14.17
14.78
10.94
10.59
21.83
13.81
17.1
16.67
12.24
12.61
13.06
18.58
13.62
9.32
16.34
15.19
10.2
12.41
18.14
9.52
9.77
13.25
15.04
18.8
16.39
12.34
16.85
11.76
17.39
13.12
20.32
16.79
9.9
11.61
9.4
10.91
11.44
11.6
14.82
24.49
14.72
19.36
23.58
19.38
13.2
21.44
15.99
15.99
19.47
16.07
18.68
18.26
11.8
17.43
18.61
20.8
23.05
13.57
15.35
15.38
15.73
15.78
13.39
11.36
12.01
20.88
15.13
9.67
16.81
14.86
10.54
14.08
17.49
13.96
21.87
18.08
11.33
13.24
11.35
14.44
13.17
17.77
19.22
20.15
19.25
15.23
13.48
9.74
15.32
16.44
14.27
16.85
11.84
12.03
16.57
15.54
13.58
10.13
18.55
12.36
27.78
17.03
23.23
14.7
12.65
15.62
20.01
8.76
14.83
15.29
9.66
14.54
20.62
17.81
10.7
9.89
11.48
9.07
21.25
18.67
12.97
21.64
15.48
26.17
25.15
16.06
17.15
10.89
13.5
17.67
11.33
15
14.67
13.66
11.63
9.69
14.27
17.29
9.23
11.69
15.43
15.29
12.84
19.81
15.23
20.07
16.03
10.19
17.96
14.18
14.73
12.9
14.81
15.56
18.67
19.01
18.22
17.07
18.76
13.27
14.38
26.39
13.14
13
13.62
10.38
10.47
12.15
11.57
16.69
10.64
11.32
12.35
11.27
17.06
15.25
14.54
14.8
17.03
20.45
13.54
14.89
10.96
11.8
24.76
13.32
12.34
13.96
12.79
22.81
9.85
13.87
13.49
16.22
20.12
12.52
13.46
10.52
12.01
10.57
12.04
16.92
12.53
18.79
19.05
11.37
12.74
20.08
12.7
20.69
11.99
18.37
15.61
17.16
14.85
15.95
20.83
13.43
15.58
16.26
11.93
17.15
17.55
16.7
14.78
14.71
11.03
13.03
11.95
14.08
10.95
15.1
22.89
9.43
16.97
10.82
19.82
14.71
18.15
16.42
22.77
12.52
11.28
13.72
15.61
16.32
13.26
22.14
9.57
16.91
15.01
10.45
16.93
13.89
11.07
11.87
9.33
14.48
14.52
15.41
16.41
23.55
11.99
17.73
14.76
12.95
14.69
18.93
17.73
10.47
18.67
9.83
18.97
12.88
23.7
21.31
15.51
17.2
15.87
17.12
9.16
13.28
11.64
13.55
11.92
15.94
15.29
13.15
20.09
11.55
10.83
12.11
13.55
10.6
18.92
16.04
14.33
18.7
14.99
12.51
15.27
16.8
15.01
19.07
9.9
13.1
10.67
12.58
12.12
10.29
20.13
10.74
9.55
12.91
12.54
9.24
12.28
15.71
12.3
18.53
10.3
16.11
11.63
19.87
16.59
15.59
11.4
13.88
13.74
14.11
17.23
15.55
12.06
13.01
12.81
10.78
17.09
19.14
15.3
9.82
13.33
13.58
11.13
15.9
8.79
9.35
24.29
26.01
14.83
17.19
22.79
14.59
9.15
12.12
11.57
16.18
9.78
24.84
14.17
17.79
12.67
8.83
18.79
9.57
20.81
13.34
16.04
12.46
13.76
18.53
12.21
10.71
10.12
10.57
12.05
13.58
11.01
14.47
13.52
21.72
10.34
14.17
11.68
10.38
10.57
16.28
22.93
11.63
15.03
13.8
17.04
19.45
11.03
16.49
16.29
17.62
14.06
10.52
14.8
18.53
21.46
13.77
21.47
12.04
13.7
15.83
11.21
16.48
13.27
12.87
10.47
18.63
16.49
10.29
14.4
10.3
15.12
19.15
14.88
14.12
24.3
19.16
16.01
10.47
13.01
10.98
15.01
14.86
17.38
19.34
12.81
16.65
18.78
13.69
13.55
16.25
12.9
15.81
12.95
20.87
8.73
16.21
12.58
13
15.76
14.96
14.5
11.48
9.82
11.5
14.91
12.86
8.9
11.6
10.32
15.32
13.96
18
16.67
10.72
17.34
10.14
18.97
10.41
17.47
17.87
14.93
14.82
10.78
15.51
15.18
11.03
13.9
11.22
12.37
16.75
19.15
12.24
13.16
11.52
13.06
16.57
25.01
11.77
11.43
13.41
18.6
14.33
12.76
10.25
11.09
21.2
14.14
20.21
12.11
18.33
12.35
16.92
14.15
14.62
20.69
14.75
26.54
13.93
16.39
14.35
11.32
11.35
19.92
15.35
13.92
13.09
15.99
17.86
14.35
18.02
9.33
13.95
13.14
13.06
15.61
14.53
16.67
20.69
14.14
12.88
11.62
10.08
10.45
12.01
17.57
9.02
14.61
11.67
11.68
12.95
9.44
14.47
23.49
11.88
12
10.82
12.56
20.89
20.12
20.35
14.82
19.04
10.31
16.38
9.49
14.47
11.1
9.97
12.65
16
12.24
17.75
18.23
14.19
16.63
13.14
18.1
13.14
12.12
14.77
19.8
14.72
13.37
19.62
15.69
22.93
13.35
12.86
16.82
20.29
16.05
16.29
10.76
19.14
11.7
10.19
20.29
12.23
17.06
9.59
18.27
21.17
14.05
18.15
13.46
18.23
14.54
14.41
17.93
22.2
12.06
8.68
11.62
15.88
17.38
13.85
10.07
17.46
14.15
15.65
21.12
17.31
19.18
20.59
18.49
16.99
9.3
13.56
16.5
14.08
12.4
13.63
11.12
15.21
12.74
12.02
16.28
9.79
14.91
12.47
11.86
11.19
12.29
11.59
13.83
16.68
22.63
15.44
9.72
22.35
18.54
18.9
14.18
18.17
10.95
15.04
12.87
12.52
15.85
14.98
10.82
12.49
14.94
13.53
12.09
14.15
12.79
15.19
10.62
21.03
17.88
10.91
10.55
14.23
13.72
17.44
11.17
15.68
8.91
21.63
13.37
12.91
13.57
15.84
18.38
12.56
24.56
10.14
16.12
22.81
10.2
10.08
17.53
16.52
17.19
12.09
9.88
8.92
14.99
11.06
17.66
9.9
19.16
10.42
18.65
10.02
17.32
16.4
17.79
10.09
21.47
19.71
11.69
22.22
13.86
11.09
10.47
20.24
23.31
14.26
15.78
14.24
15.97
10.14
18.07
12.96
12.72
15.8
17.4
18.18
15.06
12.46
13.3
14.25
12.36
10.62
17.35
18.96
20.26
18.83
17.87
23.02
20.85
22.11
13.43
12.35
20.36
9.34
10.74
9.29
24.6
14.14
18.68
14.46
19.71
9.92
13.57
10.85
14.47
11.17
19.89
19.62
14.79
17.32
10.54
9.93
9.76
13.93
15.03
14.02
14.07
20.86
17.37
21.45
9.93
10.39
16.5
11.34
16.31
9.96
10.23
8.98
16.29
11.41
11.5
9.86
13.72
13.17
14.89
12.21
15.02
15.22
18.27
20.89
19.3
16.66
13.76
21.89
14.64
13.17
11.52
18.51
14.55
9.82
11.2
8.7
18.31
21.32
22.9
14.91
10.88
13.09
9.7
12.53
14.37
9.63
9.19
10.6
13.07
13.01
18.92
12.91
16.42
15.72
13.39
13.07
13.75
16.99
11.1
14.61
17.96
17.76
9.82
21.98
18.31
14.18
11.53
12.84
13.3
10.02
18.86
23.12
10.68
9.62
14.05
17.4
20.41
19.89
13.98
12.55
15.2
13.17
19.48
12.91
19.47
16.02
14.92
12.52
13.54
21.01
10.85
11.69
13
11.19
13.84
12.77
15.38
9.8
13
13.08
13.65
10.23
19.27
14.84
17.61
17.01
9.8
17.89
17.87
17.77
19.92
19.1
13.95
9.77
10.78
11.56
13.85
14.28
14.96
21.19
19.3
17.29
11.76
8.68
10.45
12.48
13.22
10.92
11.53
14.61
12.38
15.13
14.59
10.18
18.09
17.7
13.16
22.24
13.24
19.35
14.8
14.84
16.29
20.91
23.53
18.49
14.81
16.61
10.27
16.68
9.88
12.03
10.77
10.55
15.29
17.39
14.3
14.51
12.65
12.59
16
11.94
20.24
20.75
14.23
12.62
16.77
11.89
13.22
12.59
12.52
11.69
10.25
11.05
15.17
14.89
15.39
10.03
10.04
15.49
11.82
12.48
12.21
10.39
13.37
13.75
14.05
16.9
20.68
9.69
10.59
11.21
19.06
13.96
9.97
16.38
13.64
15.17
17.86
12.03
16.25
13.45
14.66
9.45
15.83
8.08
10.68
12.56
11.56
15.73
19.54
17.53
12.1
10.21
18.95
12.68
17.02
20.14
13.29
17.26
18.1
10.92
9.08
18.19
10.46
12.68
20.82
19.59
15.48
12.76
13.97
17.48
12.32
11.12
19.36
22.85
21.44
9.96
15.7
15.14
19.84
10.82
14.45
21.69
21.8
12.88
19.35
18.77
8.97
14.9
17.66
16.98
10.3
17.33
11.41
16.74
21.76
12.79
14.09
14.69
13.78
11.41
16.24
15.11
13.62
14.09
15.59
13.56
14.01
18.62
9.93
18.05
14.43
15.12
13.74
13.25
8.9
8.22
10.55
10.46
18.56
13.03
11.56
10.42
10.9
10.16
19.51
12.04
16.24
11.85
20.46
18.43
15.03
11.71
16.79
17.82
10.28
9.62
9.42
10.76
15.2
8.86
17.37
23
10.73
22.43
22.99
8.44
13.46
14.04
11.13
12.78
15.78
13.74
13.48
11.02
19.38
15.33
15.35
15.12
21.07
9.9
20.44
14.23
23.72
10.89
25.88
21.68
20.07
23.72
13.08
9.47
9.93
13.18
11.21
13.41
16.74
10.78
8.76
12.32
14.23
9.62
12.2
20.84
9.81
10.89
15.05
15.54
22.06
18.38
22.64
13.78
14.51
17.73
16.92
13.49
17.46
15.01
17.3
12.05
20.15
12.95
9.47
10.35
8.76
11.32
9.42
12.77
13.44
9.19
22.07
19.98
13.17
17.23
13.63
13.34
15.21
20.65
13.51
12.06
16.78
19.9
21
9.28
16.25
11.04
20.04
18.54
14.24
16.75
16.93
12.24
15.78
13.82
14.18
18.49
22.85
14.22
19.69
17
12.58
11.41
11.52
13.89
18.05
19.46
12.07
18.77
10.41
11.95
14.21
16.08
15.79
11.21
17.15
15.74
17.35
14.83
12.17
8.94
10.3
13.35
11.39
13.01
11.41
15.82
9.5
10.06
10.09
11.57
27.45
22.03
12.53
13.4
12.96
11.1
13.81
19.99
19.44
9.99
11.84
15.12
16.41
13.06
17.12
13.7
14.29
12.68
14.8
13.92
12.48
13.67
14.67
19.62
9.34
10.22
13.78
11.73
13.86
16
21.26
20.13
14.69
14.02
17.51
21.46
10.81
9.4
16.22
10.32
18.36
12.26
19.74
14.44
12.65
14.35
13.63
9.93
21.19
13.61
10.61
8.85
13.1
10.86
12.34
12.64
24.96
18.13
22.17
14.2
13.65
11.22
22.01
12.44
17.57
15.49
14.88
18.05
14.99
20.18
12.96
11.5
12.53
28.5
17.73
17.86
17.16
18.34
10.72
12.12
12.67
18.87
9.35
21.48
23.96
16.25
14.42
20.68
11.39
13.3
11.14
19.86
26.32
12.25
9.49
24.45
17.76
16.31
10.09
15.49
15.03
20.95
19.17
22.26
14.68
14
13.95
11.67
16.6
24.78
15.14
10.79
14.17
12.23
18.04
12.08
13.56
10.17
10.48
10.66
14.01
13.04
15.94
14.49
14.55
9.33
13.9
12.49
10.53
10.13
19.3
12.03
14.92
9.18
13.39
17.2
14.37
12.51
12.12
21.6
12.02
16.5
10.55
20.84
8.87
15.4
12.61
10.64
13.82
17.38
18.67
12.77
18.06
15.04
24.28
12.67
16.11
9.42
9.73
9.57
10.4
19.59
11.45
15.44
10.61
8.74
19.76
15.43
14.07
20.47
11.24
8.9
13.18
16.29
9.68
13.01
14
11.1
13.59
13.99
16.34
12.16
12.11
10.72
11.44
11.26
14.29
14.96
14.4
18.9
15.91
13.99
10.4
13.89
20.01
14.73
15.54
13.21
13.56
21.81
17.66
10.6
12.37
10.64
15.42
8.95
25.43
17.69
11.55
18.82
11.54
14.04
10.12
10.94
15.95
22.64
18.28
17.64
9.63
11.29
12.56
10.29
17.04
19.33
14.71
13.47
11.79
14.51
10.59
13.25
13.23
11.8
9.86
9.44
10.75
10.73
10.71
11.51
14.92
22.19
10.16
12.17
13.41
15.51
12.68
8.93
12.69
11.99
12.07
11.04
13.62
8.89
8.84
18.76
12.96
11.41
13.27
12.74
16.52
10.35
11.27
20.16
14.72
19.65
14.03
16.02
12.95
16.08
23.56
17.51
13.5
12.05
19.94
14.71
14.53
24.57
15.87
16.35
22.85
12.39
10.4
15.9
13.9
13.87
12.49
16.45
13.02
23.37
17.02
13.09
22.13
16.33
20.49
14.18
15.26
19.5
14.43
16.1
17.16
20.34
15.95
12.71
17.19
14.84
14.46
12.82
12.86
21.45
9.14
11.11
8.98
9.38
17.26
18.48
15.3
13.2
9.51
15.79
8.41
24.58
17.89
18.39
19.41
12.57
15.66
15.57
18.61
16.94
14.39
9.86
11.94
14.3
19.7
15.67
17.24
17.98
9.8
10.45
9.24
17
11.79
14.69
8.38
14.53
18.67
11.46
15.08
10.83
18
12.99
16.6
11.58
18.48
17.59
14.21
17.44
15.69
14.28
12.12
12.69
13.42
16.29
19.26
16.2
17.8
18.17
9.6
11.04
17.34
9.76
14.61
10.79
9.92
13.53
11.66
10.63
13.84
9.11
15.15
10.05
19.34
14.5
11.7
14.59
9.74
13.3
11.18
16.48
13.38
12.41
18.36
10.89
11.29
10.16
14.34
14.92
15.32
15.67
8.67
12.75
12.68
14.24
10.4
10.29
15.89
12.51
9.65
17.18
16.03
13.13
13.08
14.27
14.43
12.46
9.7
12.76
22.69
13.96
15.68
15.31
11.34
14.86
11.11
14.89
11.15
16.97
11.33
14.07
13.49
16.98
9.8
13.22
17.48
11.1
16.01
12.05
13.11
18.5
15.56
11.46
11.93
11.25
12.97
8.85
11.84
11.29
12.11
10.12
17.91
24.74
18.81
15.27
24.16
11.03
13.25
9.89
11.54
17.68
16.03
19.34
17.96
18.22
16.6
16.76
13.92
16.39
16.04
16.2
10.11
14.03
14.21
30.59
13.55
15.82
13.81
10.06
19.52
13.53
10.34
16.93
16.97
15.26
20.22
10.45
11.2
16.99
15.36
10.91
16.36
12.73
34.81
16.02
12.19
18.61
14.88
14.1
15.28
11.07
15.86
8.89
14.07
9.65
15.32
15.47
14.41
16.75
20.03
12.63
10.37
11.52
9.99
17.37
19.99
10.97
18.71
10.26
13.45
19.68
15.12
15.78
14.01
9.24
13.65
10.95
13.17
14.51
15.09
13.99
13.37
12.24
18.24
12.11
10.37
8.87
10.7
16.04
16.71
13.93
16.18
13.6
9.19
10.05
11.25
11
10.48
12.31
16.44
22.17
9.51
13.22
13.11
18.09
14.2
13.76
24.81
11.85
24.57
24.18
21.39
16.95
9.89
13.07
11.47
9.87
20.44
22.66
19.06
20.96
13.2
23.63
19.51
17.97
13.34
21.09
10.16
18.58
10.08
16.82
15.3
15.11
16.45
13.31
10.44
14.29
10.01
9.84
10.56
10.58
10.86
16.9
14.08
19.95
10.01
17.38
24.88
9.73
18.7
15.27
14.18
11.68
9.98
14.81
12.39
12.46
11.48
17.7
15.15
17.37
19.37
22.56
12.33
13.39
15.02
23.76
17.65
12.68
13.64
9.75
12.23
16.86
12.22
14.19
13.53
37.36
16.68
10.11
9.15
9.82
16.92
15.45
9.73
13.89
11.92
12.1
17.64
14.03
16.69
10.38
21.17
16
9.96
12.51
11.96
20.79
9.37
13.49
16.04
13.33
15.18
21.28
18.63
12.61
12.79
10.66
9.57
11.28
12.28
17.19
14.36
12.74
16.64
13.33
11.98
16.66
13.62
11.63
10.41
20.65
10.85
10.44
12.58
16.91
13.82
13.2
9.32
13.28
10.02
9.74
15.76
13.88
10.01
15.31
14.1
19.53
12.65
10.09
10.2
10.31
20.63
17.86
12.32
10.2
12.54
15.66
12.49
15.58
9.21
10.86
14.17
10.7
12.65
16.46
12.85
17.41
13.76
11.63
17.43
10.59
16.81
15.76
21.67
14.7
16.61
10.61
17.69
14.7
17.49
15.35
18.84
13.13
12.53
14.15
20.91
20.87
9.68
14.58
14.85
13.55
15.84
14.57
10.89
13.6
10.93
13.61
13.95
10.55
14.06
11.87
14.56
10.54
24.46
11.8
9.33
12.49
15.3
15.67
9.73
15.81
16.6
15.8
23.97
9.69
9.61
18.11
13.08
19.64
13.28
11.2
12.3
21.27
16.04
20.65
13.19
16.32
13.38
16.16
14.74
14.98
11.17
17.74
10.71
14.78
18.34
9.99
9.69
11.41
10.13
10.76
19.23
13.83
12.64
12.9
12.38
14.37
16.83
7.4
8.67
14.64
14.45
10.58
11.04
14.09
7.97
11.41
8.18
11.61
19.11
15.37
10.3
8.82
8.4
12.66
8.46
11.66
8.51
7.89
9.77
13.72
15.71
12.21
17.79
9.91
10.26
20.28
14.57
9.91
10.61
8.2
13.63
16.76
12.45
16.1
11.8
11.27
10.92
13.44
9.29
11.38
16.92
13.87
16.9
12.76
10.35
10.09
10.73
14.8
19.54
11.46
15.75
10.14
9.08
9.41
9.55
13.67
13.13
9.8
11.15
14.12
19.74
8.33
16.8
16.89
8.07
8.03
9.36
20.33
14.2
14.23
18.2
11.33
13.02
13.36
13.23
18.78
16.01
15.22
18.64
16.33
12.3
11.52
11.87
8.85
7.58
12.82
10.66
14.79
9.11
8.33
7.63
12.42
11.8
8.12
10.91
12.13
8.23
13.64
15.6
11.75
8.06
14.05
18.87
10.19
8.72
14.62
17.31
15.87
9.77
11.77
11.25
14.75
7.46
8.83
11.32
8.73
9.38
14.18
12.21
11.76
9.79
12.19
8
11.62
11.03
10.32
11.03
12.3
10.47
9.12
12.43
11.15
11.17
8.05
7.91
8.39
11.85
9.47
8.43
19.6
12.4
11.78
8.58
16.89
8.85
12.43
8.58
9.32
9.95
10.85
9.1
13.03
11.99
11.25
10.81
10.69
10.88
9.09
8.79
10.15
17.97
15.28
11.17
9.29
13.53
12.57
16.78
13.19
14.1
8.17
18.89
25.95
8.76
10.68
15.17
8.93
14.84
11.73
16.56
8.28
13.88
7.8
11.25
7.5
8.26
8.62
13.62
7.59
11.43
10.98
9.74
13.4
37.52
10.76
10.42
9.7
14.81
8.26
12.05
8.14
13.95
8.18
15.71
13.85
11
19.3
10.89
11.12
10.27
9.01
8.6
14.08
12.62
14.36
12.16
20.84
15.18
10.15
17.86
8.8
12.38
8.83
7.87
11.9
13.37
12.96
7.68
11.97
12.92
14.46
10.85
11.06
9.59
13.2
13.31
16.13
12.64
7.83
8.45
21.71
18.89
12.67
7.98
18.3
9.75
14.57
8.82
23.21
8.82
15.14
9.07
12.06
11.88
23.59
8.95
11.41
9.16
10.76
13.54
20.28
9.44
9.57
24.17
12.99
8.44
13.59
16.24
11.73
13.76
12.33
18.43
11.58
15.24
19.23
18.94
12.09
15.38
9.11
8.59
12.39
11.65
17.45
13.94
10.31
8.05
8.03
9.4
12.87
8.07
16.59
7.86
10.85
11.87
17.21
11.19
13.25
14.16
12.23
8.68
14.23
16.65
11.11
9.74
9.56
11.62
13.29
12.75
15.46
8.95
17.1
9.24
8.33
10.89
11.23
7.76
22.83
7.96
8.28
9.16
9.58
9.07
8.96
10.72
9.16
8.52
8.47
7.96
8.61
12.61
10.42
7.43
13.68
15.99
9.78
11.9
17.05
9.33
11.23
9.45
17.71
12.1
8.34
14.97
9.48
11.55
14.85
8.08
15.82
10.36
13.54
15.89
11.88
16.43
17.58
10.35
15.78
12.04
14.68
18.61
19.74
12.76
9.52
13.97
8.58
7.8
8.35
10.63
14
9.09
11.45
7.8
18.97
13.17
16.45
14.47
16.91
20.25
10.84
12.17
9.81
11.97
14.69
13.8
8.51
14.59
8.04
12.2
12.03
13.22
21.78
17.98
14.12
13.02
54.44
15.16
14.24
9.71
8.24
9.38
11.49
14.93
17.54
12.27
12.52
13.75
7.44
15.37
8.77
9.04
7.36
9.55
18.18
8.67
14.48
13.54
15.28
11.54
14.64
11.31
11.47
11.42
9.96
7.77
14.26
14.63
19.85
8.77
8.5
11.45
11.46
16.44
10.05
13.32
12.44
15.6
17.36
8.99
7.9
12.35
10.66
10.07
15.56
8.33
15.36
15.7
12.14
9.04
16.28
8.25
11.77
9.8
8.89
14.02
11.68
13.24
11.51
12.85
12.85
12.07
8.42
13.2
11.77
13.9
11.48
18.17
14.9
9.2
11.11
9.63
15.31
12.06
15.33
10.28
9.33
11.32
11.39
8.94
10.79
8.25
12.57
11.43
10.1
12.76
17.35
11.12
10.6
10.14
14.08
11.25
9.11
13.78
11.76
8.43
11.06
9.51
9.2
14.65
17.01
11.37
11.81
11.84
18.74
7.56
14.64
12.55
16.5
12.98
13.6
10.07
10.98
11.02
9.99
10.13
15.61
16.96
13.19
13.91
13.14
15.86
16.5
9.97
15.63
19.86
11.45
17.44
16.69
11.34
12.2
14.92
8.38
7.71
16.66
8.1
8.6
9.09
14.55
8.83
13.22
9.49
9.67
10.47
9.14
7.7
12.36
8.97
12.07
16.01
7.7
8.55
10.87
13.36
8.68
12.56
9.52
15.03
10.42
8.32
9.48
11.67
7.82
8.8
9.33
8.22
8.7
8.82
10.06
8.84
15.32
12.6
16.8
11.04
14.06
11.57
10.92
17.26
10.67
8.24
9.8
8.42
11.19
11.37
10.9
16.59
21.05
12.71
7.65
19.54
15
11.42
8.09
8.97
7.46
8.3
12.04
11.6
20.24
7.17
14.07
14.88
18.27
10.71
12.57
10.8
18.32
16.84
8.46
9.25
9.8
14.15
13.39
10.31
11.15
13.43
14.65
8.32
11.1
10.18
8.72
7.19
12.54
15.84
8.47
21.1
9.79
15.68
12.02
14.61
14.37
8.75
13.03
8.73
8.93
9.19
10.57
16.4
8.55
10.59
14.71
8.93
7.92
9.31
12.22
15.3
14.56
11.13
13.98
8.23
11.47
8.12
11.2
18.25
14.31
10.82
10.88
17.34
13.35
8.66
9.44
11.59
8.59
10.46
10.49
8.83
15.6
11.49
9.3
8.26
11.08
8.85
14.05
14.99
7.59
7.52
7.76
8.97
13.17
11.13
11.41
7.52
14.28
11.75
12.83
9.41
13.24
8.66
7.73
10.12
13.65
10.12
8.79
11.82
13.37
13.14
8.02
12.91
11.6
8.66
9.72
10.22
20.85
9.78
9.27
7.56
12.31
16.2
12.63
13.01
8.97
15.55
8.45
9.66
16.66
7.99
13.7
7.55
10.88
11.07
8.85
14.04
8.35
12.73
13.89
7.94
7.45
7.75
17.84
14.23
9.17
8.26
17.49
7.95
11.98
12.07
13.28
8.18
8.21
10.53
9.54
8.97
23.11
9.11
16.29
11.85
24.69
8.39
11.85
13.95
11.3
8.27
9.21
8.28
19.45
16.94
12.93
15.2
8.39
13.55
13.86
8.72
14.63
22.16
10.04
17.15
8.41
13.51
19.08
12.88
10.2
11.46
12.96
11.19
20.67
16.55
11.58
7.67
9.85
8.86
7.37
11.12
22.74
9.16
8.99
7.74
8.86
7.93
8.56
15.6
8.33
8.91
13
9.25
20.05
17.73
14.91
18.73
12.37
7.86
13.25
9.25
16.75
11.57
11.06
10.91
13.12
13.51
7.99
8.95
9.58
13.29
14.94
7.99
15.08
7.27
16.39
14.77
9.05
9.94
12.92
12.98
13.17
13.38
13.03
14.93
9.49
15.58
15.43
11.65
8.55
17.52
11.55
7.43
8.65
10.16
10.78
9.71
8.38
12
16.88
8.89
8.85
16.93
12.87
14.16
11.28
18.29
16.17
13.35
12.39
16.2
11.76
8.07
8.28
8.76
8.65
14.67
7.66
10.45
7.83
14.75
15.23
10.88
14.58
12.66
12.59
17.3
13.02
11.31
12.77
9.82
11.51
9.94
12.92
10.78
9.83
15.78
14.63
12.48
11.8
15.31
8.67
10.9
16.86
8.8
15.05
16.6
17.86
9.11
14.5
7.75
11.9
14.43
14.27
10.65
12.29
8.95
8.45
9.74
18.33
17.57
7.92
11.03
11.06
10.9
14.98
16.19
17.01
17.56
16.35
17.43
12.59
15.06
14.51
9.14
14.61
14.92
7.13
16.61
14.48
15.23
11.54
11.52
8.72
15.89
15.92
12.96
9.39
11.91
8.11
7.57
11.9
13.64
7.4
9.13
14.92
14.04
19.78
9.08
8.17
8.34
10.84
10.79
9.52
11.13
7.92
7.24
8.79
11.04
11.83
13.38
14.87
12.97
13.47
11.59
25.43
8.35
10.09
14.5
7.29
7.97
8.21
14.12
10.83
9.46
7.8
9.51
8.62
9.52
10.12
12.06
11.12
8.68
10.27
12.44
9.56
8.6
13.17
10.68
14.13
13.77
13.37
11.23
12.18
16.78
12.32
11.67
8.38
12.8
7.6
8.65
11.34
15.04
11.79
8.29
8.17
8.84
11.07
8.58
7.55
16.2
16.63
12.08
11.49
9.34
11.98
10.95
13.32
10.66
14.36
12.56
11.04
7.99
13.95
8.78
11.35
14.68
12.68
11.89
11.27
15.82
16.85
8.24
10.05
14.46
11.54
7.82
10.86
10.86
14.13
11.9
9.39
19.64
7.99
9.22
8.34
9.25
9.37
15.01
11.81
9.28
9.99
11.33
13.37
16.91
14.3
18.8
7.68
8.68
8.12
14.69
11.88
16.54
10.35
8.62
11.76
7.29
13.69
11.02
11.69
7.88
15.96
15.5
13.56
9.44
9.55
16.33
8.99
7.9
15.73
11.08
11.13
13.73
15.81
8.91
9.55
21.54
8.39
11.28
9.91
8.57
12.36
17.61
9.28
11.48
16.63
11.74
13.05
12.7
16.1
9.98
8.49
9.23
13.52
10.34
11.36
12.36
19.23
9.67
13.86
13.61
12.32
8.91
16.68
24.19
13.79
12.09
15.27
19.23
11.85
17.15
19.78
14.7
12.54
15.37
14.33
15.46
11.39
15.51
14.61
11.3
12.63
8.36
10.96
19.22
10.8
16.51
16.96
10.51
18.56
20.48
11.73
9.21
12.67
14.4
8.89
10.18
12.87
16.66
13.57
13.06
19.81
7.49
11.56
9.49
13.83
12.48
7.78
9.88
14.72
10.29
14.65
10.35
20.8
16.22
12.47
8.89
12.78
14.98
8.21
13.88
14.77
8.24
10.77
14.33
9.55
14.62
11.4
10.32
10.42
8.15
13.42
15.59
17.91
17.46
7.88
9.29
11.09
18.52
8.42
15.92
9.71
9.57
17.71
9.04
9
16.21
12.67
12.76
19.6
17.03
13.03
11.19
13.06
15.79
18.92
11.16
9.3
13.45
13.78
14.49
9.91
11.84
16.39
13.44
8.77
10.9
12.26
8.86
19.33
7.19
13.23
16.12
17.15
18.19
12.78
8.37
14.59
12.51
10.77
10.61
15.67
14.67
11.76
9.65
8.76
9.83
9.31
12.29
13.59
12.79
8.53
14.58
8.04
11.94
8.6
9.65
8.72
11
12.08
13.66
10.48
9.76
12.52
9.44
15.88
8.2
14.72
20.42
9.75
9.19
18.41
16.38
9.51
10.54
12.15
19.06
16.63
10.37
12.84
8.5
20.92
12.46
13.88
11.3
13.89
9.02
8.85
13.6
9.11
13.77
16.03
10.69
15.88
12.66
14.54
11.55
9.95
9.01
19.71
14.94
8.48
13.97
15.75
7.96
8.65
11.15
11.52
8.13
17.51
16.34
8.22
11.59
17.78
12.48
14.07
15.27
12.34
9.06
8.93
12.2
11.07
12.55
15.83
9.55
14.97
11.7
13.59
12.33
8.26
17.05
12.97
9.91
11.31
17.34
17.25
7.78
13.3
7.78
15.3
8.57
13.87
11.93
12.07
8.4
14.14
8.32
17.63
8.01
19.45
12.35
9.42
7.27
13.61
8.42
13.9
19.46
10.98
8.49
7.79
13.38
9.8
14.31
8.86
12.08
8.18
10.4
25.89
13.49
18.56
13.06
11.66
8.83
10.25
17.38
7.87
10.62
9.07
9.44
17.99
10.8
8.48
9.17
8.64
15.83
8.73
11.11
16.38
11.94
10.29
11.45
16.32
15.77
13.2
13.72
9.42
9.16
8.55
10.53
12.57
11
9.39
12.61
15.55
10.08
8.42
10.58
8.57
8.26
8.57
11.9
12.58
9.41
8.35
12.7
11.05
10.64
8.46
15
19.03
7.49
8.54
8.51
13.35
7.79
7.88
16.21
9.07
9.92
8.69
19.84
8.38
8.14
17.01
9.2
12.59
12.58
10.73
10.44
9.72
10.36
17.91
12.36
14.98
14.84
11.52
20.23
13.32
11.3
14.32
15.37
11.46
11.48
9.94
8.13
10.55
11.92
10.67
9.04
9.43
10.73
10.69
11.55
8.27
12.39
11.56
9.99
12.69
8.36
8.39
17.54
11.72
15.18
15.44
10.62
13.84
13.62
9.34
8.08
12.19
13.34
7.32
7.54
10.05
24.57
14.35
11.96
18.88
16.42
12
9.79
8.94
7.47
10.45
11.16
12.04
8.02
11.03
9.85
17.94
15.68
15.24
12.76
8.16
7.14
15.29
12.27
19.82
20.24
10.77
11.02
14.89
13.21
13.05
11.83
7.86
7.89
8.85
10.19
11.61
8.6
8.74
16.46
14
13.17
16.98
10.46
16.71
8.44
14.08
15.07
11.97
10.92
17.78
12.98
7.99
11.77
17.8
20.2
7.5
11.12
7.3
13.98
8.59
8.09
12.26
10.22
13.7
7.94
11.49
14.26
10.79
9.18
7.45
11.03
11.19
11.89
8.73
8.1
8.63
11.33
9.15
15.52
10.54
8
20
13.26
8.46
20.38
13.9
13.55
9.28
19.89
12.38
11.62
11.11
14.29
9.8
9.15
16.63
9.09
12.59
11.7
12.09
11.66
12.06
9.39
13.83
16.12
7.92
17.66
9.85
8.88
15.78
10.42
14.86
8.39
10.92
14.37
15.05
17.75
17.69
15.97
8.19
9.5
15.08
7.96
10.46
12.3
9.29
18.39
8.7
18.5
8.54
10.41
11.09
10.91
9.24
12.31
12.51
16.48
11.45
11.49
8.71
11.4
21.07
8.77
16.41
14.42
8.34
15.97
14.12
12.34
13.89
8.69
13.48
8.66
12.78
15.37
9.87
8.23
15.63
21.75
12.33
12.98
12.96
10.06
16.52
8.18
9.88
9.83
11.32
8.12
17.16
9.02
11.04
9.48
9.1
8.22
11.58
12.73
12.82
15.93
10.82
12.2
9.84
19.26
13.65
11.56
11.49
16.89
11.86
9.28
10.89
16.97
9.49
11.27
15.16
7.36
9.83
12.13
15.91
9.32
12.25
7.45
9.85
17.53
11.37
9.47
16.68
9.9
7.65
13.23
9.1
15.6
10.97
8.61
9.01
14.89
18.61
12.52
13.53
10.62
18.03
9.73
8.4
8.51
9.06
13
7
18.66
11.54
9.25
8.48
9.03
19.32
9.29
10.33
7.42
7.16
15.18
10.78
8.49
12.43
9.16
8.15
15.07
8.15
12
11.34
16.3
17.93
9.13
13.62
13.12
21.62
16.72
8.9
13.34
8.87
18.55
12.59
9.38
13.37
21.06
8.57
19.19
12.88
12.97
7.22
10.96
7.97
11.76
16.49
13.76
13.74
17.45
9.47
10.72
9.14
19.48
19.66
7.05
9.23
8.54
11.68
12.6
19.78
15.72
20.79
15.8
10.38
14.5
16.52
9.46
17.58
14.79
18.26
11.45
9.14
10.02
12.26
11.34
11.65
16.56
12.44
10.45
13.51
7.47
8.37
13.77
17.1
8.07
15.78
9.32
14.16
9.3
10.58
12.15
13.95
13.77
13.02
13.7
10.59
8.66
15.39
17.55
14.44
16.85
15.22
13.71
13.46
8.11
17
10.58
18.54
11.38
10.13
9.73
11.99
11.01
14.17
13.41
12.38
8.94
8.54
10.3
12.03
16.86
7.98
20.23
11.61
15.6
16.01
12.61
7.34
9.67
11.23
9.08
14.27
9.45
16.66
11.64
10.28
10.35
9.02
9.89
8.83
13
19.27
15.16
12.08
20.72
11.12
11.7
10.5
13.33
12.08
14.85
13.51
12.84
15.08
9.61
10.71
8.83
13.6
14.63
8.87
8.13
16.33
10.41
8.86
8.23
9.01
13.81
7.81
15.03
9.17
9.25
7.51
13.07
8.25
10.99
16.94
7.72
9.27
11.96
11.93
11.71
15.62
15.57
12.6
11.98
12.33
12.83
9.77
10.51
10.08
11.02
8.36
14.93
13.39
10.75
8.81
15.3
12.32
14.96
12.95
13.49
15.08
19.12
10.39
10.44
9.21
13.63
15.29
12.5
7.69
9.13
11.05
12.06
7.58
9.36
17.73
17.79
13.99
12.3
8.53
15.45
7.85
9.27
11.98
20.88
12.74
12.56
8.93
17.1
10.65
10.52
14.57
10.55
16.36
10.8
21.07
8.1
15.49
7.57
11.49
8.35
12.39
7.4
14.93
8.83
14.43
8.53
18.93
12.21
10.72
12.8
12.52
15.27
8.59
9.22
15.73
7.93
11.96
11.59
12.02
9.16
9.98
15.32
13.99
15.54
10.17
10.17
8.62
11.69
10.48
12.42
19.6
13.83
14.55
7.96
9.47
8.77
14.16
8.29
7.75
15.89
8.06
8.47
13.45
13.85
7.33
7.94
7.71
14.3
9.01
7.82
14.88
10.64
13.23
8.68
13.07
11.3
8.62
10.78
10.15
10.53
18.12
12.26
9.62
10.46
12.71
9.64
16.88
14.24
11.02
11.69
9.35
7.53
9.08
13.06
8.95
28.84
8.56
11.34
17.1
12.31
9.63
14
8.09
11.78
7.84
13.47
14.47
11.56
8.91
11.32
7.89
8.62
13.02
12.69
9.25
13.4
8.28
11.43
8.02
11.58
14.38
17.54
12.51
11.13
9.62
8.64
10.39
15.44
7.51
12.04
9.9
12.55
16.6
12.89
17.57
15.28
8.65
11.04
10.8
15.72
8.52
16.64
12.93
10.5
18.01
13.41
9.21
7.62
14.47
8.65
13.51
8.48
9.29
12.67
11.84
12.83
14.43
13.25
14.74
13.06
18.52
8.27
11.11
11.15
13.55
10.16
13.3
13.47
10.65
10.67
12.01
13.17
16.87
9.69
13.33
10.1
16.21
15.35
11.67
16.03
15.61
12.64
7.36
9.36
15.54
16.68
15.49
11.53
10.72
13.45
10.93
9.64
8.47
8.71
12.42
19.92
9.34
9.5
9.76
8.82
8.65
14.38
8.42
14.75
15.74
14.44
13.79
12.01
10.76
13.11
12.96
7.24
7.3
11.51
8.38
10.57
17.58
12.04
15.18
8.34
7.95
12.81
9.93
10.69
8.88
15.92
8.34
19.62
11.77
11.08
13.95
11.81
8.16
11.94
7.96
16.68
19.89
15.49
11.19
8.24
21.15
14.92
8.22
8.52
9.74
12.26
10.81
10.98
7.44
11.74
16.33
16.35
14.43
10.09
9.03
9.31
15.07
11.82
9.36
14.34
12.09
14.74
14.02
15.44
10.2
15.33
15.43
11.49
9.58
17.23
19.43
12.81
12.98
11.07
12.5
10.19
12.78
11.52
11.23
17.95
16.55
16.44
12.51
13.25
12.68
10.92
10.46
10.17
10.14
12.41
17.81
17.21
10.35
8.89
15.19
13.72
19.91
11.66
13.62
14.52
10.71
14.37
11.43
12.66
15.74
10.35
10.94
8.88
8.97
7.53
16.65
10.53
8.42
11.03
8.57
11.94
19.69
16.15
15.46
10.16
11.16
9.64
9.19
12.52
11.18
14.03
20.58
10.64
11.49
11.4
9.51
13.47
8.45
8.73
8.91
11.52
8.97
15.9
8.37
9.42
9.39
7.54
8.74
7.8
7.69
12.25
9.75
17.12
13.11
12.9
12.82
17.26
14.6
19.57
15.23
15.94
18.22
8.13
13.1
13.5
10.41
12.81
7.82
11.61
14.04
21.53
7.89
15.45
8.67
14.97
17.21
8.17
16.54
8.77
12.77
11.89
14.22
16.4
11.26
12.33
12.67
8.09
8.38
11.6
12.86
11.11
11.98
8.48
21.52
9.93
17.92
14.89
8.21
10.78
16.9
13.33
11.26
10.8
10.61
19.81
11.42
7.92
10.91
15.73
14.28
17.86
15.15
14.18
11.87
15.12
11.79
12.37
14
7.97
10.25
10.19
7.78
12.26
9.97
11.02
15.17
13.98
9.15
12.17
8.43
13.16
19.32
11.9
7.58
9.08
8.5
13.38
11.61
21.3
13.88
8.39
8.99
13.55
15.24
17.45
13.01
12.25
7.52
9.62
13.8
9.21
9.29
7.41
7.73
10.87
8.2
8.67
11.48
14.56
16.11
10.35
11.34
8.52
9.68
7.77
12.5
16.89
14.27
10.94
11.56
10.2
8.63
10.23
10.95
19.82
18.31
9.63
12.11
18.1
15.56
13.16
12.49
13.4
9.28
14
13.96
8.58
13.84
7.82
8.73
13.03
13.5
9.59
8.89
13.93
12.86
7.54
12.8
9.76
11.3
7.4
10.53
21.03
17.05
7.72
14.87
11.35
13.19
10.53
14.15
15.57
13.87
6.59
15.51
9.89
9.11
7.05
7.12
8.41
10.09
6.57
7.38
10.38
9.37
6.14
11.06
6.86
10.02
7.55
9.97
12.46
7.7
10.7
8.92
8.23
7.02
7.78
9.96
11.08
6.49
16.48
8.94
7.7
6.47
7.06
10.61
6.99
7.25
9.51
7.83
7.14
8.06
10.53
6.44
6.3
9.81
6.98
9.51
9.32
11.29
9.78
9.61
7.23
6.96
12.47
7.32
10.11
7.58
12.26
7.71
7.74
6.26
12.02
6.28
6.54
14.74
7.85
16.69
37.54
7.91
14.29
10.1
9.97
7.38
13.09
17.52
7.18
8.39
8.18
7.35
6.32
9.06
7.86
6.48
10.57
6.58
6.46
6.4
8.93
6.62
12.37
16.64
13.22
13.89
10.89
6.23
10.47
7
8.11
10.02
12.05
19.39
7.1
7.3
6.86
10.54
7.96
7.03
8.94
13.23
6.11
7.72
8.95
9.97
7.98
7.08
6.79
8.1
7.45
7.1
12.47
8.79
6.83
6.15
10.56
14.53
12.28
6.89
8.39
12.15
13.12
5.62
8.46
5.14
9.18
13.78
5.54
8.57
5.9
5.64
5.43
5.02
8.35
8.97
5.2
9.17
5.04
6.95
5.55
5.03
9.98
9.4
5.38
5.25
7.81
9.2
5.51
12.68
5.69
5.6
5.43
5.13
5.09
5.94
6.4
13.33
5.1
5.63
5.71
5.82
8.49
6.2
11.54
12.14
10.38
5.2
5.97
11.81
5.25
6
5
5.46
11.43
10.14
5.43
5.02
8.72
5.39
5.48
5.73
10.31
7.98
6.89
8.47
5.85
5.4
5.23
5.8
10.27
13.24
5.53
8.45
8.11
5.23
6.04
6.27
5.94
6.23
5.49
5.97
6.07
5.16
10.94
5.83
6.18
5.25
5.75
5
5.04
5.64
16.43
5.07
5.86
13.26
11.97
9.18
11.85
5
10.76
6.27
5.35
10.39
12.85
5.45
7.14
13.67
7.14
5.18
11.32
5.76
5.56
5
5.01
9.56
9.25
5.54
9.96
5.69
5.88
11.44
5.08
9.8
5.44
5.95
5.05
8.63
5.11
8.01
11.92
5.05
6.66
5.91
6.53
8.82
5.8
6.14
6.64
5.21
5
11.42
5.37
11.7
5.32
9.13
5.58
6.52
6.18
10.5
8.89
7.35
6.56
10.48
11.02
9.65
5.15
5.19
5.08
5.47
5.15
5.68
6.44
5.36
5.64
7.22
9.38
5.11
6.6
5.75
9.97
14.27
5.46
5.6
5.32
11.21
10.68
9.54
5.9
10.09
5.2
5.75
5.06
5
5.65
5
5.57
5.71
9.77
9.58
10.17
5.98
5.3
5
5.92
9.17
9.86
7.9
5.87
10.48
5.03
12.1
12.67
5.41
6.2
5.39
7.05
5.81
5.16
8.8
10.33
5.15
5.9
5.71
6.12
7.64
6.07
9.83
5.75
7.3
9.94
5.64
5.55
5
5.14
10.33
6.28
6.36
5.57
5.36
5.36
5
5.75
5.9
8.1
6.09
5.77
5.23
5.97
7.47
6.01
5.27
7.19
6.3
5.24
8.35
5.59
5.52
5.97
5.3
5.77
5.75
5.34
12.82
5.6
6.89
5.86
5
5.85
5.01
5.42
6.03
5.46
5.16
5.21
5.34
5.07
5.01
12.03
6.11
5.78
5.73
8.61
12.95
5.34
6.04
6.06
9.91
5.23
11.04
10.7
5.05
7.81
5.38
5.93
6.53
5.62
9.16
10.28
5.6
5.16
5.02
10.16
5.07
7.51
5
11.82
10.24
8.94
10.14
13.11
10.69
11.95
5.69
5.33
6.05
8.87
5.09
5.17
5.03
6.31
5.05
6.11
10.9
9.47
5.67
5.05
12.36
13.21
5.78
5.05
11.22
5.57
5.07
5.37
8.59
5.79
5.89
10.29
14.84
5.11
9.91
13.17
6.03
8.68
10.11
5.72
14.1
9.49
8.57
5.91
5.73
5.08
5.86
10.44
5.8
5.17
7.27
5
5
5.98
6.35
5.97
6.19
6.48
10.05
10.64
5.47
9.87
8.21
5.02
5.27
5.55
5.42
5.28
5.63
6.49
5.55
8.15
11.73
11.23
12.88
6.84
5.89
5.66
10.49
5.38
5.14
6.31
9.74
5.84
6.26
9.16
8.67
9.28
5.51
10.83
5
12.02
7.42
5
7.1
6.03
10.74
8.61
5.44
5.5
8.88
6.06
5.03
5.38
10.71
11.55
5.21
5.94
5
5
6.21
10.95
13.12
10.41
5.36
5.41
5.88
5.81
12.11
7.23
8.66
10.46
5.32
5.03
13.18
5.03
5.85
5.64
5.5
6.22
13.05
9.08
10.67
5.52
9.99
5.1
12.35
7.86
5
9.1
11.18
8.99
5.8
5.43
5.61
5.38
5.64
5.19
5.66
10.51
5.23
5.02
9.1
5.38
5.37
5.76
6.02
5.46
10.17
5.34
5.28
5.88
5.07
5.36
10.16
5.04
5.06
10.64
14.44
5.97
5.03
5
6.32
5.29
10.65
7.06
10.2
5.11
5.08
10.06
6.11
5.04
10.72
8.64
6.52
8.49
5.77
5.75
5.24
7.07
5.25
5.19
7.8
5.02
5.65
11.63
5.11
5.7
10.69
5.06
8.29
6.03
6.29
5.58
5.24
5.04
10.59
6.33
9.49
11.33
8.47
5.39
5.18
11.6
5.74
5.01
11.66
10.25
6.15
5.23
12.44
9.38
6.33
7.88
9.27
5.15
9.38
5.3
7.31
6.23
5.61
5.46
5.28
5.59
5.68
7.36
6.21
5.6
5.03
10.31
8.63
5.77
5.13
5.64
5.81
5
5.51
10.9
5.74
5.69
5
5.02
8.97
10.16
12.68
12.25
5.08
6.37
11.88
5.85
8.04
5.61
10.86
9.41
10.26
5.21
9.22
5.71
5.24
5.52
5.42
5.78
11.04
5
5.87
6.03
11.95
5.27
5.13
5.31
5.83
10.06
6.08
7.75
5.93
5.42
5.13
10.84
5.12
5.81
6.69
5.35
5.66
5.07
9.47
5.02
11.12
5.27
8.12
5
8.14
5.45
9.17
8.69
10.58
5.14
5.79
5.8
10.39
5.45
5.18
5.12
5.47
6.31
5.37
12.13
6.82
6.13
5.27
5.8
8.11
5.51
12.57
5.1
5.14
5.72
5.18
5.01
9.84
5.89
5.52
5.24
5.01
5
12.42
6.11
8.61
10.88
5.98
10.43
5.04
5.86
6.07
9.57
5.02
5.39
6.82
6.42
5
12.71
5.16
11.62
6.47
10.2
5.19
5.71
5.86
5.54
5.03
9.25
11.57
5.77
5.24
6.16
5.01
9.86
10.69
5.77
5.6
10.03
5.12
5.28
5.62
5.03
5.11
5.35
10.24
5.59
9.37
8.57
10.35
6.29
5.38
11.19
5.39
10.13
5.3
5.58
11.19
5.37
6.55
6.19
11.46
12.18
5.71
5.45
10.35
10.21
5.64
5.36
5.48
5.28
11.76
5
10.34
8.74
5.79
6.08
5.32
12.78
6.4
5.4
12.56
5.25
5.33
10.34
5.11
12.33
6.43
6.77
5.48
5.64
10.01
6.03
9.45
7.03
9.96
13.58
7.22
5.04
5.1
5.1
5.08
7.22
5.52
5.43
10.14
5.34
8.94
11.44
6.46
5.79
5.28
5.45
5.19
8.76
5.03
9.87
9.54
5.02
5.72
11.02
11.55
9.12
5.9
6.21
7.58
5.43
5.16
5.58
8.74
5.52
10.52
6.17
6.68
6.27
5.24
7.04
9.86
5.09
5.09
6.42
5.6
10.48
5.39
5.16
5.71
5.78
5.53
5.95
5.5
5.37
8.82
5.99
9.93
5.27
10.41
5.6
5.77
5.75
11.06
5.68
5.13
5.63
5.58
9.25
5.54
6.39
5.12
7.66
9.96
6.85
5.17
8.44
8.59
5.56
5.68
5.67
12.45
5.22
5.63
6.12
5.07
9.99
5.6
8.88
5.07
5.06
5.32
5.31
9.96
8.55
5.43
5.87
5.45
5.58
5.56
6.38
6.11
13.77
6.21
5.22
5.02
5
8.38
5
5.8
5.54
9.08
5.9
6.35
10.56
5.67
5
5.85
6.71
5.12
7.01
8.78
5.05
5.6
5.22
11.08
5.03
12.09
5.08
6.46
10.88
5.19
5.13
5.53
5.83
5.85
5
6.12
6.88
8.5
7.78
9.1
9.27
12.17
5.36
5
5.44
6.06
7.76
10.52
5.4
5.12
8.9
5.09
5.16
8.13
5.35
7.01
11.87
5.05
5.41
5.69
5.36
5.67
5.15
12.68
11.51
5
6.29
5.91
5.04
7.06
5.13
11.22
15.47
12.35
5.83
5.82
6.07
5.55
9.91
5.2
5.18
5.12
10.08
11.27
5.9
5.42
5.9
6.18
5.71
10.99
5.2
5.27
5.17
5.28
12.28
7.81
11.94
8.59
5.62
6.14
9.15
5
11.17
5.06
8.31
5.06
5.44
10.22
5.56
5.33
5.17
5.42
5.33
5.96
9.33
12.13
8.13
5.56
13.22
5.22
5
5.05
5.95
10.54
5.7
15.67
6.23
11.17
8.34
11.22
5.88
5.84
8.97
5.69
12.3
6.34
5.26
5
5.11
12.35
5.7
5.44
13.27
5.64
5.02
11.29
5.63
5.03
5.19
5.06
10.79
11.73
10.77
5.38
5.12
6.01
5.65
9.82
6.61
9.53
5.03
6.82
7.41
7.22
5.53
5.59
5.34
9.62
10.92
10.15
5.02
5.42
8.7
5.13
8.14
5.66
5.03
5.06
5.21
5.56
9.55
5.13
12.6
5.45
10.92
6.82
6.75
8.66
6.89
5.29
5.12
5.25
8.57
9.39
9.27
12.86
5.66
5.39
6.82
6.96
9.54
5.44
9.88
5.2
6.04
5.75
10.86
5.43
5
16.21
12.48
9.54
6.34
7.98
5.04
8.23
5.16
5.02
5.69
5.65
7.55
5.06
13.81
5.51
11.02
5.39
5.08
10.03
5.54
5.19
11.57
9.15
10.03
6.1
5.8
5.53
5.93
5.29
5.4
5.08
9.5
9.16
6.19
5.97
5.93
5.1
5.15
5.87
9.19
5.12
9.17
10.02
6.75
13.31
5.37
6.53
5.48
5.14
5.27
5
5.98
5.21
5.54
6.02
6.47
5.02
6.28
5
5.65
12.74
10.6
7.29
5.02
5
6.08
5
5.38
6.01
6.1
5.12
5.02
5.44
5.8
5
5.53
9.91
14.53
5.31
10.57
5.34
8.81
8.88
5.69
5.72
5.29
5.3
5.79
5.57
6.01
5.1
5.45
5.49
5.64
5.12
5.69
5.45
5.18
10.81
8.87
5.21
5.12
5.15
5.53
9.01
10.89
5.76
7.28
5
8.17
9.64
6.05
12.36
5.72
10.6
9.21
10.18
5.37
10.66
5.34
5.98
9.66
5.61
14.26
6.18
11.76
7.08
5.02
11.78
11.9
5.88
10.85
5.31
5.18
5.63
8.83
12.1
6.29
10.39
5.75
10.45
9.88
11.87
5.93
10.08
6.44
5.34
6.17
5.07
14.26
5.84
10.57
12.91
10.1
8.56
5.24
12.27
10.03
5.4
5.11
11.01
5.22
5.21
5.16
5.24
6.79
9.27
5.15
6.04
10.99
5.03
10.31
9.92
5.63
6.96
10.62
5.75
5.41
5.38
11.34
5
6.22
11.74
9.68
5.81
6.73
5.74
5
10.62
5
11.43
5.09
6.36
10.89
5.67
5.15
6.17
5.66
10.27
10.92
8.57
5.64
10.2
5.12
5.99
6.01
9.32
5.36
6.35
5.58
14.39
10.39
10.28
6.11
5.53
6.23
5.13
5.56
5.19
5.13
8.76
5.63
6.61
5.86
5.97
10.12
5
5.02
10.87
7.52
5
5.57
5.44
5.76
11.89
5.76
5.14
5.89
5.08
8.41
5.4
5.48
6.2
6.61
6.04
6.77
5.13
5.14
13.33
10.51
8.7
5.03
5.9
8.3
7.05
5.49
5.23
7.44
6
9.8
8.74
5.62
6.61
5.71
7.98
10.84
5.68
11.1
12.36
7.92
12.01
5.38
7.21
17.14
5.92
9.84
5.68
11.21
5.21
5.82
5.41
9.52
5.03
5.77
6.24
6.31
5.16
5.79
5.31
5.47
11.59
9.26
7.03
9.81
5.28
9.84
7.09
5.29
5.95
9.77
10.13
8.06
8.41
14.29
5.12
5.12
9.05
9.53
10.33
5.69
8.61
6.29
5.08
5.06
5.64
5.13
5
5.57
5.35
6.13
5.86
5.78
5.62
5.17
5.35
5.68
5.88
5.01
6.12
5.88
5.26
11.54
5.08
5.56
5.48
8.21
5.03
5.1
5.34
10.57
12.09
6.42
5.58
9.11
8.16
6.8
6.03
5.42
10.17
5.67
5.62
5.72
5.17
12.5
11.27
9.98
5.03
7.97
5.49
12
5
12.01
8.53
8.31
10.73
7.57
6.89
6.22
8.68
14.27
12.05
5.8
6.37
6.01
5.28
5.26
5.04
10.65
5.05
9.69
8.78
5.29
5.52
5.68
5.51
5.04
12.62
5.25
6.29
5.18
8.74
8.28
6.17
5.3
10.32
5.27
5.16
11.3
8.8
5.27
6.21
5.07
5.11
10.35
9.46
9.07
10.75
5.8
5.42
10.44
6.39
5.17
9.2
5.65
12.51
9.45
5.56
6.1
5.47
8.16
11.17
5.07
5
6.16
8.17
5.56
9.96
5.81
5.02
5.63
5.66
5.72
5
5.4
5.07
5.13
5.36
5.83
5.38
7.36
5.36
11.52
6.31
5.11
5.3
5.55
5.93
5.58
14.29
5.43
5.66
9.53
5.05
12.4
5.36
8.96
6.65
5.61
5.16
5.54
5.21
11.05
5.37
6.2
8.59
6.17
5.86
5.82
5.01
5.48
5.28
5
10.67
10.29
9.03
5.95
5.01
5.56
6.61
10.96
8.45
6.43
10.45
9.73
5.15
5.02
6.19
8.19
5
6.18
6
5.42
5.62
5.05
12.31
5.16
7.57
7.18
5.01
5.98
7.5
5.01
6.02
5.16
7.61
5.01
5.34
10.57
5.34
5.12
5.26
12.34
12.05
5.79
5
6.27
5.4
5.35
11.75
5.01
5.82
14.03
5.39
12.37
9.96
9.68
5.31
6.66
6.28
5.64
5.16
9.32
5.08
5
5.17
9.92
5.24
5.84
6.26
12.57
6.12
5.51
5.49
5.05
5.94
6.13
11.97
9.1
5.73
5.28
12.49
10.24
5.11
10.1
5.54
5.05
11.77
11.39
5.91
5.73
9.89
7.15
5.91
10.78
9.54
5.67
12.33
5.01
11.34
5.1
12.1
5.47
5.23
10.57
5.04
13.44
8.66
6.55
5.69
5.1
5.88
6.16
5
5.03
5.28
7.58
10.37
11.44
10.68
5
5.43
7.46
11.23
12.3
5.01
5.07
5.45
6.79
8.79
6.16
6.98
5.61
5.07
6.46
5.03
9.08
6.85
10.5
10.19
5.32
5.17
8.12
11.09
5.54
14.25
5.07
6.06
8.66
8.99
8.83
12.53
5.23
5.09
5.17
5.35
9.83
9.63
11.87
5.03
8.85
11.77
5.5
5.32
9.64
13.4
5
6.28
5.55
7
10.61
8.92
5.32
5.62
5.33
10.25
6.72
5.98
8.79
5.02
9.84
5.83
9.97
6.61
6.34
5.91
8.7
11.29
5.72
5.26
5.96
5.3
12.48
5.53
5.12
5.43
10.92
11.22
11.95
5
5.21
6.41
9.86
13.55
5.86
5.54
11.65
11.45
10.22
5.2
10.65
5.96
5.23
11.56
6.66
5.06
7.4
5.56
5.47
5.1
5.76
8.77
9.42
6.03
5.68
5.28
6.3
5.88
10.74
13.11
8.8
5.59
5.25
5.13
11.03
12.87
10.8
7.59
5.21
7.79
5.34
9.22
12.44
10.49
6.24
9.17
6.31
5.05
6.02
8.43
5
5
5.15
6.12
5.25
12.99
5.42
6.74
9.15
12.51
10.21
11.18
5.5
5.82
5.7
5.26
7.6
9.75
5.97
5.55
8.66
5.24
5.85
14.75
7.67
6.2
5.01
11.56
10.2
7.67
9.18
5.48
5.35
6.66
6.15
5.52
5.12
5.01
5.97
5.38
5.69
5.16
8
9.35
6.23
5.01
6.03
9.92
5.05
5.03
8.42
10.63
7.61
6.18
5.21
12.55
5.04
5.05
9.92
5.12
5.4
5.5
5.28
5.24
5
12.35
5.02
5.84
5.44
10.48
9.24
5.69
5.24
5.75
10.63
9.07
6.23
8.69
7.41
5.38
6.38
6.52
9.88
9.28
5.3
9.11
5
6.04
5.48
5.97
13.07
9.27
5.44
6.59
9.68
6.38
11.86
11.7
5.57
8.12
5.77
5
5.56
6.25
5.88
6.01
5.59
11.68
5.44
5.19
5.09
5.29
5
10.58
5.02
6.08
9.72
11.35
5.21
8.59
6.26
9.08
5.46
9.93
9.25
5.07
6.56
5.1
11.12
5.88
5.23
5.45
10.02
5.92
10.44
5.15
10
11.51
5.31
11.25
5.79
5.19
11.28
5.02
9.53
11.72
5
5.36
9.63
5.19
5.25
10.28
5.76
5.59
9.23
8.97
5.74
5.93
10.92
11.09
9.43
9.73
5.45
9.58
5.8
9.25
5.03
5.06
16.68
10
5.29
5.07
9.65
5
6.38
6.01
8.57
5.86
12.47
5.03
10.31
5.61
11.08
5
6.18
6.18
8.65
5
6.09
5.21
5.24
7.42
5.02
13.29
11.06
5.84
9.5
5.27
5.21
5.32
5.58
5.15
9.32
10.77
10.78
5.36
5.83
5.11
5.04
5.92
5.45
14.06
5.13
9.11
5.03
5.27
10.64
8.17
5.3
5.73
8.68
5.21
5.03
13.64
5.45
5.87
5.02
5.11
5.21
5.23
10.89
5
7.21
9.57
5.36
5.21
6.7
9.69
7.2
12.76
9.33
8.36
5.87
8.72
5.48
9.76
11.64
9.26
5.24
11.48
8.05
11.4
5.16
11.45
6.88
5.05
5.64
5.02
5.03
5.66
8.24
5.94
5.41
5.28
7.61
5.67
5.43
5.12
5.57
6.63
5.2
5.22
6.92
5.95
5.06
9.77
5.27
5.67
