10876 34740
39.5
26
10
15.6
21.7
14.1
21.8
13.5
36.8
23.4
30
10.3
17.4
15.4
26.3
26.6
9.2
27.2
13.6
46.2
22.5
26.6
8.5
15.2
9.4
32.4
34.3
8.8
16.4
8.9
9.3
11.9
13.4
23.3
13.9
11.1
21.8
26.4
25.6
20.1
10.4
24.1
38.5
29.6
14
12.1
33.6
21.9
9
27.4
11.3
26
28.6
10.8
20.5
26.8
9.5
27.4
15.1
11.2
26.6
19.1
20.2
15.9
13
43.9
11
9.2
33.6
12
39
10.1
23.9
15.2
21.7
20.1
16.2
14.9
11.7
18.8
10.2
12.3
16.2
20.6
12.2
14.5
29.1
34.6
14.3
15.5
12.7
13.8
8.1
17.5
13.3
13.1
31.5
18.8
13.2
23.4
23.1
23.3
15.3
10
22.6
32.2
20.2
13.7
8.8
27.9
17.4
14.3
47.4
16.7
26.1
16.1
12.5
14.2
40.1
17.7
32.3
16.3
19
15.9
10.8
41.1
53.2
29.8
22.6
26.6
18.1
22.9
11.2
15.3
40.6
20.1
23.8
15.1
21.7
9
23.1
26.7
28.2
35.3
11.3
16.3
26.8
40.8
24.2
14.6
14.4
20.9
22.4
16.7
20.9
26.8
23.4
16.9
11.3
18.3
13.6
30
13.8
16.4
23.4
15.4
17.8
14.7
19.9
15.9
19.7
13.6
13.2
17.3
11.5
8.3
13.5
28.6
19.8
14.5
17.5
36
12
36.4
19.1
21.3
25.4
15.3
23.4
53.6
35.6
19
17.4
18
35.2
21.6
11.7
17.2
20.4
20.7
16.5
18.2
31.2
20
10
11.4
15.4
13.4
24.3
25.5
16
20.8
9.8
22
13.7
14.2
16.1
10.4
19.9
8.1
13.6
15.8
16.6
29.4
15
23.9
13.2
12.1
30.1
13.1
28.9
12.6
12.3
20.6
15.5
12.1
28.3
13.7
8.8
14.9
9.3
11.8
8.2
16.7
24.4
21.3
23.1
26.6
22.4
13.3
12.9
14.5
20.5
9.4
25.7
18.9
17.3
21.4
17.4
13.8
25.6
24.2
16.9
11
21.5
8.7
20.3
34.1
43.8
19.9
38.1
35.3
38.2
11.1
12.1
23.8
25.3
9.4
35.3
18.3
33.9
27.6
14.1
15
20.1
44.4
17.1
23
29.3
25.2
17.1
23.4
21.7
33.5
21.4
21.4
12.5
36.5
29.8
22.8
9.9
20.9
25.1
31.6
22.1
15.8
14.6
14.1
10.5
35.8
36.7
28.4
21.3
31.2
20.6
12.8
8.3
38
33.5
38
8.9
11
19.5
27.6
18.3
13
16.1
41.4
30.6
15.7
8.2
40
10.1
17.1
11.9
11.2
12.5
8.4
31
21.8
21.3
11.7
11.3
13.5
17.5
14.1
39.9
13.5
14.3
16.2
21.9
15.9
32.7
10.7
14.8
14.2
19.5
14.6
13.6
12.7
10.7
29.6
10.3
14.5
21.6
29.5
15.1
24.6
15.4
23.7
18.2
18.7
11.1
24.4
17.2
8.5
8.8
12.7
25
41.9
13.8
16
18
24.9
13.4
28.4
18.9
26.5
17.7
26.7
16.1
27.3
24.7
19.8
31.9
25.4
28.6
47.3
17.8
24.4
9.6
25.5
23.8
32.1
8.1
15
20
44.2
31.3
13.7
9.1
16.7
20.7
17.3
20.3
11.5
15.2
17.7
30.4
12.5
38.5
12.7
11.4
8.5
25.3
18.8
13.9
10.1
13.4
13
12.5
24.8
15.9
11.8
23.2
22.2
20.2
17
14.4
12.7
22
26.8
12.4
10.7
34.7
24.7
23.5
11.6
10.1
18.7
31.7
15.5
27
13.2
52.8
18.7
19.6
17.5
23.9
17.5
17.4
11.5
26.6
15.1
19.3
10.3
11.6
10.4
9.3
12.8
23.9
15.8
8.9
18.9
19.4
30
19.3
13
14.4
22.5
21.7
26.4
17.5
12.7
28.8
15.4
34.1
21.5
19.5
33.2
38.2
15.4
15.1
27.7
31
20.8
12
23.2
31.5
9.9
28.4
29
27.8
8.3
18.9
15.2
29.9
23.5
32
38.9
15.7
12.2
17.3
13.7
24.8
9.1
39.1
19.2
11.3
13.7
11.4
20.3
19.7
12.6
10.9
32.9
16.3
11.7
26.6
16.1
17.2
8.9
9.7
8.5
18.2
11.2
13.3
31.4
35.4
9.6
11.1
13.7
18.6
23.8
31.9
30.5
17.3
15.5
12.3
22.5
21.8
16.8
16.3
18.9
13.4
14.1
28.2
15
12.2
13.6
25.8
22.4
21.1
16.1
10.5
27.1
31.3
25.4
32.1
15.2
40.5
18.3
19.4
18.9
17.2
30.2
16.3
27.7
10
26
22.8
14.6
19.9
20.7
8.7
21.2
15.2
45.9
13.7
25.1
42.1
23.3
31.3
27.5
9.6
25.2
20.1
13.4
11.8
27.3
21.7
28.7
21.4
24.5
21.3
9.2
12.5
18.2
20.4
21.3
37.3
16.6
10.1
9.6
12.5
9.3
28.4
9.3
26.3
25.5
27.2
8.4
24.1
45.5
14
25.3
10.1
12.5
15.1
15.6
11.1
16.7
13.1
9.3
10.9
24.2
11
19.8
22.4
55
10.8
12.6
29.2
38.3
9.7
10.8
10.7
8.5
46.1
15.8
12.1
15.1
41.8
10.9
32.1
18
13.7
16.5
20.6
34.5
14.4
15
21.8
24.3
20.5
16.5
13.1
39.5
29.2
20.8
23.2
23.6
9.3
13
27.7
16.3
13.3
14.7
19.9
17.7
14.1
20.5
23.9
17.5
20.3
12.9
19.2
32.5
23.3
12.6
28.4
11.2
23.1
18.4
14.7
20.9
25.7
12.8
21.7
10.9
11.3
33.3
31.7
19
16.1
18.9
36.1
12.1
11.2
15.8
12.4
16
17
15.9
12.7
9
15
13.8
16.4
17.8
20.9
13.5
18.9
22.1
24.6
16.6
30.9
34.1
41.2
10.6
15.7
25.9
18.3
20.9
9.2
9
10.7
18.4
14.2
19.8
8.9
10.5
32.7
17.6
10.8
30.4
9.2
24.8
16.2
14.9
29.2
25.1
10.3
10.9
9.7
9
17.6
26.1
9
33.2
20.7
28.8
18.1
20.8
13.4
25.7
11
23.6
14.9
25.4
28.9
10.8
18.8
49.2
10.9
49.8
14.3
21.1
20.8
15.3
27.8
21.3
27.8
13.1
43.5
19.2
18.8
8.4
22.8
14.4
14.4
34.5
25.9
39.3
29.9
13.2
37.3
21.3
26.7
16.1
18.9
29.5
49.9
25.3
13.8
26.2
16.8
10.2
10.5
25.8
20.1
20.3
8.9
16.6
9.6
25.1
21.5
12.7
14.8
15.3
25.2
24.2
18.7
63.3
8.8
16.7
15.1
23.5
20.3
16.4
52.8
21.4
27.9
35.4
21
26.7
18.6
29.1
18.3
17.7
22.4
18.6
17
11.2
11.7
11
13
10
24.4
23.3
51.1
20.1
11.9
18.2
28
22.3
15.8
21.9
10.9
11
10.2
22.6
16
9.4
10.2
33.9
26.1
28.9
11.7
21.4
22.9
16.4
30.1
14.2
21.6
10.4
14.6
16.3
27
11.3
18
10.3
19.2
12.3
18.7
19.1
11
13.2
11.5
8.5
15.7
13.3
19.5
29.2
25
31.6
15.5
9.5
20.6
14.2
9.9
21.1
17.2
10.1
20.2
17.4
21.2
13
19.3
19
14.9
19.2
12.5
20.5
12.2
17.1
11.9
23.5
16.2
24.3
12
12.4
22
13.9
21
22.2
23.4
14.8
8.6
8.6
30.7
19.8
14.9
29.3
41.2
28.7
8.4
22.4
23.7
13
14.1
19
42.4
50.1
14.7
31.4
30.2
39
24.1
21
11.8
37.4
13.6
33.8
27.7
27.2
9
19.7
35.1
25.2
19.5
22.2
11.9
17.3
26
11.9
55.1
17.8
18.6
11.2
22.5
19.7
24
16.6
12
11
19.7
28.6
22.9
42.2
20.4
9.2
8.7
9.7
15.5
24.5
22.5
39.3
34.1
22.6
20.1
10.7
24.3
17.5
13.5
15.6
21.1
14.3
28.2
13.9
17.5
27.9
8.2
16.9
25.4
32.6
9.1
15.2
10.6
42.6
14.5
18.5
18.2
18.7
17.9
22.8
17.3
20.6
28.9
24.5
18.9
16.4
15.6
17.3
11.2
16.6
38.9
22
20.5
22.2
26.4
16
31.2
16.9
17.5
13.2
13.1
41.3
14.5
37
52.8
22.5
10.8
30.3
20.3
17.7
17.9
14.8
9.5
30.5
29
42
13.5
16.9
29.9
17.5
34.2
31.5
19.4
29.5
14.4
37.2
16.6
32.4
20.8
23.3
16.9
10.7
22.9
20.5
11.2
20.5
10.9
8.4
13.9
39
14.1
18.5
19.4
20
18
15.9
13.5
31.6
17
11.2
10.6
13.3
17.9
11
20.4
15.3
25.3
22.8
17.7
11.1
8
24.9
11.5
26.5
10.2
13.6
12.3
24.1
27.7
19.7
24.6
18.6
17.8
10.8
21.5
12.5
10.6
13.4
14.8
21.5
8.6
19.2
13.1
13.2
19.8
14.7
19.4
23.7
14.5
27.7
21.7
22
12.4
8.7
21.4
21.2
37.3
14.4
18.6
20.1
21.6
9.4
13.7
10.9
10.9
25.9
9.2
20.4
9.1
13.5
17.3
36.4
23
29.8
26.3
12.2
8.9
8.4
17.6
27.4
20.1
30
9.1
9.4
13.2
23.3
32.3
42.3
15.5
16.8
8.8
22.4
18.3
11.6
20.7
36.3
18.7
32.2
13.6
12.6
23.2
14.4
15.9
46.2
13.6
24
21.9
29.9
11.2
19.4
19.6
13.3
23.9
22.9
15.5
23.1
11.6
32.6
23.2
27.8
21.9
23.1
9.4
23.7
20.6
24.1
16.3
13.8
12.3
20.1
14.8
17.1
13
9.4
8.7
27.1
20.3
13.6
12.4
22.2
20.7
14.2
14.7
33.8
9.7
23.9
17.9
16.5
20
11.8
25.4
15
39.5
23.3
21.5
29.2
16.6
9.4
8
13.7
19.5
11.3
12.2
17.7
23.7
23
26.3
38.3
17.7
12.1
16.7
9.9
23.8
10.9
29.7
19.1
25.9
20.5
25.4
22.2
9.8
17.6
9.2
11.1
12.7
21
29.8
32.6
26.2
24.3
12.5
13.1
16.8
23.7
37.1
15.3
32.4
17.5
26.3
18.9
16.7
21.1
23.2
13
9.4
10.7
22.8
29.3
20.7
27.2
10.9
11.9
14.8
29.9
25.5
27
9.9
31.9
21
15.5
11.4
9.5
10.6
18.6
13
12.1
16.1
12.9
17.8
10.5
42.5
12.3
38.9
12.1
21.7
18.7
17.8
14.5
27.5
15.2
14.9
20.4
14.9
17.6
23.4
16
32.6
14.2
41.5
36
15.6
20
10.7
15.2
19.8
11.9
15.1
11.5
13
14.5
37.3
11.8
11.1
26.9
17.2
14.9
18.7
13.5
9.4
33.9
28
16.6
19.6
15.7
15.3
42.6
8.6
19.9
10.8
9.2
19.5
19.4
30.9
16.2
19.3
8.8
24.5
20.6
23.1
12.3
11.1
14.6
19.6
8.7
12.3
21.3
16
13
21.6
9.2
8.2
17.9
13.5
15.2
23
20.1
13.2
16.7
8.6
10.5
25.7
21
8.8
12.7
9.7
14.8
20.4
15.4
18.7
10.2
9.4
10.4
33.2
16.7
8.6
27.6
11.4
10.6
20.7
15.8
16.2
35.3
25.8
10.2
13.6
13.9
24.4
14.3
27.4
23.1
19.2
27
28.9
10.8
21.1
18.6
14.8
27.9
20.3
14.4
24.5
20.6
12.2
14.3
16.4
16.6
33.2
9.1
17.7
10
14.5
20.2
13.8
28.5
19.4
8.1
33.3
19.6
11.8
32.4
11.3
36.5
59.4
46.2
12.4
14.4
15.3
20.9
16.5
13.1
15.1
9
18
21.4
10.9
18.4
13.9
44.2
24.7
14.5
9.9
21.6
34.1
21.5
16.5
23.2
24.6
11.7
17.4
17.3
30.5
30.2
14.7
30.1
21
22
19.2
41.4
12.4
17.3
25
15
33.8
61.6
14.9
9.3
12.2
13
23.4
18.5
23.7
28.1
9
17.8
16
20.5
24.9
25.6
14.6
18.8
9.7
10.3
24.8
29.6
12
31.2
28.9
34.8
18.7
16.7
11.6
22.7
9.5
11.3
10.9
21.9
43.2
21.8
13
16.1
30.9
13.1
22.6
22.6
9
10.1
14.7
10.6
12.1
15.9
20.6
30.1
19.4
24.2
13.5
8
17.4
11.4
21.5
15
56
13.1
9.6
25.7
17.5
18.4
17.1
20
21.4
11.5
24.4
14.9
29.8
10.4
23.5
14.5
8.4
25
27.8
30.4
15.8
11.5
19.6
29.6
23.4
22.4
19.6
26.5
15.3
43.5
23.5
23.7
28.6
25.4
19.4
12.6
11.5
12.7
18.3
17.3
21.4
12.4
9.7
12.6
15.6
20.1
24.4
24.8
32
51.8
21.1
21.4
9.5
10.1
10.6
14.3
14
9.2
10.1
17
9.8
11.3
16.1
9.8
15.4
17.7
23.8
34.5
23.3
8.1
21.6
13.3
18.9
26.2
54.4
11.2
9.9
8.6
23.1
24.4
21
9.8
19.4
39.7
13.6
21.5
19.5
20.4
13.7
24.6
25.8
9.8
11.8
19.9
33.8
28
23.4
18.5
38.7
17.9
34.3
14.8
9.8
15.3
15.1
9.7
12
11.8
13.3
31.2
11.3
15.1
18.4
11.7
18.6
15.1
9
16.6
20.8
14.8
22.1
25.2
19.1
16.6
10.4
11.6
11.4
35
25.1
8.3
12.9
17.9
13.6
14.5
12.7
14.8
35
25.2
22.5
18
10.5
19.9
9.2
19.7
31.3
11.4
20.6
39.8
18.1
8.5
16.1
14.4
24.9
16.5
9.9
20.8
14.1
9.5
9.3
38.6
26.3
21
11.9
19.4
12.6
9.4
11.7
10.2
20.6
35.1
10.3
17
11.5
25.4
24.5
17.6
41.2
13.5
21.8
35.4
19.2
32.3
20.5
10.9
18.6
23.3
18.8
8.2
30.2
23
13.4
8.7
8.9
15.5
48.4
9.2
19.9
18.3
10.2
13.9
44.1
14.2
16.8
10.2
24.7
18.2
14.3
16.6
11.7
14.6
27.1
15.9
15.1
10.1
23.3
12
21.3
26
10.7
38.7
24.2
13.4
19.3
22
14.1
13.6
42.2
12.2
25
15.2
9.5
11.3
22
13.2
14.7
19
17.4
14.5
12.2
21.2
16.9
13.7
22.3
11.3
17.7
19.2
30.8
9.9
17.1
22.6
12.9
78.7
36.8
23.8
19.5
14.4
23.7
9.8
24.7
37.1
17.8
17.2
22.6
43.8
18.4
15
12.2
18.1
16.1
12
16.2
39.2
15.8
30.3
27.4
21.3
24.3
9.5
37.1
12.2
13.9
19.2
16.2
8.6
12.7
13.1
12.3
23.3
15.5
41.7
19.8
14.4
18.3
15.1
10.7
32.1
22.8
11.5
21.8
11.1
26
35.8
15.6
32.7
24.2
21.3
12
25.9
13
14.6
28.2
9.5
42.5
20.3
21.5
25.1
20.4
23.3
23.7
22.1
15.7
14.2
34.5
13.7
13.1
14.2
25.2
22.7
9.6
15.8
20.9
57.5
17.5
14.5
44.4
36.5
22.6
29.7
20.5
28
17.1
13.4
12.1
20.4
14.8
22.6
26.1
13
23.8
15.8
30.8
12.3
20.4
11.3
9.5
10.8
16.1
19.5
8.7
30.4
13.8
19.7
11.5
27.1
24.7
26
11.7
18.8
19.7
22.2
20.1
24.1
9.8
20.6
8.4
8.4
11
22.5
15.1
10.2
48
20.6
25.8
16
12.2
15.4
37.9
8.6
12.7
8.4
16.1
32.5
21.8
29.1
20.6
12.9
11.5
11.4
16.7
9.1
16
8.4
14.4
20.6
25.3
19.1
24.8
12.3
14.9
12.8
25
18.4
13.5
36.3
15
38.5
14.1
19.3
28.8
19.3
11.5
28.9
10.9
9.6
28
15
14.7
38.1
20.4
13.6
14
29.6
27.9
9
18
35.9
14.8
42.6
37.8
16
21.1
11.7
38.5
13.1
27.8
13.9
46.2
15.9
28.6
8.5
15.5
15.7
17.3
11.5
12.5
10.8
23.7
12
19
24.7
16
15.2
8.9
11.6
24.7
10.3
19.5
21.1
11.2
8.8
17.7
14.7
14.4
29.7
18.2
29.8
24.5
32.6
11.6
19.7
9.3
19.1
13.2
16.4
16.5
24.8
34.6
25.5
17.8
10.1
20.7
14.5
17.2
12.5
14.4
18
14
29
22.6
11.4
21.1
33
9.3
9.3
19.3
11.9
27.8
42.1
30
29.8
14.9
13.8
9.6
28.9
10
48.1
20.8
32.7
13.5
19.6
13.4
15.2
10.8
19.7
23.1
10.9
20.2
18.8
11.9
20.6
10.4
23.4
35.7
14.2
13
18.1
11
11.8
22.7
9.4
20.1
16.4
18.4
19.3
10.8
13.2
20.5
8.2
31
27.7
26.3
17.8
38.1
9.1
17.8
21
13
17.2
16.9
26.3
30.9
10.7
23.7
23.8
47.1
30
10.7
32.8
15
22.4
16.2
42.5
12.8
17.7
14.6
16.6
11.1
22.4
20.6
16.2
26.5
26.4
21.5
11.7
13
24.1
14.9
23.9
48.3
31.1
14.3
16.5
21.8
14.4
18.9
9.6
11.7
8.8
27.1
10.4
19.2
14.7
24
20.8
14.8
16.7
20.7
12.3
9.1
20.5
8.6
10
14.9
37.5
15.2
12.4
28.7
36.7
20.3
21.1
17.4
15.8
31.8
48.9
9.8
31
21.8
19.8
9.8
14
10.2
21.2
15.8
12.5
9.6
28.9
15.3
21.3
34.9
20.6
14.2
8.7
33.9
26.4
11.3
9.3
24.8
16.9
32.6
15.4
32.9
10
17.5
22.4
9.8
9.6
18.8
37
23.9
11.4
13.1
8.2
47.9
15.8
15.9
37.3
40.3
18.2
11.8
16.3
11.1
10.7
21.7
9.4
15.9
10.4
20.3
8.9
16.3
9.6
28.6
29.3
12
9.3
22.6
24
16.2
9.7
23.3
29.2
15
23.9
19.4
21
10.2
31.2
16.6
15.8
13.7
12.4
10.2
15.4
12.7
17.3
9.8
15.9
21.1
17.6
32.8
21.5
19
11.8
51.1
25.1
16.2
34.7
23.8
15.3
17.5
9.9
20.3
31.4
14.7
40.6
11.2
29.8
31.8
15.9
11.5
33.2
30.8
8.1
14.7
20.5
15.4
15
14.8
22.2
32.2
28
25.3
17.3
26
11.9
20.8
9
18.2
19.1
14.1
22.4
31.8
19.3
21.8
13.2
8.8
23
15.4
32.8
26.4
14.9
11.9
12.4
20.5
16.3
11.1
20.5
11.8
23
24
18.5
30
18.2
62.2
21.9
34.4
12.6
34.7
11
30.7
15.9
22.3
13
17.6
25.9
10.3
14.8
14.8
12.2
16.9
39.3
9.1
12.4
12
16.3
11.4
23.2
19.6
22.7
19.8
11.5
12
8.3
40.4
10.8
17.5
22.5
9.8
13.9
27.1
15.7
13
17.5
13.6
12.7
12.9
11.2
12.1
9.2
25.3
35.5
12.3
21.7
27.5
28.2
16.4
38.7
9.9
15.2
13.5
25.3
41.1
15.7
21.3
25.5
11.2
12.9
33.7
26.6
10.5
14.5
15.4
11.3
15.5
14.9
16.8
14.4
40.5
20.3
13.2
34.2
9.9
11.7
19.6
10.3
15.7
10.3
32.1
22.4
15.2
18.4
11.1
19.3
24.7
10.7
10.2
16.1
9.9
22.4
24.9
20.1
12.6
21.2
24.4
9.1
9.8
20.4
12.1
12.3
10.6
13.6
16.7
13.1
37.6
18.7
15.4
29.2
9
15.8
12.6
23.6
33.4
33.2
40.7
25.2
17.5
11.3
37.6
21.3
27
29.8
15.2
15.7
15.5
26.8
18.6
11.3
18.8
16.1
33.8
20
15.1
12.7
47.9
11.3
14.9
28.1
29.5
19.1
10.1
21.8
11.2
21.6
32.2
52.7
18.3
11.4
13.3
11.8
11.8
12.2
34.8
24
11.2
13.9
22.5
9.3
11.3
10.9
19.6
29.7
13.5
9.8
8.9
13.5
10.3
16.8
11.3
40.9
25.7
24.8
21.9
11.6
11.4
19.7
9.4
24.6
19.6
11.3
22.4
34
17.2
10.2
30.9
24.7
10.5
11.2
25.9
21.6
11.5
13.1
17
25.2
16.3
8.4
10.8
41.4
26.5
14.1
19.7
18.7
25.5
22.9
29.4
8.6
22.4
13.1
29.2
13.9
11.3
25.4
24.8
29.7
11.2
18.4
27.2
15
28.5
30.7
18.4
18.2
13.1
14.5
19.4
29.9
10.1
27.2
9.1
20.1
32.5
11.7
8.2
20.5
22.7
21.1
20.9
13.2
24.9
32.5
11.6
20.9
9.8
8
12.5
18.5
35.3
22.5
22.2
31.3
18.3
16.3
25.3
13.6
18.9
42
8.6
21.6
9.7
20.2
14.1
27.2
18.9
25.5
22.9
10.3
16.4
23.2
12.3
20.2
20.6
21.6
25.7
13.5
12.9
16.3
12.9
32.1
24.3
20.2
15.3
14.3
17.3
9.4
31.6
14.4
23.8
30.4
16.4
15.1
27.8
17.5
15.1
20.8
10.2
8.9
66.3
14.5
11.5
29.4
21.1
11.4
29.9
30.4
20
28
20.6
9.1
11.1
36.8
8.4
8.9
15.8
19.3
10.1
16.6
28.8
19.5
41.6
17.6
20.8
12.3
19
19.1
21
17.3
28.8
21.5
12.2
13.3
19.7
18.2
9.3
8.9
13.7
17.7
18.6
15.2
11.6
15.5
26.6
15.7
14.2
23
8.6
11.5
8.8
20.5
17.6
31.7
17.8
17.8
35.2
20.8
19.9
12.9
22
19.1
21.2
9.6
15.7
10.5
15
20.5
56.7
27.5
25.1
19.3
17.5
9.3
17.8
18.7
15.3
12.3
21.4
10.1
24.4
14.9
11.4
19.4
29
17.1
15.9
14.6
26.6
25.3
21
40.9
17.9
9.8
17.7
50.5
35.4
16.8
18.2
28.5
18
14.4
17.1
11.9
19.9
24.9
22.6
13.2
18.5
23.3
10.6
11
12.8
18.2
19.3
19.6
19.4
17.2
12.3
17.3
12.9
16.4
13.7
13.1
47.9
19.9
21.2
14
17.8
19.2
26
22.1
22.8
13.1
20
47.1
24.3
10.2
13.3
22.8
17.2
12.7
14.5
11.5
14
13.6
22
23.7
12.2
27.1
22.1
24.6
23.8
15.5
12.6
9.5
19.3
12.2
27
22.8
19.3
11.7
9.4
20.3
9.1
20.2
16
11.6
17.6
9.5
22.1
10.5
37
11.2
20.7
18.5
10.5
16.7
21.3
20.7
17
10.4
8.9
12.8
15.3
24.1
26.3
15.9
14.1
31.2
20.8
24.9
35.5
28.8
18.9
27.8
10.5
43.6
16.2
17.7
20.9
15.8
14.9
13.5
11.6
11.8
19.4
10.6
27.6
12
15.3
17.1
14.3
16.3
13.2
39.3
10.7
18.9
9
12.4
12.4
26.6
14.8
14.2
9.5
13.7
15.4
10.2
13.4
12.2
20.5
32.8
15.5
25.2
24
22.8
9
18.1
20
9
50.3
8.8
15.3
47.7
26.9
30
14.3
15
31.2
18.6
20.6
25
15.4
15
37.9
42.4
51.9
10.1
10.2
32.4
8.6
26.5
9.2
15.4
20.3
21.9
28.2
28.5
22.5
14.2
13.2
10.9
19
9.9
12.7
14.4
29.8
19.6
18.8
10.9
12.5
25.7
25.4
10
22.2
8.4
22
25
9.5
9
22.7
19.5
22.7
35.1
24
9.6
28
42.9
8.9
15.3
16.3
14.2
15.9
10.2
29
15.4
26.8
22.2
9.4
31
36.9
19.7
12.6
41.5
14.4
8.7
30.2
23.3
9.7
23.7
10.7
20.2
17.5
15.1
17.1
11
20.5
16.3
25.9
20.4
37.5
14.2
21.8
31
18.4
38.7
19.6
13
12.1
9.2
13
21.6
13.9
22.2
23.4
18.6
12.2
8.2
9.7
12.6
25.7
27
9.9
16.3
33.4
30
14.1
22.6
16.1
43.4
13.2
13
23.7
24.4
16.6
30.8
10.8
19.9
28.2
22.1
8.5
8.3
26.8
18.7
41.1
17.3
16.9
16.1
11.9
13
16.3
8.9
22.8
30.8
34.5
19.9
15.1
21.7
20.6
22.2
12.4
9.2
22.4
16
16.2
13.4
17.2
15.9
12.9
17.9
23.1
30.1
24
20.2
10.2
8.9
24.2
18.2
12
11.6
33.4
9
20.7
26.2
9.2
15.6
11
25
12.2
26.7
9.6
16.3
11.9
28.6
12.5
27.7
10.9
14.5
22.7
22.4
16.5
14.9
19.3
19.9
11.5
15.4
26.4
9.4
38.1
26.2
9.5
45.9
19.8
10.8
8.9
24.5
12
14.7
10.3
24.6
15.3
14
13.7
35.7
17
21.6
13.5
10.9
36
40.1
26.9
18.9
15.4
23.1
19.5
11.2
11
31.9
13.4
11
26.8
9.7
25.4
23.9
20.7
8.5
15.7
25.8
11.3
13.5
13.2
15.8
14.8
34.2
14
27
10.6
13.8
19.4
13.1
18.1
27.1
22.5
20.7
12
29.2
28.9
10.9
27.8
13.2
12.8
21.9
15.7
24.6
13.3
13
24.2
14.3
21.4
13.3
10.4
28.8
12.4
14.3
11.2
15.9
12.7
20.5
12.2
14
19.3
19
24.3
28.9
21.6
8.8
34
16.9
19.7
13.8
9.6
14.6
11.1
17.3
16.3
16.3
16.6
13.5
9.4
13.9
16.3
10.3
14.5
17.3
14.9
17
10.5
24.6
33.2
13.7
9.3
18
13.8
14.6
20
14.9
15.4
13.9
9.8
12
26
13.6
31
8.8
12.2
12
20.7
10.8
12.3
27.9
16
11.2
13
12.3
15.3
30.5
18.5
8.2
14.8
15.2
8.9
13.4
14
14.2
13.2
26.1
18.4
13
18.9
12.3
37.1
21.1
16.1
11.8
14
16.6
23.3
8.1
10.7
13.9
27.2
10
9.5
16.6
15.5
18.4
11.4
30.7
28.5
24
11.9
14.9
32.3
8.2
11.8
14.3
20.6
28.6
9.5
10
9.9
11.3
18.9
26.5
14.9
14
73.4
20
26.2
13.5
10.6
11
11
8.6
12.7
15.9
19.6
18
17.5
26.3
12.7
21.3
20
28.7
15
21.1
18.1
8.3
9.1
13.5
36.4
12.3
17.4
31.5
15.8
27.6
15.6
14.6
14.5
21.5
19.1
9
20.7
35.5
19.1
15.2
11.3
21.5
10.7
10.8
11.5
23.9
19.2
9.2
28.4
31.8
18.6
33.2
25.8
14.7
104.8
11.4
33.4
28.2
17.4
28.1
15.2
11.7
11.8
9.3
18.3
9.3
23
10.3
30.8
19.3
11.8
29.5
14
17.4
14.5
11.7
14.9
19.2
14
11.9
22.9
41.4
25.7
33.4
22.2
37.3
42.4
27.7
16.2
23.9
19.6
30.2
21
19.7
21.7
30.2
42.4
19.1
12
22.6
23.6
35
9
15.6
10.9
26.7
16
12.9
30.1
18.9
16.8
29.9
34.9
18.7
12.4
13.6
13.4
8.1
22.3
35.6
15.6
12.2
20.8
21.8
12.4
9.4
11.7
8.9
21.7
16.4
22.3
15.6
12.3
20.8
19.9
24.8
9.3
11.5
15.9
12.8
16.5
29.6
23.3
21.3
16.3
26.2
15.2
14.5
28.1
30.1
21.9
16.1
10.1
33.1
15.1
11.6
21.4
21.7
21
12.7
20.8
20.5
12.3
18
13.8
12.7
12.2
14.7
10.9
9.8
14.9
17.3
33.5
9.7
19.1
8.2
30.8
21
28.3
26.9
17.4
17.9
11.2
23.3
20.4
13.8
18.3
9.1
38.6
17.2
11.7
12.4
27.2
18.8
12
40.2
21.3
12.7
27.1
19
16.9
15.4
14.5
13.9
12.1
24.5
10.4
14.4
13.3
13.2
19
37.8
11.7
24.7
21.8
9.1
35.5
11.7
12
13.8
24.2
21.8
38.1
18.9
16.3
16.6
33
41.8
22.8
8.6
11.4
20.9
26.2
14.2
11.4
11.6
15.6
23.8
20.2
20
27.8
9.2
16.9
9.8
9.8
13.2
13.4
18.3
22.2
35.3
11.7
10.5
27.9
12
29.7
17.9
17.5
16.1
9.6
14.1
53.1
12.1
31.4
13.3
16.3
8.7
30.5
10.3
23
21.6
58.7
12.9
22.1
28
12
20.1
11.8
36
27.2
9.1
9.1
9.9
14.7
30.5
14.1
17.6
14.6
11
18.3
18.2
17.2
25.9
13.9
18.6
17.2
24.6
16.6
22.5
11.4
16
11.1
10
13.4
8.9
35.1
12.7
20
33
9.8
17.8
11.7
10.6
8.7
22.1
10.1
15.4
11.2
26
12.2
16.2
26.7
14.9
14.9
14.8
17.5
34.7
30.1
25.8
11.3
22.8
19.8
20.9
16
15.8
18.8
10.8
33.1
27
12.9
11.3
23.7
27
13.2
31.3
13.1
10.5
14.5
34.1
11.6
31.5
14.5
15.7
32.6
12.5
21.3
22.6
26.4
24.9
23.2
16.2
9.5
16.4
9.7
25.1
27.1
17.5
9.4
9.9
31.9
10.6
24.9
31.4
16.6
13.4
22.2
23.1
35.6
22.3
26.7
16.2
11.7
24
16.9
13.3
24.4
12.6
17.9
21.7
14.4
12.6
11.5
26.5
13.4
16.3
16.2
22.2
29.4
16.8
13.9
36
40.4
11.3
36
9.4
15.4
25.3
15.6
51.1
25.1
22.3
37.3
16.3
12.4
20.4
30.5
12
19.5
12.7
20.4
9.1
21
22.8
21.4
28.3
19.2
8.8
21.8
13
18.5
19.4
16.4
22.5
11.6
9.5
24.5
16.2
10.3
31.4
12.1
39.8
11.5
23.7
10.9
17.8
15.3
10.8
14.3
15.7
11.8
12.8
8.5
18.8
9.4
22.8
28.7
13.6
21.2
10.4
10.2
26
29.9
8.7
21
19.6
9.9
31.9
17.1
11.9
13.5
19.5
18.3
21.6
21
17.2
29.9
14
9.8
19.6
14.1
12.1
27.4
31.4
18.4
23.9
16.3
21.6
25.9
20.1
14.2
11.6
16.6
10.8
9.7
17.8
8.1
19.5
23.9
15.3
9.8
17.5
18.2
9.3
20.8
25
13.6
15.2
15.3
10.2
16.4
8.9
21.6
19
40.4
30.6
11.6
12.5
13.2
10.7
20.2
26.1
13.9
11.5
9.9
18.1
10.1
26.8
18.1
9.7
33.5
24.1
24.3
21
10
12.8
16.6
16.4
15.4
14
20.5
22
17
18.8
15.9
17.6
18.8
54.2
16
18.6
18.7
24.8
24.4
28.1
20.3
50.8
37.2
11.7
18
16
19
16.1
18.5
12.1
13.9
14
8.4
12.3
25.5
19.3
32.5
17.1
32
14.4
29.7
8.5
20.7
9.5
23.4
24.2
22.3
22
20.7
20.2
27.4
8.8
8.2
13.8
31.3
15.8
15
13.1
37.3
18.7
20.6
30.6
18.1
50.5
18.2
32.4
27.2
14.7
17.3
20.8
20
17.9
41.2
17.4
12
9.6
17.1
32.1
15.9
16.5
15.2
8.8
15.6
10.5
14.5
14.3
16.5
24.4
11.2
24.4
14.6
9.6
22
10
19.6
17.4
22.6
15.4
16.4
29.2
39.9
27.3
22.7
41.2
13
17.5
8.2
20.6
18.4
15.8
9.3
11.6
17.2
20.3
12.9
13.5
21.1
17.5
15.4
22.2
24.9
20
8.8
8.5
27.5
25.8
13.5
9.6
9
12.5
25.2
21.3
23.4
15.6
29.5
28.6
14.4
10.7
17.1
18.4
25.5
35.1
31.6
21.4
12.3
17.6
27.1
17.3
11.5
23
10.4
29.7
23.5
21.3
34.1
38.2
24.5
20.3
12.7
10.7
11.7
14.3
16.6
9
24
22.5
9.5
10.3
23.4
28.6
18.5
26.3
8.4
23.8
16.4
23.1
23
20.7
12
15.4
28.3
29.4
9.2
62.7
10.6
15
22.4
12.5
13.1
11.9
20.4
32.1
16
17.2
21.7
9.9
18.6
23.9
20.1
28.2
11.3
25.3
23.8
36.7
17.5
9.9
33.1
10.9
9.2
13.4
17.3
22.6
14.9
29.4
16.7
16.3
21
29.8
10.1
16.6
23.7
23.3
21.6
13.4
15.9
23
9.8
19.4
11.5
14.3
13.4
16.1
26
9
16.6
17.7
13.2
22.4
12.5
22.1
32.4
17.4
8.4
15.4
10.6
11.6
13
12.9
13.2
15.3
8.2
11.6
12.9
25.5
14.8
35.3
20.3
12.5
23.9
9.5
12.1
19.9
17.1
34.4
10.5
31
15.2
13.3
18.4
22
11.3
8.9
20.1
42.9
16.8
20.2
10.4
11.1
16.5
37.5
19.9
37.6
15.4
29.7
8.3
25.8
12.2
36.6
18.5
22.5
12.8
8.6
16.4
8.5
34.9
24.6
29.5
13.9
18.8
21.4
16.1
25.2
21.3
20.1
13.8
10.4
13.5
12.3
19.2
15.2
14.4
15.3
24.1
22.3
28.4
27.9
10.2
21.4
26.4
10
17.5
9.7
12
12.7
10.7
10.6
20.8
11
25.1
30.8
18.4
25.1
10.4
16.1
8.7
13.2
28.4
9
12.3
26.2
36.4
11.2
19.7
33.1
31.6
19.7
20.1
9.9
12.2
30.5
22.4
18.3
8.4
10.6
10.4
10.9
13.3
12.4
15
13.4
18.7
10.4
18.8
15.5
17.1
16.8
55.7
27.5
16.2
12.2
20.7
16.6
15.7
15.5
18.6
26.6
9.6
20.8
16.6
43.7
12.5
23.2
43.7
14.8
15.8
12.6
17
28
19.7
26.1
38.3
20.4
13.8
12.2
20.8
19.8
17.2
29.9
16.5
10.1
41
43.4
27.7
15.3
18.8
17.5
26.9
15.5
21.7
30.1
8.7
17.7
10.6
17.2
23
15.7
10.3
22
13.4
27.3
19.2
8.8
20.7
18.7
32.6
27.8
20.6
10.8
10.8
9.7
17.2
16
9.8
41.4
88.2
28.2
36.9
20.6
10.8
20.3
17.2
9.8
13.1
10.8
13
8.6
9
8.4
11.6
20.1
40.4
18.7
8.2
17
20.2
12.1
8.9
16.6
15.1
15.8
15.8
21.9
21.9
18.8
23.6
20
22.7
18.8
27.2
32.9
31.6
24.2
14.4
11.1
14.1
27.7
38.6
16.1
30.7
25.8
21.5
11.4
20
19.6
8.9
18
11.5
8.3
14.5
9.6
10
13.8
23.5
32.5
10.8
22.5
8.8
8.6
13.2
12.6
15.3
23.4
9.7
16.1
12.8
12.4
21.2
10.9
32
18.5
33.6
17.6
24.9
10.8
13.4
13
17.7
25.9
15.9
29.5
11
17.9
32.6
8.3
18.8
23.3
9.5
12.7
14.1
9.3
23.9
22.6
19.1
15.7
13.2
30.5
39.7
19.5
12.3
11.4
25.1
8.9
16.9
28.7
11
12.6
13.4
17.9
11.1
15.2
34.8
14.7
16.3
13.8
15.5
15.8
19.8
18.5
29.7
31.1
23.5
12.9
18.9
23.6
19.1
10
11.2
25.4
9.7
11.9
25.9
11
11.2
20.6
13.7
22.4
21
11.7
26.2
11.5
33.4
12.4
38
16.6
14.3
8.6
13.4
8.8
9.8
12.4
15.8
44.2
26.3
13.2
36.2
29.3
19.2
36.9
21.7
29.2
19.5
13.2
31.4
15.6
9.9
21.8
23.9
30.3
32
11.4
16.8
14.6
15.1
13.9
11.7
22.8
10.7
24.4
13.4
8.6
15.9
22.1
13.7
18.3
15.4
12.1
24.2
39.6
13.2
12.5
10.7
18.1
14.9
42.1
20.7
36.8
31.3
15
20.1
9
11.3
17.3
17.8
20.8
11.5
13.6
30.6
15
16.9
10.1
31.2
14.2
39.6
14.1
26.5
18.4
14.9
14.5
22.6
8.7
22.3
21.2
8.6
16.5
16.5
16.1
17.4
9.9
20.2
8.9
17.1
40.4
14.1
20.2
20.4
29
36.5
21.6
14.3
9.1
16.5
19.7
10.9
26.4
13.7
19
10
8.8
22.1
21.1
8.5
10.8
38.2
15.2
11.1
26.6
24.4
41.7
27
8.7
20.3
28.3
18.3
12.3
11.9
14
21.8
24.6
15.2
24.7
14.9
14.2
15.4
38
15.7
13.1
19.5
12.5
11.5
19.5
9.5
25.1
9.8
15.2
11.4
11.1
28.1
21.6
13.9
18
16.3
17
13.4
11.5
8.8
13.9
34.2
11
10.2
11.4
14.8
33.4
10.3
16
12.6
15.1
27.8
10.6
13.5
12.4
14.1
10.2
14.3
22.5
20.1
19.9
22.5
14.3
24.2
33.2
11.1
36.5
15.2
30.1
30.1
17.9
20.1
15.7
15.5
13.5
20.3
20.6
11.4
25.3
22.9
21.9
23.6
14.3
11.6
19.2
17.8
10.4
8.5
16.1
41
8.8
18.3
10.5
25.4
22.4
18
16.1
23.2
12.7
10.6
27.6
22.6
28.8
15.4
20.9
9.2
19.9
22.2
17.6
22.8
12.5
10.7
13.5
10.4
20.1
26.8
25.7
33.7
36.8
13.8
23.7
17.2
17.3
12.6
28.3
27.7
8.4
39.5
10.7
16.3
19.2
17.4
22.4
13.8
20.9
25.4
17.6
9.4
8.2
34.7
14.1
10
12.8
18.1
25.8
20.1
16.5
12.1
15.4
35.7
11.7
34.3
11.3
14.4
24.4
21.7
11.5
15.5
29.4
24.2
16.1
12.9
16.4
9.5
12.7
18.1
16.2
20.9
11.5
8.5
10.2
15.8
10.7
13.7
13.5
9.4
30.5
11.7
19.2
11.7
17.5
14.4
24.6
10.3
33.6
21.9
21
18.1
13.6
9.3
17.8
16
8.9
20.3
15
17.8
12
13.8
14.7
11.8
16
8.6
12
44.5
30.9
20.8
24.4
18.4
19.2
8.8
9.4
11.5
17.8
10.1
37.7
23.7
17.1
12.4
10.3
19.3
9.9
28
10.2
15.7
14.4
16.7
18.9
13.3
19
9.3
11.8
14.2
21.1
11.7
13
12.7
25.5
10.7
13.7
11.6
10.2
11.5
18.2
26.1
10.7
16
17.3
38
22.8
8.4
35.2
15.8
15.7
19
18.5
21.1
20.2
26.4
21.9
28.1
12.1
11.1
17.5
11.2
17.6
36.9
13.8
10.2
18.7
13.2
10.2
14.9
8.7
28.5
18.7
13.9
15.6
36.9
21.1
22.1
34.4
16.4
15.7
12.4
23
18.1
45.2
13.7
27.2
29.3
12.6
21.1
20.4
12.1
11.4
12.5
41.7
9.9
19
22
10.8
18.6
19.9
14.7
15.6
9.9
13.1
28.3
13.9
12.4
12
16.8
27.9
12.2
22.5
24.6
9.6
23
14.6
20.8
10.8
19.4
42.5
15.7
10.3
14.2
12.4
20.9
10
16
12
10.3
20.4
22.7
16.8
16.5
10.3
9.4
15.6
21.4
9.7
11.4
17.9
22.7
26.8
12.4
9.2
8.5
21.2
12.6
20.6
14
24.4
20.4
14.4
13.6
27.2
41.1
14.5
33.2
16.5
17.1
11.8
8.8
15.9
19
17.2
12.4
12.7
19.7
23.2
15.3
18.9
8.3
14.8
17
14.7
24.2
19.1
24.7
19.9
12.7
14.8
9.5
8.8
8.8
12.7
21.9
20.6
32.8
11
17
20.2
11.5
19.8
27.2
12.7
13.6
13.3
21
22.5
24.6
16
12.3
27.5
11
17.2
9.2
17.3
28.7
8.4
12.5
16.4
13.6
21.5
15.7
13
37.8
10.2
25
14.1
22.9
14.3
29
19.9
12.1
20.2
14.9
24
14.3
9
25.1
32.8
13.6
19.9
13.2
51
15.7
10.3
21.7
14.5
14.5
8.7
38.7
22
19.5
34.5
12.8
20.3
20
27.4
38.1
33.3
14.1
10.1
12
20.3
15
24.8
10.9
40.1
23.1
24.9
28.2
41.1
24.1
35
50.5
11.7
9.6
18
14.5
13
12.5
13.8
9.1
11.3
16.1
10.4
21
26.7
15
16.9
8.3
10.4
13
9.6
9.9
18.8
23.7
27.9
11.4
30.6
16.7
18.7
18.1
24.6
11.4
25.4
22.7
14.2
23.3
12.4
8.8
9.2
17.4
13.9
20.3
13.3
19.3
16.1
17.8
25.5
21.9
9.8
9.4
14.3
15.2
32.5
9.7
17.6
9.1
38.3
10.9
14.9
18.8
25.1
29.1
9.1
30.7
10.2
22.6
42.8
10.6
17.7
19.7
22.5
35.3
12.3
10.2
8.3
17
12.2
21.3
10.5
23.7
11.7
19.2
8.3
13.5
23.6
37.8
9
22.5
25
15
29.5
14.2
12.2
11.1
17.9
30.9
27.6
24
29.9
12.6
8.5
22.9
12.1
12.7
17.4
19
23.3
33.2
9.8
13
25.6
27.8
17.1
27.8
14.3
16.4
30.4
15
25.5
16.2
24.7
15.8
11.8
36.8
8.6
11.5
11.4
52.7
17.2
25.3
21.5
20.7
16.7
21.4
15.2
13.9
9.1
40.6
25.9
15
17.2
9.5
10.1
10.3
12.4
17.2
15.6
12.5
21.1
23.9
18
9.6
9.5
16.8
8.6
15.7
11
10.1
9.2
20.9
9.2
14.5
14.8
15.1
14.1
13.6
10.1
15.2
50.6
28.5
22.8
23
30.9
15.1
21.1
32.1
15
10.8
22.7
16
14.3
13.4
9.2
17.7
31
22.8
12.8
21.9
11.7
9.4
11
15.5
11.1
9.6
8.2
10
16.2
20.7
8.7
16
21.4
21.6
11.2
17
19.2
12
30
32.6
17.3
10.5
21.5
18.1
15.6
10.7
12.6
11.6
11.9
33.5
24.9
8.7
10.2
26.5
15
22.1
21.7
19.2
14.9
22.9
15.8
17.8
22.2
27.1
21.1
11.2
10
14.6
38.8
18.1
8.3
26.5
11.3
15.7
9.9
20.5
16.5
18.3
11
20
13.2
24
19.9
16.4
20.6
9
30.8
33.6
26.3
18.7
23.9
20.1
8.8
8.8
14.6
17.2
13.6
18.6
20.6
29.2
26.8
22.9
10.5
8.2
15.3
17
17.7
8.9
10.3
11.9
12.6
31.5
9.5
25.8
20.3
9.8
31.7
24.1
13.2
13
17.1
12.1
29.3
36.1
22
18.3
21.5
9.3
21.5
9.8
16.3
11.6
12.7
22.4
34.4
15
12.1
10.2
10.2
17.4
11.6
26.1
18.6
26.9
10.4
19.8
13.6
21.3
12.3
14.4
11.7
11.6
11.3
17.5
22.2
13.6
10.3
11.5
14.9
17.4
18.1
13.2
8.4
13.1
10.9
17.3
23.2
17.5
16.1
10.5
16.2
20.3
11.5
12.7
27
16.3
11.8
26.1
10.1
20.1
22.1
15.5
13
25.8
11.9
24
18.9
16.3
19.2
22.1
17
9.2
10
19.4
8.4
21.6
25.1
10.9
56.5
20.7
10.6
27.6
20.7
10
16.1
24.9
31.8
16.3
9
14.5
17.2
12.3
11.6
39.5
31.1
17
10.4
16
24.7
38.8
13
14.4
43.9
35
20.9
31.6
36.1
11.3
14.9
22.9
17.5
10
21.5
14.4
16.8
25.5
13.7
15.3
14.8
12.7
10.4
13.3
16.2
8.7
26.2
12
16.8
21.6
19.9
14.2
18.1
21
18.5
21.9
22.7
9.5
8.4
8
9.7
20.3
34.5
27.4
10.2
12.7
10.6
24
9.6
21.4
11
40.3
18.7
12.1
13.4
25.1
20.1
9.2
8.5
10
8.6
17.5
10.8
29.4
33.5
14.7
27
35.7
11.9
14.8
10.5
10.2
14.4
29.5
10.7
16.5
11.6
18.4
13.2
17.3
17.6
32.1
15.3
24.9
30.4
30.4
9.1
30
17.9
22
42.9
12.1
9.9
9.2
14
12.3
14.1
18.3
10.4
9
9.2
12.2
16
17
31.2
9.2
10
22.3
22.1
29.9
21.5
21.1
14.2
21.5
15.6
20.7
14.5
20.7
18.9
14.2
13.6
21.5
11.9
11.5
13.3
9.7
13.9
14.4
19.6
12.7
9.8
33.2
28.8
16.7
14.5
12.6
14.3
16.2
33.2
12.2
25.2
15.2
39.7
20.6
9.7
16.4
11.3
33.8
17.3
12.6
20.1
20.2
14.7
15.1
12.6
27.7
17.6
31.6
14.4
31.7
15.7
12.4
13.1
9.6
17.3
43.4
24.9
8.9
26.6
13.3
10.7
15.9
15.4
18.1
9.8
21
16.4
28.4
18.7
12.3
14.8
10.1
17.9
8
10.9
9.3
14.9
9.8
8.7
17.9
11.7
33.4
22.4
13.1
18.4
9.7
15.2
14.3
16.7
29.4
11
11.6
30.7
19.1
13.9
14
15.2
24.8
16.6
16.1
16.4
16.3
23.7
28.2
26.8
15.3
8.5
21.2
10.7
18.6
20.3
27.3
30.8
19.3
16
16.3
29.6
12.9
12.7
14.2
10.2
20.1
11.9
30.4
12.7
16.7
15.1
15.5
9.3
26.8
19.9
11.2
10.7
13.4
9.4
11.2
23
42.1
19.5
28.4
15.5
15.1
9.7
54.3
15.3
25.9
28.4
18.1
12.8
15.7
26.5
12.3
12.5
11.3
66.1
17
17.2
19.9
21.6
16.9
15.6
13.7
26.3
9.2
45.1
20.5
16.6
11.2
13.8
10.6
18.7
9.1
25.9
23.6
11.2
14.1
19.2
29.5
39
10.4
29.9
32.2
31.4
24.5
36.8
16.9
21
13.1
13.3
21.8
14.7
14.4
9.2
16.3
13.3
22
15.4
15.1
9.9
12.6
9.1
15.5
11.1
22.9
11.3
18.6
9.5
17.1
15.2
9.5
9.6
18.4
9
15.2
13.1
13.1
17.2
12.8
14.2
12.3
26.1
13.3
22.1
11.7
17.5
8.4
14.8
18.5
9.9
12.8
35.2
44.4
16.5
23.8
20.6
18.5
13.1
17.7
9.8
10
9.5
12.4
19.8
17.6
18.7
9.1
13.1
35.5
23.2
18.2
21.1
8.8
11.7
18.6
50.9
11.9
9.9
17.7
16.1
20.5
16.9
28.2
21.4
16.2
8.3
10.2
8.7
14.8
26
16.5
28.8
26.6
14.5
10.1
16
24.2
21.7
25.3
13.2
10.8
22.2
16.9
8.8
14.8
12.5
15.7
16.8
36.7
20.5
11.7
20.8
14.6
20.1
8.4
32.4
23.5
21.9
20.7
48.5
11.3
13.1
21.1
11.3
17.9
15.3
31.4
19.8
22
22.5
11.1
21.9
16.1
11.7
17.4
9
9.7
13.8
13.3
10.8
11.3
45.1
8.4
12.2
9.9
16
12.6
10.6
27.2
36.4
13
21.6
10.8
8.3
9.7
19.3
10.6
19
13.8
13.3
21.2
8.1
9.3
32.6
15.3
28.4
10.5
16
20.4
25.8
22.7
28.2
11.2
13.2
30.8
21
12.7
42.7
18.7
17.9
28.4
24.9
14.8
31.8
15.1
20.7
16.7
14.8
11
39.6
19.4
22.4
22.9
28.5
20.3
17.3
19.8
19.4
18.9
20.2
21.7
22.2
18.1
23
18.4
20.3
17.3
18.6
12.7
16.8
9.3
13.3
8.6
14.4
16.4
27.6
19.8
13
15.1
13.7
10.2
39.2
25.4
17.3
25.4
14.8
14.1
11.3
20.2
22.7
21.6
12.1
13.3
14.7
25.2
19.2
28.9
35.7
10.8
9.3
16
22.2
15.1
17.1
10.1
20
15.8
10.5
19.3
11.8
30.6
13.2
25.9
8.4
21.4
25.1
14.3
18
17.6
33.3
13.6
14.4
22.8
11
19.6
18.5
18.4
20.5
8.1
12.9
19.3
13.5
14.7
10.6
8.1
11.3
9.6
24.3
14.6
9.9
17.3
8
15.9
11.1
25.6
16.9
9.2
16.3
15.1
21.1
17
13.3
16.7
8.7
8.8
9.8
18.7
13.3
18.4
23.6
8.6
21.4
18
16.5
11.7
10
24.5
13.9
16.7
12.3
19
20.8
11.2
12.7
19.7
16.7
10.3
23.2
19.8
28.9
19.4
20.2
10
12.8
11.4
18.9
10.8
21
22.8
11.3
21.1
16.6
15
16.3
16.3
8.9
11.1
11.5
24.1
32
9.9
24.3
9
19.5
25.4
10.9
19.2
14
14.1
14.8
24.3
44.5
25.6
19.5
27.3
9.6
12
9.9
12
19
16.3
24.6
31.7
16.6
22.3
18.3
14
21.9
18
23.5
10.1
15.9
21
38
10.6
15.8
24.7
8.7
22.7
13.2
10.5
17.2
18.5
13.8
26.9
12.2
36.9
11.9
20.7
8.6
31.1
14.8
79.7
24.6
13.2
24.3
14.1
22.9
17.3
10.4
26.8
10
23.6
9.3
12.4
16.2
16.9
26.8
36.7
13
8.8
9.7
11.1
16.1
38.6
14.9
26.6
10.6
11.5
21.7
15.2
14.1
11.4
10.6
12.8
10.8
10.9
18.1
18.7
14.8
13.8
14.7
32.2
8.4
9.2
8.3
10.2
13.9
22.8
12.9
15.9
15
13.8
8.7
8.8
8.5
16
13.2
24.4
32
10
14.7
14.1
15.1
12.3
14.4
28.2
11.4
31.2
26.4
18.7
23
9.6
9.9
9.6
8.8
24.8
44.4
19.8
40.8
11.1
62.2
23.5
22.9
24.2
15
8.8
35.8
8.9
27
12.1
14.6
14
15.1
11.9
16.9
18.2
10.7
12.5
8.4
12.2
18.7
11.3
24.7
13.9
23.6
54.8
12.7
27.9
17.4
23.5
8
13.2
19.6
12.7
10.8
9.1
17.5
12.3
19.7
29.3
34.7
15.4
20.8
13.4
30.1
15.2
14.3
19.1
9.3
20.2
12
36.7
12.7
19.8
44.3
29.5
11
9.7
8.7
15.2
17.6
8.9
11
14.3
9.7
12.1
11.8
13.5
12.4
25.7
24
11
10.8
11.8
20.7
11.6
25.9
11.8
21.5
18.6
29.9
25.4
14.4
12.3
11.9
13.3
8.1
19.5
18.3
18.9
18.9
24.1
13.5
29.3
24
12.8
11.1
9.9
19.3
20.7
12.2
15.2
17.2
17.3
15.4
11.1
12.9
11.6
8.5
21.7
13.4
13.3
13.1
13
37.7
12.5
13.8
17.1
10.6
21.4
22.8
15.9
8.5
9.4
19.2
10.6
17.9
8.4
11.9
16.3
15.7
14.8
15.2
12
17
11.2
9.3
36
8.5
29.1
23.8
33.3
27.5
22.5
12.4
20.2
21.6
19.6
13.4
38.9
14.3
12.1
60
44
21.8
12.3
15.5
18.3
12.2
13.6
16.5
9.4
13.8
8.5
19.6
15.3
10.6
14.1
16
12.4
9.4
38.1
16.5
18.6
12.9
13.6
26
9.4
19.8
33
21.8
26.5
8.5
10.2
25.1
13.5
30
15.9
10.2
14.6
40.4
25.6
32.5
20.7
18.5
15.9
16.6
15.2
15.7
11.9
15.5
12.8
16.7
32.9
11.4
8.6
14.4
9.7
8.6
45.8
19.2
13
14.6
13.2
26.5
11.6
8.7
9.5
22.8
15.4
10.4
11.1
21
9.4
8.7
10.1
20.6
40.2
23.1
10.3
8.4
18.6
12.2
9
12.7
7.9
8.1
7.3
27
13
15.4
33.8
12.4
10.6
18.3
37.7
12.9
8.2
9.3
14.3
21.1
12.4
22.7
10.6
9.9
13
11.2
7.8
12.4
22.7
16.3
38.7
9.9
11.1
12.6
9.6
14.3
15
12.5
12.4
14.1
7.8
7.3
12.7
15.4
26
7.6
9.3
14.9
16
9.8
23.1
25.2
7
11.4
8.7
39.8
14.7
14.6
19.1
14.3
15.8
21.5
30
23.2
25.6
24.1
23.5
23.4
16.3
10.4
20.8
8.2
7.6
17.6
9.2
24
8.6
7.1
8.2
16.2
11.5
9.3
12
20.3
8
10.9
13.7
13.7
7.1
19.6
16.1
8.9
8.4
18.2
21.3
22.5
7.1
13.3
9.7
10.5
13.1
8.6
10.7
7.4
12.5
17.2
11.1
16.3
25.5
18
8.6
10.1
20.5
16.2
13.6
14.1
10.1
7.7
22.5
14.1
11.3
7.3
8
8.4
17.5
14.3
7.9
21.5
23.4
17.8
7.3
18.9
7.9
14.9
8.1
10
38.6
15.4
10
17.5
17.1
18.4
15.1
20.8
12.1
10.7
7.7
8.6
33.3
25.2
17.4
7.5
12.6
17.6
16.5
33.7
20.4
11.1
22
29.3
11.1
10.6
17.7
9.9
20
11.4
14.3
12.8
32.5
13.1
24.4
7.8
8.4
9
19
7.8
21.5
16.6
14.1
20.5
54.3
14.5
21.7
10.4
14.6
12.6
16.7
8.4
13.6
7.2
24.9
14.9
19.8
16.8
11.8
11.7
26.6
9
7.6
11.3
11.5
15.7
12.2
21.7
27
8
15.7
12.6
13.3
8.2
8.2
14.4
15.3
14.3
7.5
13.1
10.2
14.7
10.4
16.6
9.5
12.3
18.4
25.7
17.3
8.7
8.5
19.6
22.6
37.1
9.3
30.9
12.3
16.5
7.3
23.9
8.2
27.5
13.5
23.7
15.6
50.3
7.4
11.2
7.4
24.3
20.6
24
10
8.1
26.8
13.5
7.3
17.8
22.5
20.6
25.3
9
11.4
18.4
9.9
19.7
22.2
18.1
21.7
8.2
8
20.9
11.9
12.8
14.7
9.5
8.1
9.7
10.6
12
11
17.8
7.8
20.8
14.7
13.1
10.5
16.1
17.8
19.9
7.3
30
32.8
14.7
8.5
8
11.4
29.4
12
30
7.5
14.5
8
7
33.8
7.4
9.9
24.9
7.2
7.7
7.2
8.2
9.2
8.3
11.8
9.7
7.7
11.2
9.2
10
19.2
9.5
7.8
11.6
33
7.5
19
13.7
9.8
13.6
8.3
16.7
16.5
8
13.7
8.4
10.6
12.4
7.2
14.8
19
15.6
15.6
11.8
15.1
20.7
7.2
23
14.7
23.1
35.6
23.3
14.4
15.6
10.7
7
7.5
8.6
14.3
19
7.1
17
7.3
27.4
18.8
15.6
20.8
23.1
20.7
7.2
17.7
12.2
15.3
14
20
8.6
18.4
10.6
9.4
10.2
10.3
36
37.4
16.3
16.4
85.2
38.9
9.9
7.5
7.1
7.9
8.8
11.3
21.6
14.8
12.9
22.8
8.4
19.1
13
10.8
7.9
7.7
27.3
19.8
56.5
11.8
22
10
35.8
20.7
13.5
12.5
8.3
7.1
29
18.3
20.8
9.4
11
9.3
11
12.1
11
13.3
18
20.3
16.7
7.6
7.1
12.9
11.2
7
32.1
7.5
22.3
15.5
13.9
10.3
21.8
8.7
27.8
12.4
7.4
14.7
10
13.1
10.6
14.7
20.7
13.1
10.2
11.8
17.7
18.9
13.4
26.9
23
7.7
14
7.1
13.2
11.9
25.3
10.5
14.1
11.6
11.7
8.3
7.5
7.5
10.4
14.2
8.8
13.5
33.4
16.3
8.6
9.8
16.2
8.7
7.3
10.1
21.2
7.4
10
7.7
7.2
14.4
24.4
24.8
13.5
10.7
20.3
9.6
12.5
13.2
16.5
19.4
18.8
12.8
9.7
12.5
11.5
7.3
33.8
20.4
15.6
16.9
12.5
26.1
13.7
14.2
16.6
24.1
10.1
21
11.4
13.7
9.2
12.6
17.3
7.4
26.4
8.9
12.2
9.4
33
12
15
10.2
9.2
16.3
7.8
7.7
11.9
7.4
11.1
14.3
7.3
7.6
12
14.7
7.8
9.6
11
25.2
7.3
8.1
7
17.7
8.5
16.7
18.4
8.2
8.9
8.4
16.4
8.8
15
9.8
27.7
19
12.8
15.4
10.2
19.7
9.3
9.6
10.3
8.6
19.8
8.8
11.9
19.3
28.4
12.2
7.8
19.6
12.6
23.6
10.1
8.3
7.5
8.2
12.9
10.4
22.3
9.2
19.8
28.9
25
18.9
43.5
10.1
33.9
30.2
7.6
7.4
8.2
27.2
26.4
9.2
19.1
14.1
17.5
7.8
16.2
10.2
7.6
7.2
28.6
24.4
8.2
33.6
10.7
14.2
14.4
17.4
21.2
9.4
14.9
7.4
12.9
8.6
12.3
25.2
8.7
11.8
21
8.4
11.6
7.4
11.9
16.4
14.3
14.3
25.8
7.5
10.5
9.8
10.4
27.5
12.5
10
13.2
20.9
16.8
7.3
9.2
11.3
9.3
17.8
20.7
11.7
27.5
13.9
8.7
8.2
22.6
8.6
16
26.5
7.4
7.3
9.8
8.5
19.2
11.1
12.5
7.4
14.2
11.5
17.9
8.7
18.1
9.8
9.2
11.8
13
8.7
7.5
13.7
19.8
13.7
8
8.4
14.4
7.4
14.2
8.9
20.9
11.2
8.8
9.4
10.3
17
11.6
17.8
13
23.2
9.4
15.7
21.4
14.3
26.7
9
10.6
22.9
7.7
17.4
8.3
12.3
13.4
7.8
7.7
7.1
23.1
13.5
9.8
8.5
26.3
7.4
12.3
17.1
15.4
7.7
7.8
11.3
8.1
7.6
24.1
7.4
24.7
12.5
43.6
8.2
10.5
13
11.4
8.3
7.1
13.1
46.2
28.8
21.5
15.7
7.2
10.3
16
8.2
16.7
26.7
7.2
21.6
8.9
19.4
21.9
12.5
8
27.4
24.3
21
40.8
34.8
16.4
7.9
8.8
7
7
9.2
17.4
8.3
8.5
16.2
7.8
7.6
7.1
11.6
7.5
8.7
17.3
7.3
29.3
25.4
20.7
20.4
12.6
14.7
10.2
8.8
16.4
9.7
13.3
8
16.7
16.6
12.7
8.6
7.9
13.1
18.9
10.9
14.8
8.9
39.2
13.7
7
13.7
15.5
15.7
25.1
22.3
25.7
18.9
8.7
16.9
24.6
10.6
7.5
36.2
13.7
8.4
9
10.4
13.2
8.8
8.1
17.3
23.4
7.2
7.1
18.4
18.4
22
26.5
21.1
19.6
22.7
10.8
14.1
11.9
10
9.9
7.1
9.7
12.9
9.4
8
20.4
23.9
17.1
10.3
24.5
10.4
9.9
14.2
11.9
7.5
10.6
8.6
10.1
9.4
14.8
41
12.5
19.7
26.3
14.5
18.5
23.9
7.5
30.1
18.3
7.9
22.3
19.4
15.1
11.6
22.5
8.8
11.5
12.5
19.6
12.4
9.5
7.9
9.7
18.4
46
13.7
7.5
10.3
14.5
9.1
17
11
20.2
21.4
16.7
14.6
35.4
12.9
40.8
12.9
12.3
15.8
8.2
25.1
20.5
15.3
12.8
16.6
7.3
14.9
14.6
26.7
7.6
35
13.8
10.5
9.9
26.5
7.2
9.1
22.5
16.8
35.7
8.7
7.8
8.1
13
10.9
7.8
14.1
7.5
10.2
8.5
15.3
15
23.4
14.7
14.5
11.7
14.2
36.8
9
10.3
15.2
9.4
7.3
7.1
23.2
10.7
10.4
7.9
9.9
9.4
7.7
10.5
11.4
19.2
7.9
9.5
10.7
14.6
8.4
15.5
15.3
17.6
12.3
15.8
11.5
15.9
19.5
13
15.3
8
17.2
9.4
7.7
12.6
24.2
9
7
7.4
11.2
9.5
7.6
7.5
29.6
18.2
9.9
11.2
8.1
15.3
15.3
24.8
15.1
17.4
15.7
9.9
15.4
17.6
7.5
9.8
15.3
26.2
12.1
17.1
13.5
25.5
8
9.3
30.1
12
7.8
18.4
12.9
26.9
16
7.3
48.8
8
8.9
8.5
8.1
8.6
14.1
14.4
10.8
19
8
22.1
27.9
16.1
31.5
7.7
10.6
7.4
14.5
19.9
18.1
10.9
8
12.2
8.7
32.2
21.9
10.6
7.2
18.9
14.1
15.2
13
11.3
22.9
9.1
7.7
18.1
13.4
12.5
19
19.8
7.5
11.6
32.1
7.2
19.4
9.4
7.2
13
24.1
9.5
11.4
16
16
19.9
13.5
13
21.5
11.7
7.4
12.4
7.9
11.2
17.5
23.2
16.1
16.9
17.1
12.4
8.6
19.5
31
27.9
10.9
15.9
15.4
18.6
22.7
38.2
28.4
10.2
22.8
26.5
25
15.7
19.2
10.6
11.7
11.2
8.3
20
24.1
18.5
23.2
22.3
10.7
17.4
44.4
19.4
13.1
13.7
16.9
11.3
9
15.6
22.8
12.2
9.1
29
7.4
16.1
12.6
34.2
9
12
14.9
21.9
11
12.2
9.5
30.3
19.3
13.3
11
16.8
9.5
8
12.1
12.4
7.5
12.3
23.6
9.5
12.6
15.1
10.6
14.3
8.8
36.1
36.1
15.6
18.2
7.7
8.4
10.5
20.3
8.5
11.6
10.8
9.1
29.7
14.8
8.3
40.6
17.2
16.4
27.3
19.1
23.2
11.2
13.9
15.2
33.1
19.1
12.8
14.3
15.9
13.1
7.4
12.2
21.3
11
7.4
10.1
10.3
8.1
53.8
13
14.2
26.6
30.8
21.5
19.1
9.1
20.2
9.2
15.7
11.9
13.8
11.3
14.9
9.6
7.5
7.9
7.5
17.7
26.6
24.2
7.1
11
7.7
15.7
8.6
8.9
9.6
19
14.4
14.2
12.6
7.7
26.1
7.5
23
8.9
22.3
46.1
13
7.9
19.2
29.6
7.6
10.4
16.4
14.4
17.4
8.4
15.6
7.3
22.8
16.4
17.4
12.8
21
8.4
20.5
11.7
7.1
15.6
22.6
13
17.1
16.3
15.8
15.8
11.2
7.1
29.3
17.9
9
12.2
14.6
7.7
9.6
16.1
16.7
8.3
20.6
16.2
10.3
11.8
20.2
10.5
14.6
17
15.3
7.2
8
18
12.4
8.1
23.5
8.4
18
11.3
17.9
22.1
8.3
11.6
18.3
9.8
11.2
19.3
26.7
7.3
16
8.1
15.4
9.2
21.6
13.8
16.6
10.4
13.5
7.9
15.9
9.9
18.9
19.7
7.9
9.3
17.4
7.8
10.6
30.4
14.9
7.8
12.2
12.4
13.7
14.3
9.4
14.9
8.4
16.2
40.3
17.9
17.3
13.4
13.6
7.7
17.3
22.8
8.8
11.7
15.5
7.5
15.8
20.4
7.9
10
8.2
17.1
11
11.3
28.5
12.6
27.3
11.2
21.8
12.4
24.5
17.2
8.3
7.6
9.4
10.8
14.4
15
7.3
19.5
10
9.9
10.6
14.3
11.5
8
8.5
17.7
13.4
11
9.8
14
11.4
7.7
7.5
16.7
29.3
8.7
9
11.1
13.3
7.8
8.9
28.7
8.3
7.2
8.4
16.7
7
11.6
17.3
9.2
13.1
12
14.3
10.9
11.6
14.4
25.6
18.8
14.5
15.4
20.1
27.1
19.7
10.2
21
24.6
11.3
10.3
8.8
7.3
10.2
13.6
23
9.9
13.6
16.1
10
30
13.1
12.3
14.1
10.6
14.4
11.7
8.1
29.3
9.6
20.1
23.9
14.7
14.5
15.7
8.3
9.9
12.6
25.4
7.3
7.1
12.3
35.4
20.9
17.1
24
28.5
10.9
8.7
7.6
8.4
13.6
8.3
17.5
7.9
10
9.2
28.4
17.6
29.9
11.6
8.5
7.5
38.9
11.7
17.6
21.9
15.5
11.5
23.7
14.9
20.1
13.7
8.1
7.6
15.4
8.3
11.5
7.4
10.1
22.7
18.1
15.6
20.4
8.9
31.6
7.8
26.3
23
18.1
10
23.4
19.1
8.5
9
48.7
21
14.5
11.5
9.1
19.4
7
7.9
11.6
9.1
9.6
13.1
21.4
15.6
7.5
7.9
11.9
12.2
15.7
17.4
9.8
8.5
9.9
13.5
8.6
16.6
9.9
7.7
21.5
15.5
7.7
40.4
19
7.9
10.8
23.8
18.1
13
15.5
15.2
7.6
15.8
24
8.5
13.1
15.7
9.8
9.2
17.4
7.3
15.7
25.7
7.4
23.1
11.5
9.5
21.5
11.3
13.7
7.3
10
13.9
14.3
17.8
15.8
20
7.5
8.1
21.6
8.1
8.3
11.4
11.8
16.2
10.7
46.1
7.3
8.2
12.6
16.5
8.8
19.6
18.5
18
10
13.4
8.2
14.9
22.8
8.7
18.2
18.4
8.2
26.4
14.6
14.9
23.6
8.9
21.1
8.5
15.5
16.2
12.6
7.7
16.2
23.7
18.8
13.4
12.9
9
15
7.7
14.1
9.8
12.5
8.7
20.1
8.1
15.6
7.5
7
9.5
11.5
11.6
10.7
24.4
18.8
11.9
13.3
20.9
18.8
11
11.2
30.9
12.5
8
9.6
13.7
9.4
15.9
12.6
7.4
11.3
14.2
20.2
8
18.3
8.2
14.7
31.2
17.8
8.8
14.3
7.7
8.5
11
11
29
10.5
8.4
7.4
17.6
22.6
11
16
12.4
20.7
8.3
8.1
7.5
8.9
13.6
9.4
27.8
13.6
7.4
8.4
8.2
22
12.7
18.6
8.6
7.8
19.7
8.9
10.6
21.2
7.8
10.5
23.2
9.8
18.1
10.2
29.2
19.2
10.3
11.3
8.2
39.6
15
17.6
20.1
7.9
21.9
14.9
8.7
20.9
28.6
9.3
25.3
11.7
14.6
9.6
15.5
7
12.6
23.6
12.4
16.1
12.1
9.6
10.4
7.6
20
28.9
11
7.8
9.4
10.5
14.6
27.5
29
24.3
16.5
16
12.7
37.7
8
23.4
20.3
18
15.4
11.1
10.4
12.6
10.3
9
14.8
17.4
13.2
24.1
16.5
9.9
31
15.5
10
15.6
13.3
26.3
10.9
11
12.4
15.7
14.5
15.9
18
12.1
8
23.6
17
15.4
16.2
21.9
17
16.8
8
19.8
12.6
29.4
20.5
7.7
10.8
23.1
12.9
13.1
11.9
16.1
8.2
11.5
9.9
12
23.2
8
22.2
26.4
25.6
17.1
16.6
9.2
7.6
8.8
11.4
13.1
8
20.7
26.5
7.4
7.2
11.6
11.5
7.7
16
35.2
16.2
13.7
15.6
11.6
11.8
15.3
13.3
12.2
18.1
13.1
11.3
16.7
8.9
19.1
9.1
10.3
22.6
23.4
8.4
18.6
14.5
7.3
11.8
14
14.6
10.8
19.4
8.1
7.1
12.3
18.4
10
18.9
16
14.6
13
12.4
17.2
11.4
15.1
20
17.1
15.5
23
21.8
8.1
11.1
9.7
8.3
8.2
26.8
12.7
11.2
7.8
15.5
10.9
28.3
13
12.3
35
22.8
9.1
11.4
8.4
16.2
15
23.6
11.4
7.7
11.1
10
11.6
8.4
15.3
28.2
16.7
11.5
7
12.8
12.9
14.8
12.7
33.3
16.9
12.8
8.7
26.5
10.5
10.4
10.7
10.2
16.7
7.6
24.6
8.5
12.4
7.1
9.6
19.7
12.1
10.8
14.3
8.8
18.7
7.2
26.1
13.4
9
13.5
24
29
12.7
7.1
17.8
7.4
12.8
15.9
14.1
13.2
8.8
19.3
10.5
30
8
10
7.5
17.4
16.7
9.2
39.2
29.3
42.4
14.4
10.8
7.5
15.9
12.4
11.5
18.6
7.2
7.7
11.9
21.9
7.4
8.2
7.4
17.3
7.9
7.1
24.6
9.8
19.6
11.6
10.5
8.3
8.2
12.9
9.5
9.4
16.8
16.7
10
8.9
14.3
7
29.6
19.9
12
11.7
10.3
11.5
7.8
27.2
7.9
46.2
7.6
14.2
14
11.4
7.1
17.1
8
15.4
7
14.9
14.5
15
10.8
7.5
10.2
8
13.6
10.5
9.1
16.2
11
14.6
8.4
9.6
17.2
19.1
16.2
13.1
11.3
9.2
9.2
22.3
7.3
11.3
12.2
13.9
32.1
10.2
19.8
14.4
8.1
10.6
9.9
19.5
8.2
14.9
13
15.9
27.2
19.1
7.9
10.7
14
7.9
10.8
7.5
8.9
16.6
14
19.1
9
25.1
20.5
27.1
49.5
8.5
19.1
10.5
22.1
7.8
15.3
16.3
9.2
9.1
12.2
23.9
18.1
15.2
17.5
16.2
21.5
15.5
10.5
18.7
16.9
9.8
28.2
9.5
32.6
21
30.3
10.5
12.2
21.7
12.2
10.6
7.1
7.2
15
30.7
8.5
7.8
8.3
8.9
8.5
16.9
7.9
19.4
15.2
19.4
19.6
8.6
7.7
18.8
23.9
7.1
11.5
14.6
7.5
10.8
28.3
12.7
24
8.3
13.5
12
9.2
11.9
8
14.2
7.3
22.9
11
17.1
18
10.3
8.5
10.2
9.3
10.7
16.8
14
26.4
11.9
19.1
25.2
9
15.3
7.3
10.6
14.4
11.6
8
14.1
14.6
11
12.7
9.7
7.4
13
12.3
22
12
20.4
10.6
15.3
12.7
17.7
9.6
20.7
43.5
15.6
14.7
27.9
23.9
37.8
13.6
13.1
15.5
9.7
20
10.6
14.3
38
19.2
15.5
9.4
20.2
9.8
14.8
12.8
8
14
12.7
21.1
27.8
15.7
9.6
16.2
13.8
21.8
19.2
20.3
24.2
11.2
14
10.9
11.5
22.2
13.9
9.9
8.1
7
7.2
40.4
11.3
7.3
22.1
10.8
11
18.7
16.2
12.5
12.4
10.6
11.1
8.5
23.6
12
18.7
22.3
10.4
12.9
11.6
9.8
10.3
7.5
7.4
7
13.1
7.5
11
8.3
7.1
7.2
11.1
8.7
8.3
7.7
13.2
8.7
25.7
26.5
38.7
15.8
19.5
41.6
21.6
20
13.6
22.5
9.5
10.1
13.3
8.8
14.7
7.9
22.1
32.3
24.8
9.5
17.1
8.3
18.6
30.5
7.8
13.4
9.9
32.8
15.1
21.6
27.7
14.9
14.2
15
10
11.4
17.4
19.4
10.6
11.2
9.4
22.6
9.2
22
15.8
7.9
17.3
22.1
17.2
14.4
15.2
9.3
21
17.2
9.7
13.1
28.9
35.7
16.1
15.6
31.6
11.2
22.2
11.2
12.1
25.2
7.6
7.5
12.7
7.7
22
8.6
17.6
23
14.4
7.8
12.2
8.7
23
27.1
13.1
12
7.5
8
16
16.2
39.7
15.1
7.6
7.5
13.3
22.7
15.9
15.8
12.5
8.9
14.5
17.7
10.6
11.9
7.4
8
10.5
8.5
10.1
16.5
15.1
20.9
11.5
13.1
10.5
10.9
9
12.9
15.6
15.2
9.7
11.9
7.5
7.2
15
13.6
29.1
26.2
7.7
14.3
24
20.9
10.1
13.4
11.1
8.8
12.4
25.4
7.3
24.4
10.3
9.2
23.7
10.4
9.2
7.8
19.4
11.7
7.9
18.4
9.7
20.3
8.3
19
20.9
42
10.3
15.1
14.7
12.6
11.8
13.7
15
15.9
6.9
19.5
10.5
13.2
7.8
6.2
7.3
15.1
6
6.9
10
9.7
7.2
8
6.6
11.5
7.4
8.6
13.9
6.5
10.2
7.6
11
8.7
6.2
10.1
14.9
10.9
22.9
6.4
6
7
9.5
19.9
6
6.7
10.4
6.3
6.3
10.9
9.6
6.4
7.2
13.4
6.6
7.3
13.1
15.7
11.5
8.1
7.2
6
14.5
6.7
24.4
6.3
9.7
6.9
6.5
7.5
9.5
6.7
6.4
26.4
6.5
23.1
58.2
11.8
23
7.1
10.5
6.3
22.7
12.5
6.6
6.7
6.2
6.6
6
9.1
6
12
11
6.4
6
6.1
11.4
8.5
48.9
21.9
18.5
13
13.7
8.2
17.2
6
8.5
10
22.4
26.4
6.6
7
6.6
14.8
9
8
13.3
10.8
7.4
6.4
15.7
13.8
8.7
6.2
6.7
7.6
6
8.1
20.5
19.6
6.1
6.6
10.5
10.6
16.1
6.6
6.7
21.2
9.9
5.1
13.5
5.9
9.5
25.2
5.9
10.7
10.2
5
5.1
9.2
9.8
11.4
5
8
5.1
6.3
5.1
5.1
32.5
11.5
5.1
5.6
15
20.2
5.5
11.5
5.2
6.2
5.2
6.7
5
5.4
7
10.1
5.2
5.6
5.9
5
12.7
5.4
12.6
22.2
10.5
5
5.2
14.7
5.3
5
5.4
5
18.4
9.6
5.2
5.1
7.2
5.4
5
5.6
10.3
9.8
6.9
11.5
5.1
5.2
5.8
6
9.3
28
5.6
7.1
9.4
5
5.4
5.4
7.9
5.1
5
5.4
5.1
5.2
17.8
5
12.7
5
5.4
7
5.1
5.1
27.4
5.6
6.9
14.9
32.5
6.8
14.4
5
11.4
5.6
5.2
10.2
18.9
6.2
5.9
9.8
5
5.3
12
6.5
5.1
5
5.1
10.4
9
5
12.2
7.6
5.2
38.4
5.4
11.5
5.6
5
6.3
7.3
5.9
12.1
34.3
7.4
5.6
5.3
5.6
6.6
5.3
5
5.5
5.3
5
9.9
5
20
6.4
14.7
5.5
7.1
5.3
17.8
7.9
9.7
5
20.4
24.8
8
6.5
5.1
5.2
5.5
5.5
6.1
5.5
5
5.3
14.8
12
5
6
5
6.3
18.8
6.2
5
5.9
17
13.8
7.2
6.4
15.7
5.3
5.1
6.5
5.3
5
5.2
5
5
25.7
15.5
14
5
5.5
5.2
5.2
8.6
8.2
13.7
5
11
5.8
11.2
16.1
5.5
5.5
5.4
10.4
5
5.1
14.8
22.6
5
5
5
5.3
5
5.8
31.6
5
9
10.3
5
5
8.5
5
13.5
5.6
5.2
5.1
5
8.3
6.9
5.9
5
9.9
5.1
5.1
5.1
5.4
10.5
5
5
6.1
8.1
5
14.6
5.8
7.2
5.1
5.2
5.7
5.6
5.1
31.3
5.1
5
5
5.1
5.9
5.2
5
5
5
5.2
7.5
5.1
5
5
12.8
7.5
5.7
5.6
10.9
14.2
5
5.8
5.1
12.1
5
8.5
14.2
5.9
12.1
6.1
5
5.1
5.3
6.8
12.1
7.2
5
5.8
9.4
5
9.4
5.5
12.8
22.6
7.7
7
13.8
31.1
12.6
7.4
5.1
6.7
20.6
5
6.6
5.2
5
5
5.5
16.2
8.8
5
5.8
23.8
13.3
5
5.3
13
6.1
5
6.4
12.4
6.7
5
17.7
8.7
5.3
24.5
11.9
5
9.9
22.8
5
22.9
9.7
15.4
8.7
5.3
5
5.5
17.5
5
5
8.9
5.1
5.1
14.3
6.2
5.4
5.1
7.7
10.1
9.5
5.2
8.8
11.5
5.3
5.5
5.7
5
6.5
5.1
6.8
5.2
15.1
26.9
14.1
15.4
5.2
5.8
6
13.3
5.2
5.4
6.1
14
5.5
7.8
10.5
7.6
6.4
5.7
16.6
5
7
7.1
5.8
5.7
6.8
8.1
14.2
5
5.4
12
8.7
5.2
5.3
20.1
15
5.1
5.5
5
5.4
5.1
11.9
20
13.1
5
5.3
5.6
5.3
14.8
7.1
6.9
13.9
5.2
5
25.8
5.2
5.1
5.2
6.6
5.6
19
14.5
6.6
5.7
28.1
8.1
9.9
15.9
5.1
12.6
31.2
24.6
5.1
5
5.9
5
5.6
6.6
5
9.4
5.6
7.4
7.3
6.2
5.1
5.2
6.3
5.5
9.2
9.2
5.3
5.4
5.1
5.6
26
5.2
5.2
11
20.2
5.7
5.4
5.3
5
5.8
14.3
8
17.1
5.3
5.3
29.2
5
5.1
18.3
13.3
5.2
8.4
9
9.2
5.5
8.7
5.4
10.1
13.1
5
5.9
17.6
5.1
5.7
14.1
5.1
12.4
5.1
6.4
5
5.2
5.4
12.2
8.4
13
14.5
17
5.1
5.7
17.6
5
5.4
10.6
10.9
5.7
5.1
11.9
9.2
5.8
8.9
10.5
6.5
25.6
5.7
10.3
6.7
8.2
5
5
5
5.3
10.6
5.4
6.3
6.3
16.3
9.1
5
5
5.3
5.1
5
5.2
14.3
5.5
5.2
5.3
5.2
19.8
16.3
10.9
15.5
5
5.2
34.3
5.2
7.6
5.5
13
9.9
8.7
5
14.6
5
5.7
5.6
7.9
5.9
10.7
6.4
5
5
19.3
5
5.9
5.1
5.2
9.2
5.1
14.7
5.3
5.9
5.7
9.6
5
5.1
5.4
5.5
5.1
5
9.1
5
16.5
5
8.3
5
8.5
5.2
7.8
16.1
10.2
5.1
8.5
5.1
8.4
5
5
5.7
5.2
5
5
15.6
5.6
5
5.3
7.3
8.5
5
12.5
5
5.5
5.6
5.5
5
13.1
5.6
5.7
5
5.3
5.8
25.5
5
8.7
21.7
5
17.8
5
5.3
6.1
6.7
7
5.5
5.7
5.3
5.2
23
5
10
5.9
6
5
5.2
5
5
5
6.4
24
5.2
5.6
8.8
5.6
14.7
12
5.3
7.2
8.9
7.1
5.1
5.5
8.9
5.2
5
12.2
5
23
6.1
17
6.4
5
24.5
6.1
14.2
5
5.8
13
5.5
7.6
5.4
12.3
22.5
5.2
5.1
15.1
20.9
5.1
5
5
5
8.1
5.3
8.7
7.2
5.1
6.8
5
22.7
5.5
7.6
10.9
5.2
5.1
13.7
5
20.9
5.1
5
5.4
5.1
33.6
5.4
14.2
9.2
7.8
15.1
10.2
5.5
5.5
5.8
5.1
8.5
7.8
6.6
9.7
5
8.3
12
13.1
5
5.2
5.9
5
7.9
5.2
7.8
17.3
5.1
5.8
13.5
11.4
10.8
5
9.7
5.4
9
5.1
5
13.3
5.1
17.4
5
5.8
6
6
14
24.2
5
5
7.3
10.4
11.2
6.8
6.2
5
5.2
5
5.3
5.3
5.6
9.8
5.9
13.7
5.9
9.6
5
6.5
5.1
13
5.2
5.5
5.5
5
12.2
5.7
5.5
5
7.2
10
20.4
5
10.5
21
5.4
5
5.8
20.9
5
5.6
5.2
5
15.5
5
8.4
5.6
5.5
5.2
5.1
18.5
7.7
5.1
5.8
5
7.8
8.4
5
8
13
5
5
5.4
5
10.9
5
5
5
10.8
5
6.5
28.5
5
5
5.2
5.4
5
7.1
10.2
5
5.2
5
27.4
5.4
12.2
5.5
5
18.4
5.1
5.3
12.6
5.6
5.5
5
7.4
5
10.1
18.9
14.9
9.3
14.8
5
5.1
5
5
6.6
15.1
6.4
6.3
9.4
5.6
6.3
8.4
5.3
5.9
8.6
5.3
5.8
5
5
5.4
5.8
17.3
15.9
5.1
6
5
5.7
7.3
6.2
23.9
15.1
17.6
5
5.1
10.5
5
7.6
5
11.3
5
13.7
15.8
5.5
5.2
9.2
6.4
5.5
10.4
5
5
5.8
6.7
11.2
6.8
31.4
10.6
7.5
6.5
18.3
5
13.4
7.2
9.7
5.4
5.6
10.1
5.1
5
6.5
5.5
5
5.4
11.7
21.5
7.9
5.5
27.3
5
5.2
5.2
5
9.6
5.1
54.4
7
14.1
9.6
12.7
5.1
5.1
9.5
5.1
15.6
5.2
5.8
5
5.1
17
5
5.1
11
5.1
5.2
10.8
5.5
9.8
5.6
5
11.5
21.2
8.9
5
5.7
6.5
5.6
15
6.3
11.1
5
6.6
8.8
8.5
5
5.1
5.4
11.3
14.6
16.9
5.3
5.1
13.1
5.6
9.2
5.1
6.2
6.4
5.4
5
19.2
5
10.4
5
29.5
7.1
5.8
8.3
5.4
5.6
5.5
5.4
10.8
24.1
9.2
15.8
5
5
6.1
5.8
10.4
5.3
9.3
5.1
5
6
9.2
5
5
28.4
30
24.1
5
7.1
5.8
12.1
5.4
12
5
5
7.1
5
12.5
5
14.9
5.4
5
15.2
5.4
5.2
13
8.1
23
12.8
5.9
5.6
5.1
5.2
7.3
5.2
13.8
8.8
5.2
5.1
5.1
5
5.2
5
7.7
5.1
17
22.3
6.2
14.4
6.8
5.1
5.5
5
5.3
5
6
5.3
5
5
5.6
5.1
5
5
5.5
17.8
11.2
7.3
6.8
7
5
6.1
6
5.3
8.2
5.3
5.5
5.2
7.5
5
5.2
15.7
26.1
6.2
14.1
5
9
12
12.1
5
5
5.6
5.6
5
5
6
5
5
11.6
5.2
6
6.5
5.6
17.9
7.2
5.1
5
5.1
6.9
11
10.4
5.4
17.3
5.1
11
14.5
5.1
16.9
5
16.7
10.6
21.6
5.3
13.3
5
5.6
9.3
5.5
13.9
5
9.3
6.8
6.3
19.4
14.1
5.6
7.9
5
6.3
5.1
11.3
14.4
5.3
11.3
6.4
12.6
17.3
12.8
5.5
27.8
6.5
5
5
5.5
10.5
6.1
17.6
16.6
10.5
10.3
6.6
15.8
14.8
5.9
5.3
13.8
7.8
5.4
5
5
8.1
13.6
7.1
5.4
14.5
5
17.1
8.5
5.1
5
9.7
5.8
5.6
5.6
16.5
5.4
7.2
10.2
24.1
5.5
5.3
5
5
9.5
5
23.5
5.1
5
17.2
5.5
5.8
5.9
6.5
18.5
7.5
8.2
5.2
15.5
5.4
5
5
19.1
5
5.5
5.5
28.7
22.5
8.5
5.3
6.1
11.2
5
6.9
5
7.1
13
6.1
5.7
5.9
5.1
20.8
5
5.7
14.1
5.5
5.3
5
6.4
5
21.1
6.9
5.1
5.8
6.4
7.5
5
6.4
8.5
5.4
6.5
5.2
5.1
5.3
17.3
11.5
9
5.1
5.1
11.1
8.9
5.1
5.4
6.1
5.2
10.8
9.9
6
7.7
6.3
8.4
9.9
6.4
20.9
13.6
6.5
21.6
5.1
5.8
25.8
6.5
9.4
5.1
15.1
6.9
5.3
5.7
10.2
5.1
5.5
11.1
5.6
6.4
6
5.6
6.1
21.3
24.2
6.6
19.8
5.6
23.6
7.3
5.1
5.3
10.9
6.5
8.7
20.8
23.5
5
5
10
18.1
15.5
5.2
9.3
5.2
5
6.7
5
5.1
5
5.7
8.7
5.6
5.1
5.1
5
5.1
7.4
13.3
5.4
5.4
5
5
5.4
12.2
5.4
7
5
11.1
5
5.5
5
16
7.2
5
5.2
18.3
7.1
11.1
5
5.2
10
5.5
5.1
5.7
6.2
25.4
21.5
19
5
8.1
5.1
11.2
5.6
9.3
10.1
12.5
10.7
10.7
19.9
5.1
10.7
22.7
23.8
5
22.7
6.3
6
5.9
5.3
29.9
5.7
7.4
9.5
5
6.2
5.9
7.3
5.3
25.1
7
5.4
5
17.6
6.3
5
5
10.3
5.1
5
14.4
11.6
5
5.1
5.1
5.2
16.3
24.1
8.2
14.5
5.2
5.2
9.5
5.2
5.4
14.6
6.2
16.9
19.7
5
5.7
5
7.3
16.5
5
5.7
5.2
8.5
5
12.7
5.7
5.8
5.3
5.2
5
5
5.2
5.2
5.8
5
5.1
5
8
5
8.7
8.3
5.3
5
5.2
5
5.1
24
5.3
5.3
11.8
6.4
10.2
5
9.1
5.7
5.1
5.1
5.6
5.3
12.1
6.6
5.1
10.6
5.4
5.1
5.4
5.8
5.5
5.5
5
9.5
21.6
12.8
5
6.5
5.3
6.5
14.5
12.1
6
9.6
10.8
5.3
5
5.2
6.8
5.2
8.2
7.2
5.2
5.2
8.6
13.4
5.4
6.8
7.2
5
5.6
10.8
6
5
6.1
9.6
5
5.4
13.4
5.1
5.1
6.1
18.6
13.4
5.8
5
6.9
5
5
9.5
5
5
12.3
6
16.1
11.6
9.3
5
5.3
6.2
5.4
7.3
8.8
5
5
5.4
11.8
5
5.7
6.2
12.2
6.5
5.4
5
5
6.9
5.2
13.8
10.2
5
5.5
14.9
13.8
5.9
11.5
5
6.5
19.2
6.5
5.1
5.2
11.2
9.9
10.2
19.8
13.4
5.3
20.2
5.2
20.4
5.9
11.8
5
5.5
9.6
5
18.7
7.8
15.9
8
5.7
5
5
6.9
5.2
5
12.6
12.9
13.5
8.2
5.5
5
7.1
13.2
17.9
5.1
5.2
5.4
5
8.5
5
5.5
5
5.6
6.5
9.8
9.2
5
10.5
14.3
5.3
8.7
7.2
24.6
6.3
39
5
5.2
6.9
26.3
19.4
13.6
5.6
5
5.7
5
16.4
13.6
7.8
5
10.5
21.6
5
5.8
10.7
21.3
5.2
12.5
5.5
6.2
9.8
14.3
5.3
5
5
17.5
7.9
5.7
16.6
5
8.8
5.2
13.8
5.2
5
9.9
6.8
14.8
7.3
5
5.5
5.3
14.1
5
5.7
6.2
16.5
8.4
13.3
5
5.4
5.5
9.5
9.2
5.2
7.6
34.3
17.6
7.6
5
17
5.1
5
21.1
5.1
5.6
8.9
5.2
7.7
5.1
6
9
12.3
5.3
5.8
7.6
5.7
5.3
11
16.3
29.6
5.1
5
5
17.8
12.9
8.4
7.9
5
9.2
5.2
11.3
28.9
13
6.7
11
5.1
5
5.1
16.2
5.5
5.3
6.1
5.5
5
8.7
5.6
5
14
14.9
8.4
9
5
5
8.6
6.3
5.3
9.2
11.5
5
11.2
5
5.4
16.4
6.2
10.5
5
13
25.6
17.9
10.4
5.3
5.3
5.3
5
5.5
5.6
6.9
5.1
5.3
5.5
5
8.1
11.4
5
5.1
5.7
10
5.6
5.2
6.2
17
7.4
5
6.4
24.2
5.3
5.2
13.5
5.3
6.1
5.4
5.2
5
5
11.1
5.1
5
5.3
13
16.9
5.4
5.1
5.3
11.2
9.3
5.1
10.9
20.2
5.2
5
5
11.3
7.2
5.2
11.5
5.5
5
5.6
6.5
16.2
9.1
5.1
5.4
26.3
5
61.4
21.3
5.1
7.1
5.6
5
5.2
5.7
5
5
5.8
17
5.4
5.1
5
5.1
5
13.9
6.9
5.7
12.6
12.4
5.7
10.4
5.1
10.8
5.2
7.2
12.4
5.2
8.3
5.1
13.3
5
5.5
6.1
10.5
5.2
9.8
6
10.3
10.3
5
11.4
5
5.6
13.9
5.9
12.4
23.4
5.1
5
11.5
5.8
5.9
13.7
5.4
5
13.5
8.1
9.8
5.6
9.6
36.7
22.6
17
6.7
9.9
5.1
12.5
5.6
5.2
50.4
17.5
6.1
5
10.6
5
5.5
9.9
7.2
5.4
15.2
5.4
14
6.3
8.6
5
6.7
5.1
9.9
5.2
5
6.5
9.5
10.3
5.5
17
7.5
5
7.4
5.2
5
6.5
8.1
6.7
9.6
28.4
10.7
6.5
5.3
5.2
5.2
5.4
6.7
11.5
5.2
8.9
5.3
5.5
9.3
21.3
5.7
5.7
13.8
5
5
12.8
6.1
5
6
5.1
5
5.1
16.4
5.2
9.2
7.8
5.5
5
5
8.8
6.3
15.2
18.7
12.7
5
7.4
5.5
19
29.3
7.3
5
11.5
5.9
10.2
5
10.1
7
5.2
5.3
5.9
5.2
5.3
10.3
5
5
5.9
6.5
5
5.8
6.6
5.1
5.1
5.2
5
6.5
5
5.2
12.5
5
6.2
