10876 34740
51.1
29.7
9.2
54.1
15.9
33.7
38.6
15.2
19.6
30.8
81.2
13
27.9
15.3
60.2
33.6
45.2
30.5
12.2
46.7
43.5
51.6
28.5
37.7
11.1
22.6
36.3
8.2
8.1
9.2
8.2
19.1
16.9
31.7
13.1
9.7
29.6
83.9
29.7
41.7
8
28
42.7
39.2
17.1
25.1
39.5
65.5
8.1
25.7
20.6
25
45.6
19.4
18.1
100.8
14.8
35.5
23
18
35.1
52.6
69.7
32.6
15.6
29.2
10.9
8.2
62.7
14.9
47.2
17.2
25.6
60.4
29
14.5
36.7
25.4
91
15.7
16.7
9.7
15.8
47.4
20.6
91.3
53.6
32.3
12.1
17.9
15.5
14.8
9.7
50
10.8
16.2
46.9
78.5
16.5
54.2
53.1
32.9
81
34.7
16.9
49.8
55.2
11
13.2
39.9
25.3
17
39.3
16.2
107.7
18.9
9.8
19.3
25.8
17.4
137.6
22.3
14.3
14.3
9.5
44.2
26
42.7
114
120.3
21.6
28.6
35.8
9.2
120.1
28.9
26.8
17.6
23
26.2
26.5
80.2
33.7
70.8
15.6
31.2
79
81.4
57.4
43.3
26.3
58.9
58.9
19.2
16.2
40.5
90.2
15.4
12.4
13.4
31.4
114.1
64.1
22.8
39.1
51
32.6
17.3
32.4
12.7
35.1
45.6
22.3
18.5
12.2
8.2
25.9
25.4
64.1
70.9
46.3
59.1
29.1
30.7
29.3
39.1
30.9
36.1
35.3
77
55.8
38.1
50.7
21.7
48.4
18.2
16.7
25.5
36.5
56.9
26.1
17.2
28.8
70.5
11.8
8.9
34.6
14.9
42.8
37.3
60
31.1
12.5
29.2
25.9
26
26
9
20
18.4
17.3
12.9
14.3
57.9
31.4
22.9
42.6
8
39.7
10.4
37.3
30.6
39.1
11.7
24
12.1
38
15.9
14.6
10.8
39.2
12.5
14.3
20.7
19.9
53.2
24
46.5
53.2
26.3
17
15.2
25.9
9.2
23
17.1
41.9
14.5
38.3
18.8
26.2
27.8
44.8
9.5
10.4
9.1
45.6
67.6
62.1
22.3
95
48
105.8
25.7
12.9
31
41.3
8.8
62.4
20.2
56.8
68.7
11.6
26.8
48.8
36.1
12.4
44.4
35.4
62.7
50.8
39.1
40.4
45
27.1
55.1
68.6
36.5
49
13.8
8.7
28.7
52.4
66.6
15.4
18.5
18.5
30.6
9
27.8
74.4
69.7
41.2
73.8
38.8
17
8
49.9
48.7
41.6
20.8
8.9
29.6
42.2
29.5
12.4
23
43.1
43.5
51.5
8.7
75.6
9.8
9.9
20.3
18.1
25.7
26
27.1
28.8
31
9.6
26.9
21.6
12.6
26.2
48.4
10.7
45.7
25.4
25.1
20.4
34
10.9
21.6
25.8
27.4
15.2
15.9
17.4
10.4
42.1
12
20.5
15.1
30.6
28.6
17.6
12
32.8
19.3
9.4
9.6
20.6
10
22.3
16.6
17.1
17.7
51.5
18.1
13.6
78.5
35.1
22.6
56.8
48.9
48.1
28.9
29
22.1
44.7
107.2
23.5
46.7
51.1
20
34.8
13
36.4
9.2
31.8
16.5
62.9
8.6
10.8
37.3
26.3
47.1
21.7
9.2
13.3
38
26.5
14.5
17.9
11.9
47.6
23.9
64.7
130.3
12.1
34.2
8
72.9
19
36.4
8.7
13.4
18.9
53.3
55.5
29.3
8.9
29.2
28.9
18
37.6
22.2
17.1
21.8
30.6
16.1
18
38.2
23.4
39.3
17
20.3
14.1
28.3
18.5
42.4
26.2
33.5
67.6
40.2
22.6
45.4
19.6
21.4
10.8
29.3
17
30.4
13
18.6
14
11.1
26.1
55.4
54.8
8.5
19.3
17.9
16
34.6
32.5
82.6
62.4
16.2
48.7
33
11.9
46.8
25.3
49
43.3
50.4
24.4
96.6
52.7
23.2
74
31.5
22.6
10.6
59.2
24.2
14.7
45.9
71.1
26.3
17.2
69.8
15.4
80.3
20.5
88.2
89.2
32.7
11.6
14.2
35.7
31.8
23.5
46.8
16.6
9.1
37.7
9.5
59.8
26.9
25.2
11.7
78.5
23.7
17.9
34.2
57.5
20.8
8.2
10
8.9
36.8
17.5
12.6
74.3
47.1
9.3
11.2
13.9
40.4
35.9
80.4
21.8
46.7
19
19.2
26.5
23.7
28.1
11.1
10.1
30.8
34.9
21.5
25
12.6
12.7
41.7
86.7
33.6
12
13.1
40.3
27.8
36.1
32.6
32.3
55.6
50.4
41.4
43.8
21.3
23.6
24.7
47.1
14.3
44.5
28.3
36.7
17.5
28.9
8.1
19.1
17
167.9
37.1
37
52.7
9.2
50.5
30.7
31.2
48.1
10.8
20
34
30.4
25.3
14.7
22.3
25.6
18.8
23.5
33.3
34.6
17.9
23.6
119.7
78.5
8.1
11.3
25.1
32.2
69.1
12.9
89.3
20.5
14.4
8.3
18.8
24.6
45
66.7
10.1
19.9
29.4
32.5
11.5
21.8
11.4
12.2
11.4
30.1
25.8
72.1
19.7
46.7
10.6
15.2
55.7
14.8
10.5
12.2
11.5
13.3
24.5
16.4
14.6
20.2
35.3
15.1
54.6
13.5
67.2
48.5
46.7
44.3
11.5
17.1
18.8
63.6
44.5
16.3
18
40.7
55.2
19.7
28.2
30.9
10.8
8
61.4
24.1
20.9
26.5
20
13.1
20.5
20.3
68.5
62
65.9
11.4
29.6
20.3
19.2
15.3
21.3
21.1
65.7
15.4
25.5
28.8
44.4
36.8
33.1
11.6
13.9
89.1
44.2
38.1
13.7
34.9
77.5
19.9
30.1
10.5
11.1
39.8
29.5
31
18.4
11.8
18.6
80.4
28.4
8.8
28.4
26
21.4
72.1
32.3
28.5
34.9
29.1
59.7
11.5
20
61.4
28.9
89.4
29.3
10.3
21.6
24.5
21.6
63.5
10.5
13.1
20.4
15.9
9.1
29.2
12.8
48.8
24.8
29.6
39.9
32.2
13.5
15.6
17.5
8.4
14.6
46.2
11.5
123.4
26.4
33
18.2
66.3
14.4
94.5
8.9
48.4
22.5
38.6
30.6
22.2
19.4
102.7
10.7
28.3
40.5
18.2
42.6
21.2
74.5
73.7
63.5
37.2
42.9
47.4
32.8
19.5
33.2
16.1
14.2
25.2
43
62.9
20
20.6
95
22.9
47.8
38.4
8.9
43.3
48.3
37.2
19.5
25
20.6
9.3
11.1
42
74
19
8.4
17
11.2
40.8
25.4
39.4
38.9
42.9
43.1
74.7
32.1
161.5
8.8
23.6
54.7
34.3
30.3
49.7
36.5
35.9
41.1
13.3
40.6
45.1
13.7
13.2
18.1
31.2
19.8
41.3
20
8.8
31.5
30.9
19.6
89.8
13
29.2
22.1
44.7
33.9
33.8
63
72.5
9
30.5
23.6
8
9.1
63.1
44.5
8.5
8.6
15
49.6
19.2
34.2
33.6
74.3
12.8
141.1
22.1
12.4
11.6
11.7
10.3
60.8
9.1
16.4
18.4
25.8
21.2
47.3
16.1
9.2
23.1
10.1
13.4
16
8.9
27.1
103.3
24.3
38
46.6
9.8
31.6
18.7
19.1
96.5
60.2
34
18.2
17.4
23.4
26.4
19.4
31.4
36.9
38.8
14
40.7
61.2
47.8
29
35.9
38.4
34.2
20.4
15.5
25.6
25.2
12.8
22.3
11.5
35.8
10.4
11.7
41.9
37.4
16.1
23
52.7
26.4
9
20.5
42.4
26.1
22.5
14.4
143.4
61.6
12.3
36.3
47.5
43.7
66.4
14.2
13
30.3
31.4
28.1
18
14.1
17.8
41.7
23.9
59.7
29.2
56.9
24.9
82.8
49.1
11.9
13.1
75.8
15.1
39
64.5
28
81
12.7
45.7
19.5
26.9
47.6
70.9
24.3
72.4
31.8
9.8
10.9
10.9
15.6
53.9
36.3
67.9
25.3
68.5
28
16.5
59.8
18.6
34.5
23.5
60.5
34.7
16.8
13.5
31.4
10.6
12.3
63.4
84.6
21.3
19.1
11.5
16
10
17.6
43.8
26.7
56.2
28.8
49.7
34
82.3
32
39.7
10.6
18.5
64
11.2
11.4
39.4
83.7
8.1
45.2
82.7
21.5
50.9
28.7
27.7
19.5
40.8
150.2
13.2
25.9
62.8
16
13.7
17.3
25.9
15.4
17
26.1
18
14
31.5
81.9
15.7
16.5
33.9
20.4
25.5
64
26.4
34.1
43.5
38.6
19
26.5
35.7
39.8
20.7
8.3
24.7
28.4
10.4
24.7
8.9
11.6
12.4
69.5
11
41.8
42.6
32.7
20.2
11.3
20.8
31.5
35.6
10.1
14.9
30.2
11.4
17.5
30.4
28.9
30.2
11.8
15.5
10.4
11.6
46.2
11.4
50.4
8.3
14
14.8
63.3
61.3
49.3
19.4
58.9
28.3
15.7
21.4
13.2
19.9
26.5
8.3
28.6
13.5
64.5
16.9
11.8
43
20.4
51
36.9
26.1
61.2
50.9
26.1
51
12.4
93.7
29.8
27.3
22.9
19.6
23.4
23.8
8.8
24.6
11.8
19.9
16.4
8.4
29.5
62.3
15
42.2
58.5
42.9
26.1
15.8
23.1
9.3
12.2
16.5
14.5
14.8
87
10.9
36.4
13.7
18.7
52.7
26.3
24.1
41.5
10.5
17.7
27
36.6
34.1
76.7
40.5
41.5
17.3
13.7
80
16.8
32.3
23.8
28.2
35.6
14.7
61
15.4
10.2
9.5
9.3
52.8
17.3
15.2
28.5
26.6
39
12.6
41.5
29
19.7
8.4
23.1
44.1
31.4
24.5
8.7
13.7
25
25.6
85.8
18.4
9.4
9.9
19.4
28.3
17.9
11
39
13
18.3
42.6
35
11.2
36.6
66.5
17.3
19.7
27.9
36.1
51.8
15.2
44.6
27
44.8
27.7
10.2
8.9
11.2
40.8
8.1
12.1
8.7
43.4
19.5
15.8
55.8
37.1
32.7
24.9
20.5
30.9
15.6
78.4
18.7
87
13.7
20
22.8
8.3
56.6
12.9
8.4
21.9
22.3
50.8
53.8
26.8
29.9
40.8
36.9
26.6
25.4
75
61.7
100.3
30.4
57.3
14.7
66
11.1
28.4
12.9
16.3
41.4
49.7
26.1
55.4
30.2
25.5
44.8
24
16.7
60.1
48.1
15.3
36.4
21.2
21.4
9.3
11.4
9.2
66.5
38
13.3
21.1
32.2
22.9
17.5
61.6
94.4
94.5
15.3
40.1
23.9
26.6
24.8
71.5
34
37.1
26.9
13.2
31.9
57.8
30.6
35.2
12.5
18.7
49.6
24.7
64.5
23.1
15.1
24.3
17
27.3
17.9
27.2
72.6
77.3
24
11
30.7
25
19.5
31.4
10.9
17.9
43.6
49.7
18.3
31.1
13
36.7
25.8
18.3
14.4
10.4
9.8
24.9
35.4
20.8
38.2
17.4
10.5
50.2
15.6
50.4
40.7
11.2
21.4
20.4
10.6
13.3
24.6
11.5
58.3
76
8
9.8
25.9
30.5
15.2
24.9
31.8
15.5
68.7
16.4
13
29.9
28.7
13.3
21.5
22.8
75.1
66.6
15.9
19.5
12.9
47.1
8.4
28.3
17.4
11.4
82
11.7
28.2
63.4
22.1
23
108.1
61.6
40.5
60.1
9.3
17.2
21
41
17.8
41
46.3
34.4
11.1
62.4
13.5
14.8
68.7
118.9
16.5
59.6
23.2
13.5
12.3
45.3
12.6
48
21.8
10.5
43.6
14.6
42.7
22.8
55.9
11.6
55.5
41.9
27.3
24.8
62.5
15.8
29
91.1
57.5
17.1
67.9
18.8
26.5
20.3
15.9
23.4
8.3
10.7
27.6
14.5
28.2
45.3
103
52.2
10.5
13
22.8
55.1
58
40.2
82.9
31.3
11.8
72.9
33.4
68.2
53.9
69
15.7
30.6
42.5
19.4
57.8
14.7
32
33.4
47.3
124.5
57.4
20.2
8.4
25.6
12.1
36.3
43.2
32.5
86.1
8.5
25.2
28
33.8
57.5
63.9
31.5
24.4
8
16
16.7
27.9
9.2
28.5
83.6
62.3
19.5
21.1
17.3
39.6
9.9
63
14.2
32.8
68
45.2
19.2
17.6
22.8
16.6
19.1
16.8
9.4
10.5
60.6
9.3
11.6
13.6
10.7
30.5
82
77
47.4
10.8
15.7
13.1
43
34.5
121.9
38.6
8
46.7
23.4
32.7
40.9
19.3
25.9
10.6
21.3
21
59.1
14.6
36.9
16.4
14.5
22.8
28.1
41
13
18.4
60.4
60.4
58.4
47
14.8
79
15.1
67.1
18.4
22.1
89
58.7
41.8
70.3
22.4
12.2
64.3
29.7
42.8
29.2
12.5
22.5
49.1
41.5
39.6
39.5
35.5
35.5
31.2
21
16.4
15.4
31.1
22.4
13.7
10.5
18.2
13.7
32.6
19
21.1
10.1
25.7
31.6
47.6
20.9
26.9
17
31.3
23.9
30.7
63.4
92.2
13.3
10.2
8
24.6
81.7
31.2
11.6
49
44.3
24.9
47
35.6
14.7
12.8
75.5
14.3
15.6
9.1
14
43.5
43.3
32.6
16.8
51.9
40.3
89.2
13.7
12.5
45.3
71.3
21.9
11.8
12.1
21
51.8
16.9
12.7
34.4
57.6
20.7
47.1
8.8
16.9
11.3
11.9
50.4
63.6
45
27
8.3
13.3
30.8
89.6
89.6
8.3
9.6
25.5
12
51
41.5
81.6
44.7
19.9
29.5
33.3
14.7
58.9
10.7
57.9
25.3
30.8
63.8
66.9
34.7
12.4
11.5
39.6
67
32.2
16.1
37.7
8.7
9.8
8.3
62.7
32.7
39.2
14.7
14
14.3
11.2
10.4
11.9
55.4
10.8
12
23.3
10.4
53.6
96.5
22.6
94.2
21
27.8
41.5
45.6
31.2
16.9
10.9
35.1
25.6
24.7
16
14.5
20.3
41.9
12
11.6
22.6
63.1
8.1
44.4
32.7
8.6
11
52
21.2
15.2
18
88
16.1
11.3
19.4
8.6
15.2
27.2
19.7
34.6
9.4
46.6
21.9
55.3
19.9
9
31.2
17.6
12.7
23.4
24.6
15.1
31.4
37.2
19.9
16.3
10.5
14.6
9.2
22.2
20.3
10.8
9.5
23.6
25
8.3
63.3
11.3
13.6
28.9
9.8
24.7
13.4
12.3
9.3
23.2
30
23.7
137.8
57.6
26.7
52.3
39.2
21.7
46.1
64.4
50.3
40.6
56.2
55.8
63
47.5
41
56.2
15.7
11.1
10.4
18.5
74.6
15.4
23.2
56.6
19.2
49.3
13.8
25.6
15.4
32.2
40.5
26.9
8.5
19.3
65.8
11.1
31.2
13.5
68.2
40.3
10.2
57.3
10.5
23.1
32.5
46.7
13.3
17.8
10.3
9.9
79.2
9.7
11.7
28.5
25.6
13.2
23
19
19.2
31.4
17.3
42.3
15.4
29.6
83.2
53.8
26.4
37
58.7
23.4
15.1
29.9
17.6
21.5
16.4
18.1
29.9
22.7
24.1
56.9
31.5
27.8
12.4
35.4
59.6
61.6
82.9
33.2
35
26
29.9
10.1
36.1
21.7
61
25.8
26.5
42.1
16.5
23.3
14.7
79.2
101.6
9.8
11.9
27.8
67.3
8.7
39.3
13.3
26.6
22.2
22
27.1
21.6
22.4
13.5
34.7
37.3
48.6
22.4
16.2
38
8.9
8.4
8.6
42.5
12.2
20
32.8
45
16.7
30.1
20.9
14.6
11.9
10.8
50.3
8.9
24.7
101.2
27.2
97.2
34.9
17.3
19.9
13.6
48.8
11.7
16.5
10.7
22.9
22
29.8
39.7
17.5
10.1
22.5
16.2
51.2
18.1
17.3
40.9
17.6
24.7
50.9
17.3
34.7
82.5
15.9
24.6
13.3
16.2
29.7
13.7
53.5
25.8
11.8
25.2
12.2
25.8
47
10.1
18.2
67.7
18.5
28.2
75.8
39.6
61.3
15.3
31.1
12.7
28.5
25
17
40.9
23.7
8.1
39.4
16.7
15.4
14.2
46.8
9.9
40.8
9.7
81.8
13.1
34.3
27.7
39.7
11.1
26.4
23.2
14.1
16.4
10.7
16.3
30.7
57.8
15
20.5
14.4
12.2
73.5
26.3
14.1
24.3
10.5
55.1
72.5
14.3
37.1
64.6
19.2
26.1
34.1
9.7
38.5
16
13.8
12.8
10.9
20
20.7
91.5
33.7
15.5
44.2
62.3
16
9.4
57.7
10.2
25.1
75.3
48.9
53.6
31.5
13.1
21.8
25
8.4
66.1
63.3
20.3
13.2
30.5
21.1
20.9
22.9
25.8
37.2
12.4
35.6
30.3
24
53.9
9.1
10.4
23.5
13.5
10.7
59.8
12.7
17.4
19.7
8.3
62.4
10.8
25.7
37
10.8
21
34.9
9.8
41
22.7
55.9
44
42.2
11.1
33.6
21.6
21
14.8
17.9
31.7
39.4
8.4
23.4
19.8
72.9
84.4
9.5
29.8
18.6
24.6
15.4
39.1
11.2
27.7
12.4
12.1
27.4
47
16.2
9.8
37
70.5
33.2
9.5
81
27.3
13.6
38.9
31.7
31.6
21.5
16.1
49.1
33
33.4
10.5
9.8
17.1
78.6
26.9
26.8
65.1
22.5
22.4
22.5
35
76.7
10.4
13.8
30.1
46.4
12
49.4
25.6
21.4
30.9
43.7
82.1
70.1
14.7
20
18.7
21.2
29.5
9.6
20.7
36.6
11.2
9
15.2
18
12.6
12.2
11.3
16.6
39
18.9
24.2
26.7
26.5
37.5
10.1
55.5
97.5
13.3
12.5
67
21.8
22.1
25.1
46.7
27.9
29.3
41.6
30.4
10.6
25.5
21.3
48
33
12.2
9.1
70.1
44.7
20.1
20.6
100.8
21.6
23.7
95.4
9.7
8.6
26.4
28.5
11.6
16.7
17.1
11.8
19.1
10.3
15.2
37.8
56.7
8.4
40.3
41.3
58.7
11.3
34
45.9
26.4
46.9
31.5
27.9
10.4
48.3
79.9
23.6
15.8
12.5
14.2
13.6
10.8
10.8
10.7
23.6
35.1
21.1
19.8
23.5
27.5
9.2
67.9
26.2
75
72.1
16.9
60.9
20.5
8.3
31.3
27.4
32.7
60.8
9.9
35.3
35.2
16.6
48.1
96.7
35.3
45.6
28.5
30.6
37.2
16.2
26.7
27.3
93.4
33.2
78.9
23.8
33.9
16.7
15.6
8.6
14.1
45.6
14.4
13.2
50.5
54.1
31.2
16.2
8.6
113.4
29.1
40.7
80.2
16.1
28.4
11.4
23.1
42
15.6
55.2
9.3
41.3
38
16.9
40
49.3
32.3
29.4
60.8
21.7
33.4
11.6
53
25.2
18.9
11.6
21.4
45.5
20.3
16.1
11.2
11.9
8.4
52
8.2
9.1
14.9
24.1
38.4
43.9
47.7
20.3
50
36.1
25.6
8.2
49.8
29.2
22.5
73.5
8.4
27.6
47
19.1
38.4
12.4
19.6
21.4
9.2
23.4
17.5
8.4
72.3
72.9
19.3
24.7
108.7
53
73.5
26.6
8.4
24.3
28.1
18.6
15.9
41.4
92.1
65.9
11
21.2
28.1
39.3
9.9
16.7
16.4
15.4
25.7
21.8
19.6
44.9
36.8
40.9
33
65.5
8
13.3
18
8.9
58.5
52.7
46.7
26.6
12.7
82
20.4
40.4
48.7
28.2
13.8
64.6
20.8
17.2
71.7
18.1
21.2
21.1
14.9
18.7
8.1
32.6
12.3
13
9.3
26.1
19.6
11.1
31.5
18.6
14.1
23.1
9
35
8.3
34.1
25.9
62.2
34.1
26.2
17.2
30.7
18
31
22.2
24.9
64.6
29.6
21.4
61.7
21.8
10.9
32
39
9.2
61.2
19.9
24.9
21.1
15.7
20.8
23.7
23.2
33.4
14.5
26
24.7
31.5
33.8
31.6
25.5
12.7
16.5
12.6
14.8
14.1
43.9
28.2
39.4
12.4
26.7
27.6
15.7
15
9.7
42.2
38.2
10.2
11.6
66.1
25.2
51.9
15.5
25.8
49.2
22.9
21.9
11.8
13.9
40.3
24.8
17.5
19.3
53.5
29.2
76.1
14.2
14.7
79.8
18.6
9.8
50.4
21.8
20
16.5
19.9
13
62.8
16.2
16.2
17.5
67.1
79.4
42.9
21.6
22
65.9
25.3
50.3
13.7
27.6
44.9
27.7
16.3
13
23.5
16.9
104.1
35.2
13.8
74.3
28.7
82.7
37.9
21.4
44.3
13.3
11.5
58.8
32.7
15.3
26.2
10.2
27.1
39.4
10.3
10.9
35.2
32.7
15.4
40.9
19.5
41.2
46.8
10.6
17.8
17.2
9.2
9.6
15
39
49.7
16.8
46.5
15.1
31.8
48.5
12.4
18.9
17.6
10.8
34.3
11.7
39.1
8.5
20.6
101.7
40
43.2
16.4
10.8
69
14.9
48.8
50.6
33.9
29.6
23.1
40
46.6
27.6
62.2
22.8
54.9
21.6
31.7
40.7
12.2
63.2
37.4
85.5
22.2
60.9
12.2
28.1
37
36.3
25.8
11.8
24.2
116.8
15.9
15.7
34.6
10.7
39.5
29.3
50.3
11.6
92.6
18
8.6
18.5
39.5
8
9.4
50.3
30.2
21.9
26.5
29.2
16.3
43.2
26.9
19
9.1
17.5
16.7
99.7
12.3
66.9
29.7
10.1
15.8
21.9
9.7
14.9
9.1
11.5
18.8
35
59.1
21.2
26.9
24.6
29.1
14.3
69.2
11.5
11.4
11.5
44.9
41.7
46.1
23
15
31.1
60.8
30.3
10.1
52.7
54.6
48.4
17.3
10.8
10.4
15.1
22.5
21.6
20.4
36.5
23
21.3
8.6
21.5
54.9
22.8
18.4
23.7
39.9
37.3
12.3
9.9
22.3
20.9
44.2
8.6
28.3
49.4
75.5
17.8
29.9
54
8.4
15.4
31
38.4
18.9
26
50.2
49.3
25.5
19.2
22.5
29.8
68.2
35.1
47.3
37.7
40.1
10.3
38.3
11.1
29.9
20.9
21.1
25.6
29.8
12.4
43
15.7
33.1
21.9
17.7
49.7
11.2
44.1
9.2
17.9
19.3
22.8
13.6
22.5
54
9.8
13.6
24.6
9
25.5
45
45.3
46.3
45.7
11.2
28.3
23
38
22
52.8
21
27.7
22.4
33.7
52
26.6
8.8
16.8
17.9
75.3
17.2
37.1
15.7
19.9
30.8
88.9
69.9
37.6
14
19.7
16.1
84.8
8.9
97.5
13.3
17.2
19
12.5
16.4
25.9
24.6
16.5
16.4
29
10
33.9
14.4
22.4
17.9
10.8
46.3
33.4
26.7
39
66.4
58.1
24.9
19.5
88.2
10.7
22.2
28.5
18
32.7
18.7
13.8
8.4
15
9.3
24.9
10
11.7
26.3
31.1
64.9
28.1
16.4
35.2
13
24.1
31.8
20.4
15.9
19.4
27.9
9
14.5
24.3
16
18.9
23.6
56.4
64.2
26.8
51
21.7
25.2
13
13.5
12.5
13.1
26
8.7
17.5
37.7
24.9
32.7
30.6
16.7
62.3
9.4
33.4
24.1
30.8
11.8
31.8
20.7
45.4
10.4
11.2
76.9
8.4
68.7
10.7
17.9
73.7
28
47
34.2
24
10.7
16.5
28.4
30.6
8
11.1
39.3
20.8
9.8
11.1
8
10.4
64.1
70.9
11.7
30.1
28.4
25
24.1
17.1
8.9
16.8
29.6
34.1
46.1
54.4
8.1
20
69
8.1
40.4
44.3
17.8
24.3
18.4
78.6
18.4
96.3
31.2
8.4
8.4
58.5
21.2
17.9
55.8
20.3
10.8
20.9
16.9
11.7
70.8
12.6
12.2
31.9
48.1
18.3
14
37.8
145.3
31
96.6
75
33.5
34.4
95.8
23.2
45.1
71.8
13.3
11
24.8
9
13.9
8.2
39.5
34.3
16.3
11.3
10.7
13.4
34.2
20.3
30.3
9
15.9
55.3
63.2
16
26.9
19.1
60
9.9
18.8
48.5
37.8
53.4
57.2
41.9
24.4
17.5
96.5
9.8
8.2
19.8
35.5
22.4
16.8
33.4
30.4
21.9
14.5
19.6
10.2
47
39.9
38.2
23.6
17.6
45.7
28
36.5
13.3
9
18.8
15.4
17.9
65
57.6
32.6
10.4
13.4
26
45.5
36.7
42.1
60.3
11.7
20
10.9
23.3
10.4
43
8.2
59.4
28.8
15.3
14.2
8.8
174.9
25.2
47.5
8.5
25.3
10.7
11.6
56
29.9
13.2
79.1
25
68.8
23.7
35.9
33.3
18.8
21.8
32.1
55.7
8.9
37.6
33.5
9.1
46.4
27
9.9
14.7
39.4
25.6
33.4
9.2
31
12.1
23
8.8
74.6
37.1
100.5
12.2
8.1
26.9
71.3
18.9
26.4
13.1
77.7
30.9
13.3
20.1
34.6
8.1
8.4
29.9
39.5
44.4
61.9
30.5
12.3
17.9
53.4
9.5
38
11
43.2
13
30.8
21
21.1
13.3
10.9
23.6
11.9
10.9
50
62.1
35.1
22.1
32.4
75.2
11.8
59.7
13.7
10
37.5
49.4
30.6
9.3
12.2
25.5
14.1
12.9
18.8
10.3
23.7
26.4
17
21.1
27.7
47.6
21.7
47.4
41.2
12
26.2
24.7
44.4
18.8
9.8
52.9
20
28.7
18.7
18.3
23.2
37.3
17.3
12.7
21.1
49.4
33.3
8.7
39.5
22.9
8.5
8.8
32.2
16.9
26.2
9.3
38.3
27.2
15.1
18.6
33.5
15.8
32.2
28.7
55.9
47.5
15.2
9.4
10
36.6
40.5
41.5
8.5
13.5
8.5
23.1
19.4
17.4
19.9
22.5
14.6
35.8
11.3
56.6
66.3
30.7
8
9.9
19.5
64.3
28.2
44.5
51.6
35.5
48.3
41.9
40.4
47.4
17.1
19.4
14.8
29.9
9.2
74.8
22.5
23.2
9.9
16.8
46.9
36.6
8.3
20.1
13.5
31.5
41.7
15.2
60.6
108.6
20.5
9.2
21.3
38.2
16.6
13.8
10
28.3
68.7
21.9
12.4
12.3
21.1
14.9
80
46.1
15.8
36.5
11.2
40.5
9.8
13.4
15.3
11.3
48.1
16.7
66.7
16.7
12.3
24.4
40.5
14.3
52.9
14.9
38.1
14.1
31.3
51.1
12.7
8.9
24.2
78.6
12.1
20
30
51.3
21.9
9.7
14.9
19.3
19.1
84.6
10
21
28.2
17.8
9
21.6
25.3
24.9
21.3
28.5
26.4
25.8
11.7
31
64.4
19.4
17.5
30.6
10.6
222
17
29.7
13.6
20.5
20.4
12.6
17.5
35
17.2
17.2
8.1
40.4
14
63.5
79.5
9.6
23.7
13.9
33.1
14.3
10.9
21
42.5
26.8
8.7
42.5
75.9
13.7
31
45.3
117.7
30.3
19.6
68.7
33.9
74.8
54.6
22.7
19.1
43.8
45.4
24.3
24.4
9.5
17.6
30
33.4
12.5
20.1
11.8
14.8
48
10.7
85.3
12.4
17.2
35.5
24.6
15.5
14.6
11.1
12.4
8.3
59
29.6
8.4
15.3
35
44.7
52.2
9.2
14.4
12.5
18.5
41.1
31.2
14.9
10.6
106.4
84.2
17.3
8.9
10.5
8.3
26.9
62.2
33.4
32.7
40.5
41.2
18.1
12.3
19.3
29.5
38.2
34.2
22.9
20
38.1
31.3
28.2
100.8
54.4
19.4
8.7
44.7
29.4
57.6
26.1
37.8
18.1
24
17.4
22.6
13.7
15.7
49.4
26
10.7
54.5
8.3
98.9
23.2
55.5
36.2
22.2
75.5
14
37
44.4
10.6
23.1
16.2
34.4
33.9
12.9
21.1
60.5
27.4
28.4
71.7
21.4
36.6
55.9
24.3
20
45.5
8.1
15
13.6
50.3
16.4
21.3
25.8
13.9
15.6
17.9
18.3
45.5
33.6
8.7
38.8
43.5
13.7
12.8
37.1
24
42.5
28.5
94.6
31.8
22.9
55.9
26.9
11.3
12.2
47.8
42.2
11.7
8.2
11.9
21
60.2
24.3
27.9
34.2
36.7
24.6
11.1
13.6
36.2
12.3
12.3
8.3
122.2
49.4
8.3
34.1
19.7
37.5
11.6
47.7
41
20.7
15.9
36.3
19.3
15.9
10.2
25.3
10.2
109
13.2
26.9
40
49.1
15.4
24.4
67.2
13.4
21.3
17.7
22.1
109.7
10
9.2
29.1
17
75.4
32.9
35
13.7
17.6
21.2
26.9
38.9
48.9
11.8
21.9
19.7
24
26.1
53.5
15
37
11.7
12.7
18
10.6
40.2
11.6
30.6
53.6
10.5
18.9
15.1
8
9.3
39.5
12.2
62.3
12.1
41.3
35.1
35.6
30.8
56
33.5
17.9
27
19.5
42.9
41.7
9.1
50.5
10.3
26.8
44.7
46.9
17
27.7
85.8
80.5
31.8
11.2
21.2
39
11.9
29.6
31.1
30.5
103.1
20.2
12.9
31.9
17
13.5
19.3
57.2
32.1
16.8
27.5
111.1
12.7
24.1
10.6
20.4
8.8
20.5
81.3
25.4
8.6
11.2
35.4
17.4
37
45.4
60
8
72.6
63.5
35.4
70.3
36.1
23.8
27.2
36.6
25.2
32.8
61.3
15.8
68.1
76
24.4
42
8.7
50.9
14.7
9.1
19.7
20.1
36.1
11.4
17.2
43.3
74.3
9.4
20.4
11.2
11.7
17.3
27.1
57.3
38.2
17.7
14.2
29
18.6
47.8
23
8.4
17.9
17.2
35.5
8
23.4
37.1
18.6
68.4
34.9
10.6
30.7
12.9
26.3
26.3
22.5
48.3
22.1
15.4
39
32.3
10
43
14.4
68.5
14.8
44.3
64.8
11.3
15.6
66.7
26.3
21.1
9
17.2
8.2
32.4
11.6
41.8
36.7
22.1
13.9
9.2
15.8
70.2
48
21.6
9.9
25.1
10
43.1
14.3
13.1
11.8
46.7
28.9
24.9
65.7
17.5
53.2
23.4
12.2
19.1
59.3
17.9
52.9
32.1
16
26
17.6
19.1
48.9
36.8
18.7
17.4
16.6
13
48.6
24.3
29.9
18.8
35.2
23.1
12.1
19.2
23.1
13.8
23.3
25
17.7
25.8
24.1
11.8
55.4
8.7
17.2
68.7
68.3
33.9
13.5
22.3
10
8.2
9.9
26.5
25.5
28.8
8.2
43
21.6
19.7
25.2
12.2
29
38.7
14.2
17.1
12.6
13.7
14.2
11
19.2
22.5
23.1
24.4
18
16.1
21.4
29.8
41.6
88.8
51.1
82.3
32.4
27.2
18.2
39.3
19.6
81.5
37.1
51.6
45.4
11.2
37.3
33.9
37.5
11.5
17.7
39.9
9.8
19.1
25.4
31.6
45.3
54.1
77.8
26.5
45.5
9.1
15
10
29.5
49.6
121.6
49.7
105.3
33.6
24.3
25.2
9.4
10.3
31
24.8
16.4
20.2
36.6
23.7
18
41.7
25.6
37.9
34.9
42.4
41.5
36.4
24.5
56.9
94.4
18.4
84.4
9.9
39.6
67.4
25.7
96.5
18.4
20.7
27.7
8.6
26
14.6
17.5
15.9
12.3
40.3
16.6
111.5
31.2
14.5
44.9
9.8
8.5
50.3
12.2
37.8
81.1
23.9
61.5
20.7
25.6
35
16.4
9.2
15.7
24.2
24.3
32.2
10.6
12
22.2
30.8
11
21.6
25.1
53.9
11.4
17.4
46.4
44.2
11.8
11.2
23.5
15.8
10.9
11
9.4
17.6
36.4
41.9
41.1
14.8
83.1
27.8
30.4
8.6
44.6
19.2
29.3
38.3
15.6
157.1
28.3
19.1
70.2
14.7
13.4
22.1
22.7
23.3
32.6
18.3
37.4
56.8
20.8
17.2
22.3
8
27.1
42.3
15.2
13.1
121.7
17.7
9.9
8.5
28.9
75.4
50.2
38
10.1
38.2
42.1
47.2
22
34.4
28.5
39.1
54.9
36.5
8
126.1
10.7
14.3
19.2
14.8
24.4
15.7
15.3
31.1
12
24
16.2
8.8
45.7
68.6
30.9
13.8
21.2
63.9
39.7
64.3
53.8
31.6
64.6
9
9.7
13.6
15.6
27.3
15.4
94.4
11.5
28.3
51.3
47.1
10.3
33.5
27.2
92.2
23.8
25.9
20.8
71.6
13.1
29.7
41.1
17.4
24.8
27.1
41.6
10.2
80.8
17.8
8
26.1
23.8
30.3
51.7
22.7
8.8
12.2
16.7
13.3
10.2
13
12.7
29.2
13.7
10
25.2
29.6
13
55.8
11.3
16.6
24.8
9.6
23.2
36.2
28.7
71.6
8
39.3
11.2
49.9
50.8
57.4
9.9
18.2
26
18.7
20.9
44
10.4
10.8
14.5
30.6
29.8
32.9
19.3
99.7
8.4
11.1
17.5
93.9
43.2
38.1
19.6
24
13.8
8.4
19.9
16.1
35.5
17.1
23
97.1
21.6
42.7
34.6
37.4
19.6
8.4
21.4
22.3
28.8
17.1
29.8
21.1
21.3
38.4
80.9
29.6
13.3
22.8
127.5
22.3
15.1
11
23.8
9.9
14.9
8.9
24.2
10.1
41.3
64
36.1
66.2
18.4
33
11.4
15
22.3
8.7
9
24.4
51.8
31.4
27.8
31.5
114.6
49.6
27
16.1
16.2
30.3
59.3
46.3
9.8
12.8
9.3
48.3
23.2
15.9
68
30.5
43.2
30.4
36.4
26.8
37.1
18.7
32.3
22.6
10.7
39.2
23.2
16.8
23.4
11.5
8.2
26.8
9.7
36.9
27
25.2
36.4
16.9
50.9
28.5
35.4
33.4
22.3
37.5
29.4
32.6
34.9
72.7
10.5
10
31.8
110.1
17.5
50
28.1
11.4
26.1
68.5
59.8
12.3
53.5
68.7
23.2
90.3
14.3
50.3
10
24.5
52.5
50.9
41.3
19.5
13.1
28.2
14.4
35.7
31.7
8.5
50
39
36.1
47.9
19.7
13.7
13.6
8.1
56.4
37.8
37.6
16
142
58.3
29.3
38
36.9
21.5
23.6
10
21.9
9.6
34.6
9.3
10.4
8.4
22.9
31.1
36.8
41.1
10.3
15.1
43.2
57.4
16.5
8.2
56.1
51.4
47.5
30.1
83.3
44.8
33
36.9
85.3
24.9
57
26.9
20.1
113.1
64.8
9.2
10.3
38.1
49.5
17.7
71.7
22
17.2
17.7
36.4
24.3
19.5
11.7
14.8
11.8
61.8
18.1
8.8
15.2
39.5
47
14.7
17.5
10.9
13.4
15.2
18.5
16.9
27.2
9.1
38.6
11.8
24
14.5
8.5
71.4
14.6
117.4
26
19.2
35.8
15
38.8
40.9
30.2
37.5
37.3
10.8
41
41
8.8
66.8
26.6
11.4
11.4
8.6
10.3
36.1
42.2
13.3
39
19.9
17.7
28.9
21.1
23.1
15.4
30.1
14.3
20
28.2
11.2
8.1
10.1
51.1
10.3
21.8
20
43.9
26.6
23.8
12.3
9.6
53.8
17.4
34.5
55.8
11.9
10.4
10
43
22.1
27.7
15.4
51.4
17.8
10.6
22.6
38.2
11.8
20
18.1
39.5
28.4
19.1
19.7
17.8
99.1
16.5
46.9
23.4
12.2
16.1
8.6
9.4
15.9
10.6
13.3
66.7
38
46.4
97.1
46
11.3
72.7
39.3
63.9
55.5
8.7
80.5
29
10.6
15.8
29.3
93.4
71.5
17.2
27.1
19.6
13.6
30.2
11.7
13.9
10.7
45.8
19.8
8.9
30
28
18.8
18.9
14.3
27.2
71.2
36.1
16.3
10.5
22.9
19.8
13.1
24
33.3
64.1
86
14.9
18.9
9.4
32.2
30.7
22
38.6
16.7
20.7
16.1
35.8
21.3
9.1
47.3
88.4
85
22.7
53.8
25.6
28
39.6
26.2
8.2
22.5
39.6
12.6
22.3
66.5
45.6
9.6
8
18.2
13.1
52.7
39.9
14.6
77.2
52.8
46.5
104.1
50.3
63.5
14.4
40.7
26
14.6
19.7
20.1
16.5
9.2
9
42
59.9
22.1
13.8
29.2
21.7
19.2
32.2
30.6
79.4
35.4
9.4
56.6
25.7
21.8
21.3
26.8
28.7
41.2
57.8
30.2
21.1
46.6
19.9
15.7
27.4
51.3
18
12.7
9.9
11
12.3
9.7
9.9
9.6
19.2
34.2
17.4
44.3
34.1
42.4
33.1
20.5
30
37.6
21
8.7
33.4
47.2
18.3
10.2
20.3
65.6
52
9
13.1
80.1
15.1
41.4
15.7
14.9
8.3
16.5
8.3
12.4
128.5
17.7
63.2
89.6
29.1
12.7
30.4
17.9
43.3
16
37.2
96
17.7
9.6
51.6
24.7
38.1
36.4
73.8
15.2
39.3
41.4
29
18.4
11.8
63.6
33.4
8.1
19.7
9.3
114
41.4
23.4
18.5
11.3
55
38.9
36.7
49.3
41.7
11.6
8.4
17.1
44.8
67
17.6
68.1
9.7
42.6
38.8
11.3
34.7
18.8
16.6
13.1
8.9
33.6
29.9
27.3
22.4
58.2
15.2
37.2
19.3
17.5
30.1
52.7
38.5
10.1
66.2
11.1
22.1
20.5
55.4
37.8
13.6
16.5
39.7
21.6
11.3
8.1
12
75.4
43.9
15.2
42
11
44.5
14.1
13.6
8.3
16.6
14.2
35.4
36.3
25.7
35.4
36.5
24.2
23.6
17.5
20.4
40.7
8.4
26.9
9.1
16.6
10.1
24.3
59.3
9.4
8.3
55.9
20.3
8.8
9.4
63.9
22.7
55.4
15.9
20.1
36.7
37.9
28.4
23.7
10.5
86
17.4
20.6
20.3
19.6
10.2
47
13.2
13.6
24.7
77.4
18.9
8.5
28
50.9
10.1
26.7
8.5
9.6
34.2
40.3
60.3
34.7
34.6
38.1
19.7
10
12.8
30.5
37.3
51.7
15.2
27.6
15.1
8.1
45.7
8.8
21.4
10.9
26.9
18.4
13.9
66.6
17.4
8.6
8.3
8.5
21.5
21.5
26.8
14.5
11.9
28.8
10.3
48.5
27.8
21.8
13.4
45.1
21.6
13.7
16.1
26
30.4
23.2
13.2
18.8
13.1
58.8
16.1
37.3
12.3
24.5
58
16.9
38.7
11.6
16.9
17.8
10.8
43.4
14.7
20.6
13.1
52
19.2
9.7
24.6
8.9
20.6
81.9
30.5
27.9
71.9
25.3
45.4
21.2
17.9
17.5
19.6
18.2
36.9
26.9
12.8
44.9
86.8
13.3
23.4
26.8
14.9
29.7
15.5
37.1
8.2
30
21.8
41.9
19.8
36.4
15.6
14.1
9.3
40.2
16.5
13.1
8.1
28.9
8.5
24.8
19
37.2
26.7
13.8
18
13.7
56.8
9
33.2
59.8
30.1
27.5
10.6
43.5
15
14.3
20.8
13.5
10.4
33.4
64.6
16.1
20.3
24.6
11
11.9
33.5
9.4
12.9
14.5
27.8
31.9
16.8
9.8
11.1
43.6
16.9
59.3
25
29.9
13.5
23.7
34.3
22.8
28.2
54.6
44
34
35.5
25.3
11.6
14.3
47.7
34.8
31.9
25.2
21.1
104.2
13.3
28.4
8
20.7
28.2
18.1
98.8
56.7
22.6
102.6
18.8
16.1
20.6
12.4
9
13.2
22.2
9.3
18
40.5
21.2
12.9
15.3
16.7
33.2
10.9
13
32.1
27.1
54.3
66.2
25.5
14.6
59
12.7
43.7
8.2
27.8
25.8
8.9
17.4
125.7
26.4
33
32.7
35.1
23.6
36.4
16.1
53.1
14.8
11.3
19.5
25.8
25.3
37.8
14.8
36.9
39.2
9.7
70.3
45.4
37.8
45.8
11.1
50.8
10.7
9.6
27.4
21.5
14.9
8.8
38.2
46.4
20.2
59.6
14
25.2
24.7
20.2
83.5
41.7
16.8
9.1
10.5
56.1
29
78.2
9.6
12.4
36.3
21.3
95.6
55.9
52.5
98.6
52.1
25.4
8.9
29.9
34.4
26.9
12.4
25.2
11.6
17.2
26.7
12.5
30.3
10.5
13.8
12.6
13.2
16.5
19.2
11
11.6
18.8
28
44.7
10.2
21.2
28.4
33.9
45.4
35.7
13.4
42.7
12.2
26.8
33.4
68.7
8.9
28.5
19.8
11.3
26.3
26.4
17.5
41.9
9
24.1
39.9
9.9
9.7
28.7
16
21.2
8.3
42
8.3
20.8
13.8
13.4
25.2
35.4
44.3
12.6
90.2
8.8
40
55.4
11.3
26.7
29.3
68.6
49.4
43.9
34.5
10
35.1
10.4
38.7
9.3
109.7
10.3
51
9.6
18.2
66.4
37.6
21.2
54.3
36.8
25.1
65.6
15.9
36.1
12.2
40.5
108.8
39
26
14.7
116.5
10.9
32.3
21.4
16.4
44.3
26.7
34.1
78
9.8
15.4
50.3
28.8
11.5
54.2
43
35.1
25.4
19.9
102.2
50.7
23.9
38.3
16.7
59.7
9.7
13.1
11.1
70.4
40.6
63.7
29.8
90.9
9.1
29.1
13.2
20.3
46.3
37.8
38.8
27.9
40.1
10.7
15.3
8.4
41.1
28.9
14
21.4
44.8
33
48.3
11.5
15.9
24.9
11.4
19.9
8
10.6
11.9
66.4
14.1
10
22.1
19.7
44.4
24.6
49.1
12.4
42.6
21.2
51.8
114.2
25.3
25
72.5
28.5
20
17.1
184.7
20.5
10.5
13
9.6
22.1
44.1
38.1
19.2
9.3
21
9
15.1
14
9.8
9
9
18.8
21.8
27.4
14.2
30.7
24.5
16.1
19.7
13.3
27.6
23
74.2
18.9
32.1
12.7
22.6
54.5
36.3
12.2
31.2
22.6
11.9
35.3
47.7
41.2
18.6
15.7
38.5
32.9
50.2
18.7
22.3
45.8
31.9
37.1
36.9
32
33.8
11.4
13.3
22.7
54.8
12.4
17.2
28
22.4
19.9
11.6
24
9
16.2
24.9
14.2
9.8
38.7
33
36.7
30.3
11.2
50.1
46.7
34.5
70.2
29.8
16.7
11.5
8.8
10.4
13.7
17.3
13.4
26.7
46
71.3
14.4
8.6
8.5
38.6
9
22.1
10
33.4
21.6
17.1
16.2
15
39.4
37.4
13.2
76.9
27
24.7
13.3
134.1
18.3
70
57.9
55.8
12.3
16.8
11.7
21
10
19.9
10
10
26.9
47.6
41.3
15.5
10.2
9.3
38.6
14.6
36.2
37.3
12.1
15.6
39.3
10.7
15.9
11.5
32.1
12.1
10.4
15.8
21.1
22.8
15.8
9.7
27.8
17.8
11.2
17.2
18.8
9.5
19.7
19.3
21.8
29.9
33.6
22.9
12.3
16.9
29.7
15.4
10.3
47.1
13.2
14.3
30.9
16.5
25.1
16.9
26.3
47
63.6
42.3
44.8
15
20.7
35.3
90.5
30.3
12
11.6
74
9.1
25.6
43.3
11
14.3
32.6
19
10.3
36.5
11.3
17.3
37.3
47.3
33.8
10.7
12.7
96
34.1
15
55.7
93.2
55
8.5
28.9
27.2
34.5
9.1
18.1
66.9
43.4
12.8
60.7
33.9
13.8
27.6
80.7
24.8
28.1
25.7
8.4
21.4
43.3
11.4
17.5
39.3
21.6
18.4
29.6
39.8
12.3
19.1
34.5
32.3
16.8
13.7
9.4
26.3
42
32.7
28
27.5
18.8
10.1
17.9
8.1
55.9
41.8
12.6
8.7
31.2
13.8
45.7
12.3
25.4
10
62.2
31.7
14.2
9.2
23.1
38.2
42.6
8
33.3
11.4
17.9
8.9
29.3
40.7
8.2
97.8
88
8.9
42.4
19.9
9.6
16.6
23.2
25
17.7
11.2
33
45.6
42.4
21.2
25.5
9.6
52.4
39.1
63.8
8.7
145.9
54.9
63
70.8
12.5
10.4
9.3
13.4
12.6
15.5
50.8
14.9
8.2
17.1
13.2
15.7
17.6
25.1
8.8
10.1
19
20.6
73
51.1
70.6
47
12.8
51.6
41.3
19.5
42
11.3
28.9
22
28
11.3
8.7
20.1
24.1
8.5
9.9
11.7
11.8
10
33.6
38.7
28.6
37
17.1
16.4
24.7
39.9
22.2
16.2
44.2
35.5
86.1
13.4
27.9
11.1
84.1
21.9
25.6
67.9
18.6
13.9
19.9
21
30.2
32.1
55.9
11.7
63.6
66
66.7
12.6
12
20.9
34.5
89.9
19
28.7
9.4
21.9
50.9
21.4
105.2
9.9
44.5
13.4
24.1
45.8
28
11.1
9.6
74.6
10.9
36.9
9.8
38.3
9.9
11.2
8.6
10.8
35.6
42.5
19.8
14.6
36.5
10.6
27.9
38.2
24.6
10.2
9.3
11.7
39.7
19.7
57.8
20.5
27.1
11
21.9
14.5
12.9
24.2
19.1
48.7
10.3
8.8
22.5
9.8
14.9
64.8
73.7
40.5
132.9
36.1
29.9
34
11.1
9.7
35.8
10.6
29.8
45
33.2
27.6
16.1
17.7
38.3
10.1
63.2
14.7
20.3
8.8
24.2
11
20.9
20
70.9
43.7
37.5
13.7
13.1
13.9
107.7
19.5
28.3
66.2
18
31.8
35.1
64.7
16.7
12.2
16.3
47.9
35.3
33
31.6
44.2
14.6
13.7
24.7
25.9
16.2
87.1
127
57.5
35.4
26.5
11.6
37.8
20.7
39.9
43.9
19.2
8.5
38.9
25.6
24
8.7
27.3
21.7
62.6
20.3
101.4
25.8
85.5
35.3
28.5
54.6
54.2
13.8
11.5
18.5
14
83.2
15
12.5
16.5
11.7
9.4
21.7
12
20.2
12.6
49.9
16.5
25.1
24.3
8.3
16.9
55.4
13
58
10.2
89.9
18.8
20.1
21
11.5
59.1
13.5
36.1
12.5
51
8.1
68.5
16.5
9.4
15.4
33.9
89.5
13.7
71.1
18
64.4
18.5
24
10.7
13.1
10.4
11
39.3
19.1
47.6
13.2
8.8
102.2
16.4
22.1
72.6
11.4
10.9
15.3
15.7
9.1
10.2
10.8
13.5
17.5
23.1
47.6
12.3
10.4
8.5
12.2
33.6
23
19
33.6
25.1
18.7
64.7
15
34.6
26.7
16.9
24
19.4
20.9
38.2
29.7
10.3
12.1
13.8
23.3
8.6
64.7
70.8
10.3
54.4
14.7
21.2
8.3
14.2
17.4
24.4
56.7
33.6
34.2
22
11.7
15
46.4
32.4
13.4
13.7
15.5
15.6
9.8
27.1
10.4
20.8
8.1
10
9.2
22.5
29.1
16.1
30
26.8
15
8.9
13.9
15.4
17.3
10
39.6
17.4
23.9
22
28.8
8.4
30.4
69.4
13.8
8.3
14
19.2
18.8
8.5
10.8
64.9
46.9
33.9
16.9
18.4
10.1
24.6
40.3
92.9
19.1
11.1
59.4
25.1
17.4
70.2
59
31.9
29.4
12.5
8.8
63.5
131.2
13.7
8.8
39.7
13.5
128.8
67.7
19.8
59.1
38.7
59.6
29.6
35.3
45.3
36.9
16.6
28.5
23.6
67.5
15.4
53.2
25
45.3
13.7
18.3
29.6
9.7
23.7
9.3
17.8
12.1
59.1
31
12.4
8.1
25.3
9.4
65.8
63.6
39.2
101.2
14.5
33
20.7
23.7
30.8
18.3
9.3
10
13.5
53.7
29.9
19.1
33.7
9.1
10
11
63.5
19.5
35
9
19.5
40.1
11.4
38.7
13.8
40.1
29.9
26.7
8.4
35.4
39.8
33.2
16.8
28.1
41
11.6
14.6
18.4
13.7
35
32.6
17.7
48.9
9.4
10
23.2
9.1
23.9
13.3
8.7
24.9
8.7
8.8
54.4
12.8
44.1
12.4
17.3
19.7
29.8
21.5
8.9
12.2
14.6
37.5
21.9
20.4
34.8
14.8
8.8
12
32.5
16.2
40.9
18.2
16.6
20.2
54.6
40.4
16
16.3
38.2
22.4
9.4
15.3
30.9
17.7
27
35.5
48.8
12.4
12.1
20
45.7
27.4
37.5
17.3
20.9
14
9.8
23.7
14.9
33.2
9.2
13.9
35.2
49.2
9.7
16.2
14.8
9.4
36.6
18.2
35.8
29.4
40.4
18.2
11.5
55.7
64.2
10.5
47.2
18.3
14
8.4
67.1
54.9
113
28.5
35.3
13
13.6
9.2
14.6
42.1
24.8
39.3
51.1
36
15.5
14.4
19
40.4
84.5
20.3
8.1
20
18.9
52.8
14.9
26.9
18.3
10.9
22.9
22.2
10.9
35.1
55.8
15.9
40.5
8.2
17.6
44.9
37.8
8.8
41.5
14.2
152.1
64.1
15.2
39.7
16.9
75.6
20.5
11.6
21.5
8.7
19.8
9.2
20.6
26.8
25.4
52.1
51.1
33.6
18.1
17.3
8.8
22.2
37.2
8.8
99.8
13.4
18.4
34.9
13.7
12
75.3
17.9
34.4
19
14.9
11.9
17.2
12.9
15.2
18
23.5
49.3
41.2
11.5
13.8
11.4
15.1
19.6
90.8
98.6
10
8.4
10.8
8.7
10.7
15.5
60.8
39
35.9
22.6
16.4
26.4
18
10.3
41.1
8
35.4
66.3
74
56.1
8.9
19.1
10.5
8.5
69.5
50.1
21.5
139.4
17.6
139.6
37.4
48.6
23.8
81.9
8.9
67.6
12.6
20.2
29.5
31.9
18.9
12.9
36.4
96.8
12.7
12.4
13.1
9.4
21.5
19
19.6
24.2
8.2
39.5
62
9.1
24.1
33.8
20.3
13.6
11.2
22
19.2
12.4
13.9
29.9
13.9
28.7
48.1
68.4
21.4
26
11.4
80.3
43.3
21.1
44.4
14.5
11.3
31.5
19.3
12.6
22.6
99.6
48.4
9.5
21.7
10.5
36.4
21.1
8.4
16.2
10.4
15.3
23.1
11
20.1
8.7
91.3
31.5
9.5
20.3
17.6
35.4
11.1
20.2
22.7
41.9
17.4
55.4
45.6
20.5
34.2
11.5
12.3
12.7
9.5
34.4
29.6
21.8
22.2
20.9
14.2
42.3
31.3
10.7
13.7
47.3
13.5
29.9
32.3
16.2
23.5
20.6
8
12.7
10.2
8.1
40.1
58.4
8.6
13.7
18.5
52
12.6
10.8
10.8
13.4
48.2
35.1
15.1
11.5
8.2
49.9
13.1
11.1
17.4
17.2
11.4
34.2
15.5
15.1
36.8
31.9
19.6
11.5
38.3
26.4
54.4
31.6
36.3
49
18.3
8.7
27.8
25.5
23
20.6
19.6
28.4
24.6
24.6
37.9
29.5
9.5
27.3
39.3
20.1
27.5
11.6
9.9
13.5
8.5
28.3
16.4
15.9
38.8
16.4
34.5
26.1
42.3
8.4
9.9
14.4
17.1
16.7
8.1
22.1
34.4
33.6
26.7
10.9
10.4
34.1
12.5
20.7
11.5
9.2
24
41.7
67.2
38.4
24.8
26.1
19.2
36.2
35.5
18.7
8.5
32.7
14.8
72.7
16.3
8.2
8.6
9.1
58.2
8
42
13.9
22
19.6
17.6
17.3
21.6
7.5
8.3
26.8
30.2
21.6
27.5
22.6
12.8
12.4
7.4
19.7
21.6
36.1
39.1
18.1
16.2
14.4
8.1
35.9
7.2
8.8
9
62.1
24.6
7.9
32.1
13
11.2
41.5
22
30.2
7.1
28.8
16.9
26.6
14.6
43.6
10.2
14.1
12.4
14.8
14.3
26
26
23.9
38.4
11.4
12.4
26.4
12.3
17.4
59.6
15.2
33.5
45.3
9.4
8.1
11.8
19.1
26.3
8
32.3
20.3
52.7
7.3
63
35.5
9.1
9.5
7.6
120.1
33.3
18
31.4
13.2
10.4
35.4
16.9
26.6
64.6
13.5
36.7
102
14.4
25.8
18.6
8.1
10.9
14
8.7
14
7
10.3
7.6
13.3
41.7
7.6
10.8
36.2
11.6
46.9
19.4
12.6
7.3
13.4
54.5
10
15.8
20.5
43.2
42
7.2
35
10.9
64.9
8.8
30.2
9.4
10.2
19.6
13
21.5
24
13.9
14
8.9
17.5
24.4
11.1
10.3
13.5
9.8
25.5
22.4
40.6
14.3
16.7
11.9
7.7
17
17.4
15.7
17.8
12
23.2
7.5
16.4
7.7
31.2
7.5
31.4
15.8
8.9
7.2
19.3
10.2
30.7
12.8
16.6
28.2
8.4
10.5
7.1
77.2
55.4
12.1
7.1
14.9
14.3
37.5
34.6
11.5
7
28.6
58.3
11.1
19.6
40.5
21.4
45.7
41
50
10.2
34.4
17.5
19.1
8.5
7.5
7.5
35.7
7.8
10.7
26.9
15.6
50.4
118.1
16.1
10.8
7.8
31.5
7.2
20.7
10.8
45.4
23.7
19.5
23.2
27.4
29.6
28.8
10.9
16.4
14
9.2
25.3
13.5
30.5
14.1
70
22.4
7.1
32.1
8.5
37.5
10.7
15.2
30.8
64.4
41.8
9.7
38
45.5
13.8
9.5
9.9
11.7
29.4
22
19.9
53
50.7
33.2
51
68.8
19.4
13.3
92.3
23
22.6
9.4
45.7
8.1
27.7
8.5
71.4
11.4
81
7.5
9.4
7.3
10
60.6
70
14.6
7.1
93.7
31.3
7.2
25.3
37.3
15.7
18.9
22.5
33.2
13.1
14.6
43.7
54.4
10.3
56.5
10.2
7.6
26.3
11.9
53.6
16.9
7.5
7
40.2
27.6
11.3
10.2
41.1
7.3
20.7
28.5
17.4
11
28.3
37
17.5
8.3
33
40.8
13.4
9.8
7.2
12.2
41.5
23.9
36.4
7.1
79.9
18.4
11.3
32.9
7.5
7.1
56.8
7.2
8.6
12.3
15.6
8.2
7.6
40.7
7.9
8.2
8
7.1
22.5
18.5
14.7
12.1
19.8
34.3
9.7
18.7
38.7
13.5
11.6
7.3
63
11.5
7.7
38.2
12.4
24.7
16
7.2
33
15.9
12.4
59.9
22.5
31.5
78.6
8.2
27.9
15.9
16.6
81.4
23.5
20.9
25.5
66.2
24.5
11.5
7
16.9
13.9
12
14.2
7.6
31.5
18.8
34.5
57.7
34.8
55.1
26
19.6
8
11.3
13.1
30.9
37.6
34.5
7.3
15.7
14
26.5
96.3
51.7
28.5
25
239
31
40.3
11.1
13.3
10.5
11.5
30.3
31.6
25.7
10.7
40.7
8.1
58.8
8.5
7.1
39.8
7.7
45.1
8.4
78.3
16.5
81.9
8.7
23.6
44.8
35.9
15.1
10.4
7.4
23
24.6
30.4
7.6
7.8
20
38.5
18.7
8.9
18.9
25.4
31.5
32.2
10.1
9.9
16.6
10.5
7.1
80.3
7.9
33.8
35.4
21.9
7.1
41.2
8.4
15.5
11.3
7.1
34.6
16.3
16
14.3
16.7
12.7
18.4
7.1
30.2
65.1
20.8
16.9
38.4
27.2
9.2
15.7
8.6
18.2
22.5
14.6
15.1
11.4
9.8
9.6
10.3
15.2
7.2
14.3
10.7
11.3
26
109.8
44.8
12.8
18.1
29
18.6
7.1
12.5
15
10.9
17.5
7.3
8.2
45.5
48.6
13.1
17.4
12
21.6
7.4
21.6
22.3
28.8
47.1
33.8
22.4
10.9
16
25.5
7
95.3
67
16.2
37
17.8
80.5
34.3
10.7
111.8
24.2
9.9
79.6
28.6
14.7
11
21
7.3
29.2
41.8
7.6
16
8.3
43.8
24.1
21.9
11.3
11.4
14.4
12.1
9.3
17.7
12.4
12.3
30.8
9
18.6
10.6
12.3
7
12.4
20.5
19.6
8.8
7
8.4
18.7
7.2
7.8
10.2
8
10.4
9.3
9.1
8
23.2
10.3
65.6
17.9
22
32
11.4
43.1
15.9
7.1
7.2
7.4
14.4
12.2
14.2
52.5
39.1
15.4
7.6
40
31.9
10.8
7.3
8.5
7.3
7.1
24.1
68.1
55.3
8.8
34
48.4
30.5
12.4
25.5
45
38.3
31.4
12
9.4
7.2
24.3
12.6
11.7
23.3
33.5
22.4
8.4
18.7
41.4
8.7
9.3
16.6
42.1
8.2
179.8
36.6
31.8
27.1
34.8
18.8
7.8
14.2
7.7
13.1
9.8
15.6
16.5
9.9
19
18.7
7.2
8.6
8.3
11
18.5
49
14.2
36.2
11.8
23.9
9.1
18.1
31.8
12.2
19.2
35.5
32.9
21.5
7.3
7.1
16.2
10.7
11.9
13.3
7.8
52
10.9
8.2
7.5
13.4
7
9.6
46.7
7
12.5
8.3
8.7
13.5
11.2
10.3
9
19.9
18.5
20.2
7.9
26.5
7.7
7.1
11.7
27.4
7.5
7.4
28.2
42.9
15.2
8.7
9.3
26.1
7.4
7.5
8.5
72.6
15.8
8.3
7.1
8.9
24.7
9.6
22.3
7.3
43.1
10.2
7.7
16.9
7
48.4
7.5
26.7
13.6
7
17.2
7.1
42.8
25.5
7.3
11.5
8.1
82.8
29.9
9.2
8.5
30.8
15
18.3
33.8
45.4
7.3
7.4
13
9.5
7.7
57.5
12.8
13.7
7.9
59.8
7.7
17.3
21
12.1
7.3
10.4
7.3
26
47.9
15.1
16.3
7.2
8.5
117.1
15.9
25.1
23.2
8.4
17.3
16
19.2
44.8
39.3
10.2
23.5
28.2
23.1
104.6
30.4
13.9
7.6
8.7
7.1
7.3
41.3
40.6
7.2
11.5
16.8
8.9
25.6
18.3
43.8
15.5
8.5
23.9
7.2
38.5
37.2
21.1
36.9
28.7
7.4
11.2
8.2
17.9
15
8.9
8
18
17.4
7.3
8.5
9.4
21.4
35.8
7.9
39.7
11.3
82.2
30.3
7.3
11.8
12.3
28.5
12
14.8
14.2
49.9
7.3
53.1
17.4
18.4
110.6
36
10.8
7.2
16.8
51.7
10.9
11.9
8.9
47.3
46.2
7.2
11.3
22.9
17.1
43.2
70.9
37
74.3
28.3
14.7
37.4
12.7
7
8.7
8.6
7.2
20
10.5
7.7
7
41.4
14.2
9.5
36.8
26.3
10.3
27.3
12.4
13.7
25.2
7.1
11.7
11.7
28.7
17.8
11.1
71.8
24.4
17.4
16.2
25.9
8.8
75.8
19.4
10.4
31.8
34.4
38.2
10.1
43.5
7.4
14.2
26.1
38
23.1
13
8.6
7.5
46.5
24.7
26.6
7.5
16.4
15.6
9.4
106.7
23.3
29.6
29.7
43.1
54.7
32.4
52.6
23.4
8
100.5
42
7.4
32.1
54.7
28.6
19.7
14.7
7.7
17.1
33.3
28.2
7.4
15.1
10.2
34
15.5
26.5
25.9
8.7
27
19
28.5
7.6
7.8
7.6
12
10.6
7.3
16.6
13.5
7.6
7.1
14.4
18.5
19.6
21.8
22.9
61.4
16.2
35.6
7.5
12.2
20.3
8
8.7
8.2
21.8
20.6
8.1
7.2
14.1
15.8
7.7
10.3
13.3
14
7.5
21.8
37.8
10
7.1
10.5
12.8
27.9
17.5
56.5
14.3
11.3
48.1
29.9
18.2
7
46.1
15.7
7.3
85.5
62.8
11.6
7.4
9.7
10.3
27.7
9.9
7.1
37.3
70.4
12.2
30.5
10.3
10.4
10
37.8
12.5
17.9
14.9
18.9
7.8
31.1
7.3
10.8
36.2
13.8
30.5
56.1
18
26
7
11.7
44.4
21
8.4
22.9
15.9
22.7
13.5
8.2
41.9
7.2
7.2
8.5
7.3
11.1
37.2
12
18.4
14.8
11
18.4
42
59
43.2
7.6
7.9
7.7
12.5
16
25.5
19.3
7.6
40.1
9.2
16.8
15
17.9
8.6
22.3
30.1
20
10.1
14.7
58.9
9.6
7.3
28.8
11.8
51.3
16.8
58.1
7.1
23.8
32.6
9.3
17.1
17.3
7.2
15.4
43
29.3
13.9
51.1
9.7
53.5
42.3
27.2
8.2
8.4
7.3
16.7
14.9
19.8
11.8
20
7.4
21.3
30.6
26.4
8
21.2
58.8
34.4
43.8
31.4
29.2
9.2
22.9
40.8
21.3
20.3
17.3
18.9
49
68.9
34.7
24.2
19.8
36.9
10
17.1
34.8
12.9
111.7
48.1
10
25.9
81.4
13.6
8.3
48.7
13.2
8
9.2
22.5
28.3
55.1
17.7
27.5
7.8
12.1
7.2
19.2
14.8
8.1
8.6
22.3
20.3
15.9
10
67.8
32.5
14.4
22.6
40.4
18.7
7
77.3
13.1
7.8
10.2
48.2
7.2
24.6
25.9
13.3
21.9
7.7
48.8
80.5
40.6
66.1
10.2
7.1
21
60.6
26.4
42
17.1
8.9
51.5
12.7
8.3
22.7
13.1
22
55.6
71.1
16.3
10.2
37.7
32.3
58.2
19.5
9.2
23.4
40.5
18.3
23.2
11.4
27
30.9
10.8
24.8
22.5
7.7
18
7.1
60.6
22.7
54.5
60.6
22.9
7.6
23.5
13.8
18.2
20.5
50.2
27.3
11.4
8
9.1
45.9
18.7
20.3
25.5
10.7
7
24.8
7.7
16.3
8
12.4
7.7
16.7
25.5
28.8
9
7.4
14.1
8.8
14.8
8.5
33.8
55.8
17.3
27.6
48.1
19.6
8.1
7.6
13.3
22.5
54.3
9.2
23.3
17.9
49.1
29
40.7
47.6
16.2
24.3
11
25
7.2
15.7
20.4
11.3
19
15.1
72.3
23.7
13.2
8
85.3
27.1
10.9
13.7
37
7
7.6
13.5
14.3
22
67.8
37.7
7
13.8
20.5
17.3
10.7
27.4
29.8
7.6
11.9
41.9
45
18.7
15.2
7.4
30.6
24.7
24
22.1
7
29.7
55.4
36.5
16.8
71.2
40.7
7.8
22.7
7
37.8
9.3
23.3
11.8
19.1
7.3
39.2
7.1
42.1
8.4
50.2
19
8.1
9.6
17.1
9
14.1
80.8
14.1
7.2
9
14.1
16.4
48.2
7.5
34.5
9.4
11.7
50.1
22.7
36.7
16.6
9.2
9
9.6
30.3
9.8
13.7
8.6
9.1
13.9
12
7.6
11.7
29.4
50.9
11.5
24.8
20.2
11.3
13.9
11.7
30.5
14.2
69.1
15.8
12.2
7
8.5
10.7
21.4
9.7
8.7
18.2
29.5
7.3
8.3
22.2
8.6
7.5
7.9
24.7
14.9
12.2
17.6
14.6
48.8
20.4
7.1
23.5
34.4
9.7
9.5
8.6
45.8
7
11.2
45.2
7.4
11.4
7.5
51.7
15.9
8.5
37.6
8.3
12.4
21.6
24.1
14.5
18
8.3
29
15.7
32.6
14.2
21.6
37.8
16.7
13.2
27.2
38.9
20.9
11
13.1
15.4
17.4
34.3
26.3
15.8
7.7
55
17
17.4
9.9
26.6
15.5
20.6
22.9
9.9
8.1
78.5
19.1
35.5
42.5
8.6
37.1
25.7
8.1
9.7
34
39.6
9.3
8.7
49.4
61.9
13.3
9.3
85.5
42.3
13.1
8.8
7.6
7.6
12.5
21.8
13.8
9.7
11.4
9
28.6
32.5
49.1
16.9
7.1
7.3
109.8
41.8
50.8
45.9
19.3
33.2
35.7
18.9
23.8
17.9
10.9
7.6
7.3
10.2
9.5
10.6
10.4
205.1
36.7
35.1
75.5
17.3
30.7
7.8
18.5
15.5
14.7
12
19.9
23.2
8.7
17.3
12.2
39.6
7.4
31.3
31
21
7.4
7.1
26.5
14.3
15.2
8.5
25.9
36.9
12.1
8.1
7.6
24.9
10.7
37.7
22.9
8.1
11.5
20.6
16.6
23.4
26
7.6
74.8
25.7
9.1
71.4
34.6
21
9.4
30.7
32.8
22.9
20.5
22.1
20.6
10.2
33.5
7.6
31
17.3
18.7
17.8
34.7
11.4
49
18.5
8.4
26
8.1
8.6
31.1
22.5
23.2
28.9
15.2
20.6
25
53
25.7
36.4
41.3
18.6
31.3
7.1
8.5
24.6
11.8
25.5
10.4
22.9
15.2
13.2
14.8
16.9
9.9
16.7
12.4
27.5
13.9
11.2
12.7
31.5
36.6
8.2
42.2
28.4
8
18
57.6
20.3
24
9.6
23.3
7
19.8
25.9
10.6
8.3
18.4
125.2
19.7
42.6
18.6
10.3
34.4
8.4
10.6
11
21.6
9.3
50.1
7.4
26.1
19.3
9.1
10.6
16.7
28
20.6
22.1
11.2
44
14.2
38.7
13.1
34.4
14.4
24.7
12.7
14.2
13.8
53.7
8.5
15.4
26.9
7.6
24.3
11.3
37.8
15
20.1
7
14.1
56.4
14.3
8.5
25.6
41.8
8
31.8
8.8
19.3
11.7
7.3
9.3
17
54
11.8
40.4
15.7
62.1
9.3
9.2
8.4
9.3
11.9
8.1
64.7
10.2
7
10.4
8.2
121.7
10.1
14.7
11.5
7
29.6
13.1
8.3
24.6
7.9
61.6
53
48.1
27
11
18.9
47.3
17.7
59.1
17.9
70.5
69.6
17.5
20.5
7.5
41.8
14.7
29.1
23
56
7
57.2
14.8
15
7.2
18.5
12
11.4
128.6
26.8
20.8
38.8
10.6
17.1
9
54.1
35
14
7.5
26.7
12.2
24.2
105.9
17
67.3
20.2
10.8
23
48
12.9
16.8
44.1
53.2
13.7
9
12.3
22
22
10.4
27.4
10.9
11.8
32.1
10.7
7.7
165.2
19.7
7.1
33.7
9.6
33.5
12.2
24.5
28.8
23.7
37.6
30.2
19.2
23.7
12.7
30.4
25.5
31.6
51.6
34
24.1
25.4
7.2
33.4
16.9
58.4
9.9
7.6
9.1
20.5
9.4
9.6
13
17.2
7.5
13.6
13.4
18.9
16.9
15.8
51.2
16.5
19.5
47.2
45.4
13.9
7.8
20
8.6
18.6
11.2
51
25.4
8.6
9
9.1
38.3
11.2
26.6
38.3
46.5
14.1
47.4
36.4
34.3
12.6
31
26.9
102.1
14.8
19
32.4
7.4
17.7
8.1
19.7
64
8.4
7.4
50.4
12.9
13.2
9.1
7.2
12.5
14
52.1
9.1
7.8
7.5
14.3
7
13.5
98.4
14.9
22.9
31.4
32
14.6
14.9
18.4
12
21.9
18
32.4
9.3
13.9
22.7
12.6
17.2
16.1
11.4
13
7.4
68.5
29.7
31.5
20.4
19
27
41.6
9.9
14.8
9
87.4
45.8
19.6
8.5
12.8
18.2
14.7
9.3
7.9
67.4
26.3
18.1
15.6
8.8
34.4
8.5
12.5
51.5
54.6
14
22.4
9.9
30.4
15.4
40.2
28.4
11.8
15
27.4
45.1
9.6
12.1
19.2
23.5
12.9
43.8
69.8
42.4
7.6
53.6
11.3
67.6
37.4
13.1
30.9
48.1
65.2
7.6
7.1
29.3
19.5
10.9
40.3
10.7
8.8
12.4
44.6
39.4
17.9
7.7
24.6
8.3
16.2
65
12.4
56.9
58.6
66.7
7.6
9
10.5
37.7
10
7.2
30.9
7
7.9
18.9
54.1
8.2
7.3
8.2
26.6
8
9
21.8
11
23.8
9.8
28.9
7.5
7.6
19.7
9.3
10.9
31.1
13.5
8.4
15.2
23.6
8.9
30.2
23.8
27.5
13.5
8.2
8.3
7.3
73.8
7.7
128
7.4
11.7
32.1
12
8.1
42.7
8.1
31.4
8.5
39.4
29.5
19.9
8.4
15
15.7
7.3
14.3
14.5
7.2
24.6
9.3
13.1
8.3
19.2
32.6
23.5
34.4
12.6
11.3
14.8
11.6
21.6
17.8
31.6
12.6
21.7
35.3
20.1
25.8
16.8
8.2
12
20
27.5
7.3
19.8
10.4
11.2
22.7
82.5
7.7
10.3
38.7
10.6
23.3
10.2
7.3
13.4
11.4
13.9
18.9
15.8
11.9
21.8
35.6
7.1
17.6
10.7
25.8
7.8
36.5
15.3
9
14.8
10.2
17.9
35.4
10.1
14.2
11.2
30.5
16.6
13.8
37
44.3
14.1
20.7
7.1
56.4
37
42.5
16.1
19.5
35.8
11.9
20.7
26.8
7.6
13.3
73.9
7.3
7.3
7.5
7
7
27.7
7.5
54.4
69
16.3
36.6
39.6
18.9
19.2
26.6
20.5
21.3
21.6
9.1
7.5
20.8
10.7
39.9
8.1
8.8
33
8.4
14.9
7.9
20.9
7.7
37.6
14.9
33
30.9
37.2
8.5
48.2
12.9
32.4
37.8
17
12.6
8.9
57.2
42.8
7.2
8.1
7.5
18.2
15.4
10.7
8
11.6
55.9
82.8
17.9
19
8.4
8.7
16
23.4
13.5
28.3
43.1
26.4
45.1
29.4
39.8
48.9
25.2
14.5
13.9
27
17.9
14.6
33.5
19.5
17.1
15.4
19.2
13.8
10.4
47.1
28.9
23.1
15.3
16.7
20.9
14.4
14.5
13.1
10.7
9.8
50.8
56.7
8.7
7.6
30.5
46
39.3
14.8
14.2
40.7
9.7
12.3
17.2
17.7
16.5
9.6
10.7
7.4
7.3
7
72
10.9
7.3
23.8
9.2
15.2
27.4
29.3
60.7
12.8
10
11.4
8.2
13
16.1
12.8
67.9
10.3
25.5
11.1
8.3
31.6
7.4
8.1
16.9
19.9
8.3
22.5
8.1
20.2
8.3
8.7
7.7
9.8
7.8
14.7
7.9
24.7
35.1
21.6
61.7
27.8
20.9
42.9
28.8
19.7
47.7
9.2
21.1
22.3
11.9
21.5
7.5
24.1
37.7
41.2
8.1
28.2
7.4
28.9
24.5
9.3
57.8
10
16.3
9.6
19.7
45.1
16.2
16.3
44.5
8.8
10.8
17.9
35.4
16.6
17.2
10.4
138.1
10.1
42.3
40
7.6
18.7
45.7
13.9
20.8
13.7
14.5
80.1
19.8
23
11.2
39.8
26.2
81.7
23.3
32.9
27.2
32.2
11.1
20.6
36.3
9.9
7.2
11.8
10.2
18.9
9.8
16.4
13
20.9
8.6
10.3
22.9
24.6
36
68.1
7.6
8.3
7.9
34.6
16.2
47.2
17.1
10.6
12.4
25.5
73.6
24.9
16.8
10.1
15.3
10.4
23.2
12.6
7.4
7.7
14.2
13.7
21.7
18.6
27.6
28.9
23
42.7
11.9
7.2
11.2
29.8
30.9
32.1
19
15.5
67.3
7.4
15.3
11
11.9
49
49.3
7.7
17.1
49.1
23.2
32.8
13.8
36.3
11.2
20.6
22.7
8.8
26.4
7.6
23.7
16.9
24.8
7.8
8.5
31.7
34
7.2
12.5
8.1
21.5
52.8
16.9
58.8
28.3
7.7
18.9
16.9
18.3
25
15.6
25.4
48.7
8.1
29.5
28.6
9.2
11.5
6.4
10.4
13.8
6.2
6.4
10.2
12.4
17.9
27.8
6.8
18.6
7.8
8.5
24.1
13.5
10.7
17.6
6.9
6.6
6.1
16.7
22.9
6
56.5
7.7
6.7
6
6.6
15.4
6
6.3
12.9
7.2
6.3
6.6
14.3
20.1
12.6
9.1
8
6.5
14.9
30.9
11.6
33.6
6.3
6.7
74.6
6.1
19.3
8.2
16.6
6.9
10.6
6.1
12.7
7.6
7.6
19.4
8.2
69.1
194.4
10.4
46.4
8.9
21.4
7
26.2
84.7
6.8
6.5
6.7
11.9
7.3
8.7
7
6.4
26.9
7
7.5
6.5
10.9
8.6
12.8
46.8
67.2
44.9
11.8
7.5
41.8
6.3
25.3
8.5
60.2
42.4
6
18.7
7.9
30
20
8.1
6
9.4
11.3
7.3
20.5
8.5
10.5
6.1
8.1
6
11.3
7.1
20.2
9.9
7.4
10.4
15
18.8
13.4
6.6
16.9
35.3
16.7
5
21.8
5.1
11.6
6
5.4
15.4
49.1
5.8
5.1
5.1
24
10.1
6.1
10.6
5.3
6.9
5
6.1
18.7
6.7
5.7
5.5
9.8
16.8
5
40
5.1
10
6.4
6.5
5
5
9.7
34.4
5
5.1
5.5
5
9.2
5.7
12.4
20.8
8.7
6
5
26.7
5.1
5
6.3
5.4
17.9
30.3
6
5
65.5
5
5
5
14.7
14.5
14.7
7.8
6.1
5
6.1
5
18.6
54.5
5
74.9
17.3
5
5.7
5
7.7
11.4
5.2
5
5.3
5
20.5
5
5
6.2
5
5.8
5
7.6
29.5
5.9
5.1
22.6
41.4
10.9
11.5
37.9
17.2
5
5.5
21.7
53.9
5.4
5.2
12
5
5.1
92.3
5
5
5.7
6
25.2
36.6
5.7
20.5
5.1
5
34.7
5.1
42.8
5
6.2
5
22.5
5
8.2
29.9
5
5
6.6
5
16.3
5.2
5
5.8
5.7
5
28.2
5
34.3
5
8.9
5.4
10.1
7
10.4
23.5
11.7
5
29.4
44.1
16.9
5.6
5.6
6.5
7
5.1
5.5
5.8
9
5.1
12.1
39.5
5.9
5.9
5
11.3
47.5
5.2
5
5
22.5
18.3
11.2
5.1
17
5
5
5.2
5
5
5
5.5
9.8
55.4
22.6
14.6
5.8
5.6
5.6
5
28.3
9.8
11.8
5.3
34.9
5.6
25.2
10.6
5.8
5.2
5
8.4
5.5
5.2
15.4
9.6
5
5
5.2
5.1
5
14.1
7.2
5
10.7
30
5.4
5.2
5
5.3
24.8
5.3
5.2
5.2
5.2
5.4
5.4
6.3
5.5
13.6
5.1
5
5.1
12.5
32.9
5
5.4
7.3
15.2
5
12
7.3
13.6
15.3
5
16.1
6.3
11.2
51.4
6
5
5.7
5.5
6.9
5
5.5
5
5
5
5.3
6.3
5.2
5.7
46.8
5.2
5
5
88.4
19.3
5.2
5
5
20.1
5
14.8
15.1
5
10.7
26.8
5
6.9
5.5
11.8
8.8
5.2
5.1
5.1
61.4
5
16.7
7.3
31.7
36.5
9.1
24.8
52.8
24.1
10.8
5.8
5.6
5.6
14.5
19.4
5
5
5
5.1
6
65.2
35.7
5.7
5
14.9
22.5
5.5
5
11.8
5
6.9
5.2
12.9
5.6
5.5
25.8
85.9
5
23.1
25.4
5
24.3
47.8
5
44.1
9.3
9.7
8.6
5.7
5
7.3
28.7
5.1
5.3
34.2
5.2
5
33
5.6
8.3
13.4
5.6
28
12.7
5.4
49.1
14.9
5
5.5
5
5.5
5.6
5.2
9.2
5.2
8.3
9.9
50.4
23
5
5.1
13.4
14.2
8
7.8
8.3
20.5
5
6.5
32.5
12.5
35.4
5
33.3
5
22.1
9.5
5.6
9
6.7
48.4
12
6.2
5
18.2
5
5
6.7
30.6
92.5
5.1
5
5
5.5
5.2
12.8
11.9
32.8
5
5
5
6.7
12.9
9.5
10.3
17.4
5.9
5
19.3
5.5
5.6
5.1
5.2
5
50.7
28
37.7
5.2
46.8
5
11.2
49.3
5
9.5
67.3
13.3
5
5
5
5
6.8
5
5
7.6
5
5
30.2
5.4
5
5.8
5.6
5.1
43
5
6.7
5
5.9
6.2
73
5.3
6.5
46.1
63.1
5
5.2
5
5.9
5
9.9
8.1
33.1
5.4
5
20.3
8.9
5.4
9.1
13.2
5.7
9.7
5.2
9.3
5
7.3
5
8
22.6
5
5.8
28.2
5
7
21.5
5
8.6
5.6
5
5.2
7.2
6.3
31.8
6
14.1
34.4
24.6
5.3
5.5
16.1
5.9
7.3
19.1
19.9
5
5
39.1
47.6
5.1
15.3
19.6
5
15
5
7.3
5
5
5
5
5
5
5.8
20.7
10.3
5.1
44.6
18.1
5
5.3
10.7
8.9
5.3
5
28.6
5.3
7.3
16.5
5.3
46.7
21.5
45.7
36.9
5
5.8
33.1
6.1
12.9
5.2
12.2
33.9
28
6
32.8
6.5
5.4
5.5
5.4
7
35.8
5.1
5
5
30.8
5
5
5.3
5
37.5
7.5
5.7
7.8
5.9
5
31.8
5
5
5.8
5
6.9
5
16.8
5
15.4
5
68.6
16.4
17.8
6
6.4
20.9
40.9
5
6.4
6.3
67.6
5.8
5.1
5
8.3
5.3
6.5
31.8
5.2
5
5.1
6.3
10
5.5
18.3
5.2
5
5.1
5
6.1
12.4
5
5.3
5
5
5
27.2
5.2
24.7
32.6
5
10.1
5.1
5
5.9
15.7
5
5
5
6.4
11
49
5
27.2
5.5
15.7
5
5.4
5.4
5
5
11.9
9.7
5.3
5
5.7
5
46.8
18.1
6.3
5.6
7.2
5
6.6
5.6
5.5
5.7
5
16.3
5.2
27.1
9.4
43.2
5
5.9
43.2
5.7
21.8
5
5
65.8
5
6.6
5.3
9.8
29.7
5
5.2
21.9
30.4
5.2
5
5.1
6.1
50.7
5
20.1
13.1
5.9
5.1
5
42.2
5.4
6.4
17.8
5
5
6.3
5.1
33.2
5.3
5
5.2
5
63.4
5
22.1
11.9
10.6
30.9
35.8
5.8
5.6
6.5
5.3
12.9
5
22
70.1
5
13.4
19.8
5.7
25.1
6.3
5
5.7
17
5.1
9.2
9.4
5.1
5.2
22.2
8.3
46.4
5
5
15.7
6.1
5.9
5
28.1
6.8
25.3
14
7.8
5.1
5
33.9
18.5
5
5
6.7
5
10.9
16.5
5.5
5.7
5.7
9.2
5
7.4
5.2
35.4
5.2
30
20.8
74.9
5
6
5.1
13
5
5.1
5
6.8
12.4
5.1
5.1
5.8
7.8
62
8.7
5.3
47.6
14.2
5.7
5
5.7
13.4
5
6
5
10.8
16.7
10.2
13.5
5
37
5
5
18.1
8
5
5
5.1
5
67.8
5.3
5.3
31.5
5
5.1
5.3
8.2
9.6
5
5.1
5
105.9
5
6.8
11.7
5
5
5.3
5
5
13.8
8.1
5.3
5.7
5.5
11.2
5
20.5
5
5.2
38.9
5.1
5.2
5.1
5.3
5.4
5.8
11.8
5.2
12.8
7.8
52.7
7.3
8.2
5
5
6.6
5.2
10
15.5
5
5
36.5
5.2
6.1
13.2
5.8
6.2
44
5
5
5.2
5
5.3
5
20.2
33.7
5.9
5.6
5.2
5
7.7
19.4
24.4
31
41.1
5.2
5
7.8
5.8
16.3
5
5.1
5.2
20
12
5.6
5.2
5.9
5.7
5
28.1
11.4
5.3
5
5.1
20.2
9.2
52
8.7
8
9.7
17.4
5.3
22
5
7.4
5
5.1
13.3
5.3
5
5.3
5.4
5.5
5
15.8
21.4
11.7
7
41.4
6.6
5
5.3
5.4
25.9
5.9
71.4
6.3
21.8
13.5
24.9
5
5
11.3
5.5
27.6
6.2
6.7
6.2
9.3
29.8
5.1
5.3
29.1
5.6
5
17.9
5
5
5.7
5.3
15.2
40.2
23.3
5.3
5.1
5.4
5
25.7
7.6
59.8
5.1
6.4
17.3
12.3
5
5.2
5.3
16.7
35.7
59.1
5
5
14.1
5.2
25.3
14.8
5.2
5.2
5.1
5
16.7
5.3
13.8
5.2
17.9
10.7
7.5
13.7
6.1
5.2
5.8
5.8
31.4
11.6
8.6
14.2
10.4
5.5
6.4
7.7
62.8
5
26.6
6.5
5
5
10.1
5.7
5.6
35.9
42.4
30.3
5.9
31.3
5.6
15.4
5.1
5.5
9.6
5
8.5
5.4
45.8
5.3
9.5
5
6
27.9
5.1
6.1
22.4
38.2
25.9
6
5.5
5.9
5
5.9
5
5.7
22.4
16.3
5
5
8.9
5.1
5
5.1
7.8
5
14.3
9.4
5.2
22.1
9.2
5
7.4
5.7
5.1
7
5.4
5.5
5
5
6.1
5
5
9.8
5
13.2
33.2
6.4
5.1
5.3
5
5
5
5.4
6.3
5
5.1
10.8
5
5
5
13.3
78.5
7.1
12.1
5
18
12.8
5.5
5.2
5
5.3
5
5
6.4
5
5.2
5.1
5.1
7
5.2
5.2
5
28.4
10.7
5.1
5
5
5.9
12.9
35.2
5
7.3
5
9.1
7.4
5
29
5.6
13.1
8.2
12.4
5
14.5
5.6
5
24.7
5.7
124.5
5.2
55.7
5.4
5.3
14.1
43.6
17.4
13.9
5
5
5
18.7
47.3
5.7
23.6
6.4
11.5
20.1
16
14.6
15.3
6
6.6
5
5.1
23.8
8.2
91
39.9
9.5
17.1
5
33.6
51.6
6.8
11.2
28
10.6
5
5
6.1
8.1
15.7
5.1
5.5
102.8
6
13
24.5
5
5
38.2
5.5
5
5.1
27.1
6
7.8
14.9
79.4
5.2
8.5
5
5.3
51.9
5.2
26.3
5
5
97.4
5.4
5.1
5
5.1
48.2
28
40.2
5
13
5
5.3
5.6
20.7
5
8.5
5.2
35.3
13.1
6.1
5
5.5
10.7
6.8
5.6
5
5
11.6
5
6
5.4
5
19.4
5.2
5.7
20.6
6
5.8
6.8
5
5
12.5
5
9.2
5
5
9.5
5.9
5
28.8
8
5.3
5
5.1
5.4
33.4
12.5
10.4
6
5.1
7.3
20.9
5
5
7.1
5.1
14.5
12.4
10.5
7.7
7.3
26.7
72.6
6
13.5
53
7.3
39.2
5
6.4
45
5.1
12.2
5
35.2
5
5.4
7.2
31.1
5.5
5
7.4
19.9
5
5.3
5.1
5
12.4
17.5
9.2
35.1
5
17.5
7
5
5.2
11.4
23.1
15.7
6
102.9
5
6.1
84.9
13.5
21.3
5
22.9
5
5.1
20.5
9.3
5
5.1
5
9.7
5
11
5
6
5.2
5
5
5
5
5.3
5.1
5
10.2
6.3
5.3
5
11.7
5.5
9.4
6.2
21.3
31.6
5.3
5
37.9
10.3
7.9
5.4
5
9.9
5
5.1
5
6.9
39.6
27.6
19.3
5.6
13.8
8.1
30.6
5
48.5
27
31.5
50.8
22.4
9.5
5.1
11
49.4
109.7
5.2
8
5.2
5
5
5
45
5.7
7.4
14.6
5
6.1
6.5
6.2
5
20.4
5.6
8.1
5.3
13.2
31.9
5.1
5.6
13.7
5.8
5
10.3
39.6
5
5
5.3
5
13
45.7
19.7
24.6
5
5.3
17.3
7.9
5.4
41.8
5
54.6
36.7
5
5
5
19.1
37.2
5
6.7
5.1
9.4
5.1
28.2
5.1
5.1
5.1
10.1
5.1
5.2
5.4
6.4
5.2
7.8
5
7.6
9.2
5
12.5
5
5.1
6.8
5
5
5
36.9
5.8
5
69.5
5
65.3
5
26.3
6.1
5.3
5.7
6.2
5.9
8.3
5.3
5.3
20.7
5
5
5.4
5
5
5.7
5
23.5
45.7
9.5
5
5
5
10.9
26.8
23.2
5
15.7
51.1
7.3
5.1
5.5
19.7
5.1
6.1
5
5
5.1
5
85.1
5
5
14.6
5.2
5.1
5.8
5.2
5.9
5
13.1
5
5.2
23.6
5
5.5
5.5
21.8
13.9
6.7
5.1
9.3
5
6
14.4
5
5.7
33.3
5.4
32.6
37.4
12
5.4
5.6
5.3
6.2
5
17.6
8
5
5.1
16.1
5
5.7
6.1
13
5.1
5.2
5
5
5
6.1
48.3
27
8.8
5.1
9.6
13.5
5.2
33.8
5
5.4
50.1
57.5
5.4
7.5
21.9
8.3
5.1
88.8
33.8
6.4
17
5
16.8
5
10.7
5
5.9
18.8
5
64
14.8
5.3
5
5
5
5
5.3
5.4
6.1
38.5
29.4
12.8
35
5
6.3
6.9
19.5
28.1
5
5.1
5.2
8.6
12.1
6.2
5.4
5
5.8
6.6
5
30.6
5.5
37.5
33.7
5.2
27.1
15.6
28.9
5.7
16.3
5.2
5
9.2
56.1
21
37.5
5.2
5
10.1
5
12.5
15.5
18.7
5
54.1
36.4
28.3
5
39.4
48.7
5.9
7.3
5
27.1
9.4
9.1
5.8
5.5
5.4
28.3
5.1
5
15.7
8.6
17.7
5
18.2
5
5.4
5.4
15.7
31.3
5.2
6.9
6.1
8.6
15.2
5
5
14.4
9.8
21.4
12.8
6.2
5.1
5.2
20.5
42.3
5.2
5.4
47.1
38.3
7.2
5
40.8
5
5
20.5
6
5.1
11.3
5.6
5
5
7.1
17.2
18.6
22
5.9
5
5.5
5
39
48.9
12.2
12.4
5.3
5.4
7.7
60
12.7
7.9
5.7
25.2
5
25.7
21.5
49.2
5.3
11.1
5.8
5.1
6.8
16.7
5.5
5.2
5
21
5.5
40.7
5.3
5
29.2
11.7
48.2
20.4
5.6
5
5
23.6
10
15.1
7
8.7
28.5
5
5
56.4
13.3
5.9
7
19
35.7
7.9
18.2
5.2
5
5.4
5.1
5.2
5
5
5
5
5
5
12.7
37.7
9
5.6
5
16.1
5
5.5
6.3
16.8
7.1
5.9
5
45.7
5
5
53.8
5.1
6.1
5.2
5.1
5.2
5.1
51.2
7.7
5.1
6.7
69.1
16.9
5
5
5.1
22.5
19.4
5
15.6
18.4
5.1
6.8
7.1
21.3
11.1
5
27.8
5
5
6.8
5
23.5
40
5
24.4
35.5
6.8
20
57.4
5
39.5
5
10.4
5
10.6
5
5.2
6.3
20.1
5
5.8
6
5
5.7
66.1
5.2
5.1
14.6
48.2
7.8
38
6.9
20.3
6.6
9.9
37.3
10.8
10.9
5.4
18.2
5
5.1
5.1
42.7
5
18.9
5
18.3
20.5
8
73.5
5.1
5.1
17.1
5
62.8
10.4
6.1
5.5
34
8.1
5.5
26.2
6.8
30.9
15.3
7.9
5.5
5.5
63
16.3
10.9
13.6
7.9
16.6
5
42.8
7.6
5
105.4
19.7
6.9
5
20.6
9.1
5
10.9
8.8
5.4
28.1
5.3
19.7
5.1
12.7
5
20.4
5.2
43.7
10.3
5
8.3
6.8
49.8
5
91.4
20.5
5.3
8.9
5.3
5
5
5
5
25.6
13.4
38.5
5
13.3
5
5.1
19.4
6.3
11.5
6
14.4
5
6.3
11.2
11.8
5
5
8.6
5
5
22.9
5
5
5
5
5.3
5.1
17.4
10.7
9.4
68.2
7.3
5.4
5
51.8
11.6
35
50.5
16.2
5.9
8.1
9
28.7
47.3
34
5
26.2
32.5
22.8
5
13.2
6
7.2
5.1
5
10
5.3
28
6.6
5
5.3
6.3
5
5
5.3
5.7
8.9
5
5.1
5
5
5
41.4
6.4
5
